snapshot_date,downloaded_at,price_update_ts,station_id,station_fuel_id,station_name,brand,fuel_type,fuel_type_label,station_type,price_eur,municipality,district,address,locality,postcode,latitude,longitude,station_name_norm,brand_norm,address_norm,price_raw,source_file,row_hash
2026-05-15,2026-05-15 14:31:32,2024-08-05 07:00:00,1f863339d3f6a3f0,1f863339d3f6a3f0_gasoline_98,BP Cabaços JMGracio,BP,gasoline_98,Gasolina especial 98,Outro,2.029,Alvaiázere,Leiria,R. Conselheiro José Eduardo Simões,Cabaços,3250-359,39.80565,-8.34787,bp cabaços jmgracio,bp,r. conselheiro josé eduardo simões,"2,029 €",2026-05-15_dgeg_postos_raw.csv,e0cbbf129e036029
2026-05-15,2026-05-15 14:31:32,2024-09-01 00:00:00,e117592ca7f2ac3b,e117592ca7f2ac3b_gasoline_98,CEPSA S. Teotónio,CEPSA,gasoline_98,Gasolina especial 98,Outro,1.939,Odemira,Beja,"Loteamento Industrial da Bemposta, Lote 7",S. Teotónio,7630-614,37.50998,-8.71566,cepsa s. teotónio,cepsa,"loteamento industrial da bemposta, lote 7","1,939 €",2026-05-15_dgeg_postos_raw.csv,9b9dd073cc003ddc
2026-05-15,2026-05-15 14:31:32,2025-01-06 07:40:00,c71756a656b513ac,c71756a656b513ac_gasoline_98,GABARITO PRINCIPAL LDA,SHELL,gasoline_98,Gasolina especial 98,Outro,1.999,Mogadouro,Bragança,AVENIDA DO SABOR,Mogadouro,5200-204,41.345251,-6.705865,gabarito principal lda,shell,avenida do sabor,"1,999 €",2026-05-15_dgeg_postos_raw.csv,cb2621a432a14466
2026-05-15,2026-05-15 14:31:32,2025-02-03 00:00:00,e0b4d350a0ea8d44,e0b4d350a0ea8d44_gasoline_98,Vila Franca das Naves,CEPSA,gasoline_98,Gasolina especial 98,Outro,1.983,Trancoso,Guarda,EN 226,Vila Franca das Naves,6420-708,40.725425,-7.264571,vila franca das naves,cepsa,en 226,"1,983 €",2026-05-15_dgeg_postos_raw.csv,e41d9e4c00dc04bb
2026-05-15,2026-05-15 14:31:32,2025-02-10 00:00:00,678038b7cd1d7534,678038b7cd1d7534_gasoline_98,ALFENA,BP,gasoline_98,Gasolina especial 98,Outro,2.099,Valongo,Porto,Rua 1º de Maio nº 1770,Alfena,4445-245,41.241066,-8.525901,alfena,bp,rua 1º de maio nº 1770,"2,099 €",2026-05-15_dgeg_postos_raw.csv,ce30d09245c47e06
2026-05-15,2026-05-15 14:31:32,2025-02-10 00:00:00,a35c1dd57d9d27bf,a35c1dd57d9d27bf_gasoline_98,BP ARRIFANA,BP,gasoline_98,Gasolina especial 98,Outro,2.099,Santa Maria da Feira,Aveiro,"Rua Terras de Santa Maria\r\n(Antiga Estrada Nacional nº1 - km 276,065)\r\nApartado 1077",Arrifana,3700-908,40.91849,-8.49898,bp arrifana,bp,"rua terras de santa maria\r\n(antiga estrada nacional nº1 - km 276,065)\r\napartado 1077","2,099 €",2026-05-15_dgeg_postos_raw.csv,ae5c1857ff9313b7
2026-05-15,2026-05-15 14:31:32,2025-02-10 00:00:00,69dbb216aba7d8f6,69dbb216aba7d8f6_gasoline_98,ALFABRENT Santo Tirso Fontiscos,BP,gasoline_98,Gasolina especial 98,Outro,2.099,Santo Tirso,Porto,"Rua dos Fontiscos, nr.º 693",Santo Tirso,4780-470,41.3406,-8.49337,alfabrent santo tirso fontiscos,bp,"rua dos fontiscos, nr.º 693","2,099 €",2026-05-15_dgeg_postos_raw.csv,1d671f2bcfa93645
2026-05-15,2026-05-15 14:31:32,2025-02-10 00:00:00,c078636bd38539a5,c078636bd38539a5_gasoline_98,ALFABRENT Guimarães Silvares,BP,gasoline_98,Gasolina especial 98,Outro,2.099,Guimarães,Braga,R. 25 Abril - Lugar de Carvalhais,Silvares,4835-400,41.442571,-8.333676,alfabrent guimarães silvares,bp,r. 25 abril - lugar de carvalhais,"2,099 €",2026-05-15_dgeg_postos_raw.csv,eb649a9ff84adc7a
2026-05-15,2026-05-15 14:31:32,2025-02-10 00:00:00,cd2266637faa4050,cd2266637faa4050_gasoline_98,A4 - Vila Real Sul (Lamares),BP,gasoline_98,Gasolina especial 98,Auto-estrada,2.109,Vila Real,Vila Real,"A4, Km 101.45, Lote 2, Lado Sul",Lamares,5000-131,41.3236,-7.64111,a4 - vila real sul (lamares),bp,"a4, km 101.45, lote 2, lado sul","2,109 €",2026-05-15_dgeg_postos_raw.csv,788cc269ba39fe4d
2026-05-15,2026-05-15 14:31:32,2025-02-10 00:00:00,6f59c5c9705c8a49,6f59c5c9705c8a49_gasoline_98,A4 - Vila Real Norte (Lamares),BP,gasoline_98,Gasolina especial 98,Auto-estrada,2.109,Vila Real,Vila Real,"A4, Km 101.450, Lote 2, Lado Norte",Lamares,5000-131,41.32436,-7.64109,a4 - vila real norte (lamares),bp,"a4, km 101.450, lote 2, lado norte","2,109 €",2026-05-15_dgeg_postos_raw.csv,693703d9dc537e35
2026-05-15,2026-05-15 14:31:32,2025-02-10 00:00:00,2b2e3cb9c013344e,2b2e3cb9c013344e_gasoline_98,BP EN 125 (SUL),BP,gasoline_98,Gasolina especial 98,Outro,2.099,Faro,Faro,EN 125,Faro - Pontes de Marchil,8000-000,37.029915,-7.947817,bp en 125 (sul),bp,en 125,"2,099 €",2026-05-15_dgeg_postos_raw.csv,7f4bccf28a101489
2026-05-15,2026-05-15 14:31:32,2025-02-10 00:00:00,785ce662203a7850,785ce662203a7850_gasoline_98,BP EN 125 (NORTE),BP,gasoline_98,Gasolina especial 98,Outro,2.099,Faro,Faro,EN 125,Faro - Pontes de Marchil,8000-000,37.030249,-7.947455,bp en 125 (norte),bp,en 125,"2,099 €",2026-05-15_dgeg_postos_raw.csv,16a2abe15efeb94c
2026-05-15,2026-05-15 14:31:32,2025-02-10 00:05:00,b419522579bb16eb,b419522579bb16eb_gasoline_98,BP Lisboa - Duarte Pacheco,BP,gasoline_98,Gasolina especial 98,Outro,2.099,Lisboa,Lisboa,Av. Duarte Pacheco (Cascais/Lisboa),Lisboa,1070-113,38.722694,-9.167921,bp lisboa - duarte pacheco,bp,av. duarte pacheco (cascais/lisboa),"2,099 €",2026-05-15_dgeg_postos_raw.csv,690ae7bd3bfe70fd
2026-05-15,2026-05-15 14:31:32,2025-02-10 00:05:00,e0f5948455251813,e0f5948455251813_gasoline_98,VILAR DO PINHEIRO,CEPSA,gasoline_98,Gasolina especial 98,Outro,1.978,Vila do Conde,Porto,E.N. 13 - Lugar da Igreja - Vilar Pinheiro\r\n,Vila do Conde,4485-860,41.27038709,-8.67019644,vilar do pinheiro,cepsa,e.n. 13 - lugar da igreja - vilar pinheiro\r\n,"1,978 €",2026-05-15_dgeg_postos_raw.csv,c55e96f4ad634493
2026-05-15,2026-05-15 14:31:32,2025-02-10 00:05:00,764e99aed19dca86,764e99aed19dca86_gasoline_98,BP IC 20 Almada - (Via Rápida Sul),BP,gasoline_98,Gasolina especial 98,Outro,2.099,Almada,Setúbal,Via Rápida da Costa da Caparica - Casquilho,Almada,2800-000,38.66393,-9.179462,bp ic 20 almada - (via rápida sul),bp,via rápida da costa da caparica - casquilho,"2,099 €",2026-05-15_dgeg_postos_raw.csv,972339f2d3c88701
2026-05-15,2026-05-15 14:31:32,2025-02-10 00:05:00,7c80298933b84d7e,7c80298933b84d7e_gasoline_98,BP Cacém - IC19,BP,gasoline_98,Gasolina especial 98,Outro,2.099,Sintra,Lisboa,IC 19 (EN 249) Estrada Sintra-Lisboa - São Marcos,Agualva-Cacém,2735-000,38.761864,-9.296572,bp cacém - ic19,bp,ic 19 (en 249) estrada sintra-lisboa - são marcos,"2,099 €",2026-05-15_dgeg_postos_raw.csv,ee71727b6eebb706
2026-05-15,2026-05-15 14:31:32,2025-02-10 00:05:00,afe7d5593c1f9c3e,afe7d5593c1f9c3e_gasoline_98,BP AEROPORTO,BP,gasoline_98,Gasolina especial 98,Outro,2.099,Lisboa,Lisboa,Nova Rotunda Aeroporto de Lisboa - Av. de Berlim,Lisboa,1700-067,38.76924,-9.125385,bp aeroporto,bp,nova rotunda aeroporto de lisboa - av. de berlim,"2,099 €",2026-05-15_dgeg_postos_raw.csv,192497149c133e8b
2026-05-15,2026-05-15 14:31:32,2025-02-10 00:05:00,27ea921381db632f,27ea921381db632f_gasoline_98,BP - Pero Pinheiro,BP,gasoline_98,Gasolina especial 98,Outro,2.099,Sintra,Lisboa,"Av. 19 de Maio, 22",Pero Pinheiro,2715-001,38.852646,-9.326478,bp - pero pinheiro,bp,"av. 19 de maio, 22","2,099 €",2026-05-15_dgeg_postos_raw.csv,1b82193b18d31ce3
2026-05-15,2026-05-15 14:31:32,2025-02-10 00:05:00,0ba5fbb9aabc5514,0ba5fbb9aabc5514_gasoline_98,BP Ramalhão,BP,gasoline_98,Gasolina especial 98,Outro,2.099,Sintra,Lisboa,Av. Conde de Sucena - Ramalhão,Carrascal,2710-153,38.788647,-9.373986,bp ramalhão,bp,av. conde de sucena - ramalhão,"2,099 €",2026-05-15_dgeg_postos_raw.csv,4271a28760f3d9c1
2026-05-15,2026-05-15 14:31:32,2025-02-10 00:05:00,c1d28de46a6f9b9b,c1d28de46a6f9b9b_gasoline_98,BP Santarém - Variante,BP,gasoline_98,Gasolina especial 98,Outro,2.099,Santarém,Santarém,Circular Urbana D. Luís I,Santarém,2005-353,39.257336,-8.701146,bp santarém - variante,bp,circular urbana d. luís i,"2,099 €",2026-05-15_dgeg_postos_raw.csv,2b25a721e21820a0
2026-05-15,2026-05-15 14:31:32,2025-02-10 00:05:00,04a55c29bc45d012,04a55c29bc45d012_gasoline_98,MATOSINHOS - CUSTOIAS,BP,gasoline_98,Gasolina especial 98,Outro,2.099,Matosinhos,Porto,Rua CÃ¢ndido dos Reis 2114,Custóias Matosinhos,4460-702,41.201341,-8.646451,matosinhos - custoias,bp,rua cã¢ndido dos reis 2114,"2,099 €",2026-05-15_dgeg_postos_raw.csv,f000bb776f0c9d1e
2026-05-15,2026-05-15 14:31:32,2025-02-10 07:00:00,f2657b96cf805012,f2657b96cf805012_gasoline_98,Posto Abastecimento BP - Torres Novas,BP,gasoline_98,Gasolina especial 98,Outro,2.099,Torres Novas,Santarém,Avenida Andrade Corvo,Torres Novas,2350-463,39.471306,-8.542961,posto abastecimento bp - torres novas,bp,avenida andrade corvo,"2,099 €",2026-05-15_dgeg_postos_raw.csv,369570f1399e7618
2026-05-15,2026-05-15 14:31:32,2025-02-10 09:00:00,4a2e98f999f58ae4,4a2e98f999f58ae4_gasoline_98,P. A. Recta do Pinhal,BP,gasoline_98,Gasolina especial 98,Outro,1.869,Sertã,Castelo Branco,Recta do Pinhal,Sertã,6100-751,39.79967,-8.09258,p. a. recta do pinhal,bp,recta do pinhal,"1,869 €",2026-05-15_dgeg_postos_raw.csv,b4091a687bdea667
2026-05-15,2026-05-15 14:31:32,2025-02-10 10:30:00,3da4ec722b7a514b,3da4ec722b7a514b_gasoline_98,POSTO ALVAIÁZERE,CEPSA,gasoline_98,Gasolina especial 98,Outro,1.998,Alvaiázere,Leiria,"Parque Industrial de Saganga, lote 3 e 4",Alvaiázere,3250-111,39.816294,-8.378092,posto alvaiázere,cepsa,"parque industrial de saganga, lote 3 e 4","1,998 €",2026-05-15_dgeg_postos_raw.csv,6ebfdadc8b7c2d4b
2026-05-15,2026-05-15 14:31:32,2025-02-10 12:25:00,8d0cedef6fe88d1c,8d0cedef6fe88d1c_gasoline_98,"PETROIL, São João da Pesqueira",CEPSA,gasoline_98,Gasolina especial 98,Outro,1.998,São João da Pesqueira,Viseu,"EN 222 - KM 168, 45AV. MARQUÊS SOVERAL N.69",São João da Pesqueira,5130-321,41.14701,-7.406998,"petroil, são joão da pesqueira",cepsa,"en 222 - km 168, 45av. marquês soveral n.69","1,998 €",2026-05-15_dgeg_postos_raw.csv,b5b234daf26ff9ad
2026-05-15,2026-05-15 14:31:32,2025-02-10 13:25:00,c104bd1ae7107410,c104bd1ae7107410_gasoline_98,Boxoil,BP,gasoline_98,Gasolina especial 98,Outro,2.099,Vizela,Braga,Rua Guilherme Caldas Peixoto 183,Vizela,4815-000,41.37069,-8.31226,boxoil,bp,rua guilherme caldas peixoto 183,"2,099 €",2026-05-15_dgeg_postos_raw.csv,4afec165afa52ac3
2026-05-15,2026-05-15 14:31:32,2025-02-10 17:30:00,da81736e62000b91,da81736e62000b91_gasoline_98,BP Braga Imaculada,BP,gasoline_98,Gasolina especial 98,Outro,2.099,Braga,Braga,Av. Imaculada Conceição,Braga,4700-034,41.54516,-8.42397,bp braga imaculada,bp,av. imaculada conceição,"2,099 €",2026-05-15_dgeg_postos_raw.csv,5856f0150e8e9ac4
2026-05-15,2026-05-15 14:31:32,2025-02-10 17:30:00,30a20f824869e394,30a20f824869e394_gasoline_98,BP Palmeira,BP,gasoline_98,Gasolina especial 98,Outro,2.099,Braga,Braga,Av. do Cávado,Palmeira,4700-690,41.57374,-8.42381,bp palmeira,bp,av. do cávado,"2,099 €",2026-05-15_dgeg_postos_raw.csv,e48ed35c9ea9edb7
2026-05-15,2026-05-15 14:31:32,2025-02-11 00:00:00,89c7a4b9316e64a9,89c7a4b9316e64a9_gasoline_98,BP A1 Santarém (Este),BP,gasoline_98,Gasolina especial 98,Auto-estrada,2.134,Santarém,Santarém,A. E. 1 - Km 84,A1 Santarém (Este),2001-701,39.391315,-8.637829,bp a1 santarém (este),bp,a. e. 1 - km 84,"2,134 €",2026-05-15_dgeg_postos_raw.csv,05ac015bad20b7bd
2026-05-15,2026-05-15 14:31:32,2025-02-11 00:00:00,9f2a0207870948df,9f2a0207870948df_gasoline_98,BP A1 Mealhada (Este),BP,gasoline_98,Gasolina especial 98,Auto-estrada,2.134,Cantanhede,Coimbra,A1 - Km 204 - Enxofães - Murtede,Cantanhede,3060-000,40.333252,-8.492648,bp a1 mealhada (este),bp,a1 - km 204 - enxofães - murtede,"2,134 €",2026-05-15_dgeg_postos_raw.csv,1e12a1b85aa4384d
2026-05-15,2026-05-15 14:31:32,2025-02-11 00:00:00,df31c8efd5c4c6dd,df31c8efd5c4c6dd_gasoline_98,BP A1 Mealhada (Oeste),BP,gasoline_98,Gasolina especial 98,Auto-estrada,2.134,Cantanhede,Coimbra,A1 - Km 204 - Enxofães - Murtede,Cantanhede,3060-000,40.33284,-8.493592,bp a1 mealhada (oeste),bp,a1 - km 204 - enxofães - murtede,"2,134 €",2026-05-15_dgeg_postos_raw.csv,6439fbaa43cb3cb2
2026-05-15,2026-05-15 14:31:32,2025-02-11 00:00:00,b0ce51e539be3727,b0ce51e539be3727_gasoline_98,BP A1 Santarém (Oeste),BP,gasoline_98,Gasolina especial 98,Auto-estrada,2.134,Santarém,Santarém,A. E. 1 - Km 84,A1 Santarém (Oeste),2001-701,39.393482,-8.640076,bp a1 santarém (oeste),bp,a. e. 1 - km 84,"2,134 €",2026-05-15_dgeg_postos_raw.csv,104af09f9d609a9b
2026-05-15,2026-05-15 14:31:32,2025-02-11 00:00:00,168dcc275f36e756,168dcc275f36e756_gasoline_98,BP A2 SEIXAL,BP,gasoline_98,Gasolina especial 98,Auto-estrada,2.114,Seixal,Setúbal,A. E. 2 Km 12 Sublanço Almada - Fogueteiro,Torre da Marinha,2840-000,38.622807,-9.134171,bp a2 seixal,bp,a. e. 2 km 12 sublanço almada - fogueteiro,"2,114 €",2026-05-15_dgeg_postos_raw.csv,4b07df6459ec3837
2026-05-15,2026-05-15 14:31:32,2025-02-12 00:00:00,f92f441f99cb4949,f92f441f99cb4949_gasoline_98,BP Portuzelo,BP,gasoline_98,Gasolina especial 98,Outro,2.099,Viana do Castelo,Viana do Castelo,"Rua da Forneira, N.º 1",Santa Marta de Portuzelo,4925-059,41.70695,-8.78236,bp portuzelo,bp,"rua da forneira, n.º 1","2,099 €",2026-05-15_dgeg_postos_raw.csv,df74a2129452cb79
2026-05-15,2026-05-15 14:31:32,2025-02-12 00:00:00,cc1f1ac6502633c2,cc1f1ac6502633c2_gasoline_98,BP FAFE,BP,gasoline_98,Gasolina especial 98,Outro,2.099,Fafe,Braga,Rua Cidade de Guimarães,Fafe,4820-178,41.45328,-8.18658,bp fafe,bp,rua cidade de guimarães,"2,099 €",2026-05-15_dgeg_postos_raw.csv,fe7e76647d2d53de
2026-05-15,2026-05-15 14:31:32,2025-02-12 00:05:00,475c440abedb56b7,475c440abedb56b7_gasoline_98,PA BP Campo de Besteiros,BP,gasoline_98,Gasolina especial 98,Outro,2.099,Tondela,Viseu,Av. Dr. Afonso Costa,Campo de Besteiros,3465-051,40.553726,-8.132674,pa bp campo de besteiros,bp,av. dr. afonso costa,"2,099 €",2026-05-15_dgeg_postos_raw.csv,35a58cf564f8858e
2026-05-15,2026-05-15 14:31:32,2025-02-13 00:05:00,f4809de0b1490217,f4809de0b1490217_gasoline_98,"Posto GALP Lousã EN342  - Anibal Antunes Bandeira, Lda",GALP,gasoline_98,Gasolina especial 98,Outro,2.059,Lousã,Coimbra,"EN 342 ao Km 8,75 (Variante Lousã-Miranda do Corvo)",Zona Industrial do Alto do Padrão,3200-133,40.11746,-8.28732,"posto galp lousã en342 - anibal antunes bandeira, lda",galp,"en 342 ao km 8,75 (variante lousã-miranda do corvo)","2,059 €",2026-05-15_dgeg_postos_raw.csv,dfe324d73db53104
2026-05-15,2026-05-15 14:31:32,2025-02-17 00:00:00,67f316809747e2fa,67f316809747e2fa_gasoline_98,CEPSA - SOUSELAS,CEPSA,gasoline_98,Gasolina especial 98,Outro,2.023,Coimbra,Coimbra,Rua dos Troviscais nº 32,Souselas,3020-886,40.296539,-8.418406,cepsa - souselas,cepsa,rua dos troviscais nº 32,"2,023 €",2026-05-15_dgeg_postos_raw.csv,3eacd7a534a68336
2026-05-15,2026-05-15 14:31:32,2025-02-17 09:35:00,96a38f79c7725f87,96a38f79c7725f87_gasoline_98,ENCANTANGULAR COMBUSTIVEIS,CEPSA,gasoline_98,Gasolina especial 98,Outro,2.049,Felgueiras,Porto,Lugar de Rapadiça,Revinhade,4650-373,41.33841,-8.26672,encantangular combustiveis,cepsa,lugar de rapadiça,"2,049 €",2026-05-15_dgeg_postos_raw.csv,66d6ddb618204671
2026-05-15,2026-05-15 14:31:32,2025-02-17 11:00:00,37a98321d464f69d,37a98321d464f69d_gasoline_98,TFUEL - MELIDES,BP,gasoline_98,Gasolina especial 98,Outro,2.129,Grândola,Setúbal,Cruzamento de Vale Figueira,Melides,7570-756,38.14152,-8.73625,tfuel - melides,bp,cruzamento de vale figueira,"2,129 €",2026-05-15_dgeg_postos_raw.csv,17dc4c71af50dc2c
2026-05-15,2026-05-15 14:31:32,2025-02-18 17:05:00,842974f7c3551bc0,842974f7c3551bc0_gasoline_98,Estação de Serviço de Britiande,BP,gasoline_98,Gasolina especial 98,Outro,2.099,Lamego,Viseu,"EN226, ao Km 17, Lugar da Estrada Nova",Britiande,5100-345,41.06233,-7.78948,estação de serviço de britiande,bp,"en226, ao km 17, lugar da estrada nova","2,099 €",2026-05-15_dgeg_postos_raw.csv,3a70536a76311ba4
2026-05-15,2026-05-15 14:31:32,2025-03-15 00:00:00,b404ce56269d96d1,b404ce56269d96d1_gasoline_98,E.S. SINES,REPSOL,gasoline_98,Gasolina especial 98,Outro,1.924,Sines,Setúbal,Av. General Humberto Delgado M-N-O,Sines,7520-000,37.95812,-8.86573,e.s. sines,repsol,av. general humberto delgado m-n-o,"1,924 €",2026-05-15_dgeg_postos_raw.csv,a6e3fe8591acf5ae
2026-05-15,2026-05-15 14:31:32,2025-03-17 00:15:00,4f37c5a71043c0ee,4f37c5a71043c0ee_gasoline_98,BP Palhoça,BP,gasoline_98,Gasolina especial 98,Outro,2.019,Cadaval,Lisboa,"EN 336 Km 0,5",Palhoça,2550-306,39.281223,-9.0588088,bp palhoça,bp,"en 336 km 0,5","2,019 €",2026-05-15_dgeg_postos_raw.csv,49f68f07cfefa3e0
2026-05-15,2026-05-15 14:31:32,2025-03-17 08:00:00,c55c4ae76f941be2,c55c4ae76f941be2_gasoline_98,PORTIMÃO - V6,BP,gasoline_98,Gasolina especial 98,Outro,2.019,Portimão,Faro,Av. V6 - Alto do Quintão,Portimão - Alto do Quintão,8500-510,37.128666,-8.546687,portimão - v6,bp,av. v6 - alto do quintão,"2,019 €",2026-05-15_dgeg_postos_raw.csv,69a4e65b3cbae3cc
2026-05-15,2026-05-15 14:31:32,2025-03-21 15:30:00,1227294add57ec65,1227294add57ec65_gasoline_98,BP PINHAL NOVO,BP,gasoline_98,Gasolina especial 98,Outro,2.019,Palmela,Setúbal,"EN 252 Km 6,5",Pinhal Novo,2955-000,38.636422,-8.913962,bp pinhal novo,bp,"en 252 km 6,5","2,019 €",2026-05-15_dgeg_postos_raw.csv,e26053b4759b54da
2026-05-15,2026-05-15 14:31:32,2025-03-24 00:05:00,e5914309558bf086,e5914309558bf086_gasoline_98,BP MOITA,BP,gasoline_98,Gasolina especial 98,Outro,2.044,Moita,Setúbal,Largo da Estação (Rotunda da EN11),Moita,2860-000,38.647627,-8.993341,bp moita,bp,largo da estação (rotunda da en11),"2,044 €",2026-05-15_dgeg_postos_raw.csv,d62a56653324a643
2026-05-15,2026-05-15 14:31:32,2025-03-24 00:05:00,0b43a0186e38a8fd,0b43a0186e38a8fd_gasoline_98,Bp Belverde,BP,gasoline_98,Gasolina especial 98,Outro,2.044,Seixal,Setúbal,Av. Belverde,Belverde,2845-483,38.59796,-9.14011,bp belverde,bp,av. belverde,"2,044 €",2026-05-15_dgeg_postos_raw.csv,5b3ba61589faa1b8
2026-05-15,2026-05-15 14:31:32,2025-03-25 15:45:00,292cde606b779095,292cde606b779095_gasoline_98,BP,BP,gasoline_98,Gasolina especial 98,Outro,2.044,Mondim de Basto,Vila Real,EN 304,Lugar da Lapinha,4880-183,41.40387,-7.95699,bp,bp,en 304,"2,044 €",2026-05-15_dgeg_postos_raw.csv,24cbebfb43ef8316
2026-05-15,2026-05-15 14:31:32,2025-03-25 17:25:00,63e2f8dfc6482275,63e2f8dfc6482275_diesel_premium,ALFABRENT Amareleja,BP,diesel_premium,Gasóleo especial,Outro,1.799,Moura,Beja,EN 386,Amareleja,7885-013,38.21192,-7.23104,alfabrent amareleja,bp,en 386,"1,799 €",2026-05-15_dgeg_postos_raw.csv,364cc1cb00c0137b
2026-05-15,2026-05-15 14:31:32,2025-03-31 00:05:00,94b2dabf4142c46e,94b2dabf4142c46e_gasoline_98,PALMELA - LAGOINHA,BP,gasoline_98,Gasolina especial 98,Outro,2.084,Palmela,Setúbal,"EN 379-2 Km 3,880",Lagoinha,2950-521,38.596425,-8.931322,palmela - lagoinha,bp,"en 379-2 km 3,880","2,084 €",2026-05-15_dgeg_postos_raw.csv,a5236b9e338ca085
2026-05-15,2026-05-15 14:31:32,2025-04-21 09:25:00,e5bd2ef1daae8751,e5bd2ef1daae8751_gasoline_98,BP 5 OUTUBRO,BP,gasoline_98,Gasolina especial 98,Outro,1.999,Porto,Porto,"Rua 5 de Outubro, 574",Ramalde,4100-173,41.16313,-8.63298,bp 5 outubro,bp,"rua 5 de outubro, 574","1,999 €",2026-05-15_dgeg_postos_raw.csv,f3e74676c83f2407
2026-05-15,2026-05-15 14:31:32,2025-05-20 07:15:00,7b24e940a5f5a0ef,7b24e940a5f5a0ef_gasoline_98,Giesta,BP,gasoline_98,Gasolina especial 98,Outro,2.024,Maia,Porto,"Rua D. Afonso Henriques, 1013",Giesta,4425-636,41.18982,-8.58063,giesta,bp,"rua d. afonso henriques, 1013","2,024 €",2026-05-15_dgeg_postos_raw.csv,0083a7a8a66dfc6f
2026-05-15,2026-05-15 14:31:32,2025-07-14 00:00:00,a6b12f8d5b39782c,a6b12f8d5b39782c_gasoline_98,ABRUNHEIRA (SIN/ALB),CEPSA,gasoline_98,Gasolina especial 98,Outro,1.933,Sintra,Lisboa,"LUGAR DE ABRUNHEIRA, LOTE 13, FREGUESIA DE SÃO PEDRO DE PENAFERRIM",Abrunheira,2710-089,38.773853,-9.350237,abrunheira (sin/alb),cepsa,"lugar de abrunheira, lote 13, freguesia de são pedro de penaferrim","1,933 €",2026-05-15_dgeg_postos_raw.csv,3db343b3ce7395c9
2026-05-15,2026-05-15 14:31:32,2025-07-21 00:05:00,180a8bfb83877c8e,180a8bfb83877c8e_gasoline_98,BP - Seixal Fogueteiro,BP,gasoline_98,Gasolina especial 98,Outro,2.019,Seixal,Setúbal,Interface Seixal,Casal do Marco - Fogueteiro,2840-432,38.60971,-9.09919,bp - seixal fogueteiro,bp,interface seixal,"2,019 €",2026-05-15_dgeg_postos_raw.csv,2507005acb28bff3
2026-05-15,2026-05-15 14:31:32,2025-07-28 11:25:00,38bdb3db6f58bc08,38bdb3db6f58bc08_gasoline_98,Gepoil | PAC Lavra,BP,gasoline_98,Gasolina especial 98,Outro,1.999,Matosinhos,Porto,Rua Manuel Francisco Correia,Lavra,4455-158,41.24543,-8.72196,gepoil | pac lavra,bp,rua manuel francisco correia,"1,999 €",2026-05-15_dgeg_postos_raw.csv,da6646108c33a7c4
2026-05-15,2026-05-15 14:31:32,2025-10-27 09:20:00,1386c22f303f2379,1386c22f303f2379_gasoline_98,Moeve Ponte de Sor,Genérico,gasoline_98,Gasolina especial 98,Outro,1.9,Ponte de Sor,Portalegre,"Estrada de Abrantes, Nº23 A",Ponte de Sor,7400-999,39.24549,-8.017071,moeve ponte de sor,genérico,"estrada de abrantes, nº23 a","1,900 €",2026-05-15_dgeg_postos_raw.csv,7492ba67a8eaaf6c
2026-05-15,2026-05-15 14:31:32,2025-11-03 09:35:00,04c6239675233bd6,04c6239675233bd6_gasoline_98,CEPSA DE AVIS,CEPSA,gasoline_98,Gasolina especial 98,Outro,1.945,Avis,Portalegre,"Rua Hortas do Chão, Lote 16",Avis,7480-183,39.052586,-7.892903,cepsa de avis,cepsa,"rua hortas do chão, lote 16","1,945 €",2026-05-15_dgeg_postos_raw.csv,8e880ac5fd690ec2
2026-05-15,2026-05-15 14:31:32,2025-11-17 09:30:00,d54b341ed2e9e3cc,d54b341ed2e9e3cc_gasoline_98,GALP Camarate - Posição 11174,GALP,gasoline_98,Gasolina especial 98,Outro,1.989,Loures,Lisboa,Rua dos Bombeiros Voluntários - Bairro de São Francisco,Camarate,2680-534,38.79364,-9.137757,galp camarate - posição 11174,galp,rua dos bombeiros voluntários - bairro de são francisco,"1,989 €",2026-05-15_dgeg_postos_raw.csv,d8148f2429020f07
2026-05-15,2026-05-15 14:31:32,2025-11-25 00:00:00,4197300e3643b6d0,4197300e3643b6d0_gasoline_98,ÁGUAS SANTAS,BP,gasoline_98,Gasolina especial 98,Outro,2.059,Maia,Porto,Rua do Mosteiro,Águas Santas,4425-140,41.210002,-8.576243,águas santas,bp,rua do mosteiro,"2,059 €",2026-05-15_dgeg_postos_raw.csv,9e422722ab974359
2026-05-15,2026-05-15 14:31:32,2025-11-25 00:00:00,397df6fee6cc6b79,397df6fee6cc6b79_gasoline_98,BP ERMESINDE,BP,gasoline_98,Gasolina especial 98,Outro,2.059,Valongo,Porto,Rua José Joaquim Ribeiro Teles,Ermesinde,4445-485,41.21409,-8.5501,bp ermesinde,bp,rua josé joaquim ribeiro teles,"2,059 €",2026-05-15_dgeg_postos_raw.csv,b4968a35f626df35
2026-05-15,2026-05-15 14:31:32,2025-12-09 11:30:00,1631bddc5b7843dd,1631bddc5b7843dd_gasoline_98,Cepsa- Jesuíno Felisberto Guerreiro,CEPSA,gasoline_98,Gasolina especial 98,Outro,1.945,Odemira,Beja,"Rua Nova, nº.2",Colos,7630-329,37.73454,-8.46329,cepsa- jesuíno felisberto guerreiro,cepsa,"rua nova, nº.2","1,945 €",2026-05-15_dgeg_postos_raw.csv,2520fadfd0b181aa
2026-05-15,2026-05-15 14:31:32,2025-12-16 00:05:00,63bbe7c624e7de9b,63bbe7c624e7de9b_gasoline_98,BP CORROIOS,BP,gasoline_98,Gasolina especial 98,Outro,1.999,Seixal,Setúbal,"EN 10 Km 5,9",Corroios,2855-000,38.639392,-9.150164,bp corroios,bp,"en 10 km 5,9","1,999 €",2026-05-15_dgeg_postos_raw.csv,811be55dc27cbdda
2026-05-15,2026-05-15 14:31:32,2026-01-19 00:00:00,84055e0dd1082b77,84055e0dd1082b77_gasoline_98,E.S. MAKRO-PALMELA,REPSOL,gasoline_98,Gasolina especial 98,Outro,1.904,Palmela,Setúbal,Quinta da Marquesa CABANAS - Quinta do Anjo,Palmela,2950-001,38.57845,-9.0067,e.s. makro-palmela,repsol,quinta da marquesa cabanas - quinta do anjo,"1,904 €",2026-05-15_dgeg_postos_raw.csv,c2630deb5266bd19
2026-05-15,2026-05-15 14:31:32,2026-01-19 02:25:00,7f69319476a592c9,7f69319476a592c9_gasoline_98,MARQUES & FILHO - ÉVORA,GALP,gasoline_98,Gasolina especial 98,Outro,1.999,Évora,Évora,EN 114 Km 182,Graça do Divor,7000-000,38.575123,-7.982641,marques & filho - évora,galp,en 114 km 182,"1,999 €",2026-05-15_dgeg_postos_raw.csv,9e7d47f4df92f708
2026-05-15,2026-05-15 14:31:32,2026-01-26 22:50:00,aa00e1129ac98e67,aa00e1129ac98e67_gasoline_98,BP  Mem Martins,BP,gasoline_98,Gasolina especial 98,Outro,1.999,Sintra,Lisboa,Avenida Almirante Gago Coutinho - Parcela B,Mem Martins,2725-320,38.799732,-9.356473,bp mem martins,bp,avenida almirante gago coutinho - parcela b,"1,999 €",2026-05-15_dgeg_postos_raw.csv,287e03a86e9b84d5
2026-05-15,2026-05-15 14:31:32,2026-02-07 00:05:00,9f40246b98be1c6c,9f40246b98be1c6c_gasoline_98,BP S. MAMEDE INFESTA,BP,gasoline_98,Gasolina especial 98,Outro,1.999,Matosinhos,Porto,"R. Santos Dias, 761",São Mamede de Infesta,4465-255,41.1994959,-8.6094731,bp s. mamede infesta,bp,"r. santos dias, 761","1,999 €",2026-05-15_dgeg_postos_raw.csv,c080d26925061485
2026-05-15,2026-05-15 14:31:32,2026-02-08 10:50:00,0882b4ef9b280b27,0882b4ef9b280b27_gasoline_98,PA BP Viana do Castelo,BP,gasoline_98,Gasolina especial 98,Outro,1.999,Viana do Castelo,Viana do Castelo,Av. Abelheira nº 156,Viana do Castelo,4900-926,41.70718,-8.821972,pa bp viana do castelo,bp,av. abelheira nº 156,"1,999 €",2026-05-15_dgeg_postos_raw.csv,3b632c4703bbcc22
2026-05-15,2026-05-15 14:31:32,2026-04-21 12:30:00,9ac6507b4e5fa148,9ac6507b4e5fa148_gasoline_98,NJBFERREIRA - Comércio de GALP FREIRIA,GALP,gasoline_98,Gasolina especial 98,Outro,2.154,Rio Maior,Santarém,"E.N.1 ao Km.73,200 Freiria",Freiria,2040-114,39.34091,-8.949353,njbferreira - comércio de galp freiria,galp,"e.n.1 ao km.73,200 freiria","2,154 €",2026-05-15_dgeg_postos_raw.csv,ad992755409c5036
2026-05-15,2026-05-15 14:31:32,2026-05-05 17:05:00,86afa2a7234108f5,86afa2a7234108f5_diesel_regular,Posto de Abastecimento Nevegas,GALP,diesel_regular,Gasóleo simples,Outro,2.179,Covilhã,Castelo Branco,Eixo Teixoso Canhoso Tortosendo (TCT),Covilhã,6200-544,40.28293,-7.49028,posto de abastecimento nevegas,galp,eixo teixoso canhoso tortosendo (tct),"2,179 €",2026-05-15_dgeg_postos_raw.csv,64edaac3410b3ad1
2026-05-15,2026-05-15 14:31:32,2026-05-06 09:35:00,02b320074b3ae0f5,02b320074b3ae0f5_diesel_regular,E.S. Messejana,REPSOL,diesel_regular,Gasóleo simples,Outro,2.102,Aljustrel,Beja,Estrada de Odemira,Cerca Corte Real,7600-302,37.830925,-8.241455,e.s. messejana,repsol,estrada de odemira,"2,102 €",2026-05-15_dgeg_postos_raw.csv,b30530d8654b9bca
2026-05-15,2026-05-15 14:31:32,2026-05-06 09:35:00,02b320074b3ae0f5,02b320074b3ae0f5_diesel_premium,E.S. Messejana,REPSOL,diesel_premium,Gasóleo especial,Outro,2.162,Aljustrel,Beja,Estrada de Odemira,Cerca Corte Real,7600-302,37.830925,-8.241455,e.s. messejana,repsol,estrada de odemira,"2,162 €",2026-05-15_dgeg_postos_raw.csv,3ec4a0f8b5274336
2026-05-15,2026-05-15 14:31:32,2026-05-06 09:35:00,02b320074b3ae0f5,02b320074b3ae0f5_gasoline_95,E.S. Messejana,REPSOL,gasoline_95,Gasolina simples 95,Outro,2.047,Aljustrel,Beja,Estrada de Odemira,Cerca Corte Real,7600-302,37.830925,-8.241455,e.s. messejana,repsol,estrada de odemira,"2,047 €",2026-05-15_dgeg_postos_raw.csv,8d1b7fd398c61f3b
2026-05-15,2026-05-15 14:31:32,2026-05-06 10:55:00,56796e89da9cf72f,56796e89da9cf72f_diesel_regular,GALP S.João Ponte-Guimainveste-Com. Comb. Serv. Lda,GALP,diesel_regular,Gasóleo simples,Outro,2.092,Guimarães,Braga,Parque Industrial de Guimarães,São João de Ponte,4805-258,41.46474,-8.33163,galp s.joão ponte-guimainveste-com. comb. serv. lda,galp,parque industrial de guimarães,"2,092 €",2026-05-15_dgeg_postos_raw.csv,77488ae8f0fdd3ff
2026-05-15,2026-05-15 14:31:32,2026-05-06 10:55:00,56796e89da9cf72f,56796e89da9cf72f_diesel_premium,GALP S.João Ponte-Guimainveste-Com. Comb. Serv. Lda,GALP,diesel_premium,Gasóleo especial,Outro,2.142,Guimarães,Braga,Parque Industrial de Guimarães,São João de Ponte,4805-258,41.46474,-8.33163,galp s.joão ponte-guimainveste-com. comb. serv. lda,galp,parque industrial de guimarães,"2,142 €",2026-05-15_dgeg_postos_raw.csv,3ff77171cd8f4ebc
2026-05-15,2026-05-15 14:31:32,2026-05-06 10:55:00,56796e89da9cf72f,56796e89da9cf72f_gasoline_95,GALP S.João Ponte-Guimainveste-Com. Comb. Serv. Lda,GALP,gasoline_95,Gasolina simples 95,Outro,2.037,Guimarães,Braga,Parque Industrial de Guimarães,São João de Ponte,4805-258,41.46474,-8.33163,galp s.joão ponte-guimainveste-com. comb. serv. lda,galp,parque industrial de guimarães,"2,037 €",2026-05-15_dgeg_postos_raw.csv,83299e226cb2a6d7
2026-05-15,2026-05-15 14:31:32,2026-05-06 11:00:00,3365cb1126b48207,3365cb1126b48207_diesel_regular,Nova Paredes - Duas Igrejas,NOVA,diesel_regular,Gasóleo simples,Outro,1.929,Paredes,Porto,Avenida Sá Carneiro,Duas Igrejas,4580-386,41.21612,-8.38008,nova paredes - duas igrejas,nova,avenida sá carneiro,"1,929 €",2026-05-15_dgeg_postos_raw.csv,265e4ee17818a7c2
2026-05-15,2026-05-15 14:31:32,2026-05-06 11:00:00,3365cb1126b48207,3365cb1126b48207_diesel_premium,Nova Paredes - Duas Igrejas,NOVA,diesel_premium,Gasóleo especial,Outro,1.989,Paredes,Porto,Avenida Sá Carneiro,Duas Igrejas,4580-386,41.21612,-8.38008,nova paredes - duas igrejas,nova,avenida sá carneiro,"1,989 €",2026-05-15_dgeg_postos_raw.csv,8a85e89c547ac336
2026-05-15,2026-05-15 14:31:32,2026-05-06 11:00:00,3365cb1126b48207,3365cb1126b48207_gasoline_95,Nova Paredes - Duas Igrejas,NOVA,gasoline_95,Gasolina simples 95,Outro,1.899,Paredes,Porto,Avenida Sá Carneiro,Duas Igrejas,4580-386,41.21612,-8.38008,nova paredes - duas igrejas,nova,avenida sá carneiro,"1,899 €",2026-05-15_dgeg_postos_raw.csv,57dc40ebaa83d63a
2026-05-15,2026-05-15 14:31:32,2026-05-06 13:00:00,940c9b274954dcce,940c9b274954dcce_diesel_regular,"PETROFLOR,SA - CENTRO",BP,diesel_regular,Gasóleo simples,Outro,2.189,Vila Flor,Bragança,AV. Marechal Carmona,VILA FLOR,5360-000,41.308841,-7.156616,"petroflor,sa - centro",bp,av. marechal carmona,"2,189 €",2026-05-15_dgeg_postos_raw.csv,a0046b471b4f8bca
2026-05-15,2026-05-15 14:31:32,2026-05-06 13:00:00,940c9b274954dcce,940c9b274954dcce_diesel_premium,"PETROFLOR,SA - CENTRO",BP,diesel_premium,Gasóleo especial,Outro,2.299,Vila Flor,Bragança,AV. Marechal Carmona,VILA FLOR,5360-000,41.308841,-7.156616,"petroflor,sa - centro",bp,av. marechal carmona,"2,299 €",2026-05-15_dgeg_postos_raw.csv,f3bc754782024792
2026-05-15,2026-05-15 14:31:32,2026-05-06 13:00:00,940c9b274954dcce,940c9b274954dcce_gasoline_95,"PETROFLOR,SA - CENTRO",BP,gasoline_95,Gasolina simples 95,Outro,2.119,Vila Flor,Bragança,AV. Marechal Carmona,VILA FLOR,5360-000,41.308841,-7.156616,"petroflor,sa - centro",bp,av. marechal carmona,"2,119 €",2026-05-15_dgeg_postos_raw.csv,b2652bf35bf9df88
2026-05-15,2026-05-15 14:31:32,2026-05-06 13:00:00,940c9b274954dcce,940c9b274954dcce_gasoline_98,"PETROFLOR,SA - CENTRO",BP,gasoline_98,Gasolina especial 98,Outro,2.329,Vila Flor,Bragança,AV. Marechal Carmona,VILA FLOR,5360-000,41.308841,-7.156616,"petroflor,sa - centro",bp,av. marechal carmona,"2,329 €",2026-05-15_dgeg_postos_raw.csv,666a856e478c5364
2026-05-15,2026-05-15 14:31:32,2026-05-06 13:00:00,52546542621b10b6,52546542621b10b6_diesel_regular,POSTO TERRINCHA,BP,diesel_regular,Gasóleo simples,Outro,2.189,Torre de Moncorvo,Bragança,EN 102,Adeganha,5160-002,41.2246,-7.0897,posto terrincha,bp,en 102,"2,189 €",2026-05-15_dgeg_postos_raw.csv,d58a4f9be8ee098c
2026-05-15,2026-05-15 14:31:32,2026-05-06 13:00:00,52546542621b10b6,52546542621b10b6_diesel_premium,POSTO TERRINCHA,BP,diesel_premium,Gasóleo especial,Outro,2.299,Torre de Moncorvo,Bragança,EN 102,Adeganha,5160-002,41.2246,-7.0897,posto terrincha,bp,en 102,"2,299 €",2026-05-15_dgeg_postos_raw.csv,344216b7a856797c
2026-05-15,2026-05-15 14:31:32,2026-05-06 13:00:00,52546542621b10b6,52546542621b10b6_gasoline_95,POSTO TERRINCHA,BP,gasoline_95,Gasolina simples 95,Outro,2.119,Torre de Moncorvo,Bragança,EN 102,Adeganha,5160-002,41.2246,-7.0897,posto terrincha,bp,en 102,"2,119 €",2026-05-15_dgeg_postos_raw.csv,9c1e672a9001bad4
2026-05-15,2026-05-15 14:31:32,2026-05-06 13:00:00,52546542621b10b6,52546542621b10b6_gasoline_98,POSTO TERRINCHA,BP,gasoline_98,Gasolina especial 98,Outro,2.329,Torre de Moncorvo,Bragança,EN 102,Adeganha,5160-002,41.2246,-7.0897,posto terrincha,bp,en 102,"2,329 €",2026-05-15_dgeg_postos_raw.csv,a20b0105d152913e
2026-05-15,2026-05-15 14:31:32,2026-05-06 16:20:00,90c024b06ce515b6,90c024b06ce515b6_diesel_regular,PA Valverde - Alcanede,Genérico,diesel_regular,Gasóleo simples,Outro,1.885,Santarém,Santarém,"Estrada Nacional Nº 362 Km25.4, Valverde",Valverde,2025-201,39.450424,-8.849353,pa valverde - alcanede,genérico,"estrada nacional nº 362 km25.4, valverde","1,885 €",2026-05-15_dgeg_postos_raw.csv,d8ca4be0d10d59e2
2026-05-15,2026-05-15 14:31:32,2026-05-06 16:20:00,90c024b06ce515b6,90c024b06ce515b6_gasoline_95,PA Valverde - Alcanede,Genérico,gasoline_95,Gasolina simples 95,Outro,1.887,Santarém,Santarém,"Estrada Nacional Nº 362 Km25.4, Valverde",Valverde,2025-201,39.450424,-8.849353,pa valverde - alcanede,genérico,"estrada nacional nº 362 km25.4, valverde","1,887 €",2026-05-15_dgeg_postos_raw.csv,34dd20a11a46b1b8
2026-05-15,2026-05-15 14:31:32,2026-05-06 16:20:00,90c024b06ce515b6,90c024b06ce515b6_diesel_premium,PA Valverde - Alcanede,Genérico,diesel_premium,Gasóleo especial,Outro,1.91,Santarém,Santarém,"Estrada Nacional Nº 362 Km25.4, Valverde",Valverde,2025-201,39.450424,-8.849353,pa valverde - alcanede,genérico,"estrada nacional nº 362 km25.4, valverde","1,910 €",2026-05-15_dgeg_postos_raw.csv,e2381acdb7f40958
2026-05-15,2026-05-15 14:31:32,2026-05-06 16:25:00,d56aa62a68014362,d56aa62a68014362_diesel_regular,BP A11 Barcelos Norte (Barcelos/Esposende),OZ Energia,diesel_regular,Gasóleo simples,Auto-estrada,2.182,Barcelos,Braga,Sub-lanço A11 - Nó da EN 205 - Nó de Barcelos,Barcelos,4755-071,41.50222,-8.658889,bp a11 barcelos norte (barcelos/esposende),oz energia,sub-lanço a11 - nó da en 205 - nó de barcelos,"2,182 €",2026-05-15_dgeg_postos_raw.csv,2e8faf1057c7d319
2026-05-15,2026-05-15 14:31:32,2026-05-06 16:25:00,d56aa62a68014362,d56aa62a68014362_diesel_premium,BP A11 Barcelos Norte (Barcelos/Esposende),OZ Energia,diesel_premium,Gasóleo especial,Auto-estrada,2.082,Barcelos,Braga,Sub-lanço A11 - Nó da EN 205 - Nó de Barcelos,Barcelos,4755-071,41.50222,-8.658889,bp a11 barcelos norte (barcelos/esposende),oz energia,sub-lanço a11 - nó da en 205 - nó de barcelos,"2,082 €",2026-05-15_dgeg_postos_raw.csv,838c06c91f8545d9
2026-05-15,2026-05-15 14:31:32,2026-05-06 16:25:00,d56aa62a68014362,d56aa62a68014362_gasoline_95,BP A11 Barcelos Norte (Barcelos/Esposende),OZ Energia,gasoline_95,Gasolina simples 95,Auto-estrada,2.082,Barcelos,Braga,Sub-lanço A11 - Nó da EN 205 - Nó de Barcelos,Barcelos,4755-071,41.50222,-8.658889,bp a11 barcelos norte (barcelos/esposende),oz energia,sub-lanço a11 - nó da en 205 - nó de barcelos,"2,082 €",2026-05-15_dgeg_postos_raw.csv,f2d013e3ef634937
2026-05-15,2026-05-15 14:31:32,2026-05-06 16:25:00,ef1b6dcefba640c6,ef1b6dcefba640c6_diesel_regular,BP A11 Barcelos Sul (Esposende/Barcelos),OZ Energia,diesel_regular,Gasóleo simples,Auto-estrada,2.182,Barcelos,Braga,"Área de Serviço Barcelos, Sub-lanço A11 - Nó da EN 205 - Nó de Barcelos",Gilmonde,4755-230,41.500847,-8.659317,bp a11 barcelos sul (esposende/barcelos),oz energia,"área de serviço barcelos, sub-lanço a11 - nó da en 205 - nó de barcelos","2,182 €",2026-05-15_dgeg_postos_raw.csv,068d2b87bb923b47
2026-05-15,2026-05-15 14:31:32,2026-05-06 16:25:00,ef1b6dcefba640c6,ef1b6dcefba640c6_diesel_premium,BP A11 Barcelos Sul (Esposende/Barcelos),OZ Energia,diesel_premium,Gasóleo especial,Auto-estrada,2.082,Barcelos,Braga,"Área de Serviço Barcelos, Sub-lanço A11 - Nó da EN 205 - Nó de Barcelos",Gilmonde,4755-230,41.500847,-8.659317,bp a11 barcelos sul (esposende/barcelos),oz energia,"área de serviço barcelos, sub-lanço a11 - nó da en 205 - nó de barcelos","2,082 €",2026-05-15_dgeg_postos_raw.csv,a02a1a850c50b14a
2026-05-15,2026-05-15 14:31:32,2026-05-06 16:25:00,ef1b6dcefba640c6,ef1b6dcefba640c6_gasoline_95,BP A11 Barcelos Sul (Esposende/Barcelos),OZ Energia,gasoline_95,Gasolina simples 95,Auto-estrada,2.07,Barcelos,Braga,"Área de Serviço Barcelos, Sub-lanço A11 - Nó da EN 205 - Nó de Barcelos",Gilmonde,4755-230,41.500847,-8.659317,bp a11 barcelos sul (esposende/barcelos),oz energia,"área de serviço barcelos, sub-lanço a11 - nó da en 205 - nó de barcelos","2,070 €",2026-05-15_dgeg_postos_raw.csv,3a79ee815bdd5aa8
2026-05-15,2026-05-15 14:31:32,2026-05-06 16:25:00,b63ce7df98880070,b63ce7df98880070_diesel_regular,Rodáreas Fafe Norte,OZ Energia,diesel_regular,Gasóleo simples,Auto-estrada,2.182,Fafe,Braga,FAFE NORTE - A7 Sentido Alvão-Guimarães,Antime,4820-005,41.430267,-8.182113,rodáreas fafe norte,oz energia,fafe norte - a7 sentido alvão-guimarães,"2,182 €",2026-05-15_dgeg_postos_raw.csv,65c78023616815db
2026-05-15,2026-05-15 14:31:32,2026-05-06 16:25:00,b63ce7df98880070,b63ce7df98880070_diesel_premium,Rodáreas Fafe Norte,OZ Energia,diesel_premium,Gasóleo especial,Auto-estrada,2.092,Fafe,Braga,FAFE NORTE - A7 Sentido Alvão-Guimarães,Antime,4820-005,41.430267,-8.182113,rodáreas fafe norte,oz energia,fafe norte - a7 sentido alvão-guimarães,"2,092 €",2026-05-15_dgeg_postos_raw.csv,84d6c3116f0723fc
2026-05-15,2026-05-15 14:31:32,2026-05-06 16:25:00,b63ce7df98880070,b63ce7df98880070_gasoline_95,Rodáreas Fafe Norte,OZ Energia,gasoline_95,Gasolina simples 95,Auto-estrada,2.07,Fafe,Braga,FAFE NORTE - A7 Sentido Alvão-Guimarães,Antime,4820-005,41.430267,-8.182113,rodáreas fafe norte,oz energia,fafe norte - a7 sentido alvão-guimarães,"2,070 €",2026-05-15_dgeg_postos_raw.csv,873565c63219cc26
2026-05-15,2026-05-15 14:31:32,2026-05-06 16:25:00,fcac335830643b93,fcac335830643b93_diesel_regular,Rodáreas Fafe Sul,OZ Energia,diesel_regular,Gasóleo simples,Auto-estrada,2.182,Fafe,Braga,A7 Sentido Guimarães-Alvão,Antime,4820-005,41.42868,-8.181183,rodáreas fafe sul,oz energia,a7 sentido guimarães-alvão,"2,182 €",2026-05-15_dgeg_postos_raw.csv,c8e813dff87a3eee
2026-05-15,2026-05-15 14:31:32,2026-05-06 16:25:00,fcac335830643b93,fcac335830643b93_diesel_premium,Rodáreas Fafe Sul,OZ Energia,diesel_premium,Gasóleo especial,Auto-estrada,2.092,Fafe,Braga,A7 Sentido Guimarães-Alvão,Antime,4820-005,41.42868,-8.181183,rodáreas fafe sul,oz energia,a7 sentido guimarães-alvão,"2,092 €",2026-05-15_dgeg_postos_raw.csv,16574c0b679252d5
2026-05-15,2026-05-15 14:31:32,2026-05-06 16:25:00,fcac335830643b93,fcac335830643b93_gasoline_95,Rodáreas Fafe Sul,OZ Energia,gasoline_95,Gasolina simples 95,Auto-estrada,2.07,Fafe,Braga,A7 Sentido Guimarães-Alvão,Antime,4820-005,41.42868,-8.181183,rodáreas fafe sul,oz energia,a7 sentido guimarães-alvão,"2,070 €",2026-05-15_dgeg_postos_raw.csv,18a6f4a1b2108eb8
2026-05-15,2026-05-15 14:31:32,2026-05-06 16:25:00,4ee63aaa2283cd11,4ee63aaa2283cd11_diesel_regular,Rodáreas Alvão Norte,OZ Energia,diesel_regular,Gasóleo simples,Auto-estrada,2.182,Vila Pouca de Aguiar,Vila Real,A7 Sentido V. P. Aguiar – Ribeira de Pena,Lixa do Alvão,5450-266,41.503796,-7.720668,rodáreas alvão norte,oz energia,a7 sentido v. p. aguiar – ribeira de pena,"2,182 €",2026-05-15_dgeg_postos_raw.csv,bc4df9690c327df6
2026-05-15,2026-05-15 14:31:32,2026-05-06 16:25:00,4ee63aaa2283cd11,4ee63aaa2283cd11_diesel_premium,Rodáreas Alvão Norte,OZ Energia,diesel_premium,Gasóleo especial,Auto-estrada,2.092,Vila Pouca de Aguiar,Vila Real,A7 Sentido V. P. Aguiar – Ribeira de Pena,Lixa do Alvão,5450-266,41.503796,-7.720668,rodáreas alvão norte,oz energia,a7 sentido v. p. aguiar – ribeira de pena,"2,092 €",2026-05-15_dgeg_postos_raw.csv,2cab5ba358a24163
2026-05-15,2026-05-15 14:31:32,2026-05-06 16:25:00,4ee63aaa2283cd11,4ee63aaa2283cd11_gasoline_95,Rodáreas Alvão Norte,OZ Energia,gasoline_95,Gasolina simples 95,Auto-estrada,2.07,Vila Pouca de Aguiar,Vila Real,A7 Sentido V. P. Aguiar – Ribeira de Pena,Lixa do Alvão,5450-266,41.503796,-7.720668,rodáreas alvão norte,oz energia,a7 sentido v. p. aguiar – ribeira de pena,"2,070 €",2026-05-15_dgeg_postos_raw.csv,60180bc1a1fb71b8
2026-05-15,2026-05-15 14:31:32,2026-05-06 16:25:00,afd1c897a7c2a380,afd1c897a7c2a380_diesel_regular,Rodáreas Alvão Sul,OZ Energia,diesel_regular,Gasóleo simples,Auto-estrada,2.182,Vila Pouca de Aguiar,Vila Real,A7 Sentido Ribeira de Pena – V. P. Aguiar,Lixa do Alvão,5450-266,41.50301,-7.720227,rodáreas alvão sul,oz energia,a7 sentido ribeira de pena – v. p. aguiar,"2,182 €",2026-05-15_dgeg_postos_raw.csv,9d19d813817a8d02
2026-05-15,2026-05-15 14:31:32,2026-05-06 16:25:00,afd1c897a7c2a380,afd1c897a7c2a380_diesel_premium,Rodáreas Alvão Sul,OZ Energia,diesel_premium,Gasóleo especial,Auto-estrada,2.092,Vila Pouca de Aguiar,Vila Real,A7 Sentido Ribeira de Pena – V. P. Aguiar,Lixa do Alvão,5450-266,41.50301,-7.720227,rodáreas alvão sul,oz energia,a7 sentido ribeira de pena – v. p. aguiar,"2,092 €",2026-05-15_dgeg_postos_raw.csv,aca4251e989d166d
2026-05-15,2026-05-15 14:31:32,2026-05-06 16:25:00,afd1c897a7c2a380,afd1c897a7c2a380_gasoline_95,Rodáreas Alvão Sul,OZ Energia,gasoline_95,Gasolina simples 95,Auto-estrada,2.07,Vila Pouca de Aguiar,Vila Real,A7 Sentido Ribeira de Pena – V. P. Aguiar,Lixa do Alvão,5450-266,41.50301,-7.720227,rodáreas alvão sul,oz energia,a7 sentido ribeira de pena – v. p. aguiar,"2,070 €",2026-05-15_dgeg_postos_raw.csv,e4c6976d24406b51
2026-05-15,2026-05-15 14:31:32,2026-05-06 16:30:00,73ba965b3fb26a0c,73ba965b3fb26a0c_diesel_regular,Rodáreas Vidago,OZ Energia,diesel_regular,Gasóleo simples,Auto-estrada,2.181,Chaves,Vila Real,A24 Chaves – Pedras Salgadas,Vilarinho das Paranheiras,5425-401,41.669277,-7.571154,rodáreas vidago,oz energia,a24 chaves – pedras salgadas,"2,181 €",2026-05-15_dgeg_postos_raw.csv,ba282a44dfd1afea
2026-05-15,2026-05-15 14:31:32,2026-05-06 16:30:00,73ba965b3fb26a0c,73ba965b3fb26a0c_diesel_premium,Rodáreas Vidago,OZ Energia,diesel_premium,Gasóleo especial,Auto-estrada,2.099,Chaves,Vila Real,A24 Chaves – Pedras Salgadas,Vilarinho das Paranheiras,5425-401,41.669277,-7.571154,rodáreas vidago,oz energia,a24 chaves – pedras salgadas,"2,099 €",2026-05-15_dgeg_postos_raw.csv,fc2bae30b7c8a52f
2026-05-15,2026-05-15 14:31:32,2026-05-06 16:30:00,73ba965b3fb26a0c,73ba965b3fb26a0c_gasoline_95,Rodáreas Vidago,OZ Energia,gasoline_95,Gasolina simples 95,Auto-estrada,2.134,Chaves,Vila Real,A24 Chaves – Pedras Salgadas,Vilarinho das Paranheiras,5425-401,41.669277,-7.571154,rodáreas vidago,oz energia,a24 chaves – pedras salgadas,"2,134 €",2026-05-15_dgeg_postos_raw.csv,a829e07bf924492f
2026-05-15,2026-05-15 14:31:32,2026-05-06 16:30:00,73ba965b3fb26a0c,73ba965b3fb26a0c_gasoline_98,Rodáreas Vidago,OZ Energia,gasoline_98,Gasolina especial 98,Auto-estrada,2.325,Chaves,Vila Real,A24 Chaves – Pedras Salgadas,Vilarinho das Paranheiras,5425-401,41.669277,-7.571154,rodáreas vidago,oz energia,a24 chaves – pedras salgadas,"2,325 €",2026-05-15_dgeg_postos_raw.csv,87991a1b4facc289
2026-05-15,2026-05-15 14:31:32,2026-05-06 16:30:00,ff344ffc6dadfe0e,ff344ffc6dadfe0e_diesel_regular,A24 Viseu (Norte),Genérico,diesel_regular,Gasóleo simples,Área comercial (Hipermercados),2.181,Viseu,Viseu,A24 Castro Daire Sul – Nó do IP5,Bodiosa a Nova,3515-512,40.7075,-7.943055,a24 viseu (norte),genérico,a24 castro daire sul – nó do ip5,"2,181 €",2026-05-15_dgeg_postos_raw.csv,4caf3dc967867f53
2026-05-15,2026-05-15 14:31:32,2026-05-06 16:30:00,ff344ffc6dadfe0e,ff344ffc6dadfe0e_diesel_premium,A24 Viseu (Norte),Genérico,diesel_premium,Gasóleo especial,Área comercial (Hipermercados),2.099,Viseu,Viseu,A24 Castro Daire Sul – Nó do IP5,Bodiosa a Nova,3515-512,40.7075,-7.943055,a24 viseu (norte),genérico,a24 castro daire sul – nó do ip5,"2,099 €",2026-05-15_dgeg_postos_raw.csv,035e2155143b2427
2026-05-15,2026-05-15 14:31:32,2026-05-06 16:30:00,ff344ffc6dadfe0e,ff344ffc6dadfe0e_gasoline_95,A24 Viseu (Norte),Genérico,gasoline_95,Gasolina simples 95,Área comercial (Hipermercados),2.134,Viseu,Viseu,A24 Castro Daire Sul – Nó do IP5,Bodiosa a Nova,3515-512,40.7075,-7.943055,a24 viseu (norte),genérico,a24 castro daire sul – nó do ip5,"2,134 €",2026-05-15_dgeg_postos_raw.csv,703401f2c5e33e4d
2026-05-15,2026-05-15 14:31:32,2026-05-06 16:30:00,058603bd1fe8d972,058603bd1fe8d972_diesel_regular,Rodáreas Vila Real,OZ Energia,diesel_regular,Gasóleo simples,Auto-estrada,2.181,Vila Real,Vila Real,A24 Entre Fortunho – Vila Real,Mouçõs,5000-367,41.337494,-7.704931,rodáreas vila real,oz energia,a24 entre fortunho – vila real,"2,181 €",2026-05-15_dgeg_postos_raw.csv,fdb2ce3ac80925d1
2026-05-15,2026-05-15 14:31:32,2026-05-06 16:30:00,058603bd1fe8d972,058603bd1fe8d972_diesel_premium,Rodáreas Vila Real,OZ Energia,diesel_premium,Gasóleo especial,Auto-estrada,2.099,Vila Real,Vila Real,A24 Entre Fortunho – Vila Real,Mouçõs,5000-367,41.337494,-7.704931,rodáreas vila real,oz energia,a24 entre fortunho – vila real,"2,099 €",2026-05-15_dgeg_postos_raw.csv,c690a4343e5dfa37
2026-05-15,2026-05-15 14:31:32,2026-05-06 16:30:00,058603bd1fe8d972,058603bd1fe8d972_gasoline_95,Rodáreas Vila Real,OZ Energia,gasoline_95,Gasolina simples 95,Auto-estrada,2.134,Vila Real,Vila Real,A24 Entre Fortunho – Vila Real,Mouçõs,5000-367,41.337494,-7.704931,rodáreas vila real,oz energia,a24 entre fortunho – vila real,"2,134 €",2026-05-15_dgeg_postos_raw.csv,7ad6a2e852709575
2026-05-15,2026-05-15 14:31:32,2026-05-06 16:30:00,ad5ee429b9abd79a,ad5ee429b9abd79a_diesel_regular,Rodáreas Castro Daire,OZ Energia,diesel_regular,Gasóleo simples,Auto-estrada,2.181,Castro Daire,Viseu,A24 Entre Bigorne e Reconcos,Mézio,3600-403,40.96754,-7.889919,rodáreas castro daire,oz energia,a24 entre bigorne e reconcos,"2,181 €",2026-05-15_dgeg_postos_raw.csv,0d91a724f2a84281
2026-05-15,2026-05-15 14:31:32,2026-05-06 16:30:00,ad5ee429b9abd79a,ad5ee429b9abd79a_diesel_premium,Rodáreas Castro Daire,OZ Energia,diesel_premium,Gasóleo especial,Auto-estrada,2.099,Castro Daire,Viseu,A24 Entre Bigorne e Reconcos,Mézio,3600-403,40.96754,-7.889919,rodáreas castro daire,oz energia,a24 entre bigorne e reconcos,"2,099 €",2026-05-15_dgeg_postos_raw.csv,19ab6d96bba120b9
2026-05-15,2026-05-15 14:31:32,2026-05-06 16:30:00,ad5ee429b9abd79a,ad5ee429b9abd79a_gasoline_95,Rodáreas Castro Daire,OZ Energia,gasoline_95,Gasolina simples 95,Auto-estrada,2.134,Castro Daire,Viseu,A24 Entre Bigorne e Reconcos,Mézio,3600-403,40.96754,-7.889919,rodáreas castro daire,oz energia,a24 entre bigorne e reconcos,"2,134 €",2026-05-15_dgeg_postos_raw.csv,d93e433a0a98911d
2026-05-15,2026-05-15 14:31:32,2026-05-06 16:30:00,c362b507539f9d6f,c362b507539f9d6f_diesel_regular,A11 Lousada Oeste (Nascente),OZ Energia,diesel_regular,Gasóleo simples,Auto-estrada,2.182,Lousada,Porto,A11 - Sub-lanço Nó de Felgueiras - Nó de Lousada (IC 25),Lousada,4620-611,41.30122,-8.262465,a11 lousada oeste (nascente),oz energia,a11 - sub-lanço nó de felgueiras - nó de lousada (ic 25),"2,182 €",2026-05-15_dgeg_postos_raw.csv,17c3e12711f60547
2026-05-15,2026-05-15 14:31:32,2026-05-06 16:30:00,c362b507539f9d6f,c362b507539f9d6f_diesel_premium,A11 Lousada Oeste (Nascente),OZ Energia,diesel_premium,Gasóleo especial,Auto-estrada,2.082,Lousada,Porto,A11 - Sub-lanço Nó de Felgueiras - Nó de Lousada (IC 25),Lousada,4620-611,41.30122,-8.262465,a11 lousada oeste (nascente),oz energia,a11 - sub-lanço nó de felgueiras - nó de lousada (ic 25),"2,082 €",2026-05-15_dgeg_postos_raw.csv,2fc821875e4a4315
2026-05-15,2026-05-15 14:31:32,2026-05-06 16:30:00,c362b507539f9d6f,c362b507539f9d6f_gasoline_95,A11 Lousada Oeste (Nascente),OZ Energia,gasoline_95,Gasolina simples 95,Auto-estrada,2.07,Lousada,Porto,A11 - Sub-lanço Nó de Felgueiras - Nó de Lousada (IC 25),Lousada,4620-611,41.30122,-8.262465,a11 lousada oeste (nascente),oz energia,a11 - sub-lanço nó de felgueiras - nó de lousada (ic 25),"2,070 €",2026-05-15_dgeg_postos_raw.csv,1aa3c1fd499372c6
2026-05-15,2026-05-15 14:31:32,2026-05-07 00:00:00,62693082daf743c1,62693082daf743c1_diesel_regular,ESPOSENDE,BP,diesel_regular,Gasóleo simples,Outro,2.184,Esposende,Braga,"EN 13 Km 87,400",Esposende,4740-000,41.5321,-8.77605,esposende,bp,"en 13 km 87,400","2,184 €",2026-05-15_dgeg_postos_raw.csv,5d817081d8f517f8
2026-05-15,2026-05-15 14:31:32,2026-05-07 00:00:00,62693082daf743c1,62693082daf743c1_diesel_premium,ESPOSENDE,BP,diesel_premium,Gasóleo especial,Outro,2.299,Esposende,Braga,"EN 13 Km 87,400",Esposende,4740-000,41.5321,-8.77605,esposende,bp,"en 13 km 87,400","2,299 €",2026-05-15_dgeg_postos_raw.csv,8b29711210531def
2026-05-15,2026-05-15 14:31:32,2026-05-07 00:00:00,62693082daf743c1,62693082daf743c1_gasoline_95,ESPOSENDE,BP,gasoline_95,Gasolina simples 95,Outro,2.119,Esposende,Braga,"EN 13 Km 87,400",Esposende,4740-000,41.5321,-8.77605,esposende,bp,"en 13 km 87,400","2,119 €",2026-05-15_dgeg_postos_raw.csv,31a71a2df52488b0
2026-05-15,2026-05-15 14:31:32,2026-05-07 00:00:00,9678d8343444cbb2,9678d8343444cbb2_diesel_regular,BP Vila Flor,BP,diesel_regular,Gasóleo simples,Outro,2.189,Vila Flor,Bragança,Av. Vasco da Gama,Vila Flor,5360-305,41.31505,-7.17378,bp vila flor,bp,av. vasco da gama,"2,189 €",2026-05-15_dgeg_postos_raw.csv,f42a5db5d1332ada
2026-05-15,2026-05-15 14:31:32,2026-05-07 00:00:00,9678d8343444cbb2,9678d8343444cbb2_diesel_premium,BP Vila Flor,BP,diesel_premium,Gasóleo especial,Outro,2.299,Vila Flor,Bragança,Av. Vasco da Gama,Vila Flor,5360-305,41.31505,-7.17378,bp vila flor,bp,av. vasco da gama,"2,299 €",2026-05-15_dgeg_postos_raw.csv,70284759a7e1632e
2026-05-15,2026-05-15 14:31:32,2026-05-07 00:00:00,9678d8343444cbb2,9678d8343444cbb2_gasoline_95,BP Vila Flor,BP,gasoline_95,Gasolina simples 95,Outro,2.119,Vila Flor,Bragança,Av. Vasco da Gama,Vila Flor,5360-305,41.31505,-7.17378,bp vila flor,bp,av. vasco da gama,"2,119 €",2026-05-15_dgeg_postos_raw.csv,83fe04bb23818484
2026-05-15,2026-05-15 14:31:32,2026-05-07 00:00:00,9678d8343444cbb2,9678d8343444cbb2_gasoline_98,BP Vila Flor,BP,gasoline_98,Gasolina especial 98,Outro,2.329,Vila Flor,Bragança,Av. Vasco da Gama,Vila Flor,5360-305,41.31505,-7.17378,bp vila flor,bp,av. vasco da gama,"2,329 €",2026-05-15_dgeg_postos_raw.csv,7afa9869102a1b18
2026-05-15,2026-05-15 14:31:32,2026-05-07 08:15:00,453735d636b36ddc,453735d636b36ddc_diesel_premium,Prio Evora - Torre de Coelheiros,PRIO,diesel_premium,Gasóleo especial,Outro,2.015,Évora,Évora,ESTRADA MUNICIPAL 521 - RUA A LOTE 1 - ZONA INDUSTRIAL,Torre de Coelheiros,7005-789,38.4098,-7.839074,prio evora - torre de coelheiros,prio,estrada municipal 521 - rua a lote 1 - zona industrial,"2,015 €",2026-05-15_dgeg_postos_raw.csv,4da688dad5275211
2026-05-15,2026-05-15 14:31:32,2026-05-07 08:15:00,453735d636b36ddc,453735d636b36ddc_diesel_regular,Prio Evora - Torre de Coelheiros,PRIO,diesel_regular,Gasóleo simples,Outro,2.016,Évora,Évora,ESTRADA MUNICIPAL 521 - RUA A LOTE 1 - ZONA INDUSTRIAL,Torre de Coelheiros,7005-789,38.4098,-7.839074,prio evora - torre de coelheiros,prio,estrada municipal 521 - rua a lote 1 - zona industrial,"2,016 €",2026-05-15_dgeg_postos_raw.csv,0747554ddf6d39b7
2026-05-15,2026-05-15 14:31:32,2026-05-07 08:15:00,453735d636b36ddc,453735d636b36ddc_gasoline_95,Prio Evora - Torre de Coelheiros,PRIO,gasoline_95,Gasolina simples 95,Outro,2.099,Évora,Évora,ESTRADA MUNICIPAL 521 - RUA A LOTE 1 - ZONA INDUSTRIAL,Torre de Coelheiros,7005-789,38.4098,-7.839074,prio evora - torre de coelheiros,prio,estrada municipal 521 - rua a lote 1 - zona industrial,"2,099 €",2026-05-15_dgeg_postos_raw.csv,61bf44bd329ef954
2026-05-15,2026-05-15 14:31:32,2026-05-07 11:00:00,fc3224c532b4bc0e,fc3224c532b4bc0e_diesel_regular,"Ruivorange, Lda",Genérico,diesel_regular,Gasóleo simples,Outro,2.133,Oliveira de Frades,Viseu,"Estrada Nacional 16, Km 53,90",Pinheiro de Lafões,3680-000,40.727108,-8.210157,"ruivorange, lda",genérico,"estrada nacional 16, km 53,90","2,133 €",2026-05-15_dgeg_postos_raw.csv,14af5379d672b190
2026-05-15,2026-05-15 14:31:32,2026-05-07 11:00:00,fc3224c532b4bc0e,fc3224c532b4bc0e_gasoline_95,"Ruivorange, Lda",Genérico,gasoline_95,Gasolina simples 95,Outro,2.077,Oliveira de Frades,Viseu,"Estrada Nacional 16, Km 53,90",Pinheiro de Lafões,3680-000,40.727108,-8.210157,"ruivorange, lda",genérico,"estrada nacional 16, km 53,90","2,077 €",2026-05-15_dgeg_postos_raw.csv,df4a896bbf00bd71
2026-05-15,2026-05-15 14:31:32,2026-05-07 11:00:00,fc3224c532b4bc0e,fc3224c532b4bc0e_diesel_premium,"Ruivorange, Lda",Genérico,diesel_premium,Gasóleo especial,Outro,2.153,Oliveira de Frades,Viseu,"Estrada Nacional 16, Km 53,90",Pinheiro de Lafões,3680-000,40.727108,-8.210157,"ruivorange, lda",genérico,"estrada nacional 16, km 53,90","2,153 €",2026-05-15_dgeg_postos_raw.csv,4023a6fb1e154baa
2026-05-15,2026-05-15 14:31:32,2026-05-07 11:10:00,a7842068c3c189f5,a7842068c3c189f5_diesel_regular,INTERMARCHE VILAR FORMOSO,INTERMARCHÉ,diesel_regular,Gasóleo simples,Área comercial (Hipermercados),1.849,Almeida,Guarda,Sitio da Represa,Vilar Formoso,6355-289,40.61817,-6.84339,intermarche vilar formoso,intermarché,sitio da represa,"1,849 €",2026-05-15_dgeg_postos_raw.csv,6f46077f6eb72be1
2026-05-15,2026-05-15 14:31:32,2026-05-07 11:10:00,a7842068c3c189f5,a7842068c3c189f5_gasoline_95,INTERMARCHE VILAR FORMOSO,INTERMARCHÉ,gasoline_95,Gasolina simples 95,Área comercial (Hipermercados),1.719,Almeida,Guarda,Sitio da Represa,Vilar Formoso,6355-289,40.61817,-6.84339,intermarche vilar formoso,intermarché,sitio da represa,"1,719 €",2026-05-15_dgeg_postos_raw.csv,552e6c5e4e68b097
2026-05-15,2026-05-15 14:31:32,2026-05-07 11:30:00,ce252b25e489cf9b,ce252b25e489cf9b_diesel_regular,BP Themoteo,BP,diesel_regular,Gasóleo simples,Outro,2.144,Póvoa de Varzim,Porto,Praça Marquês de Pombal,Póvoa de Varzim,4490-657,41.38059,-8.76103,bp themoteo,bp,praça marquês de pombal,"2,144 €",2026-05-15_dgeg_postos_raw.csv,0e4f80f6629d0ffd
2026-05-15,2026-05-15 14:31:32,2026-05-07 11:30:00,ce252b25e489cf9b,ce252b25e489cf9b_diesel_premium,BP Themoteo,BP,diesel_premium,Gasóleo especial,Outro,2.299,Póvoa de Varzim,Porto,Praça Marquês de Pombal,Póvoa de Varzim,4490-657,41.38059,-8.76103,bp themoteo,bp,praça marquês de pombal,"2,299 €",2026-05-15_dgeg_postos_raw.csv,593fa461413af902
2026-05-15,2026-05-15 14:31:32,2026-05-07 11:30:00,ce252b25e489cf9b,ce252b25e489cf9b_gasoline_95,BP Themoteo,BP,gasoline_95,Gasolina simples 95,Outro,2.081,Póvoa de Varzim,Porto,Praça Marquês de Pombal,Póvoa de Varzim,4490-657,41.38059,-8.76103,bp themoteo,bp,praça marquês de pombal,"2,081 €",2026-05-15_dgeg_postos_raw.csv,d0c5bdced54b4da9
2026-05-15,2026-05-15 14:31:32,2026-05-07 14:30:00,4a48de0bcfeef08b,4a48de0bcfeef08b_diesel_regular,CEPSA AVINTES,CEPSA,diesel_regular,Gasóleo simples,Outro,2.081,Vila Nova de Gaia,Porto,Rua 5 de Outubro,Avintes - Vila Nova de Gaia,4431-801,41.10556,-8.55231,cepsa avintes,cepsa,rua 5 de outubro,"2,081 €",2026-05-15_dgeg_postos_raw.csv,ddcba06cfe2f13ae
2026-05-15,2026-05-15 14:31:32,2026-05-07 14:30:00,4a48de0bcfeef08b,4a48de0bcfeef08b_diesel_premium,CEPSA AVINTES,CEPSA,diesel_premium,Gasóleo especial,Outro,2.131,Vila Nova de Gaia,Porto,Rua 5 de Outubro,Avintes - Vila Nova de Gaia,4431-801,41.10556,-8.55231,cepsa avintes,cepsa,rua 5 de outubro,"2,131 €",2026-05-15_dgeg_postos_raw.csv,8a1dcb2b043a56ef
2026-05-15,2026-05-15 14:31:32,2026-05-07 14:30:00,4a48de0bcfeef08b,4a48de0bcfeef08b_gasoline_95,CEPSA AVINTES,CEPSA,gasoline_95,Gasolina simples 95,Outro,2.003,Vila Nova de Gaia,Porto,Rua 5 de Outubro,Avintes - Vila Nova de Gaia,4431-801,41.10556,-8.55231,cepsa avintes,cepsa,rua 5 de outubro,"2,003 €",2026-05-15_dgeg_postos_raw.csv,43409e01d0d1b8f7
2026-05-15,2026-05-15 14:31:32,2026-05-07 14:30:00,4a48de0bcfeef08b,4a48de0bcfeef08b_gasoline_98,CEPSA AVINTES,CEPSA,gasoline_98,Gasolina especial 98,Outro,2.215,Vila Nova de Gaia,Porto,Rua 5 de Outubro,Avintes - Vila Nova de Gaia,4431-801,41.10556,-8.55231,cepsa avintes,cepsa,rua 5 de outubro,"2,215 €",2026-05-15_dgeg_postos_raw.csv,8b1ab01a6bd6ca7c
2026-05-15,2026-05-15 14:31:32,2026-05-08 00:00:00,0d7ed67b8daa9ac2,0d7ed67b8daa9ac2_diesel_regular,Coop.Agricola Oliveira do Bairro,GALP,diesel_regular,Gasóleo simples,Outro,1.99,Oliveira do Bairro,Aveiro,Rua dos Emigrantes nº22,Troviscal,3770-405,40.50724,-8.56102,coop.agricola oliveira do bairro,galp,rua dos emigrantes nº22,"1,990 €",2026-05-15_dgeg_postos_raw.csv,1230010750e562ff
2026-05-15,2026-05-15 14:31:32,2026-05-08 12:15:00,0eb15ba55e59254b,0eb15ba55e59254b_diesel_premium,Transforpel Combustíveis Moncarapacho,TRANSFORPEL,diesel_premium,Gasóleo especial,Outro,1.959,Olhão,Faro,Estrada Nacional 125 em Bias do Norte,Moncarapacho,8700-068,37.0505,-7.78135,transforpel combustíveis moncarapacho,transforpel,estrada nacional 125 em bias do norte,"1,959 €",2026-05-15_dgeg_postos_raw.csv,94446d0282c9fa71
2026-05-15,2026-05-15 14:31:32,2026-05-08 12:15:00,0eb15ba55e59254b,0eb15ba55e59254b_diesel_regular,Transforpel Combustíveis Moncarapacho,TRANSFORPEL,diesel_regular,Gasóleo simples,Outro,1.929,Olhão,Faro,Estrada Nacional 125 em Bias do Norte,Moncarapacho,8700-068,37.0505,-7.78135,transforpel combustíveis moncarapacho,transforpel,estrada nacional 125 em bias do norte,"1,929 €",2026-05-15_dgeg_postos_raw.csv,ebdf6621245ef406
2026-05-15,2026-05-15 14:31:32,2026-05-08 12:15:00,0eb15ba55e59254b,0eb15ba55e59254b_gasoline_95,Transforpel Combustíveis Moncarapacho,TRANSFORPEL,gasoline_95,Gasolina simples 95,Outro,1.839,Olhão,Faro,Estrada Nacional 125 em Bias do Norte,Moncarapacho,8700-068,37.0505,-7.78135,transforpel combustíveis moncarapacho,transforpel,estrada nacional 125 em bias do norte,"1,839 €",2026-05-15_dgeg_postos_raw.csv,7688ce0398fa9cda
2026-05-15,2026-05-15 14:31:32,2026-05-08 12:15:00,deeaaa25ecf5a55c,deeaaa25ecf5a55c_diesel_regular,Transforpel Combustíveis Calços Martingança,TRANSFORPEL,diesel_regular,Gasóleo simples,Outro,1.929,Alcobaça,Leiria,"Av. Nossa Srª. da Nazaré, EN 242, Km 21",Calços-Martingança,2445-701,39.68448,-8.96818,transforpel combustíveis calços martingança,transforpel,"av. nossa srª. da nazaré, en 242, km 21","1,929 €",2026-05-15_dgeg_postos_raw.csv,077ccc4924b4386d
2026-05-15,2026-05-15 14:31:32,2026-05-08 12:15:00,deeaaa25ecf5a55c,deeaaa25ecf5a55c_gasoline_95,Transforpel Combustíveis Calços Martingança,TRANSFORPEL,gasoline_95,Gasolina simples 95,Outro,1.839,Alcobaça,Leiria,"Av. Nossa Srª. da Nazaré, EN 242, Km 21",Calços-Martingança,2445-701,39.68448,-8.96818,transforpel combustíveis calços martingança,transforpel,"av. nossa srª. da nazaré, en 242, km 21","1,839 €",2026-05-15_dgeg_postos_raw.csv,dfa78fca5ef2ba61
2026-05-15,2026-05-15 14:31:32,2026-05-08 12:20:00,622c462d99e50ca3,622c462d99e50ca3_gasoline_95,Transforpel Combustíveis Chão de Sapo,TRANSFORPEL,gasoline_95,Gasolina simples 95,Outro,1.819,Cadaval,Lisboa,Rua 25 de Abril,Chão de Sapo,2550-362,39.223868,-9.076041,transforpel combustíveis chão de sapo,transforpel,rua 25 de abril,"1,819 €",2026-05-15_dgeg_postos_raw.csv,03d16c8bf77c8570
2026-05-15,2026-05-15 14:31:32,2026-05-08 12:20:00,622c462d99e50ca3,622c462d99e50ca3_diesel_regular,Transforpel Combustíveis Chão de Sapo,TRANSFORPEL,diesel_regular,Gasóleo simples,Outro,1.899,Cadaval,Lisboa,Rua 25 de Abril,Chão de Sapo,2550-362,39.223868,-9.076041,transforpel combustíveis chão de sapo,transforpel,rua 25 de abril,"1,899 €",2026-05-15_dgeg_postos_raw.csv,feaa7118bc7ba9c2
2026-05-15,2026-05-15 14:31:32,2026-05-08 12:20:00,622c462d99e50ca3,622c462d99e50ca3_diesel_premium,Transforpel Combustíveis Chão de Sapo,TRANSFORPEL,diesel_premium,Gasóleo especial,Outro,1.929,Cadaval,Lisboa,Rua 25 de Abril,Chão de Sapo,2550-362,39.223868,-9.076041,transforpel combustíveis chão de sapo,transforpel,rua 25 de abril,"1,929 €",2026-05-15_dgeg_postos_raw.csv,b1b7749016f710c1
2026-05-15,2026-05-15 14:31:32,2026-05-08 12:20:00,f2373ee7ed629639,f2373ee7ed629639_diesel_premium,Transforpel Combustíveis Marinha Grande,TRANSFORPEL,diesel_premium,Gasóleo especial,Outro,1.959,Marinha Grande,Leiria,Zona Industrial da Embra,Marinha Grande,2430-091,39.750379,-8.904627,transforpel combustíveis marinha grande,transforpel,zona industrial da embra,"1,959 €",2026-05-15_dgeg_postos_raw.csv,a4d9ad78b8791c9f
2026-05-15,2026-05-15 14:31:32,2026-05-08 12:20:00,f2373ee7ed629639,f2373ee7ed629639_diesel_regular,Transforpel Combustíveis Marinha Grande,TRANSFORPEL,diesel_regular,Gasóleo simples,Outro,1.929,Marinha Grande,Leiria,Zona Industrial da Embra,Marinha Grande,2430-091,39.750379,-8.904627,transforpel combustíveis marinha grande,transforpel,zona industrial da embra,"1,929 €",2026-05-15_dgeg_postos_raw.csv,fa1d2e0cc9b55567
2026-05-15,2026-05-15 14:31:32,2026-05-08 12:20:00,f2373ee7ed629639,f2373ee7ed629639_gasoline_95,Transforpel Combustíveis Marinha Grande,TRANSFORPEL,gasoline_95,Gasolina simples 95,Outro,1.839,Marinha Grande,Leiria,Zona Industrial da Embra,Marinha Grande,2430-091,39.750379,-8.904627,transforpel combustíveis marinha grande,transforpel,zona industrial da embra,"1,839 €",2026-05-15_dgeg_postos_raw.csv,c9f5a289b3529b2e
2026-05-15,2026-05-15 14:31:32,2026-05-08 13:45:00,7236c3bc4e5013b1,7236c3bc4e5013b1_gasoline_95,ORTIGOSA,MOEVE,gasoline_95,Gasolina simples 95,Outro,2.028,Leiria,Leiria,RUA JOAQUIM DE SOUSA NRº1400,Ortigosa,2425-737,39.81953,-8.841242,ortigosa,moeve,rua joaquim de sousa nrº1400,"2,028 €",2026-05-15_dgeg_postos_raw.csv,198c2b4481136824
2026-05-15,2026-05-15 14:31:32,2026-05-08 13:45:00,7236c3bc4e5013b1,7236c3bc4e5013b1_diesel_regular,ORTIGOSA,MOEVE,diesel_regular,Gasóleo simples,Outro,2.036,Leiria,Leiria,RUA JOAQUIM DE SOUSA NRº1400,Ortigosa,2425-737,39.81953,-8.841242,ortigosa,moeve,rua joaquim de sousa nrº1400,"2,036 €",2026-05-15_dgeg_postos_raw.csv,32c731679e01f14f
2026-05-15,2026-05-15 14:31:32,2026-05-08 13:45:00,7236c3bc4e5013b1,7236c3bc4e5013b1_diesel_premium,ORTIGOSA,MOEVE,diesel_premium,Gasóleo especial,Outro,2.086,Leiria,Leiria,RUA JOAQUIM DE SOUSA NRº1400,Ortigosa,2425-737,39.81953,-8.841242,ortigosa,moeve,rua joaquim de sousa nrº1400,"2,086 €",2026-05-15_dgeg_postos_raw.csv,08d1e020e55174b2
2026-05-15,2026-05-15 14:31:32,2026-05-08 17:10:00,91f17e64bfbe8624,91f17e64bfbe8624_diesel_premium,CEPSA Moimenta da Beira/Leomil,CEPSA,diesel_premium,Gasóleo especial,Outro,2.036,Moimenta da Beira,Viseu,"Av. Leodomiro, nº 12 -  Alto da Portela",Leomil,3620-162,40.98431,-7.637532,cepsa moimenta da beira/leomil,cepsa,"av. leodomiro, nº 12 - alto da portela","2,036 €",2026-05-15_dgeg_postos_raw.csv,b2ff429ff7d12755
2026-05-15,2026-05-15 14:31:32,2026-05-08 17:10:00,91f17e64bfbe8624,91f17e64bfbe8624_diesel_regular,CEPSA Moimenta da Beira/Leomil,CEPSA,diesel_regular,Gasóleo simples,Outro,1.986,Moimenta da Beira,Viseu,"Av. Leodomiro, nº 12 -  Alto da Portela",Leomil,3620-162,40.98431,-7.637532,cepsa moimenta da beira/leomil,cepsa,"av. leodomiro, nº 12 - alto da portela","1,986 €",2026-05-15_dgeg_postos_raw.csv,e38d7cde8a3c93c4
2026-05-15,2026-05-15 14:31:32,2026-05-08 17:10:00,91f17e64bfbe8624,91f17e64bfbe8624_gasoline_95,CEPSA Moimenta da Beira/Leomil,CEPSA,gasoline_95,Gasolina simples 95,Outro,1.978,Moimenta da Beira,Viseu,"Av. Leodomiro, nº 12 -  Alto da Portela",Leomil,3620-162,40.98431,-7.637532,cepsa moimenta da beira/leomil,cepsa,"av. leodomiro, nº 12 - alto da portela","1,978 €",2026-05-15_dgeg_postos_raw.csv,ebb2803bf2799fcb
2026-05-15,2026-05-15 14:31:32,2026-05-08 17:30:00,b77c25b092d2c857,b77c25b092d2c857_diesel_regular,VILA NOVA DE PAIVA,CEPSA,diesel_regular,Gasóleo simples,Outro,1.986,Vila Nova de Paiva,Viseu,"AV. AQUILINO RIBEIRO, LARGO DO RAMALHAL",Vila Nova de Paiva,3650-195,40.85201,-7.727834,vila nova de paiva,cepsa,"av. aquilino ribeiro, largo do ramalhal","1,986 €",2026-05-15_dgeg_postos_raw.csv,0dcdd451036f8c84
2026-05-15,2026-05-15 14:31:32,2026-05-08 17:30:00,b77c25b092d2c857,b77c25b092d2c857_diesel_premium,VILA NOVA DE PAIVA,CEPSA,diesel_premium,Gasóleo especial,Outro,2.036,Vila Nova de Paiva,Viseu,"AV. AQUILINO RIBEIRO, LARGO DO RAMALHAL",Vila Nova de Paiva,3650-195,40.85201,-7.727834,vila nova de paiva,cepsa,"av. aquilino ribeiro, largo do ramalhal","2,036 €",2026-05-15_dgeg_postos_raw.csv,850c59e0bf5fe7ca
2026-05-15,2026-05-15 14:31:32,2026-05-08 17:30:00,b77c25b092d2c857,b77c25b092d2c857_gasoline_95,VILA NOVA DE PAIVA,CEPSA,gasoline_95,Gasolina simples 95,Outro,1.978,Vila Nova de Paiva,Viseu,"AV. AQUILINO RIBEIRO, LARGO DO RAMALHAL",Vila Nova de Paiva,3650-195,40.85201,-7.727834,vila nova de paiva,cepsa,"av. aquilino ribeiro, largo do ramalhal","1,978 €",2026-05-15_dgeg_postos_raw.csv,5ee2b29b101dd4d8
2026-05-15,2026-05-15 14:31:32,2026-05-09 12:45:00,0402c9ae2660d612,0402c9ae2660d612_diesel_regular,"JOSE C.SIMOES & MANUEL P.SIMOES, LDA - PA Galp Azinhal",GALP,diesel_regular,Gasóleo simples,Outro,2.133,Santiago do Cacém,Setúbal,AZINHAL,Vila Nova de Santo André,7500-120,38.05803,-8.749288,"jose c.simoes & manuel p.simoes, lda - pa galp azinhal",galp,azinhal,"2,133 €",2026-05-15_dgeg_postos_raw.csv,44168cb5172d1fa2
2026-05-15,2026-05-15 14:31:32,2026-05-09 12:45:00,0402c9ae2660d612,0402c9ae2660d612_diesel_premium,"JOSE C.SIMOES & MANUEL P.SIMOES, LDA - PA Galp Azinhal",GALP,diesel_premium,Gasóleo especial,Outro,2.153,Santiago do Cacém,Setúbal,AZINHAL,Vila Nova de Santo André,7500-120,38.05803,-8.749288,"jose c.simoes & manuel p.simoes, lda - pa galp azinhal",galp,azinhal,"2,153 €",2026-05-15_dgeg_postos_raw.csv,492e16ad6dbbb0b6
2026-05-15,2026-05-15 14:31:32,2026-05-10 00:00:00,79e2a8c5f77b74fa,79e2a8c5f77b74fa_diesel_regular,MARCO DE CANAVESES,CEPSA,diesel_regular,Gasóleo simples,Outro,2.101,Marco de Canaveses,Porto,Rua Manuel Pereira Soares,Marco de Canaveses,4630-296,41.18279,-8.146681,marco de canaveses,cepsa,rua manuel pereira soares,"2,101 €",2026-05-15_dgeg_postos_raw.csv,4a0ad17dc416aa96
2026-05-15,2026-05-15 14:31:32,2026-05-10 00:00:00,79e2a8c5f77b74fa,79e2a8c5f77b74fa_diesel_premium,MARCO DE CANAVESES,CEPSA,diesel_premium,Gasóleo especial,Outro,2.181,Marco de Canaveses,Porto,Rua Manuel Pereira Soares,Marco de Canaveses,4630-296,41.18279,-8.146681,marco de canaveses,cepsa,rua manuel pereira soares,"2,181 €",2026-05-15_dgeg_postos_raw.csv,6739f3170d860ace
2026-05-15,2026-05-15 14:31:32,2026-05-10 00:00:00,79e2a8c5f77b74fa,79e2a8c5f77b74fa_gasoline_95,MARCO DE CANAVESES,CEPSA,gasoline_95,Gasolina simples 95,Outro,2.033,Marco de Canaveses,Porto,Rua Manuel Pereira Soares,Marco de Canaveses,4630-296,41.18279,-8.146681,marco de canaveses,cepsa,rua manuel pereira soares,"2,033 €",2026-05-15_dgeg_postos_raw.csv,d5091f0626b5ac42
2026-05-15,2026-05-15 14:31:32,2026-05-10 00:00:00,79e2a8c5f77b74fa,79e2a8c5f77b74fa_gasoline_98,MARCO DE CANAVESES,CEPSA,gasoline_98,Gasolina especial 98,Outro,2.265,Marco de Canaveses,Porto,Rua Manuel Pereira Soares,Marco de Canaveses,4630-296,41.18279,-8.146681,marco de canaveses,cepsa,rua manuel pereira soares,"2,265 €",2026-05-15_dgeg_postos_raw.csv,882c46c6c88281e8
2026-05-15,2026-05-15 14:31:32,2026-05-10 14:35:00,e8a2856628419431,e8a2856628419431_diesel_regular,"A. Ricardo & Esposa, Lda",GALP,diesel_regular,Gasóleo simples,Outro,2.059,Portalegre,Portalegre,"Estrada de Arroches, 8",Alegrete,7300-335,39.2269,-7.3051,"a. ricardo & esposa, lda",galp,"estrada de arroches, 8","2,059 €",2026-05-15_dgeg_postos_raw.csv,9bb4b9836a22d874
2026-05-15,2026-05-15 14:31:32,2026-05-10 14:35:00,e8a2856628419431,e8a2856628419431_gasoline_95,"A. Ricardo & Esposa, Lda",GALP,gasoline_95,Gasolina simples 95,Outro,2.062,Portalegre,Portalegre,"Estrada de Arroches, 8",Alegrete,7300-335,39.2269,-7.3051,"a. ricardo & esposa, lda",galp,"estrada de arroches, 8","2,062 €",2026-05-15_dgeg_postos_raw.csv,f187869d59754ea5
2026-05-15,2026-05-15 14:31:32,2026-05-10 16:40:00,08a1a1b58d023e2e,08a1a1b58d023e2e_diesel_regular,intermarche maceira,INTERMARCHÉ,diesel_regular,Gasóleo simples,Outro,1.859,Leiria,Leiria,EN 356/1,Maceira,2400-000,39.68455,-8.89524,intermarche maceira,intermarché,en 356/1,"1,859 €",2026-05-15_dgeg_postos_raw.csv,0ebe23351fe19423
2026-05-15,2026-05-15 14:31:32,2026-05-10 16:40:00,08a1a1b58d023e2e,08a1a1b58d023e2e_diesel_premium,intermarche maceira,INTERMARCHÉ,diesel_premium,Gasóleo especial,Outro,1.899,Leiria,Leiria,EN 356/1,Maceira,2400-000,39.68455,-8.89524,intermarche maceira,intermarché,en 356/1,"1,899 €",2026-05-15_dgeg_postos_raw.csv,9dbf1ce217dd4fb2
2026-05-15,2026-05-15 14:31:32,2026-05-10 16:40:00,08a1a1b58d023e2e,08a1a1b58d023e2e_gasoline_95,intermarche maceira,INTERMARCHÉ,gasoline_95,Gasolina simples 95,Outro,1.919,Leiria,Leiria,EN 356/1,Maceira,2400-000,39.68455,-8.89524,intermarche maceira,intermarché,en 356/1,"1,919 €",2026-05-15_dgeg_postos_raw.csv,bca056be28923869
2026-05-15,2026-05-15 14:31:32,2026-05-10 17:25:00,c496039ed886ba71,c496039ed886ba71_diesel_regular,CEPSA,CEPSA,diesel_regular,Gasóleo simples,Outro,1.998,Celorico da Beira,Guarda,Rua Sacadura Cabral,Celorico da Beira,6360-331,40.6342,-7.39472,cepsa,cepsa,rua sacadura cabral,"1,998 €",2026-05-15_dgeg_postos_raw.csv,5950ccfa3c7ed285
2026-05-15,2026-05-15 14:31:32,2026-05-10 17:25:00,c496039ed886ba71,c496039ed886ba71_diesel_premium,CEPSA,CEPSA,diesel_premium,Gasóleo especial,Outro,2.048,Celorico da Beira,Guarda,Rua Sacadura Cabral,Celorico da Beira,6360-331,40.6342,-7.39472,cepsa,cepsa,rua sacadura cabral,"2,048 €",2026-05-15_dgeg_postos_raw.csv,a37cebb2bad62f80
2026-05-15,2026-05-15 14:31:32,2026-05-10 17:25:00,c496039ed886ba71,c496039ed886ba71_gasoline_95,CEPSA,CEPSA,gasoline_95,Gasolina simples 95,Outro,1.998,Celorico da Beira,Guarda,Rua Sacadura Cabral,Celorico da Beira,6360-331,40.6342,-7.39472,cepsa,cepsa,rua sacadura cabral,"1,998 €",2026-05-15_dgeg_postos_raw.csv,4af9c3e811885d31
2026-05-15,2026-05-15 14:31:32,2026-05-10 18:55:00,47b5b60936cbd2cc,47b5b60936cbd2cc_diesel_regular,PA Arrifana- Guarda,Genérico,diesel_regular,Gasóleo simples,Outro,1.879,Guarda,Guarda,"EN 16, AV SÃO MARTINHO Nº 50",Arrifana,6300-035,40.572758,-7.197238,pa arrifana- guarda,genérico,"en 16, av são martinho nº 50","1,879 €",2026-05-15_dgeg_postos_raw.csv,627387b8810810bc
2026-05-15,2026-05-15 14:31:32,2026-05-10 18:55:00,47b5b60936cbd2cc,47b5b60936cbd2cc_gasoline_95,PA Arrifana- Guarda,Genérico,gasoline_95,Gasolina simples 95,Outro,1.959,Guarda,Guarda,"EN 16, AV SÃO MARTINHO Nº 50",Arrifana,6300-035,40.572758,-7.197238,pa arrifana- guarda,genérico,"en 16, av são martinho nº 50","1,959 €",2026-05-15_dgeg_postos_raw.csv,69de3a65b0a3d024
2026-05-15,2026-05-15 14:31:32,2026-05-10 18:55:00,47b5b60936cbd2cc,47b5b60936cbd2cc_diesel_premium,PA Arrifana- Guarda,Genérico,diesel_premium,Gasóleo especial,Outro,1.929,Guarda,Guarda,"EN 16, AV SÃO MARTINHO Nº 50",Arrifana,6300-035,40.572758,-7.197238,pa arrifana- guarda,genérico,"en 16, av são martinho nº 50","1,929 €",2026-05-15_dgeg_postos_raw.csv,bdc6769f026b63c2
2026-05-15,2026-05-15 14:31:32,2026-05-10 19:25:00,9c82bb3591ddee2a,9c82bb3591ddee2a_diesel_regular,Coprapec - Quinta da Ponte (fecha 17:30h),REPSOL,diesel_regular,Gasóleo simples,Outro,2.079,Montemor-o-Novo,Évora,Quinta da Ponte,Montemor-O-Novo,7050-200,38.639347,-8.225169,coprapec - quinta da ponte (fecha 17:30h),repsol,quinta da ponte,"2,079 €",2026-05-15_dgeg_postos_raw.csv,cf754d27c893bac2
2026-05-15,2026-05-15 14:31:32,2026-05-10 20:05:00,4a534339b2c61484,4a534339b2c61484_diesel_regular,bp ribeirinho,BP,diesel_regular,Gasóleo simples,Outro,2.104,Arcos de Valdevez,Viana do Castelo,"Rua Ponte Velha, n 25Ribeirinho",Parada,4970-272,41.859408,-8.42645,bp ribeirinho,bp,"rua ponte velha, n 25ribeirinho","2,104 €",2026-05-15_dgeg_postos_raw.csv,540280c3e9947624
2026-05-15,2026-05-15 14:31:32,2026-05-10 20:05:00,4a534339b2c61484,4a534339b2c61484_diesel_premium,bp ribeirinho,BP,diesel_premium,Gasóleo especial,Outro,2.224,Arcos de Valdevez,Viana do Castelo,"Rua Ponte Velha, n 25Ribeirinho",Parada,4970-272,41.859408,-8.42645,bp ribeirinho,bp,"rua ponte velha, n 25ribeirinho","2,224 €",2026-05-15_dgeg_postos_raw.csv,36f8d3a012f86d42
2026-05-15,2026-05-15 14:31:32,2026-05-10 20:05:00,4a534339b2c61484,4a534339b2c61484_gasoline_95,bp ribeirinho,BP,gasoline_95,Gasolina simples 95,Outro,2.099,Arcos de Valdevez,Viana do Castelo,"Rua Ponte Velha, n 25Ribeirinho",Parada,4970-272,41.859408,-8.42645,bp ribeirinho,bp,"rua ponte velha, n 25ribeirinho","2,099 €",2026-05-15_dgeg_postos_raw.csv,216cd022fa2fc03f
2026-05-15,2026-05-15 14:31:32,2026-05-10 20:05:00,4a534339b2c61484,4a534339b2c61484_gasoline_98,bp ribeirinho,BP,gasoline_98,Gasolina especial 98,Outro,2.299,Arcos de Valdevez,Viana do Castelo,"Rua Ponte Velha, n 25Ribeirinho",Parada,4970-272,41.859408,-8.42645,bp ribeirinho,bp,"rua ponte velha, n 25ribeirinho","2,299 €",2026-05-15_dgeg_postos_raw.csv,b5fec85bce17ed02
2026-05-15,2026-05-15 14:31:32,2026-05-10 23:00:00,485a843da79e9555,485a843da79e9555_diesel_premium,GASPE Freixo de Espada à Cinta,GASPE,diesel_premium,Gasóleo especial,Outro,2.079,Freixo de Espada à Cinta,Bragança,"Av. Guerra Junqueiro, 19",Freixo de Espada à Cinta,5180-104,41.09042,-6.80857,gaspe freixo de espada à cinta,gaspe,"av. guerra junqueiro, 19","2,079 €",2026-05-15_dgeg_postos_raw.csv,89658f2954ea0562
2026-05-15,2026-05-15 14:31:32,2026-05-10 23:00:00,2345ec813c2a8b2d,2345ec813c2a8b2d_diesel_regular,"Moncorvimov, Lda",GASPE,diesel_regular,Gasóleo simples,Outro,2.059,Torre de Moncorvo,Bragança,EN 220,Carvalhal-Felgar,5160-000,41.182906,-6.98249,"moncorvimov, lda",gaspe,en 220,"2,059 €",2026-05-15_dgeg_postos_raw.csv,aac8d75ccb6e8c42
2026-05-15,2026-05-15 14:31:32,2026-05-10 23:00:00,2345ec813c2a8b2d,2345ec813c2a8b2d_diesel_premium,"Moncorvimov, Lda",GASPE,diesel_premium,Gasóleo especial,Outro,2.079,Torre de Moncorvo,Bragança,EN 220,Carvalhal-Felgar,5160-000,41.182906,-6.98249,"moncorvimov, lda",gaspe,en 220,"2,079 €",2026-05-15_dgeg_postos_raw.csv,0ce09e0e08a77261
2026-05-15,2026-05-15 14:31:32,2026-05-10 23:00:00,2345ec813c2a8b2d,2345ec813c2a8b2d_gasoline_95,"Moncorvimov, Lda",GASPE,gasoline_95,Gasolina simples 95,Outro,2.062,Torre de Moncorvo,Bragança,EN 220,Carvalhal-Felgar,5160-000,41.182906,-6.98249,"moncorvimov, lda",gaspe,en 220,"2,062 €",2026-05-15_dgeg_postos_raw.csv,fb4d26a0031d515b
2026-05-15,2026-05-15 14:31:32,2026-05-10 23:00:00,485a843da79e9555,485a843da79e9555_diesel_regular,GASPE Freixo de Espada à Cinta,GASPE,diesel_regular,Gasóleo simples,Outro,2.059,Freixo de Espada à Cinta,Bragança,"Av. Guerra Junqueiro, 19",Freixo de Espada à Cinta,5180-104,41.09042,-6.80857,gaspe freixo de espada à cinta,gaspe,"av. guerra junqueiro, 19","2,059 €",2026-05-15_dgeg_postos_raw.csv,a8df55cba85684ae
2026-05-15,2026-05-15 14:31:32,2026-05-10 23:00:00,485a843da79e9555,485a843da79e9555_gasoline_95,GASPE Freixo de Espada à Cinta,GASPE,gasoline_95,Gasolina simples 95,Outro,2.062,Freixo de Espada à Cinta,Bragança,"Av. Guerra Junqueiro, 19",Freixo de Espada à Cinta,5180-104,41.09042,-6.80857,gaspe freixo de espada à cinta,gaspe,"av. guerra junqueiro, 19","2,062 €",2026-05-15_dgeg_postos_raw.csv,9821fb144b610125
2026-05-15,2026-05-15 14:31:32,2026-05-10 23:05:00,c5cc732486c21afd,c5cc732486c21afd_diesel_regular,"Marfilauto - Auto Reparadora, Lda.",GALP,diesel_regular,Gasóleo simples,Outro,2.055,Barcelos,Braga,"Rª Dª Elvira Gomes Barroso, Nº 274\nEN 205, Km 17,7",Gilmonde,4755-233,41.50344,-8.66915,"marfilauto - auto reparadora, lda.",galp,"rª dª elvira gomes barroso, nº 274\nen 205, km 17,7","2,055 €",2026-05-15_dgeg_postos_raw.csv,fe81b171f158028b
2026-05-15,2026-05-15 14:31:32,2026-05-10 23:05:00,c5cc732486c21afd,c5cc732486c21afd_diesel_premium,"Marfilauto - Auto Reparadora, Lda.",GALP,diesel_premium,Gasóleo especial,Outro,2.105,Barcelos,Braga,"Rª Dª Elvira Gomes Barroso, Nº 274\nEN 205, Km 17,7",Gilmonde,4755-233,41.50344,-8.66915,"marfilauto - auto reparadora, lda.",galp,"rª dª elvira gomes barroso, nº 274\nen 205, km 17,7","2,105 €",2026-05-15_dgeg_postos_raw.csv,0b01a822f50580c8
2026-05-15,2026-05-15 14:31:32,2026-05-10 23:05:00,c5cc732486c21afd,c5cc732486c21afd_gasoline_95,"Marfilauto - Auto Reparadora, Lda.",GALP,gasoline_95,Gasolina simples 95,Outro,2.051,Barcelos,Braga,"Rª Dª Elvira Gomes Barroso, Nº 274\nEN 205, Km 17,7",Gilmonde,4755-233,41.50344,-8.66915,"marfilauto - auto reparadora, lda.",galp,"rª dª elvira gomes barroso, nº 274\nen 205, km 17,7","2,051 €",2026-05-15_dgeg_postos_raw.csv,91f4951fe8ed1e70
2026-05-15,2026-05-15 14:31:32,2026-05-10 23:05:00,65475b48299e8811,65475b48299e8811_gasoline_98,BP MOGADOURO,BP,gasoline_98,Gasolina especial 98,Outro,2.329,Mogadouro,Bragança,Recta de Vale da Madre,Mogadouro,5200-216,41.353201,-6.707939,bp mogadouro,bp,recta de vale da madre,"2,329 €",2026-05-15_dgeg_postos_raw.csv,38dbcea172f66948
2026-05-15,2026-05-15 14:31:32,2026-05-10 23:05:00,65475b48299e8811,65475b48299e8811_diesel_regular,BP MOGADOURO,BP,diesel_regular,Gasóleo simples,Outro,2.064,Mogadouro,Bragança,Recta de Vale da Madre,Mogadouro,5200-216,41.353201,-6.707939,bp mogadouro,bp,recta de vale da madre,"2,064 €",2026-05-15_dgeg_postos_raw.csv,02bc535046dd5aff
2026-05-15,2026-05-15 14:31:32,2026-05-10 23:05:00,65475b48299e8811,65475b48299e8811_diesel_premium,BP MOGADOURO,BP,diesel_premium,Gasóleo especial,Outro,2.229,Mogadouro,Bragança,Recta de Vale da Madre,Mogadouro,5200-216,41.353201,-6.707939,bp mogadouro,bp,recta de vale da madre,"2,229 €",2026-05-15_dgeg_postos_raw.csv,1970110b14ba1579
2026-05-15,2026-05-15 14:31:32,2026-05-10 23:05:00,65475b48299e8811,65475b48299e8811_gasoline_95,BP MOGADOURO,BP,gasoline_95,Gasolina simples 95,Outro,2.059,Mogadouro,Bragança,Recta de Vale da Madre,Mogadouro,5200-216,41.353201,-6.707939,bp mogadouro,bp,recta de vale da madre,"2,059 €",2026-05-15_dgeg_postos_raw.csv,38528d1e29616db7
2026-05-15,2026-05-15 14:31:32,2026-05-10 23:30:00,449ccd60f5f64708,449ccd60f5f64708_diesel_regular,AUTO JULIO - Pombal,AUTO JULIO,diesel_regular,Gasóleo simples,Outro,1.859,Pombal,Leiria,Rua José Portela Fernandes Farinha n. 50 - Z. I. da Formiga,Pombal,3100-516,39.91706,-8.6354,auto julio - pombal,auto julio,rua josé portela fernandes farinha n. 50 - z. i. da formiga,"1,859 €",2026-05-15_dgeg_postos_raw.csv,56e08e4c1a60e841
2026-05-15,2026-05-15 14:31:32,2026-05-10 23:30:00,449ccd60f5f64708,449ccd60f5f64708_diesel_premium,AUTO JULIO - Pombal,AUTO JULIO,diesel_premium,Gasóleo especial,Outro,1.879,Pombal,Leiria,Rua José Portela Fernandes Farinha n. 50 - Z. I. da Formiga,Pombal,3100-516,39.91706,-8.6354,auto julio - pombal,auto julio,rua josé portela fernandes farinha n. 50 - z. i. da formiga,"1,879 €",2026-05-15_dgeg_postos_raw.csv,18ca6434b7a2b8c1
2026-05-15,2026-05-15 14:31:32,2026-05-10 23:30:00,449ccd60f5f64708,449ccd60f5f64708_gasoline_95,AUTO JULIO - Pombal,AUTO JULIO,gasoline_95,Gasolina simples 95,Outro,1.882,Pombal,Leiria,Rua José Portela Fernandes Farinha n. 50 - Z. I. da Formiga,Pombal,3100-516,39.91706,-8.6354,auto julio - pombal,auto julio,rua josé portela fernandes farinha n. 50 - z. i. da formiga,"1,882 €",2026-05-15_dgeg_postos_raw.csv,1593c96c60678d8d
2026-05-15,2026-05-15 14:31:32,2026-05-10 23:50:00,3efe003d787f46db,3efe003d787f46db_diesel_premium,OZ ENERGIA - S. João das Lampas,OZ Energia,diesel_premium,Gasóleo especial,Outro,2.004,Sintra,Lisboa,"AVENIDA CENTRAL, 15",São João das Lampas,2705-737,38.871094,-9.399063,oz energia - s. joão das lampas,oz energia,"avenida central, 15","2,004 €",2026-05-15_dgeg_postos_raw.csv,465f8e76966c15a1
2026-05-15,2026-05-15 14:31:32,2026-05-10 23:50:00,3efe003d787f46db,3efe003d787f46db_diesel_regular,OZ ENERGIA - S. João das Lampas,OZ Energia,diesel_regular,Gasóleo simples,Outro,2.044,Sintra,Lisboa,"AVENIDA CENTRAL, 15",São João das Lampas,2705-737,38.871094,-9.399063,oz energia - s. joão das lampas,oz energia,"avenida central, 15","2,044 €",2026-05-15_dgeg_postos_raw.csv,ea653f74457fabfe
2026-05-15,2026-05-15 14:31:32,2026-05-10 23:50:00,3efe003d787f46db,3efe003d787f46db_gasoline_95,OZ ENERGIA - S. João das Lampas,OZ Energia,gasoline_95,Gasolina simples 95,Outro,1.984,Sintra,Lisboa,"AVENIDA CENTRAL, 15",São João das Lampas,2705-737,38.871094,-9.399063,oz energia - s. joão das lampas,oz energia,"avenida central, 15","1,984 €",2026-05-15_dgeg_postos_raw.csv,e82168b5cffe9b73
2026-05-15,2026-05-15 14:31:32,2026-05-10 23:50:00,e7a4c0330d3fd8b0,e7a4c0330d3fd8b0_diesel_premium,OZ ENERGIA - MURTOSA,OZ Energia,diesel_premium,Gasóleo especial,Outro,1.469,Murtosa,Aveiro,Lugar de Levegada de Sedouros - Estrada de Sedouros,Agro,3870-011,40.757984,-8.651978,oz energia - murtosa,oz energia,lugar de levegada de sedouros - estrada de sedouros,"1,469 €",2026-05-15_dgeg_postos_raw.csv,3a9cae2709c4b467
2026-05-15,2026-05-15 14:31:32,2026-05-11 00:00:00,0bb215c272b7c6e0,0bb215c272b7c6e0_diesel_premium,E.S. ALCANEDE,REPSOL,diesel_premium,Gasóleo especial,Outro,2.089,Santarém,Santarém,"EN 362, KM 29,570 Mosteiros",Alcanede,2025-047,39.423001,-8.832418,e.s. alcanede,repsol,"en 362, km 29,570 mosteiros","2,089 €",2026-05-15_dgeg_postos_raw.csv,b4310b24237dc02a
2026-05-15,2026-05-15 14:31:32,2026-05-11 00:00:00,0bb215c272b7c6e0,0bb215c272b7c6e0_diesel_regular,E.S. ALCANEDE,REPSOL,diesel_regular,Gasóleo simples,Outro,2.029,Santarém,Santarém,"EN 362, KM 29,570 Mosteiros",Alcanede,2025-047,39.423001,-8.832418,e.s. alcanede,repsol,"en 362, km 29,570 mosteiros","2,029 €",2026-05-15_dgeg_postos_raw.csv,eb342c9a3d9f09e5
2026-05-15,2026-05-15 14:31:32,2026-05-11 00:00:00,0bb215c272b7c6e0,0bb215c272b7c6e0_gasoline_95,E.S. ALCANEDE,REPSOL,gasoline_95,Gasolina simples 95,Outro,2.027,Santarém,Santarém,"EN 362, KM 29,570 Mosteiros",Alcanede,2025-047,39.423001,-8.832418,e.s. alcanede,repsol,"en 362, km 29,570 mosteiros","2,027 €",2026-05-15_dgeg_postos_raw.csv,9af6c3138c3a74bf
2026-05-15,2026-05-15 14:31:32,2026-05-11 00:00:00,0bb215c272b7c6e0,0bb215c272b7c6e0_gasoline_98,E.S. ALCANEDE,REPSOL,gasoline_98,Gasolina especial 98,Outro,2.217,Santarém,Santarém,"EN 362, KM 29,570 Mosteiros",Alcanede,2025-047,39.423001,-8.832418,e.s. alcanede,repsol,"en 362, km 29,570 mosteiros","2,217 €",2026-05-15_dgeg_postos_raw.csv,9c907eb146c749d3
2026-05-15,2026-05-15 14:31:32,2026-05-11 00:00:00,c045c7a3586a1c4f,c045c7a3586a1c4f_diesel_premium,E.S. LIXA,REPSOL,diesel_premium,Gasóleo especial,Outro,2.089,Amarante,Porto,Av. Alto da Lixa nº 562,Lixa,4615-013,41.31519,-8.1391,e.s. lixa,repsol,av. alto da lixa nº 562,"2,089 €",2026-05-15_dgeg_postos_raw.csv,e9929e4a6b5376ec
2026-05-15,2026-05-15 14:31:32,2026-05-11 00:00:00,c045c7a3586a1c4f,c045c7a3586a1c4f_diesel_regular,E.S. LIXA,REPSOL,diesel_regular,Gasóleo simples,Outro,2.029,Amarante,Porto,Av. Alto da Lixa nº 562,Lixa,4615-013,41.31519,-8.1391,e.s. lixa,repsol,av. alto da lixa nº 562,"2,029 €",2026-05-15_dgeg_postos_raw.csv,46060519254db88b
2026-05-15,2026-05-15 14:31:32,2026-05-11 00:00:00,c045c7a3586a1c4f,c045c7a3586a1c4f_gasoline_98,E.S. LIXA,REPSOL,gasoline_98,Gasolina especial 98,Outro,2.217,Amarante,Porto,Av. Alto da Lixa nº 562,Lixa,4615-013,41.31519,-8.1391,e.s. lixa,repsol,av. alto da lixa nº 562,"2,217 €",2026-05-15_dgeg_postos_raw.csv,852a48ec3a0ebb3d
2026-05-15,2026-05-15 14:31:32,2026-05-11 00:00:00,c045c7a3586a1c4f,c045c7a3586a1c4f_gasoline_95,E.S. LIXA,REPSOL,gasoline_95,Gasolina simples 95,Outro,2.027,Amarante,Porto,Av. Alto da Lixa nº 562,Lixa,4615-013,41.31519,-8.1391,e.s. lixa,repsol,av. alto da lixa nº 562,"2,027 €",2026-05-15_dgeg_postos_raw.csv,5dc50cd8735ad624
2026-05-15,2026-05-15 14:31:32,2026-05-11 00:00:00,67233f0953ecdeb1,67233f0953ecdeb1_diesel_premium,E.S. ABORIM,REPSOL,diesel_premium,Gasóleo especial,Outro,2.129,Barcelos,Braga,"RUA NOSSA SENHORA DA LAPA, 1529",Aborim,4750-026,41.62274,-8.63784,e.s. aborim,repsol,"rua nossa senhora da lapa, 1529","2,129 €",2026-05-15_dgeg_postos_raw.csv,c940174a64f91a89
2026-05-15,2026-05-15 14:31:32,2026-05-11 00:00:00,67233f0953ecdeb1,67233f0953ecdeb1_gasoline_98,E.S. ABORIM,REPSOL,gasoline_98,Gasolina especial 98,Outro,2.257,Barcelos,Braga,"RUA NOSSA SENHORA DA LAPA, 1529",Aborim,4750-026,41.62274,-8.63784,e.s. aborim,repsol,"rua nossa senhora da lapa, 1529","2,257 €",2026-05-15_dgeg_postos_raw.csv,9d57e473ad279ade
2026-05-15,2026-05-15 14:31:32,2026-05-11 00:00:00,67233f0953ecdeb1,67233f0953ecdeb1_gasoline_95,E.S. ABORIM,REPSOL,gasoline_95,Gasolina simples 95,Outro,2.057,Barcelos,Braga,"RUA NOSSA SENHORA DA LAPA, 1529",Aborim,4750-026,41.62274,-8.63784,e.s. aborim,repsol,"rua nossa senhora da lapa, 1529","2,057 €",2026-05-15_dgeg_postos_raw.csv,091d17018dcb1dd7
2026-05-15,2026-05-15 14:31:32,2026-05-11 00:00:00,67233f0953ecdeb1,67233f0953ecdeb1_diesel_regular,E.S. ABORIM,REPSOL,diesel_regular,Gasóleo simples,Outro,2.059,Barcelos,Braga,"RUA NOSSA SENHORA DA LAPA, 1529",Aborim,4750-026,41.62274,-8.63784,e.s. aborim,repsol,"rua nossa senhora da lapa, 1529","2,059 €",2026-05-15_dgeg_postos_raw.csv,5e9c0cb363d63a73
2026-05-15,2026-05-15 14:31:32,2026-05-11 00:00:00,84eaabd0dcd8ec85,84eaabd0dcd8ec85_diesel_premium,MOEVE Tojal,MOEVE,diesel_premium,Gasóleo especial,Outro,2.036,Ferreira do Zêzere,Santarém,"ESTRADA NACIONAL 110, KM 77,88, AREIAS, TOJAL",Tojal,2240-135,39.755524,-8.367819,moeve tojal,moeve,"estrada nacional 110, km 77,88, areias, tojal","2,036 €",2026-05-15_dgeg_postos_raw.csv,af91e15001e08fb8
2026-05-15,2026-05-15 14:31:32,2026-05-11 00:00:00,84eaabd0dcd8ec85,84eaabd0dcd8ec85_diesel_regular,MOEVE Tojal,MOEVE,diesel_regular,Gasóleo simples,Outro,1.986,Ferreira do Zêzere,Santarém,"ESTRADA NACIONAL 110, KM 77,88, AREIAS, TOJAL",Tojal,2240-135,39.755524,-8.367819,moeve tojal,moeve,"estrada nacional 110, km 77,88, areias, tojal","1,986 €",2026-05-15_dgeg_postos_raw.csv,fddf932f642cd898
2026-05-15,2026-05-15 14:31:32,2026-05-11 00:00:00,84eaabd0dcd8ec85,84eaabd0dcd8ec85_gasoline_98,MOEVE Tojal,MOEVE,gasoline_98,Gasolina especial 98,Outro,2.19,Ferreira do Zêzere,Santarém,"ESTRADA NACIONAL 110, KM 77,88, AREIAS, TOJAL",Tojal,2240-135,39.755524,-8.367819,moeve tojal,moeve,"estrada nacional 110, km 77,88, areias, tojal","2,190 €",2026-05-15_dgeg_postos_raw.csv,10396d18d550f973
2026-05-15,2026-05-15 14:31:32,2026-05-11 00:00:00,84eaabd0dcd8ec85,84eaabd0dcd8ec85_gasoline_95,MOEVE Tojal,MOEVE,gasoline_95,Gasolina simples 95,Outro,1.978,Ferreira do Zêzere,Santarém,"ESTRADA NACIONAL 110, KM 77,88, AREIAS, TOJAL",Tojal,2240-135,39.755524,-8.367819,moeve tojal,moeve,"estrada nacional 110, km 77,88, areias, tojal","1,978 €",2026-05-15_dgeg_postos_raw.csv,952ccbc2cc8a6ff1
2026-05-15,2026-05-15 14:31:32,2026-05-11 00:00:00,484d589a6837201b,484d589a6837201b_diesel_premium,E.S. PORTO DA CARNE (GUARDA),REPSOL,diesel_premium,Gasóleo especial,Outro,2.089,Guarda,Guarda,EN 16 - nº6,Porto da Carne,6300-170,40.60349,-7.29697,e.s. porto da carne (guarda),repsol,en 16 - nº6,"2,089 €",2026-05-15_dgeg_postos_raw.csv,c48d74401132afb9
2026-05-15,2026-05-15 14:31:32,2026-05-11 00:00:00,484d589a6837201b,484d589a6837201b_diesel_regular,E.S. PORTO DA CARNE (GUARDA),REPSOL,diesel_regular,Gasóleo simples,Outro,2.029,Guarda,Guarda,EN 16 - nº6,Porto da Carne,6300-170,40.60349,-7.29697,e.s. porto da carne (guarda),repsol,en 16 - nº6,"2,029 €",2026-05-15_dgeg_postos_raw.csv,dc547eb35bc50c96
2026-05-15,2026-05-15 14:31:32,2026-05-11 00:00:00,484d589a6837201b,484d589a6837201b_gasoline_95,E.S. PORTO DA CARNE (GUARDA),REPSOL,gasoline_95,Gasolina simples 95,Outro,2.027,Guarda,Guarda,EN 16 - nº6,Porto da Carne,6300-170,40.60349,-7.29697,e.s. porto da carne (guarda),repsol,en 16 - nº6,"2,027 €",2026-05-15_dgeg_postos_raw.csv,8663a83623761162
2026-05-15,2026-05-15 14:31:32,2026-05-11 00:00:00,eed4a883511501dd,eed4a883511501dd_gasoline_98,BP BARRACÃO NASCENTE,BP,gasoline_98,Gasolina especial 98,Outro,2.229,Leiria,Leiria,"IC2, km 136",Barracão,2420-193,39.82908,-8.72143,bp barracão nascente,bp,"ic2, km 136","2,229 €",2026-05-15_dgeg_postos_raw.csv,6b37aac865c576da
2026-05-15,2026-05-15 14:31:32,2026-05-11 00:00:00,045f4d151668897f,045f4d151668897f_diesel_premium,E.S. MEADELA - V. CASTELO,REPSOL,diesel_premium,Gasóleo especial,Outro,2.099,Viana do Castelo,Viana do Castelo,RUA DAS CARAMONAS - MEADELA,VIANA DO CASTELO,4900-663,41.7101,-8.8022,e.s. meadela - v. castelo,repsol,rua das caramonas - meadela,"2,099 €",2026-05-15_dgeg_postos_raw.csv,cc8fecf714f97943
2026-05-15,2026-05-15 14:31:32,2026-05-11 00:00:00,045f4d151668897f,045f4d151668897f_gasoline_98,E.S. MEADELA - V. CASTELO,REPSOL,gasoline_98,Gasolina especial 98,Outro,2.227,Viana do Castelo,Viana do Castelo,RUA DAS CARAMONAS - MEADELA,VIANA DO CASTELO,4900-663,41.7101,-8.8022,e.s. meadela - v. castelo,repsol,rua das caramonas - meadela,"2,227 €",2026-05-15_dgeg_postos_raw.csv,f31eb4dba6ccdae4
2026-05-15,2026-05-15 14:31:32,2026-05-11 00:00:00,045f4d151668897f,045f4d151668897f_gasoline_95,E.S. MEADELA - V. CASTELO,REPSOL,gasoline_95,Gasolina simples 95,Outro,2.037,Viana do Castelo,Viana do Castelo,RUA DAS CARAMONAS - MEADELA,VIANA DO CASTELO,4900-663,41.7101,-8.8022,e.s. meadela - v. castelo,repsol,rua das caramonas - meadela,"2,037 €",2026-05-15_dgeg_postos_raw.csv,32f82056af215986
2026-05-15,2026-05-15 14:31:32,2026-05-11 00:00:00,045f4d151668897f,045f4d151668897f_diesel_regular,E.S. MEADELA - V. CASTELO,REPSOL,diesel_regular,Gasóleo simples,Outro,2.039,Viana do Castelo,Viana do Castelo,RUA DAS CARAMONAS - MEADELA,VIANA DO CASTELO,4900-663,41.7101,-8.8022,e.s. meadela - v. castelo,repsol,rua das caramonas - meadela,"2,039 €",2026-05-15_dgeg_postos_raw.csv,5b542a27305d0c38
2026-05-15,2026-05-15 14:31:32,2026-05-11 00:00:00,6aa1a6dc1a3f90ed,6aa1a6dc1a3f90ed_diesel_regular,CEPSA Burgães,CEPSA,diesel_regular,Gasóleo simples,Outro,1.986,Santo Tirso,Porto,"Avenida da Ramada, 375",Burgães,4780-099,41.351093,-8.451952,cepsa burgães,cepsa,"avenida da ramada, 375","1,986 €",2026-05-15_dgeg_postos_raw.csv,c43d0227c862f6f6
2026-05-15,2026-05-15 14:31:32,2026-05-11 00:00:00,6aa1a6dc1a3f90ed,6aa1a6dc1a3f90ed_diesel_premium,CEPSA Burgães,CEPSA,diesel_premium,Gasóleo especial,Outro,2.036,Santo Tirso,Porto,"Avenida da Ramada, 375",Burgães,4780-099,41.351093,-8.451952,cepsa burgães,cepsa,"avenida da ramada, 375","2,036 €",2026-05-15_dgeg_postos_raw.csv,863118c543c3e121
2026-05-15,2026-05-15 14:31:32,2026-05-11 00:00:00,6aa1a6dc1a3f90ed,6aa1a6dc1a3f90ed_gasoline_95,CEPSA Burgães,CEPSA,gasoline_95,Gasolina simples 95,Outro,1.978,Santo Tirso,Porto,"Avenida da Ramada, 375",Burgães,4780-099,41.351093,-8.451952,cepsa burgães,cepsa,"avenida da ramada, 375","1,978 €",2026-05-15_dgeg_postos_raw.csv,b5bd2f8a1e3bf4f4
2026-05-15,2026-05-15 14:31:32,2026-05-11 00:00:00,913f3acb102bff2f,913f3acb102bff2f_diesel_regular,GALP Laranjeiro,GALP,diesel_regular,Gasóleo simples,Outro,2.078,Almada,Setúbal,"P.Galp - E.N.10-1 ao Km.4,300 - Laranjeiro",Almada,2800-000,38.653862,-9.153641,galp laranjeiro,galp,"p.galp - e.n.10-1 ao km.4,300 - laranjeiro","2,078 €",2026-05-15_dgeg_postos_raw.csv,e814ce7c0c75eb08
2026-05-15,2026-05-15 14:31:32,2026-05-11 00:00:00,913f3acb102bff2f,913f3acb102bff2f_diesel_premium,GALP Laranjeiro,GALP,diesel_premium,Gasóleo especial,Outro,2.128,Almada,Setúbal,"P.Galp - E.N.10-1 ao Km.4,300 - Laranjeiro",Almada,2800-000,38.653862,-9.153641,galp laranjeiro,galp,"p.galp - e.n.10-1 ao km.4,300 - laranjeiro","2,128 €",2026-05-15_dgeg_postos_raw.csv,7d6605e2ff18a576
2026-05-15,2026-05-15 14:31:32,2026-05-11 00:00:00,913f3acb102bff2f,913f3acb102bff2f_gasoline_95,GALP Laranjeiro,GALP,gasoline_95,Gasolina simples 95,Outro,2.072,Almada,Setúbal,"P.Galp - E.N.10-1 ao Km.4,300 - Laranjeiro",Almada,2800-000,38.653862,-9.153641,galp laranjeiro,galp,"p.galp - e.n.10-1 ao km.4,300 - laranjeiro","2,072 €",2026-05-15_dgeg_postos_raw.csv,389703afdbb021ce
2026-05-15,2026-05-15 14:31:32,2026-05-11 00:00:00,913f3acb102bff2f,913f3acb102bff2f_gasoline_98,GALP Laranjeiro,GALP,gasoline_98,Gasolina especial 98,Outro,2.282,Almada,Setúbal,"P.Galp - E.N.10-1 ao Km.4,300 - Laranjeiro",Almada,2800-000,38.653862,-9.153641,galp laranjeiro,galp,"p.galp - e.n.10-1 ao km.4,300 - laranjeiro","2,282 €",2026-05-15_dgeg_postos_raw.csv,f1c336a11f037340
2026-05-15,2026-05-15 14:31:32,2026-05-11 00:00:00,ce9cff00b915af7f,ce9cff00b915af7f_diesel_regular,"Manuel Frederico Chaves & Filhos., Lda / GALP Valpaços",GALP,diesel_regular,Gasóleo simples,Outro,2.055,Valpaços,Vila Real,"Rua Prof. Dr. Amândio Tavares, Nº 37",Valpaços,5430-487,41.604973,-7.314413,"manuel frederico chaves & filhos., lda / galp valpaços",galp,"rua prof. dr. amândio tavares, nº 37","2,055 €",2026-05-15_dgeg_postos_raw.csv,2d51b8f5da857eaf
2026-05-15,2026-05-15 14:31:32,2026-05-11 00:00:00,ce9cff00b915af7f,ce9cff00b915af7f_diesel_premium,"Manuel Frederico Chaves & Filhos., Lda / GALP Valpaços",GALP,diesel_premium,Gasóleo especial,Outro,2.105,Valpaços,Vila Real,"Rua Prof. Dr. Amândio Tavares, Nº 37",Valpaços,5430-487,41.604973,-7.314413,"manuel frederico chaves & filhos., lda / galp valpaços",galp,"rua prof. dr. amândio tavares, nº 37","2,105 €",2026-05-15_dgeg_postos_raw.csv,cc977caaaf980ba5
2026-05-15,2026-05-15 14:31:32,2026-05-11 00:00:00,ce9cff00b915af7f,ce9cff00b915af7f_gasoline_95,"Manuel Frederico Chaves & Filhos., Lda / GALP Valpaços",GALP,gasoline_95,Gasolina simples 95,Outro,2.051,Valpaços,Vila Real,"Rua Prof. Dr. Amândio Tavares, Nº 37",Valpaços,5430-487,41.604973,-7.314413,"manuel frederico chaves & filhos., lda / galp valpaços",galp,"rua prof. dr. amândio tavares, nº 37","2,051 €",2026-05-15_dgeg_postos_raw.csv,9a1a3d31048bf299
2026-05-15,2026-05-15 14:31:32,2026-05-11 00:00:00,926ab8a20e5394d7,926ab8a20e5394d7_diesel_regular,MOEVE Constance - Marco Canaveses,MOEVE,diesel_regular,Gasóleo simples,Outro,2.036,Marco de Canaveses,Porto,"Rua da Venda Nova, 980 a 1030",Constance,4635-093,41.209682,-8.164341,moeve constance - marco canaveses,moeve,"rua da venda nova, 980 a 1030","2,036 €",2026-05-15_dgeg_postos_raw.csv,47dea3dace923e70
2026-05-15,2026-05-15 14:31:32,2026-05-11 00:00:00,926ab8a20e5394d7,926ab8a20e5394d7_gasoline_95,MOEVE Constance - Marco Canaveses,MOEVE,gasoline_95,Gasolina simples 95,Outro,2.028,Marco de Canaveses,Porto,"Rua da Venda Nova, 980 a 1030",Constance,4635-093,41.209682,-8.164341,moeve constance - marco canaveses,moeve,"rua da venda nova, 980 a 1030","2,028 €",2026-05-15_dgeg_postos_raw.csv,3f6d99ec8c4da0a9
2026-05-15,2026-05-15 14:31:32,2026-05-11 00:00:00,926ab8a20e5394d7,926ab8a20e5394d7_diesel_premium,MOEVE Constance - Marco Canaveses,MOEVE,diesel_premium,Gasóleo especial,Outro,2.086,Marco de Canaveses,Porto,"Rua da Venda Nova, 980 a 1030",Constance,4635-093,41.209682,-8.164341,moeve constance - marco canaveses,moeve,"rua da venda nova, 980 a 1030","2,086 €",2026-05-15_dgeg_postos_raw.csv,07d9e97b59ed8b97
2026-05-15,2026-05-15 14:31:32,2026-05-11 00:00:00,146f0bc177f9ac32,146f0bc177f9ac32_diesel_regular,REPSOL Aveiro - Nó Sul A,REPSOL,diesel_regular,Gasóleo simples,Outro,2.029,Aveiro,Aveiro,AVENIDA DA UNIVERSIDADE,Aveiro,3810-489,40.626743,-8.652549,repsol aveiro - nó sul a,repsol,avenida da universidade,"2,029 €",2026-05-15_dgeg_postos_raw.csv,ddec7d29891e3608
2026-05-15,2026-05-15 14:31:32,2026-05-11 00:00:00,146f0bc177f9ac32,146f0bc177f9ac32_diesel_premium,REPSOL Aveiro - Nó Sul A,REPSOL,diesel_premium,Gasóleo especial,Outro,2.089,Aveiro,Aveiro,AVENIDA DA UNIVERSIDADE,Aveiro,3810-489,40.626743,-8.652549,repsol aveiro - nó sul a,repsol,avenida da universidade,"2,089 €",2026-05-15_dgeg_postos_raw.csv,517bca2d4377553e
2026-05-15,2026-05-15 14:31:32,2026-05-11 00:00:00,146f0bc177f9ac32,146f0bc177f9ac32_gasoline_95,REPSOL Aveiro - Nó Sul A,REPSOL,gasoline_95,Gasolina simples 95,Outro,2.027,Aveiro,Aveiro,AVENIDA DA UNIVERSIDADE,Aveiro,3810-489,40.626743,-8.652549,repsol aveiro - nó sul a,repsol,avenida da universidade,"2,027 €",2026-05-15_dgeg_postos_raw.csv,9d825a5165aee267
2026-05-15,2026-05-15 14:31:32,2026-05-11 00:00:00,7371db69015cd6bb,7371db69015cd6bb_diesel_regular,REPSOL Aveiro - Nó Sul B,REPSOL,diesel_regular,Gasóleo simples,Outro,2.029,Aveiro,Aveiro,AVENIDA DA UNIVERSIDADE,Aveiro,3800-429,40.628117,-8.652382,repsol aveiro - nó sul b,repsol,avenida da universidade,"2,029 €",2026-05-15_dgeg_postos_raw.csv,d3ca3ce23b2b5361
2026-05-15,2026-05-15 14:31:32,2026-05-11 00:00:00,7371db69015cd6bb,7371db69015cd6bb_diesel_premium,REPSOL Aveiro - Nó Sul B,REPSOL,diesel_premium,Gasóleo especial,Outro,2.089,Aveiro,Aveiro,AVENIDA DA UNIVERSIDADE,Aveiro,3800-429,40.628117,-8.652382,repsol aveiro - nó sul b,repsol,avenida da universidade,"2,089 €",2026-05-15_dgeg_postos_raw.csv,fd8a8f6284f62c48
2026-05-15,2026-05-15 14:31:32,2026-05-11 00:00:00,7371db69015cd6bb,7371db69015cd6bb_gasoline_95,REPSOL Aveiro - Nó Sul B,REPSOL,gasoline_95,Gasolina simples 95,Outro,2.027,Aveiro,Aveiro,AVENIDA DA UNIVERSIDADE,Aveiro,3800-429,40.628117,-8.652382,repsol aveiro - nó sul b,repsol,avenida da universidade,"2,027 €",2026-05-15_dgeg_postos_raw.csv,d48497538b0f0e4b
2026-05-15,2026-05-15 14:31:32,2026-05-11 00:00:00,7371db69015cd6bb,7371db69015cd6bb_gasoline_98,REPSOL Aveiro - Nó Sul B,REPSOL,gasoline_98,Gasolina especial 98,Outro,2.217,Aveiro,Aveiro,AVENIDA DA UNIVERSIDADE,Aveiro,3800-429,40.628117,-8.652382,repsol aveiro - nó sul b,repsol,avenida da universidade,"2,217 €",2026-05-15_dgeg_postos_raw.csv,b0d0ec79ca5599f7
2026-05-15,2026-05-15 14:31:32,2026-05-11 00:00:00,9e0fe3cf939804a1,9e0fe3cf939804a1_diesel_regular,ES REPSOL CAPARROSA,REPSOL,diesel_regular,Gasóleo simples,Outro,2.029,Tondela,Viseu,Estrada Nacional 228 nº 1799,CAPARROSA,3465-101,40.619534,-8.094141,es repsol caparrosa,repsol,estrada nacional 228 nº 1799,"2,029 €",2026-05-15_dgeg_postos_raw.csv,b75cc52e679d9979
2026-05-15,2026-05-15 14:31:32,2026-05-11 00:00:00,9e0fe3cf939804a1,9e0fe3cf939804a1_diesel_premium,ES REPSOL CAPARROSA,REPSOL,diesel_premium,Gasóleo especial,Outro,2.089,Tondela,Viseu,Estrada Nacional 228 nº 1799,CAPARROSA,3465-101,40.619534,-8.094141,es repsol caparrosa,repsol,estrada nacional 228 nº 1799,"2,089 €",2026-05-15_dgeg_postos_raw.csv,474e4df8626fd551
2026-05-15,2026-05-15 14:31:32,2026-05-11 00:00:00,9e0fe3cf939804a1,9e0fe3cf939804a1_gasoline_95,ES REPSOL CAPARROSA,REPSOL,gasoline_95,Gasolina simples 95,Outro,2.027,Tondela,Viseu,Estrada Nacional 228 nº 1799,CAPARROSA,3465-101,40.619534,-8.094141,es repsol caparrosa,repsol,estrada nacional 228 nº 1799,"2,027 €",2026-05-15_dgeg_postos_raw.csv,3f2fe17c61016cf6
2026-05-15,2026-05-15 14:31:32,2026-05-11 00:00:00,9e0fe3cf939804a1,9e0fe3cf939804a1_gasoline_98,ES REPSOL CAPARROSA,REPSOL,gasoline_98,Gasolina especial 98,Outro,2.217,Tondela,Viseu,Estrada Nacional 228 nº 1799,CAPARROSA,3465-101,40.619534,-8.094141,es repsol caparrosa,repsol,estrada nacional 228 nº 1799,"2,217 €",2026-05-15_dgeg_postos_raw.csv,04f619aea318db77
2026-05-15,2026-05-15 14:31:32,2026-05-11 00:00:00,204fa112c012425e,204fa112c012425e_diesel_regular,MOEVE Ferreiras - Norte (FAR/LGS),MOEVE,diesel_regular,Gasóleo simples,Outro,1.986,Albufeira,Faro,"EN 125 Km3,2 Cortesões",Cortesões,8200-557,37.123388,-8.232072,moeve ferreiras - norte (far/lgs),moeve,"en 125 km3,2 cortesões","1,986 €",2026-05-15_dgeg_postos_raw.csv,2193f64a67f56bfe
2026-05-15,2026-05-15 14:31:32,2026-05-11 00:00:00,204fa112c012425e,204fa112c012425e_diesel_premium,MOEVE Ferreiras - Norte (FAR/LGS),MOEVE,diesel_premium,Gasóleo especial,Outro,2.036,Albufeira,Faro,"EN 125 Km3,2 Cortesões",Cortesões,8200-557,37.123388,-8.232072,moeve ferreiras - norte (far/lgs),moeve,"en 125 km3,2 cortesões","2,036 €",2026-05-15_dgeg_postos_raw.csv,e114eb1463b14e35
2026-05-15,2026-05-15 14:31:32,2026-05-11 00:00:00,204fa112c012425e,204fa112c012425e_gasoline_95,MOEVE Ferreiras - Norte (FAR/LGS),MOEVE,gasoline_95,Gasolina simples 95,Outro,1.978,Albufeira,Faro,"EN 125 Km3,2 Cortesões",Cortesões,8200-557,37.123388,-8.232072,moeve ferreiras - norte (far/lgs),moeve,"en 125 km3,2 cortesões","1,978 €",2026-05-15_dgeg_postos_raw.csv,ad36c70d9b577838
2026-05-15,2026-05-15 14:31:32,2026-05-11 00:00:00,204fa112c012425e,204fa112c012425e_gasoline_98,MOEVE Ferreiras - Norte (FAR/LGS),MOEVE,gasoline_98,Gasolina especial 98,Outro,2.19,Albufeira,Faro,"EN 125 Km3,2 Cortesões",Cortesões,8200-557,37.123388,-8.232072,moeve ferreiras - norte (far/lgs),moeve,"en 125 km3,2 cortesões","2,190 €",2026-05-15_dgeg_postos_raw.csv,81f2f198623aa674
2026-05-15,2026-05-15 14:31:32,2026-05-11 00:00:00,ae4e7519ab69ecb1,ae4e7519ab69ecb1_diesel_regular,MOEVE Ferreiras - Sul(LGS/FAR),MOEVE,diesel_regular,Gasóleo simples,Outro,1.986,Albufeira,Faro,"EN 125 Km3,2 Cortesões",Cortesões,8200-557,37.122841,-8.231653,moeve ferreiras - sul(lgs/far),moeve,"en 125 km3,2 cortesões","1,986 €",2026-05-15_dgeg_postos_raw.csv,10038d2027fb32f1
2026-05-15,2026-05-15 14:31:32,2026-05-11 00:00:00,ae4e7519ab69ecb1,ae4e7519ab69ecb1_diesel_premium,MOEVE Ferreiras - Sul(LGS/FAR),MOEVE,diesel_premium,Gasóleo especial,Outro,2.036,Albufeira,Faro,"EN 125 Km3,2 Cortesões",Cortesões,8200-557,37.122841,-8.231653,moeve ferreiras - sul(lgs/far),moeve,"en 125 km3,2 cortesões","2,036 €",2026-05-15_dgeg_postos_raw.csv,372f3298cb68eda7
2026-05-15,2026-05-15 14:31:32,2026-05-11 00:00:00,ae4e7519ab69ecb1,ae4e7519ab69ecb1_gasoline_95,MOEVE Ferreiras - Sul(LGS/FAR),MOEVE,gasoline_95,Gasolina simples 95,Outro,1.978,Albufeira,Faro,"EN 125 Km3,2 Cortesões",Cortesões,8200-557,37.122841,-8.231653,moeve ferreiras - sul(lgs/far),moeve,"en 125 km3,2 cortesões","1,978 €",2026-05-15_dgeg_postos_raw.csv,d1eb3faac87e0cb7
2026-05-15,2026-05-15 14:31:32,2026-05-11 00:00:00,ae4e7519ab69ecb1,ae4e7519ab69ecb1_gasoline_98,MOEVE Ferreiras - Sul(LGS/FAR),MOEVE,gasoline_98,Gasolina especial 98,Outro,2.19,Albufeira,Faro,"EN 125 Km3,2 Cortesões",Cortesões,8200-557,37.122841,-8.231653,moeve ferreiras - sul(lgs/far),moeve,"en 125 km3,2 cortesões","2,190 €",2026-05-15_dgeg_postos_raw.csv,06ed7c2081f3b0e5
2026-05-15,2026-05-15 14:31:32,2026-05-11 00:00:00,7d22a75a687850f0,7d22a75a687850f0_diesel_regular,REPSOL Esgueira  B,REPSOL,diesel_regular,Gasóleo simples,Outro,2.029,Aveiro,Aveiro,ESTRADA NACIONAL 109,Aveiro,3810-173,40.645794,-8.627257,repsol esgueira b,repsol,estrada nacional 109,"2,029 €",2026-05-15_dgeg_postos_raw.csv,6272800febb3788f
2026-05-15,2026-05-15 14:31:32,2026-05-11 00:00:00,7d22a75a687850f0,7d22a75a687850f0_diesel_premium,REPSOL Esgueira  B,REPSOL,diesel_premium,Gasóleo especial,Outro,2.089,Aveiro,Aveiro,ESTRADA NACIONAL 109,Aveiro,3810-173,40.645794,-8.627257,repsol esgueira b,repsol,estrada nacional 109,"2,089 €",2026-05-15_dgeg_postos_raw.csv,cd3dab2b6b7bf678
2026-05-15,2026-05-15 14:31:32,2026-05-11 00:00:00,7d22a75a687850f0,7d22a75a687850f0_gasoline_95,REPSOL Esgueira  B,REPSOL,gasoline_95,Gasolina simples 95,Outro,2.027,Aveiro,Aveiro,ESTRADA NACIONAL 109,Aveiro,3810-173,40.645794,-8.627257,repsol esgueira b,repsol,estrada nacional 109,"2,027 €",2026-05-15_dgeg_postos_raw.csv,f6d52289e6908493
2026-05-15,2026-05-15 14:31:32,2026-05-11 00:00:00,7d22a75a687850f0,7d22a75a687850f0_gasoline_98,REPSOL Esgueira  B,REPSOL,gasoline_98,Gasolina especial 98,Outro,2.217,Aveiro,Aveiro,ESTRADA NACIONAL 109,Aveiro,3810-173,40.645794,-8.627257,repsol esgueira b,repsol,estrada nacional 109,"2,217 €",2026-05-15_dgeg_postos_raw.csv,86179d2df092eae7
2026-05-15,2026-05-15 14:31:32,2026-05-11 00:00:00,b2336a21fd9a9b6d,b2336a21fd9a9b6d_diesel_regular,REPSOL Argoncilhe (R0157 - ANTOREP),REPSOL,diesel_regular,Gasóleo simples,Outro,2.019,Santa Maria da Feira,Aveiro,"EN 1 (Av. São Salvador, 505)",Argoncilhe,4505-007,41.019787,-8.556391,repsol argoncilhe (r0157 - antorep),repsol,"en 1 (av. são salvador, 505)","2,019 €",2026-05-15_dgeg_postos_raw.csv,d735e96163303b27
2026-05-15,2026-05-15 14:31:32,2026-05-11 00:00:00,b2336a21fd9a9b6d,b2336a21fd9a9b6d_diesel_premium,REPSOL Argoncilhe (R0157 - ANTOREP),REPSOL,diesel_premium,Gasóleo especial,Outro,2.089,Santa Maria da Feira,Aveiro,"EN 1 (Av. São Salvador, 505)",Argoncilhe,4505-007,41.019787,-8.556391,repsol argoncilhe (r0157 - antorep),repsol,"en 1 (av. são salvador, 505)","2,089 €",2026-05-15_dgeg_postos_raw.csv,23e7c589b61401a9
2026-05-15,2026-05-15 14:31:32,2026-05-11 00:00:00,b2336a21fd9a9b6d,b2336a21fd9a9b6d_gasoline_95,REPSOL Argoncilhe (R0157 - ANTOREP),REPSOL,gasoline_95,Gasolina simples 95,Outro,2.017,Santa Maria da Feira,Aveiro,"EN 1 (Av. São Salvador, 505)",Argoncilhe,4505-007,41.019787,-8.556391,repsol argoncilhe (r0157 - antorep),repsol,"en 1 (av. são salvador, 505)","2,017 €",2026-05-15_dgeg_postos_raw.csv,43b279e2b006b386
2026-05-15,2026-05-15 14:31:32,2026-05-11 00:00:00,03d8fc4a037e79de,03d8fc4a037e79de_diesel_regular,REPSOL Seia,REPSOL,diesel_regular,Gasóleo simples,Outro,2.079,Seia,Guarda,Avª Terras de Sena-Quintela-Seia,Seia,6270-485,40.4209,-7.712581,repsol seia,repsol,avª terras de sena-quintela-seia,"2,079 €",2026-05-15_dgeg_postos_raw.csv,9d70c0addb4582a6
2026-05-15,2026-05-15 14:31:32,2026-05-11 00:00:00,03d8fc4a037e79de,03d8fc4a037e79de_diesel_premium,REPSOL Seia,REPSOL,diesel_premium,Gasóleo especial,Outro,2.149,Seia,Guarda,Avª Terras de Sena-Quintela-Seia,Seia,6270-485,40.4209,-7.712581,repsol seia,repsol,avª terras de sena-quintela-seia,"2,149 €",2026-05-15_dgeg_postos_raw.csv,61d720a9d3cd276b
2026-05-15,2026-05-15 14:31:32,2026-05-11 00:00:00,03d8fc4a037e79de,03d8fc4a037e79de_gasoline_95,REPSOL Seia,REPSOL,gasoline_95,Gasolina simples 95,Outro,2.067,Seia,Guarda,Avª Terras de Sena-Quintela-Seia,Seia,6270-485,40.4209,-7.712581,repsol seia,repsol,avª terras de sena-quintela-seia,"2,067 €",2026-05-15_dgeg_postos_raw.csv,03b4ec9f8251bd02
2026-05-15,2026-05-15 14:31:32,2026-05-11 00:00:00,03d8fc4a037e79de,03d8fc4a037e79de_gasoline_98,REPSOL Seia,REPSOL,gasoline_98,Gasolina especial 98,Outro,2.267,Seia,Guarda,Avª Terras de Sena-Quintela-Seia,Seia,6270-485,40.4209,-7.712581,repsol seia,repsol,avª terras de sena-quintela-seia,"2,267 €",2026-05-15_dgeg_postos_raw.csv,32ddc17955278f5f
2026-05-15,2026-05-15 14:31:32,2026-05-11 00:00:00,a294a914219ccb7b,a294a914219ccb7b_diesel_regular,REPSOL Vila Franca - Darque,REPSOL,diesel_regular,Gasóleo simples,Outro,2.029,Viana do Castelo,Viana do Castelo,"EN 203 Km 2,8",Vila Franca,4935-669,41.68509,-8.753248,repsol vila franca - darque,repsol,"en 203 km 2,8","2,029 €",2026-05-15_dgeg_postos_raw.csv,11dc7a1af467e5e2
2026-05-15,2026-05-15 14:31:32,2026-05-11 00:00:00,a294a914219ccb7b,a294a914219ccb7b_diesel_premium,REPSOL Vila Franca - Darque,REPSOL,diesel_premium,Gasóleo especial,Outro,2.089,Viana do Castelo,Viana do Castelo,"EN 203 Km 2,8",Vila Franca,4935-669,41.68509,-8.753248,repsol vila franca - darque,repsol,"en 203 km 2,8","2,089 €",2026-05-15_dgeg_postos_raw.csv,f0c135e454679ef5
2026-05-15,2026-05-15 14:31:32,2026-05-11 00:00:00,a294a914219ccb7b,a294a914219ccb7b_gasoline_95,REPSOL Vila Franca - Darque,REPSOL,gasoline_95,Gasolina simples 95,Outro,2.027,Viana do Castelo,Viana do Castelo,"EN 203 Km 2,8",Vila Franca,4935-669,41.68509,-8.753248,repsol vila franca - darque,repsol,"en 203 km 2,8","2,027 €",2026-05-15_dgeg_postos_raw.csv,e734576ce877c9e0
2026-05-15,2026-05-15 14:31:32,2026-05-11 00:00:00,ecc02b429407dfd0,ecc02b429407dfd0_diesel_regular,MOEVE Penafiel - Av. Pedro Guedes,MOEVE,diesel_regular,Gasóleo simples,Outro,1.986,Penafiel,Porto,AV. PEDRO GUEDES,Penafiel,4560-452,41.210056,-8.282061,moeve penafiel - av. pedro guedes,moeve,av. pedro guedes,"1,986 €",2026-05-15_dgeg_postos_raw.csv,08266ad80e183656
2026-05-15,2026-05-15 14:31:32,2026-05-11 00:00:00,ecc02b429407dfd0,ecc02b429407dfd0_diesel_premium,MOEVE Penafiel - Av. Pedro Guedes,MOEVE,diesel_premium,Gasóleo especial,Outro,2.036,Penafiel,Porto,AV. PEDRO GUEDES,Penafiel,4560-452,41.210056,-8.282061,moeve penafiel - av. pedro guedes,moeve,av. pedro guedes,"2,036 €",2026-05-15_dgeg_postos_raw.csv,d33a8467ff8dcba0
2026-05-15,2026-05-15 14:31:32,2026-05-11 00:00:00,ecc02b429407dfd0,ecc02b429407dfd0_gasoline_95,MOEVE Penafiel - Av. Pedro Guedes,MOEVE,gasoline_95,Gasolina simples 95,Outro,1.978,Penafiel,Porto,AV. PEDRO GUEDES,Penafiel,4560-452,41.210056,-8.282061,moeve penafiel - av. pedro guedes,moeve,av. pedro guedes,"1,978 €",2026-05-15_dgeg_postos_raw.csv,6db6e88d02a9aad6
2026-05-15,2026-05-15 14:31:32,2026-05-11 00:00:00,ecc02b429407dfd0,ecc02b429407dfd0_gasoline_98,MOEVE Penafiel - Av. Pedro Guedes,MOEVE,gasoline_98,Gasolina especial 98,Outro,2.19,Penafiel,Porto,AV. PEDRO GUEDES,Penafiel,4560-452,41.210056,-8.282061,moeve penafiel - av. pedro guedes,moeve,av. pedro guedes,"2,190 €",2026-05-15_dgeg_postos_raw.csv,6c43178f60b3cb45
2026-05-15,2026-05-15 14:31:32,2026-05-11 00:00:00,b7097d295bbd2bc2,b7097d295bbd2bc2_diesel_premium,Petrozêzere Comércio de Combustíveis Unipessoal Lda,CEPSA,diesel_premium,Gasóleo especial,Outro,2.016,Ferreira do Zêzere,Santarém,Rua Brigadeiro Lino Valente,Ferreira do Zêzere,2240-340,39.69365,-8.29481,petrozêzere comércio de combustíveis unipessoal lda,cepsa,rua brigadeiro lino valente,"2,016 €",2026-05-15_dgeg_postos_raw.csv,16d648fdc273f519
2026-05-15,2026-05-15 14:31:32,2026-05-11 00:00:00,b7097d295bbd2bc2,b7097d295bbd2bc2_diesel_regular,Petrozêzere Comércio de Combustíveis Unipessoal Lda,CEPSA,diesel_regular,Gasóleo simples,Outro,1.966,Ferreira do Zêzere,Santarém,Rua Brigadeiro Lino Valente,Ferreira do Zêzere,2240-340,39.69365,-8.29481,petrozêzere comércio de combustíveis unipessoal lda,cepsa,rua brigadeiro lino valente,"1,966 €",2026-05-15_dgeg_postos_raw.csv,d96c1ebf91226f23
2026-05-15,2026-05-15 14:31:32,2026-05-11 00:00:00,b7097d295bbd2bc2,b7097d295bbd2bc2_gasoline_95,Petrozêzere Comércio de Combustíveis Unipessoal Lda,CEPSA,gasoline_95,Gasolina simples 95,Outro,1.958,Ferreira do Zêzere,Santarém,Rua Brigadeiro Lino Valente,Ferreira do Zêzere,2240-340,39.69365,-8.29481,petrozêzere comércio de combustíveis unipessoal lda,cepsa,rua brigadeiro lino valente,"1,958 €",2026-05-15_dgeg_postos_raw.csv,f33d79eec790483b
2026-05-15,2026-05-15 14:31:32,2026-05-11 00:00:00,1765b4df3b76fc21,1765b4df3b76fc21_diesel_premium,CEPSA Bucelas,CEPSA,diesel_premium,Gasóleo especial,Outro,2.036,Loures,Lisboa,Rua Luís de Camões,Bucelas,2670-662,38.898187,-9.119402,cepsa bucelas,cepsa,rua luís de camões,"2,036 €",2026-05-15_dgeg_postos_raw.csv,0b5b5fd14204a35b
2026-05-15,2026-05-15 14:31:32,2026-05-11 00:00:00,1765b4df3b76fc21,1765b4df3b76fc21_diesel_regular,CEPSA Bucelas,CEPSA,diesel_regular,Gasóleo simples,Outro,1.986,Loures,Lisboa,Rua Luís de Camões,Bucelas,2670-662,38.898187,-9.119402,cepsa bucelas,cepsa,rua luís de camões,"1,986 €",2026-05-15_dgeg_postos_raw.csv,3232694fca7fb647
2026-05-15,2026-05-15 14:31:32,2026-05-11 00:00:00,1765b4df3b76fc21,1765b4df3b76fc21_gasoline_98,CEPSA Bucelas,CEPSA,gasoline_98,Gasolina especial 98,Outro,2.19,Loures,Lisboa,Rua Luís de Camões,Bucelas,2670-662,38.898187,-9.119402,cepsa bucelas,cepsa,rua luís de camões,"2,190 €",2026-05-15_dgeg_postos_raw.csv,809311dd4beaaa27
2026-05-15,2026-05-15 14:31:32,2026-05-11 00:00:00,1765b4df3b76fc21,1765b4df3b76fc21_gasoline_95,CEPSA Bucelas,CEPSA,gasoline_95,Gasolina simples 95,Outro,1.978,Loures,Lisboa,Rua Luís de Camões,Bucelas,2670-662,38.898187,-9.119402,cepsa bucelas,cepsa,rua luís de camões,"1,978 €",2026-05-15_dgeg_postos_raw.csv,514052ae29623dd2
2026-05-15,2026-05-15 14:31:32,2026-05-11 00:00:00,c93d23596cba7fc4,c93d23596cba7fc4_diesel_premium,MOEVE Leça da Palmeira,Genérico,diesel_premium,Gasóleo especial,Outro,2.016,Matosinhos,Porto,"Rua Veloso Salgado, Leça Da Palmeira, Matosinhos",Matosinhos,4450-801,41.204536,-8.69068,moeve leça da palmeira,genérico,"rua veloso salgado, leça da palmeira, matosinhos","2,016 €",2026-05-15_dgeg_postos_raw.csv,5047fce8003955ab
2026-05-15,2026-05-15 14:31:32,2026-05-11 00:00:00,c93d23596cba7fc4,c93d23596cba7fc4_diesel_regular,MOEVE Leça da Palmeira,Genérico,diesel_regular,Gasóleo simples,Outro,1.999,Matosinhos,Porto,"Rua Veloso Salgado, Leça Da Palmeira, Matosinhos",Matosinhos,4450-801,41.204536,-8.69068,moeve leça da palmeira,genérico,"rua veloso salgado, leça da palmeira, matosinhos","1,999 €",2026-05-15_dgeg_postos_raw.csv,25357ee167767f4e
2026-05-15,2026-05-15 14:31:32,2026-05-11 00:00:00,c93d23596cba7fc4,c93d23596cba7fc4_gasoline_95,MOEVE Leça da Palmeira,Genérico,gasoline_95,Gasolina simples 95,Outro,1.958,Matosinhos,Porto,"Rua Veloso Salgado, Leça Da Palmeira, Matosinhos",Matosinhos,4450-801,41.204536,-8.69068,moeve leça da palmeira,genérico,"rua veloso salgado, leça da palmeira, matosinhos","1,958 €",2026-05-15_dgeg_postos_raw.csv,0db6dc92724fc353
2026-05-15,2026-05-15 14:31:32,2026-05-11 00:00:00,595c7aedcf6777d0,595c7aedcf6777d0_diesel_premium,Circunstância Azul - PRIO Mira de Aire,PRIO,diesel_premium,Gasóleo especial,Outro,1.984,Porto de Mós,Leiria,"EN 243 Km 20,850 (Rua GeneralTrindade nº 549)",Mira d'Aire,2485-135,39.53574,-8.70325,circunstância azul - prio mira de aire,prio,"en 243 km 20,850 (rua generaltrindade nº 549)","1,984 €",2026-05-15_dgeg_postos_raw.csv,631a00372f523bd7
2026-05-15,2026-05-15 14:31:32,2026-05-11 00:00:00,595c7aedcf6777d0,595c7aedcf6777d0_gasoline_95,Circunstância Azul - PRIO Mira de Aire,PRIO,gasoline_95,Gasolina simples 95,Outro,1.974,Porto de Mós,Leiria,"EN 243 Km 20,850 (Rua GeneralTrindade nº 549)",Mira d'Aire,2485-135,39.53574,-8.70325,circunstância azul - prio mira de aire,prio,"en 243 km 20,850 (rua generaltrindade nº 549)","1,974 €",2026-05-15_dgeg_postos_raw.csv,67c7295b54d21444
2026-05-15,2026-05-15 14:31:32,2026-05-11 00:00:00,4d8fb52959b5bc7f,4d8fb52959b5bc7f_diesel_regular,PA Vila Fernando,Genérico,diesel_regular,Gasóleo simples,Outro,2.094,Guarda,Guarda,"Rua do Comércio, nº 16 - Vila Fernando",Aldeia de Santa Madalena,6300-255,40.49738,-7.151571,pa vila fernando,genérico,"rua do comércio, nº 16 - vila fernando","2,094 €",2026-05-15_dgeg_postos_raw.csv,1aef40e8514728bf
2026-05-15,2026-05-15 14:31:32,2026-05-11 00:00:00,4d8fb52959b5bc7f,4d8fb52959b5bc7f_gasoline_95,PA Vila Fernando,Genérico,gasoline_95,Gasolina simples 95,Outro,2.084,Guarda,Guarda,"Rua do Comércio, nº 16 - Vila Fernando",Aldeia de Santa Madalena,6300-255,40.49738,-7.151571,pa vila fernando,genérico,"rua do comércio, nº 16 - vila fernando","2,084 €",2026-05-15_dgeg_postos_raw.csv,490504ea76fae376
2026-05-15,2026-05-15 14:31:32,2026-05-11 00:00:00,37e43be83a7d3a2d,37e43be83a7d3a2d_diesel_premium,CEPSA  Pinheiro da Bemposta,CEPSA,diesel_premium,Gasóleo especial,Outro,2.048,Oliveira de Azeméis,Aveiro,"Rua de São Paio, 564",Bemposta,3720-463,40.7847,-8.491492,cepsa pinheiro da bemposta,cepsa,"rua de são paio, 564","2,048 €",2026-05-15_dgeg_postos_raw.csv,f9e4a396a6bddc26
2026-05-15,2026-05-15 14:31:32,2026-05-11 00:00:00,37e43be83a7d3a2d,37e43be83a7d3a2d_diesel_regular,CEPSA  Pinheiro da Bemposta,CEPSA,diesel_regular,Gasóleo simples,Outro,1.999,Oliveira de Azeméis,Aveiro,"Rua de São Paio, 564",Bemposta,3720-463,40.7847,-8.491492,cepsa pinheiro da bemposta,cepsa,"rua de são paio, 564","1,999 €",2026-05-15_dgeg_postos_raw.csv,30c63570b7ab9bb5
2026-05-15,2026-05-15 14:31:32,2026-05-11 00:00:00,37e43be83a7d3a2d,37e43be83a7d3a2d_gasoline_95,CEPSA  Pinheiro da Bemposta,CEPSA,gasoline_95,Gasolina simples 95,Outro,1.989,Oliveira de Azeméis,Aveiro,"Rua de São Paio, 564",Bemposta,3720-463,40.7847,-8.491492,cepsa pinheiro da bemposta,cepsa,"rua de são paio, 564","1,989 €",2026-05-15_dgeg_postos_raw.csv,9e5fb5c35e9ac2a6
2026-05-15,2026-05-15 14:31:32,2026-05-11 00:00:00,21d2d5e662a730f5,21d2d5e662a730f5_diesel_premium,PA MOEVE FOROS DE AMORA,MOEVE,diesel_premium,Gasóleo especial,Outro,1.966,Seixal,Setúbal,ESTRADA DE FOROS DE AMORA,Foros de Amora,2845-213,38.6107,-9.124984,pa moeve foros de amora,moeve,estrada de foros de amora,"1,966 €",2026-05-15_dgeg_postos_raw.csv,5d9d0998f5b6bd02
2026-05-15,2026-05-15 14:31:32,2026-05-11 00:00:00,3da9bee7258b484a,3da9bee7258b484a_diesel_premium,E.S. AZURARA,REPSOL,diesel_premium,Gasóleo especial,Outro,2.089,Vila do Conde,Porto,"Avenida Mouzinho de Albuquerque, n.º 92",Vila do Conde,4480-151,41.345535,-8.737353,e.s. azurara,repsol,"avenida mouzinho de albuquerque, n.º 92","2,089 €",2026-05-15_dgeg_postos_raw.csv,5e97357a21ea4c59
2026-05-15,2026-05-15 14:31:32,2026-05-11 00:00:00,3da9bee7258b484a,3da9bee7258b484a_diesel_regular,E.S. AZURARA,REPSOL,diesel_regular,Gasóleo simples,Outro,2.029,Vila do Conde,Porto,"Avenida Mouzinho de Albuquerque, n.º 92",Vila do Conde,4480-151,41.345535,-8.737353,e.s. azurara,repsol,"avenida mouzinho de albuquerque, n.º 92","2,029 €",2026-05-15_dgeg_postos_raw.csv,529197719af40d8a
2026-05-15,2026-05-15 14:31:32,2026-05-11 00:00:00,3da9bee7258b484a,3da9bee7258b484a_gasoline_95,E.S. AZURARA,REPSOL,gasoline_95,Gasolina simples 95,Outro,2.027,Vila do Conde,Porto,"Avenida Mouzinho de Albuquerque, n.º 92",Vila do Conde,4480-151,41.345535,-8.737353,e.s. azurara,repsol,"avenida mouzinho de albuquerque, n.º 92","2,027 €",2026-05-15_dgeg_postos_raw.csv,3979fb592676bca7
2026-05-15,2026-05-15 14:31:32,2026-05-11 00:00:00,e32c99a63ad39682,e32c99a63ad39682_diesel_premium,E.S. CANELAS,REPSOL,diesel_premium,Gasóleo especial,Outro,2.049,Vila Nova de Gaia,Porto,"R. Delfim Lima, 1281",Canelas,4410-224,41.074444,-8.600833,e.s. canelas,repsol,"r. delfim lima, 1281","2,049 €",2026-05-15_dgeg_postos_raw.csv,689a10224f7ea0a2
2026-05-15,2026-05-15 14:31:32,2026-05-11 00:00:00,e32c99a63ad39682,e32c99a63ad39682_diesel_regular,E.S. CANELAS,REPSOL,diesel_regular,Gasóleo simples,Outro,1.999,Vila Nova de Gaia,Porto,"R. Delfim Lima, 1281",Canelas,4410-224,41.074444,-8.600833,e.s. canelas,repsol,"r. delfim lima, 1281","1,999 €",2026-05-15_dgeg_postos_raw.csv,f7fb1f8c5169eaf5
2026-05-15,2026-05-15 14:31:32,2026-05-11 00:00:00,e32c99a63ad39682,e32c99a63ad39682_gasoline_95,E.S. CANELAS,REPSOL,gasoline_95,Gasolina simples 95,Outro,1.997,Vila Nova de Gaia,Porto,"R. Delfim Lima, 1281",Canelas,4410-224,41.074444,-8.600833,e.s. canelas,repsol,"r. delfim lima, 1281","1,997 €",2026-05-15_dgeg_postos_raw.csv,5644d6563141e5dc
2026-05-15,2026-05-15 14:31:32,2026-05-11 00:00:00,d874206f4ad3c968,d874206f4ad3c968_diesel_premium,E.S. CANIDELO,REPSOL,diesel_premium,Gasóleo especial,Outro,2.049,Vila Nova de Gaia,Porto,"Rua da Bélgica, 2814 e 2818",VILA NOVA DE GAIA,4400-049,41.127525,-8.639675,e.s. canidelo,repsol,"rua da bélgica, 2814 e 2818","2,049 €",2026-05-15_dgeg_postos_raw.csv,6db647051a013635
2026-05-15,2026-05-15 14:31:32,2026-05-11 00:00:00,d874206f4ad3c968,d874206f4ad3c968_diesel_regular,E.S. CANIDELO,REPSOL,diesel_regular,Gasóleo simples,Outro,1.999,Vila Nova de Gaia,Porto,"Rua da Bélgica, 2814 e 2818",VILA NOVA DE GAIA,4400-049,41.127525,-8.639675,e.s. canidelo,repsol,"rua da bélgica, 2814 e 2818","1,999 €",2026-05-15_dgeg_postos_raw.csv,502aa4af3f91c12b
2026-05-15,2026-05-15 14:31:32,2026-05-11 00:00:00,d874206f4ad3c968,d874206f4ad3c968_gasoline_95,E.S. CANIDELO,REPSOL,gasoline_95,Gasolina simples 95,Outro,1.997,Vila Nova de Gaia,Porto,"Rua da Bélgica, 2814 e 2818",VILA NOVA DE GAIA,4400-049,41.127525,-8.639675,e.s. canidelo,repsol,"rua da bélgica, 2814 e 2818","1,997 €",2026-05-15_dgeg_postos_raw.csv,11b86e3a5b4354dd
2026-05-15,2026-05-15 14:31:32,2026-05-11 00:00:00,f712eb92cf99a01f,f712eb92cf99a01f_diesel_regular,GALP Carvalhal - Grândola,GALP,diesel_regular,Gasóleo simples,Outro,2.065,Grândola,Setúbal,"EN 261, km 8.3 Carvalhal",Carvalhal,7570-779,38.309927,-8.742829,galp carvalhal - grândola,galp,"en 261, km 8.3 carvalhal","2,065 €",2026-05-15_dgeg_postos_raw.csv,f9fe17f2af2aa31e
2026-05-15,2026-05-15 14:31:32,2026-05-11 00:00:00,f712eb92cf99a01f,f712eb92cf99a01f_gasoline_95,GALP Carvalhal - Grândola,GALP,gasoline_95,Gasolina simples 95,Outro,2.061,Grândola,Setúbal,"EN 261, km 8.3 Carvalhal",Carvalhal,7570-779,38.309927,-8.742829,galp carvalhal - grândola,galp,"en 261, km 8.3 carvalhal","2,061 €",2026-05-15_dgeg_postos_raw.csv,fdb7ee5921896539
2026-05-15,2026-05-15 14:31:32,2026-05-11 00:00:00,f712eb92cf99a01f,f712eb92cf99a01f_diesel_premium,GALP Carvalhal - Grândola,GALP,diesel_premium,Gasóleo especial,Outro,2.215,Grândola,Setúbal,"EN 261, km 8.3 Carvalhal",Carvalhal,7570-779,38.309927,-8.742829,galp carvalhal - grândola,galp,"en 261, km 8.3 carvalhal","2,215 €",2026-05-15_dgeg_postos_raw.csv,3c95c9384aeb0523
2026-05-15,2026-05-15 14:31:32,2026-05-11 00:00:00,6153667736f65a69,6153667736f65a69_diesel_premium,GALP Carvalhal - Av. 18 de Dezembro,GALP,diesel_premium,Gasóleo especial,Outro,2.215,Grândola,Setúbal,Av. 18 de dezembro,Comporta,7570-779,38.30784,-8.743643,galp carvalhal - av. 18 de dezembro,galp,av. 18 de dezembro,"2,215 €",2026-05-15_dgeg_postos_raw.csv,2eebc10034a6b08c
2026-05-15,2026-05-15 14:31:32,2026-05-11 00:00:00,6153667736f65a69,6153667736f65a69_gasoline_95,GALP Carvalhal - Av. 18 de Dezembro,GALP,gasoline_95,Gasolina simples 95,Outro,2.061,Grândola,Setúbal,Av. 18 de dezembro,Comporta,7570-779,38.30784,-8.743643,galp carvalhal - av. 18 de dezembro,galp,av. 18 de dezembro,"2,061 €",2026-05-15_dgeg_postos_raw.csv,a8521c563114b68a
2026-05-15,2026-05-15 14:31:32,2026-05-11 00:00:00,6153667736f65a69,6153667736f65a69_gasoline_98,GALP Carvalhal - Av. 18 de Dezembro,GALP,gasoline_98,Gasolina especial 98,Outro,2.271,Grândola,Setúbal,Av. 18 de dezembro,Comporta,7570-779,38.30784,-8.743643,galp carvalhal - av. 18 de dezembro,galp,av. 18 de dezembro,"2,271 €",2026-05-15_dgeg_postos_raw.csv,877181552dfc69a8
2026-05-15,2026-05-15 14:31:32,2026-05-11 00:00:00,6153667736f65a69,6153667736f65a69_diesel_regular,GALP Carvalhal - Av. 18 de Dezembro,GALP,diesel_regular,Gasóleo simples,Outro,2.065,Grândola,Setúbal,Av. 18 de dezembro,Comporta,7570-779,38.30784,-8.743643,galp carvalhal - av. 18 de dezembro,galp,av. 18 de dezembro,"2,065 €",2026-05-15_dgeg_postos_raw.csv,afd190d21be42ebc
2026-05-15,2026-05-15 14:31:32,2026-05-11 00:00:00,05a782c954345af0,05a782c954345af0_diesel_premium,Arlindo Custódia Tomé,REPSOL,diesel_premium,Gasóleo especial,Outro,2.114,Almeirim,Santarém,"Rua do Paço, nº 123",Paço dos Negros,2080-640,39.1512,-8.51727,arlindo custódia tomé,repsol,"rua do paço, nº 123","2,114 €",2026-05-15_dgeg_postos_raw.csv,28e68990814eee58
2026-05-15,2026-05-15 14:31:32,2026-05-11 00:00:00,86c7d17b0bf72899,86c7d17b0bf72899_diesel_regular,BP Arruda dos Vinhos,BP,diesel_regular,Gasóleo simples,Outro,2.104,Arruda dos Vinhos,Lisboa,Quinta da Ponte e Costa,Arruda dos Vinhos,2634-909,38.98681,-9.07645,bp arruda dos vinhos,bp,quinta da ponte e costa,"2,104 €",2026-05-15_dgeg_postos_raw.csv,34d1a5db0c2ecabf
2026-05-15,2026-05-15 14:31:32,2026-05-11 00:00:00,86c7d17b0bf72899,86c7d17b0bf72899_gasoline_95,BP Arruda dos Vinhos,BP,gasoline_95,Gasolina simples 95,Outro,2.099,Arruda dos Vinhos,Lisboa,Quinta da Ponte e Costa,Arruda dos Vinhos,2634-909,38.98681,-9.07645,bp arruda dos vinhos,bp,quinta da ponte e costa,"2,099 €",2026-05-15_dgeg_postos_raw.csv,5d6966fc5d3c6c93
2026-05-15,2026-05-15 14:31:32,2026-05-11 00:00:00,756ee602fac30606,756ee602fac30606_gasoline_98,Cepsa Povoa Santarém,CEPSA,gasoline_98,Gasolina especial 98,Outro,2.19,Santarém,Santarém,EN 3 - Km 46,Póvoa de Santarém,2000-531,39.303,-8.68559,cepsa povoa santarém,cepsa,en 3 - km 46,"2,190 €",2026-05-15_dgeg_postos_raw.csv,6a449224188cadd8
2026-05-15,2026-05-15 14:31:32,2026-05-11 00:00:00,146bb09f037b98ca,146bb09f037b98ca_diesel_regular,Galp - Barbeita,GALP,diesel_regular,Gasóleo simples,Outro,2.015,Monção,Viana do Castelo,Estrada da Reta de Barbeita nº763,Cabo,4950-045,42.07102,-8.41345,galp - barbeita,galp,estrada da reta de barbeita nº763,"2,015 €",2026-05-15_dgeg_postos_raw.csv,1214cdc6694d49f8
2026-05-15,2026-05-15 14:31:32,2026-05-11 00:00:00,146bb09f037b98ca,146bb09f037b98ca_diesel_premium,Galp - Barbeita,GALP,diesel_premium,Gasóleo especial,Outro,2.065,Monção,Viana do Castelo,Estrada da Reta de Barbeita nº763,Cabo,4950-045,42.07102,-8.41345,galp - barbeita,galp,estrada da reta de barbeita nº763,"2,065 €",2026-05-15_dgeg_postos_raw.csv,f92abd502a872124
2026-05-15,2026-05-15 14:31:32,2026-05-11 00:00:00,146bb09f037b98ca,146bb09f037b98ca_gasoline_95,Galp - Barbeita,GALP,gasoline_95,Gasolina simples 95,Outro,2.011,Monção,Viana do Castelo,Estrada da Reta de Barbeita nº763,Cabo,4950-045,42.07102,-8.41345,galp - barbeita,galp,estrada da reta de barbeita nº763,"2,011 €",2026-05-15_dgeg_postos_raw.csv,11f02957f3427184
2026-05-15,2026-05-15 14:31:32,2026-05-11 00:00:00,6ce630d615a65ddf,6ce630d615a65ddf_diesel_regular,GALP Vale Fetal - Vale Figueira II,GALP,diesel_regular,Gasóleo simples,Outro,2.055,Almada,Setúbal,"Quinta Conde Mascarenhas, Via 1-8",Charneca de Caparica,2820-652,38.6304,-9.17643,galp vale fetal - vale figueira ii,galp,"quinta conde mascarenhas, via 1-8","2,055 €",2026-05-15_dgeg_postos_raw.csv,be12c55716ce1c03
2026-05-15,2026-05-15 14:31:32,2026-05-11 00:00:00,6ce630d615a65ddf,6ce630d615a65ddf_diesel_premium,GALP Vale Fetal - Vale Figueira II,GALP,diesel_premium,Gasóleo especial,Outro,2.105,Almada,Setúbal,"Quinta Conde Mascarenhas, Via 1-8",Charneca de Caparica,2820-652,38.6304,-9.17643,galp vale fetal - vale figueira ii,galp,"quinta conde mascarenhas, via 1-8","2,105 €",2026-05-15_dgeg_postos_raw.csv,e4dda024143eb728
2026-05-15,2026-05-15 14:31:32,2026-05-11 00:00:00,6ce630d615a65ddf,6ce630d615a65ddf_gasoline_95,GALP Vale Fetal - Vale Figueira II,GALP,gasoline_95,Gasolina simples 95,Outro,2.051,Almada,Setúbal,"Quinta Conde Mascarenhas, Via 1-8",Charneca de Caparica,2820-652,38.6304,-9.17643,galp vale fetal - vale figueira ii,galp,"quinta conde mascarenhas, via 1-8","2,051 €",2026-05-15_dgeg_postos_raw.csv,7440a6935ea95d82
2026-05-15,2026-05-15 14:31:32,2026-05-11 00:00:00,0b096d96b1802b01,0b096d96b1802b01_diesel_regular,"Escoucomb-Combustiveis Alentejanos,Lda - PA Repsol Santiago do Escoural",REPSOL,diesel_regular,Gasóleo simples,Outro,2.079,Montemor-o-Novo,Évora,Bairro dos Mouzinhos - Escoural 7,Escoural,7050-556,38.545216,-8.170981,"escoucomb-combustiveis alentejanos,lda - pa repsol santiago do escoural",repsol,bairro dos mouzinhos - escoural 7,"2,079 €",2026-05-15_dgeg_postos_raw.csv,c1d033184cd61f82
2026-05-15,2026-05-15 14:31:32,2026-05-11 00:00:00,0b096d96b1802b01,0b096d96b1802b01_gasoline_95,"Escoucomb-Combustiveis Alentejanos,Lda - PA Repsol Santiago do Escoural",REPSOL,gasoline_95,Gasolina simples 95,Outro,2.067,Montemor-o-Novo,Évora,Bairro dos Mouzinhos - Escoural 7,Escoural,7050-556,38.545216,-8.170981,"escoucomb-combustiveis alentejanos,lda - pa repsol santiago do escoural",repsol,bairro dos mouzinhos - escoural 7,"2,067 €",2026-05-15_dgeg_postos_raw.csv,b64bd1af41d0576a
2026-05-15,2026-05-15 14:31:32,2026-05-11 00:00:00,0b096d96b1802b01,0b096d96b1802b01_diesel_premium,"Escoucomb-Combustiveis Alentejanos,Lda - PA Repsol Santiago do Escoural",REPSOL,diesel_premium,Gasóleo especial,Outro,2.114,Montemor-o-Novo,Évora,Bairro dos Mouzinhos - Escoural 7,Escoural,7050-556,38.545216,-8.170981,"escoucomb-combustiveis alentejanos,lda - pa repsol santiago do escoural",repsol,bairro dos mouzinhos - escoural 7,"2,114 €",2026-05-15_dgeg_postos_raw.csv,6521ed5a9703fcc1
2026-05-15,2026-05-15 14:31:32,2026-05-11 00:00:00,f2f3424e8634ad84,f2f3424e8634ad84_diesel_regular,CEPSA Castelo de Paiva,CEPSA,diesel_regular,Gasóleo simples,Outro,1.986,Castelo de Paiva,Aveiro,"RUA DA BOAVISTA, 77",Castelo de Paiva,4550-117,41.0422,-8.27033,cepsa castelo de paiva,cepsa,"rua da boavista, 77","1,986 €",2026-05-15_dgeg_postos_raw.csv,6e14eda355677ba5
2026-05-15,2026-05-15 14:31:32,2026-05-11 00:00:00,f2f3424e8634ad84,f2f3424e8634ad84_diesel_premium,CEPSA Castelo de Paiva,CEPSA,diesel_premium,Gasóleo especial,Outro,2.036,Castelo de Paiva,Aveiro,"RUA DA BOAVISTA, 77",Castelo de Paiva,4550-117,41.0422,-8.27033,cepsa castelo de paiva,cepsa,"rua da boavista, 77","2,036 €",2026-05-15_dgeg_postos_raw.csv,c9bf40019fc34c40
2026-05-15,2026-05-15 14:31:32,2026-05-11 00:00:00,f2f3424e8634ad84,f2f3424e8634ad84_gasoline_95,CEPSA Castelo de Paiva,CEPSA,gasoline_95,Gasolina simples 95,Outro,1.978,Castelo de Paiva,Aveiro,"RUA DA BOAVISTA, 77",Castelo de Paiva,4550-117,41.0422,-8.27033,cepsa castelo de paiva,cepsa,"rua da boavista, 77","1,978 €",2026-05-15_dgeg_postos_raw.csv,e04c1adb14dc5156
2026-05-15,2026-05-15 14:31:32,2026-05-11 00:00:00,5fcb3ec0e95d2c36,5fcb3ec0e95d2c36_diesel_regular,GALP Sobreda - Vale Figueira I,GALP,diesel_regular,Gasóleo simples,Outro,2.055,Almada,Setúbal,Posto Galp - Rua General Humberto Delgado,Charneca de Caparica,2820-652,38.63525,-9.17666,galp sobreda - vale figueira i,galp,posto galp - rua general humberto delgado,"2,055 €",2026-05-15_dgeg_postos_raw.csv,489c6b41b38e0701
2026-05-15,2026-05-15 14:31:32,2026-05-11 00:00:00,5fcb3ec0e95d2c36,5fcb3ec0e95d2c36_diesel_premium,GALP Sobreda - Vale Figueira I,GALP,diesel_premium,Gasóleo especial,Outro,2.105,Almada,Setúbal,Posto Galp - Rua General Humberto Delgado,Charneca de Caparica,2820-652,38.63525,-9.17666,galp sobreda - vale figueira i,galp,posto galp - rua general humberto delgado,"2,105 €",2026-05-15_dgeg_postos_raw.csv,c11e2239af04f2bf
2026-05-15,2026-05-15 14:31:32,2026-05-11 00:00:00,5fcb3ec0e95d2c36,5fcb3ec0e95d2c36_gasoline_95,GALP Sobreda - Vale Figueira I,GALP,gasoline_95,Gasolina simples 95,Outro,2.051,Almada,Setúbal,Posto Galp - Rua General Humberto Delgado,Charneca de Caparica,2820-652,38.63525,-9.17666,galp sobreda - vale figueira i,galp,posto galp - rua general humberto delgado,"2,051 €",2026-05-15_dgeg_postos_raw.csv,657fe8b2ad59d35c
2026-05-15,2026-05-15 14:31:32,2026-05-11 00:00:00,5fcb3ec0e95d2c36,5fcb3ec0e95d2c36_gasoline_98,GALP Sobreda - Vale Figueira I,GALP,gasoline_98,Gasolina especial 98,Outro,2.261,Almada,Setúbal,Posto Galp - Rua General Humberto Delgado,Charneca de Caparica,2820-652,38.63525,-9.17666,galp sobreda - vale figueira i,galp,posto galp - rua general humberto delgado,"2,261 €",2026-05-15_dgeg_postos_raw.csv,e782288ec5e85cb1
2026-05-15,2026-05-15 14:31:32,2026-05-11 00:00:00,f2f3424e8634ad84,f2f3424e8634ad84_gasoline_98,CEPSA Castelo de Paiva,CEPSA,gasoline_98,Gasolina especial 98,Outro,2.19,Castelo de Paiva,Aveiro,"RUA DA BOAVISTA, 77",Castelo de Paiva,4550-117,41.0422,-8.27033,cepsa castelo de paiva,cepsa,"rua da boavista, 77","2,190 €",2026-05-15_dgeg_postos_raw.csv,285c6f1334ce1a71
2026-05-15,2026-05-15 14:31:32,2026-05-11 00:00:00,98e0e6886518b5cb,98e0e6886518b5cb_gasoline_98,E.S. PEDROGAO GRANDE IC8,REPSOL,gasoline_98,Gasolina especial 98,Outro,2.217,Pedrógão Grande,Leiria,Rua Dom Joaquim Jacinto,Pedrogão Grande,3270-171,39.91284,-8.149402,e.s. pedrogao grande ic8,repsol,rua dom joaquim jacinto,"2,217 €",2026-05-15_dgeg_postos_raw.csv,f54090a784026d72
2026-05-15,2026-05-15 14:31:32,2026-05-11 00:00:00,2f5d1af9a74b1860,2f5d1af9a74b1860_diesel_regular,E.S.Felgueiras,REPSOL,diesel_regular,Gasóleo simples,Outro,2.029,Felgueiras,Porto,Av Dr Leonardo Coimbra nº182,Felgueiras,4610-105,41.36073,-8.20346,e.s.felgueiras,repsol,av dr leonardo coimbra nº182,"2,029 €",2026-05-15_dgeg_postos_raw.csv,9d9ccd73c4c69236
2026-05-15,2026-05-15 14:31:32,2026-05-11 00:00:00,2f5d1af9a74b1860,2f5d1af9a74b1860_diesel_premium,E.S.Felgueiras,REPSOL,diesel_premium,Gasóleo especial,Outro,2.079,Felgueiras,Porto,Av Dr Leonardo Coimbra nº182,Felgueiras,4610-105,41.36073,-8.20346,e.s.felgueiras,repsol,av dr leonardo coimbra nº182,"2,079 €",2026-05-15_dgeg_postos_raw.csv,f0c9d0357d65571d
2026-05-15,2026-05-15 14:31:32,2026-05-11 00:00:00,2f5d1af9a74b1860,2f5d1af9a74b1860_gasoline_95,E.S.Felgueiras,REPSOL,gasoline_95,Gasolina simples 95,Outro,2.027,Felgueiras,Porto,Av Dr Leonardo Coimbra nº182,Felgueiras,4610-105,41.36073,-8.20346,e.s.felgueiras,repsol,av dr leonardo coimbra nº182,"2,027 €",2026-05-15_dgeg_postos_raw.csv,976d0f03537d9b3b
2026-05-15,2026-05-15 14:31:32,2026-05-11 00:00:00,2f5d1af9a74b1860,2f5d1af9a74b1860_gasoline_98,E.S.Felgueiras,REPSOL,gasoline_98,Gasolina especial 98,Outro,2.207,Felgueiras,Porto,Av Dr Leonardo Coimbra nº182,Felgueiras,4610-105,41.36073,-8.20346,e.s.felgueiras,repsol,av dr leonardo coimbra nº182,"2,207 €",2026-05-15_dgeg_postos_raw.csv,057e389ca6e23e33
2026-05-15,2026-05-15 14:31:32,2026-05-11 00:00:00,1e89fd93f8641229,1e89fd93f8641229_diesel_regular,E.S.FELGUEIRAS II,REPSOL,diesel_regular,Gasóleo simples,Outro,2.029,Felgueiras,Porto,Av. Dr. Ribeiro Magalhães,Felgueiras,4610-000,41.36054,-8.1927,e.s.felgueiras ii,repsol,av. dr. ribeiro magalhães,"2,029 €",2026-05-15_dgeg_postos_raw.csv,11bbb7bb35bbc235
2026-05-15,2026-05-15 14:31:32,2026-05-11 00:00:00,1e89fd93f8641229,1e89fd93f8641229_diesel_premium,E.S.FELGUEIRAS II,REPSOL,diesel_premium,Gasóleo especial,Outro,2.079,Felgueiras,Porto,Av. Dr. Ribeiro Magalhães,Felgueiras,4610-000,41.36054,-8.1927,e.s.felgueiras ii,repsol,av. dr. ribeiro magalhães,"2,079 €",2026-05-15_dgeg_postos_raw.csv,3a2f4e1486657283
2026-05-15,2026-05-15 14:31:32,2026-05-11 00:00:00,1e89fd93f8641229,1e89fd93f8641229_gasoline_95,E.S.FELGUEIRAS II,REPSOL,gasoline_95,Gasolina simples 95,Outro,2.027,Felgueiras,Porto,Av. Dr. Ribeiro Magalhães,Felgueiras,4610-000,41.36054,-8.1927,e.s.felgueiras ii,repsol,av. dr. ribeiro magalhães,"2,027 €",2026-05-15_dgeg_postos_raw.csv,8144a40ac920e6dd
2026-05-15,2026-05-15 14:31:32,2026-05-11 00:00:00,1e89fd93f8641229,1e89fd93f8641229_gasoline_98,E.S.FELGUEIRAS II,REPSOL,gasoline_98,Gasolina especial 98,Outro,2.207,Felgueiras,Porto,Av. Dr. Ribeiro Magalhães,Felgueiras,4610-000,41.36054,-8.1927,e.s.felgueiras ii,repsol,av. dr. ribeiro magalhães,"2,207 €",2026-05-15_dgeg_postos_raw.csv,078a09c07055bf75
2026-05-15,2026-05-15 14:31:32,2026-05-11 00:00:00,c0337f605fc3db79,c0337f605fc3db79_gasoline_95,PRIO Marinha Grande,PRIO,gasoline_95,Gasolina simples 95,Outro,2.069,Marinha Grande,Leiria,"Av. José Gregório, Posto de Combustíveis",Pedreanes,2430-401,39.765953,-8.938041,prio marinha grande,prio,"av. josé gregório, posto de combustíveis","2,069 €",2026-05-15_dgeg_postos_raw.csv,ffc46a8265c17987
2026-05-15,2026-05-15 14:31:32,2026-05-11 00:00:00,c0337f605fc3db79,c0337f605fc3db79_diesel_premium,PRIO Marinha Grande,PRIO,diesel_premium,Gasóleo especial,Outro,2.029,Marinha Grande,Leiria,"Av. José Gregório, Posto de Combustíveis",Pedreanes,2430-401,39.765953,-8.938041,prio marinha grande,prio,"av. josé gregório, posto de combustíveis","2,029 €",2026-05-15_dgeg_postos_raw.csv,697bc4066a8eb452
2026-05-15,2026-05-15 14:31:32,2026-05-11 00:00:00,ae51561623302baa,ae51561623302baa_diesel_regular,CEPSA Gulpilhares,CEPSA,diesel_regular,Gasóleo simples,Outro,1.979,Vila Nova de Gaia,Porto,"RUA SALVADOR BRANDÃO, GULPILHARES",Vila Nova de Gaia,4405-702,41.07038,-8.625255,cepsa gulpilhares,cepsa,"rua salvador brandão, gulpilhares","1,979 €",2026-05-15_dgeg_postos_raw.csv,11b2144a6f4e10e3
2026-05-15,2026-05-15 14:31:32,2026-05-11 00:00:00,ae51561623302baa,ae51561623302baa_diesel_premium,CEPSA Gulpilhares,CEPSA,diesel_premium,Gasóleo especial,Outro,2.028,Vila Nova de Gaia,Porto,"RUA SALVADOR BRANDÃO, GULPILHARES",Vila Nova de Gaia,4405-702,41.07038,-8.625255,cepsa gulpilhares,cepsa,"rua salvador brandão, gulpilhares","2,028 €",2026-05-15_dgeg_postos_raw.csv,6e3b707da86e2ad4
2026-05-15,2026-05-15 14:31:32,2026-05-11 00:00:00,ae51561623302baa,ae51561623302baa_gasoline_95,CEPSA Gulpilhares,CEPSA,gasoline_95,Gasolina simples 95,Outro,1.969,Vila Nova de Gaia,Porto,"RUA SALVADOR BRANDÃO, GULPILHARES",Vila Nova de Gaia,4405-702,41.07038,-8.625255,cepsa gulpilhares,cepsa,"rua salvador brandão, gulpilhares","1,969 €",2026-05-15_dgeg_postos_raw.csv,0dae371ff0ee1979
2026-05-15,2026-05-15 14:31:32,2026-05-11 00:00:00,828978ac4a7f4c40,828978ac4a7f4c40_diesel_regular,CEPSA  Vale de Cavalos,CEPSA,diesel_regular,Gasóleo simples,Outro,1.936,Chamusca,Santarém,"Estrada Nacional 118, ao KM 88,345",Vale de Cavalos,2140-400,39.29211,-8.520625,cepsa vale de cavalos,cepsa,"estrada nacional 118, ao km 88,345","1,936 €",2026-05-15_dgeg_postos_raw.csv,9314ffde5f27f203
2026-05-15,2026-05-15 14:31:32,2026-05-11 00:00:00,828978ac4a7f4c40,828978ac4a7f4c40_diesel_premium,CEPSA  Vale de Cavalos,CEPSA,diesel_premium,Gasóleo especial,Outro,1.986,Chamusca,Santarém,"Estrada Nacional 118, ao KM 88,345",Vale de Cavalos,2140-400,39.29211,-8.520625,cepsa vale de cavalos,cepsa,"estrada nacional 118, ao km 88,345","1,986 €",2026-05-15_dgeg_postos_raw.csv,0e84b16071c8fea0
2026-05-15,2026-05-15 14:31:32,2026-05-11 00:00:00,828978ac4a7f4c40,828978ac4a7f4c40_gasoline_95,CEPSA  Vale de Cavalos,CEPSA,gasoline_95,Gasolina simples 95,Outro,1.928,Chamusca,Santarém,"Estrada Nacional 118, ao KM 88,345",Vale de Cavalos,2140-400,39.29211,-8.520625,cepsa vale de cavalos,cepsa,"estrada nacional 118, ao km 88,345","1,928 €",2026-05-15_dgeg_postos_raw.csv,8ca928faa985ed11
2026-05-15,2026-05-15 14:31:32,2026-05-11 00:00:00,3cc92acda3874f53,3cc92acda3874f53_diesel_regular,CEPSA Almeirim,CEPSA,diesel_regular,Gasóleo simples,Outro,1.986,Almeirim,Santarém,RUA DE CORUCHE,Almeirim,2080-094,39.204117,-8.629141,cepsa almeirim,cepsa,rua de coruche,"1,986 €",2026-05-15_dgeg_postos_raw.csv,26672493ccd000e4
2026-05-15,2026-05-15 14:31:32,2026-05-11 00:00:00,3cc92acda3874f53,3cc92acda3874f53_diesel_premium,CEPSA Almeirim,CEPSA,diesel_premium,Gasóleo especial,Outro,2.036,Almeirim,Santarém,RUA DE CORUCHE,Almeirim,2080-094,39.204117,-8.629141,cepsa almeirim,cepsa,rua de coruche,"2,036 €",2026-05-15_dgeg_postos_raw.csv,2dbef34bc48b8bef
2026-05-15,2026-05-15 14:31:32,2026-05-11 00:00:00,3cc92acda3874f53,3cc92acda3874f53_gasoline_95,CEPSA Almeirim,CEPSA,gasoline_95,Gasolina simples 95,Outro,1.978,Almeirim,Santarém,RUA DE CORUCHE,Almeirim,2080-094,39.204117,-8.629141,cepsa almeirim,cepsa,rua de coruche,"1,978 €",2026-05-15_dgeg_postos_raw.csv,ab879c9d29e5de0f
2026-05-15,2026-05-15 14:31:32,2026-05-11 00:00:00,77f1fb9c09569192,77f1fb9c09569192_diesel_regular,CEPSA CARVALHOS - PEDROSO,CEPSA,diesel_regular,Gasóleo simples,Outro,1.979,Vila Nova de Gaia,Porto,Av .Dr. Moreira de Sousa nº 2316,Pedroso,4415-382,41.056435,-8.567146,cepsa carvalhos - pedroso,cepsa,av .dr. moreira de sousa nº 2316,"1,979 €",2026-05-15_dgeg_postos_raw.csv,0013c80db7dcd6df
2026-05-15,2026-05-15 14:31:32,2026-05-11 00:00:00,77f1fb9c09569192,77f1fb9c09569192_diesel_premium,CEPSA CARVALHOS - PEDROSO,CEPSA,diesel_premium,Gasóleo especial,Outro,2.028,Vila Nova de Gaia,Porto,Av .Dr. Moreira de Sousa nº 2316,Pedroso,4415-382,41.056435,-8.567146,cepsa carvalhos - pedroso,cepsa,av .dr. moreira de sousa nº 2316,"2,028 €",2026-05-15_dgeg_postos_raw.csv,68678eea219e88bc
2026-05-15,2026-05-15 14:31:32,2026-05-11 00:00:00,77f1fb9c09569192,77f1fb9c09569192_gasoline_95,CEPSA CARVALHOS - PEDROSO,CEPSA,gasoline_95,Gasolina simples 95,Outro,1.969,Vila Nova de Gaia,Porto,Av .Dr. Moreira de Sousa nº 2316,Pedroso,4415-382,41.056435,-8.567146,cepsa carvalhos - pedroso,cepsa,av .dr. moreira de sousa nº 2316,"1,969 €",2026-05-15_dgeg_postos_raw.csv,70c20d0fd23850c3
2026-05-15,2026-05-15 14:31:32,2026-05-11 00:00:00,799679a2726c2556,799679a2726c2556_diesel_regular,CEPSA Aveiro  ZI,CEPSA,diesel_regular,Gasóleo simples,Outro,1.936,Aveiro,Aveiro,"Rua João Francisco do Casal, 122",Aveiro,3800-264,40.65145,-8.61118,cepsa aveiro zi,cepsa,"rua joão francisco do casal, 122","1,936 €",2026-05-15_dgeg_postos_raw.csv,e87348801b46075f
2026-05-15,2026-05-15 14:31:32,2026-05-11 00:00:00,799679a2726c2556,799679a2726c2556_diesel_premium,CEPSA Aveiro  ZI,CEPSA,diesel_premium,Gasóleo especial,Outro,1.986,Aveiro,Aveiro,"Rua João Francisco do Casal, 122",Aveiro,3800-264,40.65145,-8.61118,cepsa aveiro zi,cepsa,"rua joão francisco do casal, 122","1,986 €",2026-05-15_dgeg_postos_raw.csv,dde4b2185bf46f61
2026-05-15,2026-05-15 14:31:32,2026-05-11 00:00:00,799679a2726c2556,799679a2726c2556_gasoline_95,CEPSA Aveiro  ZI,CEPSA,gasoline_95,Gasolina simples 95,Outro,1.928,Aveiro,Aveiro,"Rua João Francisco do Casal, 122",Aveiro,3800-264,40.65145,-8.61118,cepsa aveiro zi,cepsa,"rua joão francisco do casal, 122","1,928 €",2026-05-15_dgeg_postos_raw.csv,2269c89d27675395
2026-05-15,2026-05-15 14:31:32,2026-05-11 00:00:00,da818765aa5128e2,da818765aa5128e2_diesel_regular,PORTO DE LAGOS,CEPSA,diesel_regular,Gasóleo simples,Outro,1.986,Portimão,Faro,EN 266,Vale Pessegueiro-Rasmalho,8500-835,37.213941,-8.543474,porto de lagos,cepsa,en 266,"1,986 €",2026-05-15_dgeg_postos_raw.csv,c964bdab4e272124
2026-05-15,2026-05-15 14:31:32,2026-05-11 00:00:00,da818765aa5128e2,da818765aa5128e2_gasoline_95,PORTO DE LAGOS,CEPSA,gasoline_95,Gasolina simples 95,Outro,1.978,Portimão,Faro,EN 266,Vale Pessegueiro-Rasmalho,8500-835,37.213941,-8.543474,porto de lagos,cepsa,en 266,"1,978 €",2026-05-15_dgeg_postos_raw.csv,a8a3a49c23cd1036
2026-05-15,2026-05-15 14:31:32,2026-05-11 00:00:00,c82413774bb1786d,c82413774bb1786d_diesel_regular,CEPSA Vidigueira  (Centro),CEPSA,diesel_regular,Gasóleo simples,Outro,1.986,Vidigueira,Beja,"Largo Frei Antonio das Chagas, S/N",Vidigueira,7960-220,38.211456,-7.802411,cepsa vidigueira (centro),cepsa,"largo frei antonio das chagas, s/n","1,986 €",2026-05-15_dgeg_postos_raw.csv,38f8e18c715ef569
2026-05-15,2026-05-15 14:31:32,2026-05-11 00:00:00,c82413774bb1786d,c82413774bb1786d_diesel_premium,CEPSA Vidigueira  (Centro),CEPSA,diesel_premium,Gasóleo especial,Outro,2.036,Vidigueira,Beja,"Largo Frei Antonio das Chagas, S/N",Vidigueira,7960-220,38.211456,-7.802411,cepsa vidigueira (centro),cepsa,"largo frei antonio das chagas, s/n","2,036 €",2026-05-15_dgeg_postos_raw.csv,3c9a1d7f5c41d167
2026-05-15,2026-05-15 14:31:32,2026-05-11 00:00:00,c82413774bb1786d,c82413774bb1786d_gasoline_95,CEPSA Vidigueira  (Centro),CEPSA,gasoline_95,Gasolina simples 95,Outro,1.978,Vidigueira,Beja,"Largo Frei Antonio das Chagas, S/N",Vidigueira,7960-220,38.211456,-7.802411,cepsa vidigueira (centro),cepsa,"largo frei antonio das chagas, s/n","1,978 €",2026-05-15_dgeg_postos_raw.csv,55a90d249a7566ee
2026-05-15,2026-05-15 14:31:32,2026-05-11 00:00:00,c82413774bb1786d,c82413774bb1786d_gasoline_98,CEPSA Vidigueira  (Centro),CEPSA,gasoline_98,Gasolina especial 98,Outro,2.19,Vidigueira,Beja,"Largo Frei Antonio das Chagas, S/N",Vidigueira,7960-220,38.211456,-7.802411,cepsa vidigueira (centro),cepsa,"largo frei antonio das chagas, s/n","2,190 €",2026-05-15_dgeg_postos_raw.csv,726e2eaaeed422fe
2026-05-15,2026-05-15 14:31:32,2026-05-11 00:00:00,4d8fb52959b5bc7f,4d8fb52959b5bc7f_diesel_premium,PA Vila Fernando,Genérico,diesel_premium,Gasóleo especial,Outro,2.224,Guarda,Guarda,"Rua do Comércio, nº 16 - Vila Fernando",Aldeia de Santa Madalena,6300-255,40.49738,-7.151571,pa vila fernando,genérico,"rua do comércio, nº 16 - vila fernando","2,224 €",2026-05-15_dgeg_postos_raw.csv,62c6b8f312882660
2026-05-15,2026-05-15 14:31:32,2026-05-11 00:00:00,0fea8aee42693a11,0fea8aee42693a11_gasoline_98,PA SOBREIRA,CEPSA,gasoline_98,Gasolina especial 98,Outro,2.19,Paredes,Porto,"RUA DO ARCO, Nº 165, SOBREIRA",Sobreira,4585-689,41.15292,-8.394482,pa sobreira,cepsa,"rua do arco, nº 165, sobreira","2,190 €",2026-05-15_dgeg_postos_raw.csv,e6d7bf820c2a8364
2026-05-15,2026-05-15 14:31:32,2026-05-11 00:00:00,11b821fc0e203460,11b821fc0e203460_gasoline_98,BP Beja (Variante),BP,gasoline_98,Gasolina especial 98,Outro,2.299,Beja,Beja,Rua António Sardinha,Beja,7800-000,38.00986,-7.87449,bp beja (variante),bp,rua antónio sardinha,"2,299 €",2026-05-15_dgeg_postos_raw.csv,3d6e65844e9ff15e
2026-05-15,2026-05-15 14:31:32,2026-05-11 00:00:00,6ff5cc92a913935e,6ff5cc92a913935e_gasoline_98,BP Carnide - Redinha,BP,gasoline_98,Gasolina especial 98,Outro,2.299,Pombal,Leiria,"Estrada da Guia 13,  Lugar de Martim Godim",Carnide,3105-028,39.8881,-8.758389,bp carnide - redinha,bp,"estrada da guia 13, lugar de martim godim","2,299 €",2026-05-15_dgeg_postos_raw.csv,18fddb8b24679faf
2026-05-15,2026-05-15 14:31:32,2026-05-11 00:00:00,53eb06305c9d124c,53eb06305c9d124c_diesel_regular,CEPSA Figueiró dos Vinhos,CEPSA,diesel_regular,Gasóleo simples,Outro,2.001,Figueiró dos Vinhos,Leiria,"RUA MAJOR NEUTEL DE ABREU, 48-50",Figueiró dos Vinhos,3260-417,39.901524,-8.279949,cepsa figueiró dos vinhos,cepsa,"rua major neutel de abreu, 48-50","2,001 €",2026-05-15_dgeg_postos_raw.csv,a6ea7851fd22a227
2026-05-15,2026-05-15 14:31:32,2026-05-11 00:00:00,53eb06305c9d124c,53eb06305c9d124c_diesel_premium,CEPSA Figueiró dos Vinhos,CEPSA,diesel_premium,Gasóleo especial,Outro,2.051,Figueiró dos Vinhos,Leiria,"RUA MAJOR NEUTEL DE ABREU, 48-50",Figueiró dos Vinhos,3260-417,39.901524,-8.279949,cepsa figueiró dos vinhos,cepsa,"rua major neutel de abreu, 48-50","2,051 €",2026-05-15_dgeg_postos_raw.csv,cc8d5c53991055ce
2026-05-15,2026-05-15 14:31:32,2026-05-11 00:00:00,53eb06305c9d124c,53eb06305c9d124c_gasoline_95,CEPSA Figueiró dos Vinhos,CEPSA,gasoline_95,Gasolina simples 95,Outro,1.993,Figueiró dos Vinhos,Leiria,"RUA MAJOR NEUTEL DE ABREU, 48-50",Figueiró dos Vinhos,3260-417,39.901524,-8.279949,cepsa figueiró dos vinhos,cepsa,"rua major neutel de abreu, 48-50","1,993 €",2026-05-15_dgeg_postos_raw.csv,df5bf95b6aada58f
2026-05-15,2026-05-15 14:31:32,2026-05-11 00:00:00,5fe4210dcef7ebc5,5fe4210dcef7ebc5_diesel_premium,Combustíveis Agostinho & Agostinho Lda,REPSOL,diesel_premium,Gasóleo especial,Outro,2.06,Rio Maior,Santarém,Estrada Principal nº512,Ribeira de Fráguas,2040-155,39.368958,-8.852574,combustíveis agostinho & agostinho lda,repsol,estrada principal nº512,"2,060 €",2026-05-15_dgeg_postos_raw.csv,0379e978312a99dc
2026-05-15,2026-05-15 14:31:32,2026-05-11 00:00:00,64bcdba49e259fa9,64bcdba49e259fa9_gasoline_98,E.S. PAREDES DA BEIRA,REPSOL,gasoline_98,Gasolina especial 98,Outro,2.207,São João da Pesqueira,Viseu,"EN 505, BAIRRO DO CRUZEIRO 57",Paredes da Beira,5130-272,41.05134,-7.46969,e.s. paredes da beira,repsol,"en 505, bairro do cruzeiro 57","2,207 €",2026-05-15_dgeg_postos_raw.csv,5c8d7a3497326039
2026-05-15,2026-05-15 14:31:32,2026-05-11 00:00:00,2da5c40c821bf719,2da5c40c821bf719_diesel_regular,E.S. TERENA,REPSOL,diesel_regular,Gasóleo simples,Outro,2.079,Alandroal,Évora,"Estrada Nacional 255  Km 24,8",Terena,7250-065,38.62361,-7.40944,e.s. terena,repsol,"estrada nacional 255 km 24,8","2,079 €",2026-05-15_dgeg_postos_raw.csv,18e970946bf26d05
2026-05-15,2026-05-15 14:31:32,2026-05-11 00:00:00,2da5c40c821bf719,2da5c40c821bf719_diesel_premium,E.S. TERENA,REPSOL,diesel_premium,Gasóleo especial,Outro,2.149,Alandroal,Évora,"Estrada Nacional 255  Km 24,8",Terena,7250-065,38.62361,-7.40944,e.s. terena,repsol,"estrada nacional 255 km 24,8","2,149 €",2026-05-15_dgeg_postos_raw.csv,c077f2a5b62cb8dc
2026-05-15,2026-05-15 14:31:32,2026-05-11 00:00:00,2da5c40c821bf719,2da5c40c821bf719_gasoline_95,E.S. TERENA,REPSOL,gasoline_95,Gasolina simples 95,Outro,2.062,Alandroal,Évora,"Estrada Nacional 255  Km 24,8",Terena,7250-065,38.62361,-7.40944,e.s. terena,repsol,"estrada nacional 255 km 24,8","2,062 €",2026-05-15_dgeg_postos_raw.csv,fcb13f425859a1a9
2026-05-15,2026-05-15 14:31:32,2026-05-11 00:00:00,1aa6b687a2d85b24,1aa6b687a2d85b24_diesel_regular,Carrasquinho & Filhos - Tunes,CARRASQUINHO & FILHOS,diesel_regular,Gasóleo simples,Outro,2.016,Silves,Faro,Travessa Poeta António Aleixo\r\n,Tunes-Gateiras ou Amendoais,8365-231,37.16909,-8.26132,carrasquinho & filhos - tunes,carrasquinho & filhos,travessa poeta antónio aleixo\r\n,"2,016 €",2026-05-15_dgeg_postos_raw.csv,024cfa63baa8516d
2026-05-15,2026-05-15 14:31:32,2026-05-11 00:00:00,1aa6b687a2d85b24,1aa6b687a2d85b24_diesel_premium,Carrasquinho & Filhos - Tunes,CARRASQUINHO & FILHOS,diesel_premium,Gasóleo especial,Outro,2.046,Silves,Faro,Travessa Poeta António Aleixo\r\n,Tunes-Gateiras ou Amendoais,8365-231,37.16909,-8.26132,carrasquinho & filhos - tunes,carrasquinho & filhos,travessa poeta antónio aleixo\r\n,"2,046 €",2026-05-15_dgeg_postos_raw.csv,995d7f4bf76dc97b
2026-05-15,2026-05-15 14:31:32,2026-05-11 00:00:00,1aa6b687a2d85b24,1aa6b687a2d85b24_gasoline_95,Carrasquinho & Filhos - Tunes,CARRASQUINHO & FILHOS,gasoline_95,Gasolina simples 95,Outro,2.008,Silves,Faro,Travessa Poeta António Aleixo\r\n,Tunes-Gateiras ou Amendoais,8365-231,37.16909,-8.26132,carrasquinho & filhos - tunes,carrasquinho & filhos,travessa poeta antónio aleixo\r\n,"2,008 €",2026-05-15_dgeg_postos_raw.csv,a35b347a55c97e83
2026-05-15,2026-05-15 14:31:32,2026-05-11 00:00:00,089549eba5fb58fb,089549eba5fb58fb_diesel_regular,P A COLMEIAS,REPSOL,diesel_regular,Gasóleo simples,Outro,1.984,Leiria,Leiria,Rua Central nº4526,Colmeias-Chã,2420-202,39.79319,-8.70273,p a colmeias,repsol,rua central nº4526,"1,984 €",2026-05-15_dgeg_postos_raw.csv,cdc795f57815d424
2026-05-15,2026-05-15 14:31:32,2026-05-11 00:00:00,089549eba5fb58fb,089549eba5fb58fb_gasoline_95,P A COLMEIAS,REPSOL,gasoline_95,Gasolina simples 95,Outro,1.992,Leiria,Leiria,Rua Central nº4526,Colmeias-Chã,2420-202,39.79319,-8.70273,p a colmeias,repsol,rua central nº4526,"1,992 €",2026-05-15_dgeg_postos_raw.csv,fd4428f95f9a6920
2026-05-15,2026-05-15 14:31:32,2026-05-11 00:00:00,80ff46e473c878d2,80ff46e473c878d2_diesel_regular,Carrasquinho & Filhos - Vale Parra - Sul,CARRASQUINHO & FILHOS,diesel_regular,Gasóleo simples,Outro,2.016,Albufeira,Faro,EM 526,Vale Parra - Guia,8200-427,37.09468,-8.30422,carrasquinho & filhos - vale parra - sul,carrasquinho & filhos,em 526,"2,016 €",2026-05-15_dgeg_postos_raw.csv,b6e33e2ded818645
2026-05-15,2026-05-15 14:31:32,2026-05-11 00:00:00,80ff46e473c878d2,80ff46e473c878d2_diesel_premium,Carrasquinho & Filhos - Vale Parra - Sul,CARRASQUINHO & FILHOS,diesel_premium,Gasóleo especial,Outro,2.046,Albufeira,Faro,EM 526,Vale Parra - Guia,8200-427,37.09468,-8.30422,carrasquinho & filhos - vale parra - sul,carrasquinho & filhos,em 526,"2,046 €",2026-05-15_dgeg_postos_raw.csv,2f58ccad3e518186
2026-05-15,2026-05-15 14:31:32,2026-05-11 00:00:00,80ff46e473c878d2,80ff46e473c878d2_gasoline_95,Carrasquinho & Filhos - Vale Parra - Sul,CARRASQUINHO & FILHOS,gasoline_95,Gasolina simples 95,Outro,2.008,Albufeira,Faro,EM 526,Vale Parra - Guia,8200-427,37.09468,-8.30422,carrasquinho & filhos - vale parra - sul,carrasquinho & filhos,em 526,"2,008 €",2026-05-15_dgeg_postos_raw.csv,a3c1aa81ab8a81ba
2026-05-15,2026-05-15 14:31:32,2026-05-11 00:00:00,98be11085150366a,98be11085150366a_diesel_regular,Carrasquinho & Filhos - Vale Parra - Norte,CARRASQUINHO & FILHOS,diesel_regular,Gasóleo simples,Outro,2.016,Albufeira,Faro,EM 526,Vale Parra - Guia,8200-427,37.09515,-8.30434,carrasquinho & filhos - vale parra - norte,carrasquinho & filhos,em 526,"2,016 €",2026-05-15_dgeg_postos_raw.csv,e0feb261dfaef40f
2026-05-15,2026-05-15 14:31:32,2026-05-11 00:00:00,98be11085150366a,98be11085150366a_diesel_premium,Carrasquinho & Filhos - Vale Parra - Norte,CARRASQUINHO & FILHOS,diesel_premium,Gasóleo especial,Outro,2.046,Albufeira,Faro,EM 526,Vale Parra - Guia,8200-427,37.09515,-8.30434,carrasquinho & filhos - vale parra - norte,carrasquinho & filhos,em 526,"2,046 €",2026-05-15_dgeg_postos_raw.csv,e2298e6e708b7326
2026-05-15,2026-05-15 14:31:32,2026-05-11 00:00:00,98be11085150366a,98be11085150366a_gasoline_95,Carrasquinho & Filhos - Vale Parra - Norte,CARRASQUINHO & FILHOS,gasoline_95,Gasolina simples 95,Outro,2.008,Albufeira,Faro,EM 526,Vale Parra - Guia,8200-427,37.09515,-8.30434,carrasquinho & filhos - vale parra - norte,carrasquinho & filhos,em 526,"2,008 €",2026-05-15_dgeg_postos_raw.csv,ffcf14c264fa389e
2026-05-15,2026-05-15 14:31:32,2026-05-11 00:00:00,6406b79ae739732f,6406b79ae739732f_diesel_regular,PA LAGOA,MOEVE,diesel_regular,Gasóleo simples,Outro,1.966,Lagoa,Faro,"ESTRADA NACIONAL 125, URBANIZAÇÃO COVAS DE AREIA, LOTE 1",Lagoa,8400-430,37.13231,-8.45248,pa lagoa,moeve,"estrada nacional 125, urbanização covas de areia, lote 1","1,966 €",2026-05-15_dgeg_postos_raw.csv,5b98c3d406b30325
2026-05-15,2026-05-15 14:31:32,2026-05-11 00:00:00,6406b79ae739732f,6406b79ae739732f_diesel_premium,PA LAGOA,MOEVE,diesel_premium,Gasóleo especial,Outro,2.016,Lagoa,Faro,"ESTRADA NACIONAL 125, URBANIZAÇÃO COVAS DE AREIA, LOTE 1",Lagoa,8400-430,37.13231,-8.45248,pa lagoa,moeve,"estrada nacional 125, urbanização covas de areia, lote 1","2,016 €",2026-05-15_dgeg_postos_raw.csv,285af99ac9c5ad65
2026-05-15,2026-05-15 14:31:32,2026-05-11 00:00:00,6406b79ae739732f,6406b79ae739732f_gasoline_95,PA LAGOA,MOEVE,gasoline_95,Gasolina simples 95,Outro,1.958,Lagoa,Faro,"ESTRADA NACIONAL 125, URBANIZAÇÃO COVAS DE AREIA, LOTE 1",Lagoa,8400-430,37.13231,-8.45248,pa lagoa,moeve,"estrada nacional 125, urbanização covas de areia, lote 1","1,958 €",2026-05-15_dgeg_postos_raw.csv,bf8695ff421cc879
2026-05-15,2026-05-15 14:31:32,2026-05-11 00:00:00,b452c9fb421a2e4b,b452c9fb421a2e4b_diesel_regular,E.S. OUREM,REPSOL,diesel_regular,Gasóleo simples,Outro,2.029,Ourém,Santarém,EN - 349   Rua 1º Dezembro,OURÉM,2490-506,39.66289,-8.570868,e.s. ourem,repsol,en - 349 rua 1º dezembro,"2,029 €",2026-05-15_dgeg_postos_raw.csv,6929ef5187a96b2d
2026-05-15,2026-05-15 14:31:32,2026-05-11 00:00:00,b452c9fb421a2e4b,b452c9fb421a2e4b_diesel_premium,E.S. OUREM,REPSOL,diesel_premium,Gasóleo especial,Outro,2.089,Ourém,Santarém,EN - 349   Rua 1º Dezembro,OURÉM,2490-506,39.66289,-8.570868,e.s. ourem,repsol,en - 349 rua 1º dezembro,"2,089 €",2026-05-15_dgeg_postos_raw.csv,31b68f00c02767bc
2026-05-15,2026-05-15 14:31:32,2026-05-11 00:00:00,b452c9fb421a2e4b,b452c9fb421a2e4b_gasoline_95,E.S. OUREM,REPSOL,gasoline_95,Gasolina simples 95,Outro,2.027,Ourém,Santarém,EN - 349   Rua 1º Dezembro,OURÉM,2490-506,39.66289,-8.570868,e.s. ourem,repsol,en - 349 rua 1º dezembro,"2,027 €",2026-05-15_dgeg_postos_raw.csv,9ecbd9afda44fb37
2026-05-15,2026-05-15 14:31:32,2026-05-11 00:00:00,b452c9fb421a2e4b,b452c9fb421a2e4b_gasoline_98,E.S. OUREM,REPSOL,gasoline_98,Gasolina especial 98,Outro,2.217,Ourém,Santarém,EN - 349   Rua 1º Dezembro,OURÉM,2490-506,39.66289,-8.570868,e.s. ourem,repsol,en - 349 rua 1º dezembro,"2,217 €",2026-05-15_dgeg_postos_raw.csv,3fdaf954e3f71236
2026-05-15,2026-05-15 14:31:32,2026-05-11 00:00:00,9f88b91a072fd459,9f88b91a072fd459_diesel_regular,MOEVE Pontinha,MOEVE,diesel_regular,Gasóleo simples,Outro,1.966,Odivelas,Lisboa,"RUA DE SANTO ELOY, LOTE 59",Pontinha,1675-178,38.76812,-9.204574,moeve pontinha,moeve,"rua de santo eloy, lote 59","1,966 €",2026-05-15_dgeg_postos_raw.csv,8f606e6d3fac43ed
2026-05-15,2026-05-15 14:31:32,2026-05-11 00:00:00,9f88b91a072fd459,9f88b91a072fd459_diesel_premium,MOEVE Pontinha,MOEVE,diesel_premium,Gasóleo especial,Outro,2.016,Odivelas,Lisboa,"RUA DE SANTO ELOY, LOTE 59",Pontinha,1675-178,38.76812,-9.204574,moeve pontinha,moeve,"rua de santo eloy, lote 59","2,016 €",2026-05-15_dgeg_postos_raw.csv,7b71faabbe7c2df0
2026-05-15,2026-05-15 14:31:32,2026-05-11 00:00:00,9f88b91a072fd459,9f88b91a072fd459_gasoline_95,MOEVE Pontinha,MOEVE,gasoline_95,Gasolina simples 95,Outro,1.958,Odivelas,Lisboa,"RUA DE SANTO ELOY, LOTE 59",Pontinha,1675-178,38.76812,-9.204574,moeve pontinha,moeve,"rua de santo eloy, lote 59","1,958 €",2026-05-15_dgeg_postos_raw.csv,a91be0edb425b177
2026-05-15,2026-05-15 14:31:32,2026-05-11 00:00:00,9f88b91a072fd459,9f88b91a072fd459_gasoline_98,MOEVE Pontinha,MOEVE,gasoline_98,Gasolina especial 98,Outro,2.17,Odivelas,Lisboa,"RUA DE SANTO ELOY, LOTE 59",Pontinha,1675-178,38.76812,-9.204574,moeve pontinha,moeve,"rua de santo eloy, lote 59","2,170 €",2026-05-15_dgeg_postos_raw.csv,cf4d6dd2cebdc13f
2026-05-15,2026-05-15 14:31:32,2026-05-11 00:00:00,57722b4d1819cd87,57722b4d1819cd87_gasoline_98,E.S. MARCO DE CANAVEZES,REPSOL,gasoline_98,Gasolina especial 98,Outro,2.247,Marco de Canaveses,Porto,"Av. Bombeiros Voluntários do Marco de Canavezes, 1002",Marco de Canavezes,4630-070,41.186696,-8.155601,e.s. marco de canavezes,repsol,"av. bombeiros voluntários do marco de canavezes, 1002","2,247 €",2026-05-15_dgeg_postos_raw.csv,e741a3189e21cc49
2026-05-15,2026-05-15 14:31:32,2026-05-11 00:00:00,fa03ce566eee7242,fa03ce566eee7242_diesel_premium,P. A. Eurico Martins Mendes - Martinlongo,REPSOL,diesel_premium,Gasóleo especial,Outro,2.149,Alcoutim,Faro,ESTRADA NACIONAL 124,Martinlongo,8970-255,37.44116,-7.76236,p. a. eurico martins mendes - martinlongo,repsol,estrada nacional 124,"2,149 €",2026-05-15_dgeg_postos_raw.csv,31c5989aaab6d950
2026-05-15,2026-05-15 14:31:32,2026-05-11 00:00:00,fa03ce566eee7242,fa03ce566eee7242_gasoline_95,P. A. Eurico Martins Mendes - Martinlongo,REPSOL,gasoline_95,Gasolina simples 95,Outro,2.067,Alcoutim,Faro,ESTRADA NACIONAL 124,Martinlongo,8970-255,37.44116,-7.76236,p. a. eurico martins mendes - martinlongo,repsol,estrada nacional 124,"2,067 €",2026-05-15_dgeg_postos_raw.csv,30a75eebf94bdcbe
2026-05-15,2026-05-15 14:31:32,2026-05-11 00:00:00,fc766a2dda03ce5a,fc766a2dda03ce5a_diesel_regular,E.S. AFIFE,REPSOL,diesel_regular,Gasóleo simples,Outro,2.029,Viana do Castelo,Viana do Castelo,"Estrada Nacional 13, Km 91",Afife,4900-058,41.76837,-8.86244,e.s. afife,repsol,"estrada nacional 13, km 91","2,029 €",2026-05-15_dgeg_postos_raw.csv,a388105e156b6c42
2026-05-15,2026-05-15 14:31:32,2026-05-11 00:00:00,fc766a2dda03ce5a,fc766a2dda03ce5a_diesel_premium,E.S. AFIFE,REPSOL,diesel_premium,Gasóleo especial,Outro,2.089,Viana do Castelo,Viana do Castelo,"Estrada Nacional 13, Km 91",Afife,4900-058,41.76837,-8.86244,e.s. afife,repsol,"estrada nacional 13, km 91","2,089 €",2026-05-15_dgeg_postos_raw.csv,db07fbb5c6aa9b57
2026-05-15,2026-05-15 14:31:32,2026-05-11 00:00:00,fc766a2dda03ce5a,fc766a2dda03ce5a_gasoline_95,E.S. AFIFE,REPSOL,gasoline_95,Gasolina simples 95,Outro,2.027,Viana do Castelo,Viana do Castelo,"Estrada Nacional 13, Km 91",Afife,4900-058,41.76837,-8.86244,e.s. afife,repsol,"estrada nacional 13, km 91","2,027 €",2026-05-15_dgeg_postos_raw.csv,5ae5a72098340854
2026-05-15,2026-05-15 14:31:32,2026-05-11 00:00:00,c0a2082d25ce0b42,c0a2082d25ce0b42_diesel_regular,ABRUNHEIRA (ALB/SIN),CEPSA,diesel_regular,Gasóleo simples,Outro,1.986,Sintra,Lisboa,"LUGAR DE ABRUNHEIRA, LOTE 6, FREGUESIA DE SÃO PEDRO DE PENAFERRIM",Abrunheira,2710-089,38.77376,-9.348942,abrunheira (alb/sin),cepsa,"lugar de abrunheira, lote 6, freguesia de são pedro de penaferrim","1,986 €",2026-05-15_dgeg_postos_raw.csv,26915926a18ebfde
2026-05-15,2026-05-15 14:31:32,2026-05-11 00:00:00,c0a2082d25ce0b42,c0a2082d25ce0b42_diesel_premium,ABRUNHEIRA (ALB/SIN),CEPSA,diesel_premium,Gasóleo especial,Outro,2.036,Sintra,Lisboa,"LUGAR DE ABRUNHEIRA, LOTE 6, FREGUESIA DE SÃO PEDRO DE PENAFERRIM",Abrunheira,2710-089,38.77376,-9.348942,abrunheira (alb/sin),cepsa,"lugar de abrunheira, lote 6, freguesia de são pedro de penaferrim","2,036 €",2026-05-15_dgeg_postos_raw.csv,88363e9b29bc1b8f
2026-05-15,2026-05-15 14:31:32,2026-05-11 00:00:00,c0a2082d25ce0b42,c0a2082d25ce0b42_gasoline_95,ABRUNHEIRA (ALB/SIN),CEPSA,gasoline_95,Gasolina simples 95,Outro,1.978,Sintra,Lisboa,"LUGAR DE ABRUNHEIRA, LOTE 6, FREGUESIA DE SÃO PEDRO DE PENAFERRIM",Abrunheira,2710-089,38.77376,-9.348942,abrunheira (alb/sin),cepsa,"lugar de abrunheira, lote 6, freguesia de são pedro de penaferrim","1,978 €",2026-05-15_dgeg_postos_raw.csv,9e4d2d96cc8dd89f
2026-05-15,2026-05-15 14:31:32,2026-05-11 00:00:00,c0a2082d25ce0b42,c0a2082d25ce0b42_gasoline_98,ABRUNHEIRA (ALB/SIN),CEPSA,gasoline_98,Gasolina especial 98,Outro,2.19,Sintra,Lisboa,"LUGAR DE ABRUNHEIRA, LOTE 6, FREGUESIA DE SÃO PEDRO DE PENAFERRIM",Abrunheira,2710-089,38.77376,-9.348942,abrunheira (alb/sin),cepsa,"lugar de abrunheira, lote 6, freguesia de são pedro de penaferrim","2,190 €",2026-05-15_dgeg_postos_raw.csv,0c09589503a1b069
2026-05-15,2026-05-15 14:31:32,2026-05-11 00:00:00,a6b12f8d5b39782c,a6b12f8d5b39782c_diesel_regular,ABRUNHEIRA (SIN/ALB),CEPSA,diesel_regular,Gasóleo simples,Outro,1.986,Sintra,Lisboa,"LUGAR DE ABRUNHEIRA, LOTE 13, FREGUESIA DE SÃO PEDRO DE PENAFERRIM",Abrunheira,2710-089,38.773853,-9.350237,abrunheira (sin/alb),cepsa,"lugar de abrunheira, lote 13, freguesia de são pedro de penaferrim","1,986 €",2026-05-15_dgeg_postos_raw.csv,7d8b00276b134396
2026-05-15,2026-05-15 14:31:32,2026-05-11 00:00:00,a6b12f8d5b39782c,a6b12f8d5b39782c_diesel_premium,ABRUNHEIRA (SIN/ALB),CEPSA,diesel_premium,Gasóleo especial,Outro,2.036,Sintra,Lisboa,"LUGAR DE ABRUNHEIRA, LOTE 13, FREGUESIA DE SÃO PEDRO DE PENAFERRIM",Abrunheira,2710-089,38.773853,-9.350237,abrunheira (sin/alb),cepsa,"lugar de abrunheira, lote 13, freguesia de são pedro de penaferrim","2,036 €",2026-05-15_dgeg_postos_raw.csv,e0043705144fee3b
2026-05-15,2026-05-15 14:31:32,2026-05-11 00:00:00,a6b12f8d5b39782c,a6b12f8d5b39782c_gasoline_95,ABRUNHEIRA (SIN/ALB),CEPSA,gasoline_95,Gasolina simples 95,Outro,1.978,Sintra,Lisboa,"LUGAR DE ABRUNHEIRA, LOTE 13, FREGUESIA DE SÃO PEDRO DE PENAFERRIM",Abrunheira,2710-089,38.773853,-9.350237,abrunheira (sin/alb),cepsa,"lugar de abrunheira, lote 13, freguesia de são pedro de penaferrim","1,978 €",2026-05-15_dgeg_postos_raw.csv,9ecc2f824f35715f
2026-05-15,2026-05-15 14:31:32,2026-05-11 00:00:00,f780ed2c718a8fcb,f780ed2c718a8fcb_diesel_regular,PORTO - SÃO DINIS,CEPSA,diesel_regular,Gasóleo simples,Outro,1.896,Porto,Porto,"RUA SÃO DINIS, Nº 296",Porto,4250-427,41.167393,-8.619685,porto - são dinis,cepsa,"rua são dinis, nº 296","1,896 €",2026-05-15_dgeg_postos_raw.csv,ced4d36d13869486
2026-05-15,2026-05-15 14:31:32,2026-05-11 00:00:00,f780ed2c718a8fcb,f780ed2c718a8fcb_gasoline_95,PORTO - SÃO DINIS,CEPSA,gasoline_95,Gasolina simples 95,Outro,1.888,Porto,Porto,"RUA SÃO DINIS, Nº 296",Porto,4250-427,41.167393,-8.619685,porto - são dinis,cepsa,"rua são dinis, nº 296","1,888 €",2026-05-15_dgeg_postos_raw.csv,34edaaa19609a50c
2026-05-15,2026-05-15 14:31:32,2026-05-11 00:00:00,db4b4a91b7a45af9,db4b4a91b7a45af9_diesel_regular,BARREIRENSE,CEPSA,diesel_regular,Gasóleo simples,Outro,1.986,Barreiro,Setúbal,AV. DA ESCOLA DOS FUZILEIROS NAVAIS – QUINTA DA LOMBA,Santo André,2830-150,38.65041,-9.06435,barreirense,cepsa,av. da escola dos fuzileiros navais – quinta da lomba,"1,986 €",2026-05-15_dgeg_postos_raw.csv,dcd60b5b0e4a1bce
2026-05-15,2026-05-15 14:31:32,2026-05-11 00:00:00,db4b4a91b7a45af9,db4b4a91b7a45af9_diesel_premium,BARREIRENSE,CEPSA,diesel_premium,Gasóleo especial,Outro,2.036,Barreiro,Setúbal,AV. DA ESCOLA DOS FUZILEIROS NAVAIS – QUINTA DA LOMBA,Santo André,2830-150,38.65041,-9.06435,barreirense,cepsa,av. da escola dos fuzileiros navais – quinta da lomba,"2,036 €",2026-05-15_dgeg_postos_raw.csv,c8a3cdf90c3ee299
2026-05-15,2026-05-15 14:31:32,2026-05-11 00:00:00,db4b4a91b7a45af9,db4b4a91b7a45af9_gasoline_95,BARREIRENSE,CEPSA,gasoline_95,Gasolina simples 95,Outro,1.978,Barreiro,Setúbal,AV. DA ESCOLA DOS FUZILEIROS NAVAIS – QUINTA DA LOMBA,Santo André,2830-150,38.65041,-9.06435,barreirense,cepsa,av. da escola dos fuzileiros navais – quinta da lomba,"1,978 €",2026-05-15_dgeg_postos_raw.csv,748b75829d82f0ad
2026-05-15,2026-05-15 14:31:32,2026-05-11 00:00:00,db4b4a91b7a45af9,db4b4a91b7a45af9_gasoline_98,BARREIRENSE,CEPSA,gasoline_98,Gasolina especial 98,Outro,2.19,Barreiro,Setúbal,AV. DA ESCOLA DOS FUZILEIROS NAVAIS – QUINTA DA LOMBA,Santo André,2830-150,38.65041,-9.06435,barreirense,cepsa,av. da escola dos fuzileiros navais – quinta da lomba,"2,190 €",2026-05-15_dgeg_postos_raw.csv,d15f278399347f09
2026-05-15,2026-05-15 14:31:32,2026-05-11 00:00:00,15091f60474cf045,15091f60474cf045_diesel_regular,E.S. ESPOSENDE,REPSOL,diesel_regular,Gasóleo simples,Outro,2.079,Esposende,Braga,R. Comendador Rodrigo Leite,Gandra - Esposende,4740-473,41.530255,-8.76303,e.s. esposende,repsol,r. comendador rodrigo leite,"2,079 €",2026-05-15_dgeg_postos_raw.csv,6525b01b8348da74
2026-05-15,2026-05-15 14:31:32,2026-05-11 00:00:00,15091f60474cf045,15091f60474cf045_diesel_premium,E.S. ESPOSENDE,REPSOL,diesel_premium,Gasóleo especial,Outro,2.149,Esposende,Braga,R. Comendador Rodrigo Leite,Gandra - Esposende,4740-473,41.530255,-8.76303,e.s. esposende,repsol,r. comendador rodrigo leite,"2,149 €",2026-05-15_dgeg_postos_raw.csv,5a7c548bf2dad382
2026-05-15,2026-05-15 14:31:32,2026-05-11 00:00:00,15091f60474cf045,15091f60474cf045_gasoline_95,E.S. ESPOSENDE,REPSOL,gasoline_95,Gasolina simples 95,Outro,2.067,Esposende,Braga,R. Comendador Rodrigo Leite,Gandra - Esposende,4740-473,41.530255,-8.76303,e.s. esposende,repsol,r. comendador rodrigo leite,"2,067 €",2026-05-15_dgeg_postos_raw.csv,eb3b17f225070b4c
2026-05-15,2026-05-15 14:31:32,2026-05-11 00:00:00,15091f60474cf045,15091f60474cf045_gasoline_98,E.S. ESPOSENDE,REPSOL,gasoline_98,Gasolina especial 98,Outro,2.267,Esposende,Braga,R. Comendador Rodrigo Leite,Gandra - Esposende,4740-473,41.530255,-8.76303,e.s. esposende,repsol,r. comendador rodrigo leite,"2,267 €",2026-05-15_dgeg_postos_raw.csv,cc560ab20be21d4d
2026-05-15,2026-05-15 14:31:32,2026-05-11 00:00:00,f996d648e3b2325f,f996d648e3b2325f_diesel_regular,E.S. LANÇO GRANDE,REPSOL,diesel_regular,Gasóleo simples,Outro,2.019,Castelo Branco,Castelo Branco,"EN 233 ao Km 104,750",Lanço Grande,6000-067,39.857197,-7.459347,e.s. lanço grande,repsol,"en 233 ao km 104,750","2,019 €",2026-05-15_dgeg_postos_raw.csv,5c2999f45aa82ca2
2026-05-15,2026-05-15 14:31:32,2026-05-11 00:00:00,f996d648e3b2325f,f996d648e3b2325f_diesel_premium,E.S. LANÇO GRANDE,REPSOL,diesel_premium,Gasóleo especial,Outro,2.069,Castelo Branco,Castelo Branco,"EN 233 ao Km 104,750",Lanço Grande,6000-067,39.857197,-7.459347,e.s. lanço grande,repsol,"en 233 ao km 104,750","2,069 €",2026-05-15_dgeg_postos_raw.csv,ada79c069052e94f
2026-05-15,2026-05-15 14:31:32,2026-05-11 00:00:00,f996d648e3b2325f,f996d648e3b2325f_gasoline_95,E.S. LANÇO GRANDE,REPSOL,gasoline_95,Gasolina simples 95,Outro,2.017,Castelo Branco,Castelo Branco,"EN 233 ao Km 104,750",Lanço Grande,6000-067,39.857197,-7.459347,e.s. lanço grande,repsol,"en 233 ao km 104,750","2,017 €",2026-05-15_dgeg_postos_raw.csv,d31d532216d8b1de
2026-05-15,2026-05-15 14:31:32,2026-05-11 00:00:00,f996d648e3b2325f,f996d648e3b2325f_gasoline_98,E.S. LANÇO GRANDE,REPSOL,gasoline_98,Gasolina especial 98,Outro,2.197,Castelo Branco,Castelo Branco,"EN 233 ao Km 104,750",Lanço Grande,6000-067,39.857197,-7.459347,e.s. lanço grande,repsol,"en 233 ao km 104,750","2,197 €",2026-05-15_dgeg_postos_raw.csv,f4292c992b2d804c
2026-05-15,2026-05-15 14:31:32,2026-05-11 00:00:00,318bec2f7bf970dd,318bec2f7bf970dd_gasoline_98,E.S. S. PEDRO DO SUL -  OLIVEIRA,REPSOL,gasoline_98,Gasolina especial 98,Outro,2.217,São Pedro do Sul,Viseu,"RUA DA ABENEIRA - OLIVEIRA, SUL",SÃO PEDRO DO SUL,3660-625,40.82102,-8.04564,e.s. s. pedro do sul - oliveira,repsol,"rua da abeneira - oliveira, sul","2,217 €",2026-05-15_dgeg_postos_raw.csv,4949f2c2888b460b
2026-05-15,2026-05-15 14:31:32,2026-05-11 00:00:00,1e527be4be6562e7,1e527be4be6562e7_diesel_regular,Lisboa -Chelas,MOEVE,diesel_regular,Gasóleo simples,Outro,1.966,Lisboa,Lisboa,Avenida do Santo Condestável - Bairro dos Loios - Lisboa,Lisboa,1950-392,38.754986,-9.11878,lisboa -chelas,moeve,avenida do santo condestável - bairro dos loios - lisboa,"1,966 €",2026-05-15_dgeg_postos_raw.csv,4f39a2ca3f9c4e5f
2026-05-15,2026-05-15 14:31:32,2026-05-11 00:00:00,1e527be4be6562e7,1e527be4be6562e7_diesel_premium,Lisboa -Chelas,MOEVE,diesel_premium,Gasóleo especial,Outro,2.016,Lisboa,Lisboa,Avenida do Santo Condestável - Bairro dos Loios - Lisboa,Lisboa,1950-392,38.754986,-9.11878,lisboa -chelas,moeve,avenida do santo condestável - bairro dos loios - lisboa,"2,016 €",2026-05-15_dgeg_postos_raw.csv,d103523ba73c813f
2026-05-15,2026-05-15 14:31:32,2026-05-11 00:00:00,1e527be4be6562e7,1e527be4be6562e7_gasoline_95,Lisboa -Chelas,MOEVE,gasoline_95,Gasolina simples 95,Outro,1.958,Lisboa,Lisboa,Avenida do Santo Condestável - Bairro dos Loios - Lisboa,Lisboa,1950-392,38.754986,-9.11878,lisboa -chelas,moeve,avenida do santo condestável - bairro dos loios - lisboa,"1,958 €",2026-05-15_dgeg_postos_raw.csv,0d4dbf53412c9ceb
2026-05-15,2026-05-15 14:31:32,2026-05-11 00:00:00,6a0b4a536cbdf724,6a0b4a536cbdf724_diesel_regular,E.S. FRONTEIRA,REPSOL,diesel_regular,Gasóleo simples,Outro,2.019,Fronteira,Portalegre,"EN 245, Lote 9",Fronteira- Srª dos Mártires,7460-105,39.062562,-7.651,e.s. fronteira,repsol,"en 245, lote 9","2,019 €",2026-05-15_dgeg_postos_raw.csv,10a5aaeb7c637542
2026-05-15,2026-05-15 14:31:32,2026-05-11 00:00:00,6a0b4a536cbdf724,6a0b4a536cbdf724_diesel_premium,E.S. FRONTEIRA,REPSOL,diesel_premium,Gasóleo especial,Outro,2.089,Fronteira,Portalegre,"EN 245, Lote 9",Fronteira- Srª dos Mártires,7460-105,39.062562,-7.651,e.s. fronteira,repsol,"en 245, lote 9","2,089 €",2026-05-15_dgeg_postos_raw.csv,72bc76e657d3d3d7
2026-05-15,2026-05-15 14:31:32,2026-05-11 00:00:00,6a0b4a536cbdf724,6a0b4a536cbdf724_gasoline_95,E.S. FRONTEIRA,REPSOL,gasoline_95,Gasolina simples 95,Outro,2.017,Fronteira,Portalegre,"EN 245, Lote 9",Fronteira- Srª dos Mártires,7460-105,39.062562,-7.651,e.s. fronteira,repsol,"en 245, lote 9","2,017 €",2026-05-15_dgeg_postos_raw.csv,46eb47aa45c58e1a
2026-05-15,2026-05-15 14:31:32,2026-05-11 00:00:00,ffd800268b7348b4,ffd800268b7348b4_diesel_regular,E.S. PRAIA DAS MAÇÃS,REPSOL,diesel_regular,Gasóleo simples,Outro,2.079,Sintra,Lisboa,"Av. Eugene Levi,29 - Praia das Maçãs",Colares,2075-306,38.823728,-9.466559,e.s. praia das maçãs,repsol,"av. eugene levi,29 - praia das maçãs","2,079 €",2026-05-15_dgeg_postos_raw.csv,aa28dcde9035c7a4
2026-05-15,2026-05-15 14:31:32,2026-05-11 00:00:00,ffd800268b7348b4,ffd800268b7348b4_diesel_premium,E.S. PRAIA DAS MAÇÃS,REPSOL,diesel_premium,Gasóleo especial,Outro,2.149,Sintra,Lisboa,"Av. Eugene Levi,29 - Praia das Maçãs",Colares,2075-306,38.823728,-9.466559,e.s. praia das maçãs,repsol,"av. eugene levi,29 - praia das maçãs","2,149 €",2026-05-15_dgeg_postos_raw.csv,3114a9a4055471a2
2026-05-15,2026-05-15 14:31:32,2026-05-11 00:00:00,ffd800268b7348b4,ffd800268b7348b4_gasoline_95,E.S. PRAIA DAS MAÇÃS,REPSOL,gasoline_95,Gasolina simples 95,Outro,2.067,Sintra,Lisboa,"Av. Eugene Levi,29 - Praia das Maçãs",Colares,2075-306,38.823728,-9.466559,e.s. praia das maçãs,repsol,"av. eugene levi,29 - praia das maçãs","2,067 €",2026-05-15_dgeg_postos_raw.csv,8fe493f179a73da6
2026-05-15,2026-05-15 14:31:32,2026-05-11 00:00:00,73f9de142c43fe3b,73f9de142c43fe3b_diesel_regular,CEPSA SANFINS DO DOURO,CEPSA,diesel_regular,Gasóleo simples,Outro,2.026,Alijó,Vila Real,Estrada Nacional 323-1,Sanfins do Douro,5070-351,41.29553,-7.51977,cepsa sanfins do douro,cepsa,estrada nacional 323-1,"2,026 €",2026-05-15_dgeg_postos_raw.csv,550ad2be16a2c89f
2026-05-15,2026-05-15 14:31:32,2026-05-11 00:00:00,73f9de142c43fe3b,73f9de142c43fe3b_diesel_premium,CEPSA SANFINS DO DOURO,CEPSA,diesel_premium,Gasóleo especial,Outro,2.076,Alijó,Vila Real,Estrada Nacional 323-1,Sanfins do Douro,5070-351,41.29553,-7.51977,cepsa sanfins do douro,cepsa,estrada nacional 323-1,"2,076 €",2026-05-15_dgeg_postos_raw.csv,72791fcd333b7d37
2026-05-15,2026-05-15 14:31:32,2026-05-11 00:00:00,73f9de142c43fe3b,73f9de142c43fe3b_gasoline_95,CEPSA SANFINS DO DOURO,CEPSA,gasoline_95,Gasolina simples 95,Outro,1.978,Alijó,Vila Real,Estrada Nacional 323-1,Sanfins do Douro,5070-351,41.29553,-7.51977,cepsa sanfins do douro,cepsa,estrada nacional 323-1,"1,978 €",2026-05-15_dgeg_postos_raw.csv,92bfe131abb6e0b0
2026-05-15,2026-05-15 14:31:32,2026-05-11 00:00:00,73f9de142c43fe3b,73f9de142c43fe3b_gasoline_98,CEPSA SANFINS DO DOURO,CEPSA,gasoline_98,Gasolina especial 98,Outro,2.215,Alijó,Vila Real,Estrada Nacional 323-1,Sanfins do Douro,5070-351,41.29553,-7.51977,cepsa sanfins do douro,cepsa,estrada nacional 323-1,"2,215 €",2026-05-15_dgeg_postos_raw.csv,450b2f5300bcfd8c
2026-05-15,2026-05-15 14:31:32,2026-05-11 00:00:00,06ee7493811ec1b5,06ee7493811ec1b5_diesel_regular,"Anta - Espinho \TOTAL\""""",CEPSA,diesel_regular,Gasóleo simples,Outro,1.999,Espinho,Aveiro,Rua de Esmojães,Esmojães - Anta,4500-063,41.00042,-8.60527,"anta - espinho \total\""""",cepsa,rua de esmojães,"1,999 €",2026-05-15_dgeg_postos_raw.csv,653711bbbadb7a46
2026-05-15,2026-05-15 14:31:32,2026-05-11 00:00:00,06ee7493811ec1b5,06ee7493811ec1b5_diesel_premium,"Anta - Espinho \TOTAL\""""",CEPSA,diesel_premium,Gasóleo especial,Outro,2.048,Espinho,Aveiro,Rua de Esmojães,Esmojães - Anta,4500-063,41.00042,-8.60527,"anta - espinho \total\""""",cepsa,rua de esmojães,"2,048 €",2026-05-15_dgeg_postos_raw.csv,f1f943d1643b5802
2026-05-15,2026-05-15 14:31:32,2026-05-11 00:00:00,06ee7493811ec1b5,06ee7493811ec1b5_gasoline_95,"Anta - Espinho \TOTAL\""""",CEPSA,gasoline_95,Gasolina simples 95,Outro,1.989,Espinho,Aveiro,Rua de Esmojães,Esmojães - Anta,4500-063,41.00042,-8.60527,"anta - espinho \total\""""",cepsa,rua de esmojães,"1,989 €",2026-05-15_dgeg_postos_raw.csv,dc45f40f8632e6c9
2026-05-15,2026-05-15 14:31:32,2026-05-11 00:00:00,06ee7493811ec1b5,06ee7493811ec1b5_gasoline_98,"Anta - Espinho \TOTAL\""""",CEPSA,gasoline_98,Gasolina especial 98,Outro,2.209,Espinho,Aveiro,Rua de Esmojães,Esmojães - Anta,4500-063,41.00042,-8.60527,"anta - espinho \total\""""",cepsa,rua de esmojães,"2,209 €",2026-05-15_dgeg_postos_raw.csv,0a54cbfd438a49fd
2026-05-15,2026-05-15 14:31:32,2026-05-11 00:00:00,c04078557a7ed30d,c04078557a7ed30d_gasoline_98,E.S. MARINHAS B,REPSOL,gasoline_98,Gasolina especial 98,Outro,2.267,Esposende,Braga,EN 13 Km 48.65 - Lg.Rio de Moinho,Marinhas,4740-313,41.56863,-8.78885,e.s. marinhas b,repsol,en 13 km 48.65 - lg.rio de moinho,"2,267 €",2026-05-15_dgeg_postos_raw.csv,da3ce1388fcfdef6
2026-05-15,2026-05-15 14:31:32,2026-05-11 00:00:00,98e0e6886518b5cb,98e0e6886518b5cb_diesel_regular,E.S. PEDROGAO GRANDE IC8,REPSOL,diesel_regular,Gasóleo simples,Outro,2.039,Pedrógão Grande,Leiria,Rua Dom Joaquim Jacinto,Pedrogão Grande,3270-171,39.91284,-8.149402,e.s. pedrogao grande ic8,repsol,rua dom joaquim jacinto,"2,039 €",2026-05-15_dgeg_postos_raw.csv,ccbf7e8a8d607d60
2026-05-15,2026-05-15 14:31:32,2026-05-11 00:00:00,98e0e6886518b5cb,98e0e6886518b5cb_diesel_premium,E.S. PEDROGAO GRANDE IC8,REPSOL,diesel_premium,Gasóleo especial,Outro,2.089,Pedrógão Grande,Leiria,Rua Dom Joaquim Jacinto,Pedrogão Grande,3270-171,39.91284,-8.149402,e.s. pedrogao grande ic8,repsol,rua dom joaquim jacinto,"2,089 €",2026-05-15_dgeg_postos_raw.csv,e09ee5b6d59f77ae
2026-05-15,2026-05-15 14:31:32,2026-05-11 00:00:00,98e0e6886518b5cb,98e0e6886518b5cb_gasoline_95,E.S. PEDROGAO GRANDE IC8,REPSOL,gasoline_95,Gasolina simples 95,Outro,2.037,Pedrógão Grande,Leiria,Rua Dom Joaquim Jacinto,Pedrogão Grande,3270-171,39.91284,-8.149402,e.s. pedrogao grande ic8,repsol,rua dom joaquim jacinto,"2,037 €",2026-05-15_dgeg_postos_raw.csv,9155b619c9fa37bd
2026-05-15,2026-05-15 14:31:32,2026-05-11 00:00:00,14b8f5dd10ee1730,14b8f5dd10ee1730_gasoline_95,E.S. MONCHIQUE,REPSOL,gasoline_95,Gasolina simples 95,Outro,2.057,Monchique,Faro,Rua Pé da Cruz,Monchique,8550-328,37.310833,-8.556167,e.s. monchique,repsol,rua pé da cruz,"2,057 €",2026-05-15_dgeg_postos_raw.csv,d3afb6c844b4a322
2026-05-15,2026-05-15 14:31:32,2026-05-11 00:00:00,14b8f5dd10ee1730,14b8f5dd10ee1730_diesel_regular,E.S. MONCHIQUE,REPSOL,diesel_regular,Gasóleo simples,Outro,2.059,Monchique,Faro,Rua Pé da Cruz,Monchique,8550-328,37.310833,-8.556167,e.s. monchique,repsol,rua pé da cruz,"2,059 €",2026-05-15_dgeg_postos_raw.csv,163a804a60b76fc2
2026-05-15,2026-05-15 14:31:32,2026-05-11 00:00:00,14b8f5dd10ee1730,14b8f5dd10ee1730_diesel_premium,E.S. MONCHIQUE,REPSOL,diesel_premium,Gasóleo especial,Outro,2.129,Monchique,Faro,Rua Pé da Cruz,Monchique,8550-328,37.310833,-8.556167,e.s. monchique,repsol,rua pé da cruz,"2,129 €",2026-05-15_dgeg_postos_raw.csv,d732d9cd3a0942db
2026-05-15,2026-05-15 14:31:32,2026-05-11 00:00:00,3bac4cde592158c8,3bac4cde592158c8_gasoline_95,CEPSA Portela - Moscavide,CEPSA,gasoline_95,Gasolina simples 95,Outro,1.958,Loures,Lisboa,Avenida dos Ralis / Travessa da Bica,Portela,2685-231,38.78184,-9.118376,cepsa portela - moscavide,cepsa,avenida dos ralis / travessa da bica,"1,958 €",2026-05-15_dgeg_postos_raw.csv,d5e513e5be950594
2026-05-15,2026-05-15 14:31:32,2026-05-11 00:00:00,7f892d9de2b875bc,7f892d9de2b875bc_diesel_premium,E.S. BAIXA DA BANHEIRA,REPSOL,diesel_premium,Gasóleo especial,Outro,2.089,Moita,Setúbal,EN 11 nº 225,Baixa da Banheira,2835-175,38.658163,-9.039663,e.s. baixa da banheira,repsol,en 11 nº 225,"2,089 €",2026-05-15_dgeg_postos_raw.csv,47942a43c0b7f96a
2026-05-15,2026-05-15 14:31:32,2026-05-11 00:00:00,7f892d9de2b875bc,7f892d9de2b875bc_diesel_regular,E.S. BAIXA DA BANHEIRA,REPSOL,diesel_regular,Gasóleo simples,Outro,2.029,Moita,Setúbal,EN 11 nº 225,Baixa da Banheira,2835-175,38.658163,-9.039663,e.s. baixa da banheira,repsol,en 11 nº 225,"2,029 €",2026-05-15_dgeg_postos_raw.csv,3796cc7d36f6aa17
2026-05-15,2026-05-15 14:31:32,2026-05-11 00:00:00,7f892d9de2b875bc,7f892d9de2b875bc_gasoline_95,E.S. BAIXA DA BANHEIRA,REPSOL,gasoline_95,Gasolina simples 95,Outro,2.027,Moita,Setúbal,EN 11 nº 225,Baixa da Banheira,2835-175,38.658163,-9.039663,e.s. baixa da banheira,repsol,en 11 nº 225,"2,027 €",2026-05-15_dgeg_postos_raw.csv,827fe538c86106b4
2026-05-15,2026-05-15 14:31:32,2026-05-11 00:00:00,d167c1da347b3a04,d167c1da347b3a04_gasoline_98,E.S. FATIMA,REPSOL,gasoline_98,Gasolina especial 98,Outro,2.267,Ourém,Santarém,"Estrada de Leiria, n.º148 - Lugar de Barradas",Fátima,2495-407,39.64321,-8.68515,e.s. fatima,repsol,"estrada de leiria, n.º148 - lugar de barradas","2,267 €",2026-05-15_dgeg_postos_raw.csv,62feb48703af5d4a
2026-05-15,2026-05-15 14:31:32,2026-05-11 00:00:00,6151381db4304de7,6151381db4304de7_diesel_regular,E.S. PORTO ALTO,REPSOL,diesel_regular,Gasóleo simples,Outro,2.029,Benavente,Santarém,"EN10 Km 109,680",PORTO ALTO,2135-179,38.921202,-8.8800099,e.s. porto alto,repsol,"en10 km 109,680","2,029 €",2026-05-15_dgeg_postos_raw.csv,c5633922250f6c6a
2026-05-15,2026-05-15 14:31:32,2026-05-11 00:00:00,6151381db4304de7,6151381db4304de7_diesel_premium,E.S. PORTO ALTO,REPSOL,diesel_premium,Gasóleo especial,Outro,2.089,Benavente,Santarém,"EN10 Km 109,680",PORTO ALTO,2135-179,38.921202,-8.8800099,e.s. porto alto,repsol,"en10 km 109,680","2,089 €",2026-05-15_dgeg_postos_raw.csv,662f087e6badd0db
2026-05-15,2026-05-15 14:31:32,2026-05-11 00:00:00,6151381db4304de7,6151381db4304de7_gasoline_95,E.S. PORTO ALTO,REPSOL,gasoline_95,Gasolina simples 95,Outro,2.027,Benavente,Santarém,"EN10 Km 109,680",PORTO ALTO,2135-179,38.921202,-8.8800099,e.s. porto alto,repsol,"en10 km 109,680","2,027 €",2026-05-15_dgeg_postos_raw.csv,eb4eb6b3fef05bfd
2026-05-15,2026-05-15 14:31:32,2026-05-11 00:00:00,6151381db4304de7,6151381db4304de7_gasoline_98,E.S. PORTO ALTO,REPSOL,gasoline_98,Gasolina especial 98,Outro,2.217,Benavente,Santarém,"EN10 Km 109,680",PORTO ALTO,2135-179,38.921202,-8.8800099,e.s. porto alto,repsol,"en10 km 109,680","2,217 €",2026-05-15_dgeg_postos_raw.csv,0d328235c72e03a6
2026-05-15,2026-05-15 14:31:32,2026-05-11 00:00:00,3bac4cde592158c8,3bac4cde592158c8_diesel_regular,CEPSA Portela - Moscavide,CEPSA,diesel_regular,Gasóleo simples,Outro,1.966,Loures,Lisboa,Avenida dos Ralis / Travessa da Bica,Portela,2685-231,38.78184,-9.118376,cepsa portela - moscavide,cepsa,avenida dos ralis / travessa da bica,"1,966 €",2026-05-15_dgeg_postos_raw.csv,7d565cb0f148d485
2026-05-15,2026-05-15 14:31:32,2026-05-11 00:00:00,3bac4cde592158c8,3bac4cde592158c8_diesel_premium,CEPSA Portela - Moscavide,CEPSA,diesel_premium,Gasóleo especial,Outro,2.016,Loures,Lisboa,Avenida dos Ralis / Travessa da Bica,Portela,2685-231,38.78184,-9.118376,cepsa portela - moscavide,cepsa,avenida dos ralis / travessa da bica,"2,016 €",2026-05-15_dgeg_postos_raw.csv,0b8cfbba37790966
2026-05-15,2026-05-15 14:31:32,2026-05-11 00:00:00,fa03ce566eee7242,fa03ce566eee7242_diesel_regular,P. A. Eurico Martins Mendes - Martinlongo,REPSOL,diesel_regular,Gasóleo simples,Outro,2.079,Alcoutim,Faro,ESTRADA NACIONAL 124,Martinlongo,8970-255,37.44116,-7.76236,p. a. eurico martins mendes - martinlongo,repsol,estrada nacional 124,"2,079 €",2026-05-15_dgeg_postos_raw.csv,ce56d2b04f3df2bb
2026-05-15,2026-05-15 14:31:32,2026-05-11 00:00:00,2c2e68990c453956,2c2e68990c453956_diesel_regular,BP BARRACÃO POENTE,BP,diesel_regular,Gasóleo simples,Outro,1.999,Leiria,Leiria,"IC2, KM 136",Barracão,2420-193,39.82904,-8.72216,bp barracão poente,bp,"ic2, km 136","1,999 €",2026-05-15_dgeg_postos_raw.csv,b6260eaca365b2c3
2026-05-15,2026-05-15 14:31:32,2026-05-11 00:00:00,6ff5cc92a913935e,6ff5cc92a913935e_diesel_regular,BP Carnide - Redinha,BP,diesel_regular,Gasóleo simples,Outro,2.149,Pombal,Leiria,"Estrada da Guia 13,  Lugar de Martim Godim",Carnide,3105-028,39.8881,-8.758389,bp carnide - redinha,bp,"estrada da guia 13, lugar de martim godim","2,149 €",2026-05-15_dgeg_postos_raw.csv,b8145c29f295755c
2026-05-15,2026-05-15 14:31:32,2026-05-11 00:00:00,6ff5cc92a913935e,6ff5cc92a913935e_gasoline_95,BP Carnide - Redinha,BP,gasoline_95,Gasolina simples 95,Outro,2.079,Pombal,Leiria,"Estrada da Guia 13,  Lugar de Martim Godim",Carnide,3105-028,39.8881,-8.758389,bp carnide - redinha,bp,"estrada da guia 13, lugar de martim godim","2,079 €",2026-05-15_dgeg_postos_raw.csv,a9a50ba9630006c8
2026-05-15,2026-05-15 14:31:32,2026-05-11 00:00:00,6ff5cc92a913935e,6ff5cc92a913935e_diesel_premium,BP Carnide - Redinha,BP,diesel_premium,Gasóleo especial,Outro,2.299,Pombal,Leiria,"Estrada da Guia 13,  Lugar de Martim Godim",Carnide,3105-028,39.8881,-8.758389,bp carnide - redinha,bp,"estrada da guia 13, lugar de martim godim","2,299 €",2026-05-15_dgeg_postos_raw.csv,e9460269c823bb7f
2026-05-15,2026-05-15 14:31:32,2026-05-11 00:00:00,e87c83cc47069b67,e87c83cc47069b67_gasoline_95,MARINA DE FARO,CEPSA,gasoline_95,Gasolina simples 95,Outro,2.028,Faro,Faro,DOCA DE FARO,Faro,8000-000,37.014996,-7.936694,marina de faro,cepsa,doca de faro,"2,028 €",2026-05-15_dgeg_postos_raw.csv,3ce522e6551e1399
2026-05-15,2026-05-15 14:31:32,2026-05-11 00:00:00,4652a59d0c169244,4652a59d0c169244_diesel_regular,Posto Abastecedor Cepsa - Tondela,CEPSA,diesel_regular,Gasóleo simples,Outro,2.036,Tondela,Viseu,"Av. Dr. Francisco Sá Carneiro, 600",Tondela,3460-523,40.507565,-8.080571,posto abastecedor cepsa - tondela,cepsa,"av. dr. francisco sá carneiro, 600","2,036 €",2026-05-15_dgeg_postos_raw.csv,19841c3ad79806dd
2026-05-15,2026-05-15 14:31:32,2026-05-11 00:00:00,86ea22012400a4e1,86ea22012400a4e1_diesel_premium,Galp Quinta do Conde (11612),GALP,diesel_premium,Gasóleo especial,Outro,2.065,Sesimbra,Setúbal,Avenida Principal 1,Zambujal de Cima,2970-247,38.572044,-9.037575,galp quinta do conde (11612),galp,avenida principal 1,"2,065 €",2026-05-15_dgeg_postos_raw.csv,05dfc8711b97c399
2026-05-15,2026-05-15 14:31:32,2026-05-11 00:00:00,2f93ec411db6b975,2f93ec411db6b975_gasoline_95,Intermarché Castelo de Paiva,INTERMARCHÉ,gasoline_95,Gasolina simples 95,Outro,1.889,Castelo de Paiva,Aveiro,"Rua Jean Tyssen, nº 100 - Sobrado",Castelo de Paiva,4550-131,41.043894,-8.265675,intermarché castelo de paiva,intermarché,"rua jean tyssen, nº 100 - sobrado","1,889 €",2026-05-15_dgeg_postos_raw.csv,90206a093bb1bc6a
2026-05-15,2026-05-15 14:31:32,2026-05-11 00:00:00,71ed7b7ddc820ed5,71ed7b7ddc820ed5_diesel_regular,CEPSA - CABAÇOS,CEPSA,diesel_regular,Gasóleo simples,Outro,1.986,Alvaiázere,Leiria,Variante de Cabaços,Cabaços,3250-394,39.80634,-8.34995,cepsa - cabaços,cepsa,variante de cabaços,"1,986 €",2026-05-15_dgeg_postos_raw.csv,cf474272ec125c69
2026-05-15,2026-05-15 14:31:32,2026-05-11 00:00:00,ff81a969050df41a,ff81a969050df41a_diesel_regular,MOEVE CHÃO DE COUCE,MOEVE,diesel_regular,Gasóleo simples,Outro,1.986,Figueiró dos Vinhos,Leiria,Bairro Industrial da Aguda (EN110),Chão de Couce,3260-027,39.892439,-8.359081,moeve chão de couce,moeve,bairro industrial da aguda (en110),"1,986 €",2026-05-15_dgeg_postos_raw.csv,4f2c5cf1b4c8e484
2026-05-15,2026-05-15 14:31:32,2026-05-11 00:00:00,ede4b0ec3aab0fc3,ede4b0ec3aab0fc3_diesel_regular,CEPSA APARECIDA,CEPSA,diesel_regular,Gasóleo simples,Outro,1.986,Lousada,Porto,Rua Bom Viver nº 85,Barroco,4620-823,41.288685,-8.211872,cepsa aparecida,cepsa,rua bom viver nº 85,"1,986 €",2026-05-15_dgeg_postos_raw.csv,af1844caa8b2b809
2026-05-15,2026-05-15 14:31:32,2026-05-11 00:00:00,c078636bd38539a5,c078636bd38539a5_diesel_regular,ALFABRENT Guimarães Silvares,BP,diesel_regular,Gasóleo simples,Outro,2.044,Guimarães,Braga,R. 25 Abril - Lugar de Carvalhais,Silvares,4835-400,41.442571,-8.333676,alfabrent guimarães silvares,bp,r. 25 abril - lugar de carvalhais,"2,044 €",2026-05-15_dgeg_postos_raw.csv,d5776f1cf3280e86
2026-05-15,2026-05-15 14:31:32,2026-05-11 00:00:00,c078636bd38539a5,c078636bd38539a5_diesel_premium,ALFABRENT Guimarães Silvares,BP,diesel_premium,Gasóleo especial,Outro,2.224,Guimarães,Braga,R. 25 Abril - Lugar de Carvalhais,Silvares,4835-400,41.442571,-8.333676,alfabrent guimarães silvares,bp,r. 25 abril - lugar de carvalhais,"2,224 €",2026-05-15_dgeg_postos_raw.csv,232f7373ec804166
2026-05-15,2026-05-15 14:31:32,2026-05-11 00:00:00,c078636bd38539a5,c078636bd38539a5_gasoline_95,ALFABRENT Guimarães Silvares,BP,gasoline_95,Gasolina simples 95,Outro,2.039,Guimarães,Braga,R. 25 Abril - Lugar de Carvalhais,Silvares,4835-400,41.442571,-8.333676,alfabrent guimarães silvares,bp,r. 25 abril - lugar de carvalhais,"2,039 €",2026-05-15_dgeg_postos_raw.csv,67686e6a9b4dd45e
2026-05-15,2026-05-15 14:31:32,2026-05-11 00:00:00,cf9fa397c9f04e6a,cf9fa397c9f04e6a_diesel_regular,Cepsa Coja,CEPSA,diesel_regular,Gasóleo simples,Outro,2.006,Arganil,Coimbra,"Lugar da Coutada, EN 344",Côja,3305-144,40.274547,-7.993033,cepsa coja,cepsa,"lugar da coutada, en 344","2,006 €",2026-05-15_dgeg_postos_raw.csv,63685e2c86b2880e
2026-05-15,2026-05-15 14:31:32,2026-05-11 00:00:00,cf9fa397c9f04e6a,cf9fa397c9f04e6a_diesel_premium,Cepsa Coja,CEPSA,diesel_premium,Gasóleo especial,Outro,2.056,Arganil,Coimbra,"Lugar da Coutada, EN 344",Côja,3305-144,40.274547,-7.993033,cepsa coja,cepsa,"lugar da coutada, en 344","2,056 €",2026-05-15_dgeg_postos_raw.csv,382ade873b1ffa9b
2026-05-15,2026-05-15 14:31:32,2026-05-11 00:00:00,cf9fa397c9f04e6a,cf9fa397c9f04e6a_gasoline_95,Cepsa Coja,CEPSA,gasoline_95,Gasolina simples 95,Outro,2.013,Arganil,Coimbra,"Lugar da Coutada, EN 344",Côja,3305-144,40.274547,-7.993033,cepsa coja,cepsa,"lugar da coutada, en 344","2,013 €",2026-05-15_dgeg_postos_raw.csv,bffb8811e614e81a
2026-05-15,2026-05-15 14:31:32,2026-05-11 00:00:00,cf9fa397c9f04e6a,cf9fa397c9f04e6a_gasoline_98,Cepsa Coja,CEPSA,gasoline_98,Gasolina especial 98,Outro,2.225,Arganil,Coimbra,"Lugar da Coutada, EN 344",Côja,3305-144,40.274547,-7.993033,cepsa coja,cepsa,"lugar da coutada, en 344","2,225 €",2026-05-15_dgeg_postos_raw.csv,0116de0432079200
2026-05-15,2026-05-15 14:31:32,2026-05-11 00:00:00,7a593372aac7a556,7a593372aac7a556_diesel_regular,CEPSA GUIMARAES,MOEVE,diesel_regular,Gasóleo simples,Outro,1.936,Guimarães,Braga,RUA NOSSA SENHORA DA CONCEIÇAO,Guimarães,4800-100,41.44995,-8.304528,cepsa guimaraes,moeve,rua nossa senhora da conceiçao,"1,936 €",2026-05-15_dgeg_postos_raw.csv,651b2e8c3aafd135
2026-05-15,2026-05-15 14:31:32,2026-05-11 00:00:00,7a593372aac7a556,7a593372aac7a556_diesel_premium,CEPSA GUIMARAES,MOEVE,diesel_premium,Gasóleo especial,Outro,1.986,Guimarães,Braga,RUA NOSSA SENHORA DA CONCEIÇAO,Guimarães,4800-100,41.44995,-8.304528,cepsa guimaraes,moeve,rua nossa senhora da conceiçao,"1,986 €",2026-05-15_dgeg_postos_raw.csv,a76bc702e2cab145
2026-05-15,2026-05-15 14:31:32,2026-05-11 00:00:00,7a593372aac7a556,7a593372aac7a556_gasoline_95,CEPSA GUIMARAES,MOEVE,gasoline_95,Gasolina simples 95,Outro,1.928,Guimarães,Braga,RUA NOSSA SENHORA DA CONCEIÇAO,Guimarães,4800-100,41.44995,-8.304528,cepsa guimaraes,moeve,rua nossa senhora da conceiçao,"1,928 €",2026-05-15_dgeg_postos_raw.csv,66e18825dd43b55c
2026-05-15,2026-05-15 14:31:32,2026-05-11 00:00:00,c37c75432013b77f,c37c75432013b77f_diesel_premium,Mafra,MOEVE,diesel_premium,Gasóleo especial,Outro,2.036,Mafra,Lisboa,"EN 116 Km 7,7",Qta da Mougueta,2640-523,38.955028,-9.34075,mafra,moeve,"en 116 km 7,7","2,036 €",2026-05-15_dgeg_postos_raw.csv,8c6ee54fd814a3a3
2026-05-15,2026-05-15 14:31:32,2026-05-11 00:00:00,c37c75432013b77f,c37c75432013b77f_diesel_regular,Mafra,MOEVE,diesel_regular,Gasóleo simples,Outro,1.986,Mafra,Lisboa,"EN 116 Km 7,7",Qta da Mougueta,2640-523,38.955028,-9.34075,mafra,moeve,"en 116 km 7,7","1,986 €",2026-05-15_dgeg_postos_raw.csv,c2aa683b1e1f1e41
2026-05-15,2026-05-15 14:31:32,2026-05-11 00:00:00,c37c75432013b77f,c37c75432013b77f_gasoline_95,Mafra,MOEVE,gasoline_95,Gasolina simples 95,Outro,1.978,Mafra,Lisboa,"EN 116 Km 7,7",Qta da Mougueta,2640-523,38.955028,-9.34075,mafra,moeve,"en 116 km 7,7","1,978 €",2026-05-15_dgeg_postos_raw.csv,58c5251085fa43a2
2026-05-15,2026-05-15 14:31:32,2026-05-11 00:00:00,8533d5b931930a54,8533d5b931930a54_diesel_premium,MOEVE  Albergaria-a-Velha  (LIS/POR),MOEVE,diesel_premium,Gasóleo especial,Outro,2.048,Albergaria-a-Velha,Aveiro,"EN 1 (IC2), km 245,500",Albergaria-A-Velha,3850-165,40.677814,-8.471354,moeve albergaria-a-velha (lis/por),moeve,"en 1 (ic2), km 245,500","2,048 €",2026-05-15_dgeg_postos_raw.csv,6c7cdb445f53e366
2026-05-15,2026-05-15 14:31:32,2026-05-11 00:00:00,8533d5b931930a54,8533d5b931930a54_diesel_regular,MOEVE  Albergaria-a-Velha  (LIS/POR),MOEVE,diesel_regular,Gasóleo simples,Outro,1.999,Albergaria-a-Velha,Aveiro,"EN 1 (IC2), km 245,500",Albergaria-A-Velha,3850-165,40.677814,-8.471354,moeve albergaria-a-velha (lis/por),moeve,"en 1 (ic2), km 245,500","1,999 €",2026-05-15_dgeg_postos_raw.csv,174a9630f22a6c75
2026-05-15,2026-05-15 14:31:32,2026-05-11 00:00:00,8533d5b931930a54,8533d5b931930a54_gasoline_95,MOEVE  Albergaria-a-Velha  (LIS/POR),MOEVE,gasoline_95,Gasolina simples 95,Outro,1.989,Albergaria-a-Velha,Aveiro,"EN 1 (IC2), km 245,500",Albergaria-A-Velha,3850-165,40.677814,-8.471354,moeve albergaria-a-velha (lis/por),moeve,"en 1 (ic2), km 245,500","1,989 €",2026-05-15_dgeg_postos_raw.csv,8203c82d8a73277e
2026-05-15,2026-05-15 14:31:32,2026-05-11 00:00:00,1ed8fc88b67512d5,1ed8fc88b67512d5_diesel_premium,MOEVE Albergaria-a-Velha (POR/LIS),MOEVE,diesel_premium,Gasóleo especial,Outro,2.048,Albergaria-a-Velha,Aveiro,"EN 1 (IC2), km 245,500 - CAVADA NOVA",Albergaria-A-Velha,3850-165,40.678246,-8.471925,moeve albergaria-a-velha (por/lis),moeve,"en 1 (ic2), km 245,500 - cavada nova","2,048 €",2026-05-15_dgeg_postos_raw.csv,466a008d5400cf75
2026-05-15,2026-05-15 14:31:32,2026-05-11 00:00:00,1ed8fc88b67512d5,1ed8fc88b67512d5_diesel_regular,MOEVE Albergaria-a-Velha (POR/LIS),MOEVE,diesel_regular,Gasóleo simples,Outro,1.999,Albergaria-a-Velha,Aveiro,"EN 1 (IC2), km 245,500 - CAVADA NOVA",Albergaria-A-Velha,3850-165,40.678246,-8.471925,moeve albergaria-a-velha (por/lis),moeve,"en 1 (ic2), km 245,500 - cavada nova","1,999 €",2026-05-15_dgeg_postos_raw.csv,7f262e4ece11a93f
2026-05-15,2026-05-15 14:31:32,2026-05-11 00:00:00,1ed8fc88b67512d5,1ed8fc88b67512d5_gasoline_95,MOEVE Albergaria-a-Velha (POR/LIS),MOEVE,gasoline_95,Gasolina simples 95,Outro,1.989,Albergaria-a-Velha,Aveiro,"EN 1 (IC2), km 245,500 - CAVADA NOVA",Albergaria-A-Velha,3850-165,40.678246,-8.471925,moeve albergaria-a-velha (por/lis),moeve,"en 1 (ic2), km 245,500 - cavada nova","1,989 €",2026-05-15_dgeg_postos_raw.csv,e850c984d59f61d0
2026-05-15,2026-05-15 14:31:32,2026-05-11 00:00:00,5fe4210dcef7ebc5,5fe4210dcef7ebc5_diesel_regular,Combustíveis Agostinho & Agostinho Lda,REPSOL,diesel_regular,Gasóleo simples,Outro,2.025,Rio Maior,Santarém,Estrada Principal nº512,Ribeira de Fráguas,2040-155,39.368958,-8.852574,combustíveis agostinho & agostinho lda,repsol,estrada principal nº512,"2,025 €",2026-05-15_dgeg_postos_raw.csv,38bb11a7cd69e846
2026-05-15,2026-05-15 14:31:32,2026-05-11 00:00:00,5fe4210dcef7ebc5,5fe4210dcef7ebc5_gasoline_95,Combustíveis Agostinho & Agostinho Lda,REPSOL,gasoline_95,Gasolina simples 95,Outro,2.03,Rio Maior,Santarém,Estrada Principal nº512,Ribeira de Fráguas,2040-155,39.368958,-8.852574,combustíveis agostinho & agostinho lda,repsol,estrada principal nº512,"2,030 €",2026-05-15_dgeg_postos_raw.csv,2bf3e1c64bb89c37
2026-05-15,2026-05-15 14:31:32,2026-05-11 00:00:00,ac513d23a2c31fad,ac513d23a2c31fad_diesel_premium,MOEVE ALPORCHINHOS,MOEVE,diesel_premium,Gasóleo especial,Outro,2.036,Silves,Faro,SENHORA DA ROCHA,Alporchinhos,8400-450,37.1062,-8.38296,moeve alporchinhos,moeve,senhora da rocha,"2,036 €",2026-05-15_dgeg_postos_raw.csv,d11118477d3ae4c7
2026-05-15,2026-05-15 14:31:32,2026-05-11 00:00:00,ac513d23a2c31fad,ac513d23a2c31fad_diesel_regular,MOEVE ALPORCHINHOS,MOEVE,diesel_regular,Gasóleo simples,Outro,1.986,Silves,Faro,SENHORA DA ROCHA,Alporchinhos,8400-450,37.1062,-8.38296,moeve alporchinhos,moeve,senhora da rocha,"1,986 €",2026-05-15_dgeg_postos_raw.csv,36d32722c12488a5
2026-05-15,2026-05-15 14:31:32,2026-05-11 00:00:00,ac513d23a2c31fad,ac513d23a2c31fad_gasoline_95,MOEVE ALPORCHINHOS,MOEVE,gasoline_95,Gasolina simples 95,Outro,1.978,Silves,Faro,SENHORA DA ROCHA,Alporchinhos,8400-450,37.1062,-8.38296,moeve alporchinhos,moeve,senhora da rocha,"1,978 €",2026-05-15_dgeg_postos_raw.csv,239e248324d09aa7
2026-05-15,2026-05-15 14:31:32,2026-05-11 00:00:00,089549eba5fb58fb,089549eba5fb58fb_diesel_premium,P A COLMEIAS,REPSOL,diesel_premium,Gasóleo especial,Outro,2.009,Leiria,Leiria,Rua Central nº4526,Colmeias-Chã,2420-202,39.79319,-8.70273,p a colmeias,repsol,rua central nº4526,"2,009 €",2026-05-15_dgeg_postos_raw.csv,607841273be52185
2026-05-15,2026-05-15 14:31:32,2026-05-11 00:00:00,6b5fcac4d1c87381,6b5fcac4d1c87381_diesel_premium,MOITA,CEPSA,diesel_premium,Gasóleo especial,Outro,1.946,Moita,Setúbal,"AV. 1º DE MAIO, VALE AMOREIRA",Vale da Amoreira,2835-204,38.64954,-9.04334,moita,cepsa,"av. 1º de maio, vale amoreira","1,946 €",2026-05-15_dgeg_postos_raw.csv,d94f2b93a643b217
2026-05-15,2026-05-15 14:31:32,2026-05-11 00:00:00,f780ed2c718a8fcb,f780ed2c718a8fcb_diesel_premium,PORTO - SÃO DINIS,CEPSA,diesel_premium,Gasóleo especial,Outro,1.946,Porto,Porto,"RUA SÃO DINIS, Nº 296",Porto,4250-427,41.167393,-8.619685,porto - são dinis,cepsa,"rua são dinis, nº 296","1,946 €",2026-05-15_dgeg_postos_raw.csv,00f1328ea5818afa
2026-05-15,2026-05-15 14:31:32,2026-05-11 00:00:00,69dbb216aba7d8f6,69dbb216aba7d8f6_diesel_regular,ALFABRENT Santo Tirso Fontiscos,BP,diesel_regular,Gasóleo simples,Outro,2.064,Santo Tirso,Porto,"Rua dos Fontiscos, nr.º 693",Santo Tirso,4780-470,41.3406,-8.49337,alfabrent santo tirso fontiscos,bp,"rua dos fontiscos, nr.º 693","2,064 €",2026-05-15_dgeg_postos_raw.csv,e3e4058a0fda1d6e
2026-05-15,2026-05-15 14:31:32,2026-05-11 00:00:00,69dbb216aba7d8f6,69dbb216aba7d8f6_diesel_premium,ALFABRENT Santo Tirso Fontiscos,BP,diesel_premium,Gasóleo especial,Outro,2.224,Santo Tirso,Porto,"Rua dos Fontiscos, nr.º 693",Santo Tirso,4780-470,41.3406,-8.49337,alfabrent santo tirso fontiscos,bp,"rua dos fontiscos, nr.º 693","2,224 €",2026-05-15_dgeg_postos_raw.csv,f967c20613258420
2026-05-15,2026-05-15 14:31:32,2026-05-11 00:00:00,69dbb216aba7d8f6,69dbb216aba7d8f6_gasoline_95,ALFABRENT Santo Tirso Fontiscos,BP,gasoline_95,Gasolina simples 95,Outro,2.059,Santo Tirso,Porto,"Rua dos Fontiscos, nr.º 693",Santo Tirso,4780-470,41.3406,-8.49337,alfabrent santo tirso fontiscos,bp,"rua dos fontiscos, nr.º 693","2,059 €",2026-05-15_dgeg_postos_raw.csv,2613a1e5ccddca00
2026-05-15,2026-05-15 14:31:32,2026-05-11 00:00:00,942eb82506de4bca,942eb82506de4bca_diesel_premium,CEPSA LOURO,CEPSA,diesel_premium,Gasóleo especial,Outro,2.016,Vila Nova de Famalicão,Braga,"Rua Padre Domingos J.Pereira, 1150",Louro,4760-563,41.43536,-8.53979,cepsa louro,cepsa,"rua padre domingos j.pereira, 1150","2,016 €",2026-05-15_dgeg_postos_raw.csv,ebd922327462c6d7
2026-05-15,2026-05-15 14:31:32,2026-05-11 00:00:00,942eb82506de4bca,942eb82506de4bca_diesel_regular,CEPSA LOURO,CEPSA,diesel_regular,Gasóleo simples,Outro,1.966,Vila Nova de Famalicão,Braga,"Rua Padre Domingos J.Pereira, 1150",Louro,4760-563,41.43536,-8.53979,cepsa louro,cepsa,"rua padre domingos j.pereira, 1150","1,966 €",2026-05-15_dgeg_postos_raw.csv,3154288d57ca8a25
2026-05-15,2026-05-15 14:31:32,2026-05-11 00:00:00,942eb82506de4bca,942eb82506de4bca_gasoline_95,CEPSA LOURO,CEPSA,gasoline_95,Gasolina simples 95,Outro,1.958,Vila Nova de Famalicão,Braga,"Rua Padre Domingos J.Pereira, 1150",Louro,4760-563,41.43536,-8.53979,cepsa louro,cepsa,"rua padre domingos j.pereira, 1150","1,958 €",2026-05-15_dgeg_postos_raw.csv,5871ce8d50807357
2026-05-15,2026-05-15 14:31:32,2026-05-11 00:00:00,e1fe7dfb39f288e6,e1fe7dfb39f288e6_gasoline_98,E.S. POLVOREIRA B,REPSOL,gasoline_98,Gasolina especial 98,Outro,2.197,Guimarães,Braga,"EN105, KM 42",64   POLVOREIRA,4835-164,41.41484,-8.31154,e.s. polvoreira b,repsol,"en105, km 42","2,197 €",2026-05-15_dgeg_postos_raw.csv,ac95cfd38c9a6826
2026-05-15,2026-05-15 14:31:32,2026-05-11 00:00:00,0285f6da3a9ff86e,0285f6da3a9ff86e_gasoline_98,E.S. POLVOREIRA A,REPSOL,gasoline_98,Gasolina especial 98,Outro,2.197,Guimarães,Braga,"EN105, KM 42",Polvoreira,4835-164,41.41484,-8.31094,e.s. polvoreira a,repsol,"en105, km 42","2,197 €",2026-05-15_dgeg_postos_raw.csv,2af5e98e007fdd7e
2026-05-15,2026-05-15 14:31:32,2026-05-11 00:00:00,c144caae7d223442,c144caae7d223442_diesel_regular,ES VIMEIRO,REPSOL,diesel_regular,Gasóleo simples,Outro,2.029,Lourinhã,Lisboa,"R. 21 Agosto, n.º 1",Vimeiro,2530-814,39.177069,-9.321895,es vimeiro,repsol,"r. 21 agosto, n.º 1","2,029 €",2026-05-15_dgeg_postos_raw.csv,c7140e6f74d6a065
2026-05-15,2026-05-15 14:31:32,2026-05-11 00:00:00,c144caae7d223442,c144caae7d223442_diesel_premium,ES VIMEIRO,REPSOL,diesel_premium,Gasóleo especial,Outro,2.089,Lourinhã,Lisboa,"R. 21 Agosto, n.º 1",Vimeiro,2530-814,39.177069,-9.321895,es vimeiro,repsol,"r. 21 agosto, n.º 1","2,089 €",2026-05-15_dgeg_postos_raw.csv,af5144f8aeeed305
2026-05-15,2026-05-15 14:31:32,2026-05-11 00:00:00,c144caae7d223442,c144caae7d223442_gasoline_95,ES VIMEIRO,REPSOL,gasoline_95,Gasolina simples 95,Outro,2.027,Lourinhã,Lisboa,"R. 21 Agosto, n.º 1",Vimeiro,2530-814,39.177069,-9.321895,es vimeiro,repsol,"r. 21 agosto, n.º 1","2,027 €",2026-05-15_dgeg_postos_raw.csv,b3697e6645b04ba1
2026-05-15,2026-05-15 14:31:32,2026-05-11 00:00:00,2d9afc28ef4b5e30,2d9afc28ef4b5e30_diesel_regular,E.S. FRIELAS,REPSOL,diesel_regular,Gasóleo simples,Outro,2.029,Loures,Lisboa,"R. 28 Setembro, 54",Frielas,2660-001,38.818792,-9.148851,e.s. frielas,repsol,"r. 28 setembro, 54","2,029 €",2026-05-15_dgeg_postos_raw.csv,0a9b4b9e36525bd0
2026-05-15,2026-05-15 14:31:32,2026-05-11 00:00:00,2d9afc28ef4b5e30,2d9afc28ef4b5e30_diesel_premium,E.S. FRIELAS,REPSOL,diesel_premium,Gasóleo especial,Outro,2.089,Loures,Lisboa,"R. 28 Setembro, 54",Frielas,2660-001,38.818792,-9.148851,e.s. frielas,repsol,"r. 28 setembro, 54","2,089 €",2026-05-15_dgeg_postos_raw.csv,b839a5cd5904f752
2026-05-15,2026-05-15 14:31:32,2026-05-11 00:00:00,2d9afc28ef4b5e30,2d9afc28ef4b5e30_gasoline_95,E.S. FRIELAS,REPSOL,gasoline_95,Gasolina simples 95,Outro,2.027,Loures,Lisboa,"R. 28 Setembro, 54",Frielas,2660-001,38.818792,-9.148851,e.s. frielas,repsol,"r. 28 setembro, 54","2,027 €",2026-05-15_dgeg_postos_raw.csv,2c2c428033f64985
2026-05-15,2026-05-15 14:31:32,2026-05-11 00:00:00,2d9afc28ef4b5e30,2d9afc28ef4b5e30_gasoline_98,E.S. FRIELAS,REPSOL,gasoline_98,Gasolina especial 98,Outro,2.247,Loures,Lisboa,"R. 28 Setembro, 54",Frielas,2660-001,38.818792,-9.148851,e.s. frielas,repsol,"r. 28 setembro, 54","2,247 €",2026-05-15_dgeg_postos_raw.csv,db8d640c18e36932
2026-05-15,2026-05-15 14:31:32,2026-05-11 00:00:00,eed4a883511501dd,eed4a883511501dd_diesel_regular,BP BARRACÃO NASCENTE,BP,diesel_regular,Gasóleo simples,Outro,1.999,Leiria,Leiria,"IC2, km 136",Barracão,2420-193,39.82908,-8.72143,bp barracão nascente,bp,"ic2, km 136","1,999 €",2026-05-15_dgeg_postos_raw.csv,b7f2fb32a2ec80cd
2026-05-15,2026-05-15 14:31:32,2026-05-11 00:00:00,eed4a883511501dd,eed4a883511501dd_diesel_premium,BP BARRACÃO NASCENTE,BP,diesel_premium,Gasóleo especial,Outro,2.224,Leiria,Leiria,"IC2, km 136",Barracão,2420-193,39.82908,-8.72143,bp barracão nascente,bp,"ic2, km 136","2,224 €",2026-05-15_dgeg_postos_raw.csv,94e6712800cb69f3
2026-05-15,2026-05-15 14:31:32,2026-05-11 00:00:00,eed4a883511501dd,eed4a883511501dd_gasoline_95,BP BARRACÃO NASCENTE,BP,gasoline_95,Gasolina simples 95,Outro,1.999,Leiria,Leiria,"IC2, km 136",Barracão,2420-193,39.82908,-8.72143,bp barracão nascente,bp,"ic2, km 136","1,999 €",2026-05-15_dgeg_postos_raw.csv,c1f81a083f47e6c6
2026-05-15,2026-05-15 14:31:32,2026-05-11 00:00:00,2c2e68990c453956,2c2e68990c453956_diesel_premium,BP BARRACÃO POENTE,BP,diesel_premium,Gasóleo especial,Outro,2.224,Leiria,Leiria,"IC2, KM 136",Barracão,2420-193,39.82904,-8.72216,bp barracão poente,bp,"ic2, km 136","2,224 €",2026-05-15_dgeg_postos_raw.csv,1dcfb141522189b2
2026-05-15,2026-05-15 14:31:32,2026-05-11 00:00:00,2c2e68990c453956,2c2e68990c453956_gasoline_95,BP BARRACÃO POENTE,BP,gasoline_95,Gasolina simples 95,Outro,1.999,Leiria,Leiria,"IC2, KM 136",Barracão,2420-193,39.82904,-8.72216,bp barracão poente,bp,"ic2, km 136","1,999 €",2026-05-15_dgeg_postos_raw.csv,a082d17f981dd90d
2026-05-15,2026-05-15 14:31:32,2026-05-11 00:00:00,2c2e68990c453956,2c2e68990c453956_gasoline_98,BP BARRACÃO POENTE,BP,gasoline_98,Gasolina especial 98,Outro,2.229,Leiria,Leiria,"IC2, KM 136",Barracão,2420-193,39.82904,-8.72216,bp barracão poente,bp,"ic2, km 136","2,229 €",2026-05-15_dgeg_postos_raw.csv,1a5ad3e27e81621b
2026-05-15,2026-05-15 14:31:32,2026-05-11 00:00:00,7d7d280a594f5686,7d7d280a594f5686_diesel_regular,E.S.PORTALEGRE ZI,REPSOL,diesel_regular,Gasóleo simples,Outro,2.029,Portalegre,Portalegre,"Av. Francisco Fino, 50",Portalegre ZI,7300-053,39.267764,-7.425958,e.s.portalegre zi,repsol,"av. francisco fino, 50","2,029 €",2026-05-15_dgeg_postos_raw.csv,7dde38dd1becfd4a
2026-05-15,2026-05-15 14:31:32,2026-05-11 00:00:00,7d7d280a594f5686,7d7d280a594f5686_diesel_premium,E.S.PORTALEGRE ZI,REPSOL,diesel_premium,Gasóleo especial,Outro,2.089,Portalegre,Portalegre,"Av. Francisco Fino, 50",Portalegre ZI,7300-053,39.267764,-7.425958,e.s.portalegre zi,repsol,"av. francisco fino, 50","2,089 €",2026-05-15_dgeg_postos_raw.csv,6f84053fa5a9ab96
2026-05-15,2026-05-15 14:31:32,2026-05-11 00:00:00,7d7d280a594f5686,7d7d280a594f5686_gasoline_95,E.S.PORTALEGRE ZI,REPSOL,gasoline_95,Gasolina simples 95,Outro,2.027,Portalegre,Portalegre,"Av. Francisco Fino, 50",Portalegre ZI,7300-053,39.267764,-7.425958,e.s.portalegre zi,repsol,"av. francisco fino, 50","2,027 €",2026-05-15_dgeg_postos_raw.csv,d8f6da8c791a3dc0
2026-05-15,2026-05-15 14:31:32,2026-05-11 00:00:00,7d7d280a594f5686,7d7d280a594f5686_gasoline_98,E.S.PORTALEGRE ZI,REPSOL,gasoline_98,Gasolina especial 98,Outro,2.217,Portalegre,Portalegre,"Av. Francisco Fino, 50",Portalegre ZI,7300-053,39.267764,-7.425958,e.s.portalegre zi,repsol,"av. francisco fino, 50","2,217 €",2026-05-15_dgeg_postos_raw.csv,49b95015c51e56f5
2026-05-15,2026-05-15 14:31:32,2026-05-11 00:00:00,aac73fdd1a7c9822,aac73fdd1a7c9822_diesel_regular,troviEnergy,MOEVE,diesel_regular,Gasóleo simples,Outro,2.006,Macedo de Cavaleiros,Bragança,"Zona Industrial, rotunda M15/IP2 (A4)",Macedo de Cavaleiros,5340-296,41.57081,-6.99394,trovienergy,moeve,"zona industrial, rotunda m15/ip2 (a4)","2,006 €",2026-05-15_dgeg_postos_raw.csv,5ac7163668fe11b0
2026-05-15,2026-05-15 14:31:32,2026-05-11 00:00:00,aac73fdd1a7c9822,aac73fdd1a7c9822_diesel_premium,troviEnergy,MOEVE,diesel_premium,Gasóleo especial,Outro,2.056,Macedo de Cavaleiros,Bragança,"Zona Industrial, rotunda M15/IP2 (A4)",Macedo de Cavaleiros,5340-296,41.57081,-6.99394,trovienergy,moeve,"zona industrial, rotunda m15/ip2 (a4)","2,056 €",2026-05-15_dgeg_postos_raw.csv,d2ad8d45f2bd1519
2026-05-15,2026-05-15 14:31:32,2026-05-11 00:00:00,aac73fdd1a7c9822,aac73fdd1a7c9822_gasoline_95,troviEnergy,MOEVE,gasoline_95,Gasolina simples 95,Outro,1.998,Macedo de Cavaleiros,Bragança,"Zona Industrial, rotunda M15/IP2 (A4)",Macedo de Cavaleiros,5340-296,41.57081,-6.99394,trovienergy,moeve,"zona industrial, rotunda m15/ip2 (a4)","1,998 €",2026-05-15_dgeg_postos_raw.csv,ed03101db80d27c1
2026-05-15,2026-05-15 14:31:32,2026-05-11 00:00:00,0e470763b4c019b4,0e470763b4c019b4_diesel_regular,PETRO VALE DA TEJA,CEPSA,diesel_regular,Gasóleo simples,Outro,2.036,Vila Nova de Foz Côa,Guarda,EN 222 KM 190\n,Vale da Teja,5155-337,41.06419,-7.29436,petro vale da teja,cepsa,en 222 km 190\n,"2,036 €",2026-05-15_dgeg_postos_raw.csv,34d5a2d69970a986
2026-05-15,2026-05-15 14:31:32,2026-05-11 00:00:00,0e470763b4c019b4,0e470763b4c019b4_diesel_premium,PETRO VALE DA TEJA,CEPSA,diesel_premium,Gasóleo especial,Outro,2.086,Vila Nova de Foz Côa,Guarda,EN 222 KM 190\n,Vale da Teja,5155-337,41.06419,-7.29436,petro vale da teja,cepsa,en 222 km 190\n,"2,086 €",2026-05-15_dgeg_postos_raw.csv,c032e7ace93742cb
2026-05-15,2026-05-15 14:31:32,2026-05-11 00:00:00,0e470763b4c019b4,0e470763b4c019b4_gasoline_95,PETRO VALE DA TEJA,CEPSA,gasoline_95,Gasolina simples 95,Outro,2.028,Vila Nova de Foz Côa,Guarda,EN 222 KM 190\n,Vale da Teja,5155-337,41.06419,-7.29436,petro vale da teja,cepsa,en 222 km 190\n,"2,028 €",2026-05-15_dgeg_postos_raw.csv,32e9c65c26e8812f
2026-05-15,2026-05-15 14:31:32,2026-05-11 00:00:00,e47ed6a84aec9202,e47ed6a84aec9202_gasoline_98,E.S. CARIA,REPSOL,gasoline_98,Gasolina especial 98,Outro,2.217,Belmonte,Castelo Branco,Rua da Igreja,Caria,6520-111,40.299593,-7.365259,e.s. caria,repsol,rua da igreja,"2,217 €",2026-05-15_dgeg_postos_raw.csv,fda21905ec705b06
2026-05-15,2026-05-15 14:31:32,2026-05-11 00:00:00,2f93ec411db6b975,2f93ec411db6b975_diesel_regular,Intermarché Castelo de Paiva,INTERMARCHÉ,diesel_regular,Gasóleo simples,Outro,1.899,Castelo de Paiva,Aveiro,"Rua Jean Tyssen, nº 100 - Sobrado",Castelo de Paiva,4550-131,41.043894,-8.265675,intermarché castelo de paiva,intermarché,"rua jean tyssen, nº 100 - sobrado","1,899 €",2026-05-15_dgeg_postos_raw.csv,44c670dc56de4b3b
2026-05-15,2026-05-15 14:31:32,2026-05-11 00:00:00,2f93ec411db6b975,2f93ec411db6b975_diesel_premium,Intermarché Castelo de Paiva,INTERMARCHÉ,diesel_premium,Gasóleo especial,Outro,1.939,Castelo de Paiva,Aveiro,"Rua Jean Tyssen, nº 100 - Sobrado",Castelo de Paiva,4550-131,41.043894,-8.265675,intermarché castelo de paiva,intermarché,"rua jean tyssen, nº 100 - sobrado","1,939 €",2026-05-15_dgeg_postos_raw.csv,9b2bba7bd86b146b
2026-05-15,2026-05-15 14:31:32,2026-05-11 00:00:00,4da85ef80ce76692,4da85ef80ce76692_diesel_regular,E.S. GOUVEIA,REPSOL,diesel_regular,Gasóleo simples,Outro,2.029,Gouveia,Guarda,Zona Industrial de Gouveia\n\n,Vinhó,6290-651,40.51172,-7.632591,e.s. gouveia,repsol,zona industrial de gouveia\n\n,"2,029 €",2026-05-15_dgeg_postos_raw.csv,3b38402372a4694b
2026-05-15,2026-05-15 14:31:32,2026-05-11 00:00:00,4da85ef80ce76692,4da85ef80ce76692_diesel_premium,E.S. GOUVEIA,REPSOL,diesel_premium,Gasóleo especial,Outro,2.089,Gouveia,Guarda,Zona Industrial de Gouveia\n\n,Vinhó,6290-651,40.51172,-7.632591,e.s. gouveia,repsol,zona industrial de gouveia\n\n,"2,089 €",2026-05-15_dgeg_postos_raw.csv,90a0b3dbb8fda236
2026-05-15,2026-05-15 14:31:32,2026-05-11 00:00:00,4da85ef80ce76692,4da85ef80ce76692_gasoline_95,E.S. GOUVEIA,REPSOL,gasoline_95,Gasolina simples 95,Outro,2.027,Gouveia,Guarda,Zona Industrial de Gouveia\n\n,Vinhó,6290-651,40.51172,-7.632591,e.s. gouveia,repsol,zona industrial de gouveia\n\n,"2,027 €",2026-05-15_dgeg_postos_raw.csv,a8aeef05b5cc5ec2
2026-05-15,2026-05-15 14:31:32,2026-05-11 00:00:00,97a4f0fc3ba5d008,97a4f0fc3ba5d008_diesel_regular,CEPSA PENELA,CEPSA,diesel_regular,Gasóleo simples,Outro,1.966,Penela,Coimbra,Zona Industrial de Penela,Zona Industrial,3230-347,40.01569,-8.370878,cepsa penela,cepsa,zona industrial de penela,"1,966 €",2026-05-15_dgeg_postos_raw.csv,142caeb60c05bc80
2026-05-15,2026-05-15 14:31:32,2026-05-11 00:00:00,97a4f0fc3ba5d008,97a4f0fc3ba5d008_diesel_premium,CEPSA PENELA,CEPSA,diesel_premium,Gasóleo especial,Outro,2.016,Penela,Coimbra,Zona Industrial de Penela,Zona Industrial,3230-347,40.01569,-8.370878,cepsa penela,cepsa,zona industrial de penela,"2,016 €",2026-05-15_dgeg_postos_raw.csv,069b7d793b26a2a6
2026-05-15,2026-05-15 14:31:32,2026-05-11 00:00:00,97a4f0fc3ba5d008,97a4f0fc3ba5d008_gasoline_95,CEPSA PENELA,CEPSA,gasoline_95,Gasolina simples 95,Outro,1.958,Penela,Coimbra,Zona Industrial de Penela,Zona Industrial,3230-347,40.01569,-8.370878,cepsa penela,cepsa,zona industrial de penela,"1,958 €",2026-05-15_dgeg_postos_raw.csv,cf1ec3bb085b1244
2026-05-15,2026-05-15 14:31:32,2026-05-11 00:00:00,97a4f0fc3ba5d008,97a4f0fc3ba5d008_gasoline_98,CEPSA PENELA,CEPSA,gasoline_98,Gasolina especial 98,Outro,2.17,Penela,Coimbra,Zona Industrial de Penela,Zona Industrial,3230-347,40.01569,-8.370878,cepsa penela,cepsa,zona industrial de penela,"2,170 €",2026-05-15_dgeg_postos_raw.csv,1f8450daef14f046
2026-05-15,2026-05-15 14:31:32,2026-05-11 00:00:00,cd2266637faa4050,cd2266637faa4050_diesel_regular,A4 - Vila Real Sul (Lamares),BP,diesel_regular,Gasóleo simples,Auto-estrada,2.119,Vila Real,Vila Real,"A4, Km 101.45, Lote 2, Lado Sul",Lamares,5000-131,41.3236,-7.64111,a4 - vila real sul (lamares),bp,"a4, km 101.45, lote 2, lado sul","2,119 €",2026-05-15_dgeg_postos_raw.csv,5909e9eef45a6683
2026-05-15,2026-05-15 14:31:32,2026-05-11 00:00:00,cd2266637faa4050,cd2266637faa4050_diesel_premium,A4 - Vila Real Sul (Lamares),BP,diesel_premium,Gasóleo especial,Auto-estrada,2.239,Vila Real,Vila Real,"A4, Km 101.45, Lote 2, Lado Sul",Lamares,5000-131,41.3236,-7.64111,a4 - vila real sul (lamares),bp,"a4, km 101.45, lote 2, lado sul","2,239 €",2026-05-15_dgeg_postos_raw.csv,43a0de502a3b6f9e
2026-05-15,2026-05-15 14:31:32,2026-05-11 00:00:00,cd2266637faa4050,cd2266637faa4050_gasoline_95,A4 - Vila Real Sul (Lamares),BP,gasoline_95,Gasolina simples 95,Auto-estrada,2.109,Vila Real,Vila Real,"A4, Km 101.45, Lote 2, Lado Sul",Lamares,5000-131,41.3236,-7.64111,a4 - vila real sul (lamares),bp,"a4, km 101.45, lote 2, lado sul","2,109 €",2026-05-15_dgeg_postos_raw.csv,980c49f294e859cc
2026-05-15,2026-05-15 14:31:32,2026-05-11 00:00:00,6f59c5c9705c8a49,6f59c5c9705c8a49_diesel_regular,A4 - Vila Real Norte (Lamares),BP,diesel_regular,Gasóleo simples,Auto-estrada,2.119,Vila Real,Vila Real,"A4, Km 101.450, Lote 2, Lado Norte",Lamares,5000-131,41.32436,-7.64109,a4 - vila real norte (lamares),bp,"a4, km 101.450, lote 2, lado norte","2,119 €",2026-05-15_dgeg_postos_raw.csv,17e6dee5429a6783
2026-05-15,2026-05-15 14:31:32,2026-05-11 00:00:00,6f59c5c9705c8a49,6f59c5c9705c8a49_diesel_premium,A4 - Vila Real Norte (Lamares),BP,diesel_premium,Gasóleo especial,Auto-estrada,2.239,Vila Real,Vila Real,"A4, Km 101.450, Lote 2, Lado Norte",Lamares,5000-131,41.32436,-7.64109,a4 - vila real norte (lamares),bp,"a4, km 101.450, lote 2, lado norte","2,239 €",2026-05-15_dgeg_postos_raw.csv,8aecac706aac6a22
2026-05-15,2026-05-15 14:31:32,2026-05-11 00:00:00,6f59c5c9705c8a49,6f59c5c9705c8a49_gasoline_95,A4 - Vila Real Norte (Lamares),BP,gasoline_95,Gasolina simples 95,Auto-estrada,2.109,Vila Real,Vila Real,"A4, Km 101.450, Lote 2, Lado Norte",Lamares,5000-131,41.32436,-7.64109,a4 - vila real norte (lamares),bp,"a4, km 101.450, lote 2, lado norte","2,109 €",2026-05-15_dgeg_postos_raw.csv,16b2159a373445d1
2026-05-15,2026-05-15 14:31:32,2026-05-11 00:00:00,756ee602fac30606,756ee602fac30606_diesel_regular,Cepsa Povoa Santarém,CEPSA,diesel_regular,Gasóleo simples,Outro,1.986,Santarém,Santarém,EN 3 - Km 46,Póvoa de Santarém,2000-531,39.303,-8.68559,cepsa povoa santarém,cepsa,en 3 - km 46,"1,986 €",2026-05-15_dgeg_postos_raw.csv,6e4129baca92bae6
2026-05-15,2026-05-15 14:31:32,2026-05-11 00:00:00,756ee602fac30606,756ee602fac30606_diesel_premium,Cepsa Povoa Santarém,CEPSA,diesel_premium,Gasóleo especial,Outro,2.036,Santarém,Santarém,EN 3 - Km 46,Póvoa de Santarém,2000-531,39.303,-8.68559,cepsa povoa santarém,cepsa,en 3 - km 46,"2,036 €",2026-05-15_dgeg_postos_raw.csv,abab332848d3bf83
2026-05-15,2026-05-15 14:31:32,2026-05-11 00:00:00,756ee602fac30606,756ee602fac30606_gasoline_95,Cepsa Povoa Santarém,CEPSA,gasoline_95,Gasolina simples 95,Outro,1.978,Santarém,Santarém,EN 3 - Km 46,Póvoa de Santarém,2000-531,39.303,-8.68559,cepsa povoa santarém,cepsa,en 3 - km 46,"1,978 €",2026-05-15_dgeg_postos_raw.csv,675a6f448d05f82a
2026-05-15,2026-05-15 14:31:32,2026-05-11 00:00:00,7f5d458d45bd24df,7f5d458d45bd24df_diesel_regular,CEPSA CABEÇA SANTA,CEPSA,diesel_regular,Gasóleo simples,Outro,1.966,Penafiel,Porto,"Avenida Cabeça Santa, Cabeça Santa (EN 106 Km 34+400D)",Cabeça Santa,4575-126,41.136124,-8.294039,cepsa cabeça santa,cepsa,"avenida cabeça santa, cabeça santa (en 106 km 34+400d)","1,966 €",2026-05-15_dgeg_postos_raw.csv,7e37ab38b657bf2f
2026-05-15,2026-05-15 14:31:32,2026-05-11 00:00:00,7f5d458d45bd24df,7f5d458d45bd24df_diesel_premium,CEPSA CABEÇA SANTA,CEPSA,diesel_premium,Gasóleo especial,Outro,2.016,Penafiel,Porto,"Avenida Cabeça Santa, Cabeça Santa (EN 106 Km 34+400D)",Cabeça Santa,4575-126,41.136124,-8.294039,cepsa cabeça santa,cepsa,"avenida cabeça santa, cabeça santa (en 106 km 34+400d)","2,016 €",2026-05-15_dgeg_postos_raw.csv,671957cfdce1873c
2026-05-15,2026-05-15 14:31:32,2026-05-11 00:00:00,7f5d458d45bd24df,7f5d458d45bd24df_gasoline_95,CEPSA CABEÇA SANTA,CEPSA,gasoline_95,Gasolina simples 95,Outro,1.958,Penafiel,Porto,"Avenida Cabeça Santa, Cabeça Santa (EN 106 Km 34+400D)",Cabeça Santa,4575-126,41.136124,-8.294039,cepsa cabeça santa,cepsa,"avenida cabeça santa, cabeça santa (en 106 km 34+400d)","1,958 €",2026-05-15_dgeg_postos_raw.csv,c809ae8e1ba99458
2026-05-15,2026-05-15 14:31:32,2026-05-11 00:00:00,7f5d458d45bd24df,7f5d458d45bd24df_gasoline_98,CEPSA CABEÇA SANTA,CEPSA,gasoline_98,Gasolina especial 98,Outro,2.17,Penafiel,Porto,"Avenida Cabeça Santa, Cabeça Santa (EN 106 Km 34+400D)",Cabeça Santa,4575-126,41.136124,-8.294039,cepsa cabeça santa,cepsa,"avenida cabeça santa, cabeça santa (en 106 km 34+400d)","2,170 €",2026-05-15_dgeg_postos_raw.csv,63934f780cc7093a
2026-05-15,2026-05-15 14:31:32,2026-05-11 00:00:00,c8e30b0a8c643f6e,c8e30b0a8c643f6e_diesel_regular,GARAGEM PARQUE DE BARCELOS LDA,GALP,diesel_regular,Gasóleo simples,Outro,2.055,Barcelos,Braga,Av. de Sidónio Pais nº35,Barcelos,4750-000,41.53148,-8.61575,garagem parque de barcelos lda,galp,av. de sidónio pais nº35,"2,055 €",2026-05-15_dgeg_postos_raw.csv,27c30c9a44d07d80
2026-05-15,2026-05-15 14:31:32,2026-05-11 00:00:00,c8e30b0a8c643f6e,c8e30b0a8c643f6e_diesel_premium,GARAGEM PARQUE DE BARCELOS LDA,GALP,diesel_premium,Gasóleo especial,Outro,2.105,Barcelos,Braga,Av. de Sidónio Pais nº35,Barcelos,4750-000,41.53148,-8.61575,garagem parque de barcelos lda,galp,av. de sidónio pais nº35,"2,105 €",2026-05-15_dgeg_postos_raw.csv,40284c89dba5f484
2026-05-15,2026-05-15 14:31:32,2026-05-11 00:00:00,c8e30b0a8c643f6e,c8e30b0a8c643f6e_gasoline_95,GARAGEM PARQUE DE BARCELOS LDA,GALP,gasoline_95,Gasolina simples 95,Outro,2.051,Barcelos,Braga,Av. de Sidónio Pais nº35,Barcelos,4750-000,41.53148,-8.61575,garagem parque de barcelos lda,galp,av. de sidónio pais nº35,"2,051 €",2026-05-15_dgeg_postos_raw.csv,2fc1788b537464dc
2026-05-15,2026-05-15 14:31:32,2026-05-11 00:00:00,c8e30b0a8c643f6e,c8e30b0a8c643f6e_gasoline_98,GARAGEM PARQUE DE BARCELOS LDA,GALP,gasoline_98,Gasolina especial 98,Outro,2.261,Barcelos,Braga,Av. de Sidónio Pais nº35,Barcelos,4750-000,41.53148,-8.61575,garagem parque de barcelos lda,galp,av. de sidónio pais nº35,"2,261 €",2026-05-15_dgeg_postos_raw.csv,d03c072e11f16368
2026-05-15,2026-05-15 14:31:32,2026-05-11 00:00:00,14c6e8caa18c36a2,14c6e8caa18c36a2_diesel_regular,Galp Aveiro,GALP,diesel_regular,Gasóleo simples,Outro,2.015,Aveiro,Aveiro,Quinta do Simão SulEstrada da Taboeira,Aveiro,3800-901,40.648373,-8.615373,galp aveiro,galp,quinta do simão sulestrada da taboeira,"2,015 €",2026-05-15_dgeg_postos_raw.csv,f6566e6289daa43d
2026-05-15,2026-05-15 14:31:32,2026-05-11 00:00:00,14c6e8caa18c36a2,14c6e8caa18c36a2_diesel_premium,Galp Aveiro,GALP,diesel_premium,Gasóleo especial,Outro,2.065,Aveiro,Aveiro,Quinta do Simão SulEstrada da Taboeira,Aveiro,3800-901,40.648373,-8.615373,galp aveiro,galp,quinta do simão sulestrada da taboeira,"2,065 €",2026-05-15_dgeg_postos_raw.csv,0fb5dba12c88e68e
2026-05-15,2026-05-15 14:31:32,2026-05-11 00:00:00,14c6e8caa18c36a2,14c6e8caa18c36a2_gasoline_95,Galp Aveiro,GALP,gasoline_95,Gasolina simples 95,Outro,2.011,Aveiro,Aveiro,Quinta do Simão SulEstrada da Taboeira,Aveiro,3800-901,40.648373,-8.615373,galp aveiro,galp,quinta do simão sulestrada da taboeira,"2,011 €",2026-05-15_dgeg_postos_raw.csv,adebe0826cee07ba
2026-05-15,2026-05-15 14:31:32,2026-05-11 00:00:00,6298a02c60e3552e,6298a02c60e3552e_diesel_regular,GALP Cachada,GALP,diesel_regular,Gasóleo simples,Outro,2.028,Amarante,Porto,EN 15 Km 50,Cachada,4615-178,41.31375,-8.15984,galp cachada,galp,en 15 km 50,"2,028 €",2026-05-15_dgeg_postos_raw.csv,7fbd43a6c6cfb04f
2026-05-15,2026-05-15 14:31:32,2026-05-11 00:00:00,6298a02c60e3552e,6298a02c60e3552e_diesel_premium,GALP Cachada,GALP,diesel_premium,Gasóleo especial,Outro,2.078,Amarante,Porto,EN 15 Km 50,Cachada,4615-178,41.31375,-8.15984,galp cachada,galp,en 15 km 50,"2,078 €",2026-05-15_dgeg_postos_raw.csv,5cefa04b913e3448
2026-05-15,2026-05-15 14:31:32,2026-05-11 00:00:00,6298a02c60e3552e,6298a02c60e3552e_gasoline_95,GALP Cachada,GALP,gasoline_95,Gasolina simples 95,Outro,2.026,Amarante,Porto,EN 15 Km 50,Cachada,4615-178,41.31375,-8.15984,galp cachada,galp,en 15 km 50,"2,026 €",2026-05-15_dgeg_postos_raw.csv,eb2f69c262e72610
2026-05-15,2026-05-15 14:31:32,2026-05-11 00:00:00,c41188d7c1415bce,c41188d7c1415bce_diesel_regular,"INCROPOL - COMÉRCIO DE COMBUSTÍVEIS UNIPESSOAL, LDA.",GALP,diesel_regular,Gasóleo simples,Outro,2.055,Gavião,Portalegre,Rua Dr. Eusébio Leão,Gavião,6040-130,39.46532,-7.93698,"incropol - comércio de combustíveis unipessoal, lda.",galp,rua dr. eusébio leão,"2,055 €",2026-05-15_dgeg_postos_raw.csv,14537b0d3a39cfab
2026-05-15,2026-05-15 14:31:32,2026-05-11 00:00:00,c41188d7c1415bce,c41188d7c1415bce_diesel_premium,"INCROPOL - COMÉRCIO DE COMBUSTÍVEIS UNIPESSOAL, LDA.",GALP,diesel_premium,Gasóleo especial,Outro,2.105,Gavião,Portalegre,Rua Dr. Eusébio Leão,Gavião,6040-130,39.46532,-7.93698,"incropol - comércio de combustíveis unipessoal, lda.",galp,rua dr. eusébio leão,"2,105 €",2026-05-15_dgeg_postos_raw.csv,4f5cee61fe23616b
2026-05-15,2026-05-15 14:31:32,2026-05-11 00:00:00,c41188d7c1415bce,c41188d7c1415bce_gasoline_95,"INCROPOL - COMÉRCIO DE COMBUSTÍVEIS UNIPESSOAL, LDA.",GALP,gasoline_95,Gasolina simples 95,Outro,2.051,Gavião,Portalegre,Rua Dr. Eusébio Leão,Gavião,6040-130,39.46532,-7.93698,"incropol - comércio de combustíveis unipessoal, lda.",galp,rua dr. eusébio leão,"2,051 €",2026-05-15_dgeg_postos_raw.csv,19ded5f57aa23167
2026-05-15,2026-05-15 14:31:32,2026-05-11 00:00:00,52198904ada443a8,52198904ada443a8_diesel_regular,E.S. SANTA IRIA DE AZOIA,REPSOL,diesel_regular,Gasóleo simples,Outro,2.029,Loures,Lisboa,EN 10,Sta Iria de Azoia,2690-390,38.836376,-9.083812,e.s. santa iria de azoia,repsol,en 10,"2,029 €",2026-05-15_dgeg_postos_raw.csv,1252baf9c3a0cfd6
2026-05-15,2026-05-15 14:31:32,2026-05-11 00:00:00,52198904ada443a8,52198904ada443a8_diesel_premium,E.S. SANTA IRIA DE AZOIA,REPSOL,diesel_premium,Gasóleo especial,Outro,2.089,Loures,Lisboa,EN 10,Sta Iria de Azoia,2690-390,38.836376,-9.083812,e.s. santa iria de azoia,repsol,en 10,"2,089 €",2026-05-15_dgeg_postos_raw.csv,1ee537fba27719bd
2026-05-15,2026-05-15 14:31:32,2026-05-11 00:00:00,52198904ada443a8,52198904ada443a8_gasoline_95,E.S. SANTA IRIA DE AZOIA,REPSOL,gasoline_95,Gasolina simples 95,Outro,2.027,Loures,Lisboa,EN 10,Sta Iria de Azoia,2690-390,38.836376,-9.083812,e.s. santa iria de azoia,repsol,en 10,"2,027 €",2026-05-15_dgeg_postos_raw.csv,ba19770342543d38
2026-05-15,2026-05-15 14:31:32,2026-05-11 00:00:00,86ea22012400a4e1,86ea22012400a4e1_diesel_regular,Galp Quinta do Conde (11612),GALP,diesel_regular,Gasóleo simples,Outro,2.015,Sesimbra,Setúbal,Avenida Principal 1,Zambujal de Cima,2970-247,38.572044,-9.037575,galp quinta do conde (11612),galp,avenida principal 1,"2,015 €",2026-05-15_dgeg_postos_raw.csv,94a39bcfac91e9d0
2026-05-15,2026-05-15 14:31:32,2026-05-11 00:00:00,86ea22012400a4e1,86ea22012400a4e1_gasoline_95,Galp Quinta do Conde (11612),GALP,gasoline_95,Gasolina simples 95,Outro,2.011,Sesimbra,Setúbal,Avenida Principal 1,Zambujal de Cima,2970-247,38.572044,-9.037575,galp quinta do conde (11612),galp,avenida principal 1,"2,011 €",2026-05-15_dgeg_postos_raw.csv,bb6f071358a57308
2026-05-15,2026-05-15 14:31:32,2026-05-11 00:00:00,050542b92eed1523,050542b92eed1523_gasoline_98,E.S. CUMEIRA DE CIMA,REPSOL,gasoline_98,Gasolina especial 98,Outro,2.217,Porto de Mós,Leiria,EN 8 Km 126,Cumeira de Cima,2480-071,39.58834,-8.89127,e.s. cumeira de cima,repsol,en 8 km 126,"2,217 €",2026-05-15_dgeg_postos_raw.csv,86698ed0a361d61a
2026-05-15,2026-05-15 14:31:32,2026-05-11 00:00:00,f69c6bec4f6e360b,f69c6bec4f6e360b_diesel_regular,Galp Alpendorada,GALP,diesel_regular,Gasóleo simples,Outro,2.055,Marco de Canaveses,Porto,"Avenida Drº francisco Sá carneiro,nº335",Alpendorada e Matos,4575-052,41.08514,-8.25231,galp alpendorada,galp,"avenida drº francisco sá carneiro,nº335","2,055 €",2026-05-15_dgeg_postos_raw.csv,e2a699d186a327e4
2026-05-15,2026-05-15 14:31:32,2026-05-11 00:00:00,f69c6bec4f6e360b,f69c6bec4f6e360b_diesel_premium,Galp Alpendorada,GALP,diesel_premium,Gasóleo especial,Outro,2.105,Marco de Canaveses,Porto,"Avenida Drº francisco Sá carneiro,nº335",Alpendorada e Matos,4575-052,41.08514,-8.25231,galp alpendorada,galp,"avenida drº francisco sá carneiro,nº335","2,105 €",2026-05-15_dgeg_postos_raw.csv,be847633cd8c034a
2026-05-15,2026-05-15 14:31:32,2026-05-11 00:00:00,f69c6bec4f6e360b,f69c6bec4f6e360b_gasoline_95,Galp Alpendorada,GALP,gasoline_95,Gasolina simples 95,Outro,2.051,Marco de Canaveses,Porto,"Avenida Drº francisco Sá carneiro,nº335",Alpendorada e Matos,4575-052,41.08514,-8.25231,galp alpendorada,galp,"avenida drº francisco sá carneiro,nº335","2,051 €",2026-05-15_dgeg_postos_raw.csv,aea3abd9eea14d9a
2026-05-15,2026-05-15 14:31:32,2026-05-11 00:00:00,d48056824a870c2d,d48056824a870c2d_diesel_regular,"António Pereira da Rocha & Cª,  L",GALP,diesel_regular,Gasóleo simples,Outro,2.055,Marco de Canaveses,Porto,"Av. Principal de Penha Longa 870, EN 108 - Km 56,910",Penha Longa,4625-356,41.10566,-8.160185,"antónio pereira da rocha & cª, l",galp,"av. principal de penha longa 870, en 108 - km 56,910","2,055 €",2026-05-15_dgeg_postos_raw.csv,e51be9a6d9fd8d2f
2026-05-15,2026-05-15 14:31:32,2026-05-11 00:00:00,d48056824a870c2d,d48056824a870c2d_diesel_premium,"António Pereira da Rocha & Cª,  L",GALP,diesel_premium,Gasóleo especial,Outro,2.105,Marco de Canaveses,Porto,"Av. Principal de Penha Longa 870, EN 108 - Km 56,910",Penha Longa,4625-356,41.10566,-8.160185,"antónio pereira da rocha & cª, l",galp,"av. principal de penha longa 870, en 108 - km 56,910","2,105 €",2026-05-15_dgeg_postos_raw.csv,18d8cabb31fa8096
2026-05-15,2026-05-15 14:31:32,2026-05-11 00:00:00,d48056824a870c2d,d48056824a870c2d_gasoline_95,"António Pereira da Rocha & Cª,  L",GALP,gasoline_95,Gasolina simples 95,Outro,2.051,Marco de Canaveses,Porto,"Av. Principal de Penha Longa 870, EN 108 - Km 56,910",Penha Longa,4625-356,41.10566,-8.160185,"antónio pereira da rocha & cª, l",galp,"av. principal de penha longa 870, en 108 - km 56,910","2,051 €",2026-05-15_dgeg_postos_raw.csv,3463707a774c9da0
2026-05-15,2026-05-15 14:31:32,2026-05-11 00:00:00,24a245395db0a7de,24a245395db0a7de_diesel_regular,Galp Vila Amélia (14734),GALP,diesel_regular,Gasóleo simples,Outro,2.015,Palmela,Setúbal,Estrada de Vila Amélia 36,Vila Amélia,2950-805,38.57211,-9.002291,galp vila amélia (14734),galp,estrada de vila amélia 36,"2,015 €",2026-05-15_dgeg_postos_raw.csv,44b2748b21ebdd23
2026-05-15,2026-05-15 14:31:32,2026-05-11 00:00:00,24a245395db0a7de,24a245395db0a7de_diesel_premium,Galp Vila Amélia (14734),GALP,diesel_premium,Gasóleo especial,Outro,2.065,Palmela,Setúbal,Estrada de Vila Amélia 36,Vila Amélia,2950-805,38.57211,-9.002291,galp vila amélia (14734),galp,estrada de vila amélia 36,"2,065 €",2026-05-15_dgeg_postos_raw.csv,3c04b663673206f1
2026-05-15,2026-05-15 14:31:32,2026-05-11 00:00:00,24a245395db0a7de,24a245395db0a7de_gasoline_95,Galp Vila Amélia (14734),GALP,gasoline_95,Gasolina simples 95,Outro,2.011,Palmela,Setúbal,Estrada de Vila Amélia 36,Vila Amélia,2950-805,38.57211,-9.002291,galp vila amélia (14734),galp,estrada de vila amélia 36,"2,011 €",2026-05-15_dgeg_postos_raw.csv,764bb689697156ba
2026-05-15,2026-05-15 14:31:32,2026-05-11 00:00:00,9d78c2b48f21cae8,9d78c2b48f21cae8_diesel_regular,MOEVE CUSTÓIAS,MOEVE,diesel_regular,Gasóleo simples,Outro,1.986,Matosinhos,Porto,"RUA MONTE DOS PIPOS, Nº 40, CUSTOIAS",Custóias,4460-702,41.19963,-8.657172,moeve custóias,moeve,"rua monte dos pipos, nº 40, custoias","1,986 €",2026-05-15_dgeg_postos_raw.csv,54ef570255558fa3
2026-05-15,2026-05-15 14:31:32,2026-05-11 00:00:00,9d78c2b48f21cae8,9d78c2b48f21cae8_diesel_premium,MOEVE CUSTÓIAS,MOEVE,diesel_premium,Gasóleo especial,Outro,2.111,Matosinhos,Porto,"RUA MONTE DOS PIPOS, Nº 40, CUSTOIAS",Custóias,4460-702,41.19963,-8.657172,moeve custóias,moeve,"rua monte dos pipos, nº 40, custoias","2,111 €",2026-05-15_dgeg_postos_raw.csv,b5d7de2bcb6a619d
2026-05-15,2026-05-15 14:31:32,2026-05-11 00:00:00,9d78c2b48f21cae8,9d78c2b48f21cae8_gasoline_95,MOEVE CUSTÓIAS,MOEVE,gasoline_95,Gasolina simples 95,Outro,1.978,Matosinhos,Porto,"RUA MONTE DOS PIPOS, Nº 40, CUSTOIAS",Custóias,4460-702,41.19963,-8.657172,moeve custóias,moeve,"rua monte dos pipos, nº 40, custoias","1,978 €",2026-05-15_dgeg_postos_raw.csv,ff96703ec24bb9d7
2026-05-15,2026-05-15 14:31:32,2026-05-11 00:00:00,9d78c2b48f21cae8,9d78c2b48f21cae8_gasoline_98,MOEVE CUSTÓIAS,MOEVE,gasoline_98,Gasolina especial 98,Outro,2.19,Matosinhos,Porto,"RUA MONTE DOS PIPOS, Nº 40, CUSTOIAS",Custóias,4460-702,41.19963,-8.657172,moeve custóias,moeve,"rua monte dos pipos, nº 40, custoias","2,190 €",2026-05-15_dgeg_postos_raw.csv,81501ae014238fed
2026-05-15,2026-05-15 14:31:32,2026-05-11 00:00:00,51fdba82c7374d5f,51fdba82c7374d5f_diesel_regular,"Supremotiv, Lda",MOEVE,diesel_regular,Gasóleo simples,Outro,2.006,Loulé,Faro,Zona Industrial Lt-1,Loulé,8100-272,37.129475,-8.039609,"supremotiv, lda",moeve,zona industrial lt-1,"2,006 €",2026-05-15_dgeg_postos_raw.csv,af617f96cd0a3f43
2026-05-15,2026-05-15 14:31:32,2026-05-11 00:00:00,51fdba82c7374d5f,51fdba82c7374d5f_diesel_premium,"Supremotiv, Lda",MOEVE,diesel_premium,Gasóleo especial,Outro,2.056,Loulé,Faro,Zona Industrial Lt-1,Loulé,8100-272,37.129475,-8.039609,"supremotiv, lda",moeve,zona industrial lt-1,"2,056 €",2026-05-15_dgeg_postos_raw.csv,956824818b862103
2026-05-15,2026-05-15 14:31:32,2026-05-11 00:00:00,51fdba82c7374d5f,51fdba82c7374d5f_gasoline_95,"Supremotiv, Lda",MOEVE,gasoline_95,Gasolina simples 95,Outro,1.998,Loulé,Faro,Zona Industrial Lt-1,Loulé,8100-272,37.129475,-8.039609,"supremotiv, lda",moeve,zona industrial lt-1,"1,998 €",2026-05-15_dgeg_postos_raw.csv,18118c7b817c1996
2026-05-15,2026-05-15 14:31:32,2026-05-11 00:00:00,51fdba82c7374d5f,51fdba82c7374d5f_gasoline_98,"Supremotiv, Lda",MOEVE,gasoline_98,Gasolina especial 98,Outro,2.21,Loulé,Faro,Zona Industrial Lt-1,Loulé,8100-272,37.129475,-8.039609,"supremotiv, lda",moeve,zona industrial lt-1,"2,210 €",2026-05-15_dgeg_postos_raw.csv,a1bbf116827a987a
2026-05-15,2026-05-15 14:31:32,2026-05-11 00:00:00,02d1688450ca5c7c,02d1688450ca5c7c_diesel_regular,CEPSA GUEIFAES,CEPSA,diesel_regular,Gasóleo simples,Outro,1.986,Maia,Porto,"Avenida Dr. Germano Vieira, 559",Maia,4470-006,41.21748,-8.604181,cepsa gueifaes,cepsa,"avenida dr. germano vieira, 559","1,986 €",2026-05-15_dgeg_postos_raw.csv,4a956500a5e27965
2026-05-15,2026-05-15 14:31:32,2026-05-11 00:00:00,02d1688450ca5c7c,02d1688450ca5c7c_diesel_premium,CEPSA GUEIFAES,CEPSA,diesel_premium,Gasóleo especial,Outro,2.111,Maia,Porto,"Avenida Dr. Germano Vieira, 559",Maia,4470-006,41.21748,-8.604181,cepsa gueifaes,cepsa,"avenida dr. germano vieira, 559","2,111 €",2026-05-15_dgeg_postos_raw.csv,a516a54dc3e02dbe
2026-05-15,2026-05-15 14:31:32,2026-05-11 00:00:00,02d1688450ca5c7c,02d1688450ca5c7c_gasoline_95,CEPSA GUEIFAES,CEPSA,gasoline_95,Gasolina simples 95,Outro,1.978,Maia,Porto,"Avenida Dr. Germano Vieira, 559",Maia,4470-006,41.21748,-8.604181,cepsa gueifaes,cepsa,"avenida dr. germano vieira, 559","1,978 €",2026-05-15_dgeg_postos_raw.csv,a9c4800f38bd339f
2026-05-15,2026-05-15 14:31:32,2026-05-11 00:00:00,02d1688450ca5c7c,02d1688450ca5c7c_gasoline_98,CEPSA GUEIFAES,CEPSA,gasoline_98,Gasolina especial 98,Outro,2.19,Maia,Porto,"Avenida Dr. Germano Vieira, 559",Maia,4470-006,41.21748,-8.604181,cepsa gueifaes,cepsa,"avenida dr. germano vieira, 559","2,190 €",2026-05-15_dgeg_postos_raw.csv,8a4d4c9d17ec74b8
2026-05-15,2026-05-15 14:31:32,2026-05-11 00:00:00,0fea8aee42693a11,0fea8aee42693a11_diesel_regular,PA SOBREIRA,CEPSA,diesel_regular,Gasóleo simples,Outro,1.986,Paredes,Porto,"RUA DO ARCO, Nº 165, SOBREIRA",Sobreira,4585-689,41.15292,-8.394482,pa sobreira,cepsa,"rua do arco, nº 165, sobreira","1,986 €",2026-05-15_dgeg_postos_raw.csv,639983d5898b611c
2026-05-15,2026-05-15 14:31:32,2026-05-11 00:00:00,0fea8aee42693a11,0fea8aee42693a11_diesel_premium,PA SOBREIRA,CEPSA,diesel_premium,Gasóleo especial,Outro,2.036,Paredes,Porto,"RUA DO ARCO, Nº 165, SOBREIRA",Sobreira,4585-689,41.15292,-8.394482,pa sobreira,cepsa,"rua do arco, nº 165, sobreira","2,036 €",2026-05-15_dgeg_postos_raw.csv,2ebc135f1a6cac43
2026-05-15,2026-05-15 14:31:32,2026-05-11 00:00:00,0fea8aee42693a11,0fea8aee42693a11_gasoline_95,PA SOBREIRA,CEPSA,gasoline_95,Gasolina simples 95,Outro,1.978,Paredes,Porto,"RUA DO ARCO, Nº 165, SOBREIRA",Sobreira,4585-689,41.15292,-8.394482,pa sobreira,cepsa,"rua do arco, nº 165, sobreira","1,978 €",2026-05-15_dgeg_postos_raw.csv,a76c368c7c8a7e07
2026-05-15,2026-05-15 14:31:32,2026-05-11 00:00:00,fb4f7249965f6504,fb4f7249965f6504_diesel_regular,Moeve Portalegre,MOEVE,diesel_regular,Gasóleo simples,Outro,1.996,Portalegre,Portalegre,Av. da Estremadura Espanhola 37,Portalegre,7300-051,39.279054,-7.431745,moeve portalegre,moeve,av. da estremadura espanhola 37,"1,996 €",2026-05-15_dgeg_postos_raw.csv,53bfdce16604f7fa
2026-05-15,2026-05-15 14:31:32,2026-05-11 00:00:00,fb4f7249965f6504,fb4f7249965f6504_diesel_premium,Moeve Portalegre,MOEVE,diesel_premium,Gasóleo especial,Outro,2.046,Portalegre,Portalegre,Av. da Estremadura Espanhola 37,Portalegre,7300-051,39.279054,-7.431745,moeve portalegre,moeve,av. da estremadura espanhola 37,"2,046 €",2026-05-15_dgeg_postos_raw.csv,1d3edd1bfd8128c4
2026-05-15,2026-05-15 14:31:32,2026-05-11 00:00:00,fb4f7249965f6504,fb4f7249965f6504_gasoline_95,Moeve Portalegre,MOEVE,gasoline_95,Gasolina simples 95,Outro,1.988,Portalegre,Portalegre,Av. da Estremadura Espanhola 37,Portalegre,7300-051,39.279054,-7.431745,moeve portalegre,moeve,av. da estremadura espanhola 37,"1,988 €",2026-05-15_dgeg_postos_raw.csv,f66a727ad148fbe4
2026-05-15,2026-05-15 14:31:32,2026-05-11 00:00:00,da818765aa5128e2,da818765aa5128e2_diesel_premium,PORTO DE LAGOS,CEPSA,diesel_premium,Gasóleo especial,Outro,2.036,Portimão,Faro,EN 266,Vale Pessegueiro-Rasmalho,8500-835,37.213941,-8.543474,porto de lagos,cepsa,en 266,"2,036 €",2026-05-15_dgeg_postos_raw.csv,1c63d008d4d926d0
2026-05-15,2026-05-15 14:31:32,2026-05-11 00:00:00,da818765aa5128e2,da818765aa5128e2_gasoline_98,PORTO DE LAGOS,CEPSA,gasoline_98,Gasolina especial 98,Outro,2.19,Portimão,Faro,EN 266,Vale Pessegueiro-Rasmalho,8500-835,37.213941,-8.543474,porto de lagos,cepsa,en 266,"2,190 €",2026-05-15_dgeg_postos_raw.csv,ff2685db00000fc2
2026-05-15,2026-05-15 14:31:32,2026-05-11 00:00:00,5425772039915804,5425772039915804_diesel_regular,CEPSA Santa Maria da Feira,CEPSA,diesel_regular,Gasóleo simples,Outro,1.999,Santa Maria da Feira,Aveiro,"Avª. 5 de Outubro, 69",Santa Maria da Feira,4520-162,40.936756,-8.542831,cepsa santa maria da feira,cepsa,"avª. 5 de outubro, 69","1,999 €",2026-05-15_dgeg_postos_raw.csv,eaf8ddb8344cc34e
2026-05-15,2026-05-15 14:31:32,2026-05-11 00:00:00,5425772039915804,5425772039915804_diesel_premium,CEPSA Santa Maria da Feira,CEPSA,diesel_premium,Gasóleo especial,Outro,2.048,Santa Maria da Feira,Aveiro,"Avª. 5 de Outubro, 69",Santa Maria da Feira,4520-162,40.936756,-8.542831,cepsa santa maria da feira,cepsa,"avª. 5 de outubro, 69","2,048 €",2026-05-15_dgeg_postos_raw.csv,5b998131b8b27f7a
2026-05-15,2026-05-15 14:31:32,2026-05-11 00:00:00,5425772039915804,5425772039915804_gasoline_95,CEPSA Santa Maria da Feira,CEPSA,gasoline_95,Gasolina simples 95,Outro,1.989,Santa Maria da Feira,Aveiro,"Avª. 5 de Outubro, 69",Santa Maria da Feira,4520-162,40.936756,-8.542831,cepsa santa maria da feira,cepsa,"avª. 5 de outubro, 69","1,989 €",2026-05-15_dgeg_postos_raw.csv,848a153cb79e1653
2026-05-15,2026-05-15 14:31:32,2026-05-11 00:00:00,80fcc4e86dc9e8ad,80fcc4e86dc9e8ad_diesel_regular,ARMAÇÃO DE PÊRA,BP,diesel_regular,Gasóleo simples,Outro,2.104,Silves,Faro,Estrada 269-1,Armação de Pera - Sítio do Valim - Alcantarilha,8365-000,37.1196,-8.35022,armação de pêra,bp,estrada 269-1,"2,104 €",2026-05-15_dgeg_postos_raw.csv,f711a4d0ede4b4f7
2026-05-15,2026-05-15 14:31:32,2026-05-11 00:00:00,80fcc4e86dc9e8ad,80fcc4e86dc9e8ad_diesel_premium,ARMAÇÃO DE PÊRA,BP,diesel_premium,Gasóleo especial,Outro,2.224,Silves,Faro,Estrada 269-1,Armação de Pera - Sítio do Valim - Alcantarilha,8365-000,37.1196,-8.35022,armação de pêra,bp,estrada 269-1,"2,224 €",2026-05-15_dgeg_postos_raw.csv,e7271193de4f512a
2026-05-15,2026-05-15 14:31:32,2026-05-11 00:00:00,80fcc4e86dc9e8ad,80fcc4e86dc9e8ad_gasoline_95,ARMAÇÃO DE PÊRA,BP,gasoline_95,Gasolina simples 95,Outro,2.099,Silves,Faro,Estrada 269-1,Armação de Pera - Sítio do Valim - Alcantarilha,8365-000,37.1196,-8.35022,armação de pêra,bp,estrada 269-1,"2,099 €",2026-05-15_dgeg_postos_raw.csv,c6af59df22c6e730
2026-05-15,2026-05-15 14:31:32,2026-05-11 00:00:00,80fcc4e86dc9e8ad,80fcc4e86dc9e8ad_gasoline_98,ARMAÇÃO DE PÊRA,BP,gasoline_98,Gasolina especial 98,Outro,2.299,Silves,Faro,Estrada 269-1,Armação de Pera - Sítio do Valim - Alcantarilha,8365-000,37.1196,-8.35022,armação de pêra,bp,estrada 269-1,"2,299 €",2026-05-15_dgeg_postos_raw.csv,466b4a79aa274f30
2026-05-15,2026-05-15 14:31:32,2026-05-11 00:00:00,bee1ae9fccd706ee,bee1ae9fccd706ee_diesel_regular,E.S. ASSAFORA,REPSOL,diesel_regular,Gasóleo simples,Outro,2.079,Sintra,Lisboa,"Rua Nª Srª da Consolação, 73",São João das Lampas,2705-499,38.90096,-9.4013,e.s. assafora,repsol,"rua nª srª da consolação, 73","2,079 €",2026-05-15_dgeg_postos_raw.csv,27c9d72fec3c7ff0
2026-05-15,2026-05-15 14:31:32,2026-05-11 00:00:00,bee1ae9fccd706ee,bee1ae9fccd706ee_diesel_premium,E.S. ASSAFORA,REPSOL,diesel_premium,Gasóleo especial,Outro,2.149,Sintra,Lisboa,"Rua Nª Srª da Consolação, 73",São João das Lampas,2705-499,38.90096,-9.4013,e.s. assafora,repsol,"rua nª srª da consolação, 73","2,149 €",2026-05-15_dgeg_postos_raw.csv,a69ddc2bbb6321c0
2026-05-15,2026-05-15 14:31:32,2026-05-11 00:00:00,bee1ae9fccd706ee,bee1ae9fccd706ee_gasoline_95,E.S. ASSAFORA,REPSOL,gasoline_95,Gasolina simples 95,Outro,2.067,Sintra,Lisboa,"Rua Nª Srª da Consolação, 73",São João das Lampas,2705-499,38.90096,-9.4013,e.s. assafora,repsol,"rua nª srª da consolação, 73","2,067 €",2026-05-15_dgeg_postos_raw.csv,fd59fcee0f4be6b4
2026-05-15,2026-05-15 14:31:32,2026-05-11 00:00:00,4652a59d0c169244,4652a59d0c169244_diesel_premium,Posto Abastecedor Cepsa - Tondela,CEPSA,diesel_premium,Gasóleo especial,Outro,2.086,Tondela,Viseu,"Av. Dr. Francisco Sá Carneiro, 600",Tondela,3460-523,40.507565,-8.080571,posto abastecedor cepsa - tondela,cepsa,"av. dr. francisco sá carneiro, 600","2,086 €",2026-05-15_dgeg_postos_raw.csv,da436a298c8d922c
2026-05-15,2026-05-15 14:31:32,2026-05-11 00:00:00,4652a59d0c169244,4652a59d0c169244_gasoline_95,Posto Abastecedor Cepsa - Tondela,CEPSA,gasoline_95,Gasolina simples 95,Outro,2.028,Tondela,Viseu,"Av. Dr. Francisco Sá Carneiro, 600",Tondela,3460-523,40.507565,-8.080571,posto abastecedor cepsa - tondela,cepsa,"av. dr. francisco sá carneiro, 600","2,028 €",2026-05-15_dgeg_postos_raw.csv,9f70380dc1ac919d
2026-05-15,2026-05-15 14:31:32,2026-05-11 00:00:00,4652a59d0c169244,4652a59d0c169244_gasoline_98,Posto Abastecedor Cepsa - Tondela,CEPSA,gasoline_98,Gasolina especial 98,Outro,2.24,Tondela,Viseu,"Av. Dr. Francisco Sá Carneiro, 600",Tondela,3460-523,40.507565,-8.080571,posto abastecedor cepsa - tondela,cepsa,"av. dr. francisco sá carneiro, 600","2,240 €",2026-05-15_dgeg_postos_raw.csv,6da33084ba823bf2
2026-05-15,2026-05-15 14:31:32,2026-05-11 00:00:00,12ab0df12dac5718,12ab0df12dac5718_diesel_regular,Vila Real I - Noruega,MOEVE,diesel_regular,Gasóleo simples,Outro,1.966,Vila Real,Vila Real,"AV. DA NORUEGA,",Lordelo,5000-508,41.29997,-7.752679,vila real i - noruega,moeve,"av. da noruega,","1,966 €",2026-05-15_dgeg_postos_raw.csv,17d0d8800ec3f439
2026-05-15,2026-05-15 14:31:32,2026-05-11 00:00:00,12ab0df12dac5718,12ab0df12dac5718_diesel_premium,Vila Real I - Noruega,MOEVE,diesel_premium,Gasóleo especial,Outro,2.016,Vila Real,Vila Real,"AV. DA NORUEGA,",Lordelo,5000-508,41.29997,-7.752679,vila real i - noruega,moeve,"av. da noruega,","2,016 €",2026-05-15_dgeg_postos_raw.csv,001410c54b0c2742
2026-05-15,2026-05-15 14:31:32,2026-05-11 00:00:00,12ab0df12dac5718,12ab0df12dac5718_gasoline_95,Vila Real I - Noruega,MOEVE,gasoline_95,Gasolina simples 95,Outro,1.958,Vila Real,Vila Real,"AV. DA NORUEGA,",Lordelo,5000-508,41.29997,-7.752679,vila real i - noruega,moeve,"av. da noruega,","1,958 €",2026-05-15_dgeg_postos_raw.csv,8f5dd3e368173242
2026-05-15,2026-05-15 14:31:32,2026-05-11 00:00:00,12ab0df12dac5718,12ab0df12dac5718_gasoline_98,Vila Real I - Noruega,MOEVE,gasoline_98,Gasolina especial 98,Outro,2.17,Vila Real,Vila Real,"AV. DA NORUEGA,",Lordelo,5000-508,41.29997,-7.752679,vila real i - noruega,moeve,"av. da noruega,","2,170 €",2026-05-15_dgeg_postos_raw.csv,8f2e6d0aeb77084c
2026-05-15,2026-05-15 14:31:32,2026-05-11 00:00:00,db79c8da924d407d,db79c8da924d407d_diesel_regular,ALMARGEM DO BISPO,CEPSA,diesel_regular,Gasóleo simples,Outro,1.986,Sintra,Lisboa,Av. General Humberto Delgado,Almargem do Bispo,2715-226,38.84824,-9.262,almargem do bispo,cepsa,av. general humberto delgado,"1,986 €",2026-05-15_dgeg_postos_raw.csv,12865d87678080cb
2026-05-15,2026-05-15 14:31:32,2026-05-11 00:00:00,db79c8da924d407d,db79c8da924d407d_diesel_premium,ALMARGEM DO BISPO,CEPSA,diesel_premium,Gasóleo especial,Outro,2.036,Sintra,Lisboa,Av. General Humberto Delgado,Almargem do Bispo,2715-226,38.84824,-9.262,almargem do bispo,cepsa,av. general humberto delgado,"2,036 €",2026-05-15_dgeg_postos_raw.csv,4af12ce783990759
2026-05-15,2026-05-15 14:31:32,2026-05-11 00:00:00,db79c8da924d407d,db79c8da924d407d_gasoline_95,ALMARGEM DO BISPO,CEPSA,gasoline_95,Gasolina simples 95,Outro,1.978,Sintra,Lisboa,Av. General Humberto Delgado,Almargem do Bispo,2715-226,38.84824,-9.262,almargem do bispo,cepsa,av. general humberto delgado,"1,978 €",2026-05-15_dgeg_postos_raw.csv,e16e0710c48a80c5
2026-05-15,2026-05-15 14:31:32,2026-05-11 00:00:00,41301f2b30109e22,41301f2b30109e22_diesel_regular,CEPSA - Lago,CEPSA,diesel_regular,Gasóleo simples,Outro,2.036,Amares,Braga,"Av. Pontezinhas, 162",Lago,4720-543,41.618904,-8.407015,cepsa - lago,cepsa,"av. pontezinhas, 162","2,036 €",2026-05-15_dgeg_postos_raw.csv,b7f4b44220ba892a
2026-05-15,2026-05-15 14:31:32,2026-05-11 00:00:00,41301f2b30109e22,41301f2b30109e22_diesel_premium,CEPSA - Lago,CEPSA,diesel_premium,Gasóleo especial,Outro,2.086,Amares,Braga,"Av. Pontezinhas, 162",Lago,4720-543,41.618904,-8.407015,cepsa - lago,cepsa,"av. pontezinhas, 162","2,086 €",2026-05-15_dgeg_postos_raw.csv,6d357bee7f9cdc0e
2026-05-15,2026-05-15 14:31:32,2026-05-11 00:00:00,41301f2b30109e22,41301f2b30109e22_gasoline_95,CEPSA - Lago,CEPSA,gasoline_95,Gasolina simples 95,Outro,2.028,Amares,Braga,"Av. Pontezinhas, 162",Lago,4720-543,41.618904,-8.407015,cepsa - lago,cepsa,"av. pontezinhas, 162","2,028 €",2026-05-15_dgeg_postos_raw.csv,943cdc87dbf14cb5
2026-05-15,2026-05-15 14:31:32,2026-05-11 00:00:00,41301f2b30109e22,41301f2b30109e22_gasoline_98,CEPSA - Lago,CEPSA,gasoline_98,Gasolina especial 98,Outro,2.24,Amares,Braga,"Av. Pontezinhas, 162",Lago,4720-543,41.618904,-8.407015,cepsa - lago,cepsa,"av. pontezinhas, 162","2,240 €",2026-05-15_dgeg_postos_raw.csv,43e6a53acb690282
2026-05-15,2026-05-15 14:31:32,2026-05-11 00:00:00,c28ddd347028e374,c28ddd347028e374_diesel_regular,PETRO VILARANDELO - PA Cepsa Ervões,CEPSA,diesel_regular,Gasóleo simples,Outro,1.986,Valpaços,Vila Real,"EN 213, Nº2",Sa - Ervões,5430-075,41.668867,-7.336807,petro vilarandelo - pa cepsa ervões,cepsa,"en 213, nº2","1,986 €",2026-05-15_dgeg_postos_raw.csv,9edfe06f6b830fa6
2026-05-15,2026-05-15 14:31:32,2026-05-11 00:00:00,c28ddd347028e374,c28ddd347028e374_diesel_premium,PETRO VILARANDELO - PA Cepsa Ervões,CEPSA,diesel_premium,Gasóleo especial,Outro,2.036,Valpaços,Vila Real,"EN 213, Nº2",Sa - Ervões,5430-075,41.668867,-7.336807,petro vilarandelo - pa cepsa ervões,cepsa,"en 213, nº2","2,036 €",2026-05-15_dgeg_postos_raw.csv,bb4cebeb239f26ab
2026-05-15,2026-05-15 14:31:32,2026-05-11 00:00:00,c28ddd347028e374,c28ddd347028e374_gasoline_95,PETRO VILARANDELO - PA Cepsa Ervões,CEPSA,gasoline_95,Gasolina simples 95,Outro,1.978,Valpaços,Vila Real,"EN 213, Nº2",Sa - Ervões,5430-075,41.668867,-7.336807,petro vilarandelo - pa cepsa ervões,cepsa,"en 213, nº2","1,978 €",2026-05-15_dgeg_postos_raw.csv,22b880013c616be6
2026-05-15,2026-05-15 14:31:32,2026-05-11 00:00:00,d1de167bf1e8b32f,d1de167bf1e8b32f_diesel_regular,CEPSA Cortegaça - Ovar,CEPSA,diesel_regular,Gasóleo simples,Outro,2.049,Ovar,Aveiro,"Rua 13 de Maio, 1142-1146",Cortegaça,3885-229,40.945473,-8.622512,cepsa cortegaça - ovar,cepsa,"rua 13 de maio, 1142-1146","2,049 €",2026-05-15_dgeg_postos_raw.csv,ee004d31f354ea21
2026-05-15,2026-05-15 14:31:32,2026-05-11 00:00:00,d1de167bf1e8b32f,d1de167bf1e8b32f_diesel_premium,CEPSA Cortegaça - Ovar,CEPSA,diesel_premium,Gasóleo especial,Outro,2.098,Ovar,Aveiro,"Rua 13 de Maio, 1142-1146",Cortegaça,3885-229,40.945473,-8.622512,cepsa cortegaça - ovar,cepsa,"rua 13 de maio, 1142-1146","2,098 €",2026-05-15_dgeg_postos_raw.csv,0be22508b78c5d57
2026-05-15,2026-05-15 14:31:32,2026-05-11 00:00:00,d1de167bf1e8b32f,d1de167bf1e8b32f_gasoline_95,CEPSA Cortegaça - Ovar,CEPSA,gasoline_95,Gasolina simples 95,Outro,2.039,Ovar,Aveiro,"Rua 13 de Maio, 1142-1146",Cortegaça,3885-229,40.945473,-8.622512,cepsa cortegaça - ovar,cepsa,"rua 13 de maio, 1142-1146","2,039 €",2026-05-15_dgeg_postos_raw.csv,cc7c944ac69ae980
2026-05-15,2026-05-15 14:31:32,2026-05-11 00:00:00,d1de167bf1e8b32f,d1de167bf1e8b32f_gasoline_98,CEPSA Cortegaça - Ovar,CEPSA,gasoline_98,Gasolina especial 98,Outro,2.259,Ovar,Aveiro,"Rua 13 de Maio, 1142-1146",Cortegaça,3885-229,40.945473,-8.622512,cepsa cortegaça - ovar,cepsa,"rua 13 de maio, 1142-1146","2,259 €",2026-05-15_dgeg_postos_raw.csv,553e82a3d37c8328
2026-05-15,2026-05-15 14:31:32,2026-05-11 00:00:00,acd2e4b43979a13c,acd2e4b43979a13c_diesel_regular,MOEVE Foros da Catrapona 1 - LIS/SET,MOEVE,diesel_regular,Gasóleo simples,Outro,1.936,Seixal,Setúbal,"ESTRADA NACIONAL 10, KM 15",Foros da Catrapona,2840-065,38.60477,-9.067222,moeve foros da catrapona 1 - lis/set,moeve,"estrada nacional 10, km 15","1,936 €",2026-05-15_dgeg_postos_raw.csv,3c5b4f95d663572d
2026-05-15,2026-05-15 14:31:32,2026-05-11 00:00:00,acd2e4b43979a13c,acd2e4b43979a13c_diesel_premium,MOEVE Foros da Catrapona 1 - LIS/SET,MOEVE,diesel_premium,Gasóleo especial,Outro,1.986,Seixal,Setúbal,"ESTRADA NACIONAL 10, KM 15",Foros da Catrapona,2840-065,38.60477,-9.067222,moeve foros da catrapona 1 - lis/set,moeve,"estrada nacional 10, km 15","1,986 €",2026-05-15_dgeg_postos_raw.csv,3135464c16d1268a
2026-05-15,2026-05-15 14:31:32,2026-05-11 00:00:00,acd2e4b43979a13c,acd2e4b43979a13c_gasoline_95,MOEVE Foros da Catrapona 1 - LIS/SET,MOEVE,gasoline_95,Gasolina simples 95,Outro,1.928,Seixal,Setúbal,"ESTRADA NACIONAL 10, KM 15",Foros da Catrapona,2840-065,38.60477,-9.067222,moeve foros da catrapona 1 - lis/set,moeve,"estrada nacional 10, km 15","1,928 €",2026-05-15_dgeg_postos_raw.csv,21aff5ce01427cd4
2026-05-15,2026-05-15 14:31:32,2026-05-11 00:00:00,849d74ef7004dc75,849d74ef7004dc75_diesel_regular,MOEVE Foros da Catrapona 2 - SET/LIS,MOEVE,diesel_regular,Gasóleo simples,Outro,1.936,Seixal,Setúbal,"ESTRADA NACIONAL 10, KM 15",Foros da Catrapona,2840-065,38.605213,-9.067091,moeve foros da catrapona 2 - set/lis,moeve,"estrada nacional 10, km 15","1,936 €",2026-05-15_dgeg_postos_raw.csv,617754e3db50879d
2026-05-15,2026-05-15 14:31:32,2026-05-11 00:00:00,849d74ef7004dc75,849d74ef7004dc75_diesel_premium,MOEVE Foros da Catrapona 2 - SET/LIS,MOEVE,diesel_premium,Gasóleo especial,Outro,1.986,Seixal,Setúbal,"ESTRADA NACIONAL 10, KM 15",Foros da Catrapona,2840-065,38.605213,-9.067091,moeve foros da catrapona 2 - set/lis,moeve,"estrada nacional 10, km 15","1,986 €",2026-05-15_dgeg_postos_raw.csv,ba4de5778e82204d
2026-05-15,2026-05-15 14:31:32,2026-05-11 00:00:00,849d74ef7004dc75,849d74ef7004dc75_gasoline_95,MOEVE Foros da Catrapona 2 - SET/LIS,MOEVE,gasoline_95,Gasolina simples 95,Outro,1.928,Seixal,Setúbal,"ESTRADA NACIONAL 10, KM 15",Foros da Catrapona,2840-065,38.605213,-9.067091,moeve foros da catrapona 2 - set/lis,moeve,"estrada nacional 10, km 15","1,928 €",2026-05-15_dgeg_postos_raw.csv,c375f69e8624e60d
2026-05-15,2026-05-15 14:31:32,2026-05-11 00:00:00,5a05bb7eb2538bcd,5a05bb7eb2538bcd_diesel_premium,Cascais -  Torre,PRIO,diesel_premium,Gasóleo especial,Outro,2.039,Cascais,Lisboa,"Rua Francisco de Almeida, Lote 28",Cascais,2750-163,38.7053,-9.435923,cascais - torre,prio,"rua francisco de almeida, lote 28","2,039 €",2026-05-15_dgeg_postos_raw.csv,79ab5a9279fd5e66
2026-05-15,2026-05-15 14:31:32,2026-05-11 00:00:00,5a05bb7eb2538bcd,5a05bb7eb2538bcd_gasoline_95,Cascais -  Torre,PRIO,gasoline_95,Gasolina simples 95,Outro,2.044,Cascais,Lisboa,"Rua Francisco de Almeida, Lote 28",Cascais,2750-163,38.7053,-9.435923,cascais - torre,prio,"rua francisco de almeida, lote 28","2,044 €",2026-05-15_dgeg_postos_raw.csv,b7e7b2a472dac653
2026-05-15,2026-05-15 14:31:32,2026-05-11 00:00:00,ff81a969050df41a,ff81a969050df41a_diesel_premium,MOEVE CHÃO DE COUCE,MOEVE,diesel_premium,Gasóleo especial,Outro,2.036,Figueiró dos Vinhos,Leiria,Bairro Industrial da Aguda (EN110),Chão de Couce,3260-027,39.892439,-8.359081,moeve chão de couce,moeve,bairro industrial da aguda (en110),"2,036 €",2026-05-15_dgeg_postos_raw.csv,76d4a4ab01485fc4
2026-05-15,2026-05-15 14:31:32,2026-05-11 00:00:00,ff81a969050df41a,ff81a969050df41a_gasoline_95,MOEVE CHÃO DE COUCE,MOEVE,gasoline_95,Gasolina simples 95,Outro,1.978,Figueiró dos Vinhos,Leiria,Bairro Industrial da Aguda (EN110),Chão de Couce,3260-027,39.892439,-8.359081,moeve chão de couce,moeve,bairro industrial da aguda (en110),"1,978 €",2026-05-15_dgeg_postos_raw.csv,3b8f5c27775e2107
2026-05-15,2026-05-15 14:31:32,2026-05-11 00:00:00,ff81a969050df41a,ff81a969050df41a_gasoline_98,MOEVE CHÃO DE COUCE,MOEVE,gasoline_98,Gasolina especial 98,Outro,2.19,Figueiró dos Vinhos,Leiria,Bairro Industrial da Aguda (EN110),Chão de Couce,3260-027,39.892439,-8.359081,moeve chão de couce,moeve,bairro industrial da aguda (en110),"2,190 €",2026-05-15_dgeg_postos_raw.csv,4ac499baba58d54d
2026-05-15,2026-05-15 14:31:32,2026-05-11 00:00:00,c2fb2497d217780c,c2fb2497d217780c_diesel_regular,E.S. MOITA CHAO DURO,REPSOL,diesel_regular,Gasóleo simples,Outro,2.029,Moita,Setúbal,EN 11,Chão Duro,2860-606,38.66397,-8.98615,e.s. moita chao duro,repsol,en 11,"2,029 €",2026-05-15_dgeg_postos_raw.csv,3b7ece5ffd4ab399
2026-05-15,2026-05-15 14:31:32,2026-05-11 00:00:00,c2fb2497d217780c,c2fb2497d217780c_diesel_premium,E.S. MOITA CHAO DURO,REPSOL,diesel_premium,Gasóleo especial,Outro,2.089,Moita,Setúbal,EN 11,Chão Duro,2860-606,38.66397,-8.98615,e.s. moita chao duro,repsol,en 11,"2,089 €",2026-05-15_dgeg_postos_raw.csv,3f36809e90d06c18
2026-05-15,2026-05-15 14:31:32,2026-05-11 00:00:00,c2fb2497d217780c,c2fb2497d217780c_gasoline_95,E.S. MOITA CHAO DURO,REPSOL,gasoline_95,Gasolina simples 95,Outro,2.027,Moita,Setúbal,EN 11,Chão Duro,2860-606,38.66397,-8.98615,e.s. moita chao duro,repsol,en 11,"2,027 €",2026-05-15_dgeg_postos_raw.csv,8f1ffbb35bf02e9d
2026-05-15,2026-05-15 14:31:32,2026-05-11 00:00:00,79db507e8d17f67a,79db507e8d17f67a_diesel_regular,BP Vieira do Minho,BP,diesel_regular,Gasóleo simples,Outro,2.104,Vieira do Minho,Braga,Entre as Devesas,Vieira do Minho,4850-542,41.63548,-8.14891,bp vieira do minho,bp,entre as devesas,"2,104 €",2026-05-15_dgeg_postos_raw.csv,5c4644c373bb062f
2026-05-15,2026-05-15 14:31:32,2026-05-11 00:00:00,79db507e8d17f67a,79db507e8d17f67a_diesel_premium,BP Vieira do Minho,BP,diesel_premium,Gasóleo especial,Outro,2.224,Vieira do Minho,Braga,Entre as Devesas,Vieira do Minho,4850-542,41.63548,-8.14891,bp vieira do minho,bp,entre as devesas,"2,224 €",2026-05-15_dgeg_postos_raw.csv,5061db42425ba122
2026-05-15,2026-05-15 14:31:32,2026-05-11 00:00:00,79db507e8d17f67a,79db507e8d17f67a_gasoline_95,BP Vieira do Minho,BP,gasoline_95,Gasolina simples 95,Outro,2.099,Vieira do Minho,Braga,Entre as Devesas,Vieira do Minho,4850-542,41.63548,-8.14891,bp vieira do minho,bp,entre as devesas,"2,099 €",2026-05-15_dgeg_postos_raw.csv,5cd2fffa6995c825
2026-05-15,2026-05-15 14:31:32,2026-05-11 00:00:00,79db507e8d17f67a,79db507e8d17f67a_gasoline_98,BP Vieira do Minho,BP,gasoline_98,Gasolina especial 98,Outro,2.299,Vieira do Minho,Braga,Entre as Devesas,Vieira do Minho,4850-542,41.63548,-8.14891,bp vieira do minho,bp,entre as devesas,"2,299 €",2026-05-15_dgeg_postos_raw.csv,46b89e7b893a6b98
2026-05-15,2026-05-15 14:31:32,2026-05-11 00:00:00,e9c45f21aa01e308,e9c45f21aa01e308_diesel_regular,ES-ALJUSTREL,REPSOL,diesel_regular,Gasóleo simples,Outro,2.029,Aljustrel,Beja,"EN 383 Km 64,35 (Rua dos Montes Velhos nº 16)",Aljustrel,7600-091,37.88193,-8.16287,es-aljustrel,repsol,"en 383 km 64,35 (rua dos montes velhos nº 16)","2,029 €",2026-05-15_dgeg_postos_raw.csv,50a0928316711bc1
2026-05-15,2026-05-15 14:31:32,2026-05-11 00:00:00,e9c45f21aa01e308,e9c45f21aa01e308_diesel_premium,ES-ALJUSTREL,REPSOL,diesel_premium,Gasóleo especial,Outro,2.089,Aljustrel,Beja,"EN 383 Km 64,35 (Rua dos Montes Velhos nº 16)",Aljustrel,7600-091,37.88193,-8.16287,es-aljustrel,repsol,"en 383 km 64,35 (rua dos montes velhos nº 16)","2,089 €",2026-05-15_dgeg_postos_raw.csv,e68be4f7433c69fd
2026-05-15,2026-05-15 14:31:32,2026-05-11 00:00:00,e9c45f21aa01e308,e9c45f21aa01e308_gasoline_95,ES-ALJUSTREL,REPSOL,gasoline_95,Gasolina simples 95,Outro,2.027,Aljustrel,Beja,"EN 383 Km 64,35 (Rua dos Montes Velhos nº 16)",Aljustrel,7600-091,37.88193,-8.16287,es-aljustrel,repsol,"en 383 km 64,35 (rua dos montes velhos nº 16)","2,027 €",2026-05-15_dgeg_postos_raw.csv,35101cf204ce60a4
2026-05-15,2026-05-15 14:31:32,2026-05-11 00:00:00,e9c45f21aa01e308,e9c45f21aa01e308_gasoline_98,ES-ALJUSTREL,REPSOL,gasoline_98,Gasolina especial 98,Outro,2.217,Aljustrel,Beja,"EN 383 Km 64,35 (Rua dos Montes Velhos nº 16)",Aljustrel,7600-091,37.88193,-8.16287,es-aljustrel,repsol,"en 383 km 64,35 (rua dos montes velhos nº 16)","2,217 €",2026-05-15_dgeg_postos_raw.csv,36458a00b7ef8ab7
2026-05-15,2026-05-15 14:31:32,2026-05-11 00:00:00,71ed7b7ddc820ed5,71ed7b7ddc820ed5_diesel_premium,CEPSA - CABAÇOS,CEPSA,diesel_premium,Gasóleo especial,Outro,2.036,Alvaiázere,Leiria,Variante de Cabaços,Cabaços,3250-394,39.80634,-8.34995,cepsa - cabaços,cepsa,variante de cabaços,"2,036 €",2026-05-15_dgeg_postos_raw.csv,08e7445fbddc3406
2026-05-15,2026-05-15 14:31:32,2026-05-11 00:00:00,71ed7b7ddc820ed5,71ed7b7ddc820ed5_gasoline_95,CEPSA - CABAÇOS,CEPSA,gasoline_95,Gasolina simples 95,Outro,1.978,Alvaiázere,Leiria,Variante de Cabaços,Cabaços,3250-394,39.80634,-8.34995,cepsa - cabaços,cepsa,variante de cabaços,"1,978 €",2026-05-15_dgeg_postos_raw.csv,67e4c7a66eaaee51
2026-05-15,2026-05-15 14:31:32,2026-05-11 00:00:00,71ed7b7ddc820ed5,71ed7b7ddc820ed5_gasoline_98,CEPSA - CABAÇOS,CEPSA,gasoline_98,Gasolina especial 98,Outro,2.19,Alvaiázere,Leiria,Variante de Cabaços,Cabaços,3250-394,39.80634,-8.34995,cepsa - cabaços,cepsa,variante de cabaços,"2,190 €",2026-05-15_dgeg_postos_raw.csv,f4b8a76433350a72
2026-05-15,2026-05-15 14:31:32,2026-05-11 00:00:00,5b28fb9fea429c5a,5b28fb9fea429c5a_diesel_regular,ALFABRENT Guimarães Moreira de Cónegos,BP,diesel_regular,Gasóleo simples,Outro,2.064,Guimarães,Braga,Rua Nossa Senhora da Ajuda nº 29,Moreira de Cónegos,4815-364,41.3876,-8.33948,alfabrent guimarães moreira de cónegos,bp,rua nossa senhora da ajuda nº 29,"2,064 €",2026-05-15_dgeg_postos_raw.csv,1c4a7e8f9bd7bff0
2026-05-15,2026-05-15 14:31:32,2026-05-11 00:00:00,5b28fb9fea429c5a,5b28fb9fea429c5a_diesel_premium,ALFABRENT Guimarães Moreira de Cónegos,BP,diesel_premium,Gasóleo especial,Outro,2.224,Guimarães,Braga,Rua Nossa Senhora da Ajuda nº 29,Moreira de Cónegos,4815-364,41.3876,-8.33948,alfabrent guimarães moreira de cónegos,bp,rua nossa senhora da ajuda nº 29,"2,224 €",2026-05-15_dgeg_postos_raw.csv,35dbbb65b8c27eac
2026-05-15,2026-05-15 14:31:32,2026-05-11 00:00:00,5b28fb9fea429c5a,5b28fb9fea429c5a_gasoline_95,ALFABRENT Guimarães Moreira de Cónegos,BP,gasoline_95,Gasolina simples 95,Outro,2.059,Guimarães,Braga,Rua Nossa Senhora da Ajuda nº 29,Moreira de Cónegos,4815-364,41.3876,-8.33948,alfabrent guimarães moreira de cónegos,bp,rua nossa senhora da ajuda nº 29,"2,059 €",2026-05-15_dgeg_postos_raw.csv,344b64e086ce4aaa
2026-05-15,2026-05-15 14:31:32,2026-05-11 00:00:00,52709d2b9c94bd5a,52709d2b9c94bd5a_diesel_regular,MOEVE Paio Pires,MOEVE,diesel_regular,Gasóleo simples,Outro,1.986,Seixal,Setúbal,"Av. General Humberto Delgado, 17",Paio Pires,2840-608,38.625664,-9.084011,moeve paio pires,moeve,"av. general humberto delgado, 17","1,986 €",2026-05-15_dgeg_postos_raw.csv,8fb1b58177855ca7
2026-05-15,2026-05-15 14:31:32,2026-05-11 00:00:00,52709d2b9c94bd5a,52709d2b9c94bd5a_diesel_premium,MOEVE Paio Pires,MOEVE,diesel_premium,Gasóleo especial,Outro,2.036,Seixal,Setúbal,"Av. General Humberto Delgado, 17",Paio Pires,2840-608,38.625664,-9.084011,moeve paio pires,moeve,"av. general humberto delgado, 17","2,036 €",2026-05-15_dgeg_postos_raw.csv,d9bcccf2c6821b6a
2026-05-15,2026-05-15 14:31:32,2026-05-11 00:00:00,52709d2b9c94bd5a,52709d2b9c94bd5a_gasoline_95,MOEVE Paio Pires,MOEVE,gasoline_95,Gasolina simples 95,Outro,1.978,Seixal,Setúbal,"Av. General Humberto Delgado, 17",Paio Pires,2840-608,38.625664,-9.084011,moeve paio pires,moeve,"av. general humberto delgado, 17","1,978 €",2026-05-15_dgeg_postos_raw.csv,4850987ab341f0d7
2026-05-15,2026-05-15 14:31:32,2026-05-11 00:00:00,52709d2b9c94bd5a,52709d2b9c94bd5a_gasoline_98,MOEVE Paio Pires,MOEVE,gasoline_98,Gasolina especial 98,Outro,2.19,Seixal,Setúbal,"Av. General Humberto Delgado, 17",Paio Pires,2840-608,38.625664,-9.084011,moeve paio pires,moeve,"av. general humberto delgado, 17","2,190 €",2026-05-15_dgeg_postos_raw.csv,5d83e9b8a0fb243d
2026-05-15,2026-05-15 14:31:32,2026-05-11 00:00:00,2c7478339305061b,2c7478339305061b_diesel_regular,CEPSA LOUREDO - SANTA MARIA DA FEIRA,CEPSA,diesel_regular,Gasóleo simples,Outro,2.029,Santa Maria da Feira,Aveiro,"ESTRADA NACIONAL 326, KM 16,600",Louredo,4525-353,40.98014,-8.458392,cepsa louredo - santa maria da feira,cepsa,"estrada nacional 326, km 16,600","2,029 €",2026-05-15_dgeg_postos_raw.csv,197d34f096dd1905
2026-05-15,2026-05-15 14:31:32,2026-05-11 00:00:00,2c7478339305061b,2c7478339305061b_diesel_premium,CEPSA LOUREDO - SANTA MARIA DA FEIRA,CEPSA,diesel_premium,Gasóleo especial,Outro,2.101,Santa Maria da Feira,Aveiro,"ESTRADA NACIONAL 326, KM 16,600",Louredo,4525-353,40.98014,-8.458392,cepsa louredo - santa maria da feira,cepsa,"estrada nacional 326, km 16,600","2,101 €",2026-05-15_dgeg_postos_raw.csv,21a9a1912c66c930
2026-05-15,2026-05-15 14:31:32,2026-05-11 00:00:00,2c7478339305061b,2c7478339305061b_gasoline_95,CEPSA LOUREDO - SANTA MARIA DA FEIRA,CEPSA,gasoline_95,Gasolina simples 95,Outro,2.018,Santa Maria da Feira,Aveiro,"ESTRADA NACIONAL 326, KM 16,600",Louredo,4525-353,40.98014,-8.458392,cepsa louredo - santa maria da feira,cepsa,"estrada nacional 326, km 16,600","2,018 €",2026-05-15_dgeg_postos_raw.csv,e895bcd0eee84cb4
2026-05-15,2026-05-15 14:31:32,2026-05-11 00:00:00,045ae754368576e8,045ae754368576e8_diesel_regular,CEPSA Faro Campinas,CEPSA,diesel_regular,Gasóleo simples,Outro,1.896,Faro,Faro,"E.N. 2 ao Km 735,050",Chelote,8005-442,37.051697,-7.926947,cepsa faro campinas,cepsa,"e.n. 2 ao km 735,050","1,896 €",2026-05-15_dgeg_postos_raw.csv,b7dd644e762dff03
2026-05-15,2026-05-15 14:31:32,2026-05-11 00:00:00,045ae754368576e8,045ae754368576e8_diesel_premium,CEPSA Faro Campinas,CEPSA,diesel_premium,Gasóleo especial,Outro,1.946,Faro,Faro,"E.N. 2 ao Km 735,050",Chelote,8005-442,37.051697,-7.926947,cepsa faro campinas,cepsa,"e.n. 2 ao km 735,050","1,946 €",2026-05-15_dgeg_postos_raw.csv,386c094fc0fba7b5
2026-05-15,2026-05-15 14:31:32,2026-05-11 00:00:00,045ae754368576e8,045ae754368576e8_gasoline_95,CEPSA Faro Campinas,CEPSA,gasoline_95,Gasolina simples 95,Outro,1.888,Faro,Faro,"E.N. 2 ao Km 735,050",Chelote,8005-442,37.051697,-7.926947,cepsa faro campinas,cepsa,"e.n. 2 ao km 735,050","1,888 €",2026-05-15_dgeg_postos_raw.csv,133c823aec5ebfc1
2026-05-15,2026-05-15 14:31:32,2026-05-11 00:00:00,446399cd821d9322,446399cd821d9322_diesel_regular,BP ESTRADA DE BENFICA,BP,diesel_regular,Gasóleo simples,Outro,2.149,Lisboa,Lisboa,"Estrada de Benfica, 396 A/B",Lisboa,1500-101,38.74702,-9.186354,bp estrada de benfica,bp,"estrada de benfica, 396 a/b","2,149 €",2026-05-15_dgeg_postos_raw.csv,b17c8662345b595c
2026-05-15,2026-05-15 14:31:32,2026-05-11 00:00:00,446399cd821d9322,446399cd821d9322_diesel_premium,BP ESTRADA DE BENFICA,BP,diesel_premium,Gasóleo especial,Outro,2.259,Lisboa,Lisboa,"Estrada de Benfica, 396 A/B",Lisboa,1500-101,38.74702,-9.186354,bp estrada de benfica,bp,"estrada de benfica, 396 a/b","2,259 €",2026-05-15_dgeg_postos_raw.csv,77f0daa5f685a156
2026-05-15,2026-05-15 14:31:32,2026-05-11 00:00:00,446399cd821d9322,446399cd821d9322_gasoline_95,BP ESTRADA DE BENFICA,BP,gasoline_95,Gasolina simples 95,Outro,2.099,Lisboa,Lisboa,"Estrada de Benfica, 396 A/B",Lisboa,1500-101,38.74702,-9.186354,bp estrada de benfica,bp,"estrada de benfica, 396 a/b","2,099 €",2026-05-15_dgeg_postos_raw.csv,c7d1596248863ae6
2026-05-15,2026-05-15 14:31:32,2026-05-11 00:00:00,446399cd821d9322,446399cd821d9322_gasoline_98,BP ESTRADA DE BENFICA,BP,gasoline_98,Gasolina especial 98,Outro,2.299,Lisboa,Lisboa,"Estrada de Benfica, 396 A/B",Lisboa,1500-101,38.74702,-9.186354,bp estrada de benfica,bp,"estrada de benfica, 396 a/b","2,299 €",2026-05-15_dgeg_postos_raw.csv,d090aebead627a3f
2026-05-15,2026-05-15 14:31:32,2026-05-11 00:00:00,ede4b0ec3aab0fc3,ede4b0ec3aab0fc3_diesel_premium,CEPSA APARECIDA,CEPSA,diesel_premium,Gasóleo especial,Outro,2.036,Lousada,Porto,Rua Bom Viver nº 85,Barroco,4620-823,41.288685,-8.211872,cepsa aparecida,cepsa,rua bom viver nº 85,"2,036 €",2026-05-15_dgeg_postos_raw.csv,6fe43be1c5741475
2026-05-15,2026-05-15 14:31:32,2026-05-11 00:00:00,ede4b0ec3aab0fc3,ede4b0ec3aab0fc3_gasoline_95,CEPSA APARECIDA,CEPSA,gasoline_95,Gasolina simples 95,Outro,1.978,Lousada,Porto,Rua Bom Viver nº 85,Barroco,4620-823,41.288685,-8.211872,cepsa aparecida,cepsa,rua bom viver nº 85,"1,978 €",2026-05-15_dgeg_postos_raw.csv,5204c98eacb59684
2026-05-15,2026-05-15 14:31:32,2026-05-11 00:00:00,ede4b0ec3aab0fc3,ede4b0ec3aab0fc3_gasoline_98,CEPSA APARECIDA,CEPSA,gasoline_98,Gasolina especial 98,Outro,2.19,Lousada,Porto,Rua Bom Viver nº 85,Barroco,4620-823,41.288685,-8.211872,cepsa aparecida,cepsa,rua bom viver nº 85,"2,190 €",2026-05-15_dgeg_postos_raw.csv,a2390a8640bf1a0a
2026-05-15,2026-05-15 14:31:32,2026-05-11 00:00:00,a344d12b1d262b55,a344d12b1d262b55_diesel_regular,VINHAIS,CEPSA,diesel_regular,Gasóleo simples,Outro,2.036,Vinhais,Bragança,Rua dos Frades nº 4,Vinhais,5320-000,41.83072,-7.010134,vinhais,cepsa,rua dos frades nº 4,"2,036 €",2026-05-15_dgeg_postos_raw.csv,b3cec2feed940867
2026-05-15,2026-05-15 14:31:32,2026-05-11 00:00:00,a344d12b1d262b55,a344d12b1d262b55_diesel_premium,VINHAIS,CEPSA,diesel_premium,Gasóleo especial,Outro,2.086,Vinhais,Bragança,Rua dos Frades nº 4,Vinhais,5320-000,41.83072,-7.010134,vinhais,cepsa,rua dos frades nº 4,"2,086 €",2026-05-15_dgeg_postos_raw.csv,ef3ce014c5c72a5b
2026-05-15,2026-05-15 14:31:32,2026-05-11 00:00:00,a344d12b1d262b55,a344d12b1d262b55_gasoline_95,VINHAIS,CEPSA,gasoline_95,Gasolina simples 95,Outro,2.028,Vinhais,Bragança,Rua dos Frades nº 4,Vinhais,5320-000,41.83072,-7.010134,vinhais,cepsa,rua dos frades nº 4,"2,028 €",2026-05-15_dgeg_postos_raw.csv,b70cbea4f7596b67
2026-05-15,2026-05-15 14:31:32,2026-05-11 00:00:00,a344d12b1d262b55,a344d12b1d262b55_gasoline_98,VINHAIS,CEPSA,gasoline_98,Gasolina especial 98,Outro,2.24,Vinhais,Bragança,Rua dos Frades nº 4,Vinhais,5320-000,41.83072,-7.010134,vinhais,cepsa,rua dos frades nº 4,"2,240 €",2026-05-15_dgeg_postos_raw.csv,c3de4ce37cc0a077
2026-05-15,2026-05-15 14:31:32,2026-05-11 00:00:00,75ba95fac1fa7364,75ba95fac1fa7364_diesel_regular,CEPSA Birre - Cascais,CEPSA,diesel_regular,Gasóleo simples,Outro,2.039,Cascais,Lisboa,Rua de Birre,Birre,2750-234,38.714752,-9.448961,cepsa birre - cascais,cepsa,rua de birre,"2,039 €",2026-05-15_dgeg_postos_raw.csv,a1c1406c612fa98c
2026-05-15,2026-05-15 14:31:32,2026-05-11 00:00:00,75ba95fac1fa7364,75ba95fac1fa7364_diesel_premium,CEPSA Birre - Cascais,CEPSA,diesel_premium,Gasóleo especial,Outro,2.099,Cascais,Lisboa,Rua de Birre,Birre,2750-234,38.714752,-9.448961,cepsa birre - cascais,cepsa,rua de birre,"2,099 €",2026-05-15_dgeg_postos_raw.csv,fb29dc46ff928b4f
2026-05-15,2026-05-15 14:31:32,2026-05-11 00:00:00,75ba95fac1fa7364,75ba95fac1fa7364_gasoline_95,CEPSA Birre - Cascais,CEPSA,gasoline_95,Gasolina simples 95,Outro,2.039,Cascais,Lisboa,Rua de Birre,Birre,2750-234,38.714752,-9.448961,cepsa birre - cascais,cepsa,rua de birre,"2,039 €",2026-05-15_dgeg_postos_raw.csv,4390540d229db8f1
2026-05-15,2026-05-15 14:31:32,2026-05-11 00:00:00,75ba95fac1fa7364,75ba95fac1fa7364_gasoline_98,CEPSA Birre - Cascais,CEPSA,gasoline_98,Gasolina especial 98,Outro,2.259,Cascais,Lisboa,Rua de Birre,Birre,2750-234,38.714752,-9.448961,cepsa birre - cascais,cepsa,rua de birre,"2,259 €",2026-05-15_dgeg_postos_raw.csv,18488b349ab3410c
2026-05-15,2026-05-15 14:31:32,2026-05-11 00:00:00,796673c6e6da4b5b,796673c6e6da4b5b_diesel_regular,ROMARIZ-FEIRA,CEPSA,diesel_regular,Gasóleo simples,Outro,1.999,Santa Maria da Feira,Aveiro,Rua daVariante nº 181,Romariz,3700-904,40.940461,-8.455806,romariz-feira,cepsa,rua davariante nº 181,"1,999 €",2026-05-15_dgeg_postos_raw.csv,38583728217b44be
2026-05-15,2026-05-15 14:31:32,2026-05-11 00:00:00,796673c6e6da4b5b,796673c6e6da4b5b_diesel_premium,ROMARIZ-FEIRA,CEPSA,diesel_premium,Gasóleo especial,Outro,2.048,Santa Maria da Feira,Aveiro,Rua daVariante nº 181,Romariz,3700-904,40.940461,-8.455806,romariz-feira,cepsa,rua davariante nº 181,"2,048 €",2026-05-15_dgeg_postos_raw.csv,c1fca96e2a28d28b
2026-05-15,2026-05-15 14:31:32,2026-05-11 00:00:00,796673c6e6da4b5b,796673c6e6da4b5b_gasoline_95,ROMARIZ-FEIRA,CEPSA,gasoline_95,Gasolina simples 95,Outro,1.989,Santa Maria da Feira,Aveiro,Rua daVariante nº 181,Romariz,3700-904,40.940461,-8.455806,romariz-feira,cepsa,rua davariante nº 181,"1,989 €",2026-05-15_dgeg_postos_raw.csv,1920c68daa921673
2026-05-15,2026-05-15 14:31:32,2026-05-11 00:00:00,796673c6e6da4b5b,796673c6e6da4b5b_gasoline_98,ROMARIZ-FEIRA,CEPSA,gasoline_98,Gasolina especial 98,Outro,2.209,Santa Maria da Feira,Aveiro,Rua daVariante nº 181,Romariz,3700-904,40.940461,-8.455806,romariz-feira,cepsa,rua davariante nº 181,"2,209 €",2026-05-15_dgeg_postos_raw.csv,9e4c277444249d59
2026-05-15,2026-05-15 14:31:32,2026-05-11 00:00:00,11f31065eb542b5f,11f31065eb542b5f_diesel_regular,E.S. ESMORIZ,REPSOL,diesel_regular,Gasóleo simples,Outro,2.029,Ovar,Aveiro,"Av. 29 de Março, 667",Esmoriz,3885-518,40.961959,-8.628101,e.s. esmoriz,repsol,"av. 29 de março, 667","2,029 €",2026-05-15_dgeg_postos_raw.csv,1b05089fbd280845
2026-05-15,2026-05-15 14:31:32,2026-05-11 00:00:00,11f31065eb542b5f,11f31065eb542b5f_diesel_premium,E.S. ESMORIZ,REPSOL,diesel_premium,Gasóleo especial,Outro,2.089,Ovar,Aveiro,"Av. 29 de Março, 667",Esmoriz,3885-518,40.961959,-8.628101,e.s. esmoriz,repsol,"av. 29 de março, 667","2,089 €",2026-05-15_dgeg_postos_raw.csv,0c082a79e58bf765
2026-05-15,2026-05-15 14:31:32,2026-05-11 00:00:00,11f31065eb542b5f,11f31065eb542b5f_gasoline_95,E.S. ESMORIZ,REPSOL,gasoline_95,Gasolina simples 95,Outro,2.027,Ovar,Aveiro,"Av. 29 de Março, 667",Esmoriz,3885-518,40.961959,-8.628101,e.s. esmoriz,repsol,"av. 29 de março, 667","2,027 €",2026-05-15_dgeg_postos_raw.csv,2839f6238f47265d
2026-05-15,2026-05-15 14:31:32,2026-05-11 00:00:00,11f31065eb542b5f,11f31065eb542b5f_gasoline_98,E.S. ESMORIZ,REPSOL,gasoline_98,Gasolina especial 98,Outro,2.217,Ovar,Aveiro,"Av. 29 de Março, 667",Esmoriz,3885-518,40.961959,-8.628101,e.s. esmoriz,repsol,"av. 29 de março, 667","2,217 €",2026-05-15_dgeg_postos_raw.csv,eeb38ed62afa8bfa
2026-05-15,2026-05-15 14:31:32,2026-05-11 00:00:00,fff7955fc1e7b214,fff7955fc1e7b214_diesel_premium,E.S. VALEGA A,REPSOL,diesel_premium,Gasóleo especial,Outro,2.089,Ovar,Aveiro,"EN 109 Km 39,5",Areeiro - Válega - Ovar,3880-000,40.82543,-8.57965,e.s. valega a,repsol,"en 109 km 39,5","2,089 €",2026-05-15_dgeg_postos_raw.csv,c7862cd3e7325287
2026-05-15,2026-05-15 14:31:32,2026-05-11 00:00:00,539f1293208df9c2,539f1293208df9c2_diesel_regular,MOEVE Silveira,MOEVE,diesel_regular,Gasóleo simples,Outro,1.966,Torres Vedras,Lisboa,"RUA INÁCIO NUNES DA COSTA, Nº 19",Silveira,2560-546,39.1139,-9.368104,moeve silveira,moeve,"rua inácio nunes da costa, nº 19","1,966 €",2026-05-15_dgeg_postos_raw.csv,fe4f7b24e14a853f
2026-05-15,2026-05-15 14:31:32,2026-05-11 00:00:00,539f1293208df9c2,539f1293208df9c2_diesel_premium,MOEVE Silveira,MOEVE,diesel_premium,Gasóleo especial,Outro,2.016,Torres Vedras,Lisboa,"RUA INÁCIO NUNES DA COSTA, Nº 19",Silveira,2560-546,39.1139,-9.368104,moeve silveira,moeve,"rua inácio nunes da costa, nº 19","2,016 €",2026-05-15_dgeg_postos_raw.csv,e2e5e07f738b07a4
2026-05-15,2026-05-15 14:31:32,2026-05-11 00:00:00,539f1293208df9c2,539f1293208df9c2_gasoline_95,MOEVE Silveira,MOEVE,gasoline_95,Gasolina simples 95,Outro,1.958,Torres Vedras,Lisboa,"RUA INÁCIO NUNES DA COSTA, Nº 19",Silveira,2560-546,39.1139,-9.368104,moeve silveira,moeve,"rua inácio nunes da costa, nº 19","1,958 €",2026-05-15_dgeg_postos_raw.csv,a4bd7f0ed67dba96
2026-05-15,2026-05-15 14:31:32,2026-05-11 00:00:00,539f1293208df9c2,539f1293208df9c2_gasoline_98,MOEVE Silveira,MOEVE,gasoline_98,Gasolina especial 98,Outro,2.17,Torres Vedras,Lisboa,"RUA INÁCIO NUNES DA COSTA, Nº 19",Silveira,2560-546,39.1139,-9.368104,moeve silveira,moeve,"rua inácio nunes da costa, nº 19","2,170 €",2026-05-15_dgeg_postos_raw.csv,97d34929256a5c80
2026-05-15,2026-05-15 14:31:32,2026-05-11 00:00:00,67f316809747e2fa,67f316809747e2fa_diesel_regular,CEPSA - SOUSELAS,CEPSA,diesel_regular,Gasóleo simples,Outro,1.991,Coimbra,Coimbra,Rua dos Troviscais nº 32,Souselas,3020-886,40.296539,-8.418406,cepsa - souselas,cepsa,rua dos troviscais nº 32,"1,991 €",2026-05-15_dgeg_postos_raw.csv,4d6d88fedfceb7d2
2026-05-15,2026-05-15 14:31:32,2026-05-11 00:00:00,67f316809747e2fa,67f316809747e2fa_diesel_premium,CEPSA - SOUSELAS,CEPSA,diesel_premium,Gasóleo especial,Outro,2.041,Coimbra,Coimbra,Rua dos Troviscais nº 32,Souselas,3020-886,40.296539,-8.418406,cepsa - souselas,cepsa,rua dos troviscais nº 32,"2,041 €",2026-05-15_dgeg_postos_raw.csv,9bbe390fb2987765
2026-05-15,2026-05-15 14:31:32,2026-05-11 00:00:00,67f316809747e2fa,67f316809747e2fa_gasoline_95,CEPSA - SOUSELAS,CEPSA,gasoline_95,Gasolina simples 95,Outro,2.003,Coimbra,Coimbra,Rua dos Troviscais nº 32,Souselas,3020-886,40.296539,-8.418406,cepsa - souselas,cepsa,rua dos troviscais nº 32,"2,003 €",2026-05-15_dgeg_postos_raw.csv,27c385e2a67ec53b
2026-05-15,2026-05-15 14:31:32,2026-05-11 00:00:00,56259ce297727d0c,56259ce297727d0c_diesel_regular,São Mamede Infesta,CEPSA,diesel_regular,Gasóleo simples,Outro,1.986,Matosinhos,Porto,Rua Nova do Seixo nº 130,S. M. Infesta,4465-215,41.180792,-8.63003,são mamede infesta,cepsa,rua nova do seixo nº 130,"1,986 €",2026-05-15_dgeg_postos_raw.csv,4e61726c04abee79
2026-05-15,2026-05-15 14:31:32,2026-05-11 00:00:00,56259ce297727d0c,56259ce297727d0c_diesel_premium,São Mamede Infesta,CEPSA,diesel_premium,Gasóleo especial,Outro,2.036,Matosinhos,Porto,Rua Nova do Seixo nº 130,S. M. Infesta,4465-215,41.180792,-8.63003,são mamede infesta,cepsa,rua nova do seixo nº 130,"2,036 €",2026-05-15_dgeg_postos_raw.csv,b92c1a0beea2f0c3
2026-05-15,2026-05-15 14:31:32,2026-05-11 00:00:00,56259ce297727d0c,56259ce297727d0c_gasoline_95,São Mamede Infesta,CEPSA,gasoline_95,Gasolina simples 95,Outro,1.978,Matosinhos,Porto,Rua Nova do Seixo nº 130,S. M. Infesta,4465-215,41.180792,-8.63003,são mamede infesta,cepsa,rua nova do seixo nº 130,"1,978 €",2026-05-15_dgeg_postos_raw.csv,23101b297d4e85ec
2026-05-15,2026-05-15 14:31:32,2026-05-11 00:00:00,3f31c35dd0c80f18,3f31c35dd0c80f18_diesel_regular,Torres Novas - R. Miguel Arnide,CEPSA,diesel_regular,Gasóleo simples,Outro,1.986,Torres Novas,Santarém,Rua Miguel Arnide nº 47,Torres Novas,2350-522,39.47762,-8.54172,torres novas - r. miguel arnide,cepsa,rua miguel arnide nº 47,"1,986 €",2026-05-15_dgeg_postos_raw.csv,eba97d20ec1da199
2026-05-15,2026-05-15 14:31:32,2026-05-11 00:00:00,3f31c35dd0c80f18,3f31c35dd0c80f18_diesel_premium,Torres Novas - R. Miguel Arnide,CEPSA,diesel_premium,Gasóleo especial,Outro,2.036,Torres Novas,Santarém,Rua Miguel Arnide nº 47,Torres Novas,2350-522,39.47762,-8.54172,torres novas - r. miguel arnide,cepsa,rua miguel arnide nº 47,"2,036 €",2026-05-15_dgeg_postos_raw.csv,a983da23cfd54ab3
2026-05-15,2026-05-15 14:31:32,2026-05-11 00:00:00,3f31c35dd0c80f18,3f31c35dd0c80f18_gasoline_95,Torres Novas - R. Miguel Arnide,CEPSA,gasoline_95,Gasolina simples 95,Outro,1.978,Torres Novas,Santarém,Rua Miguel Arnide nº 47,Torres Novas,2350-522,39.47762,-8.54172,torres novas - r. miguel arnide,cepsa,rua miguel arnide nº 47,"1,978 €",2026-05-15_dgeg_postos_raw.csv,330e3ecd6fe9e5d1
2026-05-15,2026-05-15 14:31:32,2026-05-11 00:00:00,3f31c35dd0c80f18,3f31c35dd0c80f18_gasoline_98,Torres Novas - R. Miguel Arnide,CEPSA,gasoline_98,Gasolina especial 98,Outro,2.19,Torres Novas,Santarém,Rua Miguel Arnide nº 47,Torres Novas,2350-522,39.47762,-8.54172,torres novas - r. miguel arnide,cepsa,rua miguel arnide nº 47,"2,190 €",2026-05-15_dgeg_postos_raw.csv,93ef0ecd83ff7f19
2026-05-15,2026-05-15 14:31:32,2026-05-11 00:00:00,e0b4d350a0ea8d44,e0b4d350a0ea8d44_diesel_regular,Vila Franca das Naves,CEPSA,diesel_regular,Gasóleo simples,Outro,1.986,Trancoso,Guarda,EN 226,Vila Franca das Naves,6420-708,40.725425,-7.264571,vila franca das naves,cepsa,en 226,"1,986 €",2026-05-15_dgeg_postos_raw.csv,a93d2508c638ef9e
2026-05-15,2026-05-15 14:31:32,2026-05-11 00:00:00,e0b4d350a0ea8d44,e0b4d350a0ea8d44_diesel_premium,Vila Franca das Naves,CEPSA,diesel_premium,Gasóleo especial,Outro,2.036,Trancoso,Guarda,EN 226,Vila Franca das Naves,6420-708,40.725425,-7.264571,vila franca das naves,cepsa,en 226,"2,036 €",2026-05-15_dgeg_postos_raw.csv,fb0f11e2713c2098
2026-05-15,2026-05-15 14:31:32,2026-05-11 00:00:00,e0b4d350a0ea8d44,e0b4d350a0ea8d44_gasoline_95,Vila Franca das Naves,CEPSA,gasoline_95,Gasolina simples 95,Outro,1.978,Trancoso,Guarda,EN 226,Vila Franca das Naves,6420-708,40.725425,-7.264571,vila franca das naves,cepsa,en 226,"1,978 €",2026-05-15_dgeg_postos_raw.csv,2bf16e61ff1cc7f1
2026-05-15,2026-05-15 14:31:32,2026-05-11 00:00:00,ebd895306af5df58,ebd895306af5df58_diesel_regular,E.S. MEALHADA A,REPSOL,diesel_regular,Gasóleo simples,Outro,2.079,Mealhada,Aveiro,"EN 1 Km 217,2",Porto Seixo,3050-000,40.364032,-8.453945,e.s. mealhada a,repsol,"en 1 km 217,2","2,079 €",2026-05-15_dgeg_postos_raw.csv,0685f043a18e7897
2026-05-15,2026-05-15 14:31:32,2026-05-11 00:00:00,ebd895306af5df58,ebd895306af5df58_diesel_premium,E.S. MEALHADA A,REPSOL,diesel_premium,Gasóleo especial,Outro,2.149,Mealhada,Aveiro,"EN 1 Km 217,2",Porto Seixo,3050-000,40.364032,-8.453945,e.s. mealhada a,repsol,"en 1 km 217,2","2,149 €",2026-05-15_dgeg_postos_raw.csv,ab5c8aceee209689
2026-05-15,2026-05-15 14:31:32,2026-05-11 00:00:00,ebd895306af5df58,ebd895306af5df58_gasoline_95,E.S. MEALHADA A,REPSOL,gasoline_95,Gasolina simples 95,Outro,2.067,Mealhada,Aveiro,"EN 1 Km 217,2",Porto Seixo,3050-000,40.364032,-8.453945,e.s. mealhada a,repsol,"en 1 km 217,2","2,067 €",2026-05-15_dgeg_postos_raw.csv,cda0a9d66b4a34fb
2026-05-15,2026-05-15 14:31:32,2026-05-11 00:00:00,313121da46f404b6,313121da46f404b6_diesel_regular,E.S. MEALHADA B,REPSOL,diesel_regular,Gasóleo simples,Outro,2.079,Mealhada,Aveiro,"EN 1 Km 217,2",Porto Seixo,3050-000,40.363593,-8.453511,e.s. mealhada b,repsol,"en 1 km 217,2","2,079 €",2026-05-15_dgeg_postos_raw.csv,8299f60dc3d31ceb
2026-05-15,2026-05-15 14:31:32,2026-05-11 00:00:00,313121da46f404b6,313121da46f404b6_diesel_premium,E.S. MEALHADA B,REPSOL,diesel_premium,Gasóleo especial,Outro,2.149,Mealhada,Aveiro,"EN 1 Km 217,2",Porto Seixo,3050-000,40.363593,-8.453511,e.s. mealhada b,repsol,"en 1 km 217,2","2,149 €",2026-05-15_dgeg_postos_raw.csv,6310e7f770d274a8
2026-05-15,2026-05-15 14:31:32,2026-05-11 00:00:00,313121da46f404b6,313121da46f404b6_gasoline_95,E.S. MEALHADA B,REPSOL,gasoline_95,Gasolina simples 95,Outro,2.067,Mealhada,Aveiro,"EN 1 Km 217,2",Porto Seixo,3050-000,40.363593,-8.453511,e.s. mealhada b,repsol,"en 1 km 217,2","2,067 €",2026-05-15_dgeg_postos_raw.csv,913a0fc8976c52a2
2026-05-15,2026-05-15 14:31:32,2026-05-11 00:00:00,313121da46f404b6,313121da46f404b6_gasoline_98,E.S. MEALHADA B,REPSOL,gasoline_98,Gasolina especial 98,Outro,2.267,Mealhada,Aveiro,"EN 1 Km 217,2",Porto Seixo,3050-000,40.363593,-8.453511,e.s. mealhada b,repsol,"en 1 km 217,2","2,267 €",2026-05-15_dgeg_postos_raw.csv,31fd65c8bb074418
2026-05-15,2026-05-15 14:31:32,2026-05-11 00:00:00,a3bda9f3ab8653df,a3bda9f3ab8653df_gasoline_98,E.S. NOGUEIRA DO CRAVO,REPSOL,gasoline_98,Gasolina especial 98,Outro,2.217,Oliveira de Azeméis,Aveiro,"Av. dos Descobrimentos, 1234",Brites- Nogueira do Cravo,3700-766,40.8838,-8.45158,e.s. nogueira do cravo,repsol,"av. dos descobrimentos, 1234","2,217 €",2026-05-15_dgeg_postos_raw.csv,0fb5f6e9891718be
2026-05-15,2026-05-15 14:31:32,2026-05-11 00:00:00,c1ceb69455927bdb,c1ceb69455927bdb_diesel_regular,E.S. ESTARREJA,REPSOL,diesel_regular,Gasóleo simples,Outro,2.019,Estarreja,Aveiro,R DR SOUTO ALVES-134,Estarreja,3860-376,40.75404,-8.56898,e.s. estarreja,repsol,r dr souto alves-134,"2,019 €",2026-05-15_dgeg_postos_raw.csv,e84d8d40a2901041
2026-05-15,2026-05-15 14:31:32,2026-05-11 00:00:00,c1ceb69455927bdb,c1ceb69455927bdb_diesel_premium,E.S. ESTARREJA,REPSOL,diesel_premium,Gasóleo especial,Outro,2.089,Estarreja,Aveiro,R DR SOUTO ALVES-134,Estarreja,3860-376,40.75404,-8.56898,e.s. estarreja,repsol,r dr souto alves-134,"2,089 €",2026-05-15_dgeg_postos_raw.csv,195325ba752e44c5
2026-05-15,2026-05-15 14:31:32,2026-05-11 00:00:00,c1ceb69455927bdb,c1ceb69455927bdb_gasoline_95,E.S. ESTARREJA,REPSOL,gasoline_95,Gasolina simples 95,Outro,2.017,Estarreja,Aveiro,R DR SOUTO ALVES-134,Estarreja,3860-376,40.75404,-8.56898,e.s. estarreja,repsol,r dr souto alves-134,"2,017 €",2026-05-15_dgeg_postos_raw.csv,3ab3ad666e27ac94
2026-05-15,2026-05-15 14:31:32,2026-05-11 00:00:00,c1ceb69455927bdb,c1ceb69455927bdb_gasoline_98,E.S. ESTARREJA,REPSOL,gasoline_98,Gasolina especial 98,Outro,2.217,Estarreja,Aveiro,R DR SOUTO ALVES-134,Estarreja,3860-376,40.75404,-8.56898,e.s. estarreja,repsol,r dr souto alves-134,"2,217 €",2026-05-15_dgeg_postos_raw.csv,1c0ba189c03e7482
2026-05-15,2026-05-15 14:31:32,2026-05-11 00:00:00,e3de77a9c358f316,e3de77a9c358f316_gasoline_98,E.S. OLIVEIRA AZEMEIS Z.IND,REPSOL,gasoline_98,Gasolina especial 98,Outro,2.217,Oliveira de Azeméis,Aveiro,Rua Tomás Figueiredo Araujo Costa,S.Tiago de Riba UL - Oliveira de Azemeis,3720-502,40.85292,-8.47882,e.s. oliveira azemeis z.ind,repsol,rua tomás figueiredo araujo costa,"2,217 €",2026-05-15_dgeg_postos_raw.csv,2a6b5314678b2f73
2026-05-15,2026-05-15 14:31:32,2026-05-11 00:00:00,09710fbeac3b0a59,09710fbeac3b0a59_diesel_regular,E.S. BEJA,REPSOL,diesel_regular,Gasóleo simples,Outro,2.049,Beja,Beja,Largo Escritor Manuel Ribeiro nº 12,Beja,7800-421,38.01159,-7.86404,e.s. beja,repsol,largo escritor manuel ribeiro nº 12,"2,049 €",2026-05-15_dgeg_postos_raw.csv,b2098a66da98cd20
2026-05-15,2026-05-15 14:31:32,2026-05-11 00:00:00,09710fbeac3b0a59,09710fbeac3b0a59_diesel_premium,E.S. BEJA,REPSOL,diesel_premium,Gasóleo especial,Outro,2.109,Beja,Beja,Largo Escritor Manuel Ribeiro nº 12,Beja,7800-421,38.01159,-7.86404,e.s. beja,repsol,largo escritor manuel ribeiro nº 12,"2,109 €",2026-05-15_dgeg_postos_raw.csv,65dfecb2e8b4232b
2026-05-15,2026-05-15 14:31:32,2026-05-11 00:00:00,09710fbeac3b0a59,09710fbeac3b0a59_gasoline_95,E.S. BEJA,REPSOL,gasoline_95,Gasolina simples 95,Outro,2.047,Beja,Beja,Largo Escritor Manuel Ribeiro nº 12,Beja,7800-421,38.01159,-7.86404,e.s. beja,repsol,largo escritor manuel ribeiro nº 12,"2,047 €",2026-05-15_dgeg_postos_raw.csv,405345129cafb43a
2026-05-15,2026-05-15 14:31:32,2026-05-11 00:00:00,1a1ee806c6bbe7fc,1a1ee806c6bbe7fc_gasoline_98,E.S. FERREIROS,REPSOL,gasoline_98,Gasolina especial 98,Outro,2.217,Braga,Braga,EN 14,Ferreiros,4700-000,41.53681,-8.43579,e.s. ferreiros,repsol,en 14,"2,217 €",2026-05-15_dgeg_postos_raw.csv,8a8055b558534e79
2026-05-15,2026-05-15 14:31:32,2026-05-11 00:00:00,6c3b2b2e42459328,6c3b2b2e42459328_diesel_regular,E.S. CREIXOMIL,REPSOL,diesel_regular,Gasóleo simples,Outro,2.019,Guimarães,Braga,EN 206 - R JOAQUIM RIBEIRO MOURA,Guimarães,4835-015,41.43987,-8.32216,e.s. creixomil,repsol,en 206 - r joaquim ribeiro moura,"2,019 €",2026-05-15_dgeg_postos_raw.csv,8f13c5dc33731a31
2026-05-15,2026-05-15 14:31:32,2026-05-11 00:00:00,6c3b2b2e42459328,6c3b2b2e42459328_diesel_premium,E.S. CREIXOMIL,REPSOL,diesel_premium,Gasóleo especial,Outro,2.079,Guimarães,Braga,EN 206 - R JOAQUIM RIBEIRO MOURA,Guimarães,4835-015,41.43987,-8.32216,e.s. creixomil,repsol,en 206 - r joaquim ribeiro moura,"2,079 €",2026-05-15_dgeg_postos_raw.csv,1673b6c509dfb71e
2026-05-15,2026-05-15 14:31:32,2026-05-11 00:00:00,6c3b2b2e42459328,6c3b2b2e42459328_gasoline_95,E.S. CREIXOMIL,REPSOL,gasoline_95,Gasolina simples 95,Outro,2.017,Guimarães,Braga,EN 206 - R JOAQUIM RIBEIRO MOURA,Guimarães,4835-015,41.43987,-8.32216,e.s. creixomil,repsol,en 206 - r joaquim ribeiro moura,"2,017 €",2026-05-15_dgeg_postos_raw.csv,f1640a4ebc38be65
2026-05-15,2026-05-15 14:31:32,2026-05-11 00:00:00,6c3b2b2e42459328,6c3b2b2e42459328_gasoline_98,E.S. CREIXOMIL,REPSOL,gasoline_98,Gasolina especial 98,Outro,2.197,Guimarães,Braga,EN 206 - R JOAQUIM RIBEIRO MOURA,Guimarães,4835-015,41.43987,-8.32216,e.s. creixomil,repsol,en 206 - r joaquim ribeiro moura,"2,197 €",2026-05-15_dgeg_postos_raw.csv,139d8607eb449d0a
2026-05-15,2026-05-15 14:31:32,2026-05-11 00:00:00,57b1726b73bc670a,57b1726b73bc670a_diesel_regular,E.S. S. JOAO PONTE B,REPSOL,diesel_regular,Gasóleo simples,Outro,2.019,Guimarães,Braga,"EN 101 Km 106,9",Lg Tojais-S João Ponte,4800-000,41.470614,-8.330047,e.s. s. joao ponte b,repsol,"en 101 km 106,9","2,019 €",2026-05-15_dgeg_postos_raw.csv,45ca2910dbf66e5a
2026-05-15,2026-05-15 14:31:32,2026-05-11 00:00:00,57b1726b73bc670a,57b1726b73bc670a_diesel_premium,E.S. S. JOAO PONTE B,REPSOL,diesel_premium,Gasóleo especial,Outro,2.079,Guimarães,Braga,"EN 101 Km 106,9",Lg Tojais-S João Ponte,4800-000,41.470614,-8.330047,e.s. s. joao ponte b,repsol,"en 101 km 106,9","2,079 €",2026-05-15_dgeg_postos_raw.csv,dc34548a980fbb95
2026-05-15,2026-05-15 14:31:32,2026-05-11 00:00:00,57b1726b73bc670a,57b1726b73bc670a_gasoline_95,E.S. S. JOAO PONTE B,REPSOL,gasoline_95,Gasolina simples 95,Outro,2.017,Guimarães,Braga,"EN 101 Km 106,9",Lg Tojais-S João Ponte,4800-000,41.470614,-8.330047,e.s. s. joao ponte b,repsol,"en 101 km 106,9","2,017 €",2026-05-15_dgeg_postos_raw.csv,309ef054dba5d3dc
2026-05-15,2026-05-15 14:31:32,2026-05-11 00:00:00,57b1726b73bc670a,57b1726b73bc670a_gasoline_98,E.S. S. JOAO PONTE B,REPSOL,gasoline_98,Gasolina especial 98,Outro,2.197,Guimarães,Braga,"EN 101 Km 106,9",Lg Tojais-S João Ponte,4800-000,41.470614,-8.330047,e.s. s. joao ponte b,repsol,"en 101 km 106,9","2,197 €",2026-05-15_dgeg_postos_raw.csv,e11919e0ba33226b
2026-05-15,2026-05-15 14:31:32,2026-05-11 00:00:00,f3fb566d4a95a7ba,f3fb566d4a95a7ba_gasoline_98,E.S. BRAGA PISCINAS I,REPSOL,gasoline_98,Gasolina especial 98,Outro,2.227,Braga,Braga,Av. Frei Bart. Mártires (Circular),Braga,4700-000,41.55139,-8.405714,e.s. braga piscinas i,repsol,av. frei bart. mártires (circular),"2,227 €",2026-05-15_dgeg_postos_raw.csv,af7fbd8cb57c3c2b
2026-05-15,2026-05-15 14:31:32,2026-05-11 00:00:00,e0ddbcabfd7e58dd,e0ddbcabfd7e58dd_gasoline_98,E.S. BRAGA PISCINAS II,REPSOL,gasoline_98,Gasolina especial 98,Outro,2.227,Braga,Braga,Av. Frei Bart. Mártires (Circular),Braga,4700-000,41.551349,-8.405958,e.s. braga piscinas ii,repsol,av. frei bart. mártires (circular),"2,227 €",2026-05-15_dgeg_postos_raw.csv,beaa79f00aee94d6
2026-05-15,2026-05-15 14:31:32,2026-05-11 00:00:00,903cce121a97dcf2,903cce121a97dcf2_diesel_regular,E.S. CELORICO BASTO,REPSOL,diesel_regular,Gasóleo simples,Outro,2.079,Celorico de Basto,Braga,Rua Rodrigues Freitas,Celorico de Basto,4890-235,41.38929,-8.00245,e.s. celorico basto,repsol,rua rodrigues freitas,"2,079 €",2026-05-15_dgeg_postos_raw.csv,8bafe23badbf6387
2026-05-15,2026-05-15 14:31:32,2026-05-11 00:00:00,903cce121a97dcf2,903cce121a97dcf2_diesel_premium,E.S. CELORICO BASTO,REPSOL,diesel_premium,Gasóleo especial,Outro,2.149,Celorico de Basto,Braga,Rua Rodrigues Freitas,Celorico de Basto,4890-235,41.38929,-8.00245,e.s. celorico basto,repsol,rua rodrigues freitas,"2,149 €",2026-05-15_dgeg_postos_raw.csv,0edd48f4006f8e40
2026-05-15,2026-05-15 14:31:32,2026-05-11 00:00:00,903cce121a97dcf2,903cce121a97dcf2_gasoline_95,E.S. CELORICO BASTO,REPSOL,gasoline_95,Gasolina simples 95,Outro,2.067,Celorico de Basto,Braga,Rua Rodrigues Freitas,Celorico de Basto,4890-235,41.38929,-8.00245,e.s. celorico basto,repsol,rua rodrigues freitas,"2,067 €",2026-05-15_dgeg_postos_raw.csv,f2a3031ab8c4bba4
2026-05-15,2026-05-15 14:31:32,2026-05-11 00:00:00,903cce121a97dcf2,903cce121a97dcf2_gasoline_98,E.S. CELORICO BASTO,REPSOL,gasoline_98,Gasolina especial 98,Outro,2.267,Celorico de Basto,Braga,Rua Rodrigues Freitas,Celorico de Basto,4890-235,41.38929,-8.00245,e.s. celorico basto,repsol,rua rodrigues freitas,"2,267 €",2026-05-15_dgeg_postos_raw.csv,9bae1ff5259b82b0
2026-05-15,2026-05-15 14:31:32,2026-05-11 00:00:00,daaa3f237d376340,daaa3f237d376340_diesel_regular,E.S. BRAGA,REPSOL,diesel_regular,Gasóleo simples,Outro,2.029,Braga,Braga,Rua Conselheiro Lobato,Braga,4705-089,41.54357,-8.42002,e.s. braga,repsol,rua conselheiro lobato,"2,029 €",2026-05-15_dgeg_postos_raw.csv,12ff104fa3ee49f6
2026-05-15,2026-05-15 14:31:32,2026-05-11 00:00:00,daaa3f237d376340,daaa3f237d376340_diesel_premium,E.S. BRAGA,REPSOL,diesel_premium,Gasóleo especial,Outro,2.089,Braga,Braga,Rua Conselheiro Lobato,Braga,4705-089,41.54357,-8.42002,e.s. braga,repsol,rua conselheiro lobato,"2,089 €",2026-05-15_dgeg_postos_raw.csv,6a852d388b781163
2026-05-15,2026-05-15 14:31:32,2026-05-11 00:00:00,daaa3f237d376340,daaa3f237d376340_gasoline_95,E.S. BRAGA,REPSOL,gasoline_95,Gasolina simples 95,Outro,2.027,Braga,Braga,Rua Conselheiro Lobato,Braga,4705-089,41.54357,-8.42002,e.s. braga,repsol,rua conselheiro lobato,"2,027 €",2026-05-15_dgeg_postos_raw.csv,44262fa5cf3b61d3
2026-05-15,2026-05-15 14:31:32,2026-05-11 00:00:00,daaa3f237d376340,daaa3f237d376340_gasoline_98,E.S. BRAGA,REPSOL,gasoline_98,Gasolina especial 98,Outro,2.217,Braga,Braga,Rua Conselheiro Lobato,Braga,4705-089,41.54357,-8.42002,e.s. braga,repsol,rua conselheiro lobato,"2,217 €",2026-05-15_dgeg_postos_raw.csv,ea4e5d1bdef47a87
2026-05-15,2026-05-15 14:31:32,2026-05-11 00:00:00,0c391aa679e58b71,0c391aa679e58b71_gasoline_98,E.S. FROSSOS,REPSOL,gasoline_98,Gasolina especial 98,Outro,2.217,Braga,Braga,"EN 201 Km 62,8",Lugar de Carreiro,4700-000,41.56547,-8.45018,e.s. frossos,repsol,"en 201 km 62,8","2,217 €",2026-05-15_dgeg_postos_raw.csv,b7eea78a6f49dd07
2026-05-15,2026-05-15 14:31:32,2026-05-11 00:00:00,f34f37e1f453c3aa,f34f37e1f453c3aa_diesel_regular,E.S. BRAGANCA,REPSOL,diesel_regular,Gasóleo simples,Outro,2.079,Bragança,Bragança,Av. João Cruz,Bragança,5300-000,41.81003,-6.75995,e.s. braganca,repsol,av. joão cruz,"2,079 €",2026-05-15_dgeg_postos_raw.csv,52a53e9c7f9801b9
2026-05-15,2026-05-15 14:31:32,2026-05-11 00:00:00,f34f37e1f453c3aa,f34f37e1f453c3aa_diesel_premium,E.S. BRAGANCA,REPSOL,diesel_premium,Gasóleo especial,Outro,2.149,Bragança,Bragança,Av. João Cruz,Bragança,5300-000,41.81003,-6.75995,e.s. braganca,repsol,av. joão cruz,"2,149 €",2026-05-15_dgeg_postos_raw.csv,1ea7dab559b4bfaf
2026-05-15,2026-05-15 14:31:32,2026-05-11 00:00:00,f34f37e1f453c3aa,f34f37e1f453c3aa_gasoline_95,E.S. BRAGANCA,REPSOL,gasoline_95,Gasolina simples 95,Outro,2.067,Bragança,Bragança,Av. João Cruz,Bragança,5300-000,41.81003,-6.75995,e.s. braganca,repsol,av. joão cruz,"2,067 €",2026-05-15_dgeg_postos_raw.csv,6a12805e6ba75bc9
2026-05-15,2026-05-15 14:31:32,2026-05-11 00:00:00,add7fb1544c1a588,add7fb1544c1a588_gasoline_98,E.S. BRAGANCA 2,REPSOL,gasoline_98,Gasolina especial 98,Outro,2.267,Bragança,Bragança,Av. Sá Carneiro,Bragança,5300-000,41.79912,-6.77079,e.s. braganca 2,repsol,av. sá carneiro,"2,267 €",2026-05-15_dgeg_postos_raw.csv,e364b89abee0214a
2026-05-15,2026-05-15 14:31:32,2026-05-11 00:00:00,dc00f4c89574b418,dc00f4c89574b418_diesel_regular,E.S. MIRANDELA A,REPSOL,diesel_regular,Gasóleo simples,Outro,2.039,Mirandela,Bragança,Av. das Comunidades Europeias,Mirandela,5370-000,41.49318,-7.17624,e.s. mirandela a,repsol,av. das comunidades europeias,"2,039 €",2026-05-15_dgeg_postos_raw.csv,262d8f97a2eff9cb
2026-05-15,2026-05-15 14:31:32,2026-05-11 00:00:00,dc00f4c89574b418,dc00f4c89574b418_diesel_premium,E.S. MIRANDELA A,REPSOL,diesel_premium,Gasóleo especial,Outro,2.089,Mirandela,Bragança,Av. das Comunidades Europeias,Mirandela,5370-000,41.49318,-7.17624,e.s. mirandela a,repsol,av. das comunidades europeias,"2,089 €",2026-05-15_dgeg_postos_raw.csv,978e917cb4140afd
2026-05-15,2026-05-15 14:31:32,2026-05-11 00:00:00,dc00f4c89574b418,dc00f4c89574b418_gasoline_95,E.S. MIRANDELA A,REPSOL,gasoline_95,Gasolina simples 95,Outro,2.037,Mirandela,Bragança,Av. das Comunidades Europeias,Mirandela,5370-000,41.49318,-7.17624,e.s. mirandela a,repsol,av. das comunidades europeias,"2,037 €",2026-05-15_dgeg_postos_raw.csv,d9d8219d781f803d
2026-05-15,2026-05-15 14:31:32,2026-05-11 00:00:00,dc00f4c89574b418,dc00f4c89574b418_gasoline_98,E.S. MIRANDELA A,REPSOL,gasoline_98,Gasolina especial 98,Outro,2.227,Mirandela,Bragança,Av. das Comunidades Europeias,Mirandela,5370-000,41.49318,-7.17624,e.s. mirandela a,repsol,av. das comunidades europeias,"2,227 €",2026-05-15_dgeg_postos_raw.csv,2abd9ca334336088
2026-05-15,2026-05-15 14:31:32,2026-05-11 00:00:00,378d98517e972df9,378d98517e972df9_diesel_regular,E.S. MIRANDELA B,REPSOL,diesel_regular,Gasóleo simples,Outro,2.039,Mirandela,Bragança,Av. Comunidades Europeias,Mirandela,5370-000,41.493044,-7.176502,e.s. mirandela b,repsol,av. comunidades europeias,"2,039 €",2026-05-15_dgeg_postos_raw.csv,b11d7d7440dfbc71
2026-05-15,2026-05-15 14:31:32,2026-05-11 00:00:00,378d98517e972df9,378d98517e972df9_diesel_premium,E.S. MIRANDELA B,REPSOL,diesel_premium,Gasóleo especial,Outro,2.089,Mirandela,Bragança,Av. Comunidades Europeias,Mirandela,5370-000,41.493044,-7.176502,e.s. mirandela b,repsol,av. comunidades europeias,"2,089 €",2026-05-15_dgeg_postos_raw.csv,882e8b14615d1685
2026-05-15,2026-05-15 14:31:32,2026-05-11 00:00:00,378d98517e972df9,378d98517e972df9_gasoline_95,E.S. MIRANDELA B,REPSOL,gasoline_95,Gasolina simples 95,Outro,2.037,Mirandela,Bragança,Av. Comunidades Europeias,Mirandela,5370-000,41.493044,-7.176502,e.s. mirandela b,repsol,av. comunidades europeias,"2,037 €",2026-05-15_dgeg_postos_raw.csv,04e0cb80e987a04b
2026-05-15,2026-05-15 14:31:32,2026-05-11 00:00:00,378d98517e972df9,378d98517e972df9_gasoline_98,E.S. MIRANDELA B,REPSOL,gasoline_98,Gasolina especial 98,Outro,2.227,Mirandela,Bragança,Av. Comunidades Europeias,Mirandela,5370-000,41.493044,-7.176502,e.s. mirandela b,repsol,av. comunidades europeias,"2,227 €",2026-05-15_dgeg_postos_raw.csv,72e505416a1859f3
2026-05-15,2026-05-15 14:31:32,2026-05-11 00:00:00,5554494018b624b4,5554494018b624b4_diesel_regular,E.S. TORRE D. CHAMA,REPSOL,diesel_regular,Gasóleo simples,Outro,2.049,Mirandela,Bragança,Rua da Mimosa,Dona Chama,5385-000,41.657558,-7.124381,e.s. torre d. chama,repsol,rua da mimosa,"2,049 €",2026-05-15_dgeg_postos_raw.csv,991814a43e637c2e
2026-05-15,2026-05-15 14:31:32,2026-05-11 00:00:00,5554494018b624b4,5554494018b624b4_diesel_premium,E.S. TORRE D. CHAMA,REPSOL,diesel_premium,Gasóleo especial,Outro,2.099,Mirandela,Bragança,Rua da Mimosa,Dona Chama,5385-000,41.657558,-7.124381,e.s. torre d. chama,repsol,rua da mimosa,"2,099 €",2026-05-15_dgeg_postos_raw.csv,0ed7194898d9ddf7
2026-05-15,2026-05-15 14:31:32,2026-05-11 00:00:00,5554494018b624b4,5554494018b624b4_gasoline_95,E.S. TORRE D. CHAMA,REPSOL,gasoline_95,Gasolina simples 95,Outro,2.047,Mirandela,Bragança,Rua da Mimosa,Dona Chama,5385-000,41.657558,-7.124381,e.s. torre d. chama,repsol,rua da mimosa,"2,047 €",2026-05-15_dgeg_postos_raw.csv,a79a3ddee98cf824
2026-05-15,2026-05-15 14:31:32,2026-05-11 00:00:00,5554494018b624b4,5554494018b624b4_gasoline_98,E.S. TORRE D. CHAMA,REPSOL,gasoline_98,Gasolina especial 98,Outro,2.227,Mirandela,Bragança,Rua da Mimosa,Dona Chama,5385-000,41.657558,-7.124381,e.s. torre d. chama,repsol,rua da mimosa,"2,227 €",2026-05-15_dgeg_postos_raw.csv,807779bc8b825fba
2026-05-15,2026-05-15 14:31:32,2026-05-11 00:00:00,b51407dd24757d5e,b51407dd24757d5e_diesel_regular,MONTE GORDO (SUL),BP,diesel_regular,Gasóleo simples,Outro,2.074,Vila Real de Santo António,Faro,ESTRADA NAÇIONAL Nº 125 ALDEIA NOVA MONTE GORDO,ALDEIA NOVA,8900-401,37.183621,-7.470475,monte gordo (sul),bp,estrada naçional nº 125 aldeia nova monte gordo,"2,074 €",2026-05-15_dgeg_postos_raw.csv,80c911cf6212cace
2026-05-15,2026-05-15 14:31:32,2026-05-11 00:00:00,b51407dd24757d5e,b51407dd24757d5e_diesel_premium,MONTE GORDO (SUL),BP,diesel_premium,Gasóleo especial,Outro,2.224,Vila Real de Santo António,Faro,ESTRADA NAÇIONAL Nº 125 ALDEIA NOVA MONTE GORDO,ALDEIA NOVA,8900-401,37.183621,-7.470475,monte gordo (sul),bp,estrada naçional nº 125 aldeia nova monte gordo,"2,224 €",2026-05-15_dgeg_postos_raw.csv,7553c1a628a3969b
2026-05-15,2026-05-15 14:31:32,2026-05-11 00:00:00,b51407dd24757d5e,b51407dd24757d5e_gasoline_95,MONTE GORDO (SUL),BP,gasoline_95,Gasolina simples 95,Outro,2.079,Vila Real de Santo António,Faro,ESTRADA NAÇIONAL Nº 125 ALDEIA NOVA MONTE GORDO,ALDEIA NOVA,8900-401,37.183621,-7.470475,monte gordo (sul),bp,estrada naçional nº 125 aldeia nova monte gordo,"2,079 €",2026-05-15_dgeg_postos_raw.csv,8964b90dd7fdae16
2026-05-15,2026-05-15 14:31:32,2026-05-11 00:00:00,b51407dd24757d5e,b51407dd24757d5e_gasoline_98,MONTE GORDO (SUL),BP,gasoline_98,Gasolina especial 98,Outro,2.299,Vila Real de Santo António,Faro,ESTRADA NAÇIONAL Nº 125 ALDEIA NOVA MONTE GORDO,ALDEIA NOVA,8900-401,37.183621,-7.470475,monte gordo (sul),bp,estrada naçional nº 125 aldeia nova monte gordo,"2,299 €",2026-05-15_dgeg_postos_raw.csv,ac48c262495f64a7
2026-05-15,2026-05-15 14:31:32,2026-05-11 00:00:00,41bcda35c2d72911,41bcda35c2d72911_gasoline_98,BP Ponte da Barca,BP,gasoline_98,Gasolina especial 98,Outro,2.299,Ponte da Barca,Viana do Castelo,"Variante à EN 101 Km 38,5",Paço Vedro de Magalhães- Coto de Talhós,4980-639,41.794291,-8.410366,bp ponte da barca,bp,"variante à en 101 km 38,5","2,299 €",2026-05-15_dgeg_postos_raw.csv,9f267cfbe898a812
2026-05-15,2026-05-15 14:31:32,2026-05-11 00:00:00,729e05164a38199f,729e05164a38199f_gasoline_95,BP GRANDOLA (OESTE),BP,gasoline_95,Gasolina simples 95,Outro,2.099,Grândola,Setúbal,EN 120,Bairro do Isaías,7570-124,38.21951,-8.558103,bp grandola (oeste),bp,en 120,"2,099 €",2026-05-15_dgeg_postos_raw.csv,b673a3cac7b58427
2026-05-15,2026-05-15 14:31:32,2026-05-11 00:00:00,6744273599ff5d00,6744273599ff5d00_diesel_regular,IP4 FRANCO (NORTE),BP,diesel_regular,Gasóleo simples,Outro,2.119,Mirandela,Bragança,IP 4 Km 143,Lamas de Orelhão,5370-152,41.442681,-7.303342,ip4 franco (norte),bp,ip 4 km 143,"2,119 €",2026-05-15_dgeg_postos_raw.csv,92aeb09bafaf5364
2026-05-15,2026-05-15 14:31:32,2026-05-11 00:00:00,6744273599ff5d00,6744273599ff5d00_diesel_premium,IP4 FRANCO (NORTE),BP,diesel_premium,Gasóleo especial,Outro,2.239,Mirandela,Bragança,IP 4 Km 143,Lamas de Orelhão,5370-152,41.442681,-7.303342,ip4 franco (norte),bp,ip 4 km 143,"2,239 €",2026-05-15_dgeg_postos_raw.csv,dbf8fd929481aec6
2026-05-15,2026-05-15 14:31:32,2026-05-11 00:00:00,6744273599ff5d00,6744273599ff5d00_gasoline_95,IP4 FRANCO (NORTE),BP,gasoline_95,Gasolina simples 95,Outro,2.109,Mirandela,Bragança,IP 4 Km 143,Lamas de Orelhão,5370-152,41.442681,-7.303342,ip4 franco (norte),bp,ip 4 km 143,"2,109 €",2026-05-15_dgeg_postos_raw.csv,ce75e9382131fed3
2026-05-15,2026-05-15 14:31:32,2026-05-11 00:00:00,6744273599ff5d00,6744273599ff5d00_gasoline_98,IP4 FRANCO (NORTE),BP,gasoline_98,Gasolina especial 98,Outro,2.319,Mirandela,Bragança,IP 4 Km 143,Lamas de Orelhão,5370-152,41.442681,-7.303342,ip4 franco (norte),bp,ip 4 km 143,"2,319 €",2026-05-15_dgeg_postos_raw.csv,b425394c38fc6638
2026-05-15,2026-05-15 14:31:32,2026-05-11 00:00:00,4a344b7d14844724,4a344b7d14844724_diesel_regular,IP4 FRANCO (SUL),BP,diesel_regular,Gasóleo simples,Outro,2.119,Mirandela,Bragança,IP 4 Km 143,Lamas de Orelhão,5370-152,41.442142,-7.3029,ip4 franco (sul),bp,ip 4 km 143,"2,119 €",2026-05-15_dgeg_postos_raw.csv,e13f61979ee3a6ab
2026-05-15,2026-05-15 14:31:32,2026-05-11 00:00:00,4a344b7d14844724,4a344b7d14844724_diesel_premium,IP4 FRANCO (SUL),BP,diesel_premium,Gasóleo especial,Outro,2.239,Mirandela,Bragança,IP 4 Km 143,Lamas de Orelhão,5370-152,41.442142,-7.3029,ip4 franco (sul),bp,ip 4 km 143,"2,239 €",2026-05-15_dgeg_postos_raw.csv,d95ca35bba301095
2026-05-15,2026-05-15 14:31:32,2026-05-11 00:00:00,4a344b7d14844724,4a344b7d14844724_gasoline_95,IP4 FRANCO (SUL),BP,gasoline_95,Gasolina simples 95,Outro,2.109,Mirandela,Bragança,IP 4 Km 143,Lamas de Orelhão,5370-152,41.442142,-7.3029,ip4 franco (sul),bp,ip 4 km 143,"2,109 €",2026-05-15_dgeg_postos_raw.csv,8ab499ce73f3414b
2026-05-15,2026-05-15 14:31:32,2026-05-11 00:00:00,4a344b7d14844724,4a344b7d14844724_gasoline_98,IP4 FRANCO (SUL),BP,gasoline_98,Gasolina especial 98,Outro,2.319,Mirandela,Bragança,IP 4 Km 143,Lamas de Orelhão,5370-152,41.442142,-7.3029,ip4 franco (sul),bp,ip 4 km 143,"2,319 €",2026-05-15_dgeg_postos_raw.csv,ee0b604dcfcc0c4a
2026-05-15,2026-05-15 14:31:32,2026-05-11 00:00:00,d2d74fc101cef5e2,d2d74fc101cef5e2_diesel_regular,BP ALBUFEIRA (Via rápida),BP,diesel_regular,Gasóleo simples,Outro,2.104,Albufeira,Faro,Av. dos Descobrimentos (Via Rápida),Albufeira,8200-260,37.0927,-8.23728,bp albufeira (via rápida),bp,av. dos descobrimentos (via rápida),"2,104 €",2026-05-15_dgeg_postos_raw.csv,873d1ca9f5ca0bbf
2026-05-15,2026-05-15 14:31:32,2026-05-11 00:00:00,d2d74fc101cef5e2,d2d74fc101cef5e2_diesel_premium,BP ALBUFEIRA (Via rápida),BP,diesel_premium,Gasóleo especial,Outro,2.224,Albufeira,Faro,Av. dos Descobrimentos (Via Rápida),Albufeira,8200-260,37.0927,-8.23728,bp albufeira (via rápida),bp,av. dos descobrimentos (via rápida),"2,224 €",2026-05-15_dgeg_postos_raw.csv,bb939bfb502cf6b2
2026-05-15,2026-05-15 14:31:32,2026-05-11 00:00:00,d2d74fc101cef5e2,d2d74fc101cef5e2_gasoline_95,BP ALBUFEIRA (Via rápida),BP,gasoline_95,Gasolina simples 95,Outro,2.099,Albufeira,Faro,Av. dos Descobrimentos (Via Rápida),Albufeira,8200-260,37.0927,-8.23728,bp albufeira (via rápida),bp,av. dos descobrimentos (via rápida),"2,099 €",2026-05-15_dgeg_postos_raw.csv,09b15367fdaabf4c
2026-05-15,2026-05-15 14:31:32,2026-05-11 00:00:00,d2d74fc101cef5e2,d2d74fc101cef5e2_gasoline_98,BP ALBUFEIRA (Via rápida),BP,gasoline_98,Gasolina especial 98,Outro,2.299,Albufeira,Faro,Av. dos Descobrimentos (Via Rápida),Albufeira,8200-260,37.0927,-8.23728,bp albufeira (via rápida),bp,av. dos descobrimentos (via rápida),"2,299 €",2026-05-15_dgeg_postos_raw.csv,dc99d3202c92681a
2026-05-15,2026-05-15 14:31:32,2026-05-11 00:00:00,2c279133a5247955,2c279133a5247955_diesel_regular,BP CARNAXIDE,BP,diesel_regular,Gasóleo simples,Outro,2.104,Oeiras,Lisboa,Av. do Forte,Carnaxide,2795-000,38.723522,-9.23525,bp carnaxide,bp,av. do forte,"2,104 €",2026-05-15_dgeg_postos_raw.csv,6b4966e60fc1aa88
2026-05-15,2026-05-15 14:31:32,2026-05-11 00:00:00,2c279133a5247955,2c279133a5247955_diesel_premium,BP CARNAXIDE,BP,diesel_premium,Gasóleo especial,Outro,2.224,Oeiras,Lisboa,Av. do Forte,Carnaxide,2795-000,38.723522,-9.23525,bp carnaxide,bp,av. do forte,"2,224 €",2026-05-15_dgeg_postos_raw.csv,57c8f6859a66701e
2026-05-15,2026-05-15 14:31:32,2026-05-11 00:00:00,2c279133a5247955,2c279133a5247955_gasoline_95,BP CARNAXIDE,BP,gasoline_95,Gasolina simples 95,Outro,2.104,Oeiras,Lisboa,Av. do Forte,Carnaxide,2795-000,38.723522,-9.23525,bp carnaxide,bp,av. do forte,"2,104 €",2026-05-15_dgeg_postos_raw.csv,57e109eb9e691e32
2026-05-15,2026-05-15 14:31:32,2026-05-11 00:00:00,2c279133a5247955,2c279133a5247955_gasoline_98,BP CARNAXIDE,BP,gasoline_98,Gasolina especial 98,Outro,2.299,Oeiras,Lisboa,Av. do Forte,Carnaxide,2795-000,38.723522,-9.23525,bp carnaxide,bp,av. do forte,"2,299 €",2026-05-15_dgeg_postos_raw.csv,f382b9024ad6f95a
2026-05-15,2026-05-15 14:31:32,2026-05-11 00:00:00,11b821fc0e203460,11b821fc0e203460_diesel_regular,BP Beja (Variante),BP,diesel_regular,Gasóleo simples,Outro,2.104,Beja,Beja,Rua António Sardinha,Beja,7800-000,38.00986,-7.87449,bp beja (variante),bp,rua antónio sardinha,"2,104 €",2026-05-15_dgeg_postos_raw.csv,07fe6ece9f705396
2026-05-15,2026-05-15 14:31:32,2026-05-11 00:00:00,11b821fc0e203460,11b821fc0e203460_diesel_premium,BP Beja (Variante),BP,diesel_premium,Gasóleo especial,Outro,2.224,Beja,Beja,Rua António Sardinha,Beja,7800-000,38.00986,-7.87449,bp beja (variante),bp,rua antónio sardinha,"2,224 €",2026-05-15_dgeg_postos_raw.csv,055eec0a92944cbd
2026-05-15,2026-05-15 14:31:32,2026-05-11 00:00:00,11b821fc0e203460,11b821fc0e203460_gasoline_95,BP Beja (Variante),BP,gasoline_95,Gasolina simples 95,Outro,2.099,Beja,Beja,Rua António Sardinha,Beja,7800-000,38.00986,-7.87449,bp beja (variante),bp,rua antónio sardinha,"2,099 €",2026-05-15_dgeg_postos_raw.csv,6ac70422cc0860d7
2026-05-15,2026-05-15 14:31:32,2026-05-11 00:00:00,054edc5a95d2226c,054edc5a95d2226c_diesel_regular,GALP DE ALVARENGA,GALP,diesel_regular,Gasóleo simples,Outro,2.03,Arouca,Aveiro,"EN 225 Km 30,9",Alvarenga-Lugar da Lavoura,4540-035,40.96928,-8.15625,galp de alvarenga,galp,"en 225 km 30,9","2,030 €",2026-05-15_dgeg_postos_raw.csv,1f7368dbe235ff0f
2026-05-15,2026-05-15 14:31:32,2026-05-11 00:00:00,054edc5a95d2226c,054edc5a95d2226c_diesel_premium,GALP DE ALVARENGA,GALP,diesel_premium,Gasóleo especial,Outro,2.08,Arouca,Aveiro,"EN 225 Km 30,9",Alvarenga-Lugar da Lavoura,4540-035,40.96928,-8.15625,galp de alvarenga,galp,"en 225 km 30,9","2,080 €",2026-05-15_dgeg_postos_raw.csv,758adca4b84af900
2026-05-15,2026-05-15 14:31:32,2026-05-11 00:00:00,054edc5a95d2226c,054edc5a95d2226c_gasoline_95,GALP DE ALVARENGA,GALP,gasoline_95,Gasolina simples 95,Outro,2.026,Arouca,Aveiro,"EN 225 Km 30,9",Alvarenga-Lugar da Lavoura,4540-035,40.96928,-8.15625,galp de alvarenga,galp,"en 225 km 30,9","2,026 €",2026-05-15_dgeg_postos_raw.csv,65278a63bc56af9d
2026-05-15,2026-05-15 14:31:32,2026-05-11 00:00:00,be66b9514661b9c1,be66b9514661b9c1_diesel_regular,Cepsa - Esmoriz,CEPSA,diesel_regular,Gasóleo simples,Outro,1.979,Ovar,Aveiro,Av Raimundo Rodrigues,Esmoriz,3885-000,40.95695,-8.64037,cepsa - esmoriz,cepsa,av raimundo rodrigues,"1,979 €",2026-05-15_dgeg_postos_raw.csv,6a1f94f96f933f15
2026-05-15,2026-05-15 14:31:32,2026-05-11 00:00:00,be66b9514661b9c1,be66b9514661b9c1_diesel_premium,Cepsa - Esmoriz,CEPSA,diesel_premium,Gasóleo especial,Outro,2.028,Ovar,Aveiro,Av Raimundo Rodrigues,Esmoriz,3885-000,40.95695,-8.64037,cepsa - esmoriz,cepsa,av raimundo rodrigues,"2,028 €",2026-05-15_dgeg_postos_raw.csv,23107ec6d5844f64
2026-05-15,2026-05-15 14:31:32,2026-05-11 00:00:00,be66b9514661b9c1,be66b9514661b9c1_gasoline_95,Cepsa - Esmoriz,CEPSA,gasoline_95,Gasolina simples 95,Outro,1.969,Ovar,Aveiro,Av Raimundo Rodrigues,Esmoriz,3885-000,40.95695,-8.64037,cepsa - esmoriz,cepsa,av raimundo rodrigues,"1,969 €",2026-05-15_dgeg_postos_raw.csv,ce1c6aa5c7d89414
2026-05-15,2026-05-15 14:31:32,2026-05-11 00:00:00,be66b9514661b9c1,be66b9514661b9c1_gasoline_98,Cepsa - Esmoriz,CEPSA,gasoline_98,Gasolina especial 98,Outro,2.189,Ovar,Aveiro,Av Raimundo Rodrigues,Esmoriz,3885-000,40.95695,-8.64037,cepsa - esmoriz,cepsa,av raimundo rodrigues,"2,189 €",2026-05-15_dgeg_postos_raw.csv,dc2039036fe3a021
2026-05-15,2026-05-15 14:31:32,2026-05-11 00:00:00,62d3760e60bf71cd,62d3760e60bf71cd_gasoline_98,E.S. BOMBEL B,REPSOL,gasoline_98,Gasolina especial 98,Outro,2.217,Vendas Novas,Évora,EN 4 - Bombel - nº 30,Bombel,7080-303,38.685037,-8.511207,e.s. bombel b,repsol,en 4 - bombel - nº 30,"2,217 €",2026-05-15_dgeg_postos_raw.csv,73e1aa289755687e
2026-05-15,2026-05-15 14:31:32,2026-05-11 00:00:00,159aa07b1e05a945,159aa07b1e05a945_diesel_premium,PRIO ERMESINDE Sta. Rita,PRIO,diesel_premium,Gasóleo especial,Outro,2.019,Valongo,Porto,"Avenida José Joaquim Ribeiro Teles, nº 280",Ermesinde,4445-656,41.20849,-8.54186,prio ermesinde sta. rita,prio,"avenida josé joaquim ribeiro teles, nº 280","2,019 €",2026-05-15_dgeg_postos_raw.csv,dd40598d3d9e26f1
2026-05-15,2026-05-15 14:31:32,2026-05-11 00:00:00,159aa07b1e05a945,159aa07b1e05a945_gasoline_95,PRIO ERMESINDE Sta. Rita,PRIO,gasoline_95,Gasolina simples 95,Outro,2.014,Valongo,Porto,"Avenida José Joaquim Ribeiro Teles, nº 280",Ermesinde,4445-656,41.20849,-8.54186,prio ermesinde sta. rita,prio,"avenida josé joaquim ribeiro teles, nº 280","2,014 €",2026-05-15_dgeg_postos_raw.csv,a8d57bc2a3db72cd
2026-05-15,2026-05-15 14:31:32,2026-05-11 00:00:00,57eb50189d2840c7,57eb50189d2840c7_diesel_regular,MONTE GORDO NORTE,BP,diesel_regular,Gasóleo simples,Outro,2.074,Vila Real de Santo António,Faro,EN 125 ALDEIA NOVA MONTE GORDO,Aldeia Nova-Monte Gordo,8900-441,37.18386,-7.46997,monte gordo norte,bp,en 125 aldeia nova monte gordo,"2,074 €",2026-05-15_dgeg_postos_raw.csv,d093ddf72d98295d
2026-05-15,2026-05-15 14:31:32,2026-05-11 00:00:00,57eb50189d2840c7,57eb50189d2840c7_diesel_premium,MONTE GORDO NORTE,BP,diesel_premium,Gasóleo especial,Outro,2.224,Vila Real de Santo António,Faro,EN 125 ALDEIA NOVA MONTE GORDO,Aldeia Nova-Monte Gordo,8900-441,37.18386,-7.46997,monte gordo norte,bp,en 125 aldeia nova monte gordo,"2,224 €",2026-05-15_dgeg_postos_raw.csv,e408d9bb78bbe7bc
2026-05-15,2026-05-15 14:31:32,2026-05-11 00:00:00,57eb50189d2840c7,57eb50189d2840c7_gasoline_95,MONTE GORDO NORTE,BP,gasoline_95,Gasolina simples 95,Outro,2.079,Vila Real de Santo António,Faro,EN 125 ALDEIA NOVA MONTE GORDO,Aldeia Nova-Monte Gordo,8900-441,37.18386,-7.46997,monte gordo norte,bp,en 125 aldeia nova monte gordo,"2,079 €",2026-05-15_dgeg_postos_raw.csv,e3364e989a8e5cad
2026-05-15,2026-05-15 14:31:32,2026-05-11 00:00:00,57eb50189d2840c7,57eb50189d2840c7_gasoline_98,MONTE GORDO NORTE,BP,gasoline_98,Gasolina especial 98,Outro,2.299,Vila Real de Santo António,Faro,EN 125 ALDEIA NOVA MONTE GORDO,Aldeia Nova-Monte Gordo,8900-441,37.18386,-7.46997,monte gordo norte,bp,en 125 aldeia nova monte gordo,"2,299 €",2026-05-15_dgeg_postos_raw.csv,c8ce8109aa5d5e1d
2026-05-15,2026-05-15 14:31:32,2026-05-11 00:00:00,c04078557a7ed30d,c04078557a7ed30d_diesel_regular,E.S. MARINHAS B,REPSOL,diesel_regular,Gasóleo simples,Outro,2.079,Esposende,Braga,EN 13 Km 48.65 - Lg.Rio de Moinho,Marinhas,4740-313,41.56863,-8.78885,e.s. marinhas b,repsol,en 13 km 48.65 - lg.rio de moinho,"2,079 €",2026-05-15_dgeg_postos_raw.csv,97fafded5834b482
2026-05-15,2026-05-15 14:31:32,2026-05-11 00:00:00,c04078557a7ed30d,c04078557a7ed30d_diesel_premium,E.S. MARINHAS B,REPSOL,diesel_premium,Gasóleo especial,Outro,2.149,Esposende,Braga,EN 13 Km 48.65 - Lg.Rio de Moinho,Marinhas,4740-313,41.56863,-8.78885,e.s. marinhas b,repsol,en 13 km 48.65 - lg.rio de moinho,"2,149 €",2026-05-15_dgeg_postos_raw.csv,23bfcc9503567b9d
2026-05-15,2026-05-15 14:31:32,2026-05-11 00:00:00,c04078557a7ed30d,c04078557a7ed30d_gasoline_95,E.S. MARINHAS B,REPSOL,gasoline_95,Gasolina simples 95,Outro,2.067,Esposende,Braga,EN 13 Km 48.65 - Lg.Rio de Moinho,Marinhas,4740-313,41.56863,-8.78885,e.s. marinhas b,repsol,en 13 km 48.65 - lg.rio de moinho,"2,067 €",2026-05-15_dgeg_postos_raw.csv,56f3ee27d28ed279
2026-05-15,2026-05-15 14:31:32,2026-05-11 00:00:00,60934f27accbf744,60934f27accbf744_diesel_regular,BP Paredes de Coura,BP,diesel_regular,Gasóleo simples,Outro,2.004,Paredes de Coura,Viana do Castelo,Rua Dr. Narciso Alves da Cunha,Paredes de Coura,4940-538,41.90978,-8.55911,bp paredes de coura,bp,rua dr. narciso alves da cunha,"2,004 €",2026-05-15_dgeg_postos_raw.csv,6dee57b5708bf0b2
2026-05-15,2026-05-15 14:31:32,2026-05-11 00:00:00,60934f27accbf744,60934f27accbf744_diesel_premium,BP Paredes de Coura,BP,diesel_premium,Gasóleo especial,Outro,2.224,Paredes de Coura,Viana do Castelo,Rua Dr. Narciso Alves da Cunha,Paredes de Coura,4940-538,41.90978,-8.55911,bp paredes de coura,bp,rua dr. narciso alves da cunha,"2,224 €",2026-05-15_dgeg_postos_raw.csv,35b80b8e03d5315d
2026-05-15,2026-05-15 14:31:32,2026-05-11 00:00:00,60934f27accbf744,60934f27accbf744_gasoline_95,BP Paredes de Coura,BP,gasoline_95,Gasolina simples 95,Outro,2.059,Paredes de Coura,Viana do Castelo,Rua Dr. Narciso Alves da Cunha,Paredes de Coura,4940-538,41.90978,-8.55911,bp paredes de coura,bp,rua dr. narciso alves da cunha,"2,059 €",2026-05-15_dgeg_postos_raw.csv,df1dca392137d67f
2026-05-15,2026-05-15 14:31:32,2026-05-11 00:00:00,3a848d0e93fb80ce,3a848d0e93fb80ce_diesel_premium,PRIO Gafanha da Nazaré (Av. Central),PRIO,diesel_premium,Gasóleo especial,Outro,1.974,Ílhavo,Aveiro,"Av. José Estevão, LUgar de Cambeia, n.º 658",Gafanha da Nazaré,3830-556,40.63803,-8.72217,prio gafanha da nazaré (av. central),prio,"av. josé estevão, lugar de cambeia, n.º 658","1,974 €",2026-05-15_dgeg_postos_raw.csv,1b6e4421030ac4e0
2026-05-15,2026-05-15 14:31:32,2026-05-11 00:00:00,3a848d0e93fb80ce,3a848d0e93fb80ce_gasoline_95,PRIO Gafanha da Nazaré (Av. Central),PRIO,gasoline_95,Gasolina simples 95,Outro,1.949,Ílhavo,Aveiro,"Av. José Estevão, LUgar de Cambeia, n.º 658",Gafanha da Nazaré,3830-556,40.63803,-8.72217,prio gafanha da nazaré (av. central),prio,"av. josé estevão, lugar de cambeia, n.º 658","1,949 €",2026-05-15_dgeg_postos_raw.csv,9339668a7e474acc
2026-05-15,2026-05-15 14:31:32,2026-05-11 00:00:00,1c13c910893d9852,1c13c910893d9852_diesel_regular,PA Tarouca - Dalvares - Posto de Abastecimento Sasa,BP,diesel_regular,Gasóleo simples,Outro,2.104,Tarouca,Viseu,E. N. 226,Dalvares,3610-013,41.028057,-7.765267,pa tarouca - dalvares - posto de abastecimento sasa,bp,e. n. 226,"2,104 €",2026-05-15_dgeg_postos_raw.csv,9e6d42607b02cd1f
2026-05-15,2026-05-15 14:31:32,2026-05-11 00:00:00,1c13c910893d9852,1c13c910893d9852_diesel_premium,PA Tarouca - Dalvares - Posto de Abastecimento Sasa,BP,diesel_premium,Gasóleo especial,Outro,2.224,Tarouca,Viseu,E. N. 226,Dalvares,3610-013,41.028057,-7.765267,pa tarouca - dalvares - posto de abastecimento sasa,bp,e. n. 226,"2,224 €",2026-05-15_dgeg_postos_raw.csv,233a6b5eda1e1795
2026-05-15,2026-05-15 14:31:32,2026-05-11 00:00:00,1c13c910893d9852,1c13c910893d9852_gasoline_95,PA Tarouca - Dalvares - Posto de Abastecimento Sasa,BP,gasoline_95,Gasolina simples 95,Outro,2.099,Tarouca,Viseu,E. N. 226,Dalvares,3610-013,41.028057,-7.765267,pa tarouca - dalvares - posto de abastecimento sasa,bp,e. n. 226,"2,099 €",2026-05-15_dgeg_postos_raw.csv,3eccbda7d2fb53e4
2026-05-15,2026-05-15 14:31:32,2026-05-11 00:00:00,1c13c910893d9852,1c13c910893d9852_gasoline_98,PA Tarouca - Dalvares - Posto de Abastecimento Sasa,BP,gasoline_98,Gasolina especial 98,Outro,2.299,Tarouca,Viseu,E. N. 226,Dalvares,3610-013,41.028057,-7.765267,pa tarouca - dalvares - posto de abastecimento sasa,bp,e. n. 226,"2,299 €",2026-05-15_dgeg_postos_raw.csv,9d3032eb4d60421d
2026-05-15,2026-05-15 14:31:32,2026-05-11 00:00:00,b3b33ed5bf74a2e4,b3b33ed5bf74a2e4_diesel_regular,E.S. ALBERGARIA-A-NOVA,REPSOL,diesel_regular,Gasóleo simples,Outro,2.029,Albergaria-a-Velha,Aveiro,"EN 1, nº 127",Albergaria-a-Nova,3850-501,40.74133,-8.49089,e.s. albergaria-a-nova,repsol,"en 1, nº 127","2,029 €",2026-05-15_dgeg_postos_raw.csv,51eeefcd349c74f4
2026-05-15,2026-05-15 14:31:32,2026-05-11 00:00:00,b3b33ed5bf74a2e4,b3b33ed5bf74a2e4_diesel_premium,E.S. ALBERGARIA-A-NOVA,REPSOL,diesel_premium,Gasóleo especial,Outro,2.089,Albergaria-a-Velha,Aveiro,"EN 1, nº 127",Albergaria-a-Nova,3850-501,40.74133,-8.49089,e.s. albergaria-a-nova,repsol,"en 1, nº 127","2,089 €",2026-05-15_dgeg_postos_raw.csv,10c2e701c6e1ecd1
2026-05-15,2026-05-15 14:31:32,2026-05-11 00:00:00,b3b33ed5bf74a2e4,b3b33ed5bf74a2e4_gasoline_95,E.S. ALBERGARIA-A-NOVA,REPSOL,gasoline_95,Gasolina simples 95,Outro,2.027,Albergaria-a-Velha,Aveiro,"EN 1, nº 127",Albergaria-a-Nova,3850-501,40.74133,-8.49089,e.s. albergaria-a-nova,repsol,"en 1, nº 127","2,027 €",2026-05-15_dgeg_postos_raw.csv,26269fba63d2e5f2
2026-05-15,2026-05-15 14:31:32,2026-05-11 00:00:00,b3b33ed5bf74a2e4,b3b33ed5bf74a2e4_gasoline_98,E.S. ALBERGARIA-A-NOVA,REPSOL,gasoline_98,Gasolina especial 98,Outro,2.217,Albergaria-a-Velha,Aveiro,"EN 1, nº 127",Albergaria-a-Nova,3850-501,40.74133,-8.49089,e.s. albergaria-a-nova,repsol,"en 1, nº 127","2,217 €",2026-05-15_dgeg_postos_raw.csv,030d2c445a46e859
2026-05-15,2026-05-15 14:31:32,2026-05-11 00:00:00,5f112416c51ab400,5f112416c51ab400_gasoline_98,E.S. PINDELO DOS MILAGRES,REPSOL,gasoline_98,Gasolina especial 98,Outro,2.197,São Pedro do Sul,Viseu,Rua da Liberdade Nº47,Pindelo dos Milagres,3660-174,40.80609,-7.9638,e.s. pindelo dos milagres,repsol,rua da liberdade nº47,"2,197 €",2026-05-15_dgeg_postos_raw.csv,f7317b33ea27931a
2026-05-15,2026-05-15 14:31:32,2026-05-11 00:00:00,58220f36dbdfff25,58220f36dbdfff25_diesel_regular,E.S. VOUZELA - CAMPIA,REPSOL,diesel_regular,Gasóleo simples,Outro,2.029,Vouzela,Viseu,Sitio da Feiteira - Campia,Vouzela - Campia,3670-056,40.66475,-8.22308,e.s. vouzela - campia,repsol,sitio da feiteira - campia,"2,029 €",2026-05-15_dgeg_postos_raw.csv,398f75c60232be9c
2026-05-15,2026-05-15 14:31:32,2026-05-11 00:00:00,58220f36dbdfff25,58220f36dbdfff25_diesel_premium,E.S. VOUZELA - CAMPIA,REPSOL,diesel_premium,Gasóleo especial,Outro,2.089,Vouzela,Viseu,Sitio da Feiteira - Campia,Vouzela - Campia,3670-056,40.66475,-8.22308,e.s. vouzela - campia,repsol,sitio da feiteira - campia,"2,089 €",2026-05-15_dgeg_postos_raw.csv,0909571915bc23e9
2026-05-15,2026-05-15 14:31:32,2026-05-11 00:00:00,58220f36dbdfff25,58220f36dbdfff25_gasoline_95,E.S. VOUZELA - CAMPIA,REPSOL,gasoline_95,Gasolina simples 95,Outro,2.027,Vouzela,Viseu,Sitio da Feiteira - Campia,Vouzela - Campia,3670-056,40.66475,-8.22308,e.s. vouzela - campia,repsol,sitio da feiteira - campia,"2,027 €",2026-05-15_dgeg_postos_raw.csv,8dd33b96e4aff631
2026-05-15,2026-05-15 14:31:32,2026-05-11 00:00:00,58220f36dbdfff25,58220f36dbdfff25_gasoline_98,E.S. VOUZELA - CAMPIA,REPSOL,gasoline_98,Gasolina especial 98,Outro,2.217,Vouzela,Viseu,Sitio da Feiteira - Campia,Vouzela - Campia,3670-056,40.66475,-8.22308,e.s. vouzela - campia,repsol,sitio da feiteira - campia,"2,217 €",2026-05-15_dgeg_postos_raw.csv,8190de6447b0b5cd
2026-05-15,2026-05-15 14:31:32,2026-05-11 00:00:00,b128ca4c802f0187,b128ca4c802f0187_gasoline_98,E.S. PAÇOS DE FERREIRA II,REPSOL,gasoline_98,Gasolina especial 98,Outro,2.217,Paços de Ferreira,Porto,"Rua Recta de Gomil, 152",Frazão,4595-144,41.2611,-8.39889,e.s. paços de ferreira ii,repsol,"rua recta de gomil, 152","2,217 €",2026-05-15_dgeg_postos_raw.csv,8a1d98f3d26c70eb
2026-05-15,2026-05-15 14:31:32,2026-05-11 00:00:00,f0f9485c057097d3,f0f9485c057097d3_diesel_regular,"Nunes, Alves & Filhos, Lda",REPSOL,diesel_regular,Gasóleo simples,Outro,2.029,Valongo,Porto,"Rua São Vicente, 1194",Alfena,4445-210,41.225674,-8.530641,"nunes, alves & filhos, lda",repsol,"rua são vicente, 1194","2,029 €",2026-05-15_dgeg_postos_raw.csv,283199c0af3a1a87
2026-05-15,2026-05-15 14:31:32,2026-05-11 00:00:00,f0f9485c057097d3,f0f9485c057097d3_diesel_premium,"Nunes, Alves & Filhos, Lda",REPSOL,diesel_premium,Gasóleo especial,Outro,2.059,Valongo,Porto,"Rua São Vicente, 1194",Alfena,4445-210,41.225674,-8.530641,"nunes, alves & filhos, lda",repsol,"rua são vicente, 1194","2,059 €",2026-05-15_dgeg_postos_raw.csv,1a7d363076525f84
2026-05-15,2026-05-15 14:31:32,2026-05-11 00:00:00,f0f9485c057097d3,f0f9485c057097d3_gasoline_95,"Nunes, Alves & Filhos, Lda",REPSOL,gasoline_95,Gasolina simples 95,Outro,2.027,Valongo,Porto,"Rua São Vicente, 1194",Alfena,4445-210,41.225674,-8.530641,"nunes, alves & filhos, lda",repsol,"rua são vicente, 1194","2,027 €",2026-05-15_dgeg_postos_raw.csv,51e180c6b88f83d1
2026-05-15,2026-05-15 14:31:32,2026-05-11 00:00:00,6f6fd6b84581f2d2,6f6fd6b84581f2d2_diesel_regular,LISBOA - BENFICA,MOEVE,diesel_regular,Gasóleo simples,Outro,1.986,Lisboa,Lisboa,RUA DA CASQUILHA - BENFICA,Lisboa,1500-152,38.748505,-9.207311,lisboa - benfica,moeve,rua da casquilha - benfica,"1,986 €",2026-05-15_dgeg_postos_raw.csv,2c670fea73df6634
2026-05-15,2026-05-15 14:31:32,2026-05-11 00:00:00,6f6fd6b84581f2d2,6f6fd6b84581f2d2_diesel_premium,LISBOA - BENFICA,MOEVE,diesel_premium,Gasóleo especial,Outro,2.036,Lisboa,Lisboa,RUA DA CASQUILHA - BENFICA,Lisboa,1500-152,38.748505,-9.207311,lisboa - benfica,moeve,rua da casquilha - benfica,"2,036 €",2026-05-15_dgeg_postos_raw.csv,21567daceaa5c341
2026-05-15,2026-05-15 14:31:32,2026-05-11 00:00:00,6f6fd6b84581f2d2,6f6fd6b84581f2d2_gasoline_95,LISBOA - BENFICA,MOEVE,gasoline_95,Gasolina simples 95,Outro,1.978,Lisboa,Lisboa,RUA DA CASQUILHA - BENFICA,Lisboa,1500-152,38.748505,-9.207311,lisboa - benfica,moeve,rua da casquilha - benfica,"1,978 €",2026-05-15_dgeg_postos_raw.csv,8d4362435e530244
2026-05-15,2026-05-15 14:31:32,2026-05-11 00:00:00,7d9a225e80f0ab51,7d9a225e80f0ab51_diesel_regular,MOEVE Manique -   Cascais,MOEVE,diesel_regular,Gasóleo simples,Outro,1.916,Cascais,Lisboa,"Estrada da Quinta, 148",Alcabideche,2645-543,38.72895,-9.362967,moeve manique - cascais,moeve,"estrada da quinta, 148","1,916 €",2026-05-15_dgeg_postos_raw.csv,b4e8dc1c34e569b9
2026-05-15,2026-05-15 14:31:32,2026-05-11 00:00:00,7d9a225e80f0ab51,7d9a225e80f0ab51_diesel_premium,MOEVE Manique -   Cascais,MOEVE,diesel_premium,Gasóleo especial,Outro,1.966,Cascais,Lisboa,"Estrada da Quinta, 148",Alcabideche,2645-543,38.72895,-9.362967,moeve manique - cascais,moeve,"estrada da quinta, 148","1,966 €",2026-05-15_dgeg_postos_raw.csv,3c9683f0e91c0baf
2026-05-15,2026-05-15 14:31:32,2026-05-11 00:00:00,7d9a225e80f0ab51,7d9a225e80f0ab51_gasoline_95,MOEVE Manique -   Cascais,MOEVE,gasoline_95,Gasolina simples 95,Outro,1.908,Cascais,Lisboa,"Estrada da Quinta, 148",Alcabideche,2645-543,38.72895,-9.362967,moeve manique - cascais,moeve,"estrada da quinta, 148","1,908 €",2026-05-15_dgeg_postos_raw.csv,58c699d3ec695545
2026-05-15,2026-05-15 14:31:32,2026-05-11 00:00:00,47d60f169dd8b2b6,47d60f169dd8b2b6_diesel_regular,CEPSA Mem Martins,MOEVE,diesel_regular,Gasóleo simples,Outro,1.916,Sintra,Lisboa,ESTRADA DE MEM MARTINS,Algueirão,2725-011,38.784103,-9.344361,cepsa mem martins,moeve,estrada de mem martins,"1,916 €",2026-05-15_dgeg_postos_raw.csv,e6cade17b4f75098
2026-05-15,2026-05-15 14:31:32,2026-05-11 00:00:00,47d60f169dd8b2b6,47d60f169dd8b2b6_diesel_premium,CEPSA Mem Martins,MOEVE,diesel_premium,Gasóleo especial,Outro,1.966,Sintra,Lisboa,ESTRADA DE MEM MARTINS,Algueirão,2725-011,38.784103,-9.344361,cepsa mem martins,moeve,estrada de mem martins,"1,966 €",2026-05-15_dgeg_postos_raw.csv,1e0882ae88a21bf4
2026-05-15,2026-05-15 14:31:32,2026-05-11 00:00:00,47d60f169dd8b2b6,47d60f169dd8b2b6_gasoline_95,CEPSA Mem Martins,MOEVE,gasoline_95,Gasolina simples 95,Outro,1.908,Sintra,Lisboa,ESTRADA DE MEM MARTINS,Algueirão,2725-011,38.784103,-9.344361,cepsa mem martins,moeve,estrada de mem martins,"1,908 €",2026-05-15_dgeg_postos_raw.csv,b1a7aa98cc52450c
2026-05-15,2026-05-15 14:31:32,2026-05-11 00:00:00,233ff0b526cd5285,233ff0b526cd5285_diesel_regular,OLIVAL BASTO - LOURES,MOEVE,diesel_regular,Gasóleo simples,Outro,1.986,Odivelas,Lisboa,RUA ANGOLA BOMBAS,Olival Basto,2620-035,38.78914,-9.168809,olival basto - loures,moeve,rua angola bombas,"1,986 €",2026-05-15_dgeg_postos_raw.csv,0be967b90fbb9775
2026-05-15,2026-05-15 14:31:32,2026-05-11 00:00:00,233ff0b526cd5285,233ff0b526cd5285_diesel_premium,OLIVAL BASTO - LOURES,MOEVE,diesel_premium,Gasóleo especial,Outro,2.036,Odivelas,Lisboa,RUA ANGOLA BOMBAS,Olival Basto,2620-035,38.78914,-9.168809,olival basto - loures,moeve,rua angola bombas,"2,036 €",2026-05-15_dgeg_postos_raw.csv,7b2ead9e1b2ae0d8
2026-05-15,2026-05-15 14:31:32,2026-05-11 00:00:00,233ff0b526cd5285,233ff0b526cd5285_gasoline_95,OLIVAL BASTO - LOURES,MOEVE,gasoline_95,Gasolina simples 95,Outro,1.978,Odivelas,Lisboa,RUA ANGOLA BOMBAS,Olival Basto,2620-035,38.78914,-9.168809,olival basto - loures,moeve,rua angola bombas,"1,978 €",2026-05-15_dgeg_postos_raw.csv,ccfbcf65154331b7
2026-05-15,2026-05-15 14:31:32,2026-05-11 00:00:00,602937072aff2fc7,602937072aff2fc7_diesel_regular,CEPSA Ovar I,CEPSA,diesel_regular,Gasóleo simples,Outro,1.999,Ovar,Aveiro,Rua Aquilino Ribeiro s/nº.,Ovar,3880-151,40.86021,-8.623281,cepsa ovar i,cepsa,rua aquilino ribeiro s/nº.,"1,999 €",2026-05-15_dgeg_postos_raw.csv,dd3c8b473aa5f9bb
2026-05-15,2026-05-15 14:31:32,2026-05-11 00:00:00,602937072aff2fc7,602937072aff2fc7_diesel_premium,CEPSA Ovar I,CEPSA,diesel_premium,Gasóleo especial,Outro,2.048,Ovar,Aveiro,Rua Aquilino Ribeiro s/nº.,Ovar,3880-151,40.86021,-8.623281,cepsa ovar i,cepsa,rua aquilino ribeiro s/nº.,"2,048 €",2026-05-15_dgeg_postos_raw.csv,7176c6c0c95fa901
2026-05-15,2026-05-15 14:31:32,2026-05-11 00:00:00,602937072aff2fc7,602937072aff2fc7_gasoline_95,CEPSA Ovar I,CEPSA,gasoline_95,Gasolina simples 95,Outro,1.989,Ovar,Aveiro,Rua Aquilino Ribeiro s/nº.,Ovar,3880-151,40.86021,-8.623281,cepsa ovar i,cepsa,rua aquilino ribeiro s/nº.,"1,989 €",2026-05-15_dgeg_postos_raw.csv,a5415eb56d95dc6c
2026-05-15,2026-05-15 14:31:32,2026-05-11 00:00:00,602937072aff2fc7,602937072aff2fc7_gasoline_98,CEPSA Ovar I,CEPSA,gasoline_98,Gasolina especial 98,Outro,2.209,Ovar,Aveiro,Rua Aquilino Ribeiro s/nº.,Ovar,3880-151,40.86021,-8.623281,cepsa ovar i,cepsa,rua aquilino ribeiro s/nº.,"2,209 €",2026-05-15_dgeg_postos_raw.csv,17d934ecd924481e
2026-05-15,2026-05-15 14:31:32,2026-05-11 00:00:00,0ff8c5a259ad5d5a,0ff8c5a259ad5d5a_diesel_regular,"Petroeco, Lda.",Genérico,diesel_regular,Gasóleo simples,Outro,1.986,Paredes,Porto,"Avenida dos Bombeiros Voluntários, Castelões de Cepeda",Paredes,4580-053,41.203033,-8.340583,"petroeco, lda.",genérico,"avenida dos bombeiros voluntários, castelões de cepeda","1,986 €",2026-05-15_dgeg_postos_raw.csv,237c497b306a7fca
2026-05-15,2026-05-15 14:31:32,2026-05-11 00:00:00,0ff8c5a259ad5d5a,0ff8c5a259ad5d5a_diesel_premium,"Petroeco, Lda.",Genérico,diesel_premium,Gasóleo especial,Outro,2.036,Paredes,Porto,"Avenida dos Bombeiros Voluntários, Castelões de Cepeda",Paredes,4580-053,41.203033,-8.340583,"petroeco, lda.",genérico,"avenida dos bombeiros voluntários, castelões de cepeda","2,036 €",2026-05-15_dgeg_postos_raw.csv,2def316600375e85
2026-05-15,2026-05-15 14:31:32,2026-05-11 00:00:00,0ff8c5a259ad5d5a,0ff8c5a259ad5d5a_gasoline_95,"Petroeco, Lda.",Genérico,gasoline_95,Gasolina simples 95,Outro,1.978,Paredes,Porto,"Avenida dos Bombeiros Voluntários, Castelões de Cepeda",Paredes,4580-053,41.203033,-8.340583,"petroeco, lda.",genérico,"avenida dos bombeiros voluntários, castelões de cepeda","1,978 €",2026-05-15_dgeg_postos_raw.csv,02b60477fc5f39d4
2026-05-15,2026-05-15 14:31:32,2026-05-11 00:00:00,0ff8c5a259ad5d5a,0ff8c5a259ad5d5a_gasoline_98,"Petroeco, Lda.",Genérico,gasoline_98,Gasolina especial 98,Outro,2.19,Paredes,Porto,"Avenida dos Bombeiros Voluntários, Castelões de Cepeda",Paredes,4580-053,41.203033,-8.340583,"petroeco, lda.",genérico,"avenida dos bombeiros voluntários, castelões de cepeda","2,190 €",2026-05-15_dgeg_postos_raw.csv,e4dd41e8003c2920
2026-05-15,2026-05-15 14:31:32,2026-05-11 00:00:00,0383764f990d0a70,0383764f990d0a70_diesel_regular,Porto - Hosp. S. João,MOEVE,diesel_regular,Gasóleo simples,Outro,1.966,Porto,Porto,ESTRADA EXTERIOR DA CIRCUNVALAÇÃO Nº.7446 E 7448,Porto,4200-162,41.18306,-8.59851,porto - hosp. s. joão,moeve,estrada exterior da circunvalação nº.7446 e 7448,"1,966 €",2026-05-15_dgeg_postos_raw.csv,a379e804fba22597
2026-05-15,2026-05-15 14:31:32,2026-05-11 00:00:00,0383764f990d0a70,0383764f990d0a70_diesel_premium,Porto - Hosp. S. João,MOEVE,diesel_premium,Gasóleo especial,Outro,2.016,Porto,Porto,ESTRADA EXTERIOR DA CIRCUNVALAÇÃO Nº.7446 E 7448,Porto,4200-162,41.18306,-8.59851,porto - hosp. s. joão,moeve,estrada exterior da circunvalação nº.7446 e 7448,"2,016 €",2026-05-15_dgeg_postos_raw.csv,b93b1ba4735993fc
2026-05-15,2026-05-15 14:31:32,2026-05-11 00:00:00,0383764f990d0a70,0383764f990d0a70_gasoline_95,Porto - Hosp. S. João,MOEVE,gasoline_95,Gasolina simples 95,Outro,1.958,Porto,Porto,ESTRADA EXTERIOR DA CIRCUNVALAÇÃO Nº.7446 E 7448,Porto,4200-162,41.18306,-8.59851,porto - hosp. s. joão,moeve,estrada exterior da circunvalação nº.7446 e 7448,"1,958 €",2026-05-15_dgeg_postos_raw.csv,5476693f681bcf10
2026-05-15,2026-05-15 14:31:32,2026-05-11 00:00:00,5797aff92abdf092,5797aff92abdf092_diesel_regular,PORTO - PQ. CIDADE,MOEVE,diesel_regular,Gasóleo simples,Outro,1.966,Porto,Porto,"E.N. 12, Km 0,710 - Pq. Cidade - Nevogilde",Porto,4100-200,41.171308,-8.679428574,porto - pq. cidade,moeve,"e.n. 12, km 0,710 - pq. cidade - nevogilde","1,966 €",2026-05-15_dgeg_postos_raw.csv,95a0dc457732122a
2026-05-15,2026-05-15 14:31:32,2026-05-11 00:00:00,5797aff92abdf092,5797aff92abdf092_diesel_premium,PORTO - PQ. CIDADE,MOEVE,diesel_premium,Gasóleo especial,Outro,2.016,Porto,Porto,"E.N. 12, Km 0,710 - Pq. Cidade - Nevogilde",Porto,4100-200,41.171308,-8.679428574,porto - pq. cidade,moeve,"e.n. 12, km 0,710 - pq. cidade - nevogilde","2,016 €",2026-05-15_dgeg_postos_raw.csv,5641ce8086178041
2026-05-15,2026-05-15 14:31:32,2026-05-11 00:00:00,5797aff92abdf092,5797aff92abdf092_gasoline_95,PORTO - PQ. CIDADE,MOEVE,gasoline_95,Gasolina simples 95,Outro,1.958,Porto,Porto,"E.N. 12, Km 0,710 - Pq. Cidade - Nevogilde",Porto,4100-200,41.171308,-8.679428574,porto - pq. cidade,moeve,"e.n. 12, km 0,710 - pq. cidade - nevogilde","1,958 €",2026-05-15_dgeg_postos_raw.csv,6a05d26c86f20620
2026-05-15,2026-05-15 14:31:32,2026-05-11 00:00:00,6b5fcac4d1c87381,6b5fcac4d1c87381_diesel_regular,MOITA,CEPSA,diesel_regular,Gasóleo simples,Outro,1.896,Moita,Setúbal,"AV. 1º DE MAIO, VALE AMOREIRA",Vale da Amoreira,2835-204,38.64954,-9.04334,moita,cepsa,"av. 1º de maio, vale amoreira","1,896 €",2026-05-15_dgeg_postos_raw.csv,9a59699993c96bd1
2026-05-15,2026-05-15 14:31:32,2026-05-11 00:00:00,6b5fcac4d1c87381,6b5fcac4d1c87381_gasoline_95,MOITA,CEPSA,gasoline_95,Gasolina simples 95,Outro,1.888,Moita,Setúbal,"AV. 1º DE MAIO, VALE AMOREIRA",Vale da Amoreira,2835-204,38.64954,-9.04334,moita,cepsa,"av. 1º de maio, vale amoreira","1,888 €",2026-05-15_dgeg_postos_raw.csv,0bed31e94de8dec5
2026-05-15,2026-05-15 14:31:32,2026-05-11 00:00:00,5fd453bdbcbabe6a,5fd453bdbcbabe6a_diesel_regular,MOEVE Oeiras - Rua Cândido dos Reis,MOEVE,diesel_regular,Gasóleo simples,Outro,1.986,Oeiras,Lisboa,"Rua Cândido dos Reis, 9009",Oeiras,2780-213,38.693493,-9.306741,moeve oeiras - rua cândido dos reis,moeve,"rua cândido dos reis, 9009","1,986 €",2026-05-15_dgeg_postos_raw.csv,99f05ee0565197aa
2026-05-15,2026-05-15 14:31:32,2026-05-11 00:00:00,5fd453bdbcbabe6a,5fd453bdbcbabe6a_diesel_premium,MOEVE Oeiras - Rua Cândido dos Reis,MOEVE,diesel_premium,Gasóleo especial,Outro,2.036,Oeiras,Lisboa,"Rua Cândido dos Reis, 9009",Oeiras,2780-213,38.693493,-9.306741,moeve oeiras - rua cândido dos reis,moeve,"rua cândido dos reis, 9009","2,036 €",2026-05-15_dgeg_postos_raw.csv,cc6c7dbec1f8be12
2026-05-15,2026-05-15 14:31:32,2026-05-11 00:00:00,5fd453bdbcbabe6a,5fd453bdbcbabe6a_gasoline_95,MOEVE Oeiras - Rua Cândido dos Reis,MOEVE,gasoline_95,Gasolina simples 95,Outro,1.978,Oeiras,Lisboa,"Rua Cândido dos Reis, 9009",Oeiras,2780-213,38.693493,-9.306741,moeve oeiras - rua cândido dos reis,moeve,"rua cândido dos reis, 9009","1,978 €",2026-05-15_dgeg_postos_raw.csv,a874d66d366a43f1
2026-05-15,2026-05-15 14:31:32,2026-05-11 00:00:00,5fd453bdbcbabe6a,5fd453bdbcbabe6a_gasoline_98,MOEVE Oeiras - Rua Cândido dos Reis,MOEVE,gasoline_98,Gasolina especial 98,Outro,2.19,Oeiras,Lisboa,"Rua Cândido dos Reis, 9009",Oeiras,2780-213,38.693493,-9.306741,moeve oeiras - rua cândido dos reis,moeve,"rua cândido dos reis, 9009","2,190 €",2026-05-15_dgeg_postos_raw.csv,3087c3ee9d55b9ad
2026-05-15,2026-05-15 14:31:32,2026-05-11 00:00:00,68e59c0f10905a5e,68e59c0f10905a5e_diesel_regular,RAMADA - ODIVELAS,MOEVE,diesel_regular,Gasóleo simples,Outro,1.986,Odivelas,Lisboa,"E.N. 250/2 - Km 0,600 - Ramada",Ramada,2675-387,38.80649998,-9.200180593,ramada - odivelas,moeve,"e.n. 250/2 - km 0,600 - ramada","1,986 €",2026-05-15_dgeg_postos_raw.csv,74f3407c58e8ce4b
2026-05-15,2026-05-15 14:31:32,2026-05-11 00:00:00,68e59c0f10905a5e,68e59c0f10905a5e_diesel_premium,RAMADA - ODIVELAS,MOEVE,diesel_premium,Gasóleo especial,Outro,2.036,Odivelas,Lisboa,"E.N. 250/2 - Km 0,600 - Ramada",Ramada,2675-387,38.80649998,-9.200180593,ramada - odivelas,moeve,"e.n. 250/2 - km 0,600 - ramada","2,036 €",2026-05-15_dgeg_postos_raw.csv,161e770dee034629
2026-05-15,2026-05-15 14:31:32,2026-05-11 00:00:00,68e59c0f10905a5e,68e59c0f10905a5e_gasoline_95,RAMADA - ODIVELAS,MOEVE,gasoline_95,Gasolina simples 95,Outro,1.978,Odivelas,Lisboa,"E.N. 250/2 - Km 0,600 - Ramada",Ramada,2675-387,38.80649998,-9.200180593,ramada - odivelas,moeve,"e.n. 250/2 - km 0,600 - ramada","1,978 €",2026-05-15_dgeg_postos_raw.csv,b1b7a14f7f1bcd65
2026-05-15,2026-05-15 14:31:32,2026-05-11 00:00:00,a3eb88168bda93aa,a3eb88168bda93aa_diesel_regular,Cepsa Valongo,CEPSA,diesel_regular,Gasóleo simples,Outro,1.966,Valongo,Porto,"Rua Fonseca Dias, Lugar do Espinheiro",Valongo,4440-652,41.184,-8.48518,cepsa valongo,cepsa,"rua fonseca dias, lugar do espinheiro","1,966 €",2026-05-15_dgeg_postos_raw.csv,8436fec237b9b92d
2026-05-15,2026-05-15 14:31:32,2026-05-11 00:00:00,a3eb88168bda93aa,a3eb88168bda93aa_diesel_premium,Cepsa Valongo,CEPSA,diesel_premium,Gasóleo especial,Outro,2.016,Valongo,Porto,"Rua Fonseca Dias, Lugar do Espinheiro",Valongo,4440-652,41.184,-8.48518,cepsa valongo,cepsa,"rua fonseca dias, lugar do espinheiro","2,016 €",2026-05-15_dgeg_postos_raw.csv,0b4be427bd4d3ff9
2026-05-15,2026-05-15 14:31:32,2026-05-11 00:00:00,a3eb88168bda93aa,a3eb88168bda93aa_gasoline_95,Cepsa Valongo,CEPSA,gasoline_95,Gasolina simples 95,Outro,1.958,Valongo,Porto,"Rua Fonseca Dias, Lugar do Espinheiro",Valongo,4440-652,41.184,-8.48518,cepsa valongo,cepsa,"rua fonseca dias, lugar do espinheiro","1,958 €",2026-05-15_dgeg_postos_raw.csv,19c377231e00d629
2026-05-15,2026-05-15 14:31:32,2026-05-11 00:00:00,a3eb88168bda93aa,a3eb88168bda93aa_gasoline_98,Cepsa Valongo,CEPSA,gasoline_98,Gasolina especial 98,Outro,2.17,Valongo,Porto,"Rua Fonseca Dias, Lugar do Espinheiro",Valongo,4440-652,41.184,-8.48518,cepsa valongo,cepsa,"rua fonseca dias, lugar do espinheiro","2,170 €",2026-05-15_dgeg_postos_raw.csv,14fa6e84105d1e69
2026-05-15,2026-05-15 14:31:32,2026-05-11 00:00:00,f94c43a805b2389d,f94c43a805b2389d_diesel_regular,PA  VILA DO CONDE,MOEVE,diesel_regular,Gasóleo simples,Outro,1.966,Vila do Conde,Porto,"EN13, LUGAR DO PINDELO, ARVORE",Vila do Conde,4480-000,41.341324,-8.733731,pa vila do conde,moeve,"en13, lugar do pindelo, arvore","1,966 €",2026-05-15_dgeg_postos_raw.csv,a5fd1eb563137880
2026-05-15,2026-05-15 14:31:32,2026-05-11 00:00:00,f94c43a805b2389d,f94c43a805b2389d_diesel_premium,PA  VILA DO CONDE,MOEVE,diesel_premium,Gasóleo especial,Outro,2.016,Vila do Conde,Porto,"EN13, LUGAR DO PINDELO, ARVORE",Vila do Conde,4480-000,41.341324,-8.733731,pa vila do conde,moeve,"en13, lugar do pindelo, arvore","2,016 €",2026-05-15_dgeg_postos_raw.csv,026569d09ab405c1
2026-05-15,2026-05-15 14:31:32,2026-05-11 00:00:00,f94c43a805b2389d,f94c43a805b2389d_gasoline_95,PA  VILA DO CONDE,MOEVE,gasoline_95,Gasolina simples 95,Outro,1.958,Vila do Conde,Porto,"EN13, LUGAR DO PINDELO, ARVORE",Vila do Conde,4480-000,41.341324,-8.733731,pa vila do conde,moeve,"en13, lugar do pindelo, arvore","1,958 €",2026-05-15_dgeg_postos_raw.csv,e53a44d5556fa837
2026-05-15,2026-05-15 14:31:32,2026-05-11 00:00:00,3731fa85b9080e0d,3731fa85b9080e0d_diesel_regular,VILA REAL III,MOEVE,diesel_regular,Gasóleo simples,Outro,1.966,Vila Real,Vila Real,"QUINTA DO ENTRONCAMENTO, LOTE 16",Vila Real,5000-047,41.30915,-7.735555,vila real iii,moeve,"quinta do entroncamento, lote 16","1,966 €",2026-05-15_dgeg_postos_raw.csv,ec30213563e73554
2026-05-15,2026-05-15 14:31:32,2026-05-11 00:00:00,3731fa85b9080e0d,3731fa85b9080e0d_diesel_premium,VILA REAL III,MOEVE,diesel_premium,Gasóleo especial,Outro,2.016,Vila Real,Vila Real,"QUINTA DO ENTRONCAMENTO, LOTE 16",Vila Real,5000-047,41.30915,-7.735555,vila real iii,moeve,"quinta do entroncamento, lote 16","2,016 €",2026-05-15_dgeg_postos_raw.csv,f5b101806750e96c
2026-05-15,2026-05-15 14:31:32,2026-05-11 00:00:00,3731fa85b9080e0d,3731fa85b9080e0d_gasoline_95,VILA REAL III,MOEVE,gasoline_95,Gasolina simples 95,Outro,1.958,Vila Real,Vila Real,"QUINTA DO ENTRONCAMENTO, LOTE 16",Vila Real,5000-047,41.30915,-7.735555,vila real iii,moeve,"quinta do entroncamento, lote 16","1,958 €",2026-05-15_dgeg_postos_raw.csv,8992be4f647f5928
2026-05-15,2026-05-15 14:31:32,2026-05-11 00:00:00,566ed1f8500688e2,566ed1f8500688e2_diesel_regular,Cepsa Alcanena,CEPSA,diesel_regular,Gasóleo simples,Outro,1.986,Alcanena,Santarém,"Av. Marquês Pombal, 543",Alcanena,2380-018,39.461792,-8.660863,cepsa alcanena,cepsa,"av. marquês pombal, 543","1,986 €",2026-05-15_dgeg_postos_raw.csv,ac634e2b2d7c61fd
2026-05-15,2026-05-15 14:31:32,2026-05-11 00:00:00,566ed1f8500688e2,566ed1f8500688e2_diesel_premium,Cepsa Alcanena,CEPSA,diesel_premium,Gasóleo especial,Outro,2.036,Alcanena,Santarém,"Av. Marquês Pombal, 543",Alcanena,2380-018,39.461792,-8.660863,cepsa alcanena,cepsa,"av. marquês pombal, 543","2,036 €",2026-05-15_dgeg_postos_raw.csv,b405d875b9c58699
2026-05-15,2026-05-15 14:31:32,2026-05-11 00:00:00,566ed1f8500688e2,566ed1f8500688e2_gasoline_95,Cepsa Alcanena,CEPSA,gasoline_95,Gasolina simples 95,Outro,1.978,Alcanena,Santarém,"Av. Marquês Pombal, 543",Alcanena,2380-018,39.461792,-8.660863,cepsa alcanena,cepsa,"av. marquês pombal, 543","1,978 €",2026-05-15_dgeg_postos_raw.csv,b16f93fca1e8342d
2026-05-15,2026-05-15 14:31:32,2026-05-11 00:00:00,566ed1f8500688e2,566ed1f8500688e2_gasoline_98,Cepsa Alcanena,CEPSA,gasoline_98,Gasolina especial 98,Outro,2.19,Alcanena,Santarém,"Av. Marquês Pombal, 543",Alcanena,2380-018,39.461792,-8.660863,cepsa alcanena,cepsa,"av. marquês pombal, 543","2,190 €",2026-05-15_dgeg_postos_raw.csv,9ebbeac041f88b1b
2026-05-15,2026-05-15 14:31:32,2026-05-11 00:00:00,05a782c954345af0,05a782c954345af0_diesel_regular,Arlindo Custódia Tomé,REPSOL,diesel_regular,Gasóleo simples,Outro,2.079,Almeirim,Santarém,"Rua do Paço, nº 123",Paço dos Negros,2080-640,39.1512,-8.51727,arlindo custódia tomé,repsol,"rua do paço, nº 123","2,079 €",2026-05-15_dgeg_postos_raw.csv,4cf387beb98eb7db
2026-05-15,2026-05-15 14:31:32,2026-05-11 00:00:00,05a782c954345af0,05a782c954345af0_gasoline_95,Arlindo Custódia Tomé,REPSOL,gasoline_95,Gasolina simples 95,Outro,2.067,Almeirim,Santarém,"Rua do Paço, nº 123",Paço dos Negros,2080-640,39.1512,-8.51727,arlindo custódia tomé,repsol,"rua do paço, nº 123","2,067 €",2026-05-15_dgeg_postos_raw.csv,d864e0e1b3a70f03
2026-05-15,2026-05-15 14:31:32,2026-05-11 00:00:00,cb5dad0a0b6d9af5,cb5dad0a0b6d9af5_diesel_regular,Estádio Universitário,MOEVE,diesel_regular,Gasóleo simples,Outro,1.986,Lisboa,Lisboa,CRUZAMENTO DA AV. EGAS MONIZ COM A AV.DOS COMBATENTES (LG.DAS FONSECAS),Lisboa,1600-100,38.751156,-9.165147,estádio universitário,moeve,cruzamento da av. egas moniz com a av.dos combatentes (lg.das fonsecas),"1,986 €",2026-05-15_dgeg_postos_raw.csv,95def3dc7ec99095
2026-05-15,2026-05-15 14:31:32,2026-05-11 00:00:00,cb5dad0a0b6d9af5,cb5dad0a0b6d9af5_diesel_premium,Estádio Universitário,MOEVE,diesel_premium,Gasóleo especial,Outro,2.036,Lisboa,Lisboa,CRUZAMENTO DA AV. EGAS MONIZ COM A AV.DOS COMBATENTES (LG.DAS FONSECAS),Lisboa,1600-100,38.751156,-9.165147,estádio universitário,moeve,cruzamento da av. egas moniz com a av.dos combatentes (lg.das fonsecas),"2,036 €",2026-05-15_dgeg_postos_raw.csv,89353d4d494a9f6d
2026-05-15,2026-05-15 14:31:32,2026-05-11 00:00:00,cb5dad0a0b6d9af5,cb5dad0a0b6d9af5_gasoline_95,Estádio Universitário,MOEVE,gasoline_95,Gasolina simples 95,Outro,1.978,Lisboa,Lisboa,CRUZAMENTO DA AV. EGAS MONIZ COM A AV.DOS COMBATENTES (LG.DAS FONSECAS),Lisboa,1600-100,38.751156,-9.165147,estádio universitário,moeve,cruzamento da av. egas moniz com a av.dos combatentes (lg.das fonsecas),"1,978 €",2026-05-15_dgeg_postos_raw.csv,6859ae3f990a0688
2026-05-15,2026-05-15 14:31:32,2026-05-11 00:00:00,38a6d39fe872e245,38a6d39fe872e245_diesel_regular,MAIA.,MOEVE,diesel_regular,Gasóleo simples,Outro,1.966,Maia,Porto,AV. ANTÓNIO SANTOS LEITE,,4770-142,41.22684,-8.618622,maia.,moeve,av. antónio santos leite,"1,966 €",2026-05-15_dgeg_postos_raw.csv,32b30e790f0333e1
2026-05-15,2026-05-15 14:31:32,2026-05-11 00:00:00,38a6d39fe872e245,38a6d39fe872e245_diesel_premium,MAIA.,MOEVE,diesel_premium,Gasóleo especial,Outro,2.016,Maia,Porto,AV. ANTÓNIO SANTOS LEITE,,4770-142,41.22684,-8.618622,maia.,moeve,av. antónio santos leite,"2,016 €",2026-05-15_dgeg_postos_raw.csv,ded04f992dc49189
2026-05-15,2026-05-15 14:31:32,2026-05-11 00:00:00,38a6d39fe872e245,38a6d39fe872e245_gasoline_95,MAIA.,MOEVE,gasoline_95,Gasolina simples 95,Outro,1.958,Maia,Porto,AV. ANTÓNIO SANTOS LEITE,,4770-142,41.22684,-8.618622,maia.,moeve,av. antónio santos leite,"1,958 €",2026-05-15_dgeg_postos_raw.csv,08573acb52179577
2026-05-15,2026-05-15 14:31:32,2026-05-11 00:00:00,a691a72cbdb23c10,a691a72cbdb23c10_diesel_regular,COIMBRA - SÓLUM,MOEVE,diesel_regular,Gasóleo simples,Outro,1.986,Coimbra,Coimbra,AV. GENERAL HUMBERTO DELGADO,Coimbra,3030-327,40.205124,-8.401936,coimbra - sólum,moeve,av. general humberto delgado,"1,986 €",2026-05-15_dgeg_postos_raw.csv,f81bf2f4d1fe3fae
2026-05-15,2026-05-15 14:31:32,2026-05-11 00:00:00,a691a72cbdb23c10,a691a72cbdb23c10_diesel_premium,COIMBRA - SÓLUM,MOEVE,diesel_premium,Gasóleo especial,Outro,2.036,Coimbra,Coimbra,AV. GENERAL HUMBERTO DELGADO,Coimbra,3030-327,40.205124,-8.401936,coimbra - sólum,moeve,av. general humberto delgado,"2,036 €",2026-05-15_dgeg_postos_raw.csv,fd9485127cb5ba63
2026-05-15,2026-05-15 14:31:32,2026-05-11 00:00:00,a691a72cbdb23c10,a691a72cbdb23c10_gasoline_95,COIMBRA - SÓLUM,MOEVE,gasoline_95,Gasolina simples 95,Outro,1.978,Coimbra,Coimbra,AV. GENERAL HUMBERTO DELGADO,Coimbra,3030-327,40.205124,-8.401936,coimbra - sólum,moeve,av. general humberto delgado,"1,978 €",2026-05-15_dgeg_postos_raw.csv,ad57a75c457d6f40
2026-05-15,2026-05-15 14:31:32,2026-05-11 00:00:00,33ba701c8942ef9c,33ba701c8942ef9c_diesel_regular,LEIRIA - POUSOS,MOEVE,diesel_regular,Gasóleo simples,Outro,1.966,Leiria,Leiria,RUA CAROLINA FERREIRA RIBEIRO,Leiria,2400-095,39.740635,-8.799069,leiria - pousos,moeve,rua carolina ferreira ribeiro,"1,966 €",2026-05-15_dgeg_postos_raw.csv,aa83ed9731e0d586
2026-05-15,2026-05-15 14:31:32,2026-05-11 00:00:00,33ba701c8942ef9c,33ba701c8942ef9c_diesel_premium,LEIRIA - POUSOS,MOEVE,diesel_premium,Gasóleo especial,Outro,2.016,Leiria,Leiria,RUA CAROLINA FERREIRA RIBEIRO,Leiria,2400-095,39.740635,-8.799069,leiria - pousos,moeve,rua carolina ferreira ribeiro,"2,016 €",2026-05-15_dgeg_postos_raw.csv,c794550f627c12f5
2026-05-15,2026-05-15 14:31:32,2026-05-11 00:00:00,33ba701c8942ef9c,33ba701c8942ef9c_gasoline_95,LEIRIA - POUSOS,MOEVE,gasoline_95,Gasolina simples 95,Outro,1.958,Leiria,Leiria,RUA CAROLINA FERREIRA RIBEIRO,Leiria,2400-095,39.740635,-8.799069,leiria - pousos,moeve,rua carolina ferreira ribeiro,"1,958 €",2026-05-15_dgeg_postos_raw.csv,fa0c5e6d70de4642
2026-05-15,2026-05-15 14:31:32,2026-05-11 00:00:00,21d2d5e662a730f5,21d2d5e662a730f5_diesel_regular,PA MOEVE FOROS DE AMORA,MOEVE,diesel_regular,Gasóleo simples,Outro,1.916,Seixal,Setúbal,ESTRADA DE FOROS DE AMORA,Foros de Amora,2845-213,38.6107,-9.124984,pa moeve foros de amora,moeve,estrada de foros de amora,"1,916 €",2026-05-15_dgeg_postos_raw.csv,da03fba727b25c5c
2026-05-15,2026-05-15 14:31:32,2026-05-11 00:00:00,21d2d5e662a730f5,21d2d5e662a730f5_gasoline_95,PA MOEVE FOROS DE AMORA,MOEVE,gasoline_95,Gasolina simples 95,Outro,1.908,Seixal,Setúbal,ESTRADA DE FOROS DE AMORA,Foros de Amora,2845-213,38.6107,-9.124984,pa moeve foros de amora,moeve,estrada de foros de amora,"1,908 €",2026-05-15_dgeg_postos_raw.csv,bfc6603739055366
2026-05-15,2026-05-15 14:31:32,2026-05-11 00:00:00,3c841a331fb84f80,3c841a331fb84f80_diesel_regular,Galiza - Cascais,MOEVE,diesel_regular,Gasóleo simples,Outro,1.986,Cascais,Lisboa,"RUA DO CAMPO SANTO, GALIZA",Galiza,2765-306,38.71149,-9.386005,galiza - cascais,moeve,"rua do campo santo, galiza","1,986 €",2026-05-15_dgeg_postos_raw.csv,64594293004050c6
2026-05-15,2026-05-15 14:31:32,2026-05-11 00:00:00,3c841a331fb84f80,3c841a331fb84f80_diesel_premium,Galiza - Cascais,MOEVE,diesel_premium,Gasóleo especial,Outro,2.036,Cascais,Lisboa,"RUA DO CAMPO SANTO, GALIZA",Galiza,2765-306,38.71149,-9.386005,galiza - cascais,moeve,"rua do campo santo, galiza","2,036 €",2026-05-15_dgeg_postos_raw.csv,8e3d96829cc153bf
2026-05-15,2026-05-15 14:31:32,2026-05-11 00:00:00,3c841a331fb84f80,3c841a331fb84f80_gasoline_95,Galiza - Cascais,MOEVE,gasoline_95,Gasolina simples 95,Outro,1.978,Cascais,Lisboa,"RUA DO CAMPO SANTO, GALIZA",Galiza,2765-306,38.71149,-9.386005,galiza - cascais,moeve,"rua do campo santo, galiza","1,978 €",2026-05-15_dgeg_postos_raw.csv,2a7bd6f141be57a2
2026-05-15,2026-05-15 14:31:32,2026-05-11 00:00:00,6a243c8725793f3d,6a243c8725793f3d_diesel_regular,IP3 (CBR/VIS),MOEVE,diesel_regular,Gasóleo simples,Outro,1.986,Santa Comba Dão,Viseu,"IP 3, LANÇO CHAMADOURO - RAIVA (ANTIGA EN2), KM 222,100",São Joaninho,3440-070,40.348698,-8.172457,ip3 (cbr/vis),moeve,"ip 3, lanço chamadouro - raiva (antiga en2), km 222,100","1,986 €",2026-05-15_dgeg_postos_raw.csv,a6d9755fc0cde523
2026-05-15,2026-05-15 14:31:32,2026-05-11 00:00:00,6a243c8725793f3d,6a243c8725793f3d_diesel_premium,IP3 (CBR/VIS),MOEVE,diesel_premium,Gasóleo especial,Outro,2.036,Santa Comba Dão,Viseu,"IP 3, LANÇO CHAMADOURO - RAIVA (ANTIGA EN2), KM 222,100",São Joaninho,3440-070,40.348698,-8.172457,ip3 (cbr/vis),moeve,"ip 3, lanço chamadouro - raiva (antiga en2), km 222,100","2,036 €",2026-05-15_dgeg_postos_raw.csv,88fb96e5712e3f53
2026-05-15,2026-05-15 14:31:32,2026-05-11 00:00:00,6a243c8725793f3d,6a243c8725793f3d_gasoline_95,IP3 (CBR/VIS),MOEVE,gasoline_95,Gasolina simples 95,Outro,1.978,Santa Comba Dão,Viseu,"IP 3, LANÇO CHAMADOURO - RAIVA (ANTIGA EN2), KM 222,100",São Joaninho,3440-070,40.348698,-8.172457,ip3 (cbr/vis),moeve,"ip 3, lanço chamadouro - raiva (antiga en2), km 222,100","1,978 €",2026-05-15_dgeg_postos_raw.csv,a1aa4e585361b8de
2026-05-15,2026-05-15 14:31:32,2026-05-11 00:00:00,e5495d7ca1dfedf6,e5495d7ca1dfedf6_diesel_regular,PA CEPSA IP3 (Vis-Cbr),MOEVE,diesel_regular,Gasóleo simples,Outro,1.986,Santa Comba Dão,Viseu,"IP 3, LANÇO CHAMADOURO - RAIVA (ANTIGA EN2), KM 222,100",Santa Comba Dão,3440-308,40.349323,-8.172613,pa cepsa ip3 (vis-cbr),moeve,"ip 3, lanço chamadouro - raiva (antiga en2), km 222,100","1,986 €",2026-05-15_dgeg_postos_raw.csv,ed4556bbb5ca3b91
2026-05-15,2026-05-15 14:31:32,2026-05-11 00:00:00,e5495d7ca1dfedf6,e5495d7ca1dfedf6_diesel_premium,PA CEPSA IP3 (Vis-Cbr),MOEVE,diesel_premium,Gasóleo especial,Outro,2.036,Santa Comba Dão,Viseu,"IP 3, LANÇO CHAMADOURO - RAIVA (ANTIGA EN2), KM 222,100",Santa Comba Dão,3440-308,40.349323,-8.172613,pa cepsa ip3 (vis-cbr),moeve,"ip 3, lanço chamadouro - raiva (antiga en2), km 222,100","2,036 €",2026-05-15_dgeg_postos_raw.csv,46a9f5e9407a67a4
2026-05-15,2026-05-15 14:31:32,2026-05-11 00:00:00,e5495d7ca1dfedf6,e5495d7ca1dfedf6_gasoline_95,PA CEPSA IP3 (Vis-Cbr),MOEVE,gasoline_95,Gasolina simples 95,Outro,1.978,Santa Comba Dão,Viseu,"IP 3, LANÇO CHAMADOURO - RAIVA (ANTIGA EN2), KM 222,100",Santa Comba Dão,3440-308,40.349323,-8.172613,pa cepsa ip3 (vis-cbr),moeve,"ip 3, lanço chamadouro - raiva (antiga en2), km 222,100","1,978 €",2026-05-15_dgeg_postos_raw.csv,0c5563c2ab063038
2026-05-15,2026-05-15 14:31:32,2026-05-11 00:00:00,fbde7b89841fd213,fbde7b89841fd213_diesel_regular,Alcoitão II (SIN/EST),MOEVE,diesel_regular,Gasóleo simples,Outro,1.986,Cascais,Lisboa,"EN 6-8 - km 4, Nº.2879",Alcoitão,2645-143,38.73841,-9.394775,alcoitão ii (sin/est),moeve,"en 6-8 - km 4, nº.2879","1,986 €",2026-05-15_dgeg_postos_raw.csv,702c484f28c78e50
2026-05-15,2026-05-15 14:31:32,2026-05-11 00:00:00,fbde7b89841fd213,fbde7b89841fd213_diesel_premium,Alcoitão II (SIN/EST),MOEVE,diesel_premium,Gasóleo especial,Outro,2.036,Cascais,Lisboa,"EN 6-8 - km 4, Nº.2879",Alcoitão,2645-143,38.73841,-9.394775,alcoitão ii (sin/est),moeve,"en 6-8 - km 4, nº.2879","2,036 €",2026-05-15_dgeg_postos_raw.csv,c44ccd2f17093ca9
2026-05-15,2026-05-15 14:31:32,2026-05-11 00:00:00,fbde7b89841fd213,fbde7b89841fd213_gasoline_95,Alcoitão II (SIN/EST),MOEVE,gasoline_95,Gasolina simples 95,Outro,1.978,Cascais,Lisboa,"EN 6-8 - km 4, Nº.2879",Alcoitão,2645-143,38.73841,-9.394775,alcoitão ii (sin/est),moeve,"en 6-8 - km 4, nº.2879","1,978 €",2026-05-15_dgeg_postos_raw.csv,72c970878612c1e9
2026-05-15,2026-05-15 14:31:32,2026-05-11 00:00:00,db8934c661e39d84,db8934c661e39d84_diesel_regular,CEPSA A-da-Beja,CEPSA,diesel_regular,Gasóleo simples,Outro,1.966,Amadora,Lisboa,Rua dos Plátanos (cruzamento c/Estrada de Santo Eloy) -A-da-Beja,Amadora,2650-087,38.7885,-9.226974,cepsa a-da-beja,cepsa,rua dos plátanos (cruzamento c/estrada de santo eloy) -a-da-beja,"1,966 €",2026-05-15_dgeg_postos_raw.csv,a2a0f7701f08f3c2
2026-05-15,2026-05-15 14:31:32,2026-05-11 00:00:00,db8934c661e39d84,db8934c661e39d84_diesel_premium,CEPSA A-da-Beja,CEPSA,diesel_premium,Gasóleo especial,Outro,2.016,Amadora,Lisboa,Rua dos Plátanos (cruzamento c/Estrada de Santo Eloy) -A-da-Beja,Amadora,2650-087,38.7885,-9.226974,cepsa a-da-beja,cepsa,rua dos plátanos (cruzamento c/estrada de santo eloy) -a-da-beja,"2,016 €",2026-05-15_dgeg_postos_raw.csv,45eb07a344ab475d
2026-05-15,2026-05-15 14:31:32,2026-05-11 00:00:00,db8934c661e39d84,db8934c661e39d84_gasoline_95,CEPSA A-da-Beja,CEPSA,gasoline_95,Gasolina simples 95,Outro,1.958,Amadora,Lisboa,Rua dos Plátanos (cruzamento c/Estrada de Santo Eloy) -A-da-Beja,Amadora,2650-087,38.7885,-9.226974,cepsa a-da-beja,cepsa,rua dos plátanos (cruzamento c/estrada de santo eloy) -a-da-beja,"1,958 €",2026-05-15_dgeg_postos_raw.csv,715d08e2fb546945
2026-05-15,2026-05-15 14:31:32,2026-05-11 00:00:00,f300e8a335d69340,f300e8a335d69340_diesel_regular,CEPSA Barra Cheia - Moita,CEPSA,diesel_regular,Gasóleo simples,Outro,1.916,Moita,Setúbal,EST. MUNC.1020-CCI 2608,Alhos Vedros,2860-023,38.6072,-9.002539,cepsa barra cheia - moita,cepsa,est. munc.1020-cci 2608,"1,916 €",2026-05-15_dgeg_postos_raw.csv,c50525d096043dea
2026-05-15,2026-05-15 14:31:32,2026-05-11 00:00:00,f300e8a335d69340,f300e8a335d69340_diesel_premium,CEPSA Barra Cheia - Moita,CEPSA,diesel_premium,Gasóleo especial,Outro,1.966,Moita,Setúbal,EST. MUNC.1020-CCI 2608,Alhos Vedros,2860-023,38.6072,-9.002539,cepsa barra cheia - moita,cepsa,est. munc.1020-cci 2608,"1,966 €",2026-05-15_dgeg_postos_raw.csv,e9298f149c1d1af4
2026-05-15,2026-05-15 14:31:32,2026-05-11 00:00:00,f300e8a335d69340,f300e8a335d69340_gasoline_95,CEPSA Barra Cheia - Moita,CEPSA,gasoline_95,Gasolina simples 95,Outro,1.908,Moita,Setúbal,EST. MUNC.1020-CCI 2608,Alhos Vedros,2860-023,38.6072,-9.002539,cepsa barra cheia - moita,cepsa,est. munc.1020-cci 2608,"1,908 €",2026-05-15_dgeg_postos_raw.csv,946a8b2f766b7f76
2026-05-15,2026-05-15 14:31:32,2026-05-11 00:00:00,51cee4e64ae76080,51cee4e64ae76080_diesel_regular,Abuxarda -Dramático de Cascais,MOEVE,diesel_regular,Gasóleo simples,Outro,1.966,Cascais,Lisboa,"EN 9, LUGAR DA ABUXARDA, PAI DO VENTO",Cascais,2750-001,38.715504,-9.417719,abuxarda -dramático de cascais,moeve,"en 9, lugar da abuxarda, pai do vento","1,966 €",2026-05-15_dgeg_postos_raw.csv,c146e37a11d97d88
2026-05-15,2026-05-15 14:31:32,2026-05-11 00:00:00,51cee4e64ae76080,51cee4e64ae76080_diesel_premium,Abuxarda -Dramático de Cascais,MOEVE,diesel_premium,Gasóleo especial,Outro,2.016,Cascais,Lisboa,"EN 9, LUGAR DA ABUXARDA, PAI DO VENTO",Cascais,2750-001,38.715504,-9.417719,abuxarda -dramático de cascais,moeve,"en 9, lugar da abuxarda, pai do vento","2,016 €",2026-05-15_dgeg_postos_raw.csv,2f02e9da5acfef8f
2026-05-15,2026-05-15 14:31:32,2026-05-11 00:00:00,51cee4e64ae76080,51cee4e64ae76080_gasoline_95,Abuxarda -Dramático de Cascais,MOEVE,gasoline_95,Gasolina simples 95,Outro,1.958,Cascais,Lisboa,"EN 9, LUGAR DA ABUXARDA, PAI DO VENTO",Cascais,2750-001,38.715504,-9.417719,abuxarda -dramático de cascais,moeve,"en 9, lugar da abuxarda, pai do vento","1,958 €",2026-05-15_dgeg_postos_raw.csv,a0d9352f0e690600
2026-05-15,2026-05-15 14:31:32,2026-05-11 00:00:00,0ebd6c151454dddc,0ebd6c151454dddc_diesel_regular,CONDEIXA-A-NOVA  (LIS/POR),CEPSA,diesel_regular,Gasóleo simples,Outro,1.986,Condeixa-a-Nova,Coimbra,"IC2 KM 175.5, TRAVAZ",Vinharias,3150-193,40.11466,-8.50294,condeixa-a-nova (lis/por),cepsa,"ic2 km 175.5, travaz","1,986 €",2026-05-15_dgeg_postos_raw.csv,393ce9d712b01a2e
2026-05-15,2026-05-15 14:31:32,2026-05-11 00:00:00,0ebd6c151454dddc,0ebd6c151454dddc_diesel_premium,CONDEIXA-A-NOVA  (LIS/POR),CEPSA,diesel_premium,Gasóleo especial,Outro,2.036,Condeixa-a-Nova,Coimbra,"IC2 KM 175.5, TRAVAZ",Vinharias,3150-193,40.11466,-8.50294,condeixa-a-nova (lis/por),cepsa,"ic2 km 175.5, travaz","2,036 €",2026-05-15_dgeg_postos_raw.csv,208b774a39580e54
2026-05-15,2026-05-15 14:31:32,2026-05-11 00:00:00,0ebd6c151454dddc,0ebd6c151454dddc_gasoline_95,CONDEIXA-A-NOVA  (LIS/POR),CEPSA,gasoline_95,Gasolina simples 95,Outro,1.978,Condeixa-a-Nova,Coimbra,"IC2 KM 175.5, TRAVAZ",Vinharias,3150-193,40.11466,-8.50294,condeixa-a-nova (lis/por),cepsa,"ic2 km 175.5, travaz","1,978 €",2026-05-15_dgeg_postos_raw.csv,58ff3f080a3a9741
2026-05-15,2026-05-15 14:31:32,2026-05-11 00:00:00,7c14435976d35065,7c14435976d35065_diesel_regular,CONDEIXA-A-NOVA II (N/S),CEPSA,diesel_regular,Gasóleo simples,Outro,1.986,Condeixa-a-Nova,Coimbra,"EN1 / IC2 Km 185,6",Coimbra-B. Secos Sta Clara - Travaz,3041-901,40.11471,-8.50334,condeixa-a-nova ii (n/s),cepsa,"en1 / ic2 km 185,6","1,986 €",2026-05-15_dgeg_postos_raw.csv,e092492e6a081a2f
2026-05-15,2026-05-15 14:31:32,2026-05-11 00:00:00,7c14435976d35065,7c14435976d35065_diesel_premium,CONDEIXA-A-NOVA II (N/S),CEPSA,diesel_premium,Gasóleo especial,Outro,2.036,Condeixa-a-Nova,Coimbra,"EN1 / IC2 Km 185,6",Coimbra-B. Secos Sta Clara - Travaz,3041-901,40.11471,-8.50334,condeixa-a-nova ii (n/s),cepsa,"en1 / ic2 km 185,6","2,036 €",2026-05-15_dgeg_postos_raw.csv,df6c6204f033f6c9
2026-05-15,2026-05-15 14:31:32,2026-05-11 00:00:00,7c14435976d35065,7c14435976d35065_gasoline_95,CONDEIXA-A-NOVA II (N/S),CEPSA,gasoline_95,Gasolina simples 95,Outro,1.978,Condeixa-a-Nova,Coimbra,"EN1 / IC2 Km 185,6",Coimbra-B. Secos Sta Clara - Travaz,3041-901,40.11471,-8.50334,condeixa-a-nova ii (n/s),cepsa,"en1 / ic2 km 185,6","1,978 €",2026-05-15_dgeg_postos_raw.csv,a87e24a09d31a3d7
2026-05-15,2026-05-15 14:31:32,2026-05-11 00:00:00,168fb633cb61787a,168fb633cb61787a_diesel_regular,Errmesinde (Av. 5 Outubro),Genérico,diesel_regular,Gasóleo simples,Outro,1.966,Valongo,Porto,RUA 5 DE OUTUBRO,Ermesinde,4445-310,41.21902,-8.545499,errmesinde (av. 5 outubro),genérico,rua 5 de outubro,"1,966 €",2026-05-15_dgeg_postos_raw.csv,7f134d50f3b2a699
2026-05-15,2026-05-15 14:31:32,2026-05-11 00:00:00,168fb633cb61787a,168fb633cb61787a_diesel_premium,Errmesinde (Av. 5 Outubro),Genérico,diesel_premium,Gasóleo especial,Outro,2.016,Valongo,Porto,RUA 5 DE OUTUBRO,Ermesinde,4445-310,41.21902,-8.545499,errmesinde (av. 5 outubro),genérico,rua 5 de outubro,"2,016 €",2026-05-15_dgeg_postos_raw.csv,3e70e9f3b8887666
2026-05-15,2026-05-15 14:31:32,2026-05-11 00:00:00,168fb633cb61787a,168fb633cb61787a_gasoline_95,Errmesinde (Av. 5 Outubro),Genérico,gasoline_95,Gasolina simples 95,Outro,1.958,Valongo,Porto,RUA 5 DE OUTUBRO,Ermesinde,4445-310,41.21902,-8.545499,errmesinde (av. 5 outubro),genérico,rua 5 de outubro,"1,958 €",2026-05-15_dgeg_postos_raw.csv,7e7b27ba4547c2da
2026-05-15,2026-05-15 14:31:32,2026-05-11 00:00:00,c3cd8d3264b0f65a,c3cd8d3264b0f65a_diesel_regular,AVEIRO - ESGUEIRA,MOEVE,diesel_regular,Gasóleo simples,Outro,1.986,Aveiro,Aveiro,AV. MANUEL MARIA DA ROCHA COLMIEIRO,Aveiro,3800-305,40.650433,-8.632158,aveiro - esgueira,moeve,av. manuel maria da rocha colmieiro,"1,986 €",2026-05-15_dgeg_postos_raw.csv,4102ce6c5167246f
2026-05-15,2026-05-15 14:31:32,2026-05-11 00:00:00,c3cd8d3264b0f65a,c3cd8d3264b0f65a_diesel_premium,AVEIRO - ESGUEIRA,MOEVE,diesel_premium,Gasóleo especial,Outro,2.036,Aveiro,Aveiro,AV. MANUEL MARIA DA ROCHA COLMIEIRO,Aveiro,3800-305,40.650433,-8.632158,aveiro - esgueira,moeve,av. manuel maria da rocha colmieiro,"2,036 €",2026-05-15_dgeg_postos_raw.csv,941075e6dd3ec426
2026-05-15,2026-05-15 14:31:32,2026-05-11 00:00:00,c3cd8d3264b0f65a,c3cd8d3264b0f65a_gasoline_95,AVEIRO - ESGUEIRA,MOEVE,gasoline_95,Gasolina simples 95,Outro,1.978,Aveiro,Aveiro,AV. MANUEL MARIA DA ROCHA COLMIEIRO,Aveiro,3800-305,40.650433,-8.632158,aveiro - esgueira,moeve,av. manuel maria da rocha colmieiro,"1,978 €",2026-05-15_dgeg_postos_raw.csv,d2fce1c00d433f42
2026-05-15,2026-05-15 14:31:32,2026-05-11 00:00:00,bd30316add6db9bf,bd30316add6db9bf_diesel_regular,FARIA GUIMARÃES,CEPSA,diesel_regular,Gasóleo simples,Outro,1.966,Porto,Porto,"R. Faria Guimarães, nº 1299 - Paranhos\r\n",Porto,4200-294,41.1691,-8.60659,faria guimarães,cepsa,"r. faria guimarães, nº 1299 - paranhos\r\n","1,966 €",2026-05-15_dgeg_postos_raw.csv,33a6421c3829ea4a
2026-05-15,2026-05-15 14:31:32,2026-05-11 00:00:00,bd30316add6db9bf,bd30316add6db9bf_diesel_premium,FARIA GUIMARÃES,CEPSA,diesel_premium,Gasóleo especial,Outro,2.028,Porto,Porto,"R. Faria Guimarães, nº 1299 - Paranhos\r\n",Porto,4200-294,41.1691,-8.60659,faria guimarães,cepsa,"r. faria guimarães, nº 1299 - paranhos\r\n","2,028 €",2026-05-15_dgeg_postos_raw.csv,22a61268ff54810b
2026-05-15,2026-05-15 14:31:32,2026-05-11 00:00:00,bd30316add6db9bf,bd30316add6db9bf_gasoline_95,FARIA GUIMARÃES,CEPSA,gasoline_95,Gasolina simples 95,Outro,1.958,Porto,Porto,"R. Faria Guimarães, nº 1299 - Paranhos\r\n",Porto,4200-294,41.1691,-8.60659,faria guimarães,cepsa,"r. faria guimarães, nº 1299 - paranhos\r\n","1,958 €",2026-05-15_dgeg_postos_raw.csv,8434e595574abadc
2026-05-15,2026-05-15 14:31:32,2026-05-11 00:00:00,bd30316add6db9bf,bd30316add6db9bf_gasoline_98,FARIA GUIMARÃES,CEPSA,gasoline_98,Gasolina especial 98,Outro,2.17,Porto,Porto,"R. Faria Guimarães, nº 1299 - Paranhos\r\n",Porto,4200-294,41.1691,-8.60659,faria guimarães,cepsa,"r. faria guimarães, nº 1299 - paranhos\r\n","2,170 €",2026-05-15_dgeg_postos_raw.csv,a825a41f8b3d89bc
2026-05-15,2026-05-15 14:31:32,2026-05-11 00:00:00,201672e71f2f7655,201672e71f2f7655_diesel_regular,FARO AEROPORTO,MOEVE,diesel_regular,Gasóleo simples,Outro,1.986,Faro,Faro,FARO AEROPORTO,,8001-701,37.022793,-7.971152,faro aeroporto,moeve,faro aeroporto,"1,986 €",2026-05-15_dgeg_postos_raw.csv,890e9d7bd8332b2f
2026-05-15,2026-05-15 14:31:32,2026-05-11 00:00:00,201672e71f2f7655,201672e71f2f7655_diesel_premium,FARO AEROPORTO,MOEVE,diesel_premium,Gasóleo especial,Outro,2.036,Faro,Faro,FARO AEROPORTO,,8001-701,37.022793,-7.971152,faro aeroporto,moeve,faro aeroporto,"2,036 €",2026-05-15_dgeg_postos_raw.csv,eb48dbbccb8dfd33
2026-05-15,2026-05-15 14:31:32,2026-05-11 00:00:00,201672e71f2f7655,201672e71f2f7655_gasoline_95,FARO AEROPORTO,MOEVE,gasoline_95,Gasolina simples 95,Outro,1.978,Faro,Faro,FARO AEROPORTO,,8001-701,37.022793,-7.971152,faro aeroporto,moeve,faro aeroporto,"1,978 €",2026-05-15_dgeg_postos_raw.csv,88a075353fc007fb
2026-05-15,2026-05-15 14:31:32,2026-05-11 00:00:00,626805b57c108c6a,626805b57c108c6a_diesel_regular,CEPSA FÁTIMA,CEPSA,diesel_regular,Gasóleo simples,Outro,1.966,Ourém,Santarém,AV. D.JOSÉ ALVES CORREIA DA SILVA,Cova da Iria,2495-402,39.63337,-8.682808,cepsa fátima,cepsa,av. d.josé alves correia da silva,"1,966 €",2026-05-15_dgeg_postos_raw.csv,7a29eadb691df641
2026-05-15,2026-05-15 14:31:32,2026-05-11 00:00:00,626805b57c108c6a,626805b57c108c6a_diesel_premium,CEPSA FÁTIMA,CEPSA,diesel_premium,Gasóleo especial,Outro,2.016,Ourém,Santarém,AV. D.JOSÉ ALVES CORREIA DA SILVA,Cova da Iria,2495-402,39.63337,-8.682808,cepsa fátima,cepsa,av. d.josé alves correia da silva,"2,016 €",2026-05-15_dgeg_postos_raw.csv,794446d45f74cc86
2026-05-15,2026-05-15 14:31:32,2026-05-11 00:00:00,626805b57c108c6a,626805b57c108c6a_gasoline_95,CEPSA FÁTIMA,CEPSA,gasoline_95,Gasolina simples 95,Outro,1.958,Ourém,Santarém,AV. D.JOSÉ ALVES CORREIA DA SILVA,Cova da Iria,2495-402,39.63337,-8.682808,cepsa fátima,cepsa,av. d.josé alves correia da silva,"1,958 €",2026-05-15_dgeg_postos_raw.csv,9dd553a6479246bf
2026-05-15,2026-05-15 14:31:32,2026-05-11 00:00:00,5c4fe51b2dc69619,5c4fe51b2dc69619_gasoline_98,E.S. BARRO ZI,REPSOL,gasoline_98,Gasolina especial 98,Outro,2.217,Águeda,Aveiro,Zona Industrial,Barrô,3750-353,40.53712,-8.45097,e.s. barro zi,repsol,zona industrial,"2,217 €",2026-05-15_dgeg_postos_raw.csv,eeaea1d3bc546a71
2026-05-15,2026-05-15 14:31:32,2026-05-11 00:00:00,ed9da832b427ac37,ed9da832b427ac37_diesel_regular,A22 Olhão (Olh/VRSA),MOEVE,diesel_regular,Gasóleo simples,Auto-estrada,2.173,Olhão,Faro,"A22, VIA DO INFANTE DE SAGRES, SUB-LANÇO OLHÃO-TAVIRA, KM 97,",Olhão,8700-152,37.124535,-7.771115,a22 olhão (olh/vrsa),moeve,"a22, via do infante de sagres, sub-lanço olhão-tavira, km 97,","2,173 €",2026-05-15_dgeg_postos_raw.csv,f61cf999c9f74e12
2026-05-15,2026-05-15 14:31:32,2026-05-11 00:00:00,ed9da832b427ac37,ed9da832b427ac37_diesel_premium,A22 Olhão (Olh/VRSA),MOEVE,diesel_premium,Gasóleo especial,Auto-estrada,2.228,Olhão,Faro,"A22, VIA DO INFANTE DE SAGRES, SUB-LANÇO OLHÃO-TAVIRA, KM 97,",Olhão,8700-152,37.124535,-7.771115,a22 olhão (olh/vrsa),moeve,"a22, via do infante de sagres, sub-lanço olhão-tavira, km 97,","2,228 €",2026-05-15_dgeg_postos_raw.csv,b1f7c2d0f54f00b8
2026-05-15,2026-05-15 14:31:32,2026-05-11 00:00:00,ed9da832b427ac37,ed9da832b427ac37_gasoline_95,A22 Olhão (Olh/VRSA),MOEVE,gasoline_95,Gasolina simples 95,Auto-estrada,2.104,Olhão,Faro,"A22, VIA DO INFANTE DE SAGRES, SUB-LANÇO OLHÃO-TAVIRA, KM 97,",Olhão,8700-152,37.124535,-7.771115,a22 olhão (olh/vrsa),moeve,"a22, via do infante de sagres, sub-lanço olhão-tavira, km 97,","2,104 €",2026-05-15_dgeg_postos_raw.csv,3835e37555b46e20
2026-05-15,2026-05-15 14:31:32,2026-05-11 00:00:00,ed9da832b427ac37,ed9da832b427ac37_gasoline_98,A22 Olhão (Olh/VRSA),MOEVE,gasoline_98,Gasolina especial 98,Auto-estrada,2.314,Olhão,Faro,"A22, VIA DO INFANTE DE SAGRES, SUB-LANÇO OLHÃO-TAVIRA, KM 97,",Olhão,8700-152,37.124535,-7.771115,a22 olhão (olh/vrsa),moeve,"a22, via do infante de sagres, sub-lanço olhão-tavira, km 97,","2,314 €",2026-05-15_dgeg_postos_raw.csv,1d9023be525e17c3
2026-05-15,2026-05-15 14:31:32,2026-05-11 00:00:00,8c4201adb8f8fa45,8c4201adb8f8fa45_diesel_regular,A22 Olhão (VRSA/Olh),MOEVE,diesel_regular,Gasóleo simples,Auto-estrada,2.173,Olhão,Faro,"A22, VIA DO INFANTE DE SAGRES, SUB-LANÇO OLHÃO-TAVIRA, KM 97,",Olhão,8700-152,37.126137,-7.770603,a22 olhão (vrsa/olh),moeve,"a22, via do infante de sagres, sub-lanço olhão-tavira, km 97,","2,173 €",2026-05-15_dgeg_postos_raw.csv,0174d26ff332f297
2026-05-15,2026-05-15 14:31:32,2026-05-11 00:00:00,8c4201adb8f8fa45,8c4201adb8f8fa45_diesel_premium,A22 Olhão (VRSA/Olh),MOEVE,diesel_premium,Gasóleo especial,Auto-estrada,2.228,Olhão,Faro,"A22, VIA DO INFANTE DE SAGRES, SUB-LANÇO OLHÃO-TAVIRA, KM 97,",Olhão,8700-152,37.126137,-7.770603,a22 olhão (vrsa/olh),moeve,"a22, via do infante de sagres, sub-lanço olhão-tavira, km 97,","2,228 €",2026-05-15_dgeg_postos_raw.csv,6a1b826f4e490cfa
2026-05-15,2026-05-15 14:31:32,2026-05-11 00:00:00,8c4201adb8f8fa45,8c4201adb8f8fa45_gasoline_95,A22 Olhão (VRSA/Olh),MOEVE,gasoline_95,Gasolina simples 95,Auto-estrada,2.104,Olhão,Faro,"A22, VIA DO INFANTE DE SAGRES, SUB-LANÇO OLHÃO-TAVIRA, KM 97,",Olhão,8700-152,37.126137,-7.770603,a22 olhão (vrsa/olh),moeve,"a22, via do infante de sagres, sub-lanço olhão-tavira, km 97,","2,104 €",2026-05-15_dgeg_postos_raw.csv,d40a6892d09f5f74
2026-05-15,2026-05-15 14:31:32,2026-05-11 00:00:00,8c4201adb8f8fa45,8c4201adb8f8fa45_gasoline_98,A22 Olhão (VRSA/Olh),MOEVE,gasoline_98,Gasolina especial 98,Auto-estrada,2.314,Olhão,Faro,"A22, VIA DO INFANTE DE SAGRES, SUB-LANÇO OLHÃO-TAVIRA, KM 97,",Olhão,8700-152,37.126137,-7.770603,a22 olhão (vrsa/olh),moeve,"a22, via do infante de sagres, sub-lanço olhão-tavira, km 97,","2,314 €",2026-05-15_dgeg_postos_raw.csv,448c41584c7c01c2
2026-05-15,2026-05-15 14:31:32,2026-05-11 00:00:00,dd86b23e43212504,dd86b23e43212504_diesel_regular,A22 SILVES  (FAR/LGS),MOEVE,diesel_regular,Gasóleo simples,Auto-estrada,2.078,Lagoa,Faro,"A 22, VIA DO INFANTE SAGRES, APARTADO 328",Lagoa,8400-000,37.15181,-8.425895,a22 silves (far/lgs),moeve,"a 22, via do infante sagres, apartado 328","2,078 €",2026-05-15_dgeg_postos_raw.csv,9f4191f8df9702d6
2026-05-15,2026-05-15 14:31:32,2026-05-11 00:00:00,dd86b23e43212504,dd86b23e43212504_diesel_premium,A22 SILVES  (FAR/LGS),MOEVE,diesel_premium,Gasóleo especial,Auto-estrada,2.128,Lagoa,Faro,"A 22, VIA DO INFANTE SAGRES, APARTADO 328",Lagoa,8400-000,37.15181,-8.425895,a22 silves (far/lgs),moeve,"a 22, via do infante sagres, apartado 328","2,128 €",2026-05-15_dgeg_postos_raw.csv,aa6bcf89ec52e9fe
2026-05-15,2026-05-15 14:31:32,2026-05-11 00:00:00,dd86b23e43212504,dd86b23e43212504_gasoline_95,A22 SILVES  (FAR/LGS),MOEVE,gasoline_95,Gasolina simples 95,Auto-estrada,2.079,Lagoa,Faro,"A 22, VIA DO INFANTE SAGRES, APARTADO 328",Lagoa,8400-000,37.15181,-8.425895,a22 silves (far/lgs),moeve,"a 22, via do infante sagres, apartado 328","2,079 €",2026-05-15_dgeg_postos_raw.csv,d4c0d5ecefb8a137
2026-05-15,2026-05-15 14:31:32,2026-05-11 00:00:00,dd86b23e43212504,dd86b23e43212504_gasoline_98,A22 SILVES  (FAR/LGS),MOEVE,gasoline_98,Gasolina especial 98,Auto-estrada,2.291,Lagoa,Faro,"A 22, VIA DO INFANTE SAGRES, APARTADO 328",Lagoa,8400-000,37.15181,-8.425895,a22 silves (far/lgs),moeve,"a 22, via do infante sagres, apartado 328","2,291 €",2026-05-15_dgeg_postos_raw.csv,6a769a8ec8aea1a0
2026-05-15,2026-05-15 14:31:32,2026-05-11 00:00:00,0cf9b8bed719d036,0cf9b8bed719d036_diesel_regular,PA 22 SILVES (LGS/FAR),MOEVE,diesel_regular,Gasóleo simples,Auto-estrada,2.078,Silves,Faro,"A 22, VIA DO INFANTE SAGRES, APARTADO 328",Silves,8300-025,37.151337,-8.428372,pa 22 silves (lgs/far),moeve,"a 22, via do infante sagres, apartado 328","2,078 €",2026-05-15_dgeg_postos_raw.csv,132f2d24708c0340
2026-05-15,2026-05-15 14:31:32,2026-05-11 00:00:00,0cf9b8bed719d036,0cf9b8bed719d036_diesel_premium,PA 22 SILVES (LGS/FAR),MOEVE,diesel_premium,Gasóleo especial,Auto-estrada,2.128,Silves,Faro,"A 22, VIA DO INFANTE SAGRES, APARTADO 328",Silves,8300-025,37.151337,-8.428372,pa 22 silves (lgs/far),moeve,"a 22, via do infante sagres, apartado 328","2,128 €",2026-05-15_dgeg_postos_raw.csv,885b5e3fbc512c9e
2026-05-15,2026-05-15 14:31:32,2026-05-11 00:00:00,0cf9b8bed719d036,0cf9b8bed719d036_gasoline_95,PA 22 SILVES (LGS/FAR),MOEVE,gasoline_95,Gasolina simples 95,Auto-estrada,2.079,Silves,Faro,"A 22, VIA DO INFANTE SAGRES, APARTADO 328",Silves,8300-025,37.151337,-8.428372,pa 22 silves (lgs/far),moeve,"a 22, via do infante sagres, apartado 328","2,079 €",2026-05-15_dgeg_postos_raw.csv,207ddf8b726b9d7b
2026-05-15,2026-05-15 14:31:32,2026-05-11 00:00:00,0cf9b8bed719d036,0cf9b8bed719d036_gasoline_98,PA 22 SILVES (LGS/FAR),MOEVE,gasoline_98,Gasolina especial 98,Auto-estrada,2.291,Silves,Faro,"A 22, VIA DO INFANTE SAGRES, APARTADO 328",Silves,8300-025,37.151337,-8.428372,pa 22 silves (lgs/far),moeve,"a 22, via do infante sagres, apartado 328","2,291 €",2026-05-15_dgeg_postos_raw.csv,6acb5d1667223386
2026-05-15,2026-05-15 14:31:32,2026-05-11 00:00:00,c5ca45a1d75401d9,c5ca45a1d75401d9_diesel_regular,A23 ABRANTES (ABR/LIS),MOEVE,diesel_regular,Gasóleo simples,Auto-estrada,2.083,Abrantes,Santarém,"A 23, KM 44, SUB-LANÇO ABRANTES - MOURISCAS, APT. 70",Abrantes,2200-037,39.4857,-8.158823,a23 abrantes (abr/lis),moeve,"a 23, km 44, sub-lanço abrantes - mouriscas, apt. 70","2,083 €",2026-05-15_dgeg_postos_raw.csv,436d4830ae327ad6
2026-05-15,2026-05-15 14:31:32,2026-05-11 00:00:00,c5ca45a1d75401d9,c5ca45a1d75401d9_diesel_premium,A23 ABRANTES (ABR/LIS),MOEVE,diesel_premium,Gasóleo especial,Auto-estrada,2.133,Abrantes,Santarém,"A 23, KM 44, SUB-LANÇO ABRANTES - MOURISCAS, APT. 70",Abrantes,2200-037,39.4857,-8.158823,a23 abrantes (abr/lis),moeve,"a 23, km 44, sub-lanço abrantes - mouriscas, apt. 70","2,133 €",2026-05-15_dgeg_postos_raw.csv,a04972a5ae151437
2026-05-15,2026-05-15 14:31:32,2026-05-11 00:00:00,c5ca45a1d75401d9,c5ca45a1d75401d9_gasoline_95,A23 ABRANTES (ABR/LIS),MOEVE,gasoline_95,Gasolina simples 95,Auto-estrada,2.079,Abrantes,Santarém,"A 23, KM 44, SUB-LANÇO ABRANTES - MOURISCAS, APT. 70",Abrantes,2200-037,39.4857,-8.158823,a23 abrantes (abr/lis),moeve,"a 23, km 44, sub-lanço abrantes - mouriscas, apt. 70","2,079 €",2026-05-15_dgeg_postos_raw.csv,7ea80942bf199b32
2026-05-15,2026-05-15 14:31:32,2026-05-11 00:00:00,c5ca45a1d75401d9,c5ca45a1d75401d9_gasoline_98,A23 ABRANTES (ABR/LIS),MOEVE,gasoline_98,Gasolina especial 98,Auto-estrada,2.291,Abrantes,Santarém,"A 23, KM 44, SUB-LANÇO ABRANTES - MOURISCAS, APT. 70",Abrantes,2200-037,39.4857,-8.158823,a23 abrantes (abr/lis),moeve,"a 23, km 44, sub-lanço abrantes - mouriscas, apt. 70","2,291 €",2026-05-15_dgeg_postos_raw.csv,2f224c04173cdc64
2026-05-15,2026-05-15 14:31:32,2026-05-11 00:00:00,5d375a3b66292249,5d375a3b66292249_diesel_regular,A23 ABRANTES (LIS/ABR),MOEVE,diesel_regular,Gasóleo simples,Auto-estrada,2.083,Abrantes,Santarém,"A 23, KM 44, SUB-LANÇO ABRANTES - MOURISCAS, APT. 70",Abrantes,2200-006,39.485092,-8.155059,a23 abrantes (lis/abr),moeve,"a 23, km 44, sub-lanço abrantes - mouriscas, apt. 70","2,083 €",2026-05-15_dgeg_postos_raw.csv,6e0982b2219c653a
2026-05-15,2026-05-15 14:31:32,2026-05-11 00:00:00,5d375a3b66292249,5d375a3b66292249_diesel_premium,A23 ABRANTES (LIS/ABR),MOEVE,diesel_premium,Gasóleo especial,Auto-estrada,2.133,Abrantes,Santarém,"A 23, KM 44, SUB-LANÇO ABRANTES - MOURISCAS, APT. 70",Abrantes,2200-006,39.485092,-8.155059,a23 abrantes (lis/abr),moeve,"a 23, km 44, sub-lanço abrantes - mouriscas, apt. 70","2,133 €",2026-05-15_dgeg_postos_raw.csv,ff6329182ce3afbb
2026-05-15,2026-05-15 14:31:32,2026-05-11 00:00:00,5d375a3b66292249,5d375a3b66292249_gasoline_95,A23 ABRANTES (LIS/ABR),MOEVE,gasoline_95,Gasolina simples 95,Auto-estrada,2.079,Abrantes,Santarém,"A 23, KM 44, SUB-LANÇO ABRANTES - MOURISCAS, APT. 70",Abrantes,2200-006,39.485092,-8.155059,a23 abrantes (lis/abr),moeve,"a 23, km 44, sub-lanço abrantes - mouriscas, apt. 70","2,079 €",2026-05-15_dgeg_postos_raw.csv,c4c719e39861d724
2026-05-15,2026-05-15 14:31:32,2026-05-11 00:00:00,5d375a3b66292249,5d375a3b66292249_gasoline_98,A23 ABRANTES (LIS/ABR),MOEVE,gasoline_98,Gasolina especial 98,Auto-estrada,2.291,Abrantes,Santarém,"A 23, KM 44, SUB-LANÇO ABRANTES - MOURISCAS, APT. 70",Abrantes,2200-006,39.485092,-8.155059,a23 abrantes (lis/abr),moeve,"a 23, km 44, sub-lanço abrantes - mouriscas, apt. 70","2,291 €",2026-05-15_dgeg_postos_raw.csv,db72f768219bbbf0
2026-05-15,2026-05-15 14:31:32,2026-05-11 00:00:00,9c5353a504d59124,9c5353a504d59124_diesel_regular,A23 CASTELO BRANCO (ABR/CBR),MOEVE,diesel_regular,Gasóleo simples,Auto-estrada,2.083,Castelo Branco,Castelo Branco,"A23, KM 127, SUBLANÇO CASTELO BRANCO, APT. 86",Alcains,6005-999,39.88772,-7.487027,a23 castelo branco (abr/cbr),moeve,"a23, km 127, sublanço castelo branco, apt. 86","2,083 €",2026-05-15_dgeg_postos_raw.csv,e3385c84df15d3c1
2026-05-15,2026-05-15 14:31:32,2026-05-11 00:00:00,9c5353a504d59124,9c5353a504d59124_diesel_premium,A23 CASTELO BRANCO (ABR/CBR),MOEVE,diesel_premium,Gasóleo especial,Auto-estrada,2.133,Castelo Branco,Castelo Branco,"A23, KM 127, SUBLANÇO CASTELO BRANCO, APT. 86",Alcains,6005-999,39.88772,-7.487027,a23 castelo branco (abr/cbr),moeve,"a23, km 127, sublanço castelo branco, apt. 86","2,133 €",2026-05-15_dgeg_postos_raw.csv,2e2a5387464c5d88
2026-05-15,2026-05-15 14:31:32,2026-05-11 00:00:00,9c5353a504d59124,9c5353a504d59124_gasoline_95,A23 CASTELO BRANCO (ABR/CBR),MOEVE,gasoline_95,Gasolina simples 95,Auto-estrada,2.079,Castelo Branco,Castelo Branco,"A23, KM 127, SUBLANÇO CASTELO BRANCO, APT. 86",Alcains,6005-999,39.88772,-7.487027,a23 castelo branco (abr/cbr),moeve,"a23, km 127, sublanço castelo branco, apt. 86","2,079 €",2026-05-15_dgeg_postos_raw.csv,b7795681b319cd54
2026-05-15,2026-05-15 14:31:32,2026-05-11 00:00:00,9c5353a504d59124,9c5353a504d59124_gasoline_98,A23 CASTELO BRANCO (ABR/CBR),MOEVE,gasoline_98,Gasolina especial 98,Auto-estrada,2.291,Castelo Branco,Castelo Branco,"A23, KM 127, SUBLANÇO CASTELO BRANCO, APT. 86",Alcains,6005-999,39.88772,-7.487027,a23 castelo branco (abr/cbr),moeve,"a23, km 127, sublanço castelo branco, apt. 86","2,291 €",2026-05-15_dgeg_postos_raw.csv,be85e15a4fea4b1a
2026-05-15,2026-05-15 14:31:32,2026-05-11 00:00:00,8ee47204ded06257,8ee47204ded06257_diesel_regular,A23 CASTELO BRANCO (CBR/ABR),MOEVE,diesel_regular,Gasóleo simples,Auto-estrada,2.083,Castelo Branco,Castelo Branco,"A23, KM 127, SUBLANÇO CASTELO BRANCO, APT. 86",Alcains,6005-999,39.88884,-7.48802,a23 castelo branco (cbr/abr),moeve,"a23, km 127, sublanço castelo branco, apt. 86","2,083 €",2026-05-15_dgeg_postos_raw.csv,6d9a6ecc347dd48e
2026-05-15,2026-05-15 14:31:32,2026-05-11 00:00:00,8ee47204ded06257,8ee47204ded06257_diesel_premium,A23 CASTELO BRANCO (CBR/ABR),MOEVE,diesel_premium,Gasóleo especial,Auto-estrada,2.133,Castelo Branco,Castelo Branco,"A23, KM 127, SUBLANÇO CASTELO BRANCO, APT. 86",Alcains,6005-999,39.88884,-7.48802,a23 castelo branco (cbr/abr),moeve,"a23, km 127, sublanço castelo branco, apt. 86","2,133 €",2026-05-15_dgeg_postos_raw.csv,87d70b8aabff5e38
2026-05-15,2026-05-15 14:31:32,2026-05-11 00:00:00,8ee47204ded06257,8ee47204ded06257_gasoline_95,A23 CASTELO BRANCO (CBR/ABR),MOEVE,gasoline_95,Gasolina simples 95,Auto-estrada,2.079,Castelo Branco,Castelo Branco,"A23, KM 127, SUBLANÇO CASTELO BRANCO, APT. 86",Alcains,6005-999,39.88884,-7.48802,a23 castelo branco (cbr/abr),moeve,"a23, km 127, sublanço castelo branco, apt. 86","2,079 €",2026-05-15_dgeg_postos_raw.csv,21935dbdb364fe1a
2026-05-15,2026-05-15 14:31:32,2026-05-11 00:00:00,8ee47204ded06257,8ee47204ded06257_gasoline_98,A23 CASTELO BRANCO (CBR/ABR),MOEVE,gasoline_98,Gasolina especial 98,Auto-estrada,2.291,Castelo Branco,Castelo Branco,"A23, KM 127, SUBLANÇO CASTELO BRANCO, APT. 86",Alcains,6005-999,39.88884,-7.48802,a23 castelo branco (cbr/abr),moeve,"a23, km 127, sublanço castelo branco, apt. 86","2,291 €",2026-05-15_dgeg_postos_raw.csv,202b972d1adb0cad
2026-05-15,2026-05-15 14:31:32,2026-05-11 00:00:00,01737025ddb29af1,01737025ddb29af1_diesel_regular,A23 Fundão (C.B. / Fundão),MOEVE,diesel_regular,Gasóleo simples,Área comercial (Hipermercados),2.083,Fundão,Castelo Branco,"A23, LANÇO KM 18,5 TEIXOSO ALQUERIA",Fundão,6230-198,40.190697,-7.486373,a23 fundão (c.b. / fundão),moeve,"a23, lanço km 18,5 teixoso alqueria","2,083 €",2026-05-15_dgeg_postos_raw.csv,72170fd1fe4dd426
2026-05-15,2026-05-15 14:31:32,2026-05-11 00:00:00,01737025ddb29af1,01737025ddb29af1_diesel_premium,A23 Fundão (C.B. / Fundão),MOEVE,diesel_premium,Gasóleo especial,Área comercial (Hipermercados),2.133,Fundão,Castelo Branco,"A23, LANÇO KM 18,5 TEIXOSO ALQUERIA",Fundão,6230-198,40.190697,-7.486373,a23 fundão (c.b. / fundão),moeve,"a23, lanço km 18,5 teixoso alqueria","2,133 €",2026-05-15_dgeg_postos_raw.csv,c3d54ac286da07b1
2026-05-15,2026-05-15 14:31:32,2026-05-11 00:00:00,01737025ddb29af1,01737025ddb29af1_gasoline_95,A23 Fundão (C.B. / Fundão),MOEVE,gasoline_95,Gasolina simples 95,Área comercial (Hipermercados),2.104,Fundão,Castelo Branco,"A23, LANÇO KM 18,5 TEIXOSO ALQUERIA",Fundão,6230-198,40.190697,-7.486373,a23 fundão (c.b. / fundão),moeve,"a23, lanço km 18,5 teixoso alqueria","2,104 €",2026-05-15_dgeg_postos_raw.csv,73b72d2b1e289608
2026-05-15,2026-05-15 14:31:32,2026-05-11 00:00:00,01737025ddb29af1,01737025ddb29af1_gasoline_98,A23 Fundão (C.B. / Fundão),MOEVE,gasoline_98,Gasolina especial 98,Área comercial (Hipermercados),2.314,Fundão,Castelo Branco,"A23, LANÇO KM 18,5 TEIXOSO ALQUERIA",Fundão,6230-198,40.190697,-7.486373,a23 fundão (c.b. / fundão),moeve,"a23, lanço km 18,5 teixoso alqueria","2,314 €",2026-05-15_dgeg_postos_raw.csv,915108798930d3f7
2026-05-15,2026-05-15 14:31:32,2026-05-11 00:00:00,0c15b4c33edb0a2c,0c15b4c33edb0a2c_diesel_regular,A23 FUNDÃO (FND/CBR),MOEVE,diesel_regular,Gasóleo simples,Área comercial (Hipermercados),2.083,Fundão,Castelo Branco,"A23, LANÇO KM 18,5 TEIXOSO ALQUERIA, APT. 370",Alcaria,6230-022,40.190334,-7.488123,a23 fundão (fnd/cbr),moeve,"a23, lanço km 18,5 teixoso alqueria, apt. 370","2,083 €",2026-05-15_dgeg_postos_raw.csv,c19784d0ac3f02c2
2026-05-15,2026-05-15 14:31:32,2026-05-11 00:00:00,0c15b4c33edb0a2c,0c15b4c33edb0a2c_diesel_premium,A23 FUNDÃO (FND/CBR),MOEVE,diesel_premium,Gasóleo especial,Área comercial (Hipermercados),2.133,Fundão,Castelo Branco,"A23, LANÇO KM 18,5 TEIXOSO ALQUERIA, APT. 370",Alcaria,6230-022,40.190334,-7.488123,a23 fundão (fnd/cbr),moeve,"a23, lanço km 18,5 teixoso alqueria, apt. 370","2,133 €",2026-05-15_dgeg_postos_raw.csv,eebdf5783c366aca
2026-05-15,2026-05-15 14:31:32,2026-05-11 00:00:00,0c15b4c33edb0a2c,0c15b4c33edb0a2c_gasoline_95,A23 FUNDÃO (FND/CBR),MOEVE,gasoline_95,Gasolina simples 95,Área comercial (Hipermercados),2.079,Fundão,Castelo Branco,"A23, LANÇO KM 18,5 TEIXOSO ALQUERIA, APT. 370",Alcaria,6230-022,40.190334,-7.488123,a23 fundão (fnd/cbr),moeve,"a23, lanço km 18,5 teixoso alqueria, apt. 370","2,079 €",2026-05-15_dgeg_postos_raw.csv,a1b4b091f7c87efc
2026-05-15,2026-05-15 14:31:32,2026-05-11 00:00:00,0c15b4c33edb0a2c,0c15b4c33edb0a2c_gasoline_98,A23 FUNDÃO (FND/CBR),MOEVE,gasoline_98,Gasolina especial 98,Área comercial (Hipermercados),2.291,Fundão,Castelo Branco,"A23, LANÇO KM 18,5 TEIXOSO ALQUERIA, APT. 370",Alcaria,6230-022,40.190334,-7.488123,a23 fundão (fnd/cbr),moeve,"a23, lanço km 18,5 teixoso alqueria, apt. 370","2,291 €",2026-05-15_dgeg_postos_raw.csv,78379ee22fd32a1b
2026-05-15,2026-05-15 14:31:32,2026-05-11 00:00:00,fb7f1d96414bcc61,fb7f1d96414bcc61_diesel_regular,A28 VIANA DO CASTELO (POR/VNC),CEPSA,diesel_regular,Gasóleo simples,Auto-estrada,2.073,Viana do Castelo,Viana do Castelo,"A28 (ANTIGO IC 1), KM 372, VILA NOVA DE ANHA, APT. 52",Barroselas,4905-999,41.660305,-8.775702,a28 viana do castelo (por/vnc),cepsa,"a28 (antigo ic 1), km 372, vila nova de anha, apt. 52","2,073 €",2026-05-15_dgeg_postos_raw.csv,d1f47d1c836ecaf0
2026-05-15,2026-05-15 14:31:32,2026-05-11 00:00:00,fb7f1d96414bcc61,fb7f1d96414bcc61_diesel_premium,A28 VIANA DO CASTELO (POR/VNC),CEPSA,diesel_premium,Gasóleo especial,Auto-estrada,2.123,Viana do Castelo,Viana do Castelo,"A28 (ANTIGO IC 1), KM 372, VILA NOVA DE ANHA, APT. 52",Barroselas,4905-999,41.660305,-8.775702,a28 viana do castelo (por/vnc),cepsa,"a28 (antigo ic 1), km 372, vila nova de anha, apt. 52","2,123 €",2026-05-15_dgeg_postos_raw.csv,51fde6649105af85
2026-05-15,2026-05-15 14:31:32,2026-05-11 00:00:00,fb7f1d96414bcc61,fb7f1d96414bcc61_gasoline_95,A28 VIANA DO CASTELO (POR/VNC),CEPSA,gasoline_95,Gasolina simples 95,Auto-estrada,2.069,Viana do Castelo,Viana do Castelo,"A28 (ANTIGO IC 1), KM 372, VILA NOVA DE ANHA, APT. 52",Barroselas,4905-999,41.660305,-8.775702,a28 viana do castelo (por/vnc),cepsa,"a28 (antigo ic 1), km 372, vila nova de anha, apt. 52","2,069 €",2026-05-15_dgeg_postos_raw.csv,359ba58ec6e316c3
2026-05-15,2026-05-15 14:31:32,2026-05-11 00:00:00,fb7f1d96414bcc61,fb7f1d96414bcc61_gasoline_98,A28 VIANA DO CASTELO (POR/VNC),CEPSA,gasoline_98,Gasolina especial 98,Auto-estrada,2.281,Viana do Castelo,Viana do Castelo,"A28 (ANTIGO IC 1), KM 372, VILA NOVA DE ANHA, APT. 52",Barroselas,4905-999,41.660305,-8.775702,a28 viana do castelo (por/vnc),cepsa,"a28 (antigo ic 1), km 372, vila nova de anha, apt. 52","2,281 €",2026-05-15_dgeg_postos_raw.csv,765d9f8f8e60ef22
2026-05-15,2026-05-15 14:31:32,2026-05-11 00:00:00,cc981458f1aaa3f1,cc981458f1aaa3f1_diesel_regular,A28 VIANA DO CASTELO (VNC/POR),CEPSA,diesel_regular,Gasóleo simples,Auto-estrada,2.073,Viana do Castelo,Viana do Castelo,"A28 (ANTIGO IC 1), KM 372, VILA NOVA DE ANHA, APT. 52",Barroselas,4905-999,41.660038,-8.777017,a28 viana do castelo (vnc/por),cepsa,"a28 (antigo ic 1), km 372, vila nova de anha, apt. 52","2,073 €",2026-05-15_dgeg_postos_raw.csv,9128404aef6be8c8
2026-05-15,2026-05-15 14:31:32,2026-05-11 00:00:00,cc981458f1aaa3f1,cc981458f1aaa3f1_diesel_premium,A28 VIANA DO CASTELO (VNC/POR),CEPSA,diesel_premium,Gasóleo especial,Auto-estrada,2.123,Viana do Castelo,Viana do Castelo,"A28 (ANTIGO IC 1), KM 372, VILA NOVA DE ANHA, APT. 52",Barroselas,4905-999,41.660038,-8.777017,a28 viana do castelo (vnc/por),cepsa,"a28 (antigo ic 1), km 372, vila nova de anha, apt. 52","2,123 €",2026-05-15_dgeg_postos_raw.csv,182f019666848149
2026-05-15,2026-05-15 14:31:32,2026-05-11 00:00:00,cc981458f1aaa3f1,cc981458f1aaa3f1_gasoline_95,A28 VIANA DO CASTELO (VNC/POR),CEPSA,gasoline_95,Gasolina simples 95,Auto-estrada,2.069,Viana do Castelo,Viana do Castelo,"A28 (ANTIGO IC 1), KM 372, VILA NOVA DE ANHA, APT. 52",Barroselas,4905-999,41.660038,-8.777017,a28 viana do castelo (vnc/por),cepsa,"a28 (antigo ic 1), km 372, vila nova de anha, apt. 52","2,069 €",2026-05-15_dgeg_postos_raw.csv,9549abd3ddda59ee
2026-05-15,2026-05-15 14:31:32,2026-05-11 00:00:00,cc981458f1aaa3f1,cc981458f1aaa3f1_gasoline_98,A28 VIANA DO CASTELO (VNC/POR),CEPSA,gasoline_98,Gasolina especial 98,Auto-estrada,2.281,Viana do Castelo,Viana do Castelo,"A28 (ANTIGO IC 1), KM 372, VILA NOVA DE ANHA, APT. 52",Barroselas,4905-999,41.660038,-8.777017,a28 viana do castelo (vnc/por),cepsa,"a28 (antigo ic 1), km 372, vila nova de anha, apt. 52","2,281 €",2026-05-15_dgeg_postos_raw.csv,0dc355981d30895c
2026-05-15,2026-05-15 14:31:32,2026-05-11 00:00:00,031b45b95b8b1845,031b45b95b8b1845_diesel_regular,CEPSA - A3 Barcelos (POR/VAL),CEPSA,diesel_regular,Gasóleo simples,Auto-estrada,2.168,Barcelos,Braga,"A3 AUTO EST. PORTO/VALENÇA, SUB LANÇO BRAGA/EN201, (APARTADO 600, CP 4751)",Alheira,4750-058,41.603848,-8.550144,cepsa - a3 barcelos (por/val),cepsa,"a3 auto est. porto/valença, sub lanço braga/en201, (apartado 600, cp 4751)","2,168 €",2026-05-15_dgeg_postos_raw.csv,ecefbfb786a59d75
2026-05-15,2026-05-15 14:31:32,2026-05-11 00:00:00,031b45b95b8b1845,031b45b95b8b1845_diesel_premium,CEPSA - A3 Barcelos (POR/VAL),CEPSA,diesel_premium,Gasóleo especial,Auto-estrada,2.123,Barcelos,Braga,"A3 AUTO EST. PORTO/VALENÇA, SUB LANÇO BRAGA/EN201, (APARTADO 600, CP 4751)",Alheira,4750-058,41.603848,-8.550144,cepsa - a3 barcelos (por/val),cepsa,"a3 auto est. porto/valença, sub lanço braga/en201, (apartado 600, cp 4751)","2,123 €",2026-05-15_dgeg_postos_raw.csv,3edb3c84b7ad897b
2026-05-15,2026-05-15 14:31:32,2026-05-11 00:00:00,031b45b95b8b1845,031b45b95b8b1845_gasoline_95,CEPSA - A3 Barcelos (POR/VAL),CEPSA,gasoline_95,Gasolina simples 95,Auto-estrada,2.069,Barcelos,Braga,"A3 AUTO EST. PORTO/VALENÇA, SUB LANÇO BRAGA/EN201, (APARTADO 600, CP 4751)",Alheira,4750-058,41.603848,-8.550144,cepsa - a3 barcelos (por/val),cepsa,"a3 auto est. porto/valença, sub lanço braga/en201, (apartado 600, cp 4751)","2,069 €",2026-05-15_dgeg_postos_raw.csv,f342e1158d2baea8
2026-05-15,2026-05-15 14:31:32,2026-05-11 00:00:00,031b45b95b8b1845,031b45b95b8b1845_gasoline_98,CEPSA - A3 Barcelos (POR/VAL),CEPSA,gasoline_98,Gasolina especial 98,Auto-estrada,2.304,Barcelos,Braga,"A3 AUTO EST. PORTO/VALENÇA, SUB LANÇO BRAGA/EN201, (APARTADO 600, CP 4751)",Alheira,4750-058,41.603848,-8.550144,cepsa - a3 barcelos (por/val),cepsa,"a3 auto est. porto/valença, sub lanço braga/en201, (apartado 600, cp 4751)","2,304 €",2026-05-15_dgeg_postos_raw.csv,8182713941d8c0be
2026-05-15,2026-05-15 14:31:32,2026-05-11 00:00:00,0cce762e96192b54,0cce762e96192b54_diesel_regular,CEPSA - A3 Barcelos (VAL/POR),CEPSA,diesel_regular,Gasóleo simples,Auto-estrada,2.073,Barcelos,Braga,"A3 AUTO EST. PORTO/VALENÇA, SUB LANÇO BRAGA/EN201, (APARTADO 600, CP 4751)",Alheira,4750-058,41.60596,-8.550696,cepsa - a3 barcelos (val/por),cepsa,"a3 auto est. porto/valença, sub lanço braga/en201, (apartado 600, cp 4751)","2,073 €",2026-05-15_dgeg_postos_raw.csv,fcc87c4f61104012
2026-05-15,2026-05-15 14:31:32,2026-05-11 00:00:00,0cce762e96192b54,0cce762e96192b54_diesel_premium,CEPSA - A3 Barcelos (VAL/POR),CEPSA,diesel_premium,Gasóleo especial,Auto-estrada,2.123,Barcelos,Braga,"A3 AUTO EST. PORTO/VALENÇA, SUB LANÇO BRAGA/EN201, (APARTADO 600, CP 4751)",Alheira,4750-058,41.60596,-8.550696,cepsa - a3 barcelos (val/por),cepsa,"a3 auto est. porto/valença, sub lanço braga/en201, (apartado 600, cp 4751)","2,123 €",2026-05-15_dgeg_postos_raw.csv,0387ec09c8f2853b
2026-05-15,2026-05-15 14:31:32,2026-05-11 00:00:00,0cce762e96192b54,0cce762e96192b54_gasoline_95,CEPSA - A3 Barcelos (VAL/POR),CEPSA,gasoline_95,Gasolina simples 95,Auto-estrada,2.069,Barcelos,Braga,"A3 AUTO EST. PORTO/VALENÇA, SUB LANÇO BRAGA/EN201, (APARTADO 600, CP 4751)",Alheira,4750-058,41.60596,-8.550696,cepsa - a3 barcelos (val/por),cepsa,"a3 auto est. porto/valença, sub lanço braga/en201, (apartado 600, cp 4751)","2,069 €",2026-05-15_dgeg_postos_raw.csv,50ac230aeef07323
2026-05-15,2026-05-15 14:31:32,2026-05-11 00:00:00,0cce762e96192b54,0cce762e96192b54_gasoline_98,CEPSA - A3 Barcelos (VAL/POR),CEPSA,gasoline_98,Gasolina especial 98,Auto-estrada,2.304,Barcelos,Braga,"A3 AUTO EST. PORTO/VALENÇA, SUB LANÇO BRAGA/EN201, (APARTADO 600, CP 4751)",Alheira,4750-058,41.60596,-8.550696,cepsa - a3 barcelos (val/por),cepsa,"a3 auto est. porto/valença, sub lanço braga/en201, (apartado 600, cp 4751)","2,304 €",2026-05-15_dgeg_postos_raw.csv,faf14153be4234c1
2026-05-15,2026-05-15 14:31:32,2026-05-11 00:00:00,a575aeb6c66f6b41,a575aeb6c66f6b41_diesel_regular,A6  ESTREMOZ (ELV/LIS),CEPSA,diesel_regular,Gasóleo simples,Auto-estrada,2.088,Estremoz,Évora,"A6, SUBLANÇO ÉVORA, KM 23, APARTADO 247",Estremoz,7100-108,38.8008,-7.660409,a6 estremoz (elv/lis),cepsa,"a6, sublanço évora, km 23, apartado 247","2,088 €",2026-05-15_dgeg_postos_raw.csv,d8fcd1002b34a5c1
2026-05-15,2026-05-15 14:31:32,2026-05-11 00:00:00,a575aeb6c66f6b41,a575aeb6c66f6b41_diesel_premium,A6  ESTREMOZ (ELV/LIS),CEPSA,diesel_premium,Gasóleo especial,Auto-estrada,2.138,Estremoz,Évora,"A6, SUBLANÇO ÉVORA, KM 23, APARTADO 247",Estremoz,7100-108,38.8008,-7.660409,a6 estremoz (elv/lis),cepsa,"a6, sublanço évora, km 23, apartado 247","2,138 €",2026-05-15_dgeg_postos_raw.csv,06d6244dde73dfe2
2026-05-15,2026-05-15 14:31:32,2026-05-11 00:00:00,a575aeb6c66f6b41,a575aeb6c66f6b41_gasoline_95,A6  ESTREMOZ (ELV/LIS),CEPSA,gasoline_95,Gasolina simples 95,Auto-estrada,2.074,Estremoz,Évora,"A6, SUBLANÇO ÉVORA, KM 23, APARTADO 247",Estremoz,7100-108,38.8008,-7.660409,a6 estremoz (elv/lis),cepsa,"a6, sublanço évora, km 23, apartado 247","2,074 €",2026-05-15_dgeg_postos_raw.csv,693cf45a1751802f
2026-05-15,2026-05-15 14:31:32,2026-05-11 00:00:00,a575aeb6c66f6b41,a575aeb6c66f6b41_gasoline_98,A6  ESTREMOZ (ELV/LIS),CEPSA,gasoline_98,Gasolina especial 98,Auto-estrada,2.286,Estremoz,Évora,"A6, SUBLANÇO ÉVORA, KM 23, APARTADO 247",Estremoz,7100-108,38.8008,-7.660409,a6 estremoz (elv/lis),cepsa,"a6, sublanço évora, km 23, apartado 247","2,286 €",2026-05-15_dgeg_postos_raw.csv,5c4e7416dcbeaa89
2026-05-15,2026-05-15 14:31:32,2026-05-11 00:00:00,f6780fac3d60688b,f6780fac3d60688b_diesel_regular,A6 ESTREMOZ  (LIS/ELV),CEPSA,diesel_regular,Gasóleo simples,Auto-estrada,2.088,Estremoz,Évora,"A6, SUBLANÇO ÉVORA, KM 23, APARTADO 247",Estremoz,7100-108,38.79915,-7.660607,a6 estremoz (lis/elv),cepsa,"a6, sublanço évora, km 23, apartado 247","2,088 €",2026-05-15_dgeg_postos_raw.csv,d2af55e8dda9cdef
2026-05-15,2026-05-15 14:31:32,2026-05-11 00:00:00,f6780fac3d60688b,f6780fac3d60688b_diesel_premium,A6 ESTREMOZ  (LIS/ELV),CEPSA,diesel_premium,Gasóleo especial,Auto-estrada,2.138,Estremoz,Évora,"A6, SUBLANÇO ÉVORA, KM 23, APARTADO 247",Estremoz,7100-108,38.79915,-7.660607,a6 estremoz (lis/elv),cepsa,"a6, sublanço évora, km 23, apartado 247","2,138 €",2026-05-15_dgeg_postos_raw.csv,46f805f570cefa3b
2026-05-15,2026-05-15 14:31:32,2026-05-11 00:00:00,f6780fac3d60688b,f6780fac3d60688b_gasoline_95,A6 ESTREMOZ  (LIS/ELV),CEPSA,gasoline_95,Gasolina simples 95,Auto-estrada,2.074,Estremoz,Évora,"A6, SUBLANÇO ÉVORA, KM 23, APARTADO 247",Estremoz,7100-108,38.79915,-7.660607,a6 estremoz (lis/elv),cepsa,"a6, sublanço évora, km 23, apartado 247","2,074 €",2026-05-15_dgeg_postos_raw.csv,b2ea1221e088289a
2026-05-15,2026-05-15 14:31:32,2026-05-11 00:00:00,f6780fac3d60688b,f6780fac3d60688b_gasoline_98,A6 ESTREMOZ  (LIS/ELV),CEPSA,gasoline_98,Gasolina especial 98,Auto-estrada,2.286,Estremoz,Évora,"A6, SUBLANÇO ÉVORA, KM 23, APARTADO 247",Estremoz,7100-108,38.79915,-7.660607,a6 estremoz (lis/elv),cepsa,"a6, sublanço évora, km 23, apartado 247","2,286 €",2026-05-15_dgeg_postos_raw.csv,6455ec7768c3e6c0
2026-05-15,2026-05-15 14:31:32,2026-05-11 00:00:00,93d94fa493877d22,93d94fa493877d22_diesel_regular,E.S. LAGOÍNHA,REPSOL,diesel_regular,Gasóleo simples,Outro,2.039,Palmela,Setúbal,Estrada Camarária nº 1029,Palmela - Lagoinha,2950-000,38.606044,-8.927658,e.s. lagoínha,repsol,estrada camarária nº 1029,"2,039 €",2026-05-15_dgeg_postos_raw.csv,88b4a31c34224a19
2026-05-15,2026-05-15 14:31:32,2026-05-11 00:00:00,93d94fa493877d22,93d94fa493877d22_diesel_premium,E.S. LAGOÍNHA,REPSOL,diesel_premium,Gasóleo especial,Outro,2.099,Palmela,Setúbal,Estrada Camarária nº 1029,Palmela - Lagoinha,2950-000,38.606044,-8.927658,e.s. lagoínha,repsol,estrada camarária nº 1029,"2,099 €",2026-05-15_dgeg_postos_raw.csv,c37e0f32ce835391
2026-05-15,2026-05-15 14:31:32,2026-05-11 00:00:00,93d94fa493877d22,93d94fa493877d22_gasoline_95,E.S. LAGOÍNHA,REPSOL,gasoline_95,Gasolina simples 95,Outro,2.037,Palmela,Setúbal,Estrada Camarária nº 1029,Palmela - Lagoinha,2950-000,38.606044,-8.927658,e.s. lagoínha,repsol,estrada camarária nº 1029,"2,037 €",2026-05-15_dgeg_postos_raw.csv,c3c849594620f225
2026-05-15,2026-05-15 14:31:32,2026-05-11 00:00:00,93d94fa493877d22,93d94fa493877d22_gasoline_98,E.S. LAGOÍNHA,REPSOL,gasoline_98,Gasolina especial 98,Outro,2.227,Palmela,Setúbal,Estrada Camarária nº 1029,Palmela - Lagoinha,2950-000,38.606044,-8.927658,e.s. lagoínha,repsol,estrada camarária nº 1029,"2,227 €",2026-05-15_dgeg_postos_raw.csv,011781c13f740463
2026-05-15,2026-05-15 14:31:32,2026-05-11 00:00:00,4156d26a05de39ab,4156d26a05de39ab_diesel_regular,E.S. TAIPADAS A,REPSOL,diesel_regular,Gasóleo simples,Outro,2.039,Montijo,Setúbal,Estrada Vila Franca de Xira,Taipadas,2985-000,38.743416667,-8.660905556,e.s. taipadas a,repsol,estrada vila franca de xira,"2,039 €",2026-05-15_dgeg_postos_raw.csv,7a3f71596cb04759
2026-05-15,2026-05-15 14:31:32,2026-05-11 00:00:00,4156d26a05de39ab,4156d26a05de39ab_diesel_premium,E.S. TAIPADAS A,REPSOL,diesel_premium,Gasóleo especial,Outro,2.099,Montijo,Setúbal,Estrada Vila Franca de Xira,Taipadas,2985-000,38.743416667,-8.660905556,e.s. taipadas a,repsol,estrada vila franca de xira,"2,099 €",2026-05-15_dgeg_postos_raw.csv,e6a4cb4f72588e0a
2026-05-15,2026-05-15 14:31:32,2026-05-11 00:00:00,4156d26a05de39ab,4156d26a05de39ab_gasoline_95,E.S. TAIPADAS A,REPSOL,gasoline_95,Gasolina simples 95,Outro,2.037,Montijo,Setúbal,Estrada Vila Franca de Xira,Taipadas,2985-000,38.743416667,-8.660905556,e.s. taipadas a,repsol,estrada vila franca de xira,"2,037 €",2026-05-15_dgeg_postos_raw.csv,86e1d6191e4fae50
2026-05-15,2026-05-15 14:31:32,2026-05-11 00:00:00,bd49a325a71322b5,bd49a325a71322b5_diesel_regular,E.S. TAIPADAS B,REPSOL,diesel_regular,Gasóleo simples,Outro,2.039,Montijo,Setúbal,Estrada Vila Franca de Xira,Taipadas,2985-000,38.743480556,-8.660630556,e.s. taipadas b,repsol,estrada vila franca de xira,"2,039 €",2026-05-15_dgeg_postos_raw.csv,537f5cd249aa1bb2
2026-05-15,2026-05-15 14:31:32,2026-05-11 00:00:00,bd49a325a71322b5,bd49a325a71322b5_diesel_premium,E.S. TAIPADAS B,REPSOL,diesel_premium,Gasóleo especial,Outro,2.099,Montijo,Setúbal,Estrada Vila Franca de Xira,Taipadas,2985-000,38.743480556,-8.660630556,e.s. taipadas b,repsol,estrada vila franca de xira,"2,099 €",2026-05-15_dgeg_postos_raw.csv,fa10caf48a73174f
2026-05-15,2026-05-15 14:31:32,2026-05-11 00:00:00,bd49a325a71322b5,bd49a325a71322b5_gasoline_95,E.S. TAIPADAS B,REPSOL,gasoline_95,Gasolina simples 95,Outro,2.037,Montijo,Setúbal,Estrada Vila Franca de Xira,Taipadas,2985-000,38.743480556,-8.660630556,e.s. taipadas b,repsol,estrada vila franca de xira,"2,037 €",2026-05-15_dgeg_postos_raw.csv,37bef7312b0468a8
2026-05-15,2026-05-15 14:31:32,2026-05-11 00:00:00,bd49a325a71322b5,bd49a325a71322b5_gasoline_98,E.S. TAIPADAS B,REPSOL,gasoline_98,Gasolina especial 98,Outro,2.227,Montijo,Setúbal,Estrada Vila Franca de Xira,Taipadas,2985-000,38.743480556,-8.660630556,e.s. taipadas b,repsol,estrada vila franca de xira,"2,227 €",2026-05-15_dgeg_postos_raw.csv,ba838d23f1e081e9
2026-05-15,2026-05-15 14:31:32,2026-05-11 00:00:00,f220caa9f2d5c8ea,f220caa9f2d5c8ea_diesel_regular,E.S. ALTO ESTANQUEIRO,REPSOL,diesel_regular,Gasóleo simples,Outro,2.029,Montijo,Setúbal,Alto do Estanqueiro,Montijo,2870-000,38.68161,-8.92844,e.s. alto estanqueiro,repsol,alto do estanqueiro,"2,029 €",2026-05-15_dgeg_postos_raw.csv,10f3013349c7b58c
2026-05-15,2026-05-15 14:31:32,2026-05-11 00:00:00,f220caa9f2d5c8ea,f220caa9f2d5c8ea_diesel_premium,E.S. ALTO ESTANQUEIRO,REPSOL,diesel_premium,Gasóleo especial,Outro,2.089,Montijo,Setúbal,Alto do Estanqueiro,Montijo,2870-000,38.68161,-8.92844,e.s. alto estanqueiro,repsol,alto do estanqueiro,"2,089 €",2026-05-15_dgeg_postos_raw.csv,649fa0ae8c487e7b
2026-05-15,2026-05-15 14:31:32,2026-05-11 00:00:00,f220caa9f2d5c8ea,f220caa9f2d5c8ea_gasoline_95,E.S. ALTO ESTANQUEIRO,REPSOL,gasoline_95,Gasolina simples 95,Outro,2.027,Montijo,Setúbal,Alto do Estanqueiro,Montijo,2870-000,38.68161,-8.92844,e.s. alto estanqueiro,repsol,alto do estanqueiro,"2,027 €",2026-05-15_dgeg_postos_raw.csv,fd3268b720d1b900
2026-05-15,2026-05-15 14:31:32,2026-05-11 00:00:00,44ed1f0392e91e3c,44ed1f0392e91e3c_diesel_regular,E.S. LAGOA PALHA,REPSOL,diesel_regular,Gasóleo simples,Outro,2.039,Palmela,Setúbal,EM 575-LAGOA DA PALHA,Lagoa da Palha,2955-009,38.63445,-8.87695,e.s. lagoa palha,repsol,em 575-lagoa da palha,"2,039 €",2026-05-15_dgeg_postos_raw.csv,f3ad23966fc40979
2026-05-15,2026-05-15 14:31:32,2026-05-11 00:00:00,44ed1f0392e91e3c,44ed1f0392e91e3c_diesel_premium,E.S. LAGOA PALHA,REPSOL,diesel_premium,Gasóleo especial,Outro,2.099,Palmela,Setúbal,EM 575-LAGOA DA PALHA,Lagoa da Palha,2955-009,38.63445,-8.87695,e.s. lagoa palha,repsol,em 575-lagoa da palha,"2,099 €",2026-05-15_dgeg_postos_raw.csv,cd386da8612e39e4
2026-05-15,2026-05-15 14:31:32,2026-05-11 00:00:00,44ed1f0392e91e3c,44ed1f0392e91e3c_gasoline_95,E.S. LAGOA PALHA,REPSOL,gasoline_95,Gasolina simples 95,Outro,2.037,Palmela,Setúbal,EM 575-LAGOA DA PALHA,Lagoa da Palha,2955-009,38.63445,-8.87695,e.s. lagoa palha,repsol,em 575-lagoa da palha,"2,037 €",2026-05-15_dgeg_postos_raw.csv,1aa6fbd743331e27
2026-05-15,2026-05-15 14:31:32,2026-05-11 00:00:00,42ee608dd36aa14d,42ee608dd36aa14d_diesel_regular,E.S. V. PRAIA ANCORA,REPSOL,diesel_regular,Gasóleo simples,Outro,2.029,Caminha,Viana do Castelo,Rua 31 de Janeiro,Vila Praia de Âncora,4910-000,41.81052,-8.85879,e.s. v. praia ancora,repsol,rua 31 de janeiro,"2,029 €",2026-05-15_dgeg_postos_raw.csv,25cdea2675032911
2026-05-15,2026-05-15 14:31:32,2026-05-11 00:00:00,42ee608dd36aa14d,42ee608dd36aa14d_diesel_premium,E.S. V. PRAIA ANCORA,REPSOL,diesel_premium,Gasóleo especial,Outro,2.089,Caminha,Viana do Castelo,Rua 31 de Janeiro,Vila Praia de Âncora,4910-000,41.81052,-8.85879,e.s. v. praia ancora,repsol,rua 31 de janeiro,"2,089 €",2026-05-15_dgeg_postos_raw.csv,68493508e8d19f8d
2026-05-15,2026-05-15 14:31:32,2026-05-11 00:00:00,42ee608dd36aa14d,42ee608dd36aa14d_gasoline_95,E.S. V. PRAIA ANCORA,REPSOL,gasoline_95,Gasolina simples 95,Outro,2.027,Caminha,Viana do Castelo,Rua 31 de Janeiro,Vila Praia de Âncora,4910-000,41.81052,-8.85879,e.s. v. praia ancora,repsol,rua 31 de janeiro,"2,027 €",2026-05-15_dgeg_postos_raw.csv,6dff3c75cb39c031
2026-05-15,2026-05-15 14:31:32,2026-05-11 00:00:00,42ee608dd36aa14d,42ee608dd36aa14d_gasoline_98,E.S. V. PRAIA ANCORA,REPSOL,gasoline_98,Gasolina especial 98,Outro,2.217,Caminha,Viana do Castelo,Rua 31 de Janeiro,Vila Praia de Âncora,4910-000,41.81052,-8.85879,e.s. v. praia ancora,repsol,rua 31 de janeiro,"2,217 €",2026-05-15_dgeg_postos_raw.csv,d8cb67e1672d9e21
2026-05-15,2026-05-15 14:31:32,2026-05-11 00:00:00,fb27c21641864355,fb27c21641864355_diesel_regular,E.S. ARCOS VALDEVEZ,REPSOL,diesel_regular,Gasóleo simples,Outro,2.014,Arcos de Valdevez,Viana do Castelo,EN 101 Vila Fonche - Silvares,Arcos de Valdevez,4970-483,41.85088,-8.42124,e.s. arcos valdevez,repsol,en 101 vila fonche - silvares,"2,014 €",2026-05-15_dgeg_postos_raw.csv,c0abb47b4f65dc28
2026-05-15,2026-05-15 14:31:32,2026-05-11 00:00:00,fb27c21641864355,fb27c21641864355_diesel_premium,E.S. ARCOS VALDEVEZ,REPSOL,diesel_premium,Gasóleo especial,Outro,2.069,Arcos de Valdevez,Viana do Castelo,EN 101 Vila Fonche - Silvares,Arcos de Valdevez,4970-483,41.85088,-8.42124,e.s. arcos valdevez,repsol,en 101 vila fonche - silvares,"2,069 €",2026-05-15_dgeg_postos_raw.csv,c52a20cca0c0b3ec
2026-05-15,2026-05-15 14:31:32,2026-05-11 00:00:00,fb27c21641864355,fb27c21641864355_gasoline_95,E.S. ARCOS VALDEVEZ,REPSOL,gasoline_95,Gasolina simples 95,Outro,2.012,Arcos de Valdevez,Viana do Castelo,EN 101 Vila Fonche - Silvares,Arcos de Valdevez,4970-483,41.85088,-8.42124,e.s. arcos valdevez,repsol,en 101 vila fonche - silvares,"2,012 €",2026-05-15_dgeg_postos_raw.csv,7cca579f9a05bf23
2026-05-15,2026-05-15 14:31:32,2026-05-11 00:00:00,fb27c21641864355,fb27c21641864355_gasoline_98,E.S. ARCOS VALDEVEZ,REPSOL,gasoline_98,Gasolina especial 98,Outro,2.197,Arcos de Valdevez,Viana do Castelo,EN 101 Vila Fonche - Silvares,Arcos de Valdevez,4970-483,41.85088,-8.42124,e.s. arcos valdevez,repsol,en 101 vila fonche - silvares,"2,197 €",2026-05-15_dgeg_postos_raw.csv,b172eb29c297c7b1
2026-05-15,2026-05-15 14:31:32,2026-05-11 00:00:00,be41e48169e00eda,be41e48169e00eda_diesel_regular,E.S. VALENCA,REPSOL,diesel_regular,Gasóleo simples,Outro,2.029,Valença,Viana do Castelo,EN 13 Km 117 FAVAIS - ARÃO,Arão- Valença,4930-002,42.015051,-8.638627,e.s. valenca,repsol,en 13 km 117 favais - arão,"2,029 €",2026-05-15_dgeg_postos_raw.csv,e7f7d10fff509325
2026-05-15,2026-05-15 14:31:32,2026-05-11 00:00:00,be41e48169e00eda,be41e48169e00eda_diesel_premium,E.S. VALENCA,REPSOL,diesel_premium,Gasóleo especial,Outro,2.089,Valença,Viana do Castelo,EN 13 Km 117 FAVAIS - ARÃO,Arão- Valença,4930-002,42.015051,-8.638627,e.s. valenca,repsol,en 13 km 117 favais - arão,"2,089 €",2026-05-15_dgeg_postos_raw.csv,010d64c02244b124
2026-05-15,2026-05-15 14:31:32,2026-05-11 00:00:00,be41e48169e00eda,be41e48169e00eda_gasoline_95,E.S. VALENCA,REPSOL,gasoline_95,Gasolina simples 95,Outro,2.027,Valença,Viana do Castelo,EN 13 Km 117 FAVAIS - ARÃO,Arão- Valença,4930-002,42.015051,-8.638627,e.s. valenca,repsol,en 13 km 117 favais - arão,"2,027 €",2026-05-15_dgeg_postos_raw.csv,8b41262b25ad44e0
2026-05-15,2026-05-15 14:31:32,2026-05-11 00:00:00,be41e48169e00eda,be41e48169e00eda_gasoline_98,E.S. VALENCA,REPSOL,gasoline_98,Gasolina especial 98,Outro,2.217,Valença,Viana do Castelo,EN 13 Km 117 FAVAIS - ARÃO,Arão- Valença,4930-002,42.015051,-8.638627,e.s. valenca,repsol,en 13 km 117 favais - arão,"2,217 €",2026-05-15_dgeg_postos_raw.csv,04140f82364c05f6
2026-05-15,2026-05-15 14:31:32,2026-05-11 00:00:00,9ef5c8aecd542c65,9ef5c8aecd542c65_gasoline_98,E.S. REGUA-CP,REPSOL,gasoline_98,Gasolina especial 98,Outro,2.267,Peso da Régua,Vila Real,Rua da Ferreirinha,Peso da Régua,5050-000,41.15877,-7.78453,e.s. regua-cp,repsol,rua da ferreirinha,"2,267 €",2026-05-15_dgeg_postos_raw.csv,0140599aefa626af
2026-05-15,2026-05-15 14:31:32,2026-05-11 00:00:00,0b4a8d301dc69a40,0b4a8d301dc69a40_gasoline_98,E.S. V. POUCA AGUIAR NOVO,REPSOL,gasoline_98,Gasolina especial 98,Outro,2.217,Vila Pouca de Aguiar,Vila Real,EN 2,Lugar de Lavadouros,5450-000,41.50276,-7.63833,e.s. v. pouca aguiar novo,repsol,en 2,"2,217 €",2026-05-15_dgeg_postos_raw.csv,aff40dab1b9ec292
2026-05-15,2026-05-15 14:31:32,2026-05-11 00:00:00,e1715d0114aa8be5,e1715d0114aa8be5_diesel_regular,E.S. VALPACOS,REPSOL,diesel_regular,Gasóleo simples,Outro,2.029,Valpaços,Vila Real,Bairro do Barreiro,Valpaços,5430-000,41.61162,-7.31303,e.s. valpacos,repsol,bairro do barreiro,"2,029 €",2026-05-15_dgeg_postos_raw.csv,ea249cf207f92c02
2026-05-15,2026-05-15 14:31:32,2026-05-11 00:00:00,e1715d0114aa8be5,e1715d0114aa8be5_diesel_premium,E.S. VALPACOS,REPSOL,diesel_premium,Gasóleo especial,Outro,2.089,Valpaços,Vila Real,Bairro do Barreiro,Valpaços,5430-000,41.61162,-7.31303,e.s. valpacos,repsol,bairro do barreiro,"2,089 €",2026-05-15_dgeg_postos_raw.csv,06ebd196f9725c34
2026-05-15,2026-05-15 14:31:32,2026-05-11 00:00:00,e1715d0114aa8be5,e1715d0114aa8be5_gasoline_95,E.S. VALPACOS,REPSOL,gasoline_95,Gasolina simples 95,Outro,2.027,Valpaços,Vila Real,Bairro do Barreiro,Valpaços,5430-000,41.61162,-7.31303,e.s. valpacos,repsol,bairro do barreiro,"2,027 €",2026-05-15_dgeg_postos_raw.csv,46a01004be2c35af
2026-05-15,2026-05-15 14:31:32,2026-05-11 00:00:00,e1715d0114aa8be5,e1715d0114aa8be5_gasoline_98,E.S. VALPACOS,REPSOL,gasoline_98,Gasolina especial 98,Outro,2.217,Valpaços,Vila Real,Bairro do Barreiro,Valpaços,5430-000,41.61162,-7.31303,e.s. valpacos,repsol,bairro do barreiro,"2,217 €",2026-05-15_dgeg_postos_raw.csv,1282defc422a55da
2026-05-15,2026-05-15 14:31:32,2026-05-11 00:00:00,1b1502f310130fa6,1b1502f310130fa6_gasoline_98,E.S. PENALVA CASTELO,REPSOL,gasoline_98,Gasolina especial 98,Outro,2.247,Penalva do Castelo,Viseu,Penalva do Castelo,Penalva do Castelo,3550-000,40.67025,-7.707789,e.s. penalva castelo,repsol,penalva do castelo,"2,247 €",2026-05-15_dgeg_postos_raw.csv,38919b300a64d7f0
2026-05-15,2026-05-15 14:31:32,2026-05-11 00:00:00,1fa99575a0f1beab,1fa99575a0f1beab_gasoline_98,E.S. CAVERNAES B,REPSOL,gasoline_98,Gasolina especial 98,Outro,2.197,Viseu,Viseu,Cavernães,Viseu,3500-000,40.716869,-7.831481,e.s. cavernaes b,repsol,cavernães,"2,197 €",2026-05-15_dgeg_postos_raw.csv,051555111476dc83
2026-05-15,2026-05-15 14:31:32,2026-05-11 00:00:00,739f4be4e3538375,739f4be4e3538375_gasoline_98,E.S. MAIA CENTRO,REPSOL,gasoline_98,Gasolina especial 98,Outro,2.227,Maia,Porto,Rua Engº Duarte Pacheco nº 661,Maia,4470-000,41.23908,-8.6217,e.s. maia centro,repsol,rua engº duarte pacheco nº 661,"2,227 €",2026-05-15_dgeg_postos_raw.csv,32f6e4a728776f9d
2026-05-15,2026-05-15 14:31:32,2026-05-11 00:00:00,33b37d111f078c21,33b37d111f078c21_diesel_regular,E.S. GAIA - INF. D. HENRIQUE,REPSOL,diesel_regular,Gasóleo simples,Outro,2.079,Vila Nova de Gaia,Porto,Av. Infante D. Henrique nº 955,Vila Nova de Gaia,4400-000,41.1145,-8.61447,e.s. gaia - inf. d. henrique,repsol,av. infante d. henrique nº 955,"2,079 €",2026-05-15_dgeg_postos_raw.csv,35f7478ca2867a13
2026-05-15,2026-05-15 14:31:32,2026-05-11 00:00:00,33b37d111f078c21,33b37d111f078c21_diesel_premium,E.S. GAIA - INF. D. HENRIQUE,REPSOL,diesel_premium,Gasóleo especial,Outro,2.149,Vila Nova de Gaia,Porto,Av. Infante D. Henrique nº 955,Vila Nova de Gaia,4400-000,41.1145,-8.61447,e.s. gaia - inf. d. henrique,repsol,av. infante d. henrique nº 955,"2,149 €",2026-05-15_dgeg_postos_raw.csv,9a4bc59216f8f719
2026-05-15,2026-05-15 14:31:32,2026-05-11 00:00:00,33b37d111f078c21,33b37d111f078c21_gasoline_95,E.S. GAIA - INF. D. HENRIQUE,REPSOL,gasoline_95,Gasolina simples 95,Outro,2.067,Vila Nova de Gaia,Porto,Av. Infante D. Henrique nº 955,Vila Nova de Gaia,4400-000,41.1145,-8.61447,e.s. gaia - inf. d. henrique,repsol,av. infante d. henrique nº 955,"2,067 €",2026-05-15_dgeg_postos_raw.csv,3cb32270c5ec565c
2026-05-15,2026-05-15 14:31:32,2026-05-11 00:00:00,5863ad7d305eca74,5863ad7d305eca74_gasoline_98,E.S. ENTRE-OS-RIOS,REPSOL,gasoline_98,Gasolina especial 98,Outro,2.217,Penafiel,Porto,Lugar da Torre,Portela,4575-000,41.10232,-8.29227,e.s. entre-os-rios,repsol,lugar da torre,"2,217 €",2026-05-15_dgeg_postos_raw.csv,0281dbcabfeecad1
2026-05-15,2026-05-15 14:31:32,2026-05-11 00:00:00,299678c90d083728,299678c90d083728_diesel_regular,E.S. MOREIRA DA MAIA,REPSOL,diesel_regular,Gasóleo simples,Outro,2.079,Maia,Porto,"EN 13 Km 8,4",Moreira da Maia- Guardeiras,4470-000,41.24843,-8.6488,e.s. moreira da maia,repsol,"en 13 km 8,4","2,079 €",2026-05-15_dgeg_postos_raw.csv,5150dafa2b1ffae4
2026-05-15,2026-05-15 14:31:32,2026-05-11 00:00:00,299678c90d083728,299678c90d083728_diesel_premium,E.S. MOREIRA DA MAIA,REPSOL,diesel_premium,Gasóleo especial,Outro,2.149,Maia,Porto,"EN 13 Km 8,4",Moreira da Maia- Guardeiras,4470-000,41.24843,-8.6488,e.s. moreira da maia,repsol,"en 13 km 8,4","2,149 €",2026-05-15_dgeg_postos_raw.csv,80ba888f40926aef
2026-05-15,2026-05-15 14:31:32,2026-05-11 00:00:00,299678c90d083728,299678c90d083728_gasoline_95,E.S. MOREIRA DA MAIA,REPSOL,gasoline_95,Gasolina simples 95,Outro,2.067,Maia,Porto,"EN 13 Km 8,4",Moreira da Maia- Guardeiras,4470-000,41.24843,-8.6488,e.s. moreira da maia,repsol,"en 13 km 8,4","2,067 €",2026-05-15_dgeg_postos_raw.csv,a0e1eb3a57bc2273
2026-05-15,2026-05-15 14:31:32,2026-05-11 00:00:00,299678c90d083728,299678c90d083728_gasoline_98,E.S. MOREIRA DA MAIA,REPSOL,gasoline_98,Gasolina especial 98,Outro,2.267,Maia,Porto,"EN 13 Km 8,4",Moreira da Maia- Guardeiras,4470-000,41.24843,-8.6488,e.s. moreira da maia,repsol,"en 13 km 8,4","2,267 €",2026-05-15_dgeg_postos_raw.csv,b3aa59c17229fd2f
2026-05-15,2026-05-15 14:31:32,2026-05-11 00:00:00,2f6a3fbad5f0f3d0,2f6a3fbad5f0f3d0_diesel_regular,E.S. BROALHOS,REPSOL,diesel_regular,Gasóleo simples,Outro,2.079,Gondomar,Porto,Av. Central Broalhos nº 429,Medas,4420-000,41.0736,-8.45808,e.s. broalhos,repsol,av. central broalhos nº 429,"2,079 €",2026-05-15_dgeg_postos_raw.csv,b26bcded7476a6ef
2026-05-15,2026-05-15 14:31:32,2026-05-11 00:00:00,2f6a3fbad5f0f3d0,2f6a3fbad5f0f3d0_diesel_premium,E.S. BROALHOS,REPSOL,diesel_premium,Gasóleo especial,Outro,2.149,Gondomar,Porto,Av. Central Broalhos nº 429,Medas,4420-000,41.0736,-8.45808,e.s. broalhos,repsol,av. central broalhos nº 429,"2,149 €",2026-05-15_dgeg_postos_raw.csv,d363c0bdd4170293
2026-05-15,2026-05-15 14:31:32,2026-05-11 00:00:00,2f6a3fbad5f0f3d0,2f6a3fbad5f0f3d0_gasoline_95,E.S. BROALHOS,REPSOL,gasoline_95,Gasolina simples 95,Outro,2.067,Gondomar,Porto,Av. Central Broalhos nº 429,Medas,4420-000,41.0736,-8.45808,e.s. broalhos,repsol,av. central broalhos nº 429,"2,067 €",2026-05-15_dgeg_postos_raw.csv,5f1140158b947bcc
2026-05-15,2026-05-15 14:31:32,2026-05-11 00:00:00,2f6a3fbad5f0f3d0,2f6a3fbad5f0f3d0_gasoline_98,E.S. BROALHOS,REPSOL,gasoline_98,Gasolina especial 98,Outro,2.267,Gondomar,Porto,Av. Central Broalhos nº 429,Medas,4420-000,41.0736,-8.45808,e.s. broalhos,repsol,av. central broalhos nº 429,"2,267 €",2026-05-15_dgeg_postos_raw.csv,85d4db474fb617c0
2026-05-15,2026-05-15 14:31:32,2026-05-11 00:00:00,2e19e8f458898dc7,2e19e8f458898dc7_diesel_regular,E.S. SALVATERRA DE MAGOS,REPSOL,diesel_regular,Gasóleo simples,Outro,2.039,Salvaterra de Magos,Santarém,"EN 118 Km 47,1",Salvaterra de Magos,2120-000,39.02391,-8.79299,e.s. salvaterra de magos,repsol,"en 118 km 47,1","2,039 €",2026-05-15_dgeg_postos_raw.csv,e65cc00dc767fd43
2026-05-15,2026-05-15 14:31:32,2026-05-11 00:00:00,2e19e8f458898dc7,2e19e8f458898dc7_diesel_premium,E.S. SALVATERRA DE MAGOS,REPSOL,diesel_premium,Gasóleo especial,Outro,2.099,Salvaterra de Magos,Santarém,"EN 118 Km 47,1",Salvaterra de Magos,2120-000,39.02391,-8.79299,e.s. salvaterra de magos,repsol,"en 118 km 47,1","2,099 €",2026-05-15_dgeg_postos_raw.csv,bafdc454f8f17fd6
2026-05-15,2026-05-15 14:31:32,2026-05-11 00:00:00,2e19e8f458898dc7,2e19e8f458898dc7_gasoline_95,E.S. SALVATERRA DE MAGOS,REPSOL,gasoline_95,Gasolina simples 95,Outro,2.037,Salvaterra de Magos,Santarém,"EN 118 Km 47,1",Salvaterra de Magos,2120-000,39.02391,-8.79299,e.s. salvaterra de magos,repsol,"en 118 km 47,1","2,037 €",2026-05-15_dgeg_postos_raw.csv,67ddc2d18b3b8ddb
2026-05-15,2026-05-15 14:31:32,2026-05-11 00:00:00,399a3064dc2c1ad0,399a3064dc2c1ad0_gasoline_98,E.S. ALTO DO VALE,REPSOL,gasoline_98,Gasolina especial 98,Outro,2.217,Santarém,Santarém,EN 3,Alto do Vale,2005-050,39.18865,-8.74745,e.s. alto do vale,repsol,en 3,"2,217 €",2026-05-15_dgeg_postos_raw.csv,b138275c20a79f91
2026-05-15,2026-05-15 14:31:32,2026-05-11 00:00:00,9cf4c402d32da706,9cf4c402d32da706_diesel_regular,E.S. VALINHO,REPSOL,diesel_regular,Gasóleo simples,Outro,2.079,Ourém,Santarém,Valinho de Fátima,Fátima,2495-000,39.591014,-8.649793,e.s. valinho,repsol,valinho de fátima,"2,079 €",2026-05-15_dgeg_postos_raw.csv,1d3267582541b415
2026-05-15,2026-05-15 14:31:32,2026-05-11 00:00:00,9cf4c402d32da706,9cf4c402d32da706_diesel_premium,E.S. VALINHO,REPSOL,diesel_premium,Gasóleo especial,Outro,2.149,Ourém,Santarém,Valinho de Fátima,Fátima,2495-000,39.591014,-8.649793,e.s. valinho,repsol,valinho de fátima,"2,149 €",2026-05-15_dgeg_postos_raw.csv,13b4f9693209e3d4
2026-05-15,2026-05-15 14:31:32,2026-05-11 00:00:00,9cf4c402d32da706,9cf4c402d32da706_gasoline_95,E.S. VALINHO,REPSOL,gasoline_95,Gasolina simples 95,Outro,2.067,Ourém,Santarém,Valinho de Fátima,Fátima,2495-000,39.591014,-8.649793,e.s. valinho,repsol,valinho de fátima,"2,067 €",2026-05-15_dgeg_postos_raw.csv,c0a7f54b83344d88
2026-05-15,2026-05-15 14:31:32,2026-05-11 00:00:00,9cf4c402d32da706,9cf4c402d32da706_gasoline_98,E.S. VALINHO,REPSOL,gasoline_98,Gasolina especial 98,Outro,2.267,Ourém,Santarém,Valinho de Fátima,Fátima,2495-000,39.591014,-8.649793,e.s. valinho,repsol,valinho de fátima,"2,267 €",2026-05-15_dgeg_postos_raw.csv,9cc4e45f78673a68
2026-05-15,2026-05-15 14:31:32,2026-05-11 00:00:00,b724314fc46bb663,b724314fc46bb663_diesel_regular,E.S. TOMAR CENTRO,REPSOL,diesel_regular,Gasóleo simples,Outro,2.049,Tomar,Santarém,Rua de Coimbra,Tomar,2300-471,39.60909,-8.40244,e.s. tomar centro,repsol,rua de coimbra,"2,049 €",2026-05-15_dgeg_postos_raw.csv,517b4ab666544cda
2026-05-15,2026-05-15 14:31:32,2026-05-11 00:00:00,b724314fc46bb663,b724314fc46bb663_diesel_premium,E.S. TOMAR CENTRO,REPSOL,diesel_premium,Gasóleo especial,Outro,2.099,Tomar,Santarém,Rua de Coimbra,Tomar,2300-471,39.60909,-8.40244,e.s. tomar centro,repsol,rua de coimbra,"2,099 €",2026-05-15_dgeg_postos_raw.csv,92894c49300460cb
2026-05-15,2026-05-15 14:31:32,2026-05-11 00:00:00,b724314fc46bb663,b724314fc46bb663_gasoline_95,E.S. TOMAR CENTRO,REPSOL,gasoline_95,Gasolina simples 95,Outro,2.047,Tomar,Santarém,Rua de Coimbra,Tomar,2300-471,39.60909,-8.40244,e.s. tomar centro,repsol,rua de coimbra,"2,047 €",2026-05-15_dgeg_postos_raw.csv,05b2c1ada24adb57
2026-05-15,2026-05-15 14:31:32,2026-05-11 00:00:00,b724314fc46bb663,b724314fc46bb663_gasoline_98,E.S. TOMAR CENTRO,REPSOL,gasoline_98,Gasolina especial 98,Outro,2.227,Tomar,Santarém,Rua de Coimbra,Tomar,2300-471,39.60909,-8.40244,e.s. tomar centro,repsol,rua de coimbra,"2,227 €",2026-05-15_dgeg_postos_raw.csv,f01b9087525d2c77
2026-05-15,2026-05-15 14:31:32,2026-05-11 00:00:00,6df3570a1bbd67fd,6df3570a1bbd67fd_gasoline_98,E.S. PONTE CHAMUSCA,REPSOL,gasoline_98,Gasolina especial 98,Outro,2.217,Chamusca,Santarém,Ponte da Chamusca,Ponte da Chamusca,2140-000,39.37976,-8.45504,e.s. ponte chamusca,repsol,ponte da chamusca,"2,217 €",2026-05-15_dgeg_postos_raw.csv,9595411f3a5e5e57
2026-05-15,2026-05-15 14:31:32,2026-05-11 00:00:00,d05881b412574791,d05881b412574791_diesel_regular,E.S. PINHAL NOVO,REPSOL,diesel_regular,Gasóleo simples,Outro,2.029,Palmela,Setúbal,"EM 533-1, Fonte da Vaca",Pinhal Novo,2955-001,38.63061,-8.92369,e.s. pinhal novo,repsol,"em 533-1, fonte da vaca","2,029 €",2026-05-15_dgeg_postos_raw.csv,311867487105ec6a
2026-05-15,2026-05-15 14:31:32,2026-05-11 00:00:00,d05881b412574791,d05881b412574791_diesel_premium,E.S. PINHAL NOVO,REPSOL,diesel_premium,Gasóleo especial,Outro,2.089,Palmela,Setúbal,"EM 533-1, Fonte da Vaca",Pinhal Novo,2955-001,38.63061,-8.92369,e.s. pinhal novo,repsol,"em 533-1, fonte da vaca","2,089 €",2026-05-15_dgeg_postos_raw.csv,a4389fe1d47795c8
2026-05-15,2026-05-15 14:31:32,2026-05-11 00:00:00,d05881b412574791,d05881b412574791_gasoline_95,E.S. PINHAL NOVO,REPSOL,gasoline_95,Gasolina simples 95,Outro,2.027,Palmela,Setúbal,"EM 533-1, Fonte da Vaca",Pinhal Novo,2955-001,38.63061,-8.92369,e.s. pinhal novo,repsol,"em 533-1, fonte da vaca","2,027 €",2026-05-15_dgeg_postos_raw.csv,6a0cb68ee67c1195
2026-05-15,2026-05-15 14:31:32,2026-05-11 00:00:00,99b021b98483e971,99b021b98483e971_diesel_regular,E.S. COVA PIEDADE,REPSOL,diesel_regular,Gasóleo simples,Outro,2.079,Almada,Setúbal,Av. 23 de Julho,Almada,2805-255,38.667753,-9.159717,e.s. cova piedade,repsol,av. 23 de julho,"2,079 €",2026-05-15_dgeg_postos_raw.csv,6013fc13515996e3
2026-05-15,2026-05-15 14:31:32,2026-05-11 00:00:00,99b021b98483e971,99b021b98483e971_diesel_premium,E.S. COVA PIEDADE,REPSOL,diesel_premium,Gasóleo especial,Outro,2.149,Almada,Setúbal,Av. 23 de Julho,Almada,2805-255,38.667753,-9.159717,e.s. cova piedade,repsol,av. 23 de julho,"2,149 €",2026-05-15_dgeg_postos_raw.csv,0a009c024a87beaf
2026-05-15,2026-05-15 14:31:32,2026-05-11 00:00:00,99b021b98483e971,99b021b98483e971_gasoline_95,E.S. COVA PIEDADE,REPSOL,gasoline_95,Gasolina simples 95,Outro,2.067,Almada,Setúbal,Av. 23 de Julho,Almada,2805-255,38.667753,-9.159717,e.s. cova piedade,repsol,av. 23 de julho,"2,067 €",2026-05-15_dgeg_postos_raw.csv,e42852643667baf6
2026-05-15,2026-05-15 14:31:32,2026-05-11 00:00:00,99b021b98483e971,99b021b98483e971_gasoline_98,E.S. COVA PIEDADE,REPSOL,gasoline_98,Gasolina especial 98,Outro,2.267,Almada,Setúbal,Av. 23 de Julho,Almada,2805-255,38.667753,-9.159717,e.s. cova piedade,repsol,av. 23 de julho,"2,267 €",2026-05-15_dgeg_postos_raw.csv,e43eab787d74f82f
2026-05-15,2026-05-15 14:31:32,2026-05-11 00:00:00,8395a75733ac5539,8395a75733ac5539_diesel_regular,E.S. SETUBAL,REPSOL,diesel_regular,Gasóleo simples,Outro,2.019,Setúbal,Setúbal,EN 10,Rio Figueira,2900-000,38.5307,-8.89874,e.s. setubal,repsol,en 10,"2,019 €",2026-05-15_dgeg_postos_raw.csv,e81029df48e64dba
2026-05-15,2026-05-15 14:31:32,2026-05-11 00:00:00,8395a75733ac5539,8395a75733ac5539_diesel_premium,E.S. SETUBAL,REPSOL,diesel_premium,Gasóleo especial,Outro,2.069,Setúbal,Setúbal,EN 10,Rio Figueira,2900-000,38.5307,-8.89874,e.s. setubal,repsol,en 10,"2,069 €",2026-05-15_dgeg_postos_raw.csv,f7c47b7c05a84031
2026-05-15,2026-05-15 14:31:32,2026-05-11 00:00:00,8395a75733ac5539,8395a75733ac5539_gasoline_95,E.S. SETUBAL,REPSOL,gasoline_95,Gasolina simples 95,Outro,2.017,Setúbal,Setúbal,EN 10,Rio Figueira,2900-000,38.5307,-8.89874,e.s. setubal,repsol,en 10,"2,017 €",2026-05-15_dgeg_postos_raw.csv,6de62e199521d604
2026-05-15,2026-05-15 14:31:32,2026-05-11 00:00:00,ac571febfdc2bc61,ac571febfdc2bc61_diesel_regular,E.S. MAÇA,REPSOL,diesel_regular,Gasóleo simples,Outro,2.029,Sesimbra,Setúbal,"EN 379 Km 13,830 D",Maca Castelo,2970-139,38.473275,-9.08315,e.s. maça,repsol,"en 379 km 13,830 d","2,029 €",2026-05-15_dgeg_postos_raw.csv,7f74224049ab7345
2026-05-15,2026-05-15 14:31:32,2026-05-11 00:00:00,ac571febfdc2bc61,ac571febfdc2bc61_diesel_premium,E.S. MAÇA,REPSOL,diesel_premium,Gasóleo especial,Outro,2.089,Sesimbra,Setúbal,"EN 379 Km 13,830 D",Maca Castelo,2970-139,38.473275,-9.08315,e.s. maça,repsol,"en 379 km 13,830 d","2,089 €",2026-05-15_dgeg_postos_raw.csv,1752db7c836963c0
2026-05-15,2026-05-15 14:31:32,2026-05-11 00:00:00,ac571febfdc2bc61,ac571febfdc2bc61_gasoline_95,E.S. MAÇA,REPSOL,gasoline_95,Gasolina simples 95,Outro,2.027,Sesimbra,Setúbal,"EN 379 Km 13,830 D",Maca Castelo,2970-139,38.473275,-9.08315,e.s. maça,repsol,"en 379 km 13,830 d","2,027 €",2026-05-15_dgeg_postos_raw.csv,0313f4df354c5840
2026-05-15,2026-05-15 14:31:32,2026-05-11 00:00:00,ac571febfdc2bc61,ac571febfdc2bc61_gasoline_98,E.S. MAÇA,REPSOL,gasoline_98,Gasolina especial 98,Outro,2.217,Sesimbra,Setúbal,"EN 379 Km 13,830 D",Maca Castelo,2970-139,38.473275,-9.08315,e.s. maça,repsol,"en 379 km 13,830 d","2,217 €",2026-05-15_dgeg_postos_raw.csv,cf3a83af700f5e4c
2026-05-15,2026-05-15 14:31:32,2026-05-11 00:00:00,6d7b90492da41c9c,6d7b90492da41c9c_diesel_regular,E.S. MONTIJO I,REPSOL,diesel_regular,Gasóleo simples,Outro,2.029,Montijo,Setúbal,Av. Olivença (Circular),Montijo,2870-000,38.71226,-8.96557,e.s. montijo i,repsol,av. olivença (circular),"2,029 €",2026-05-15_dgeg_postos_raw.csv,238a768e578faa2c
2026-05-15,2026-05-15 14:31:32,2026-05-11 00:00:00,6d7b90492da41c9c,6d7b90492da41c9c_diesel_premium,E.S. MONTIJO I,REPSOL,diesel_premium,Gasóleo especial,Outro,2.089,Montijo,Setúbal,Av. Olivença (Circular),Montijo,2870-000,38.71226,-8.96557,e.s. montijo i,repsol,av. olivença (circular),"2,089 €",2026-05-15_dgeg_postos_raw.csv,c8a985c8a554fa69
2026-05-15,2026-05-15 14:31:32,2026-05-11 00:00:00,6d7b90492da41c9c,6d7b90492da41c9c_gasoline_95,E.S. MONTIJO I,REPSOL,gasoline_95,Gasolina simples 95,Outro,2.027,Montijo,Setúbal,Av. Olivença (Circular),Montijo,2870-000,38.71226,-8.96557,e.s. montijo i,repsol,av. olivença (circular),"2,027 €",2026-05-15_dgeg_postos_raw.csv,eb74309612bdf127
2026-05-15,2026-05-15 14:31:32,2026-05-11 00:00:00,6d7b90492da41c9c,6d7b90492da41c9c_gasoline_98,E.S. MONTIJO I,REPSOL,gasoline_98,Gasolina especial 98,Outro,2.217,Montijo,Setúbal,Av. Olivença (Circular),Montijo,2870-000,38.71226,-8.96557,e.s. montijo i,repsol,av. olivença (circular),"2,217 €",2026-05-15_dgeg_postos_raw.csv,e753cc6165b9fe20
2026-05-15,2026-05-15 14:31:32,2026-05-11 00:00:00,ebd51773c60b6b7f,ebd51773c60b6b7f_diesel_regular,E.S. MONTIJO II,REPSOL,diesel_regular,Gasóleo simples,Outro,2.029,Montijo,Setúbal,Av. Olivença,Montijo,2870-000,38.71191,-8.966,e.s. montijo ii,repsol,av. olivença,"2,029 €",2026-05-15_dgeg_postos_raw.csv,3ada07b844b8a427
2026-05-15,2026-05-15 14:31:32,2026-05-11 00:00:00,ebd51773c60b6b7f,ebd51773c60b6b7f_diesel_premium,E.S. MONTIJO II,REPSOL,diesel_premium,Gasóleo especial,Outro,2.089,Montijo,Setúbal,Av. Olivença,Montijo,2870-000,38.71191,-8.966,e.s. montijo ii,repsol,av. olivença,"2,089 €",2026-05-15_dgeg_postos_raw.csv,6699e64b9dc264f6
2026-05-15,2026-05-15 14:31:32,2026-05-11 00:00:00,ebd51773c60b6b7f,ebd51773c60b6b7f_gasoline_95,E.S. MONTIJO II,REPSOL,gasoline_95,Gasolina simples 95,Outro,2.027,Montijo,Setúbal,Av. Olivença,Montijo,2870-000,38.71191,-8.966,e.s. montijo ii,repsol,av. olivença,"2,027 €",2026-05-15_dgeg_postos_raw.csv,15ef9b84a09d7c08
2026-05-15,2026-05-15 14:31:32,2026-05-11 00:00:00,2fd1580cd0f0d4c0,2fd1580cd0f0d4c0_diesel_regular,E.S. CANAL CAVEIRA A,REPSOL,diesel_regular,Gasóleo simples,Outro,2.029,Grândola,Setúbal,"EN 259 Km 12,4",Vila Joanas-Azinheira Barros,7570-000,38.121458333,-8.446916667,e.s. canal caveira a,repsol,"en 259 km 12,4","2,029 €",2026-05-15_dgeg_postos_raw.csv,b26788c80de24139
2026-05-15,2026-05-15 14:31:32,2026-05-11 00:00:00,2fd1580cd0f0d4c0,2fd1580cd0f0d4c0_diesel_premium,E.S. CANAL CAVEIRA A,REPSOL,diesel_premium,Gasóleo especial,Outro,2.089,Grândola,Setúbal,"EN 259 Km 12,4",Vila Joanas-Azinheira Barros,7570-000,38.121458333,-8.446916667,e.s. canal caveira a,repsol,"en 259 km 12,4","2,089 €",2026-05-15_dgeg_postos_raw.csv,0ee6c8aa6336d2a6
2026-05-15,2026-05-15 14:31:32,2026-05-11 00:00:00,2fd1580cd0f0d4c0,2fd1580cd0f0d4c0_gasoline_95,E.S. CANAL CAVEIRA A,REPSOL,gasoline_95,Gasolina simples 95,Outro,2.027,Grândola,Setúbal,"EN 259 Km 12,4",Vila Joanas-Azinheira Barros,7570-000,38.121458333,-8.446916667,e.s. canal caveira a,repsol,"en 259 km 12,4","2,027 €",2026-05-15_dgeg_postos_raw.csv,a42a99f4902e63e8
2026-05-15,2026-05-15 14:31:32,2026-05-11 00:00:00,8af0879c41a85c44,8af0879c41a85c44_diesel_regular,E.S. CANAL CAVEIRA B,REPSOL,diesel_regular,Gasóleo simples,Outro,2.029,Grândola,Setúbal,"EN 259 Km 12,4",Vale Joanas-Azi. dos Barros,7570-000,38.121711111,-8.4453,e.s. canal caveira b,repsol,"en 259 km 12,4","2,029 €",2026-05-15_dgeg_postos_raw.csv,d6bcc26cc7bff156
2026-05-15,2026-05-15 14:31:32,2026-05-11 00:00:00,8af0879c41a85c44,8af0879c41a85c44_diesel_premium,E.S. CANAL CAVEIRA B,REPSOL,diesel_premium,Gasóleo especial,Outro,2.089,Grândola,Setúbal,"EN 259 Km 12,4",Vale Joanas-Azi. dos Barros,7570-000,38.121711111,-8.4453,e.s. canal caveira b,repsol,"en 259 km 12,4","2,089 €",2026-05-15_dgeg_postos_raw.csv,ebe2680e85404860
2026-05-15,2026-05-15 14:31:32,2026-05-11 00:00:00,8af0879c41a85c44,8af0879c41a85c44_gasoline_95,E.S. CANAL CAVEIRA B,REPSOL,gasoline_95,Gasolina simples 95,Outro,2.027,Grândola,Setúbal,"EN 259 Km 12,4",Vale Joanas-Azi. dos Barros,7570-000,38.121711111,-8.4453,e.s. canal caveira b,repsol,"en 259 km 12,4","2,027 €",2026-05-15_dgeg_postos_raw.csv,19ec2471fab358af
2026-05-15,2026-05-15 14:31:32,2026-05-11 00:00:00,751a69fc681cc8af,751a69fc681cc8af_diesel_regular,PA Fonte Santa - V.N.Cacela,Genérico,diesel_regular,Gasóleo simples,Outro,2.079,Vila Real de Santo António,Faro,Fonte Santa,Montes Chave de Ouro,8900-118,37.170383,-7.54051,pa fonte santa - v.n.cacela,genérico,fonte santa,"2,079 €",2026-05-15_dgeg_postos_raw.csv,ba42a7a8c005cf93
2026-05-15,2026-05-15 14:31:32,2026-05-11 00:00:00,751a69fc681cc8af,751a69fc681cc8af_diesel_premium,PA Fonte Santa - V.N.Cacela,Genérico,diesel_premium,Gasóleo especial,Outro,2.114,Vila Real de Santo António,Faro,Fonte Santa,Montes Chave de Ouro,8900-118,37.170383,-7.54051,pa fonte santa - v.n.cacela,genérico,fonte santa,"2,114 €",2026-05-15_dgeg_postos_raw.csv,6af42c0838b93350
2026-05-15,2026-05-15 14:31:32,2026-05-11 00:00:00,751a69fc681cc8af,751a69fc681cc8af_gasoline_95,PA Fonte Santa - V.N.Cacela,Genérico,gasoline_95,Gasolina simples 95,Outro,2.067,Vila Real de Santo António,Faro,Fonte Santa,Montes Chave de Ouro,8900-118,37.170383,-7.54051,pa fonte santa - v.n.cacela,genérico,fonte santa,"2,067 €",2026-05-15_dgeg_postos_raw.csv,1a81ca744edde336
2026-05-15,2026-05-15 14:31:32,2026-05-11 00:00:00,dc3689ba56e85d46,dc3689ba56e85d46_diesel_regular,E.S. MARINHA ONDAS A,REPSOL,diesel_regular,Gasóleo simples,Outro,2.079,Figueira da Foz,Coimbra,Variante da EN 109,Marinha das Ondas,3080-000,40.03005,-8.8342,e.s. marinha ondas a,repsol,variante da en 109,"2,079 €",2026-05-15_dgeg_postos_raw.csv,516cf4f67d8540ee
2026-05-15,2026-05-15 14:31:32,2026-05-11 00:00:00,dc3689ba56e85d46,dc3689ba56e85d46_gasoline_95,E.S. MARINHA ONDAS A,REPSOL,gasoline_95,Gasolina simples 95,Outro,2.067,Figueira da Foz,Coimbra,Variante da EN 109,Marinha das Ondas,3080-000,40.03005,-8.8342,e.s. marinha ondas a,repsol,variante da en 109,"2,067 €",2026-05-15_dgeg_postos_raw.csv,5ffa24f5de4b2d44
2026-05-15,2026-05-15 14:31:32,2026-05-11 00:00:00,dc3689ba56e85d46,dc3689ba56e85d46_gasoline_98,E.S. MARINHA ONDAS A,REPSOL,gasoline_98,Gasolina especial 98,Outro,2.267,Figueira da Foz,Coimbra,Variante da EN 109,Marinha das Ondas,3080-000,40.03005,-8.8342,e.s. marinha ondas a,repsol,variante da en 109,"2,267 €",2026-05-15_dgeg_postos_raw.csv,4474111f3d96a356
2026-05-15,2026-05-15 14:31:32,2026-05-11 00:00:00,642fb44e3d4d70f6,642fb44e3d4d70f6_diesel_regular,E.S. MARINHA ONDAS B,REPSOL,diesel_regular,Gasóleo simples,Outro,2.079,Figueira da Foz,Coimbra,Variante da EN 109,Marinha das Ondas,3080-000,40.02982,-8.83434,e.s. marinha ondas b,repsol,variante da en 109,"2,079 €",2026-05-15_dgeg_postos_raw.csv,12e362fd4dd04aec
2026-05-15,2026-05-15 14:31:32,2026-05-11 00:00:00,642fb44e3d4d70f6,642fb44e3d4d70f6_diesel_premium,E.S. MARINHA ONDAS B,REPSOL,diesel_premium,Gasóleo especial,Outro,2.149,Figueira da Foz,Coimbra,Variante da EN 109,Marinha das Ondas,3080-000,40.02982,-8.83434,e.s. marinha ondas b,repsol,variante da en 109,"2,149 €",2026-05-15_dgeg_postos_raw.csv,7a700fbd19423bcd
2026-05-15,2026-05-15 14:31:32,2026-05-11 00:00:00,642fb44e3d4d70f6,642fb44e3d4d70f6_gasoline_95,E.S. MARINHA ONDAS B,REPSOL,gasoline_95,Gasolina simples 95,Outro,2.067,Figueira da Foz,Coimbra,Variante da EN 109,Marinha das Ondas,3080-000,40.02982,-8.83434,e.s. marinha ondas b,repsol,variante da en 109,"2,067 €",2026-05-15_dgeg_postos_raw.csv,3a0fe598df1797fb
2026-05-15,2026-05-15 14:31:32,2026-05-11 00:00:00,5e116d06eb058a90,5e116d06eb058a90_diesel_regular,E.S. FIGUEIRA FOZ,REPSOL,diesel_regular,Gasóleo simples,Outro,2.039,Figueira da Foz,Coimbra,Bairro da Estação,Figueira da Foz,3080-000,40.14918,-8.84704,e.s. figueira foz,repsol,bairro da estação,"2,039 €",2026-05-15_dgeg_postos_raw.csv,23d9af4a3c34d4f0
2026-05-15,2026-05-15 14:31:32,2026-05-11 00:00:00,5e116d06eb058a90,5e116d06eb058a90_diesel_premium,E.S. FIGUEIRA FOZ,REPSOL,diesel_premium,Gasóleo especial,Outro,2.099,Figueira da Foz,Coimbra,Bairro da Estação,Figueira da Foz,3080-000,40.14918,-8.84704,e.s. figueira foz,repsol,bairro da estação,"2,099 €",2026-05-15_dgeg_postos_raw.csv,17f40f3c4adbb478
2026-05-15,2026-05-15 14:31:32,2026-05-11 00:00:00,5e116d06eb058a90,5e116d06eb058a90_gasoline_95,E.S. FIGUEIRA FOZ,REPSOL,gasoline_95,Gasolina simples 95,Outro,2.037,Figueira da Foz,Coimbra,Bairro da Estação,Figueira da Foz,3080-000,40.14918,-8.84704,e.s. figueira foz,repsol,bairro da estação,"2,037 €",2026-05-15_dgeg_postos_raw.csv,a61d7d5df6e7330e
2026-05-15,2026-05-15 14:31:32,2026-05-11 00:00:00,5e116d06eb058a90,5e116d06eb058a90_gasoline_98,E.S. FIGUEIRA FOZ,REPSOL,gasoline_98,Gasolina especial 98,Outro,2.227,Figueira da Foz,Coimbra,Bairro da Estação,Figueira da Foz,3080-000,40.14918,-8.84704,e.s. figueira foz,repsol,bairro da estação,"2,227 €",2026-05-15_dgeg_postos_raw.csv,adce37bd51ceba49
2026-05-15,2026-05-15 14:31:32,2026-05-11 00:00:00,bec1b839e60d44cb,bec1b839e60d44cb_diesel_regular,E.S. ANÇÃ-CANTANHEDE,REPSOL,diesel_regular,Gasóleo simples,Outro,2.049,Cantanhede,Coimbra,"EN 243 Km 12,190",Rossio - Ança,3060-000,40.26845,-8.5086,e.s. ançã-cantanhede,repsol,"en 243 km 12,190","2,049 €",2026-05-15_dgeg_postos_raw.csv,a7bf54252467c23f
2026-05-15,2026-05-15 14:31:32,2026-05-11 00:00:00,bec1b839e60d44cb,bec1b839e60d44cb_diesel_premium,E.S. ANÇÃ-CANTANHEDE,REPSOL,diesel_premium,Gasóleo especial,Outro,2.109,Cantanhede,Coimbra,"EN 243 Km 12,190",Rossio - Ança,3060-000,40.26845,-8.5086,e.s. ançã-cantanhede,repsol,"en 243 km 12,190","2,109 €",2026-05-15_dgeg_postos_raw.csv,2a629cdaae957006
2026-05-15,2026-05-15 14:31:32,2026-05-11 00:00:00,bec1b839e60d44cb,bec1b839e60d44cb_gasoline_95,E.S. ANÇÃ-CANTANHEDE,REPSOL,gasoline_95,Gasolina simples 95,Outro,2.047,Cantanhede,Coimbra,"EN 243 Km 12,190",Rossio - Ança,3060-000,40.26845,-8.5086,e.s. ançã-cantanhede,repsol,"en 243 km 12,190","2,047 €",2026-05-15_dgeg_postos_raw.csv,b4162cb41c7f9c3c
2026-05-15,2026-05-15 14:31:32,2026-05-11 00:00:00,bec1b839e60d44cb,bec1b839e60d44cb_gasoline_98,E.S. ANÇÃ-CANTANHEDE,REPSOL,gasoline_98,Gasolina especial 98,Outro,2.227,Cantanhede,Coimbra,"EN 243 Km 12,190",Rossio - Ança,3060-000,40.26845,-8.5086,e.s. ançã-cantanhede,repsol,"en 243 km 12,190","2,227 €",2026-05-15_dgeg_postos_raw.csv,3cce0636f0028f3d
2026-05-15,2026-05-15 14:31:32,2026-05-11 00:00:00,3b2206104bb0b925,3b2206104bb0b925_diesel_regular,E.S. CONDEIXA A,REPSOL,diesel_regular,Gasóleo simples,Outro,2.029,Coimbra,Coimbra,EN 1,Condeixa,3150-000,40.1259,-8.48953,e.s. condeixa a,repsol,en 1,"2,029 €",2026-05-15_dgeg_postos_raw.csv,5ff4198583f2c5cf
2026-05-15,2026-05-15 14:31:32,2026-05-11 00:00:00,3b2206104bb0b925,3b2206104bb0b925_diesel_premium,E.S. CONDEIXA A,REPSOL,diesel_premium,Gasóleo especial,Outro,2.089,Coimbra,Coimbra,EN 1,Condeixa,3150-000,40.1259,-8.48953,e.s. condeixa a,repsol,en 1,"2,089 €",2026-05-15_dgeg_postos_raw.csv,19ac9a64c05d003d
2026-05-15,2026-05-15 14:31:32,2026-05-11 00:00:00,3b2206104bb0b925,3b2206104bb0b925_gasoline_95,E.S. CONDEIXA A,REPSOL,gasoline_95,Gasolina simples 95,Outro,2.027,Coimbra,Coimbra,EN 1,Condeixa,3150-000,40.1259,-8.48953,e.s. condeixa a,repsol,en 1,"2,027 €",2026-05-15_dgeg_postos_raw.csv,3217d91600c86d87
2026-05-15,2026-05-15 14:31:32,2026-05-11 00:00:00,3b2206104bb0b925,3b2206104bb0b925_gasoline_98,E.S. CONDEIXA A,REPSOL,gasoline_98,Gasolina especial 98,Outro,2.217,Coimbra,Coimbra,EN 1,Condeixa,3150-000,40.1259,-8.48953,e.s. condeixa a,repsol,en 1,"2,217 €",2026-05-15_dgeg_postos_raw.csv,b432755e5523bd71
2026-05-15,2026-05-15 14:31:32,2026-05-11 00:00:00,a6ef0727da3003ac,a6ef0727da3003ac_diesel_regular,E.S. CONDEIXA B,REPSOL,diesel_regular,Gasóleo simples,Outro,2.029,Coimbra,Coimbra,EN 1,Condeixa,3150-000,40.12586,-8.48868,e.s. condeixa b,repsol,en 1,"2,029 €",2026-05-15_dgeg_postos_raw.csv,60a9ff123255ae14
2026-05-15,2026-05-15 14:31:32,2026-05-11 00:00:00,a6ef0727da3003ac,a6ef0727da3003ac_diesel_premium,E.S. CONDEIXA B,REPSOL,diesel_premium,Gasóleo especial,Outro,2.089,Coimbra,Coimbra,EN 1,Condeixa,3150-000,40.12586,-8.48868,e.s. condeixa b,repsol,en 1,"2,089 €",2026-05-15_dgeg_postos_raw.csv,99a39861dfdb1557
2026-05-15,2026-05-15 14:31:32,2026-05-11 00:00:00,a6ef0727da3003ac,a6ef0727da3003ac_gasoline_95,E.S. CONDEIXA B,REPSOL,gasoline_95,Gasolina simples 95,Outro,2.027,Coimbra,Coimbra,EN 1,Condeixa,3150-000,40.12586,-8.48868,e.s. condeixa b,repsol,en 1,"2,027 €",2026-05-15_dgeg_postos_raw.csv,5187f7766333f712
2026-05-15,2026-05-15 14:31:32,2026-05-11 00:00:00,a6ef0727da3003ac,a6ef0727da3003ac_gasoline_98,E.S. CONDEIXA B,REPSOL,gasoline_98,Gasolina especial 98,Outro,2.217,Coimbra,Coimbra,EN 1,Condeixa,3150-000,40.12586,-8.48868,e.s. condeixa b,repsol,en 1,"2,217 €",2026-05-15_dgeg_postos_raw.csv,6f0d00648dd622f4
2026-05-15,2026-05-15 14:31:32,2026-05-11 00:00:00,8d98794896752362,8d98794896752362_diesel_regular,E.S. CANTANHEDE,REPSOL,diesel_regular,Gasóleo simples,Outro,2.049,Cantanhede,Coimbra,EN 234 (Av. de Portugal),Cantanhede,3060-000,40.344141,-8.581877,e.s. cantanhede,repsol,en 234 (av. de portugal),"2,049 €",2026-05-15_dgeg_postos_raw.csv,9138ae8beff16520
2026-05-15,2026-05-15 14:31:32,2026-05-11 00:00:00,8d98794896752362,8d98794896752362_diesel_premium,E.S. CANTANHEDE,REPSOL,diesel_premium,Gasóleo especial,Outro,2.109,Cantanhede,Coimbra,EN 234 (Av. de Portugal),Cantanhede,3060-000,40.344141,-8.581877,e.s. cantanhede,repsol,en 234 (av. de portugal),"2,109 €",2026-05-15_dgeg_postos_raw.csv,ea09cc74d6e28fc7
2026-05-15,2026-05-15 14:31:32,2026-05-11 00:00:00,8d98794896752362,8d98794896752362_gasoline_95,E.S. CANTANHEDE,REPSOL,gasoline_95,Gasolina simples 95,Outro,2.047,Cantanhede,Coimbra,EN 234 (Av. de Portugal),Cantanhede,3060-000,40.344141,-8.581877,e.s. cantanhede,repsol,en 234 (av. de portugal),"2,047 €",2026-05-15_dgeg_postos_raw.csv,445e73c6c520226b
2026-05-15,2026-05-15 14:31:32,2026-05-11 00:00:00,8d98794896752362,8d98794896752362_gasoline_98,E.S. CANTANHEDE,REPSOL,gasoline_98,Gasolina especial 98,Outro,2.227,Cantanhede,Coimbra,EN 234 (Av. de Portugal),Cantanhede,3060-000,40.344141,-8.581877,e.s. cantanhede,repsol,en 234 (av. de portugal),"2,227 €",2026-05-15_dgeg_postos_raw.csv,683c390e2e42ad03
2026-05-15,2026-05-15 14:31:32,2026-05-11 00:00:00,ff68d2f46e3ce972,ff68d2f46e3ce972_gasoline_98,E.S. TOCHA A,REPSOL,gasoline_98,Gasolina especial 98,Outro,2.217,Cantanhede,Coimbra,EN 109,Inácios,3060-000,40.303283,-8.75867,e.s. tocha a,repsol,en 109,"2,217 €",2026-05-15_dgeg_postos_raw.csv,35565f3863d423e2
2026-05-15,2026-05-15 14:31:32,2026-05-11 00:00:00,45354bc079e596c2,45354bc079e596c2_gasoline_98,E.S. TOCHA B,REPSOL,gasoline_98,Gasolina especial 98,Outro,2.217,Cantanhede,Coimbra,"EN 109 KM 98,5 LUGAR DE INÁCIOS",Tocha,3060-701,40.30343,-8.75902,e.s. tocha b,repsol,"en 109 km 98,5 lugar de inácios","2,217 €",2026-05-15_dgeg_postos_raw.csv,6fd6d56bab4cd0e2
2026-05-15,2026-05-15 14:31:32,2026-05-11 00:00:00,87ed4be1b04b9264,87ed4be1b04b9264_diesel_regular,E.S. MONTEMOR,REPSOL,diesel_regular,Gasóleo simples,Outro,2.049,Montemor-o-Novo,Évora,Av. Gago Coutinho nº 17,Montemor-o-Novo,7050-000,38.65013,-8.21908,e.s. montemor,repsol,av. gago coutinho nº 17,"2,049 €",2026-05-15_dgeg_postos_raw.csv,f303bd925420de75
2026-05-15,2026-05-15 14:31:32,2026-05-11 00:00:00,87ed4be1b04b9264,87ed4be1b04b9264_diesel_premium,E.S. MONTEMOR,REPSOL,diesel_premium,Gasóleo especial,Outro,2.109,Montemor-o-Novo,Évora,Av. Gago Coutinho nº 17,Montemor-o-Novo,7050-000,38.65013,-8.21908,e.s. montemor,repsol,av. gago coutinho nº 17,"2,109 €",2026-05-15_dgeg_postos_raw.csv,36c935e27e93d791
2026-05-15,2026-05-15 14:31:32,2026-05-11 00:00:00,87ed4be1b04b9264,87ed4be1b04b9264_gasoline_95,E.S. MONTEMOR,REPSOL,gasoline_95,Gasolina simples 95,Outro,2.047,Montemor-o-Novo,Évora,Av. Gago Coutinho nº 17,Montemor-o-Novo,7050-000,38.65013,-8.21908,e.s. montemor,repsol,av. gago coutinho nº 17,"2,047 €",2026-05-15_dgeg_postos_raw.csv,b92dc4d9c118f185
2026-05-15,2026-05-15 14:31:32,2026-05-11 00:00:00,87ed4be1b04b9264,87ed4be1b04b9264_gasoline_98,E.S. MONTEMOR,REPSOL,gasoline_98,Gasolina especial 98,Outro,2.227,Montemor-o-Novo,Évora,Av. Gago Coutinho nº 17,Montemor-o-Novo,7050-000,38.65013,-8.21908,e.s. montemor,repsol,av. gago coutinho nº 17,"2,227 €",2026-05-15_dgeg_postos_raw.csv,59b8b62939cdac79
2026-05-15,2026-05-15 14:31:32,2026-05-11 00:00:00,4b7d57042b28b459,4b7d57042b28b459_diesel_regular,E.S. VENDAS NOVAS CENTRO,REPSOL,diesel_regular,Gasóleo simples,Outro,2.029,Vendas Novas,Évora,Rua S. João de Deus,Vendas Novas,7080-000,38.67626,-8.45311,e.s. vendas novas centro,repsol,rua s. joão de deus,"2,029 €",2026-05-15_dgeg_postos_raw.csv,c7d4f577b2a0515e
2026-05-15,2026-05-15 14:31:32,2026-05-11 00:00:00,4b7d57042b28b459,4b7d57042b28b459_diesel_premium,E.S. VENDAS NOVAS CENTRO,REPSOL,diesel_premium,Gasóleo especial,Outro,2.089,Vendas Novas,Évora,Rua S. João de Deus,Vendas Novas,7080-000,38.67626,-8.45311,e.s. vendas novas centro,repsol,rua s. joão de deus,"2,089 €",2026-05-15_dgeg_postos_raw.csv,2a2df4b83b240d62
2026-05-15,2026-05-15 14:31:32,2026-05-11 00:00:00,4b7d57042b28b459,4b7d57042b28b459_gasoline_95,E.S. VENDAS NOVAS CENTRO,REPSOL,gasoline_95,Gasolina simples 95,Outro,2.027,Vendas Novas,Évora,Rua S. João de Deus,Vendas Novas,7080-000,38.67626,-8.45311,e.s. vendas novas centro,repsol,rua s. joão de deus,"2,027 €",2026-05-15_dgeg_postos_raw.csv,2fe29447813e3270
2026-05-15,2026-05-15 14:31:32,2026-05-11 00:00:00,dbc676467ca0fd2e,dbc676467ca0fd2e_diesel_regular,E.S. PORTELA DE MESSINES,REPSOL,diesel_regular,Gasóleo simples,Outro,2.079,Silves,Faro,EN 124,Portela de Messines-Sítio de Combros ou Abertas,8375-066,37.247244,-8.254897,e.s. portela de messines,repsol,en 124,"2,079 €",2026-05-15_dgeg_postos_raw.csv,115823c6e207ea2b
2026-05-15,2026-05-15 14:31:32,2026-05-11 00:00:00,dbc676467ca0fd2e,dbc676467ca0fd2e_diesel_premium,E.S. PORTELA DE MESSINES,REPSOL,diesel_premium,Gasóleo especial,Outro,2.149,Silves,Faro,EN 124,Portela de Messines-Sítio de Combros ou Abertas,8375-066,37.247244,-8.254897,e.s. portela de messines,repsol,en 124,"2,149 €",2026-05-15_dgeg_postos_raw.csv,b142967634e4c280
2026-05-15,2026-05-15 14:31:32,2026-05-11 00:00:00,dbc676467ca0fd2e,dbc676467ca0fd2e_gasoline_95,E.S. PORTELA DE MESSINES,REPSOL,gasoline_95,Gasolina simples 95,Outro,2.067,Silves,Faro,EN 124,Portela de Messines-Sítio de Combros ou Abertas,8375-066,37.247244,-8.254897,e.s. portela de messines,repsol,en 124,"2,067 €",2026-05-15_dgeg_postos_raw.csv,4d71bfde7e3cc033
2026-05-15,2026-05-15 14:31:32,2026-05-11 00:00:00,39f0c1d896e7d6b5,39f0c1d896e7d6b5_diesel_regular,E.S. CERCADO A,REPSOL,diesel_regular,Gasóleo simples,Outro,2.079,Loulé,Faro,EN 125-CERCADO,Quarteira,8125-013,37.10369,-8.0733,e.s. cercado a,repsol,en 125-cercado,"2,079 €",2026-05-15_dgeg_postos_raw.csv,9efa4e53d67fef38
2026-05-15,2026-05-15 14:31:32,2026-05-11 00:00:00,39f0c1d896e7d6b5,39f0c1d896e7d6b5_diesel_premium,E.S. CERCADO A,REPSOL,diesel_premium,Gasóleo especial,Outro,2.149,Loulé,Faro,EN 125-CERCADO,Quarteira,8125-013,37.10369,-8.0733,e.s. cercado a,repsol,en 125-cercado,"2,149 €",2026-05-15_dgeg_postos_raw.csv,29ff3a94cd637819
2026-05-15,2026-05-15 14:31:32,2026-05-11 00:00:00,39f0c1d896e7d6b5,39f0c1d896e7d6b5_gasoline_95,E.S. CERCADO A,REPSOL,gasoline_95,Gasolina simples 95,Outro,2.067,Loulé,Faro,EN 125-CERCADO,Quarteira,8125-013,37.10369,-8.0733,e.s. cercado a,repsol,en 125-cercado,"2,067 €",2026-05-15_dgeg_postos_raw.csv,b1acfd3619a1d397
2026-05-15,2026-05-15 14:31:32,2026-05-11 00:00:00,39f0c1d896e7d6b5,39f0c1d896e7d6b5_gasoline_98,E.S. CERCADO A,REPSOL,gasoline_98,Gasolina especial 98,Outro,2.267,Loulé,Faro,EN 125-CERCADO,Quarteira,8125-013,37.10369,-8.0733,e.s. cercado a,repsol,en 125-cercado,"2,267 €",2026-05-15_dgeg_postos_raw.csv,a44c6be0ac4bfd7e
2026-05-15,2026-05-15 14:31:32,2026-05-11 00:00:00,a85cfea016b10c5c,a85cfea016b10c5c_diesel_regular,E.S. CERCADO B,REPSOL,diesel_regular,Gasóleo simples,Outro,2.079,Loulé,Faro,EN 125-CERCADO,Loulé,8100-287,37.10323,-8.07321,e.s. cercado b,repsol,en 125-cercado,"2,079 €",2026-05-15_dgeg_postos_raw.csv,b8a47edc6a56a3eb
2026-05-15,2026-05-15 14:31:32,2026-05-11 00:00:00,a85cfea016b10c5c,a85cfea016b10c5c_diesel_premium,E.S. CERCADO B,REPSOL,diesel_premium,Gasóleo especial,Outro,2.149,Loulé,Faro,EN 125-CERCADO,Loulé,8100-287,37.10323,-8.07321,e.s. cercado b,repsol,en 125-cercado,"2,149 €",2026-05-15_dgeg_postos_raw.csv,3b9308f3acfe3f92
2026-05-15,2026-05-15 14:31:32,2026-05-11 00:00:00,a85cfea016b10c5c,a85cfea016b10c5c_gasoline_95,E.S. CERCADO B,REPSOL,gasoline_95,Gasolina simples 95,Outro,2.067,Loulé,Faro,EN 125-CERCADO,Loulé,8100-287,37.10323,-8.07321,e.s. cercado b,repsol,en 125-cercado,"2,067 €",2026-05-15_dgeg_postos_raw.csv,6d787baa3608db3d
2026-05-15,2026-05-15 14:31:32,2026-05-11 00:00:00,a85cfea016b10c5c,a85cfea016b10c5c_gasoline_98,E.S. CERCADO B,REPSOL,gasoline_98,Gasolina especial 98,Outro,2.267,Loulé,Faro,EN 125-CERCADO,Loulé,8100-287,37.10323,-8.07321,e.s. cercado b,repsol,en 125-cercado,"2,267 €",2026-05-15_dgeg_postos_raw.csv,18ca7704d48c7d36
2026-05-15,2026-05-15 14:31:32,2026-05-11 00:00:00,fd2726aebbe89988,fd2726aebbe89988_diesel_regular,E.S. S. BARTOLOMEU MESSINES,REPSOL,diesel_regular,Gasóleo simples,Outro,2.079,Silves,Faro,"EN 12 Km 33,6",Barrada Amorosa - Silves,8375-010,37.25742,-8.30701,e.s. s. bartolomeu messines,repsol,"en 12 km 33,6","2,079 €",2026-05-15_dgeg_postos_raw.csv,16a3f9ff7900dd4e
2026-05-15,2026-05-15 14:31:32,2026-05-11 00:00:00,fd2726aebbe89988,fd2726aebbe89988_diesel_premium,E.S. S. BARTOLOMEU MESSINES,REPSOL,diesel_premium,Gasóleo especial,Outro,2.149,Silves,Faro,"EN 12 Km 33,6",Barrada Amorosa - Silves,8375-010,37.25742,-8.30701,e.s. s. bartolomeu messines,repsol,"en 12 km 33,6","2,149 €",2026-05-15_dgeg_postos_raw.csv,516a135dffccb9a0
2026-05-15,2026-05-15 14:31:32,2026-05-11 00:00:00,fd2726aebbe89988,fd2726aebbe89988_gasoline_95,E.S. S. BARTOLOMEU MESSINES,REPSOL,gasoline_95,Gasolina simples 95,Outro,2.067,Silves,Faro,"EN 12 Km 33,6",Barrada Amorosa - Silves,8375-010,37.25742,-8.30701,e.s. s. bartolomeu messines,repsol,"en 12 km 33,6","2,067 €",2026-05-15_dgeg_postos_raw.csv,20c8efdf2a6f15c2
2026-05-15,2026-05-15 14:31:32,2026-05-11 00:00:00,fd2726aebbe89988,fd2726aebbe89988_gasoline_98,E.S. S. BARTOLOMEU MESSINES,REPSOL,gasoline_98,Gasolina especial 98,Outro,2.267,Silves,Faro,"EN 12 Km 33,6",Barrada Amorosa - Silves,8375-010,37.25742,-8.30701,e.s. s. bartolomeu messines,repsol,"en 12 km 33,6","2,267 €",2026-05-15_dgeg_postos_raw.csv,adfcd57468ee2ecd
2026-05-15,2026-05-15 14:31:32,2026-05-11 00:00:00,64ba1064c7eff100,64ba1064c7eff100_gasoline_98,E.S. ROGIL,REPSOL,gasoline_98,Gasolina especial 98,Outro,2.267,Aljezur,Faro,Av. 16 de Junho nº 81,Rogil,8670-352,37.3717,-8.79994,e.s. rogil,repsol,av. 16 de junho nº 81,"2,267 €",2026-05-15_dgeg_postos_raw.csv,98366eb4fd6e9354
2026-05-15,2026-05-15 14:31:32,2026-05-11 00:00:00,5e01d45182e2ca76,5e01d45182e2ca76_diesel_regular,E.S. CELORICO DA BEIRA 2,REPSOL,diesel_regular,Gasóleo simples,Outro,2.039,Celorico da Beira,Guarda,EN 102  s/n Lugar dos Cabeços,Celorico da Beira,6360-375,40.65137,-7.38352,e.s. celorico da beira 2,repsol,en 102 s/n lugar dos cabeços,"2,039 €",2026-05-15_dgeg_postos_raw.csv,5a5071576085a010
2026-05-15,2026-05-15 14:31:32,2026-05-11 00:00:00,5e01d45182e2ca76,5e01d45182e2ca76_diesel_premium,E.S. CELORICO DA BEIRA 2,REPSOL,diesel_premium,Gasóleo especial,Outro,2.109,Celorico da Beira,Guarda,EN 102  s/n Lugar dos Cabeços,Celorico da Beira,6360-375,40.65137,-7.38352,e.s. celorico da beira 2,repsol,en 102 s/n lugar dos cabeços,"2,109 €",2026-05-15_dgeg_postos_raw.csv,8a975e04e724059f
2026-05-15,2026-05-15 14:31:32,2026-05-11 00:00:00,5e01d45182e2ca76,5e01d45182e2ca76_gasoline_95,E.S. CELORICO DA BEIRA 2,REPSOL,gasoline_95,Gasolina simples 95,Outro,2.037,Celorico da Beira,Guarda,EN 102  s/n Lugar dos Cabeços,Celorico da Beira,6360-375,40.65137,-7.38352,e.s. celorico da beira 2,repsol,en 102 s/n lugar dos cabeços,"2,037 €",2026-05-15_dgeg_postos_raw.csv,735d6c373e792658
2026-05-15,2026-05-15 14:31:32,2026-05-11 00:00:00,5e01d45182e2ca76,5e01d45182e2ca76_gasoline_98,E.S. CELORICO DA BEIRA 2,REPSOL,gasoline_98,Gasolina especial 98,Outro,2.237,Celorico da Beira,Guarda,EN 102  s/n Lugar dos Cabeços,Celorico da Beira,6360-375,40.65137,-7.38352,e.s. celorico da beira 2,repsol,en 102 s/n lugar dos cabeços,"2,237 €",2026-05-15_dgeg_postos_raw.csv,feefcbb4f9858d4c
2026-05-15,2026-05-15 14:31:32,2026-05-11 00:00:00,db268d732ce36916,db268d732ce36916_diesel_regular,E.S. GUARDA-GARE,REPSOL,diesel_regular,Gasóleo simples,Outro,2.029,Guarda,Guarda,Av. da Estação,Guarda,6300-000,40.551327,-7.243283,e.s. guarda-gare,repsol,av. da estação,"2,029 €",2026-05-15_dgeg_postos_raw.csv,233501ff9b89e176
2026-05-15,2026-05-15 14:31:32,2026-05-11 00:00:00,db268d732ce36916,db268d732ce36916_diesel_premium,E.S. GUARDA-GARE,REPSOL,diesel_premium,Gasóleo especial,Outro,2.089,Guarda,Guarda,Av. da Estação,Guarda,6300-000,40.551327,-7.243283,e.s. guarda-gare,repsol,av. da estação,"2,089 €",2026-05-15_dgeg_postos_raw.csv,4f3e336c9644e089
2026-05-15,2026-05-15 14:31:32,2026-05-11 00:00:00,db268d732ce36916,db268d732ce36916_gasoline_95,E.S. GUARDA-GARE,REPSOL,gasoline_95,Gasolina simples 95,Outro,2.027,Guarda,Guarda,Av. da Estação,Guarda,6300-000,40.551327,-7.243283,e.s. guarda-gare,repsol,av. da estação,"2,027 €",2026-05-15_dgeg_postos_raw.csv,25d4f7709d8cd3a8
2026-05-15,2026-05-15 14:31:32,2026-05-11 00:00:00,db268d732ce36916,db268d732ce36916_gasoline_98,E.S. GUARDA-GARE,REPSOL,gasoline_98,Gasolina especial 98,Outro,2.217,Guarda,Guarda,Av. da Estação,Guarda,6300-000,40.551327,-7.243283,e.s. guarda-gare,repsol,av. da estação,"2,217 €",2026-05-15_dgeg_postos_raw.csv,e0d8808612246eb9
2026-05-15,2026-05-15 14:31:32,2026-05-11 00:00:00,042b3b3d36bafa10,042b3b3d36bafa10_diesel_regular,E.S. ANSIAO,REPSOL,diesel_regular,Gasóleo simples,Outro,2.029,Ansião,Leiria,EM 348 Km 42 - Pinhal,Pinhal,3240-228,39.8989,-8.442306,e.s. ansiao,repsol,em 348 km 42 - pinhal,"2,029 €",2026-05-15_dgeg_postos_raw.csv,91d9bd9204592169
2026-05-15,2026-05-15 14:31:32,2026-05-11 00:00:00,042b3b3d36bafa10,042b3b3d36bafa10_diesel_premium,E.S. ANSIAO,REPSOL,diesel_premium,Gasóleo especial,Outro,2.099,Ansião,Leiria,EM 348 Km 42 - Pinhal,Pinhal,3240-228,39.8989,-8.442306,e.s. ansiao,repsol,em 348 km 42 - pinhal,"2,099 €",2026-05-15_dgeg_postos_raw.csv,eb3c8df32a5dd3d4
2026-05-15,2026-05-15 14:31:32,2026-05-11 00:00:00,042b3b3d36bafa10,042b3b3d36bafa10_gasoline_95,E.S. ANSIAO,REPSOL,gasoline_95,Gasolina simples 95,Outro,2.027,Ansião,Leiria,EM 348 Km 42 - Pinhal,Pinhal,3240-228,39.8989,-8.442306,e.s. ansiao,repsol,em 348 km 42 - pinhal,"2,027 €",2026-05-15_dgeg_postos_raw.csv,ef4f59bbf2ac61a4
2026-05-15,2026-05-15 14:31:32,2026-05-11 00:00:00,042b3b3d36bafa10,042b3b3d36bafa10_gasoline_98,E.S. ANSIAO,REPSOL,gasoline_98,Gasolina especial 98,Outro,2.227,Ansião,Leiria,EM 348 Km 42 - Pinhal,Pinhal,3240-228,39.8989,-8.442306,e.s. ansiao,repsol,em 348 km 42 - pinhal,"2,227 €",2026-05-15_dgeg_postos_raw.csv,4a5e729cb54b0964
2026-05-15,2026-05-15 14:31:32,2026-05-11 00:00:00,2e3a9064ba184a5d,2e3a9064ba184a5d_diesel_regular,Área de Serviço Moeve da A1 LEIRIA  (LIS/LRA),MOEVE,diesel_regular,Gasóleo simples,Auto-estrada,2.098,Leiria,Leiria,"A.E.1 Sub Lanco Fat/Leiria Km 126, Cardosos",Cardosos,2495-106,39.712437,-8.709518,área de serviço moeve da a1 leiria (lis/lra),moeve,"a.e.1 sub lanco fat/leiria km 126, cardosos","2,098 €",2026-05-15_dgeg_postos_raw.csv,6538d17b2c18ac84
2026-05-15,2026-05-15 14:31:32,2026-05-11 00:00:00,2e3a9064ba184a5d,2e3a9064ba184a5d_diesel_premium,Área de Serviço Moeve da A1 LEIRIA  (LIS/LRA),MOEVE,diesel_premium,Gasóleo especial,Auto-estrada,2.148,Leiria,Leiria,"A.E.1 Sub Lanco Fat/Leiria Km 126, Cardosos",Cardosos,2495-106,39.712437,-8.709518,área de serviço moeve da a1 leiria (lis/lra),moeve,"a.e.1 sub lanco fat/leiria km 126, cardosos","2,148 €",2026-05-15_dgeg_postos_raw.csv,09ebc2540046ecbf
2026-05-15,2026-05-15 14:31:32,2026-05-11 00:00:00,2e3a9064ba184a5d,2e3a9064ba184a5d_gasoline_95,Área de Serviço Moeve da A1 LEIRIA  (LIS/LRA),MOEVE,gasoline_95,Gasolina simples 95,Auto-estrada,2.089,Leiria,Leiria,"A.E.1 Sub Lanco Fat/Leiria Km 126, Cardosos",Cardosos,2495-106,39.712437,-8.709518,área de serviço moeve da a1 leiria (lis/lra),moeve,"a.e.1 sub lanco fat/leiria km 126, cardosos","2,089 €",2026-05-15_dgeg_postos_raw.csv,7e34f568cfdb5470
2026-05-15,2026-05-15 14:31:32,2026-05-11 00:00:00,2e3a9064ba184a5d,2e3a9064ba184a5d_gasoline_98,Área de Serviço Moeve da A1 LEIRIA  (LIS/LRA),MOEVE,gasoline_98,Gasolina especial 98,Auto-estrada,2.301,Leiria,Leiria,"A.E.1 Sub Lanco Fat/Leiria Km 126, Cardosos",Cardosos,2495-106,39.712437,-8.709518,área de serviço moeve da a1 leiria (lis/lra),moeve,"a.e.1 sub lanco fat/leiria km 126, cardosos","2,301 €",2026-05-15_dgeg_postos_raw.csv,25760b6cb455a7b3
2026-05-15,2026-05-15 14:31:32,2026-05-11 00:00:00,0f93e66d25ed885c,0f93e66d25ed885c_diesel_regular,Área de Serviço Moeve da A1 LEIRIA (LRA/LIS),MOEVE,diesel_regular,Gasóleo simples,Auto-estrada,2.098,Leiria,Leiria,"A.E.1 Sub Lanco Fat/Leiria Km 126, Cardosos",Cardosos,2495-106,39.71322,-8.711631,área de serviço moeve da a1 leiria (lra/lis),moeve,"a.e.1 sub lanco fat/leiria km 126, cardosos","2,098 €",2026-05-15_dgeg_postos_raw.csv,04016a7b90a62b04
2026-05-15,2026-05-15 14:31:32,2026-05-11 00:00:00,0f93e66d25ed885c,0f93e66d25ed885c_diesel_premium,Área de Serviço Moeve da A1 LEIRIA (LRA/LIS),MOEVE,diesel_premium,Gasóleo especial,Auto-estrada,2.148,Leiria,Leiria,"A.E.1 Sub Lanco Fat/Leiria Km 126, Cardosos",Cardosos,2495-106,39.71322,-8.711631,área de serviço moeve da a1 leiria (lra/lis),moeve,"a.e.1 sub lanco fat/leiria km 126, cardosos","2,148 €",2026-05-15_dgeg_postos_raw.csv,9dfe28f3a171f237
2026-05-15,2026-05-15 14:31:32,2026-05-11 00:00:00,0f93e66d25ed885c,0f93e66d25ed885c_gasoline_95,Área de Serviço Moeve da A1 LEIRIA (LRA/LIS),MOEVE,gasoline_95,Gasolina simples 95,Auto-estrada,2.089,Leiria,Leiria,"A.E.1 Sub Lanco Fat/Leiria Km 126, Cardosos",Cardosos,2495-106,39.71322,-8.711631,área de serviço moeve da a1 leiria (lra/lis),moeve,"a.e.1 sub lanco fat/leiria km 126, cardosos","2,089 €",2026-05-15_dgeg_postos_raw.csv,916f06fca980f803
2026-05-15,2026-05-15 14:31:32,2026-05-11 00:00:00,0f93e66d25ed885c,0f93e66d25ed885c_gasoline_98,Área de Serviço Moeve da A1 LEIRIA (LRA/LIS),MOEVE,gasoline_98,Gasolina especial 98,Auto-estrada,2.301,Leiria,Leiria,"A.E.1 Sub Lanco Fat/Leiria Km 126, Cardosos",Cardosos,2495-106,39.71322,-8.711631,área de serviço moeve da a1 leiria (lra/lis),moeve,"a.e.1 sub lanco fat/leiria km 126, cardosos","2,301 €",2026-05-15_dgeg_postos_raw.csv,42c510eeda56d0bd
2026-05-15,2026-05-15 14:31:32,2026-05-11 00:00:00,614f5a267fa6c32e,614f5a267fa6c32e_diesel_regular,E.S. C. RAINHA-LAVRADIO II,REPSOL,diesel_regular,Gasóleo simples,Outro,2.039,Caldas da Rainha,Leiria,EN 8  - Lavradio,Estrada Tornada,2500-186,39.419611,-9.132369,e.s. c. rainha-lavradio ii,repsol,en 8 - lavradio,"2,039 €",2026-05-15_dgeg_postos_raw.csv,d4d5e022bad51bf9
2026-05-15,2026-05-15 14:31:32,2026-05-11 00:00:00,614f5a267fa6c32e,614f5a267fa6c32e_diesel_premium,E.S. C. RAINHA-LAVRADIO II,REPSOL,diesel_premium,Gasóleo especial,Outro,2.099,Caldas da Rainha,Leiria,EN 8  - Lavradio,Estrada Tornada,2500-186,39.419611,-9.132369,e.s. c. rainha-lavradio ii,repsol,en 8 - lavradio,"2,099 €",2026-05-15_dgeg_postos_raw.csv,8d81f0bcfe3d8bb0
2026-05-15,2026-05-15 14:31:32,2026-05-11 00:00:00,614f5a267fa6c32e,614f5a267fa6c32e_gasoline_95,E.S. C. RAINHA-LAVRADIO II,REPSOL,gasoline_95,Gasolina simples 95,Outro,2.037,Caldas da Rainha,Leiria,EN 8  - Lavradio,Estrada Tornada,2500-186,39.419611,-9.132369,e.s. c. rainha-lavradio ii,repsol,en 8 - lavradio,"2,037 €",2026-05-15_dgeg_postos_raw.csv,e0bfcf9b8dcee652
2026-05-15,2026-05-15 14:31:32,2026-05-11 00:00:00,614f5a267fa6c32e,614f5a267fa6c32e_gasoline_98,E.S. C. RAINHA-LAVRADIO II,REPSOL,gasoline_98,Gasolina especial 98,Outro,2.277,Caldas da Rainha,Leiria,EN 8  - Lavradio,Estrada Tornada,2500-186,39.419611,-9.132369,e.s. c. rainha-lavradio ii,repsol,en 8 - lavradio,"2,277 €",2026-05-15_dgeg_postos_raw.csv,0bdc25f3ad9795f4
2026-05-15,2026-05-15 14:31:32,2026-05-11 00:00:00,cc5548db80d557ce,cc5548db80d557ce_gasoline_98,E.S. ALCOBAÇA,REPSOL,gasoline_98,Gasolina especial 98,Outro,2.267,Alcobaça,Leiria,Quinta da Cova da Onça,Alcobaça,2460-059,39.54948,-8.97085,e.s. alcobaça,repsol,quinta da cova da onça,"2,267 €",2026-05-15_dgeg_postos_raw.csv,06693c3bade60f46
2026-05-15,2026-05-15 14:31:32,2026-05-11 00:00:00,38043a337910599b,38043a337910599b_diesel_regular,E.S. CALDAS DA RAINHA,REPSOL,diesel_regular,Gasóleo simples,Outro,2.039,Caldas da Rainha,Leiria,EN 360 ( Nó de Lig. ao IC1)Águas Santas,Sto Ónofre - Águas Santas,2500-256,39.40614,-9.15249,e.s. caldas da rainha,repsol,en 360 ( nó de lig. ao ic1)águas santas,"2,039 €",2026-05-15_dgeg_postos_raw.csv,3b498f46285b2a63
2026-05-15,2026-05-15 14:31:32,2026-05-11 00:00:00,38043a337910599b,38043a337910599b_diesel_premium,E.S. CALDAS DA RAINHA,REPSOL,diesel_premium,Gasóleo especial,Outro,2.099,Caldas da Rainha,Leiria,EN 360 ( Nó de Lig. ao IC1)Águas Santas,Sto Ónofre - Águas Santas,2500-256,39.40614,-9.15249,e.s. caldas da rainha,repsol,en 360 ( nó de lig. ao ic1)águas santas,"2,099 €",2026-05-15_dgeg_postos_raw.csv,0978aab85d5681d4
2026-05-15,2026-05-15 14:31:32,2026-05-11 00:00:00,38043a337910599b,38043a337910599b_gasoline_95,E.S. CALDAS DA RAINHA,REPSOL,gasoline_95,Gasolina simples 95,Outro,2.037,Caldas da Rainha,Leiria,EN 360 ( Nó de Lig. ao IC1)Águas Santas,Sto Ónofre - Águas Santas,2500-256,39.40614,-9.15249,e.s. caldas da rainha,repsol,en 360 ( nó de lig. ao ic1)águas santas,"2,037 €",2026-05-15_dgeg_postos_raw.csv,56a193fcfc6e8ed2
2026-05-15,2026-05-15 14:31:32,2026-05-11 00:00:00,38043a337910599b,38043a337910599b_gasoline_98,E.S. CALDAS DA RAINHA,REPSOL,gasoline_98,Gasolina especial 98,Outro,2.227,Caldas da Rainha,Leiria,EN 360 ( Nó de Lig. ao IC1)Águas Santas,Sto Ónofre - Águas Santas,2500-256,39.40614,-9.15249,e.s. caldas da rainha,repsol,en 360 ( nó de lig. ao ic1)águas santas,"2,227 €",2026-05-15_dgeg_postos_raw.csv,c9e1f37e00e96dbd
2026-05-15,2026-05-15 14:31:32,2026-05-11 00:00:00,e4b06da7d6468e6b,e4b06da7d6468e6b_diesel_regular,E.S. CALDAS II,REPSOL,diesel_regular,Gasóleo simples,Outro,2.079,Caldas da Rainha,Leiria,Av. Infante D. Henrique nº 30\r\n\r\nNossa Senhora do Pópulo\r\n,Caldas da Rainha,2500-918,39.416164,-9.149008,e.s. caldas ii,repsol,av. infante d. henrique nº 30\r\n\r\nnossa senhora do pópulo\r\n,"2,079 €",2026-05-15_dgeg_postos_raw.csv,0823ead4905e418f
2026-05-15,2026-05-15 14:31:32,2026-05-11 00:00:00,e4b06da7d6468e6b,e4b06da7d6468e6b_diesel_premium,E.S. CALDAS II,REPSOL,diesel_premium,Gasóleo especial,Outro,2.099,Caldas da Rainha,Leiria,Av. Infante D. Henrique nº 30\r\n\r\nNossa Senhora do Pópulo\r\n,Caldas da Rainha,2500-918,39.416164,-9.149008,e.s. caldas ii,repsol,av. infante d. henrique nº 30\r\n\r\nnossa senhora do pópulo\r\n,"2,099 €",2026-05-15_dgeg_postos_raw.csv,1c558604d5aca928
2026-05-15,2026-05-15 14:31:32,2026-05-11 00:00:00,e4b06da7d6468e6b,e4b06da7d6468e6b_gasoline_95,E.S. CALDAS II,REPSOL,gasoline_95,Gasolina simples 95,Outro,2.037,Caldas da Rainha,Leiria,Av. Infante D. Henrique nº 30\r\n\r\nNossa Senhora do Pópulo\r\n,Caldas da Rainha,2500-918,39.416164,-9.149008,e.s. caldas ii,repsol,av. infante d. henrique nº 30\r\n\r\nnossa senhora do pópulo\r\n,"2,037 €",2026-05-15_dgeg_postos_raw.csv,6dbdca308d9202d3
2026-05-15,2026-05-15 14:31:32,2026-05-11 00:00:00,e4b06da7d6468e6b,e4b06da7d6468e6b_gasoline_98,E.S. CALDAS II,REPSOL,gasoline_98,Gasolina especial 98,Outro,2.227,Caldas da Rainha,Leiria,Av. Infante D. Henrique nº 30\r\n\r\nNossa Senhora do Pópulo\r\n,Caldas da Rainha,2500-918,39.416164,-9.149008,e.s. caldas ii,repsol,av. infante d. henrique nº 30\r\n\r\nnossa senhora do pópulo\r\n,"2,227 €",2026-05-15_dgeg_postos_raw.csv,5f078d91d25a8632
2026-05-15,2026-05-15 14:31:32,2026-05-11 00:00:00,04d708b4892d84a4,04d708b4892d84a4_diesel_regular,E.S. PEDROGAO GRANDE,REPSOL,diesel_regular,Gasóleo simples,Outro,2.039,Pedrógão Grande,Leiria,Lugar Picha,Horta,3270-000,39.97154,-8.14697,e.s. pedrogao grande,repsol,lugar picha,"2,039 €",2026-05-15_dgeg_postos_raw.csv,305021e16caf7d8e
2026-05-15,2026-05-15 14:31:32,2026-05-11 00:00:00,04d708b4892d84a4,04d708b4892d84a4_diesel_premium,E.S. PEDROGAO GRANDE,REPSOL,diesel_premium,Gasóleo especial,Outro,2.089,Pedrógão Grande,Leiria,Lugar Picha,Horta,3270-000,39.97154,-8.14697,e.s. pedrogao grande,repsol,lugar picha,"2,089 €",2026-05-15_dgeg_postos_raw.csv,61d94cb66ba09a21
2026-05-15,2026-05-15 14:31:32,2026-05-11 00:00:00,04d708b4892d84a4,04d708b4892d84a4_gasoline_95,E.S. PEDROGAO GRANDE,REPSOL,gasoline_95,Gasolina simples 95,Outro,2.037,Pedrógão Grande,Leiria,Lugar Picha,Horta,3270-000,39.97154,-8.14697,e.s. pedrogao grande,repsol,lugar picha,"2,037 €",2026-05-15_dgeg_postos_raw.csv,6ad149deac2c345c
2026-05-15,2026-05-15 14:31:32,2026-05-11 00:00:00,04d708b4892d84a4,04d708b4892d84a4_gasoline_98,E.S. PEDROGAO GRANDE,REPSOL,gasoline_98,Gasolina especial 98,Outro,2.217,Pedrógão Grande,Leiria,Lugar Picha,Horta,3270-000,39.97154,-8.14697,e.s. pedrogao grande,repsol,lugar picha,"2,217 €",2026-05-15_dgeg_postos_raw.csv,c34193f52f523cd6
2026-05-15,2026-05-15 14:31:32,2026-05-11 00:00:00,b9123927b1b890c6,b9123927b1b890c6_diesel_regular,E.S. VALADO FRADES,REPSOL,diesel_regular,Gasóleo simples,Outro,2.079,Nazaré,Leiria,EN8-5,Valado de Frades,2450-338,39.5835,-9.0126,e.s. valado frades,repsol,en8-5,"2,079 €",2026-05-15_dgeg_postos_raw.csv,43abea1ef5ed7e63
2026-05-15,2026-05-15 14:31:32,2026-05-11 00:00:00,b9123927b1b890c6,b9123927b1b890c6_diesel_premium,E.S. VALADO FRADES,REPSOL,diesel_premium,Gasóleo especial,Outro,2.149,Nazaré,Leiria,EN8-5,Valado de Frades,2450-338,39.5835,-9.0126,e.s. valado frades,repsol,en8-5,"2,149 €",2026-05-15_dgeg_postos_raw.csv,d681e22f9cf8142d
2026-05-15,2026-05-15 14:31:32,2026-05-11 00:00:00,b9123927b1b890c6,b9123927b1b890c6_gasoline_95,E.S. VALADO FRADES,REPSOL,gasoline_95,Gasolina simples 95,Outro,2.067,Nazaré,Leiria,EN8-5,Valado de Frades,2450-338,39.5835,-9.0126,e.s. valado frades,repsol,en8-5,"2,067 €",2026-05-15_dgeg_postos_raw.csv,3b5168cce2d45025
2026-05-15,2026-05-15 14:31:32,2026-05-11 00:00:00,b9123927b1b890c6,b9123927b1b890c6_gasoline_98,E.S. VALADO FRADES,REPSOL,gasoline_98,Gasolina especial 98,Outro,2.267,Nazaré,Leiria,EN8-5,Valado de Frades,2450-338,39.5835,-9.0126,e.s. valado frades,repsol,en8-5,"2,267 €",2026-05-15_dgeg_postos_raw.csv,1c79c203976b62eb
2026-05-15,2026-05-15 14:31:32,2026-05-11 00:00:00,25fbba799af7e83c,25fbba799af7e83c_diesel_regular,E.S. VALE MACEIRA,REPSOL,diesel_regular,Gasóleo simples,Outro,2.029,Alcobaça,Leiria,EN 8 Km 100,Vale Maceira,2640-000,39.4808,-9.10433,e.s. vale maceira,repsol,en 8 km 100,"2,029 €",2026-05-15_dgeg_postos_raw.csv,c77c1c19e9eea5ea
2026-05-15,2026-05-15 14:31:32,2026-05-11 00:00:00,25fbba799af7e83c,25fbba799af7e83c_diesel_premium,E.S. VALE MACEIRA,REPSOL,diesel_premium,Gasóleo especial,Outro,2.089,Alcobaça,Leiria,EN 8 Km 100,Vale Maceira,2640-000,39.4808,-9.10433,e.s. vale maceira,repsol,en 8 km 100,"2,089 €",2026-05-15_dgeg_postos_raw.csv,4e83f83bf298106c
2026-05-15,2026-05-15 14:31:32,2026-05-11 00:00:00,25fbba799af7e83c,25fbba799af7e83c_gasoline_95,E.S. VALE MACEIRA,REPSOL,gasoline_95,Gasolina simples 95,Outro,2.027,Alcobaça,Leiria,EN 8 Km 100,Vale Maceira,2640-000,39.4808,-9.10433,e.s. vale maceira,repsol,en 8 km 100,"2,027 €",2026-05-15_dgeg_postos_raw.csv,72842580a83da0d4
2026-05-15,2026-05-15 14:31:32,2026-05-11 00:00:00,25fbba799af7e83c,25fbba799af7e83c_gasoline_98,E.S. VALE MACEIRA,REPSOL,gasoline_98,Gasolina especial 98,Outro,2.217,Alcobaça,Leiria,EN 8 Km 100,Vale Maceira,2640-000,39.4808,-9.10433,e.s. vale maceira,repsol,en 8 km 100,"2,217 €",2026-05-15_dgeg_postos_raw.csv,70d2f7ed05c5068b
2026-05-15,2026-05-15 14:31:32,2026-05-11 00:00:00,c915ac0f3713c67b,c915ac0f3713c67b_diesel_regular,E.S. CASCAIS,REPSOL,diesel_regular,Gasóleo simples,Outro,2.079,Cascais,Lisboa,EN 9 Mato Romão,Aldeia do Juzo-S. Gabriel,2750-000,38.72535,-9.44306,e.s. cascais,repsol,en 9 mato romão,"2,079 €",2026-05-15_dgeg_postos_raw.csv,b70e207be01775a3
2026-05-15,2026-05-15 14:31:32,2026-05-11 00:00:00,c915ac0f3713c67b,c915ac0f3713c67b_diesel_premium,E.S. CASCAIS,REPSOL,diesel_premium,Gasóleo especial,Outro,2.149,Cascais,Lisboa,EN 9 Mato Romão,Aldeia do Juzo-S. Gabriel,2750-000,38.72535,-9.44306,e.s. cascais,repsol,en 9 mato romão,"2,149 €",2026-05-15_dgeg_postos_raw.csv,d286b46494a4e803
2026-05-15,2026-05-15 14:31:32,2026-05-11 00:00:00,c915ac0f3713c67b,c915ac0f3713c67b_gasoline_95,E.S. CASCAIS,REPSOL,gasoline_95,Gasolina simples 95,Outro,2.067,Cascais,Lisboa,EN 9 Mato Romão,Aldeia do Juzo-S. Gabriel,2750-000,38.72535,-9.44306,e.s. cascais,repsol,en 9 mato romão,"2,067 €",2026-05-15_dgeg_postos_raw.csv,b3b8496f55615592
2026-05-15,2026-05-15 14:31:32,2026-05-11 00:00:00,c915ac0f3713c67b,c915ac0f3713c67b_gasoline_98,E.S. CASCAIS,REPSOL,gasoline_98,Gasolina especial 98,Outro,2.267,Cascais,Lisboa,EN 9 Mato Romão,Aldeia do Juzo-S. Gabriel,2750-000,38.72535,-9.44306,e.s. cascais,repsol,en 9 mato romão,"2,267 €",2026-05-15_dgeg_postos_raw.csv,f3625e87da31fa91
2026-05-15,2026-05-15 14:31:32,2026-05-11 00:00:00,1fca829307aa622c,1fca829307aa622c_diesel_regular,E.S. GUIA,REPSOL,diesel_regular,Gasóleo simples,Outro,2.079,Cascais,Lisboa,"EN 247 (Estrada do Guincho) Km 102,8",Qtª da Marinha,2750-000,38.6962,-9.44785,e.s. guia,repsol,"en 247 (estrada do guincho) km 102,8","2,079 €",2026-05-15_dgeg_postos_raw.csv,a5d49feeb2be6af5
2026-05-15,2026-05-15 14:31:32,2026-05-11 00:00:00,1fca829307aa622c,1fca829307aa622c_diesel_premium,E.S. GUIA,REPSOL,diesel_premium,Gasóleo especial,Outro,2.149,Cascais,Lisboa,"EN 247 (Estrada do Guincho) Km 102,8",Qtª da Marinha,2750-000,38.6962,-9.44785,e.s. guia,repsol,"en 247 (estrada do guincho) km 102,8","2,149 €",2026-05-15_dgeg_postos_raw.csv,8c8c87eb10fed9bf
2026-05-15,2026-05-15 14:31:32,2026-05-11 00:00:00,1fca829307aa622c,1fca829307aa622c_gasoline_95,E.S. GUIA,REPSOL,gasoline_95,Gasolina simples 95,Outro,2.067,Cascais,Lisboa,"EN 247 (Estrada do Guincho) Km 102,8",Qtª da Marinha,2750-000,38.6962,-9.44785,e.s. guia,repsol,"en 247 (estrada do guincho) km 102,8","2,067 €",2026-05-15_dgeg_postos_raw.csv,1b9ebab86a6f4fe8
2026-05-15,2026-05-15 14:31:32,2026-05-11 00:00:00,1fca829307aa622c,1fca829307aa622c_gasoline_98,E.S. GUIA,REPSOL,gasoline_98,Gasolina especial 98,Outro,2.267,Cascais,Lisboa,"EN 247 (Estrada do Guincho) Km 102,8",Qtª da Marinha,2750-000,38.6962,-9.44785,e.s. guia,repsol,"en 247 (estrada do guincho) km 102,8","2,267 €",2026-05-15_dgeg_postos_raw.csv,e1f99bb8ac82b082
2026-05-15,2026-05-15 14:31:32,2026-05-11 00:00:00,f1a939fe34225522,f1a939fe34225522_diesel_regular,E.S. LEIAO,REPSOL,diesel_regular,Gasóleo simples,Outro,2.079,Oeiras,Lisboa,Variante à EN 249-3,Leião,2780-000,38.72953,-9.30175,e.s. leiao,repsol,variante à en 249-3,"2,079 €",2026-05-15_dgeg_postos_raw.csv,97632cdb7da2ee1b
2026-05-15,2026-05-15 14:31:32,2026-05-11 00:00:00,f1a939fe34225522,f1a939fe34225522_diesel_premium,E.S. LEIAO,REPSOL,diesel_premium,Gasóleo especial,Outro,2.149,Oeiras,Lisboa,Variante à EN 249-3,Leião,2780-000,38.72953,-9.30175,e.s. leiao,repsol,variante à en 249-3,"2,149 €",2026-05-15_dgeg_postos_raw.csv,378175f9cc59218d
2026-05-15,2026-05-15 14:31:32,2026-05-11 00:00:00,f1a939fe34225522,f1a939fe34225522_gasoline_95,E.S. LEIAO,REPSOL,gasoline_95,Gasolina simples 95,Outro,2.067,Oeiras,Lisboa,Variante à EN 249-3,Leião,2780-000,38.72953,-9.30175,e.s. leiao,repsol,variante à en 249-3,"2,067 €",2026-05-15_dgeg_postos_raw.csv,08f1a129f7ea9c47
2026-05-15,2026-05-15 14:31:32,2026-05-11 00:00:00,f1a939fe34225522,f1a939fe34225522_gasoline_98,E.S. LEIAO,REPSOL,gasoline_98,Gasolina especial 98,Outro,2.267,Oeiras,Lisboa,Variante à EN 249-3,Leião,2780-000,38.72953,-9.30175,e.s. leiao,repsol,variante à en 249-3,"2,267 €",2026-05-15_dgeg_postos_raw.csv,4645210f88a5c114
2026-05-15,2026-05-15 14:31:32,2026-05-11 00:00:00,9ce1d759ccaf3804,9ce1d759ccaf3804_gasoline_98,E.S. BURACA,REPSOL,gasoline_98,Gasolina especial 98,Outro,2.267,Amadora,Lisboa,Av. da República,Cova da Moura - Buraca,2700-000,38.74352,-9.21072,e.s. buraca,repsol,av. da república,"2,267 €",2026-05-15_dgeg_postos_raw.csv,2a5ea319cb3a5592
2026-05-15,2026-05-15 14:31:32,2026-05-11 00:00:00,92c1d01266eefe77,92c1d01266eefe77_diesel_regular,E.S. CASCAIS TORRE,REPSOL,diesel_regular,Gasóleo simples,Outro,2.079,Cascais,Lisboa,Rua Torre - Frente Cemitério,Cascais,2750-768,38.701767,-9.442169,e.s. cascais torre,repsol,rua torre - frente cemitério,"2,079 €",2026-05-15_dgeg_postos_raw.csv,bb7c86be98f39414
2026-05-15,2026-05-15 14:31:32,2026-05-11 00:00:00,92c1d01266eefe77,92c1d01266eefe77_diesel_premium,E.S. CASCAIS TORRE,REPSOL,diesel_premium,Gasóleo especial,Outro,2.149,Cascais,Lisboa,Rua Torre - Frente Cemitério,Cascais,2750-768,38.701767,-9.442169,e.s. cascais torre,repsol,rua torre - frente cemitério,"2,149 €",2026-05-15_dgeg_postos_raw.csv,517210ce738fec44
2026-05-15,2026-05-15 14:31:32,2026-05-11 00:00:00,92c1d01266eefe77,92c1d01266eefe77_gasoline_95,E.S. CASCAIS TORRE,REPSOL,gasoline_95,Gasolina simples 95,Outro,2.067,Cascais,Lisboa,Rua Torre - Frente Cemitério,Cascais,2750-768,38.701767,-9.442169,e.s. cascais torre,repsol,rua torre - frente cemitério,"2,067 €",2026-05-15_dgeg_postos_raw.csv,729615687970cc45
2026-05-15,2026-05-15 14:31:32,2026-05-11 00:00:00,92c1d01266eefe77,92c1d01266eefe77_gasoline_98,E.S. CASCAIS TORRE,REPSOL,gasoline_98,Gasolina especial 98,Outro,2.267,Cascais,Lisboa,Rua Torre - Frente Cemitério,Cascais,2750-768,38.701767,-9.442169,e.s. cascais torre,repsol,rua torre - frente cemitério,"2,267 €",2026-05-15_dgeg_postos_raw.csv,8c7fa72b35cbfac2
2026-05-15,2026-05-15 14:31:32,2026-05-11 00:00:00,1ff21efb5e0eb4bc,1ff21efb5e0eb4bc_diesel_regular,E.S. GADO BRAVO,REPSOL,diesel_regular,Gasóleo simples,Outro,2.029,Vila Franca de Xira,Lisboa,EN 10,Est Cabo-Camarao-Gado Bravo,2601-000,38.94252,-8.9458,e.s. gado bravo,repsol,en 10,"2,029 €",2026-05-15_dgeg_postos_raw.csv,2ec5c4b011634a73
2026-05-15,2026-05-15 14:31:32,2026-05-11 00:00:00,1ff21efb5e0eb4bc,1ff21efb5e0eb4bc_diesel_premium,E.S. GADO BRAVO,REPSOL,diesel_premium,Gasóleo especial,Outro,2.089,Vila Franca de Xira,Lisboa,EN 10,Est Cabo-Camarao-Gado Bravo,2601-000,38.94252,-8.9458,e.s. gado bravo,repsol,en 10,"2,089 €",2026-05-15_dgeg_postos_raw.csv,ca4541650f0b569b
2026-05-15,2026-05-15 14:31:32,2026-05-11 00:00:00,1ff21efb5e0eb4bc,1ff21efb5e0eb4bc_gasoline_95,E.S. GADO BRAVO,REPSOL,gasoline_95,Gasolina simples 95,Outro,2.027,Vila Franca de Xira,Lisboa,EN 10,Est Cabo-Camarao-Gado Bravo,2601-000,38.94252,-8.9458,e.s. gado bravo,repsol,en 10,"2,027 €",2026-05-15_dgeg_postos_raw.csv,234db56b22e524bd
2026-05-15,2026-05-15 14:31:32,2026-05-11 00:00:00,fcb3dc40b6b5aa5a,fcb3dc40b6b5aa5a_diesel_regular,E.S. AMADORA-LIDO,REPSOL,diesel_regular,Gasóleo simples,Outro,2.079,Amadora,Lisboa,Estrada Velha Queluz nº 36,Venteira,2700-000,38.7564,-9.24718,e.s. amadora-lido,repsol,estrada velha queluz nº 36,"2,079 €",2026-05-15_dgeg_postos_raw.csv,1cdf1635d945652f
2026-05-15,2026-05-15 14:31:32,2026-05-11 00:00:00,fcb3dc40b6b5aa5a,fcb3dc40b6b5aa5a_diesel_premium,E.S. AMADORA-LIDO,REPSOL,diesel_premium,Gasóleo especial,Outro,2.149,Amadora,Lisboa,Estrada Velha Queluz nº 36,Venteira,2700-000,38.7564,-9.24718,e.s. amadora-lido,repsol,estrada velha queluz nº 36,"2,149 €",2026-05-15_dgeg_postos_raw.csv,99420b9b487d2bda
2026-05-15,2026-05-15 14:31:32,2026-05-11 00:00:00,fcb3dc40b6b5aa5a,fcb3dc40b6b5aa5a_gasoline_95,E.S. AMADORA-LIDO,REPSOL,gasoline_95,Gasolina simples 95,Outro,2.067,Amadora,Lisboa,Estrada Velha Queluz nº 36,Venteira,2700-000,38.7564,-9.24718,e.s. amadora-lido,repsol,estrada velha queluz nº 36,"2,067 €",2026-05-15_dgeg_postos_raw.csv,66807215771d17f7
2026-05-15,2026-05-15 14:31:32,2026-05-11 00:00:00,fcb3dc40b6b5aa5a,fcb3dc40b6b5aa5a_gasoline_98,E.S. AMADORA-LIDO,REPSOL,gasoline_98,Gasolina especial 98,Outro,2.267,Amadora,Lisboa,Estrada Velha Queluz nº 36,Venteira,2700-000,38.7564,-9.24718,e.s. amadora-lido,repsol,estrada velha queluz nº 36,"2,267 €",2026-05-15_dgeg_postos_raw.csv,6ebfc4ebc9e2dbfa
2026-05-15,2026-05-15 14:31:32,2026-05-11 00:00:00,c767318b605a74bc,c767318b605a74bc_diesel_regular,E.S. TERRUGEM,REPSOL,diesel_regular,Gasóleo simples,Outro,2.019,Sintra,Lisboa,Avenida 11 de Junho 13 - Godigana,Terrugem,2705-408,38.86095,-9.37807,e.s. terrugem,repsol,avenida 11 de junho 13 - godigana,"2,019 €",2026-05-15_dgeg_postos_raw.csv,ea2fa96965fd716f
2026-05-15,2026-05-15 14:31:32,2026-05-11 00:00:00,c767318b605a74bc,c767318b605a74bc_diesel_premium,E.S. TERRUGEM,REPSOL,diesel_premium,Gasóleo especial,Outro,2.089,Sintra,Lisboa,Avenida 11 de Junho 13 - Godigana,Terrugem,2705-408,38.86095,-9.37807,e.s. terrugem,repsol,avenida 11 de junho 13 - godigana,"2,089 €",2026-05-15_dgeg_postos_raw.csv,461d76c637201f05
2026-05-15,2026-05-15 14:31:32,2026-05-11 00:00:00,c767318b605a74bc,c767318b605a74bc_gasoline_95,E.S. TERRUGEM,REPSOL,gasoline_95,Gasolina simples 95,Outro,2.017,Sintra,Lisboa,Avenida 11 de Junho 13 - Godigana,Terrugem,2705-408,38.86095,-9.37807,e.s. terrugem,repsol,avenida 11 de junho 13 - godigana,"2,017 €",2026-05-15_dgeg_postos_raw.csv,1ead2a9f59329355
2026-05-15,2026-05-15 14:31:32,2026-05-11 00:00:00,395810ceedacdf33,395810ceedacdf33_diesel_regular,E.S. MEM MARTINS - OURESSA,REPSOL,diesel_regular,Gasóleo simples,Outro,2.039,Sintra,Lisboa,EM 623 (Av. Almirante Gago Coutinho),Mem Martins,2725-320,38.800419,-9.361539,e.s. mem martins - ouressa,repsol,em 623 (av. almirante gago coutinho),"2,039 €",2026-05-15_dgeg_postos_raw.csv,099300b01dff6e23
2026-05-15,2026-05-15 14:31:32,2026-05-11 00:00:00,395810ceedacdf33,395810ceedacdf33_diesel_premium,E.S. MEM MARTINS - OURESSA,REPSOL,diesel_premium,Gasóleo especial,Outro,2.089,Sintra,Lisboa,EM 623 (Av. Almirante Gago Coutinho),Mem Martins,2725-320,38.800419,-9.361539,e.s. mem martins - ouressa,repsol,em 623 (av. almirante gago coutinho),"2,089 €",2026-05-15_dgeg_postos_raw.csv,c0e69e1cf851234a
2026-05-15,2026-05-15 14:31:32,2026-05-11 00:00:00,395810ceedacdf33,395810ceedacdf33_gasoline_95,E.S. MEM MARTINS - OURESSA,REPSOL,gasoline_95,Gasolina simples 95,Outro,2.037,Sintra,Lisboa,EM 623 (Av. Almirante Gago Coutinho),Mem Martins,2725-320,38.800419,-9.361539,e.s. mem martins - ouressa,repsol,em 623 (av. almirante gago coutinho),"2,037 €",2026-05-15_dgeg_postos_raw.csv,6e5d4c622af433c6
2026-05-15,2026-05-15 14:31:32,2026-05-11 00:00:00,9260ee9bcb68e5db,9260ee9bcb68e5db_diesel_regular,E.S. ABRUNHEIRA,REPSOL,diesel_regular,Gasóleo simples,Outro,2.029,Sintra,Lisboa,"EN 249 Km 1,2",Abrunheira / Sintra,2725-113,38.77212,-9.35447,e.s. abrunheira,repsol,"en 249 km 1,2","2,029 €",2026-05-15_dgeg_postos_raw.csv,b6ab25d9fdbe213d
2026-05-15,2026-05-15 14:31:32,2026-05-11 00:00:00,9260ee9bcb68e5db,9260ee9bcb68e5db_diesel_premium,E.S. ABRUNHEIRA,REPSOL,diesel_premium,Gasóleo especial,Outro,2.089,Sintra,Lisboa,"EN 249 Km 1,2",Abrunheira / Sintra,2725-113,38.77212,-9.35447,e.s. abrunheira,repsol,"en 249 km 1,2","2,089 €",2026-05-15_dgeg_postos_raw.csv,6cf787a39dce59bc
2026-05-15,2026-05-15 14:31:32,2026-05-11 00:00:00,9260ee9bcb68e5db,9260ee9bcb68e5db_gasoline_95,E.S. ABRUNHEIRA,REPSOL,gasoline_95,Gasolina simples 95,Outro,2.027,Sintra,Lisboa,"EN 249 Km 1,2",Abrunheira / Sintra,2725-113,38.77212,-9.35447,e.s. abrunheira,repsol,"en 249 km 1,2","2,027 €",2026-05-15_dgeg_postos_raw.csv,aacb85b0945123ff
2026-05-15,2026-05-15 14:31:32,2026-05-11 00:00:00,20dfd1867d2bfa84,20dfd1867d2bfa84_diesel_regular,E.S. BARCARENA,REPSOL,diesel_regular,Gasóleo simples,Outro,2.079,Oeiras,Lisboa,"Rua Hortense Luz, 9 A",Barcarena,2730-231,38.7327,-9.279797,e.s. barcarena,repsol,"rua hortense luz, 9 a","2,079 €",2026-05-15_dgeg_postos_raw.csv,f40206da18c66e8d
2026-05-15,2026-05-15 14:31:32,2026-05-11 00:00:00,20dfd1867d2bfa84,20dfd1867d2bfa84_diesel_premium,E.S. BARCARENA,REPSOL,diesel_premium,Gasóleo especial,Outro,2.149,Oeiras,Lisboa,"Rua Hortense Luz, 9 A",Barcarena,2730-231,38.7327,-9.279797,e.s. barcarena,repsol,"rua hortense luz, 9 a","2,149 €",2026-05-15_dgeg_postos_raw.csv,833d58ac4ca863da
2026-05-15,2026-05-15 14:31:32,2026-05-11 00:00:00,20dfd1867d2bfa84,20dfd1867d2bfa84_gasoline_95,E.S. BARCARENA,REPSOL,gasoline_95,Gasolina simples 95,Outro,2.067,Oeiras,Lisboa,"Rua Hortense Luz, 9 A",Barcarena,2730-231,38.7327,-9.279797,e.s. barcarena,repsol,"rua hortense luz, 9 a","2,067 €",2026-05-15_dgeg_postos_raw.csv,814e3a6730a49cc7
2026-05-15,2026-05-15 14:31:32,2026-05-11 00:00:00,3d6ffca0c60ab503,3d6ffca0c60ab503_diesel_regular,E.S. CASTILHO,REPSOL,diesel_regular,Gasóleo simples,Outro,2.079,Lisboa,Lisboa,Rua Castilho nº 72-A,Parque Eduardo VII,1200-000,38.72426,-9.15268,e.s. castilho,repsol,rua castilho nº 72-a,"2,079 €",2026-05-15_dgeg_postos_raw.csv,fa364300aa10659b
2026-05-15,2026-05-15 14:31:32,2026-05-11 00:00:00,3d6ffca0c60ab503,3d6ffca0c60ab503_diesel_premium,E.S. CASTILHO,REPSOL,diesel_premium,Gasóleo especial,Outro,2.149,Lisboa,Lisboa,Rua Castilho nº 72-A,Parque Eduardo VII,1200-000,38.72426,-9.15268,e.s. castilho,repsol,rua castilho nº 72-a,"2,149 €",2026-05-15_dgeg_postos_raw.csv,afddcc87bd25e83d
2026-05-15,2026-05-15 14:31:32,2026-05-11 00:00:00,3d6ffca0c60ab503,3d6ffca0c60ab503_gasoline_95,E.S. CASTILHO,REPSOL,gasoline_95,Gasolina simples 95,Outro,2.067,Lisboa,Lisboa,Rua Castilho nº 72-A,Parque Eduardo VII,1200-000,38.72426,-9.15268,e.s. castilho,repsol,rua castilho nº 72-a,"2,067 €",2026-05-15_dgeg_postos_raw.csv,c01442900c97df52
2026-05-15,2026-05-15 14:31:32,2026-05-11 00:00:00,c65a61e8a36380e4,c65a61e8a36380e4_diesel_regular,E.S. MARTELEIRA,REPSOL,diesel_regular,Gasóleo simples,Outro,2.029,Lourinhã,Lisboa,Av. do Araújo 17,Marteleira,2530-338,39.208634,-9.2838,e.s. marteleira,repsol,av. do araújo 17,"2,029 €",2026-05-15_dgeg_postos_raw.csv,062dc49ad4391af1
2026-05-15,2026-05-15 14:31:32,2026-05-11 00:00:00,c65a61e8a36380e4,c65a61e8a36380e4_diesel_premium,E.S. MARTELEIRA,REPSOL,diesel_premium,Gasóleo especial,Outro,2.089,Lourinhã,Lisboa,Av. do Araújo 17,Marteleira,2530-338,39.208634,-9.2838,e.s. marteleira,repsol,av. do araújo 17,"2,089 €",2026-05-15_dgeg_postos_raw.csv,1d36eb4da413bcdc
2026-05-15,2026-05-15 14:31:32,2026-05-11 00:00:00,c65a61e8a36380e4,c65a61e8a36380e4_gasoline_95,E.S. MARTELEIRA,REPSOL,gasoline_95,Gasolina simples 95,Outro,2.027,Lourinhã,Lisboa,Av. do Araújo 17,Marteleira,2530-338,39.208634,-9.2838,e.s. marteleira,repsol,av. do araújo 17,"2,027 €",2026-05-15_dgeg_postos_raw.csv,bb4df6054521ee76
2026-05-15,2026-05-15 14:31:32,2026-05-11 00:00:00,c65a61e8a36380e4,c65a61e8a36380e4_gasoline_98,E.S. MARTELEIRA,REPSOL,gasoline_98,Gasolina especial 98,Outro,2.217,Lourinhã,Lisboa,Av. do Araújo 17,Marteleira,2530-338,39.208634,-9.2838,e.s. marteleira,repsol,av. do araújo 17,"2,217 €",2026-05-15_dgeg_postos_raw.csv,e5447421868941ef
2026-05-15,2026-05-15 14:31:32,2026-05-11 00:00:00,fe0cdc7dc88a6369,fe0cdc7dc88a6369_diesel_regular,E.S. A-DOS-CUNHADOS,REPSOL,diesel_regular,Gasóleo simples,Outro,2.029,Torres Vedras,Lisboa,Rua 8 Setembro,Á-dos-Cunhados,2560-063,39.14572,-9.2822,e.s. a-dos-cunhados,repsol,rua 8 setembro,"2,029 €",2026-05-15_dgeg_postos_raw.csv,f6a079e7338acd71
2026-05-15,2026-05-15 14:31:32,2026-05-11 00:00:00,fe0cdc7dc88a6369,fe0cdc7dc88a6369_diesel_premium,E.S. A-DOS-CUNHADOS,REPSOL,diesel_premium,Gasóleo especial,Outro,2.089,Torres Vedras,Lisboa,Rua 8 Setembro,Á-dos-Cunhados,2560-063,39.14572,-9.2822,e.s. a-dos-cunhados,repsol,rua 8 setembro,"2,089 €",2026-05-15_dgeg_postos_raw.csv,96f87187b406d82e
2026-05-15,2026-05-15 14:31:32,2026-05-11 00:00:00,fe0cdc7dc88a6369,fe0cdc7dc88a6369_gasoline_95,E.S. A-DOS-CUNHADOS,REPSOL,gasoline_95,Gasolina simples 95,Outro,2.027,Torres Vedras,Lisboa,Rua 8 Setembro,Á-dos-Cunhados,2560-063,39.14572,-9.2822,e.s. a-dos-cunhados,repsol,rua 8 setembro,"2,027 €",2026-05-15_dgeg_postos_raw.csv,76b687c839da938a
2026-05-15,2026-05-15 14:31:32,2026-05-11 00:00:00,fe0cdc7dc88a6369,fe0cdc7dc88a6369_gasoline_98,E.S. A-DOS-CUNHADOS,REPSOL,gasoline_98,Gasolina especial 98,Outro,2.217,Torres Vedras,Lisboa,Rua 8 Setembro,Á-dos-Cunhados,2560-063,39.14572,-9.2822,e.s. a-dos-cunhados,repsol,rua 8 setembro,"2,217 €",2026-05-15_dgeg_postos_raw.csv,1c9657c1e69a33e7
2026-05-15,2026-05-15 14:31:32,2026-05-11 00:00:00,70bb85f7191501ee,70bb85f7191501ee_diesel_regular,E.S. OUTEIRO CABECA,REPSOL,diesel_regular,Gasóleo simples,Outro,2.029,Torres Vedras,Lisboa,Outeiro Cabeca,Torres Vedras,2560-000,39.19317,-9.18156,e.s. outeiro cabeca,repsol,outeiro cabeca,"2,029 €",2026-05-15_dgeg_postos_raw.csv,e4f391c7b52d8de2
2026-05-15,2026-05-15 14:31:32,2026-05-11 00:00:00,70bb85f7191501ee,70bb85f7191501ee_diesel_premium,E.S. OUTEIRO CABECA,REPSOL,diesel_premium,Gasóleo especial,Outro,2.089,Torres Vedras,Lisboa,Outeiro Cabeca,Torres Vedras,2560-000,39.19317,-9.18156,e.s. outeiro cabeca,repsol,outeiro cabeca,"2,089 €",2026-05-15_dgeg_postos_raw.csv,2d80c22d494b0c8f
2026-05-15,2026-05-15 14:31:32,2026-05-11 00:00:00,70bb85f7191501ee,70bb85f7191501ee_gasoline_95,E.S. OUTEIRO CABECA,REPSOL,gasoline_95,Gasolina simples 95,Outro,2.027,Torres Vedras,Lisboa,Outeiro Cabeca,Torres Vedras,2560-000,39.19317,-9.18156,e.s. outeiro cabeca,repsol,outeiro cabeca,"2,027 €",2026-05-15_dgeg_postos_raw.csv,90f0671a9146ac9d
2026-05-15,2026-05-15 14:31:32,2026-05-11 00:00:00,aecaabd9035f4b90,aecaabd9035f4b90_gasoline_98,E.S. FREIXIAL,REPSOL,gasoline_98,Gasolina especial 98,Outro,2.217,Loures,Lisboa,"EN 116 Km 24,5",Bucelas,2670-676,38.903325,-9.155217,e.s. freixial,repsol,"en 116 km 24,5","2,217 €",2026-05-15_dgeg_postos_raw.csv,10feed8b7880db13
2026-05-15,2026-05-15 14:31:32,2026-05-11 00:00:00,2c79b0016affb3f9,2c79b0016affb3f9_diesel_regular,E.S. MONTARGIL,REPSOL,diesel_regular,Gasóleo simples,Outro,2.079,Ponte de Sor,Portalegre,EN 2 - Km 462,Montargil,7425-144,39.05117,-8.17153,e.s. montargil,repsol,en 2 - km 462,"2,079 €",2026-05-15_dgeg_postos_raw.csv,35675087d094ef5c
2026-05-15,2026-05-15 14:31:32,2026-05-11 00:00:00,2c79b0016affb3f9,2c79b0016affb3f9_diesel_premium,E.S. MONTARGIL,REPSOL,diesel_premium,Gasóleo especial,Outro,2.149,Ponte de Sor,Portalegre,EN 2 - Km 462,Montargil,7425-144,39.05117,-8.17153,e.s. montargil,repsol,en 2 - km 462,"2,149 €",2026-05-15_dgeg_postos_raw.csv,f84e546919e277e8
2026-05-15,2026-05-15 14:31:32,2026-05-11 00:00:00,2c79b0016affb3f9,2c79b0016affb3f9_gasoline_95,E.S. MONTARGIL,REPSOL,gasoline_95,Gasolina simples 95,Outro,2.067,Ponte de Sor,Portalegre,EN 2 - Km 462,Montargil,7425-144,39.05117,-8.17153,e.s. montargil,repsol,en 2 - km 462,"2,067 €",2026-05-15_dgeg_postos_raw.csv,7fb9b41c20d1de07
2026-05-15,2026-05-15 14:31:32,2026-05-11 00:00:00,2c79b0016affb3f9,2c79b0016affb3f9_gasoline_98,E.S. MONTARGIL,REPSOL,gasoline_98,Gasolina especial 98,Outro,2.267,Ponte de Sor,Portalegre,EN 2 - Km 462,Montargil,7425-144,39.05117,-8.17153,e.s. montargil,repsol,en 2 - km 462,"2,267 €",2026-05-15_dgeg_postos_raw.csv,c825e3fca16a371e
2026-05-15,2026-05-15 14:31:32,2026-05-11 00:00:00,e69801e283290068,e69801e283290068_diesel_regular,E.S. ANTAS I,REPSOL,diesel_regular,Gasóleo simples,Outro,2.029,Porto,Porto,Av. Fernão de Magalhães nº 1626,Porto,4300-000,41.16328,-8.5899,e.s. antas i,repsol,av. fernão de magalhães nº 1626,"2,029 €",2026-05-15_dgeg_postos_raw.csv,8c607ce2c63c7c74
2026-05-15,2026-05-15 14:31:32,2026-05-11 00:00:00,e69801e283290068,e69801e283290068_diesel_premium,E.S. ANTAS I,REPSOL,diesel_premium,Gasóleo especial,Outro,2.089,Porto,Porto,Av. Fernão de Magalhães nº 1626,Porto,4300-000,41.16328,-8.5899,e.s. antas i,repsol,av. fernão de magalhães nº 1626,"2,089 €",2026-05-15_dgeg_postos_raw.csv,95a1d5a4c8513fc5
2026-05-15,2026-05-15 14:31:32,2026-05-11 00:00:00,e69801e283290068,e69801e283290068_gasoline_95,E.S. ANTAS I,REPSOL,gasoline_95,Gasolina simples 95,Outro,2.027,Porto,Porto,Av. Fernão de Magalhães nº 1626,Porto,4300-000,41.16328,-8.5899,e.s. antas i,repsol,av. fernão de magalhães nº 1626,"2,027 €",2026-05-15_dgeg_postos_raw.csv,6b44ca8ffae08624
2026-05-15,2026-05-15 14:31:32,2026-05-11 00:00:00,e69801e283290068,e69801e283290068_gasoline_98,E.S. ANTAS I,REPSOL,gasoline_98,Gasolina especial 98,Outro,2.217,Porto,Porto,Av. Fernão de Magalhães nº 1626,Porto,4300-000,41.16328,-8.5899,e.s. antas i,repsol,av. fernão de magalhães nº 1626,"2,217 €",2026-05-15_dgeg_postos_raw.csv,a2e42b3134d2a21e
2026-05-15,2026-05-15 14:31:32,2026-05-11 00:00:00,a865b5e5686114d1,a865b5e5686114d1_diesel_regular,E.S. ANTAS II,REPSOL,diesel_regular,Gasóleo simples,Outro,2.029,Porto,Porto,Rua Santo António Antas nº 36,Porto,4350-156,41.1645,-8.58945833333333,e.s. antas ii,repsol,rua santo antónio antas nº 36,"2,029 €",2026-05-15_dgeg_postos_raw.csv,1fbb7ddaa1aa25e9
2026-05-15,2026-05-15 14:31:32,2026-05-11 00:00:00,a865b5e5686114d1,a865b5e5686114d1_diesel_premium,E.S. ANTAS II,REPSOL,diesel_premium,Gasóleo especial,Outro,2.089,Porto,Porto,Rua Santo António Antas nº 36,Porto,4350-156,41.1645,-8.58945833333333,e.s. antas ii,repsol,rua santo antónio antas nº 36,"2,089 €",2026-05-15_dgeg_postos_raw.csv,0349a3217e11e3e2
2026-05-15,2026-05-15 14:31:32,2026-05-11 00:00:00,a865b5e5686114d1,a865b5e5686114d1_gasoline_95,E.S. ANTAS II,REPSOL,gasoline_95,Gasolina simples 95,Outro,2.027,Porto,Porto,Rua Santo António Antas nº 36,Porto,4350-156,41.1645,-8.58945833333333,e.s. antas ii,repsol,rua santo antónio antas nº 36,"2,027 €",2026-05-15_dgeg_postos_raw.csv,478ca028f660129a
2026-05-15,2026-05-15 14:31:32,2026-05-11 00:00:00,a865b5e5686114d1,a865b5e5686114d1_gasoline_98,E.S. ANTAS II,REPSOL,gasoline_98,Gasolina especial 98,Outro,2.217,Porto,Porto,Rua Santo António Antas nº 36,Porto,4350-156,41.1645,-8.58945833333333,e.s. antas ii,repsol,rua santo antónio antas nº 36,"2,217 €",2026-05-15_dgeg_postos_raw.csv,5cb1e39ff82f40ea
2026-05-15,2026-05-15 14:31:32,2026-05-11 00:00:00,685a10cdbf5c0242,685a10cdbf5c0242_diesel_regular,E.S. ERMESINDE,REPSOL,diesel_regular,Gasóleo simples,Outro,2.029,Valongo,Porto,Rua Elias Garcia nº 460,Ermesinde,4445-413,41.220761,-8.558206,e.s. ermesinde,repsol,rua elias garcia nº 460,"2,029 €",2026-05-15_dgeg_postos_raw.csv,748220c71b581844
2026-05-15,2026-05-15 14:31:32,2026-05-11 00:00:00,685a10cdbf5c0242,685a10cdbf5c0242_diesel_premium,E.S. ERMESINDE,REPSOL,diesel_premium,Gasóleo especial,Outro,2.089,Valongo,Porto,Rua Elias Garcia nº 460,Ermesinde,4445-413,41.220761,-8.558206,e.s. ermesinde,repsol,rua elias garcia nº 460,"2,089 €",2026-05-15_dgeg_postos_raw.csv,98f4edfac05c3d65
2026-05-15,2026-05-15 14:31:32,2026-05-11 00:00:00,685a10cdbf5c0242,685a10cdbf5c0242_gasoline_95,E.S. ERMESINDE,REPSOL,gasoline_95,Gasolina simples 95,Outro,2.027,Valongo,Porto,Rua Elias Garcia nº 460,Ermesinde,4445-413,41.220761,-8.558206,e.s. ermesinde,repsol,rua elias garcia nº 460,"2,027 €",2026-05-15_dgeg_postos_raw.csv,e549e35c47e895aa
2026-05-15,2026-05-15 14:31:32,2026-05-11 00:00:00,685a10cdbf5c0242,685a10cdbf5c0242_gasoline_98,E.S. ERMESINDE,REPSOL,gasoline_98,Gasolina especial 98,Outro,2.217,Valongo,Porto,Rua Elias Garcia nº 460,Ermesinde,4445-413,41.220761,-8.558206,e.s. ermesinde,repsol,rua elias garcia nº 460,"2,217 €",2026-05-15_dgeg_postos_raw.csv,f8b17656e002faa3
2026-05-15,2026-05-15 14:31:32,2026-05-11 00:00:00,f8ca9c16975f11e8,f8ca9c16975f11e8_diesel_regular,E.S. MONTE DOS BURGOS,REPSOL,diesel_regular,Gasóleo simples,Outro,2.079,Porto,Porto,Rua Monte Burgos nº 316,Porto,4200-309,41.17256,-8.62611,e.s. monte dos burgos,repsol,rua monte burgos nº 316,"2,079 €",2026-05-15_dgeg_postos_raw.csv,da1c969d69174160
2026-05-15,2026-05-15 14:31:32,2026-05-11 00:00:00,f8ca9c16975f11e8,f8ca9c16975f11e8_diesel_premium,E.S. MONTE DOS BURGOS,REPSOL,diesel_premium,Gasóleo especial,Outro,2.149,Porto,Porto,Rua Monte Burgos nº 316,Porto,4200-309,41.17256,-8.62611,e.s. monte dos burgos,repsol,rua monte burgos nº 316,"2,149 €",2026-05-15_dgeg_postos_raw.csv,7f9196c3762813a4
2026-05-15,2026-05-15 14:31:32,2026-05-11 00:00:00,f8ca9c16975f11e8,f8ca9c16975f11e8_gasoline_95,E.S. MONTE DOS BURGOS,REPSOL,gasoline_95,Gasolina simples 95,Outro,2.077,Porto,Porto,Rua Monte Burgos nº 316,Porto,4200-309,41.17256,-8.62611,e.s. monte dos burgos,repsol,rua monte burgos nº 316,"2,077 €",2026-05-15_dgeg_postos_raw.csv,192f51bf49b83cc3
2026-05-15,2026-05-15 14:31:32,2026-05-11 00:00:00,f8ca9c16975f11e8,f8ca9c16975f11e8_gasoline_98,E.S. MONTE DOS BURGOS,REPSOL,gasoline_98,Gasolina especial 98,Outro,2.267,Porto,Porto,Rua Monte Burgos nº 316,Porto,4200-309,41.17256,-8.62611,e.s. monte dos burgos,repsol,rua monte burgos nº 316,"2,267 €",2026-05-15_dgeg_postos_raw.csv,ec6ed3e211c06c0a
2026-05-15,2026-05-15 14:31:32,2026-05-11 00:00:00,ff4e8c7ffef43812,ff4e8c7ffef43812_gasoline_98,E.S. PACOS DE FERREIRA,REPSOL,gasoline_98,Gasolina especial 98,Outro,2.217,Paços de Ferreira,Porto,Via do Poder Local,Paços de Ferreira,4594-930,41.26708,-8.37683,e.s. pacos de ferreira,repsol,via do poder local,"2,217 €",2026-05-15_dgeg_postos_raw.csv,9a65135740260d0f
2026-05-15,2026-05-15 14:31:32,2026-05-11 00:00:00,7c8f2289a8d79b6d,7c8f2289a8d79b6d_diesel_regular,E.S. RIO TINTO,REPSOL,diesel_regular,Gasóleo simples,Outro,2.029,Gondomar,Porto,Rua Fernão de Magalhães nº 431,Rio Tinto,4435-431,41.173102,-8.550333,e.s. rio tinto,repsol,rua fernão de magalhães nº 431,"2,029 €",2026-05-15_dgeg_postos_raw.csv,892cc9e35ef87c2b
2026-05-15,2026-05-15 14:31:32,2026-05-11 00:00:00,7c8f2289a8d79b6d,7c8f2289a8d79b6d_diesel_premium,E.S. RIO TINTO,REPSOL,diesel_premium,Gasóleo especial,Outro,2.089,Gondomar,Porto,Rua Fernão de Magalhães nº 431,Rio Tinto,4435-431,41.173102,-8.550333,e.s. rio tinto,repsol,rua fernão de magalhães nº 431,"2,089 €",2026-05-15_dgeg_postos_raw.csv,ddb936b253386b96
2026-05-15,2026-05-15 14:31:32,2026-05-11 00:00:00,7c8f2289a8d79b6d,7c8f2289a8d79b6d_gasoline_95,E.S. RIO TINTO,REPSOL,gasoline_95,Gasolina simples 95,Outro,2.027,Gondomar,Porto,Rua Fernão de Magalhães nº 431,Rio Tinto,4435-431,41.173102,-8.550333,e.s. rio tinto,repsol,rua fernão de magalhães nº 431,"2,027 €",2026-05-15_dgeg_postos_raw.csv,d554ef491d720c0c
2026-05-15,2026-05-15 14:31:32,2026-05-11 00:00:00,5426a635e767869f,5426a635e767869f_diesel_regular,E.S. GAIA I,REPSOL,diesel_regular,Gasóleo simples,Outro,2.029,Vila Nova de Gaia,Porto,V8,Candal,4400-663,41.137317,-8.628375,e.s. gaia i,repsol,v8,"2,029 €",2026-05-15_dgeg_postos_raw.csv,45be68df7c8f1b67
2026-05-15,2026-05-15 14:31:32,2026-05-11 00:00:00,5426a635e767869f,5426a635e767869f_diesel_premium,E.S. GAIA I,REPSOL,diesel_premium,Gasóleo especial,Outro,2.089,Vila Nova de Gaia,Porto,V8,Candal,4400-663,41.137317,-8.628375,e.s. gaia i,repsol,v8,"2,089 €",2026-05-15_dgeg_postos_raw.csv,307b704bd94c626d
2026-05-15,2026-05-15 14:31:32,2026-05-11 00:00:00,5426a635e767869f,5426a635e767869f_gasoline_95,E.S. GAIA I,REPSOL,gasoline_95,Gasolina simples 95,Outro,2.027,Vila Nova de Gaia,Porto,V8,Candal,4400-663,41.137317,-8.628375,e.s. gaia i,repsol,v8,"2,027 €",2026-05-15_dgeg_postos_raw.csv,d15114cc39b8f3f9
2026-05-15,2026-05-15 14:31:32,2026-05-11 00:00:00,5426a635e767869f,5426a635e767869f_gasoline_98,E.S. GAIA I,REPSOL,gasoline_98,Gasolina especial 98,Outro,2.217,Vila Nova de Gaia,Porto,V8,Candal,4400-663,41.137317,-8.628375,e.s. gaia i,repsol,v8,"2,217 €",2026-05-15_dgeg_postos_raw.csv,54cf96c8c8089cac
2026-05-15,2026-05-15 14:31:32,2026-05-11 00:00:00,983d0f340c697e5d,983d0f340c697e5d_diesel_regular,E.S. GAIA II,REPSOL,diesel_regular,Gasóleo simples,Outro,2.029,Vila Nova de Gaia,Porto,V8,Candal,4400-663,41.136772,-8.629025,e.s. gaia ii,repsol,v8,"2,029 €",2026-05-15_dgeg_postos_raw.csv,b29382532d21f041
2026-05-15,2026-05-15 14:31:32,2026-05-11 00:00:00,983d0f340c697e5d,983d0f340c697e5d_diesel_premium,E.S. GAIA II,REPSOL,diesel_premium,Gasóleo especial,Outro,2.089,Vila Nova de Gaia,Porto,V8,Candal,4400-663,41.136772,-8.629025,e.s. gaia ii,repsol,v8,"2,089 €",2026-05-15_dgeg_postos_raw.csv,03528428b90ab553
2026-05-15,2026-05-15 14:31:32,2026-05-11 00:00:00,983d0f340c697e5d,983d0f340c697e5d_gasoline_95,E.S. GAIA II,REPSOL,gasoline_95,Gasolina simples 95,Outro,2.027,Vila Nova de Gaia,Porto,V8,Candal,4400-663,41.136772,-8.629025,e.s. gaia ii,repsol,v8,"2,027 €",2026-05-15_dgeg_postos_raw.csv,2cdb6e875cb70f77
2026-05-15,2026-05-15 14:31:32,2026-05-11 00:00:00,6168fad5c416ba4f,6168fad5c416ba4f_gasoline_98,E.S. POVOA VARZIM,REPSOL,gasoline_98,Gasolina especial 98,Outro,2.267,Póvoa de Varzim,Porto,Rua Gomes de Amorim nº 3121,A-Ver-o-Mar,4490-091,41.40673,-8.76741,e.s. povoa varzim,repsol,rua gomes de amorim nº 3121,"2,267 €",2026-05-15_dgeg_postos_raw.csv,7bf177ad3b4c37c8
2026-05-15,2026-05-15 14:31:32,2026-05-11 00:00:00,f43633df9e3b00dd,f43633df9e3b00dd_gasoline_98,E.S. S. MAMEDE INFESTA,REPSOL,gasoline_98,Gasolina especial 98,Outro,2.267,Matosinhos,Porto,Gaveto R. Godinho de Faria e Sá E Melo,São Mamede de Infesta,4465-000,41.19635,-8.61082,e.s. s. mamede infesta,repsol,gaveto r. godinho de faria e sá e melo,"2,267 €",2026-05-15_dgeg_postos_raw.csv,28547c7dead68fa6
2026-05-15,2026-05-15 14:31:32,2026-05-11 00:00:00,a937e8fdf61a4ae7,a937e8fdf61a4ae7_diesel_regular,E.S. STO TIRSO,REPSOL,diesel_regular,Gasóleo simples,Outro,2.029,Santo Tirso,Porto,Rua da Misericórdia,Santo Tirso,4780-000,41.339967,-8.482578,e.s. sto tirso,repsol,rua da misericórdia,"2,029 €",2026-05-15_dgeg_postos_raw.csv,bbf277ac4bd666af
2026-05-15,2026-05-15 14:31:32,2026-05-11 00:00:00,a937e8fdf61a4ae7,a937e8fdf61a4ae7_diesel_premium,E.S. STO TIRSO,REPSOL,diesel_premium,Gasóleo especial,Outro,2.089,Santo Tirso,Porto,Rua da Misericórdia,Santo Tirso,4780-000,41.339967,-8.482578,e.s. sto tirso,repsol,rua da misericórdia,"2,089 €",2026-05-15_dgeg_postos_raw.csv,fa81ac34bdcba99e
2026-05-15,2026-05-15 14:31:32,2026-05-11 00:00:00,a937e8fdf61a4ae7,a937e8fdf61a4ae7_gasoline_95,E.S. STO TIRSO,REPSOL,gasoline_95,Gasolina simples 95,Outro,2.027,Santo Tirso,Porto,Rua da Misericórdia,Santo Tirso,4780-000,41.339967,-8.482578,e.s. sto tirso,repsol,rua da misericórdia,"2,027 €",2026-05-15_dgeg_postos_raw.csv,5068123b2a66b297
2026-05-15,2026-05-15 14:31:32,2026-05-11 00:00:00,a937e8fdf61a4ae7,a937e8fdf61a4ae7_gasoline_98,E.S. STO TIRSO,REPSOL,gasoline_98,Gasolina especial 98,Outro,2.217,Santo Tirso,Porto,Rua da Misericórdia,Santo Tirso,4780-000,41.339967,-8.482578,e.s. sto tirso,repsol,rua da misericórdia,"2,217 €",2026-05-15_dgeg_postos_raw.csv,5d841a5561ac516f
2026-05-15,2026-05-15 14:31:32,2026-05-11 00:00:00,5340079d85d2c792,5340079d85d2c792_diesel_regular,E.S. PENAFIEL CIRCULAR,REPSOL,diesel_regular,Gasóleo simples,Outro,2.039,Penafiel,Porto,Bouça Grande,Milhundos,4560-232,41.203603,-8.27085,e.s. penafiel circular,repsol,bouça grande,"2,039 €",2026-05-15_dgeg_postos_raw.csv,0b238dd0b46a1dbf
2026-05-15,2026-05-15 14:31:32,2026-05-11 00:00:00,5340079d85d2c792,5340079d85d2c792_diesel_premium,E.S. PENAFIEL CIRCULAR,REPSOL,diesel_premium,Gasóleo especial,Outro,2.089,Penafiel,Porto,Bouça Grande,Milhundos,4560-232,41.203603,-8.27085,e.s. penafiel circular,repsol,bouça grande,"2,089 €",2026-05-15_dgeg_postos_raw.csv,b64742b5bec2ea44
2026-05-15,2026-05-15 14:31:32,2026-05-11 00:00:00,5340079d85d2c792,5340079d85d2c792_gasoline_95,E.S. PENAFIEL CIRCULAR,REPSOL,gasoline_95,Gasolina simples 95,Outro,2.037,Penafiel,Porto,Bouça Grande,Milhundos,4560-232,41.203603,-8.27085,e.s. penafiel circular,repsol,bouça grande,"2,037 €",2026-05-15_dgeg_postos_raw.csv,1a600a180b33685a
2026-05-15,2026-05-15 14:31:32,2026-05-11 00:00:00,5340079d85d2c792,5340079d85d2c792_gasoline_98,E.S. PENAFIEL CIRCULAR,REPSOL,gasoline_98,Gasolina especial 98,Outro,2.217,Penafiel,Porto,Bouça Grande,Milhundos,4560-232,41.203603,-8.27085,e.s. penafiel circular,repsol,bouça grande,"2,217 €",2026-05-15_dgeg_postos_raw.csv,8d331cf216490e8a
2026-05-15,2026-05-15 14:31:32,2026-05-11 00:00:00,e239a127b78d3a7a,e239a127b78d3a7a_diesel_regular,E.S. GONDOMAR - S. COSME,REPSOL,diesel_regular,Gasóleo simples,Outro,2.029,Gondomar,Porto,Rua Dom João de França nº 9,Ramalde,4420-110,41.1291,-8.52393,e.s. gondomar - s. cosme,repsol,rua dom joão de frança nº 9,"2,029 €",2026-05-15_dgeg_postos_raw.csv,d236299bbbffba13
2026-05-15,2026-05-15 14:31:32,2026-05-11 00:00:00,e239a127b78d3a7a,e239a127b78d3a7a_diesel_premium,E.S. GONDOMAR - S. COSME,REPSOL,diesel_premium,Gasóleo especial,Outro,2.089,Gondomar,Porto,Rua Dom João de França nº 9,Ramalde,4420-110,41.1291,-8.52393,e.s. gondomar - s. cosme,repsol,rua dom joão de frança nº 9,"2,089 €",2026-05-15_dgeg_postos_raw.csv,ba5b1e0be7ef64ea
2026-05-15,2026-05-15 14:31:32,2026-05-11 00:00:00,e239a127b78d3a7a,e239a127b78d3a7a_gasoline_95,E.S. GONDOMAR - S. COSME,REPSOL,gasoline_95,Gasolina simples 95,Outro,2.027,Gondomar,Porto,Rua Dom João de França nº 9,Ramalde,4420-110,41.1291,-8.52393,e.s. gondomar - s. cosme,repsol,rua dom joão de frança nº 9,"2,027 €",2026-05-15_dgeg_postos_raw.csv,d357098b33fd5d3b
2026-05-15,2026-05-15 14:31:32,2026-05-11 00:00:00,3344a9000e1d0faf,3344a9000e1d0faf_gasoline_98,E.S. STA. MARIA DA FEIRA,REPSOL,gasoline_98,Gasolina especial 98,Outro,2.197,Santa Maria da Feira,Aveiro,Lugar Da Cruz,Santa Maria da Feira,4520-195,40.921489,-8.5633,e.s. sta. maria da feira,repsol,lugar da cruz,"2,197 €",2026-05-15_dgeg_postos_raw.csv,b495cecbe0337ba6
2026-05-15,2026-05-15 14:31:32,2026-05-11 00:05:00,afe540ff67e32cbd,afe540ff67e32cbd_diesel_regular,E.S. POMBAL CENTRO,REPSOL,diesel_regular,Gasóleo simples,Outro,2.079,Pombal,Leiria,EN 1,Alto do Cabaço,3100-000,39.922311,-8.629056,e.s. pombal centro,repsol,en 1,"2,079 €",2026-05-15_dgeg_postos_raw.csv,1a07c89d1b7e5e0d
2026-05-15,2026-05-15 14:31:32,2026-05-11 00:05:00,afe540ff67e32cbd,afe540ff67e32cbd_diesel_premium,E.S. POMBAL CENTRO,REPSOL,diesel_premium,Gasóleo especial,Outro,2.149,Pombal,Leiria,EN 1,Alto do Cabaço,3100-000,39.922311,-8.629056,e.s. pombal centro,repsol,en 1,"2,149 €",2026-05-15_dgeg_postos_raw.csv,888fd82a356b4762
2026-05-15,2026-05-15 14:31:32,2026-05-11 00:05:00,afe540ff67e32cbd,afe540ff67e32cbd_gasoline_95,E.S. POMBAL CENTRO,REPSOL,gasoline_95,Gasolina simples 95,Outro,2.067,Pombal,Leiria,EN 1,Alto do Cabaço,3100-000,39.922311,-8.629056,e.s. pombal centro,repsol,en 1,"2,067 €",2026-05-15_dgeg_postos_raw.csv,658c2ee47c4d23be
2026-05-15,2026-05-15 14:31:32,2026-05-11 00:05:00,afe540ff67e32cbd,afe540ff67e32cbd_gasoline_98,E.S. POMBAL CENTRO,REPSOL,gasoline_98,Gasolina especial 98,Outro,2.267,Pombal,Leiria,EN 1,Alto do Cabaço,3100-000,39.922311,-8.629056,e.s. pombal centro,repsol,en 1,"2,267 €",2026-05-15_dgeg_postos_raw.csv,d5e99ba0da2af047
2026-05-15,2026-05-15 14:31:32,2026-05-11 00:05:00,3255f8a112efcfb5,3255f8a112efcfb5_diesel_regular,TOURIPETRO,PRIO,diesel_regular,Gasóleo simples,Outro,1.999,Tondela,Viseu,"Rua Deputado Luís Martins, 369",Tourigo,3465-195,40.49729,-8.187524,touripetro,prio,"rua deputado luís martins, 369","1,999 €",2026-05-15_dgeg_postos_raw.csv,6197a04a4c9bfd18
2026-05-15,2026-05-15 14:31:32,2026-05-11 00:05:00,3255f8a112efcfb5,3255f8a112efcfb5_diesel_premium,TOURIPETRO,PRIO,diesel_premium,Gasóleo especial,Outro,2.029,Tondela,Viseu,"Rua Deputado Luís Martins, 369",Tourigo,3465-195,40.49729,-8.187524,touripetro,prio,"rua deputado luís martins, 369","2,029 €",2026-05-15_dgeg_postos_raw.csv,06fa3988c309e815
2026-05-15,2026-05-15 14:31:32,2026-05-11 00:05:00,3255f8a112efcfb5,3255f8a112efcfb5_gasoline_95,TOURIPETRO,PRIO,gasoline_95,Gasolina simples 95,Outro,1.999,Tondela,Viseu,"Rua Deputado Luís Martins, 369",Tourigo,3465-195,40.49729,-8.187524,touripetro,prio,"rua deputado luís martins, 369","1,999 €",2026-05-15_dgeg_postos_raw.csv,db195eeaff85b8bb
2026-05-15,2026-05-15 14:31:32,2026-05-11 00:05:00,70985519bb2fde54,70985519bb2fde54_diesel_regular,GALP CHÃO DE AVE,GALP,diesel_regular,Gasóleo simples,Outro,2.055,Arouca,Aveiro,"EN 224 Km 43,30",Chão D'Ave,4540-263,40.89012,-8.342441,galp chão de ave,galp,"en 224 km 43,30","2,055 €",2026-05-15_dgeg_postos_raw.csv,2116413a6a48f703
2026-05-15,2026-05-15 14:31:32,2026-05-11 00:05:00,70985519bb2fde54,70985519bb2fde54_diesel_premium,GALP CHÃO DE AVE,GALP,diesel_premium,Gasóleo especial,Outro,2.115,Arouca,Aveiro,"EN 224 Km 43,30",Chão D'Ave,4540-263,40.89012,-8.342441,galp chão de ave,galp,"en 224 km 43,30","2,115 €",2026-05-15_dgeg_postos_raw.csv,63c07828dce310af
2026-05-15,2026-05-15 14:31:32,2026-05-11 00:05:00,70985519bb2fde54,70985519bb2fde54_gasoline_95,GALP CHÃO DE AVE,GALP,gasoline_95,Gasolina simples 95,Outro,2.051,Arouca,Aveiro,"EN 224 Km 43,30",Chão D'Ave,4540-263,40.89012,-8.342441,galp chão de ave,galp,"en 224 km 43,30","2,051 €",2026-05-15_dgeg_postos_raw.csv,fc17eb7158a0d1f1
2026-05-15,2026-05-15 14:31:32,2026-05-11 00:05:00,c5ed0f3bb3ded3c8,c5ed0f3bb3ded3c8_diesel_regular,PA Galp - Lagoil,GALP,diesel_regular,Gasóleo simples,Outro,2.055,Coruche,Santarém,"EN 114, km 0,600 - Avenida Luís de Camões",Coruche,2100-102,38.95618,-8.530151,pa galp - lagoil,galp,"en 114, km 0,600 - avenida luís de camões","2,055 €",2026-05-15_dgeg_postos_raw.csv,0e6f3fd111f312ad
2026-05-15,2026-05-15 14:31:32,2026-05-11 00:05:00,c5ed0f3bb3ded3c8,c5ed0f3bb3ded3c8_diesel_premium,PA Galp - Lagoil,GALP,diesel_premium,Gasóleo especial,Outro,2.105,Coruche,Santarém,"EN 114, km 0,600 - Avenida Luís de Camões",Coruche,2100-102,38.95618,-8.530151,pa galp - lagoil,galp,"en 114, km 0,600 - avenida luís de camões","2,105 €",2026-05-15_dgeg_postos_raw.csv,dd14a7014811960f
2026-05-15,2026-05-15 14:31:32,2026-05-11 00:05:00,c5ed0f3bb3ded3c8,c5ed0f3bb3ded3c8_gasoline_95,PA Galp - Lagoil,GALP,gasoline_95,Gasolina simples 95,Outro,2.051,Coruche,Santarém,"EN 114, km 0,600 - Avenida Luís de Camões",Coruche,2100-102,38.95618,-8.530151,pa galp - lagoil,galp,"en 114, km 0,600 - avenida luís de camões","2,051 €",2026-05-15_dgeg_postos_raw.csv,c76e14e3557585d1
2026-05-15,2026-05-15 14:31:32,2026-05-11 00:05:00,c8521a84e14b78c7,c8521a84e14b78c7_diesel_regular,PA DE VILA DO CONDE - COOPERATIVA AGRÍCOLA DE VILA DO CONDE,Genérico,diesel_regular,Gasóleo simples,Outro,1.989,Vila do Conde,Porto,"RUA DA LAPA, 293",Vila do Conde,4480-757,41.36048,-8.739048,pa de vila do conde - cooperativa agrícola de vila do conde,genérico,"rua da lapa, 293","1,989 €",2026-05-15_dgeg_postos_raw.csv,8ab99ffd414f1bc1
2026-05-15,2026-05-15 14:31:32,2026-05-11 00:05:00,c8521a84e14b78c7,c8521a84e14b78c7_gasoline_95,PA DE VILA DO CONDE - COOPERATIVA AGRÍCOLA DE VILA DO CONDE,Genérico,gasoline_95,Gasolina simples 95,Outro,1.992,Vila do Conde,Porto,"RUA DA LAPA, 293",Vila do Conde,4480-757,41.36048,-8.739048,pa de vila do conde - cooperativa agrícola de vila do conde,genérico,"rua da lapa, 293","1,992 €",2026-05-15_dgeg_postos_raw.csv,f09e9c8dfa1a9127
2026-05-15,2026-05-15 14:31:32,2026-05-11 00:05:00,13538033f7d9c374,13538033f7d9c374_diesel_regular,Cooperativa Agrícola de Vila do Conde - Posto de Guilhabreu,Genérico,diesel_regular,Gasóleo simples,Outro,1.989,Vila do Conde,Porto,"Rua da Agra, 500",Guilhabreu,4480-000,41.29269,-8.65524,cooperativa agrícola de vila do conde - posto de guilhabreu,genérico,"rua da agra, 500","1,989 €",2026-05-15_dgeg_postos_raw.csv,d13719c338801e13
2026-05-15,2026-05-15 14:31:32,2026-05-11 00:05:00,a4d4aa601f900fca,a4d4aa601f900fca_diesel_regular,Petrovariante-CFM energy- Vila Nova de Gaia,Genérico,diesel_regular,Gasóleo simples,Outro,1.919,Vila Nova de Gaia,Porto,Av. Vasco da Gama n.º 133,Vila Nova de Gaia,4430-249,41.12024,-8.60463,petrovariante-cfm energy- vila nova de gaia,genérico,av. vasco da gama n.º 133,"1,919 €",2026-05-15_dgeg_postos_raw.csv,8596e1e0f15dc09b
2026-05-15,2026-05-15 14:31:32,2026-05-11 00:05:00,a4d4aa601f900fca,a4d4aa601f900fca_diesel_premium,Petrovariante-CFM energy- Vila Nova de Gaia,Genérico,diesel_premium,Gasóleo especial,Outro,1.959,Vila Nova de Gaia,Porto,Av. Vasco da Gama n.º 133,Vila Nova de Gaia,4430-249,41.12024,-8.60463,petrovariante-cfm energy- vila nova de gaia,genérico,av. vasco da gama n.º 133,"1,959 €",2026-05-15_dgeg_postos_raw.csv,74bc37b86eb16c8e
2026-05-15,2026-05-15 14:31:32,2026-05-11 00:05:00,a4d4aa601f900fca,a4d4aa601f900fca_gasoline_95,Petrovariante-CFM energy- Vila Nova de Gaia,Genérico,gasoline_95,Gasolina simples 95,Outro,1.929,Vila Nova de Gaia,Porto,Av. Vasco da Gama n.º 133,Vila Nova de Gaia,4430-249,41.12024,-8.60463,petrovariante-cfm energy- vila nova de gaia,genérico,av. vasco da gama n.º 133,"1,929 €",2026-05-15_dgeg_postos_raw.csv,89dc4e599c217535
2026-05-15,2026-05-15 14:31:32,2026-05-11 00:05:00,6e5f1f43b238a941,6e5f1f43b238a941_diesel_regular,PA DE BAGUNTE - AGRIVIL - COOPERATIVA AGRÍCOLA DE VILA DO CONDE,Genérico,diesel_regular,Gasóleo simples,Outro,1.989,Vila do Conde,Porto,"RUA COMENDADOR JOAQUIM COSTA E SILVA, 50",Bagunte,4480-229,41.36184,-8.670377,pa de bagunte - agrivil - cooperativa agrícola de vila do conde,genérico,"rua comendador joaquim costa e silva, 50","1,989 €",2026-05-15_dgeg_postos_raw.csv,4e3e59e10c2bd868
2026-05-15,2026-05-15 14:31:32,2026-05-11 00:05:00,6e5f1f43b238a941,6e5f1f43b238a941_diesel_premium,PA DE BAGUNTE - AGRIVIL - COOPERATIVA AGRÍCOLA DE VILA DO CONDE,Genérico,diesel_premium,Gasóleo especial,Outro,2.009,Vila do Conde,Porto,"RUA COMENDADOR JOAQUIM COSTA E SILVA, 50",Bagunte,4480-229,41.36184,-8.670377,pa de bagunte - agrivil - cooperativa agrícola de vila do conde,genérico,"rua comendador joaquim costa e silva, 50","2,009 €",2026-05-15_dgeg_postos_raw.csv,3c477fef617fa784
2026-05-15,2026-05-15 14:31:32,2026-05-11 00:05:00,6e5f1f43b238a941,6e5f1f43b238a941_gasoline_95,PA DE BAGUNTE - AGRIVIL - COOPERATIVA AGRÍCOLA DE VILA DO CONDE,Genérico,gasoline_95,Gasolina simples 95,Outro,1.992,Vila do Conde,Porto,"RUA COMENDADOR JOAQUIM COSTA E SILVA, 50",Bagunte,4480-229,41.36184,-8.670377,pa de bagunte - agrivil - cooperativa agrícola de vila do conde,genérico,"rua comendador joaquim costa e silva, 50","1,992 €",2026-05-15_dgeg_postos_raw.csv,ad2c2f9e0d6e0aa3
2026-05-15,2026-05-15 14:31:32,2026-05-11 00:05:00,b7f10ccad0637dc3,b7f10ccad0637dc3_diesel_premium,BP Vila Real Europa,BP,diesel_premium,Gasóleo especial,Outro,2.224,Vila Real,Vila Real,"Av. da Europa, 4",Vila Real,5000-557,41.300516,-7.731374,bp vila real europa,bp,"av. da europa, 4","2,224 €",2026-05-15_dgeg_postos_raw.csv,46c879f1f4a7c88f
2026-05-15,2026-05-15 14:31:32,2026-05-11 00:05:00,b7f10ccad0637dc3,b7f10ccad0637dc3_diesel_regular,BP Vila Real Europa,BP,diesel_regular,Gasóleo simples,Outro,2.104,Vila Real,Vila Real,"Av. da Europa, 4",Vila Real,5000-557,41.300516,-7.731374,bp vila real europa,bp,"av. da europa, 4","2,104 €",2026-05-15_dgeg_postos_raw.csv,3130321d6d390d94
2026-05-15,2026-05-15 14:31:32,2026-05-11 00:05:00,b7f10ccad0637dc3,b7f10ccad0637dc3_gasoline_95,BP Vila Real Europa,BP,gasoline_95,Gasolina simples 95,Outro,2.099,Vila Real,Vila Real,"Av. da Europa, 4",Vila Real,5000-557,41.300516,-7.731374,bp vila real europa,bp,"av. da europa, 4","2,099 €",2026-05-15_dgeg_postos_raw.csv,2cdeb07e23e765ad
2026-05-15,2026-05-15 14:31:32,2026-05-11 00:05:00,b7f10ccad0637dc3,b7f10ccad0637dc3_gasoline_98,BP Vila Real Europa,BP,gasoline_98,Gasolina especial 98,Outro,2.299,Vila Real,Vila Real,"Av. da Europa, 4",Vila Real,5000-557,41.300516,-7.731374,bp vila real europa,bp,"av. da europa, 4","2,299 €",2026-05-15_dgeg_postos_raw.csv,0abfe0cdc04907f1
2026-05-15,2026-05-15 14:31:32,2026-05-11 00:05:00,575c07ecebee31d8,575c07ecebee31d8_diesel_premium,E.S. ESCARIZ,REPSOL,diesel_premium,Gasóleo especial,Outro,2.089,Vila Verde,Braga,Lugar da Igreja,Escariz S. Mamede,4730-500,41.63623,-8.5289,e.s. escariz,repsol,lugar da igreja,"2,089 €",2026-05-15_dgeg_postos_raw.csv,06b08b06671befa2
2026-05-15,2026-05-15 14:31:32,2026-05-11 00:05:00,575c07ecebee31d8,575c07ecebee31d8_gasoline_95,E.S. ESCARIZ,REPSOL,gasoline_95,Gasolina simples 95,Outro,2.017,Vila Verde,Braga,Lugar da Igreja,Escariz S. Mamede,4730-500,41.63623,-8.5289,e.s. escariz,repsol,lugar da igreja,"2,017 €",2026-05-15_dgeg_postos_raw.csv,12b50b5faf6e247f
2026-05-15,2026-05-15 14:31:32,2026-05-11 00:05:00,575c07ecebee31d8,575c07ecebee31d8_gasoline_98,E.S. ESCARIZ,REPSOL,gasoline_98,Gasolina especial 98,Outro,2.217,Vila Verde,Braga,Lugar da Igreja,Escariz S. Mamede,4730-500,41.63623,-8.5289,e.s. escariz,repsol,lugar da igreja,"2,217 €",2026-05-15_dgeg_postos_raw.csv,a60429e5599804a6
2026-05-15,2026-05-15 14:31:32,2026-05-11 00:05:00,575c07ecebee31d8,575c07ecebee31d8_diesel_regular,E.S. ESCARIZ,REPSOL,diesel_regular,Gasóleo simples,Outro,2.019,Vila Verde,Braga,Lugar da Igreja,Escariz S. Mamede,4730-500,41.63623,-8.5289,e.s. escariz,repsol,lugar da igreja,"2,019 €",2026-05-15_dgeg_postos_raw.csv,4c161bdd959c5080
2026-05-15,2026-05-15 14:31:32,2026-05-11 00:05:00,f05a38b6f052329c,f05a38b6f052329c_diesel_premium,Prio - Loures,PRIO,diesel_premium,Gasóleo especial,Outro,1.959,Loures,Lisboa,Largo José Paulo Oliveira,Loures,2670-380,38.83211,-9.171378,prio - loures,prio,largo josé paulo oliveira,"1,959 €",2026-05-15_dgeg_postos_raw.csv,aa1233ca9df64968
2026-05-15,2026-05-15 14:31:32,2026-05-11 00:05:00,f05a38b6f052329c,f05a38b6f052329c_gasoline_95,Prio - Loures,PRIO,gasoline_95,Gasolina simples 95,Outro,2.014,Loures,Lisboa,Largo José Paulo Oliveira,Loures,2670-380,38.83211,-9.171378,prio - loures,prio,largo josé paulo oliveira,"2,014 €",2026-05-15_dgeg_postos_raw.csv,d5fcb7af34bf67cc
2026-05-15,2026-05-15 14:31:32,2026-05-11 00:05:00,12f1900146528da2,12f1900146528da2_diesel_regular,"E.S. LOUSÃ - Anibal Antunes Bandeira, Lda - Lousã",REPSOL,diesel_regular,Gasóleo simples,Outro,2.064,Lousã,Coimbra,Av. Dr. João Maria Cardoso,Lousã,3200-222,40.11385,-8.24455,"e.s. lousã - anibal antunes bandeira, lda - lousã",repsol,av. dr. joão maria cardoso,"2,064 €",2026-05-15_dgeg_postos_raw.csv,015b99e104c9e83d
2026-05-15,2026-05-15 14:31:32,2026-05-11 00:05:00,12f1900146528da2,12f1900146528da2_diesel_premium,"E.S. LOUSÃ - Anibal Antunes Bandeira, Lda - Lousã",REPSOL,diesel_premium,Gasóleo especial,Outro,2.134,Lousã,Coimbra,Av. Dr. João Maria Cardoso,Lousã,3200-222,40.11385,-8.24455,"e.s. lousã - anibal antunes bandeira, lda - lousã",repsol,av. dr. joão maria cardoso,"2,134 €",2026-05-15_dgeg_postos_raw.csv,6650fafca30edd2f
2026-05-15,2026-05-15 14:31:32,2026-05-11 00:05:00,12f1900146528da2,12f1900146528da2_gasoline_95,"E.S. LOUSÃ - Anibal Antunes Bandeira, Lda - Lousã",REPSOL,gasoline_95,Gasolina simples 95,Outro,2.062,Lousã,Coimbra,Av. Dr. João Maria Cardoso,Lousã,3200-222,40.11385,-8.24455,"e.s. lousã - anibal antunes bandeira, lda - lousã",repsol,av. dr. joão maria cardoso,"2,062 €",2026-05-15_dgeg_postos_raw.csv,bad38c9aa1493dcd
2026-05-15,2026-05-15 14:31:32,2026-05-11 00:05:00,c8521a84e14b78c7,c8521a84e14b78c7_diesel_premium,PA DE VILA DO CONDE - COOPERATIVA AGRÍCOLA DE VILA DO CONDE,Genérico,diesel_premium,Gasóleo especial,Outro,2.009,Vila do Conde,Porto,"RUA DA LAPA, 293",Vila do Conde,4480-757,41.36048,-8.739048,pa de vila do conde - cooperativa agrícola de vila do conde,genérico,"rua da lapa, 293","2,009 €",2026-05-15_dgeg_postos_raw.csv,c5528026e8a98841
2026-05-15,2026-05-15 14:31:32,2026-05-11 00:05:00,db3e440e2aa17368,db3e440e2aa17368_diesel_regular,Petrovariante,PETROVARIANTE,diesel_regular,Gasóleo simples,Outro,1.919,Santa Maria da Feira,Aveiro,Travessa do Monte (Rua dos descobrimentos),Sanfins,4520-551,40.93044,-8.51739,petrovariante,petrovariante,travessa do monte (rua dos descobrimentos),"1,919 €",2026-05-15_dgeg_postos_raw.csv,3ee7e9653c82b5b7
2026-05-15,2026-05-15 14:31:32,2026-05-11 00:05:00,db3e440e2aa17368,db3e440e2aa17368_diesel_premium,Petrovariante,PETROVARIANTE,diesel_premium,Gasóleo especial,Outro,1.959,Santa Maria da Feira,Aveiro,Travessa do Monte (Rua dos descobrimentos),Sanfins,4520-551,40.93044,-8.51739,petrovariante,petrovariante,travessa do monte (rua dos descobrimentos),"1,959 €",2026-05-15_dgeg_postos_raw.csv,9c17a5eaec6b7899
2026-05-15,2026-05-15 14:31:32,2026-05-11 00:05:00,db3e440e2aa17368,db3e440e2aa17368_gasoline_95,Petrovariante,PETROVARIANTE,gasoline_95,Gasolina simples 95,Outro,1.929,Santa Maria da Feira,Aveiro,Travessa do Monte (Rua dos descobrimentos),Sanfins,4520-551,40.93044,-8.51739,petrovariante,petrovariante,travessa do monte (rua dos descobrimentos),"1,929 €",2026-05-15_dgeg_postos_raw.csv,ad93d837520b8b09
2026-05-15,2026-05-15 14:31:32,2026-05-11 00:05:00,70985519bb2fde54,70985519bb2fde54_gasoline_98,GALP CHÃO DE AVE,GALP,gasoline_98,Gasolina especial 98,Outro,2.261,Arouca,Aveiro,"EN 224 Km 43,30",Chão D'Ave,4540-263,40.89012,-8.342441,galp chão de ave,galp,"en 224 km 43,30","2,261 €",2026-05-15_dgeg_postos_raw.csv,24a66ae98ee89aba
2026-05-15,2026-05-15 14:31:32,2026-05-11 00:05:00,28df0a24e9e42418,28df0a24e9e42418_diesel_premium,Prio - Lagos,PRIO,diesel_premium,Gasóleo especial,Outro,1.974,Lagos,Faro,Urb Cerro de Mos Lote 316,Lagos,8600-657,37.109303,-8.689247,prio - lagos,prio,urb cerro de mos lote 316,"1,974 €",2026-05-15_dgeg_postos_raw.csv,cd9f4a1d602589f1
2026-05-15,2026-05-15 14:31:32,2026-05-11 00:05:00,28df0a24e9e42418,28df0a24e9e42418_gasoline_95,Prio - Lagos,PRIO,gasoline_95,Gasolina simples 95,Outro,1.974,Lagos,Faro,Urb Cerro de Mos Lote 316,Lagos,8600-657,37.109303,-8.689247,prio - lagos,prio,urb cerro de mos lote 316,"1,974 €",2026-05-15_dgeg_postos_raw.csv,d5faffbc205a97d1
2026-05-15,2026-05-15 14:31:32,2026-05-11 00:05:00,00e453ed192dd9b3,00e453ed192dd9b3_diesel_regular,A.T. Moreira Pinto & Cia. Lda. - PA Galp Cucujães,GALP,diesel_regular,Gasóleo simples,Outro,2.128,Oliveira de Azeméis,Aveiro,Rua José Maria Castro Lopes Junior: 1009,Cucujães,3720-351,40.872227,-8.485983,a.t. moreira pinto & cia. lda. - pa galp cucujães,galp,rua josé maria castro lopes junior: 1009,"2,128 €",2026-05-15_dgeg_postos_raw.csv,b2c60e094addb9c7
2026-05-15,2026-05-15 14:31:32,2026-05-11 00:05:00,00e453ed192dd9b3,00e453ed192dd9b3_diesel_premium,A.T. Moreira Pinto & Cia. Lda. - PA Galp Cucujães,GALP,diesel_premium,Gasóleo especial,Outro,2.078,Oliveira de Azeméis,Aveiro,Rua José Maria Castro Lopes Junior: 1009,Cucujães,3720-351,40.872227,-8.485983,a.t. moreira pinto & cia. lda. - pa galp cucujães,galp,rua josé maria castro lopes junior: 1009,"2,078 €",2026-05-15_dgeg_postos_raw.csv,d41974704d3c99b2
2026-05-15,2026-05-15 14:31:32,2026-05-11 00:05:00,00e453ed192dd9b3,00e453ed192dd9b3_gasoline_95,A.T. Moreira Pinto & Cia. Lda. - PA Galp Cucujães,GALP,gasoline_95,Gasolina simples 95,Outro,2.026,Oliveira de Azeméis,Aveiro,Rua José Maria Castro Lopes Junior: 1009,Cucujães,3720-351,40.872227,-8.485983,a.t. moreira pinto & cia. lda. - pa galp cucujães,galp,rua josé maria castro lopes junior: 1009,"2,026 €",2026-05-15_dgeg_postos_raw.csv,2cc5ce16f9cc7e70
2026-05-15,2026-05-15 14:31:32,2026-05-11 00:05:00,00e453ed192dd9b3,00e453ed192dd9b3_gasoline_98,A.T. Moreira Pinto & Cia. Lda. - PA Galp Cucujães,GALP,gasoline_98,Gasolina especial 98,Outro,2.236,Oliveira de Azeméis,Aveiro,Rua José Maria Castro Lopes Junior: 1009,Cucujães,3720-351,40.872227,-8.485983,a.t. moreira pinto & cia. lda. - pa galp cucujães,galp,rua josé maria castro lopes junior: 1009,"2,236 €",2026-05-15_dgeg_postos_raw.csv,e9e689a3401ce5c7
2026-05-15,2026-05-15 14:31:32,2026-05-11 00:05:00,3a6f65512cdf3e31,3a6f65512cdf3e31_diesel_premium,Moeve - Soalhães,MOEVE,diesel_premium,Gasóleo especial,Outro,2.086,Marco de Canaveses,Porto,"Rua Rechão da Forca,134 ( EN 321-1, Km 8.580)",Soalhães,4630-731,41.16078,-8.108869,moeve - soalhães,moeve,"rua rechão da forca,134 ( en 321-1, km 8.580)","2,086 €",2026-05-15_dgeg_postos_raw.csv,1ae22e6ce9fdd1af
2026-05-15,2026-05-15 14:31:32,2026-05-11 00:05:00,3a6f65512cdf3e31,3a6f65512cdf3e31_diesel_regular,Moeve - Soalhães,MOEVE,diesel_regular,Gasóleo simples,Outro,2.036,Marco de Canaveses,Porto,"Rua Rechão da Forca,134 ( EN 321-1, Km 8.580)",Soalhães,4630-731,41.16078,-8.108869,moeve - soalhães,moeve,"rua rechão da forca,134 ( en 321-1, km 8.580)","2,036 €",2026-05-15_dgeg_postos_raw.csv,e259120a5de92941
2026-05-15,2026-05-15 14:31:32,2026-05-11 00:05:00,3a6f65512cdf3e31,3a6f65512cdf3e31_gasoline_95,Moeve - Soalhães,MOEVE,gasoline_95,Gasolina simples 95,Outro,2.028,Marco de Canaveses,Porto,"Rua Rechão da Forca,134 ( EN 321-1, Km 8.580)",Soalhães,4630-731,41.16078,-8.108869,moeve - soalhães,moeve,"rua rechão da forca,134 ( en 321-1, km 8.580)","2,028 €",2026-05-15_dgeg_postos_raw.csv,b681ede3c05be1c5
2026-05-15,2026-05-15 14:31:32,2026-05-11 00:05:00,aa9ff18d3d809954,aa9ff18d3d809954_diesel_premium,Moeve - Prozelo,MOEVE,diesel_premium,Gasóleo especial,Outro,2.061,Arcos de Valdevez,Viana do Castelo,Lugar de Estanque - Prozelo,Breia,4970-285,41.87246,-8.42791,moeve - prozelo,moeve,lugar de estanque - prozelo,"2,061 €",2026-05-15_dgeg_postos_raw.csv,72fd38ec44a142f8
2026-05-15,2026-05-15 14:31:32,2026-05-11 00:05:00,aa9ff18d3d809954,aa9ff18d3d809954_diesel_regular,Moeve - Prozelo,MOEVE,diesel_regular,Gasóleo simples,Outro,1.986,Arcos de Valdevez,Viana do Castelo,Lugar de Estanque - Prozelo,Breia,4970-285,41.87246,-8.42791,moeve - prozelo,moeve,lugar de estanque - prozelo,"1,986 €",2026-05-15_dgeg_postos_raw.csv,4cc7b07af2da8575
2026-05-15,2026-05-15 14:31:32,2026-05-11 00:05:00,aa9ff18d3d809954,aa9ff18d3d809954_gasoline_95,Moeve - Prozelo,MOEVE,gasoline_95,Gasolina simples 95,Outro,1.983,Arcos de Valdevez,Viana do Castelo,Lugar de Estanque - Prozelo,Breia,4970-285,41.87246,-8.42791,moeve - prozelo,moeve,lugar de estanque - prozelo,"1,983 €",2026-05-15_dgeg_postos_raw.csv,eac96ee6d21fb49e
2026-05-15,2026-05-15 14:31:32,2026-05-11 00:05:00,0d785d594a028843,0d785d594a028843_diesel_premium,Moeve Ponte da Barca,MOEVE,diesel_premium,Gasóleo especial,Área comercial (Hipermercados),2.061,Ponte da Barca,Viana do Castelo,"Rua S. Tomé, 377",Paço-Velho,4980-798,41.7865,-8.414764,moeve ponte da barca,moeve,"rua s. tomé, 377","2,061 €",2026-05-15_dgeg_postos_raw.csv,deb9fae6fa81da04
2026-05-15,2026-05-15 14:31:32,2026-05-11 00:05:00,0d785d594a028843,0d785d594a028843_diesel_regular,Moeve Ponte da Barca,MOEVE,diesel_regular,Gasóleo simples,Área comercial (Hipermercados),1.956,Ponte da Barca,Viana do Castelo,"Rua S. Tomé, 377",Paço-Velho,4980-798,41.7865,-8.414764,moeve ponte da barca,moeve,"rua s. tomé, 377","1,956 €",2026-05-15_dgeg_postos_raw.csv,c8f9f1d94c12e97f
2026-05-15,2026-05-15 14:31:32,2026-05-11 00:05:00,0d785d594a028843,0d785d594a028843_gasoline_95,Moeve Ponte da Barca,MOEVE,gasoline_95,Gasolina simples 95,Área comercial (Hipermercados),1.948,Ponte da Barca,Viana do Castelo,"Rua S. Tomé, 377",Paço-Velho,4980-798,41.7865,-8.414764,moeve ponte da barca,moeve,"rua s. tomé, 377","1,948 €",2026-05-15_dgeg_postos_raw.csv,ef08eca70b2b3db2
2026-05-15,2026-05-15 14:31:32,2026-05-11 00:05:00,bfd76cc57cc095c2,bfd76cc57cc095c2_diesel_premium,MOEVE Viana do Castelo - Cardielos,MOEVE,diesel_premium,Gasóleo especial,Outro,2.061,Viana do Castelo,Viana do Castelo,"EN 202, Km 7550 - Lugar do Porto",Cardielos,4925-347,41.71166,-8.742154,moeve viana do castelo - cardielos,moeve,"en 202, km 7550 - lugar do porto","2,061 €",2026-05-15_dgeg_postos_raw.csv,5f650def5d02a03b
2026-05-15,2026-05-15 14:31:32,2026-05-11 00:05:00,bfd76cc57cc095c2,bfd76cc57cc095c2_diesel_regular,MOEVE Viana do Castelo - Cardielos,MOEVE,diesel_regular,Gasóleo simples,Outro,1.986,Viana do Castelo,Viana do Castelo,"EN 202, Km 7550 - Lugar do Porto",Cardielos,4925-347,41.71166,-8.742154,moeve viana do castelo - cardielos,moeve,"en 202, km 7550 - lugar do porto","1,986 €",2026-05-15_dgeg_postos_raw.csv,6aa94bf31a21a71d
2026-05-15,2026-05-15 14:31:32,2026-05-11 00:05:00,bfd76cc57cc095c2,bfd76cc57cc095c2_gasoline_95,MOEVE Viana do Castelo - Cardielos,MOEVE,gasoline_95,Gasolina simples 95,Outro,1.983,Viana do Castelo,Viana do Castelo,"EN 202, Km 7550 - Lugar do Porto",Cardielos,4925-347,41.71166,-8.742154,moeve viana do castelo - cardielos,moeve,"en 202, km 7550 - lugar do porto","1,983 €",2026-05-15_dgeg_postos_raw.csv,cbd9bc35335e02db
2026-05-15,2026-05-15 14:31:32,2026-05-11 00:10:00,e77a10d5cdfd9bdd,e77a10d5cdfd9bdd_diesel_premium,Auto Julio - Salir,AUTO JULIO,diesel_premium,Gasóleo especial,Outro,1.979,Loulé,Faro,RUA MANUEL DOURADO EUSEBIO,Salir,8100-202,37.23991,-8.044887,auto julio - salir,auto julio,rua manuel dourado eusebio,"1,979 €",2026-05-15_dgeg_postos_raw.csv,263612ccaf13fba8
2026-05-15,2026-05-15 14:31:32,2026-05-11 00:10:00,c50cc0d3ca479574,c50cc0d3ca479574_diesel_regular,AUTO JULIO - Algoz,AUTO JULIO,diesel_regular,Gasóleo simples,Outro,1.959,Silves,Faro,Sitio das Ferrarias,Algoz,8365-084,37.17233,-8.299277,auto julio - algoz,auto julio,sitio das ferrarias,"1,959 €",2026-05-15_dgeg_postos_raw.csv,8453f935a226f4dd
2026-05-15,2026-05-15 14:31:32,2026-05-11 00:10:00,c50cc0d3ca479574,c50cc0d3ca479574_diesel_premium,AUTO JULIO - Algoz,AUTO JULIO,diesel_premium,Gasóleo especial,Outro,1.959,Silves,Faro,Sitio das Ferrarias,Algoz,8365-084,37.17233,-8.299277,auto julio - algoz,auto julio,sitio das ferrarias,"1,959 €",2026-05-15_dgeg_postos_raw.csv,ea7957fcbdf6c455
2026-05-15,2026-05-15 14:31:32,2026-05-11 00:10:00,c50cc0d3ca479574,c50cc0d3ca479574_gasoline_95,AUTO JULIO - Algoz,AUTO JULIO,gasoline_95,Gasolina simples 95,Outro,1.962,Silves,Faro,Sitio das Ferrarias,Algoz,8365-084,37.17233,-8.299277,auto julio - algoz,auto julio,sitio das ferrarias,"1,962 €",2026-05-15_dgeg_postos_raw.csv,daa925702f0c0a14
2026-05-15,2026-05-15 14:31:32,2026-05-11 00:10:00,5b031d6f82657824,5b031d6f82657824_diesel_premium,AUTO JULIO - Balaia,AUTO JULIO,diesel_premium,Gasóleo especial,Outro,1.979,Albufeira,Faro,"Estrada de Albufeira, CM 1287",Quinta da Balaia,8200-100,37.09262,-8.204557,auto julio - balaia,auto julio,"estrada de albufeira, cm 1287","1,979 €",2026-05-15_dgeg_postos_raw.csv,b6009d4a1271c602
2026-05-15,2026-05-15 14:31:32,2026-05-11 00:10:00,c51a9c1b92283f18,c51a9c1b92283f18_gasoline_98,"GALP Castro Daire - LDL Combustíveis, Lda",GALP,gasoline_98,Gasolina especial 98,Outro,2.261,Castro Daire,Viseu,"Avenida Maria Alcina Fadista, 1156",Castro Daire,3600-199,40.910305,-7.928194,"galp castro daire - ldl combustíveis, lda",galp,"avenida maria alcina fadista, 1156","2,261 €",2026-05-15_dgeg_postos_raw.csv,71189b015a814a54
2026-05-15,2026-05-15 14:31:32,2026-05-11 00:10:00,5b031d6f82657824,5b031d6f82657824_diesel_regular,AUTO JULIO - Balaia,AUTO JULIO,diesel_regular,Gasóleo simples,Outro,1.979,Albufeira,Faro,"Estrada de Albufeira, CM 1287",Quinta da Balaia,8200-100,37.09262,-8.204557,auto julio - balaia,auto julio,"estrada de albufeira, cm 1287","1,979 €",2026-05-15_dgeg_postos_raw.csv,9fd19aa15c979f24
2026-05-15,2026-05-15 14:31:32,2026-05-11 00:10:00,5b031d6f82657824,5b031d6f82657824_gasoline_95,AUTO JULIO - Balaia,AUTO JULIO,gasoline_95,Gasolina simples 95,Outro,1.999,Albufeira,Faro,"Estrada de Albufeira, CM 1287",Quinta da Balaia,8200-100,37.09262,-8.204557,auto julio - balaia,auto julio,"estrada de albufeira, cm 1287","1,999 €",2026-05-15_dgeg_postos_raw.csv,9055365673e17e9a
2026-05-15,2026-05-15 14:31:32,2026-05-11 00:10:00,f6e454b2c5493e08,f6e454b2c5493e08_diesel_regular,AUTO JULIO - Aljezur,AUTO JULIO,diesel_regular,Gasóleo simples,Outro,1.979,Aljezur,Faro,Sitio da Feiteira - EN267,Aljezur,8670-158,37.312984,-8.791851,auto julio - aljezur,auto julio,sitio da feiteira - en267,"1,979 €",2026-05-15_dgeg_postos_raw.csv,48bb7f4cf5771491
2026-05-15,2026-05-15 14:31:32,2026-05-11 00:10:00,f6e454b2c5493e08,f6e454b2c5493e08_gasoline_95,AUTO JULIO - Aljezur,AUTO JULIO,gasoline_95,Gasolina simples 95,Outro,1.999,Aljezur,Faro,Sitio da Feiteira - EN267,Aljezur,8670-158,37.312984,-8.791851,auto julio - aljezur,auto julio,sitio da feiteira - en267,"1,999 €",2026-05-15_dgeg_postos_raw.csv,9f87f9cf6cd7bce0
2026-05-15,2026-05-15 14:31:32,2026-05-11 00:10:00,e77a10d5cdfd9bdd,e77a10d5cdfd9bdd_diesel_regular,Auto Julio - Salir,AUTO JULIO,diesel_regular,Gasóleo simples,Outro,1.979,Loulé,Faro,RUA MANUEL DOURADO EUSEBIO,Salir,8100-202,37.23991,-8.044887,auto julio - salir,auto julio,rua manuel dourado eusebio,"1,979 €",2026-05-15_dgeg_postos_raw.csv,a8a8e1533e25b4ae
2026-05-15,2026-05-15 14:31:32,2026-05-11 00:10:00,e77a10d5cdfd9bdd,e77a10d5cdfd9bdd_gasoline_95,Auto Julio - Salir,AUTO JULIO,gasoline_95,Gasolina simples 95,Outro,1.999,Loulé,Faro,RUA MANUEL DOURADO EUSEBIO,Salir,8100-202,37.23991,-8.044887,auto julio - salir,auto julio,rua manuel dourado eusebio,"1,999 €",2026-05-15_dgeg_postos_raw.csv,faed0f2b07c86230
2026-05-15,2026-05-15 14:31:32,2026-05-11 00:10:00,2ddbaac188c6f11d,2ddbaac188c6f11d_diesel_regular,Auto Julio - Alcoutim,AUTO JULIO,diesel_regular,Gasóleo simples,Outro,2.019,Alcoutim,Faro,SI CRUZAMENTO ALCOUTIM LT 20,Alcoutim,8970-051,37.437267,-7.508588,auto julio - alcoutim,auto julio,si cruzamento alcoutim lt 20,"2,019 €",2026-05-15_dgeg_postos_raw.csv,8f48ef8a6afab884
2026-05-15,2026-05-15 14:31:32,2026-05-11 00:10:00,2ddbaac188c6f11d,2ddbaac188c6f11d_gasoline_95,Auto Julio - Alcoutim,AUTO JULIO,gasoline_95,Gasolina simples 95,Outro,2.022,Alcoutim,Faro,SI CRUZAMENTO ALCOUTIM LT 20,Alcoutim,8970-051,37.437267,-7.508588,auto julio - alcoutim,auto julio,si cruzamento alcoutim lt 20,"2,022 €",2026-05-15_dgeg_postos_raw.csv,271fb0d70e7f0291
2026-05-15,2026-05-15 14:31:32,2026-05-11 00:10:00,b13f96ef076beb6e,b13f96ef076beb6e_diesel_regular,PRIO SÃO BERNARDO,PRIO,diesel_regular,Gasóleo simples,Outro,2.024,Aveiro,Aveiro,"Rua da Cega, 204",São Bernardo,3810-232,40.60948,-8.61599,prio são bernardo,prio,"rua da cega, 204","2,024 €",2026-05-15_dgeg_postos_raw.csv,bbf654857476ec83
2026-05-15,2026-05-15 14:31:32,2026-05-11 00:10:00,b13f96ef076beb6e,b13f96ef076beb6e_diesel_premium,PRIO SÃO BERNARDO,PRIO,diesel_premium,Gasóleo especial,Outro,2.014,Aveiro,Aveiro,"Rua da Cega, 204",São Bernardo,3810-232,40.60948,-8.61599,prio são bernardo,prio,"rua da cega, 204","2,014 €",2026-05-15_dgeg_postos_raw.csv,eff5043ee2e85d91
2026-05-15,2026-05-15 14:31:32,2026-05-11 00:10:00,b13f96ef076beb6e,b13f96ef076beb6e_gasoline_95,PRIO SÃO BERNARDO,PRIO,gasoline_95,Gasolina simples 95,Outro,2.019,Aveiro,Aveiro,"Rua da Cega, 204",São Bernardo,3810-232,40.60948,-8.61599,prio são bernardo,prio,"rua da cega, 204","2,019 €",2026-05-15_dgeg_postos_raw.csv,5bad1c1eb8296da3
2026-05-15,2026-05-15 14:31:32,2026-05-11 00:10:00,e58c214745c76cbc,e58c214745c76cbc_diesel_regular,CEPSA Oliveira de Azemeis,CEPSA,diesel_regular,Gasóleo simples,Outro,1.966,Oliveira de Azeméis,Aveiro,Av. Francisco Tavares,Oliveira de Azeméis,3720-268,40.84614,-8.4687,cepsa oliveira de azemeis,cepsa,av. francisco tavares,"1,966 €",2026-05-15_dgeg_postos_raw.csv,fb72f45bd50f39a7
2026-05-15,2026-05-15 14:31:32,2026-05-11 00:10:00,e58c214745c76cbc,e58c214745c76cbc_gasoline_95,CEPSA Oliveira de Azemeis,CEPSA,gasoline_95,Gasolina simples 95,Outro,1.958,Oliveira de Azeméis,Aveiro,Av. Francisco Tavares,Oliveira de Azeméis,3720-268,40.84614,-8.4687,cepsa oliveira de azemeis,cepsa,av. francisco tavares,"1,958 €",2026-05-15_dgeg_postos_raw.csv,56a6bcb4479b8694
2026-05-15,2026-05-15 14:31:32,2026-05-11 00:10:00,c51a9c1b92283f18,c51a9c1b92283f18_diesel_regular,"GALP Castro Daire - LDL Combustíveis, Lda",GALP,diesel_regular,Gasóleo simples,Outro,2.055,Castro Daire,Viseu,"Avenida Maria Alcina Fadista, 1156",Castro Daire,3600-199,40.910305,-7.928194,"galp castro daire - ldl combustíveis, lda",galp,"avenida maria alcina fadista, 1156","2,055 €",2026-05-15_dgeg_postos_raw.csv,cd27122cd5e1a447
2026-05-15,2026-05-15 14:31:32,2026-05-11 00:10:00,c51a9c1b92283f18,c51a9c1b92283f18_diesel_premium,"GALP Castro Daire - LDL Combustíveis, Lda",GALP,diesel_premium,Gasóleo especial,Outro,2.105,Castro Daire,Viseu,"Avenida Maria Alcina Fadista, 1156",Castro Daire,3600-199,40.910305,-7.928194,"galp castro daire - ldl combustíveis, lda",galp,"avenida maria alcina fadista, 1156","2,105 €",2026-05-15_dgeg_postos_raw.csv,3f5364a79017fd2e
2026-05-15,2026-05-15 14:31:32,2026-05-11 00:10:00,c51a9c1b92283f18,c51a9c1b92283f18_gasoline_95,"GALP Castro Daire - LDL Combustíveis, Lda",GALP,gasoline_95,Gasolina simples 95,Outro,2.051,Castro Daire,Viseu,"Avenida Maria Alcina Fadista, 1156",Castro Daire,3600-199,40.910305,-7.928194,"galp castro daire - ldl combustíveis, lda",galp,"avenida maria alcina fadista, 1156","2,051 €",2026-05-15_dgeg_postos_raw.csv,99545509e0597760
2026-05-15,2026-05-15 14:31:32,2026-05-11 00:30:00,81721ce006a822be,81721ce006a822be_diesel_regular,"Auto Modelar de Cernache, Lda",Genérico,diesel_regular,Gasóleo simples,Outro,2.017,Sertã,Castelo Branco,"Rua Nossa Senhora da Conceição, n.º75",Cernache do Bonjardim,6100-266,39.809929,-8.193969,"auto modelar de cernache, lda",genérico,"rua nossa senhora da conceição, n.º75","2,017 €",2026-05-15_dgeg_postos_raw.csv,03417621a8adc4b9
2026-05-15,2026-05-15 14:31:32,2026-05-11 00:30:00,81721ce006a822be,81721ce006a822be_diesel_premium,"Auto Modelar de Cernache, Lda",Genérico,diesel_premium,Gasóleo especial,Outro,2.047,Sertã,Castelo Branco,"Rua Nossa Senhora da Conceição, n.º75",Cernache do Bonjardim,6100-266,39.809929,-8.193969,"auto modelar de cernache, lda",genérico,"rua nossa senhora da conceição, n.º75","2,047 €",2026-05-15_dgeg_postos_raw.csv,83f18f2b27d43f9e
2026-05-15,2026-05-15 14:31:32,2026-05-11 00:30:00,81721ce006a822be,81721ce006a822be_gasoline_95,"Auto Modelar de Cernache, Lda",Genérico,gasoline_95,Gasolina simples 95,Outro,2.016,Sertã,Castelo Branco,"Rua Nossa Senhora da Conceição, n.º75",Cernache do Bonjardim,6100-266,39.809929,-8.193969,"auto modelar de cernache, lda",genérico,"rua nossa senhora da conceição, n.º75","2,016 €",2026-05-15_dgeg_postos_raw.csv,f245d1de64b6b077
2026-05-15,2026-05-15 14:31:32,2026-05-11 00:30:00,96a03bbd22064f6a,96a03bbd22064f6a_diesel_regular,"ANTONIO & LUIS MATIAS, LDA",GALP,diesel_regular,Gasóleo simples,Outro,2.065,Oliveira do Hospital,Coimbra,Av. D. Manuel I nº 75,Ervedal da Beira,3405-032,40.41958,-7.88247,"antonio & luis matias, lda",galp,av. d. manuel i nº 75,"2,065 €",2026-05-15_dgeg_postos_raw.csv,9ff009157e7aa54e
2026-05-15,2026-05-15 14:31:32,2026-05-11 00:30:00,96a03bbd22064f6a,96a03bbd22064f6a_diesel_premium,"ANTONIO & LUIS MATIAS, LDA",GALP,diesel_premium,Gasóleo especial,Outro,2.065,Oliveira do Hospital,Coimbra,Av. D. Manuel I nº 75,Ervedal da Beira,3405-032,40.41958,-7.88247,"antonio & luis matias, lda",galp,av. d. manuel i nº 75,"2,065 €",2026-05-15_dgeg_postos_raw.csv,a5b961ccffc50f10
2026-05-15,2026-05-15 14:31:32,2026-05-11 00:30:00,96a03bbd22064f6a,96a03bbd22064f6a_gasoline_95,"ANTONIO & LUIS MATIAS, LDA",GALP,gasoline_95,Gasolina simples 95,Outro,2.061,Oliveira do Hospital,Coimbra,Av. D. Manuel I nº 75,Ervedal da Beira,3405-032,40.41958,-7.88247,"antonio & luis matias, lda",galp,av. d. manuel i nº 75,"2,061 €",2026-05-15_dgeg_postos_raw.csv,fecae9fbeafc011e
2026-05-15,2026-05-15 14:31:32,2026-05-11 00:30:00,5b41467de96b3a82,5b41467de96b3a82_gasoline_95,Auto Julio Évora,AUTO JULIO,gasoline_95,Gasolina simples 95,Outro,1.912,Évora,Évora,"EN 114, Km 182,5 (sentido Norte-Sul)",Nossa Senhora Graça do Divor,7000-019,38.578465,-7.986492,auto julio évora,auto julio,"en 114, km 182,5 (sentido norte-sul)","1,912 €",2026-05-15_dgeg_postos_raw.csv,bf2b635302e920d8
2026-05-15,2026-05-15 14:31:32,2026-05-11 00:30:00,5b41467de96b3a82,5b41467de96b3a82_diesel_regular,Auto Julio Évora,AUTO JULIO,diesel_regular,Gasóleo simples,Outro,1.909,Évora,Évora,"EN 114, Km 182,5 (sentido Norte-Sul)",Nossa Senhora Graça do Divor,7000-019,38.578465,-7.986492,auto julio évora,auto julio,"en 114, km 182,5 (sentido norte-sul)","1,909 €",2026-05-15_dgeg_postos_raw.csv,07f8959446a3e34b
2026-05-15,2026-05-15 14:31:32,2026-05-11 00:30:00,5b41467de96b3a82,5b41467de96b3a82_diesel_premium,Auto Julio Évora,AUTO JULIO,diesel_premium,Gasóleo especial,Outro,1.929,Évora,Évora,"EN 114, Km 182,5 (sentido Norte-Sul)",Nossa Senhora Graça do Divor,7000-019,38.578465,-7.986492,auto julio évora,auto julio,"en 114, km 182,5 (sentido norte-sul)","1,929 €",2026-05-15_dgeg_postos_raw.csv,2638d0dcd782ea70
2026-05-15,2026-05-15 14:31:32,2026-05-11 01:00:00,ace9f3b2544c9337,ace9f3b2544c9337_diesel_premium,Lagares Combustiveis,FREITAS,diesel_premium,Gasóleo especial,Outro,2.077,Felgueiras,Porto,Lugar de Campas,Felgueiras - Lagares,4610-409,41.36853,-8.21931,lagares combustiveis,freitas,lugar de campas,"2,077 €",2026-05-15_dgeg_postos_raw.csv,ddc71e35951d8ca4
2026-05-15,2026-05-15 14:31:32,2026-05-11 01:00:00,ace9f3b2544c9337,ace9f3b2544c9337_diesel_regular,Lagares Combustiveis,FREITAS,diesel_regular,Gasóleo simples,Outro,2.027,Felgueiras,Porto,Lugar de Campas,Felgueiras - Lagares,4610-409,41.36853,-8.21931,lagares combustiveis,freitas,lugar de campas,"2,027 €",2026-05-15_dgeg_postos_raw.csv,60ebe26b91ff2f79
2026-05-15,2026-05-15 14:31:32,2026-05-11 01:00:00,ace9f3b2544c9337,ace9f3b2544c9337_gasoline_98,Lagares Combustiveis,FREITAS,gasoline_98,Gasolina especial 98,Outro,2.205,Felgueiras,Porto,Lugar de Campas,Felgueiras - Lagares,4610-409,41.36853,-8.21931,lagares combustiveis,freitas,lugar de campas,"2,205 €",2026-05-15_dgeg_postos_raw.csv,bf86223a5f980fc0
2026-05-15,2026-05-15 14:31:32,2026-05-11 01:00:00,ace9f3b2544c9337,ace9f3b2544c9337_gasoline_95,Lagares Combustiveis,FREITAS,gasoline_95,Gasolina simples 95,Outro,2.025,Felgueiras,Porto,Lugar de Campas,Felgueiras - Lagares,4610-409,41.36853,-8.21931,lagares combustiveis,freitas,lugar de campas,"2,025 €",2026-05-15_dgeg_postos_raw.csv,993acea91985bc43
2026-05-15,2026-05-15 14:31:32,2026-05-11 01:10:00,37a98321d464f69d,37a98321d464f69d_diesel_regular,TFUEL - MELIDES,BP,diesel_regular,Gasóleo simples,Outro,2.099,Grândola,Setúbal,Cruzamento de Vale Figueira,Melides,7570-756,38.14152,-8.73625,tfuel - melides,bp,cruzamento de vale figueira,"2,099 €",2026-05-15_dgeg_postos_raw.csv,464e26d5ad394a0e
2026-05-15,2026-05-15 14:31:32,2026-05-11 01:10:00,37a98321d464f69d,37a98321d464f69d_diesel_premium,TFUEL - MELIDES,BP,diesel_premium,Gasóleo especial,Outro,2.249,Grândola,Setúbal,Cruzamento de Vale Figueira,Melides,7570-756,38.14152,-8.73625,tfuel - melides,bp,cruzamento de vale figueira,"2,249 €",2026-05-15_dgeg_postos_raw.csv,c449ad5533aedd00
2026-05-15,2026-05-15 14:31:32,2026-05-11 01:10:00,37a98321d464f69d,37a98321d464f69d_gasoline_95,TFUEL - MELIDES,BP,gasoline_95,Gasolina simples 95,Outro,2.119,Grândola,Setúbal,Cruzamento de Vale Figueira,Melides,7570-756,38.14152,-8.73625,tfuel - melides,bp,cruzamento de vale figueira,"2,119 €",2026-05-15_dgeg_postos_raw.csv,944ab1da4ab2eb56
2026-05-15,2026-05-15 14:31:32,2026-05-11 01:10:00,b89a2ff6059fb58b,b89a2ff6059fb58b_diesel_regular,TFUEL - CORTIÇADAS DE LAVRE,TFUEL,diesel_regular,Gasóleo simples,Outro,2.039,Montemor-o-Novo,Évora,"Courela do Moinho de Vento, 64",Cortiçadas de Lavre,7050-636,38.805016,-8.412094,tfuel - cortiçadas de lavre,tfuel,"courela do moinho de vento, 64","2,039 €",2026-05-15_dgeg_postos_raw.csv,788a55ee0336cac9
2026-05-15,2026-05-15 14:31:32,2026-05-11 01:10:00,b89a2ff6059fb58b,b89a2ff6059fb58b_diesel_premium,TFUEL - CORTIÇADAS DE LAVRE,TFUEL,diesel_premium,Gasóleo especial,Outro,2.129,Montemor-o-Novo,Évora,"Courela do Moinho de Vento, 64",Cortiçadas de Lavre,7050-636,38.805016,-8.412094,tfuel - cortiçadas de lavre,tfuel,"courela do moinho de vento, 64","2,129 €",2026-05-15_dgeg_postos_raw.csv,78e5c2d0dd879e23
2026-05-15,2026-05-15 14:31:32,2026-05-11 01:10:00,b89a2ff6059fb58b,b89a2ff6059fb58b_gasoline_95,TFUEL - CORTIÇADAS DE LAVRE,TFUEL,gasoline_95,Gasolina simples 95,Outro,2.099,Montemor-o-Novo,Évora,"Courela do Moinho de Vento, 64",Cortiçadas de Lavre,7050-636,38.805016,-8.412094,tfuel - cortiçadas de lavre,tfuel,"courela do moinho de vento, 64","2,099 €",2026-05-15_dgeg_postos_raw.csv,a335cc7e621a972a
2026-05-15,2026-05-15 14:31:32,2026-05-11 01:10:00,e9d54a25cc546d66,e9d54a25cc546d66_diesel_regular,TFUEL - COUÇO,BP,diesel_regular,Gasóleo simples,Outro,2.099,Coruche,Santarém,Variante EN 251,Couço,2100-330,38.990567,-8.288467,tfuel - couço,bp,variante en 251,"2,099 €",2026-05-15_dgeg_postos_raw.csv,9bc27cf216caaae2
2026-05-15,2026-05-15 14:31:32,2026-05-11 01:10:00,e9d54a25cc546d66,e9d54a25cc546d66_diesel_premium,TFUEL - COUÇO,BP,diesel_premium,Gasóleo especial,Outro,2.249,Coruche,Santarém,Variante EN 251,Couço,2100-330,38.990567,-8.288467,tfuel - couço,bp,variante en 251,"2,249 €",2026-05-15_dgeg_postos_raw.csv,76d744537e7dc154
2026-05-15,2026-05-15 14:31:32,2026-05-11 01:10:00,e9d54a25cc546d66,e9d54a25cc546d66_gasoline_95,TFUEL - COUÇO,BP,gasoline_95,Gasolina simples 95,Outro,2.119,Coruche,Santarém,Variante EN 251,Couço,2100-330,38.990567,-8.288467,tfuel - couço,bp,variante en 251,"2,119 €",2026-05-15_dgeg_postos_raw.csv,ccec57910d110992
2026-05-15,2026-05-15 14:31:32,2026-05-11 01:10:00,e9d54a25cc546d66,e9d54a25cc546d66_gasoline_98,TFUEL - COUÇO,BP,gasoline_98,Gasolina especial 98,Outro,2.329,Coruche,Santarém,Variante EN 251,Couço,2100-330,38.990567,-8.288467,tfuel - couço,bp,variante en 251,"2,329 €",2026-05-15_dgeg_postos_raw.csv,d596ffe3e90e0023
2026-05-15,2026-05-15 14:31:32,2026-05-11 01:15:00,ea0899766db72a3c,ea0899766db72a3c_diesel_premium,TFUEL - CAMPO DE OURIQUE,TFUEL,diesel_premium,Gasóleo especial,Outro,2.099,Lisboa,Lisboa,"Rua Correia Teles, nº 20 B",Lisboa,1350-099,38.719322,-9.165253,tfuel - campo de ourique,tfuel,"rua correia teles, nº 20 b","2,099 €",2026-05-15_dgeg_postos_raw.csv,4a2fa7b7a1c7dc2a
2026-05-15,2026-05-15 14:31:32,2026-05-11 01:15:00,ea0899766db72a3c,ea0899766db72a3c_diesel_regular,TFUEL - CAMPO DE OURIQUE,TFUEL,diesel_regular,Gasóleo simples,Outro,2.039,Lisboa,Lisboa,"Rua Correia Teles, nº 20 B",Lisboa,1350-099,38.719322,-9.165253,tfuel - campo de ourique,tfuel,"rua correia teles, nº 20 b","2,039 €",2026-05-15_dgeg_postos_raw.csv,4bd12cb015c973db
2026-05-15,2026-05-15 14:31:32,2026-05-11 01:15:00,ea0899766db72a3c,ea0899766db72a3c_gasoline_95,TFUEL - CAMPO DE OURIQUE,TFUEL,gasoline_95,Gasolina simples 95,Outro,2.079,Lisboa,Lisboa,"Rua Correia Teles, nº 20 B",Lisboa,1350-099,38.719322,-9.165253,tfuel - campo de ourique,tfuel,"rua correia teles, nº 20 b","2,079 €",2026-05-15_dgeg_postos_raw.csv,bc13f2b88c529948
2026-05-15,2026-05-15 14:31:32,2026-05-11 01:15:00,12c3dab74e81c9aa,12c3dab74e81c9aa_diesel_premium,TFUEL - VENDAS NOVAS,TFUEL,diesel_premium,Gasóleo especial,Outro,1.999,Vendas Novas,Évora,Rua São João de Deus,Vendas Novas,7080-031,38.67433,-8.445581,tfuel - vendas novas,tfuel,rua são joão de deus,"1,999 €",2026-05-15_dgeg_postos_raw.csv,032be489fbe0439c
2026-05-15,2026-05-15 14:31:32,2026-05-11 01:15:00,12c3dab74e81c9aa,12c3dab74e81c9aa_diesel_regular,TFUEL - VENDAS NOVAS,TFUEL,diesel_regular,Gasóleo simples,Outro,1.939,Vendas Novas,Évora,Rua São João de Deus,Vendas Novas,7080-031,38.67433,-8.445581,tfuel - vendas novas,tfuel,rua são joão de deus,"1,939 €",2026-05-15_dgeg_postos_raw.csv,8f2dcdae8674d7ec
2026-05-15,2026-05-15 14:31:32,2026-05-11 01:15:00,12c3dab74e81c9aa,12c3dab74e81c9aa_gasoline_95,TFUEL - VENDAS NOVAS,TFUEL,gasoline_95,Gasolina simples 95,Outro,1.949,Vendas Novas,Évora,Rua São João de Deus,Vendas Novas,7080-031,38.67433,-8.445581,tfuel - vendas novas,tfuel,rua são joão de deus,"1,949 €",2026-05-15_dgeg_postos_raw.csv,5d71227b87f4087a
2026-05-15,2026-05-15 14:31:32,2026-05-11 05:45:00,63e2f8dfc6482275,63e2f8dfc6482275_diesel_regular,ALFABRENT Amareleja,BP,diesel_regular,Gasóleo simples,Outro,2.064,Moura,Beja,EN 386,Amareleja,7885-013,38.21192,-7.23104,alfabrent amareleja,bp,en 386,"2,064 €",2026-05-15_dgeg_postos_raw.csv,6d72b5c9cf2a68c7
2026-05-15,2026-05-15 14:31:32,2026-05-11 05:45:00,63e2f8dfc6482275,63e2f8dfc6482275_gasoline_95,ALFABRENT Amareleja,BP,gasoline_95,Gasolina simples 95,Outro,2.059,Moura,Beja,EN 386,Amareleja,7885-013,38.21192,-7.23104,alfabrent amareleja,bp,en 386,"2,059 €",2026-05-15_dgeg_postos_raw.csv,d3730642ac141fae
2026-05-15,2026-05-15 14:31:32,2026-05-11 05:45:00,85bb76e3a5753211,85bb76e3a5753211_diesel_premium,ALFABRENT - ALFA SAFARA,Genérico,diesel_premium,Gasóleo especial,Outro,2.084,Moura,Beja,Estrada Nacional 258 KM 77,Safara,7875-018,38.10837,-7.221854,alfabrent - alfa safara,genérico,estrada nacional 258 km 77,"2,084 €",2026-05-15_dgeg_postos_raw.csv,4353805a58ae8a41
2026-05-15,2026-05-15 14:31:32,2026-05-11 05:45:00,85bb76e3a5753211,85bb76e3a5753211_diesel_regular,ALFABRENT - ALFA SAFARA,Genérico,diesel_regular,Gasóleo simples,Outro,2.039,Moura,Beja,Estrada Nacional 258 KM 77,Safara,7875-018,38.10837,-7.221854,alfabrent - alfa safara,genérico,estrada nacional 258 km 77,"2,039 €",2026-05-15_dgeg_postos_raw.csv,4017a2d9d32b8f83
2026-05-15,2026-05-15 14:31:32,2026-05-11 05:45:00,85bb76e3a5753211,85bb76e3a5753211_gasoline_95,ALFABRENT - ALFA SAFARA,Genérico,gasoline_95,Gasolina simples 95,Outro,2.029,Moura,Beja,Estrada Nacional 258 KM 77,Safara,7875-018,38.10837,-7.221854,alfabrent - alfa safara,genérico,estrada nacional 258 km 77,"2,029 €",2026-05-15_dgeg_postos_raw.csv,4d589af985f24d99
2026-05-15,2026-05-15 14:31:32,2026-05-11 06:00:00,6e70c33dbf4f1c66,6e70c33dbf4f1c66_diesel_premium,VENDEIRO AMORIM,Genérico,diesel_premium,Gasóleo especial,Outro,1.929,Póvoa de Varzim,Porto,RUA DA POVOA Nº 634,Amorim,4495-121,41.39823,-8.741143,vendeiro amorim,genérico,rua da povoa nº 634,"1,929 €",2026-05-15_dgeg_postos_raw.csv,edfc92f8bcd14d5b
2026-05-15,2026-05-15 14:31:32,2026-05-11 06:00:00,84a005e1595e9ed4,84a005e1595e9ed4_gasoline_98,BP VANDOMA,BP,gasoline_98,Gasolina especial 98,Outro,2.299,Paredes,Porto,Rua Central de Vandoma nº 50,Vandoma,4585-769,41.190692,-8.398271,bp vandoma,bp,rua central de vandoma nº 50,"2,299 €",2026-05-15_dgeg_postos_raw.csv,8c4f90bd48037964
2026-05-15,2026-05-15 14:31:32,2026-05-11 06:00:00,6e70c33dbf4f1c66,6e70c33dbf4f1c66_diesel_regular,VENDEIRO AMORIM,Genérico,diesel_regular,Gasóleo simples,Outro,1.899,Póvoa de Varzim,Porto,RUA DA POVOA Nº 634,Amorim,4495-121,41.39823,-8.741143,vendeiro amorim,genérico,rua da povoa nº 634,"1,899 €",2026-05-15_dgeg_postos_raw.csv,0f7f739622548d58
2026-05-15,2026-05-15 14:31:32,2026-05-11 06:00:00,6e70c33dbf4f1c66,6e70c33dbf4f1c66_gasoline_95,VENDEIRO AMORIM,Genérico,gasoline_95,Gasolina simples 95,Outro,1.909,Póvoa de Varzim,Porto,RUA DA POVOA Nº 634,Amorim,4495-121,41.39823,-8.741143,vendeiro amorim,genérico,rua da povoa nº 634,"1,909 €",2026-05-15_dgeg_postos_raw.csv,96848077a9c272b3
2026-05-15,2026-05-15 14:31:32,2026-05-11 06:00:00,c0297a8dea7b74f7,c0297a8dea7b74f7_diesel_premium,E. LECLERC BRAGA,LECLERC,diesel_premium,Gasóleo especial,Outro,1.894,Braga,Braga,"Rua Frei José Vilaça, 297",Ferreiros,4705-265,41.534834,-8.447248,e. leclerc braga,leclerc,"rua frei josé vilaça, 297","1,894 €",2026-05-15_dgeg_postos_raw.csv,bfe4de3f192c5acb
2026-05-15,2026-05-15 14:31:32,2026-05-11 06:00:00,c0297a8dea7b74f7,c0297a8dea7b74f7_diesel_regular,E. LECLERC BRAGA,LECLERC,diesel_regular,Gasóleo simples,Outro,1.874,Braga,Braga,"Rua Frei José Vilaça, 297",Ferreiros,4705-265,41.534834,-8.447248,e. leclerc braga,leclerc,"rua frei josé vilaça, 297","1,874 €",2026-05-15_dgeg_postos_raw.csv,586d9ee224b6efd0
2026-05-15,2026-05-15 14:31:32,2026-05-11 06:00:00,c0297a8dea7b74f7,c0297a8dea7b74f7_gasoline_95,E. LECLERC BRAGA,LECLERC,gasoline_95,Gasolina simples 95,Outro,1.864,Braga,Braga,"Rua Frei José Vilaça, 297",Ferreiros,4705-265,41.534834,-8.447248,e. leclerc braga,leclerc,"rua frei josé vilaça, 297","1,864 €",2026-05-15_dgeg_postos_raw.csv,63565f1bfe762b05
2026-05-15,2026-05-15 14:31:32,2026-05-11 06:00:00,262ffd0187d36b99,262ffd0187d36b99_diesel_regular,GONDIFELOS,REPSOL,diesel_regular,Gasóleo simples,Outro,2.029,Vila Nova de Famalicão,Braga,"Av. de São Felix, 1853",Gondifelos,4760-503,41.41969,-8.60469,gondifelos,repsol,"av. de são felix, 1853","2,029 €",2026-05-15_dgeg_postos_raw.csv,d027054f9cb73573
2026-05-15,2026-05-15 14:31:32,2026-05-11 06:00:00,262ffd0187d36b99,262ffd0187d36b99_diesel_premium,GONDIFELOS,REPSOL,diesel_premium,Gasóleo especial,Outro,2.089,Vila Nova de Famalicão,Braga,"Av. de São Felix, 1853",Gondifelos,4760-503,41.41969,-8.60469,gondifelos,repsol,"av. de são felix, 1853","2,089 €",2026-05-15_dgeg_postos_raw.csv,29aaa22a367d9332
2026-05-15,2026-05-15 14:31:32,2026-05-11 06:00:00,262ffd0187d36b99,262ffd0187d36b99_gasoline_95,GONDIFELOS,REPSOL,gasoline_95,Gasolina simples 95,Outro,2.027,Vila Nova de Famalicão,Braga,"Av. de São Felix, 1853",Gondifelos,4760-503,41.41969,-8.60469,gondifelos,repsol,"av. de são felix, 1853","2,027 €",2026-05-15_dgeg_postos_raw.csv,08e50fc285432432
2026-05-15,2026-05-15 14:31:32,2026-05-11 06:00:00,262ffd0187d36b99,262ffd0187d36b99_gasoline_98,GONDIFELOS,REPSOL,gasoline_98,Gasolina especial 98,Outro,2.217,Vila Nova de Famalicão,Braga,"Av. de São Felix, 1853",Gondifelos,4760-503,41.41969,-8.60469,gondifelos,repsol,"av. de são felix, 1853","2,217 €",2026-05-15_dgeg_postos_raw.csv,af608af0fd0b008b
2026-05-15,2026-05-15 14:31:32,2026-05-11 06:00:00,739f4be4e3538375,739f4be4e3538375_diesel_regular,E.S. MAIA CENTRO,REPSOL,diesel_regular,Gasóleo simples,Outro,2.039,Maia,Porto,Rua Engº Duarte Pacheco nº 661,Maia,4470-000,41.23908,-8.6217,e.s. maia centro,repsol,rua engº duarte pacheco nº 661,"2,039 €",2026-05-15_dgeg_postos_raw.csv,cabecc7c4e47f007
2026-05-15,2026-05-15 14:31:32,2026-05-11 06:00:00,739f4be4e3538375,739f4be4e3538375_diesel_premium,E.S. MAIA CENTRO,REPSOL,diesel_premium,Gasóleo especial,Outro,2.099,Maia,Porto,Rua Engº Duarte Pacheco nº 661,Maia,4470-000,41.23908,-8.6217,e.s. maia centro,repsol,rua engº duarte pacheco nº 661,"2,099 €",2026-05-15_dgeg_postos_raw.csv,7bbad9ab9ffbc93a
2026-05-15,2026-05-15 14:31:32,2026-05-11 06:00:00,739f4be4e3538375,739f4be4e3538375_gasoline_95,E.S. MAIA CENTRO,REPSOL,gasoline_95,Gasolina simples 95,Outro,2.037,Maia,Porto,Rua Engº Duarte Pacheco nº 661,Maia,4470-000,41.23908,-8.6217,e.s. maia centro,repsol,rua engº duarte pacheco nº 661,"2,037 €",2026-05-15_dgeg_postos_raw.csv,6579c2583f857361
2026-05-15,2026-05-15 14:31:32,2026-05-11 06:00:00,f43633df9e3b00dd,f43633df9e3b00dd_diesel_regular,E.S. S. MAMEDE INFESTA,REPSOL,diesel_regular,Gasóleo simples,Outro,2.079,Matosinhos,Porto,Gaveto R. Godinho de Faria e Sá E Melo,São Mamede de Infesta,4465-000,41.19635,-8.61082,e.s. s. mamede infesta,repsol,gaveto r. godinho de faria e sá e melo,"2,079 €",2026-05-15_dgeg_postos_raw.csv,ac7c139da3e07350
2026-05-15,2026-05-15 14:31:32,2026-05-11 06:00:00,f43633df9e3b00dd,f43633df9e3b00dd_diesel_premium,E.S. S. MAMEDE INFESTA,REPSOL,diesel_premium,Gasóleo especial,Outro,2.149,Matosinhos,Porto,Gaveto R. Godinho de Faria e Sá E Melo,São Mamede de Infesta,4465-000,41.19635,-8.61082,e.s. s. mamede infesta,repsol,gaveto r. godinho de faria e sá e melo,"2,149 €",2026-05-15_dgeg_postos_raw.csv,2ddebb44abe41ff6
2026-05-15,2026-05-15 14:31:32,2026-05-11 06:00:00,f43633df9e3b00dd,f43633df9e3b00dd_gasoline_95,E.S. S. MAMEDE INFESTA,REPSOL,gasoline_95,Gasolina simples 95,Outro,2.067,Matosinhos,Porto,Gaveto R. Godinho de Faria e Sá E Melo,São Mamede de Infesta,4465-000,41.19635,-8.61082,e.s. s. mamede infesta,repsol,gaveto r. godinho de faria e sá e melo,"2,067 €",2026-05-15_dgeg_postos_raw.csv,5eb462cb32883ec5
2026-05-15,2026-05-15 14:31:32,2026-05-11 06:00:00,6168fad5c416ba4f,6168fad5c416ba4f_diesel_regular,E.S. POVOA VARZIM,REPSOL,diesel_regular,Gasóleo simples,Outro,2.079,Póvoa de Varzim,Porto,Rua Gomes de Amorim nº 3121,A-Ver-o-Mar,4490-091,41.40673,-8.76741,e.s. povoa varzim,repsol,rua gomes de amorim nº 3121,"2,079 €",2026-05-15_dgeg_postos_raw.csv,80f6ebd962ba31cb
2026-05-15,2026-05-15 14:31:32,2026-05-11 06:00:00,6168fad5c416ba4f,6168fad5c416ba4f_diesel_premium,E.S. POVOA VARZIM,REPSOL,diesel_premium,Gasóleo especial,Outro,2.149,Póvoa de Varzim,Porto,Rua Gomes de Amorim nº 3121,A-Ver-o-Mar,4490-091,41.40673,-8.76741,e.s. povoa varzim,repsol,rua gomes de amorim nº 3121,"2,149 €",2026-05-15_dgeg_postos_raw.csv,734e56674583ff4c
2026-05-15,2026-05-15 14:31:32,2026-05-11 06:00:00,6168fad5c416ba4f,6168fad5c416ba4f_gasoline_95,E.S. POVOA VARZIM,REPSOL,gasoline_95,Gasolina simples 95,Outro,2.067,Póvoa de Varzim,Porto,Rua Gomes de Amorim nº 3121,A-Ver-o-Mar,4490-091,41.40673,-8.76741,e.s. povoa varzim,repsol,rua gomes de amorim nº 3121,"2,067 €",2026-05-15_dgeg_postos_raw.csv,ed03168a1141b2a3
2026-05-15,2026-05-15 14:31:32,2026-05-11 06:00:00,f92fec244443b0df,f92fec244443b0df_diesel_regular,E.S. PADRAO DA MOREIRA,REPSOL,diesel_regular,Gasóleo simples,Outro,2.079,Maia,Porto,"Rua Conselheiro Luís Magalhães, 161",Porto,4470-616,41.246089,-8.648967,e.s. padrao da moreira,repsol,"rua conselheiro luís magalhães, 161","2,079 €",2026-05-15_dgeg_postos_raw.csv,212bdb8c48ac6069
2026-05-15,2026-05-15 14:31:32,2026-05-11 06:00:00,f92fec244443b0df,f92fec244443b0df_diesel_premium,E.S. PADRAO DA MOREIRA,REPSOL,diesel_premium,Gasóleo especial,Outro,2.149,Maia,Porto,"Rua Conselheiro Luís Magalhães, 161",Porto,4470-616,41.246089,-8.648967,e.s. padrao da moreira,repsol,"rua conselheiro luís magalhães, 161","2,149 €",2026-05-15_dgeg_postos_raw.csv,4a4f29539c9ec54d
2026-05-15,2026-05-15 14:31:32,2026-05-11 06:00:00,f92fec244443b0df,f92fec244443b0df_gasoline_95,E.S. PADRAO DA MOREIRA,REPSOL,gasoline_95,Gasolina simples 95,Outro,2.067,Maia,Porto,"Rua Conselheiro Luís Magalhães, 161",Porto,4470-616,41.246089,-8.648967,e.s. padrao da moreira,repsol,"rua conselheiro luís magalhães, 161","2,067 €",2026-05-15_dgeg_postos_raw.csv,65106960fb883156
2026-05-15,2026-05-15 14:31:32,2026-05-11 06:00:00,ff4e8c7ffef43812,ff4e8c7ffef43812_diesel_regular,E.S. PACOS DE FERREIRA,REPSOL,diesel_regular,Gasóleo simples,Outro,2.029,Paços de Ferreira,Porto,Via do Poder Local,Paços de Ferreira,4594-930,41.26708,-8.37683,e.s. pacos de ferreira,repsol,via do poder local,"2,029 €",2026-05-15_dgeg_postos_raw.csv,e317a8b7b27c82f8
2026-05-15,2026-05-15 14:31:32,2026-05-11 06:00:00,ff4e8c7ffef43812,ff4e8c7ffef43812_diesel_premium,E.S. PACOS DE FERREIRA,REPSOL,diesel_premium,Gasóleo especial,Outro,2.089,Paços de Ferreira,Porto,Via do Poder Local,Paços de Ferreira,4594-930,41.26708,-8.37683,e.s. pacos de ferreira,repsol,via do poder local,"2,089 €",2026-05-15_dgeg_postos_raw.csv,cce2e9b11a02af7a
2026-05-15,2026-05-15 14:31:32,2026-05-11 06:00:00,ff4e8c7ffef43812,ff4e8c7ffef43812_gasoline_95,E.S. PACOS DE FERREIRA,REPSOL,gasoline_95,Gasolina simples 95,Outro,2.027,Paços de Ferreira,Porto,Via do Poder Local,Paços de Ferreira,4594-930,41.26708,-8.37683,e.s. pacos de ferreira,repsol,via do poder local,"2,027 €",2026-05-15_dgeg_postos_raw.csv,e404f154929d33c1
2026-05-15,2026-05-15 14:31:32,2026-05-11 06:00:00,66acf651f17fb0d1,66acf651f17fb0d1_diesel_regular,E.S. LEÇA DO BALIO,REPSOL,diesel_regular,Gasóleo simples,Outro,2.079,Matosinhos,Porto,Rua do Mosteiro,Leça do Balio,4465-703,41.205856,-8.621156,e.s. leça do balio,repsol,rua do mosteiro,"2,079 €",2026-05-15_dgeg_postos_raw.csv,74f985efb2ee6db5
2026-05-15,2026-05-15 14:31:32,2026-05-11 06:00:00,66acf651f17fb0d1,66acf651f17fb0d1_diesel_premium,E.S. LEÇA DO BALIO,REPSOL,diesel_premium,Gasóleo especial,Outro,2.149,Matosinhos,Porto,Rua do Mosteiro,Leça do Balio,4465-703,41.205856,-8.621156,e.s. leça do balio,repsol,rua do mosteiro,"2,149 €",2026-05-15_dgeg_postos_raw.csv,a981402f6089e476
2026-05-15,2026-05-15 14:31:32,2026-05-11 06:00:00,66acf651f17fb0d1,66acf651f17fb0d1_gasoline_95,E.S. LEÇA DO BALIO,REPSOL,gasoline_95,Gasolina simples 95,Outro,2.067,Matosinhos,Porto,Rua do Mosteiro,Leça do Balio,4465-703,41.205856,-8.621156,e.s. leça do balio,repsol,rua do mosteiro,"2,067 €",2026-05-15_dgeg_postos_raw.csv,d086817fc0f36de3
2026-05-15,2026-05-15 14:31:32,2026-05-11 06:00:00,42a2e358b3d01bd6,42a2e358b3d01bd6_diesel_regular,PRIO VALONGO,PRIO,diesel_regular,Gasóleo simples,Outro,2.039,Valongo,Porto,EN 15 (Rua Conde Ferreira nº 22),Valongo,4440-544,41.18907,-8.5002,prio valongo,prio,en 15 (rua conde ferreira nº 22),"2,039 €",2026-05-15_dgeg_postos_raw.csv,34a86608d552f406
2026-05-15,2026-05-15 14:31:32,2026-05-11 06:00:00,42a2e358b3d01bd6,42a2e358b3d01bd6_diesel_premium,PRIO VALONGO,PRIO,diesel_premium,Gasóleo especial,Outro,1.989,Valongo,Porto,EN 15 (Rua Conde Ferreira nº 22),Valongo,4440-544,41.18907,-8.5002,prio valongo,prio,en 15 (rua conde ferreira nº 22),"1,989 €",2026-05-15_dgeg_postos_raw.csv,7966c92943eb22e7
2026-05-15,2026-05-15 14:31:32,2026-05-11 06:00:00,42a2e358b3d01bd6,42a2e358b3d01bd6_gasoline_95,PRIO VALONGO,PRIO,gasoline_95,Gasolina simples 95,Outro,2.034,Valongo,Porto,EN 15 (Rua Conde Ferreira nº 22),Valongo,4440-544,41.18907,-8.5002,prio valongo,prio,en 15 (rua conde ferreira nº 22),"2,034 €",2026-05-15_dgeg_postos_raw.csv,180544e3c0f2e04e
2026-05-15,2026-05-15 14:31:32,2026-05-11 06:00:00,6f130ab64ed10bbf,6f130ab64ed10bbf_diesel_regular,E.S. CAVALOES,REPSOL,diesel_regular,Gasóleo simples,Outro,2.029,Vila Nova de Famalicão,Braga,"EN 206 Km 17,7",Cavalões- Fornelo,4760-000,41.416639,-8.570217,e.s. cavaloes,repsol,"en 206 km 17,7","2,029 €",2026-05-15_dgeg_postos_raw.csv,0162bfd45c303909
2026-05-15,2026-05-15 14:31:32,2026-05-11 06:00:00,6f130ab64ed10bbf,6f130ab64ed10bbf_diesel_premium,E.S. CAVALOES,REPSOL,diesel_premium,Gasóleo especial,Outro,2.089,Vila Nova de Famalicão,Braga,"EN 206 Km 17,7",Cavalões- Fornelo,4760-000,41.416639,-8.570217,e.s. cavaloes,repsol,"en 206 km 17,7","2,089 €",2026-05-15_dgeg_postos_raw.csv,23489c753cb7ad85
2026-05-15,2026-05-15 14:31:32,2026-05-11 06:00:00,6f130ab64ed10bbf,6f130ab64ed10bbf_gasoline_95,E.S. CAVALOES,REPSOL,gasoline_95,Gasolina simples 95,Outro,2.027,Vila Nova de Famalicão,Braga,"EN 206 Km 17,7",Cavalões- Fornelo,4760-000,41.416639,-8.570217,e.s. cavaloes,repsol,"en 206 km 17,7","2,027 €",2026-05-15_dgeg_postos_raw.csv,6cce4e920b978efd
2026-05-15,2026-05-15 14:31:32,2026-05-11 06:00:00,e3de77a9c358f316,e3de77a9c358f316_diesel_regular,E.S. OLIVEIRA AZEMEIS Z.IND,REPSOL,diesel_regular,Gasóleo simples,Outro,2.029,Oliveira de Azeméis,Aveiro,Rua Tomás Figueiredo Araujo Costa,S.Tiago de Riba UL - Oliveira de Azemeis,3720-502,40.85292,-8.47882,e.s. oliveira azemeis z.ind,repsol,rua tomás figueiredo araujo costa,"2,029 €",2026-05-15_dgeg_postos_raw.csv,b071879c38eb302c
2026-05-15,2026-05-15 14:31:32,2026-05-11 06:00:00,e3de77a9c358f316,e3de77a9c358f316_diesel_premium,E.S. OLIVEIRA AZEMEIS Z.IND,REPSOL,diesel_premium,Gasóleo especial,Outro,2.089,Oliveira de Azeméis,Aveiro,Rua Tomás Figueiredo Araujo Costa,S.Tiago de Riba UL - Oliveira de Azemeis,3720-502,40.85292,-8.47882,e.s. oliveira azemeis z.ind,repsol,rua tomás figueiredo araujo costa,"2,089 €",2026-05-15_dgeg_postos_raw.csv,8d5f95c75de61086
2026-05-15,2026-05-15 14:31:32,2026-05-11 06:00:00,e3de77a9c358f316,e3de77a9c358f316_gasoline_95,E.S. OLIVEIRA AZEMEIS Z.IND,REPSOL,gasoline_95,Gasolina simples 95,Outro,2.027,Oliveira de Azeméis,Aveiro,Rua Tomás Figueiredo Araujo Costa,S.Tiago de Riba UL - Oliveira de Azemeis,3720-502,40.85292,-8.47882,e.s. oliveira azemeis z.ind,repsol,rua tomás figueiredo araujo costa,"2,027 €",2026-05-15_dgeg_postos_raw.csv,1e65958f356b9a13
2026-05-15,2026-05-15 14:31:32,2026-05-11 06:00:00,84a005e1595e9ed4,84a005e1595e9ed4_diesel_regular,BP VANDOMA,BP,diesel_regular,Gasóleo simples,Outro,2.104,Paredes,Porto,Rua Central de Vandoma nº 50,Vandoma,4585-769,41.190692,-8.398271,bp vandoma,bp,rua central de vandoma nº 50,"2,104 €",2026-05-15_dgeg_postos_raw.csv,c49d604c0305021c
2026-05-15,2026-05-15 14:31:32,2026-05-11 06:00:00,84a005e1595e9ed4,84a005e1595e9ed4_diesel_premium,BP VANDOMA,BP,diesel_premium,Gasóleo especial,Outro,2.224,Paredes,Porto,Rua Central de Vandoma nº 50,Vandoma,4585-769,41.190692,-8.398271,bp vandoma,bp,rua central de vandoma nº 50,"2,224 €",2026-05-15_dgeg_postos_raw.csv,3123ac33b1509252
2026-05-15,2026-05-15 14:31:32,2026-05-11 06:00:00,84a005e1595e9ed4,84a005e1595e9ed4_gasoline_95,BP VANDOMA,BP,gasoline_95,Gasolina simples 95,Outro,2.099,Paredes,Porto,Rua Central de Vandoma nº 50,Vandoma,4585-769,41.190692,-8.398271,bp vandoma,bp,rua central de vandoma nº 50,"2,099 €",2026-05-15_dgeg_postos_raw.csv,1f8c0ccc072eac4e
2026-05-15,2026-05-15 14:31:32,2026-05-11 06:05:00,f2cb81f637d5d8ab,f2cb81f637d5d8ab_diesel_regular,Posto de Combustíveis Auto Penha,PRIO,diesel_regular,Gasóleo simples,Outro,2.069,Lisboa,Lisboa,Rua Mouzinho Albuquerque nº 10 A,Penha de França,1170-264,38.72997,-9.12668,posto de combustíveis auto penha,prio,rua mouzinho albuquerque nº 10 a,"2,069 €",2026-05-15_dgeg_postos_raw.csv,5d02ea296706a422
2026-05-15,2026-05-15 14:31:32,2026-05-11 06:05:00,f2cb81f637d5d8ab,f2cb81f637d5d8ab_diesel_premium,Posto de Combustíveis Auto Penha,PRIO,diesel_premium,Gasóleo especial,Outro,2.049,Lisboa,Lisboa,Rua Mouzinho Albuquerque nº 10 A,Penha de França,1170-264,38.72997,-9.12668,posto de combustíveis auto penha,prio,rua mouzinho albuquerque nº 10 a,"2,049 €",2026-05-15_dgeg_postos_raw.csv,a16007ef6b62a432
2026-05-15,2026-05-15 14:31:32,2026-05-11 06:05:00,f2cb81f637d5d8ab,f2cb81f637d5d8ab_gasoline_95,Posto de Combustíveis Auto Penha,PRIO,gasoline_95,Gasolina simples 95,Outro,2.081,Lisboa,Lisboa,Rua Mouzinho Albuquerque nº 10 A,Penha de França,1170-264,38.72997,-9.12668,posto de combustíveis auto penha,prio,rua mouzinho albuquerque nº 10 a,"2,081 €",2026-05-15_dgeg_postos_raw.csv,25edb0d990014ff3
2026-05-15,2026-05-15 14:31:32,2026-05-11 06:45:00,657c5747b4ebcfd4,657c5747b4ebcfd4_diesel_regular,ASF Passos - Carvalhais,Genérico,diesel_regular,Gasóleo simples,Outro,1.998,São Pedro do Sul,Viseu,"EN 227, Km 62,270",Carvalhais,3660-055,40.77368,-8.11931,asf passos - carvalhais,genérico,"en 227, km 62,270","1,998 €",2026-05-15_dgeg_postos_raw.csv,1c1020948ac10b59
2026-05-15,2026-05-15 14:31:32,2026-05-11 06:45:00,657c5747b4ebcfd4,657c5747b4ebcfd4_diesel_premium,ASF Passos - Carvalhais,Genérico,diesel_premium,Gasóleo especial,Outro,1.998,São Pedro do Sul,Viseu,"EN 227, Km 62,270",Carvalhais,3660-055,40.77368,-8.11931,asf passos - carvalhais,genérico,"en 227, km 62,270","1,998 €",2026-05-15_dgeg_postos_raw.csv,02def8601aa94f10
2026-05-15,2026-05-15 14:31:32,2026-05-11 06:45:00,657c5747b4ebcfd4,657c5747b4ebcfd4_gasoline_95,ASF Passos - Carvalhais,Genérico,gasoline_95,Gasolina simples 95,Outro,1.969,São Pedro do Sul,Viseu,"EN 227, Km 62,270",Carvalhais,3660-055,40.77368,-8.11931,asf passos - carvalhais,genérico,"en 227, km 62,270","1,969 €",2026-05-15_dgeg_postos_raw.csv,bb552b27e1f29e8f
2026-05-15,2026-05-15 14:31:32,2026-05-11 06:55:00,51a23c989e6ed853,51a23c989e6ed853_diesel_regular,GALP -Ramôa,GALP,diesel_regular,Gasóleo simples,Outro,2.028,Braga,Braga,Av. do Cávado nº114,Palmeira,4700-690,41.57717,-8.42554,galp -ramôa,galp,av. do cávado nº114,"2,028 €",2026-05-15_dgeg_postos_raw.csv,81e69364203be84b
2026-05-15,2026-05-15 14:31:32,2026-05-11 06:55:00,51a23c989e6ed853,51a23c989e6ed853_diesel_premium,GALP -Ramôa,GALP,diesel_premium,Gasóleo especial,Outro,2.078,Braga,Braga,Av. do Cávado nº114,Palmeira,4700-690,41.57717,-8.42554,galp -ramôa,galp,av. do cávado nº114,"2,078 €",2026-05-15_dgeg_postos_raw.csv,1b21a0c4d4c77e20
2026-05-15,2026-05-15 14:31:32,2026-05-11 06:55:00,51a23c989e6ed853,51a23c989e6ed853_gasoline_95,GALP -Ramôa,GALP,gasoline_95,Gasolina simples 95,Outro,2.026,Braga,Braga,Av. do Cávado nº114,Palmeira,4700-690,41.57717,-8.42554,galp -ramôa,galp,av. do cávado nº114,"2,026 €",2026-05-15_dgeg_postos_raw.csv,57ece4e64111b711
2026-05-15,2026-05-15 14:31:32,2026-05-11 06:55:00,51a23c989e6ed853,51a23c989e6ed853_gasoline_98,GALP -Ramôa,GALP,gasoline_98,Gasolina especial 98,Outro,2.236,Braga,Braga,Av. do Cávado nº114,Palmeira,4700-690,41.57717,-8.42554,galp -ramôa,galp,av. do cávado nº114,"2,236 €",2026-05-15_dgeg_postos_raw.csv,65046baf78383148
2026-05-15,2026-05-15 14:31:32,2026-05-11 07:00:00,9b8d852d5a911343,9b8d852d5a911343_diesel_regular,CB de Aljustrel,CARLOS BALTAZAR,diesel_regular,Gasóleo simples,Outro,1.974,Aljustrel,Beja,EN 263 - Rua de Santa Barbara,Aljustrel,7600-078,37.87312,-8.16852,cb de aljustrel,carlos baltazar,en 263 - rua de santa barbara,"1,974 €",2026-05-15_dgeg_postos_raw.csv,0e3c9722a8eb71cf
2026-05-15,2026-05-15 14:31:32,2026-05-11 07:00:00,9b8d852d5a911343,9b8d852d5a911343_diesel_premium,CB de Aljustrel,CARLOS BALTAZAR,diesel_premium,Gasóleo especial,Outro,2.034,Aljustrel,Beja,EN 263 - Rua de Santa Barbara,Aljustrel,7600-078,37.87312,-8.16852,cb de aljustrel,carlos baltazar,en 263 - rua de santa barbara,"2,034 €",2026-05-15_dgeg_postos_raw.csv,8c30b968f7f6f886
2026-05-15,2026-05-15 14:31:32,2026-05-11 07:00:00,9b8d852d5a911343,9b8d852d5a911343_gasoline_95,CB de Aljustrel,CARLOS BALTAZAR,gasoline_95,Gasolina simples 95,Outro,1.989,Aljustrel,Beja,EN 263 - Rua de Santa Barbara,Aljustrel,7600-078,37.87312,-8.16852,cb de aljustrel,carlos baltazar,en 263 - rua de santa barbara,"1,989 €",2026-05-15_dgeg_postos_raw.csv,5ab90e8277133ad9
2026-05-15,2026-05-15 14:31:32,2026-05-11 07:00:00,62e3b82ac673f01e,62e3b82ac673f01e_diesel_regular,"P.A.C. VALE MONDEGO, LDA",Genérico,diesel_regular,Gasóleo simples,Outro,1.938,Soure,Coimbra,Estrada Larga,Granja do Ulmeiro,3130-080,40.15677,-8.63387,"p.a.c. vale mondego, lda",genérico,estrada larga,"1,938 €",2026-05-15_dgeg_postos_raw.csv,83c65f312192c7c9
2026-05-15,2026-05-15 14:31:32,2026-05-11 07:00:00,62e3b82ac673f01e,62e3b82ac673f01e_diesel_premium,"P.A.C. VALE MONDEGO, LDA",Genérico,diesel_premium,Gasóleo especial,Outro,1.986,Soure,Coimbra,Estrada Larga,Granja do Ulmeiro,3130-080,40.15677,-8.63387,"p.a.c. vale mondego, lda",genérico,estrada larga,"1,986 €",2026-05-15_dgeg_postos_raw.csv,4896fbfa93b052c6
2026-05-15,2026-05-15 14:31:32,2026-05-11 07:00:00,62e3b82ac673f01e,62e3b82ac673f01e_gasoline_95,"P.A.C. VALE MONDEGO, LDA",Genérico,gasoline_95,Gasolina simples 95,Outro,1.966,Soure,Coimbra,Estrada Larga,Granja do Ulmeiro,3130-080,40.15677,-8.63387,"p.a.c. vale mondego, lda",genérico,estrada larga,"1,966 €",2026-05-15_dgeg_postos_raw.csv,535e834297ace7f2
2026-05-15,2026-05-15 14:31:32,2026-05-11 07:00:00,22786bf25d9eecbf,22786bf25d9eecbf_diesel_regular,Tuacar - Posto Freixo de Espada à Cinta,TUACAR,diesel_regular,Gasóleo simples,Outro,2.009,Freixo de Espada à Cinta,Bragança,"Av.Guerra Junqueiro (EN 221), Lugar da Faceira",Freixo de Espada à Cinta,5180-104,41.08595,-6.80836,tuacar - posto freixo de espada à cinta,tuacar,"av.guerra junqueiro (en 221), lugar da faceira","2,009 €",2026-05-15_dgeg_postos_raw.csv,b405e802e720dcc7
2026-05-15,2026-05-15 14:31:32,2026-05-11 07:00:00,22786bf25d9eecbf,22786bf25d9eecbf_diesel_premium,Tuacar - Posto Freixo de Espada à Cinta,TUACAR,diesel_premium,Gasóleo especial,Outro,2.034,Freixo de Espada à Cinta,Bragança,"Av.Guerra Junqueiro (EN 221), Lugar da Faceira",Freixo de Espada à Cinta,5180-104,41.08595,-6.80836,tuacar - posto freixo de espada à cinta,tuacar,"av.guerra junqueiro (en 221), lugar da faceira","2,034 €",2026-05-15_dgeg_postos_raw.csv,0f9ca07a1a537339
2026-05-15,2026-05-15 14:31:32,2026-05-11 07:00:00,22786bf25d9eecbf,22786bf25d9eecbf_gasoline_95,Tuacar - Posto Freixo de Espada à Cinta,TUACAR,gasoline_95,Gasolina simples 95,Outro,1.997,Freixo de Espada à Cinta,Bragança,"Av.Guerra Junqueiro (EN 221), Lugar da Faceira",Freixo de Espada à Cinta,5180-104,41.08595,-6.80836,tuacar - posto freixo de espada à cinta,tuacar,"av.guerra junqueiro (en 221), lugar da faceira","1,997 €",2026-05-15_dgeg_postos_raw.csv,c0ff49aaec5424bb
2026-05-15,2026-05-15 14:31:32,2026-05-11 07:00:00,5a7d20b957b5a86c,5a7d20b957b5a86c_diesel_regular,Tuacar - Posto Mogadouro,TUACAR,diesel_regular,Gasóleo simples,Outro,2.009,Mogadouro,Bragança,Largo do Santo Cristo (EN 221),Mogadouro,5200-208,41.34197,-6.71085,tuacar - posto mogadouro,tuacar,largo do santo cristo (en 221),"2,009 €",2026-05-15_dgeg_postos_raw.csv,d38529330da0cdf8
2026-05-15,2026-05-15 14:31:32,2026-05-11 07:00:00,5a7d20b957b5a86c,5a7d20b957b5a86c_diesel_premium,Tuacar - Posto Mogadouro,TUACAR,diesel_premium,Gasóleo especial,Outro,2.034,Mogadouro,Bragança,Largo do Santo Cristo (EN 221),Mogadouro,5200-208,41.34197,-6.71085,tuacar - posto mogadouro,tuacar,largo do santo cristo (en 221),"2,034 €",2026-05-15_dgeg_postos_raw.csv,27ae4be1d2f72af3
2026-05-15,2026-05-15 14:31:32,2026-05-11 07:00:00,5a7d20b957b5a86c,5a7d20b957b5a86c_gasoline_95,Tuacar - Posto Mogadouro,TUACAR,gasoline_95,Gasolina simples 95,Outro,1.997,Mogadouro,Bragança,Largo do Santo Cristo (EN 221),Mogadouro,5200-208,41.34197,-6.71085,tuacar - posto mogadouro,tuacar,largo do santo cristo (en 221),"1,997 €",2026-05-15_dgeg_postos_raw.csv,2114df1ab3ccf1ef
2026-05-15,2026-05-15 14:31:32,2026-05-11 07:00:00,71c78a6d4aa84026,71c78a6d4aa84026_diesel_regular,Tuacar - Posto Alfandega da Fé,TUACAR,diesel_regular,Gasóleo simples,Outro,2.009,Alfândega da Fé,Bragança,"Av. Dr. Francisco Sá Carneiro, Lugar do Sobreiro",Alfândega da Fé,5350-005,41.33605,-6.96372,tuacar - posto alfandega da fé,tuacar,"av. dr. francisco sá carneiro, lugar do sobreiro","2,009 €",2026-05-15_dgeg_postos_raw.csv,64ae11ca4cb54ed0
2026-05-15,2026-05-15 14:31:32,2026-05-11 07:00:00,71c78a6d4aa84026,71c78a6d4aa84026_diesel_premium,Tuacar - Posto Alfandega da Fé,TUACAR,diesel_premium,Gasóleo especial,Outro,2.034,Alfândega da Fé,Bragança,"Av. Dr. Francisco Sá Carneiro, Lugar do Sobreiro",Alfândega da Fé,5350-005,41.33605,-6.96372,tuacar - posto alfandega da fé,tuacar,"av. dr. francisco sá carneiro, lugar do sobreiro","2,034 €",2026-05-15_dgeg_postos_raw.csv,4394822e48c218ea
2026-05-15,2026-05-15 14:31:32,2026-05-11 07:00:00,71c78a6d4aa84026,71c78a6d4aa84026_gasoline_95,Tuacar - Posto Alfandega da Fé,TUACAR,gasoline_95,Gasolina simples 95,Outro,1.997,Alfândega da Fé,Bragança,"Av. Dr. Francisco Sá Carneiro, Lugar do Sobreiro",Alfândega da Fé,5350-005,41.33605,-6.96372,tuacar - posto alfandega da fé,tuacar,"av. dr. francisco sá carneiro, lugar do sobreiro","1,997 €",2026-05-15_dgeg_postos_raw.csv,6ef4a75b908593b2
2026-05-15,2026-05-15 14:31:32,2026-05-11 07:00:00,0ed418d867ecdc01,0ed418d867ecdc01_diesel_regular,Tuacar - Posto Figueira Castelo Rodrigo,TUACAR,diesel_regular,Gasóleo simples,Outro,2.009,Figueira de Castelo Rodrigo,Guarda,"Av. 25 de Abril, 135",Figueira Castelo Rodrigo,6440-111,40.88928,-6.96355,tuacar - posto figueira castelo rodrigo,tuacar,"av. 25 de abril, 135","2,009 €",2026-05-15_dgeg_postos_raw.csv,e1befc5a74392e20
2026-05-15,2026-05-15 14:31:32,2026-05-11 07:00:00,0ed418d867ecdc01,0ed418d867ecdc01_diesel_premium,Tuacar - Posto Figueira Castelo Rodrigo,TUACAR,diesel_premium,Gasóleo especial,Outro,2.034,Figueira de Castelo Rodrigo,Guarda,"Av. 25 de Abril, 135",Figueira Castelo Rodrigo,6440-111,40.88928,-6.96355,tuacar - posto figueira castelo rodrigo,tuacar,"av. 25 de abril, 135","2,034 €",2026-05-15_dgeg_postos_raw.csv,996f073cc8d8dedc
2026-05-15,2026-05-15 14:31:32,2026-05-11 07:00:00,0ed418d867ecdc01,0ed418d867ecdc01_gasoline_95,Tuacar - Posto Figueira Castelo Rodrigo,TUACAR,gasoline_95,Gasolina simples 95,Outro,1.997,Figueira de Castelo Rodrigo,Guarda,"Av. 25 de Abril, 135",Figueira Castelo Rodrigo,6440-111,40.88928,-6.96355,tuacar - posto figueira castelo rodrigo,tuacar,"av. 25 de abril, 135","1,997 €",2026-05-15_dgeg_postos_raw.csv,5876c421fffd77e2
2026-05-15,2026-05-15 14:31:32,2026-05-11 07:00:00,e1f11b210aa82e89,e1f11b210aa82e89_diesel_regular,Galp - Garargem S. Miguel,GALP,diesel_regular,Gasóleo simples,Outro,2.075,Lisboa,Lisboa,Av. Rio Janeiro nº 19 A,Lisboa,1700-330,38.754309,-9.138918,galp - garargem s. miguel,galp,av. rio janeiro nº 19 a,"2,075 €",2026-05-15_dgeg_postos_raw.csv,9c1e2df39c1a7ed0
2026-05-15,2026-05-15 14:31:32,2026-05-11 07:00:00,e1f11b210aa82e89,e1f11b210aa82e89_diesel_premium,Galp - Garargem S. Miguel,GALP,diesel_premium,Gasóleo especial,Outro,2.125,Lisboa,Lisboa,Av. Rio Janeiro nº 19 A,Lisboa,1700-330,38.754309,-9.138918,galp - garargem s. miguel,galp,av. rio janeiro nº 19 a,"2,125 €",2026-05-15_dgeg_postos_raw.csv,9ce24e98fdd076f6
2026-05-15,2026-05-15 14:31:32,2026-05-11 07:00:00,e1f11b210aa82e89,e1f11b210aa82e89_gasoline_95,Galp - Garargem S. Miguel,GALP,gasoline_95,Gasolina simples 95,Outro,2.071,Lisboa,Lisboa,Av. Rio Janeiro nº 19 A,Lisboa,1700-330,38.754309,-9.138918,galp - garargem s. miguel,galp,av. rio janeiro nº 19 a,"2,071 €",2026-05-15_dgeg_postos_raw.csv,bfb7d0a7cdc92e1b
2026-05-15,2026-05-15 14:31:32,2026-05-11 07:00:00,81232419df3be408,81232419df3be408_diesel_regular,PA - GALP Gravulha,GALP,diesel_regular,Gasóleo simples,Outro,2.055,Ferreira do Zêzere,Santarém,E.N. 238 - GRAVULHA,Águas Belas,2240-029,39.718792,-8.301971,pa - galp gravulha,galp,e.n. 238 - gravulha,"2,055 €",2026-05-15_dgeg_postos_raw.csv,e266d3c3f8899a7d
2026-05-15,2026-05-15 14:31:32,2026-05-11 07:00:00,81232419df3be408,81232419df3be408_diesel_premium,PA - GALP Gravulha,GALP,diesel_premium,Gasóleo especial,Outro,2.105,Ferreira do Zêzere,Santarém,E.N. 238 - GRAVULHA,Águas Belas,2240-029,39.718792,-8.301971,pa - galp gravulha,galp,e.n. 238 - gravulha,"2,105 €",2026-05-15_dgeg_postos_raw.csv,2a50f55c5d9fe868
2026-05-15,2026-05-15 14:31:32,2026-05-11 07:00:00,81232419df3be408,81232419df3be408_gasoline_95,PA - GALP Gravulha,GALP,gasoline_95,Gasolina simples 95,Outro,2.051,Ferreira do Zêzere,Santarém,E.N. 238 - GRAVULHA,Águas Belas,2240-029,39.718792,-8.301971,pa - galp gravulha,galp,e.n. 238 - gravulha,"2,051 €",2026-05-15_dgeg_postos_raw.csv,97421341ccc28dc2
2026-05-15,2026-05-15 14:31:32,2026-05-11 07:00:00,ed00ab1cfc9e5af3,ed00ab1cfc9e5af3_diesel_premium,E.LECLERC LORDELO GMR,LECLERC,diesel_premium,Gasóleo especial,Outro,1.997,Guimarães,Braga,Rua de Mide,Lordelo,4815-169,41.3682,-8.36873,e.leclerc lordelo gmr,leclerc,rua de mide,"1,997 €",2026-05-15_dgeg_postos_raw.csv,957e917bc7be2bed
2026-05-15,2026-05-15 14:31:32,2026-05-11 07:00:00,ed00ab1cfc9e5af3,ed00ab1cfc9e5af3_diesel_regular,E.LECLERC LORDELO GMR,LECLERC,diesel_regular,Gasóleo simples,Outro,1.985,Guimarães,Braga,Rua de Mide,Lordelo,4815-169,41.3682,-8.36873,e.leclerc lordelo gmr,leclerc,rua de mide,"1,985 €",2026-05-15_dgeg_postos_raw.csv,4d54555d0a15d508
2026-05-15,2026-05-15 14:31:32,2026-05-11 07:00:00,ed00ab1cfc9e5af3,ed00ab1cfc9e5af3_gasoline_95,E.LECLERC LORDELO GMR,LECLERC,gasoline_95,Gasolina simples 95,Outro,1.921,Guimarães,Braga,Rua de Mide,Lordelo,4815-169,41.3682,-8.36873,e.leclerc lordelo gmr,leclerc,rua de mide,"1,921 €",2026-05-15_dgeg_postos_raw.csv,58bd53068c075a67
2026-05-15,2026-05-15 14:31:32,2026-05-11 07:00:00,f0d54a12dafe6a97,f0d54a12dafe6a97_diesel_premium,Tuacar - Posto Mirandela Sul,TUACAR,diesel_premium,Gasóleo especial,Outro,2.034,Mirandela,Bragança,AV 25 de Abril,Mirandela,5370-223,41.47586,-7.177532,tuacar - posto mirandela sul,tuacar,av 25 de abril,"2,034 €",2026-05-15_dgeg_postos_raw.csv,13326ad581346076
2026-05-15,2026-05-15 14:31:32,2026-05-11 07:00:00,f0d54a12dafe6a97,f0d54a12dafe6a97_diesel_regular,Tuacar - Posto Mirandela Sul,TUACAR,diesel_regular,Gasóleo simples,Outro,2.009,Mirandela,Bragança,AV 25 de Abril,Mirandela,5370-223,41.47586,-7.177532,tuacar - posto mirandela sul,tuacar,av 25 de abril,"2,009 €",2026-05-15_dgeg_postos_raw.csv,e34da434719b45ea
2026-05-15,2026-05-15 14:31:32,2026-05-11 07:00:00,f0d54a12dafe6a97,f0d54a12dafe6a97_gasoline_95,Tuacar - Posto Mirandela Sul,TUACAR,gasoline_95,Gasolina simples 95,Outro,1.997,Mirandela,Bragança,AV 25 de Abril,Mirandela,5370-223,41.47586,-7.177532,tuacar - posto mirandela sul,tuacar,av 25 de abril,"1,997 €",2026-05-15_dgeg_postos_raw.csv,89fc9c32df4b10a8
2026-05-15,2026-05-15 14:31:32,2026-05-11 07:00:00,da92123e498890d9,da92123e498890d9_diesel_regular,CB de Vidigueira,CARLOS BALTAZAR,diesel_regular,Gasóleo simples,Outro,1.974,Vidigueira,Beja,Estrada Nacional N.º 18,Vidigueira,7960-305,38.20619,-7.801643,cb de vidigueira,carlos baltazar,estrada nacional n.º 18,"1,974 €",2026-05-15_dgeg_postos_raw.csv,5ae3aa4e854a65c7
2026-05-15,2026-05-15 14:31:32,2026-05-11 07:00:00,da92123e498890d9,da92123e498890d9_diesel_premium,CB de Vidigueira,CARLOS BALTAZAR,diesel_premium,Gasóleo especial,Outro,2.034,Vidigueira,Beja,Estrada Nacional N.º 18,Vidigueira,7960-305,38.20619,-7.801643,cb de vidigueira,carlos baltazar,estrada nacional n.º 18,"2,034 €",2026-05-15_dgeg_postos_raw.csv,193640df18928bab
2026-05-15,2026-05-15 14:31:32,2026-05-11 07:00:00,da92123e498890d9,da92123e498890d9_gasoline_95,CB de Vidigueira,CARLOS BALTAZAR,gasoline_95,Gasolina simples 95,Outro,1.989,Vidigueira,Beja,Estrada Nacional N.º 18,Vidigueira,7960-305,38.20619,-7.801643,cb de vidigueira,carlos baltazar,estrada nacional n.º 18,"1,989 €",2026-05-15_dgeg_postos_raw.csv,6714d65eb528543c
2026-05-15,2026-05-15 14:31:32,2026-05-11 07:00:00,28df82d2d0bf0636,28df82d2d0bf0636_gasoline_98,BASTOS & BASTOS COBUSTIVEIS LDA,BP,gasoline_98,Gasolina especial 98,Outro,2.299,Sever do Vouga,Aveiro,CASTELÕES - SILVA ESCURA - SEVER DO VOUGA,Castelões,3740-316,40.75491,-8.37639,bastos & bastos cobustiveis lda,bp,castelões - silva escura - sever do vouga,"2,299 €",2026-05-15_dgeg_postos_raw.csv,45919b8b291b408f
2026-05-15,2026-05-15 14:31:32,2026-05-11 07:00:00,3d25db3f99be9c5a,3d25db3f99be9c5a_diesel_regular,Tuacar - Posto Mirandela,TUACAR,diesel_regular,Gasóleo simples,Outro,2.009,Mirandela,Bragança,"Lugar do Espinheiral, EN15, Saída Mirandela Oeste",Espinheiral,5370-552,41.479393,-7.205275,tuacar - posto mirandela,tuacar,"lugar do espinheiral, en15, saída mirandela oeste","2,009 €",2026-05-15_dgeg_postos_raw.csv,f88a600d705b4ef2
2026-05-15,2026-05-15 14:31:32,2026-05-11 07:00:00,3d25db3f99be9c5a,3d25db3f99be9c5a_diesel_premium,Tuacar - Posto Mirandela,TUACAR,diesel_premium,Gasóleo especial,Outro,2.034,Mirandela,Bragança,"Lugar do Espinheiral, EN15, Saída Mirandela Oeste",Espinheiral,5370-552,41.479393,-7.205275,tuacar - posto mirandela,tuacar,"lugar do espinheiral, en15, saída mirandela oeste","2,034 €",2026-05-15_dgeg_postos_raw.csv,c8750924819b4e70
2026-05-15,2026-05-15 14:31:32,2026-05-11 07:00:00,3d25db3f99be9c5a,3d25db3f99be9c5a_gasoline_95,Tuacar - Posto Mirandela,TUACAR,gasoline_95,Gasolina simples 95,Outro,1.997,Mirandela,Bragança,"Lugar do Espinheiral, EN15, Saída Mirandela Oeste",Espinheiral,5370-552,41.479393,-7.205275,tuacar - posto mirandela,tuacar,"lugar do espinheiral, en15, saída mirandela oeste","1,997 €",2026-05-15_dgeg_postos_raw.csv,b8cb727d93d9fa73
2026-05-15,2026-05-15 14:31:32,2026-05-11 07:00:00,8fba6980eeffe5b0,8fba6980eeffe5b0_diesel_regular,INTERMARCHÉ  Atouguia da Baleia,INTERMARCHÉ,diesel_regular,Gasóleo simples,Outro,1.979,Peniche,Leiria,"EN 114 KM 7,600",Porto Lobos,2525-553,39.34556,-9.34062,intermarché atouguia da baleia,intermarché,"en 114 km 7,600","1,979 €",2026-05-15_dgeg_postos_raw.csv,b18797413b43f41f
2026-05-15,2026-05-15 14:31:32,2026-05-11 07:00:00,8fba6980eeffe5b0,8fba6980eeffe5b0_diesel_premium,INTERMARCHÉ  Atouguia da Baleia,INTERMARCHÉ,diesel_premium,Gasóleo especial,Outro,2.03,Peniche,Leiria,"EN 114 KM 7,600",Porto Lobos,2525-553,39.34556,-9.34062,intermarché atouguia da baleia,intermarché,"en 114 km 7,600","2,030 €",2026-05-15_dgeg_postos_raw.csv,66df7aa985a00968
2026-05-15,2026-05-15 14:31:32,2026-05-11 07:00:00,8fba6980eeffe5b0,8fba6980eeffe5b0_gasoline_95,INTERMARCHÉ  Atouguia da Baleia,INTERMARCHÉ,gasoline_95,Gasolina simples 95,Outro,1.969,Peniche,Leiria,"EN 114 KM 7,600",Porto Lobos,2525-553,39.34556,-9.34062,intermarché atouguia da baleia,intermarché,"en 114 km 7,600","1,969 €",2026-05-15_dgeg_postos_raw.csv,ac23c4e5241ca8db
2026-05-15,2026-05-15 14:31:32,2026-05-11 07:00:00,4f4ef81210cdb07b,4f4ef81210cdb07b_diesel_regular,Tuacar - Posto Vila Real,TUACAR,diesel_regular,Gasóleo simples,Outro,2.009,Vila Real,Vila Real,"EN 15 km 107,5/EN 2 km 67,0, Parada de Cunhos",Cabril,5000-471,41.28516,-7.76024,tuacar - posto vila real,tuacar,"en 15 km 107,5/en 2 km 67,0, parada de cunhos","2,009 €",2026-05-15_dgeg_postos_raw.csv,adfd978b5644dd3c
2026-05-15,2026-05-15 14:31:32,2026-05-11 07:00:00,4f4ef81210cdb07b,4f4ef81210cdb07b_diesel_premium,Tuacar - Posto Vila Real,TUACAR,diesel_premium,Gasóleo especial,Outro,2.034,Vila Real,Vila Real,"EN 15 km 107,5/EN 2 km 67,0, Parada de Cunhos",Cabril,5000-471,41.28516,-7.76024,tuacar - posto vila real,tuacar,"en 15 km 107,5/en 2 km 67,0, parada de cunhos","2,034 €",2026-05-15_dgeg_postos_raw.csv,615318cef3a3cd54
2026-05-15,2026-05-15 14:31:32,2026-05-11 07:00:00,4f4ef81210cdb07b,4f4ef81210cdb07b_gasoline_95,Tuacar - Posto Vila Real,TUACAR,gasoline_95,Gasolina simples 95,Outro,1.997,Vila Real,Vila Real,"EN 15 km 107,5/EN 2 km 67,0, Parada de Cunhos",Cabril,5000-471,41.28516,-7.76024,tuacar - posto vila real,tuacar,"en 15 km 107,5/en 2 km 67,0, parada de cunhos","1,997 €",2026-05-15_dgeg_postos_raw.csv,28d8ec36f58bc3b4
2026-05-15,2026-05-15 14:31:32,2026-05-11 07:00:00,28df82d2d0bf0636,28df82d2d0bf0636_diesel_regular,BASTOS & BASTOS COBUSTIVEIS LDA,BP,diesel_regular,Gasóleo simples,Outro,2.074,Sever do Vouga,Aveiro,CASTELÕES - SILVA ESCURA - SEVER DO VOUGA,Castelões,3740-316,40.75491,-8.37639,bastos & bastos cobustiveis lda,bp,castelões - silva escura - sever do vouga,"2,074 €",2026-05-15_dgeg_postos_raw.csv,df791190e59d3001
2026-05-15,2026-05-15 14:31:32,2026-05-11 07:00:00,28df82d2d0bf0636,28df82d2d0bf0636_diesel_premium,BASTOS & BASTOS COBUSTIVEIS LDA,BP,diesel_premium,Gasóleo especial,Outro,2.224,Sever do Vouga,Aveiro,CASTELÕES - SILVA ESCURA - SEVER DO VOUGA,Castelões,3740-316,40.75491,-8.37639,bastos & bastos cobustiveis lda,bp,castelões - silva escura - sever do vouga,"2,224 €",2026-05-15_dgeg_postos_raw.csv,be6c3dce6a05b394
2026-05-15,2026-05-15 14:31:32,2026-05-11 07:00:00,28df82d2d0bf0636,28df82d2d0bf0636_gasoline_95,BASTOS & BASTOS COBUSTIVEIS LDA,BP,gasoline_95,Gasolina simples 95,Outro,2.069,Sever do Vouga,Aveiro,CASTELÕES - SILVA ESCURA - SEVER DO VOUGA,Castelões,3740-316,40.75491,-8.37639,bastos & bastos cobustiveis lda,bp,castelões - silva escura - sever do vouga,"2,069 €",2026-05-15_dgeg_postos_raw.csv,893edd27a1ee86f9
2026-05-15,2026-05-15 14:31:32,2026-05-11 07:00:00,48adfea084c8f40b,48adfea084c8f40b_diesel_regular,CB de Figueira dos Cavaleiros,CARLOS BALTAZAR,diesel_regular,Gasóleo simples,Outro,1.974,Ferreira do Alentejo,Beja,Bairro das Amarelas,Figueira dos Cavaleiros,7900-233,38.09285,-8.19976,cb de figueira dos cavaleiros,carlos baltazar,bairro das amarelas,"1,974 €",2026-05-15_dgeg_postos_raw.csv,65cae6747ac3b2bb
2026-05-15,2026-05-15 14:31:32,2026-05-11 07:00:00,48adfea084c8f40b,48adfea084c8f40b_diesel_premium,CB de Figueira dos Cavaleiros,CARLOS BALTAZAR,diesel_premium,Gasóleo especial,Outro,2.034,Ferreira do Alentejo,Beja,Bairro das Amarelas,Figueira dos Cavaleiros,7900-233,38.09285,-8.19976,cb de figueira dos cavaleiros,carlos baltazar,bairro das amarelas,"2,034 €",2026-05-15_dgeg_postos_raw.csv,a0d6a90ebce0cb74
2026-05-15,2026-05-15 14:31:32,2026-05-11 07:00:00,48adfea084c8f40b,48adfea084c8f40b_gasoline_95,CB de Figueira dos Cavaleiros,CARLOS BALTAZAR,gasoline_95,Gasolina simples 95,Outro,1.989,Ferreira do Alentejo,Beja,Bairro das Amarelas,Figueira dos Cavaleiros,7900-233,38.09285,-8.19976,cb de figueira dos cavaleiros,carlos baltazar,bairro das amarelas,"1,989 €",2026-05-15_dgeg_postos_raw.csv,b0049f1d54f81c4b
2026-05-15,2026-05-15 14:31:32,2026-05-11 07:00:00,85ee6a004090c050,85ee6a004090c050_diesel_regular,"GPR Pneus, Lda.",Genérico,diesel_regular,Gasóleo simples,Outro,2.009,Vizela,Braga,"Rua Ferreira Caldas, nº 146",S. João das Caldas,4815-431,41.375607,-8.308034,"gpr pneus, lda.",genérico,"rua ferreira caldas, nº 146","2,009 €",2026-05-15_dgeg_postos_raw.csv,50a057625a9d4e34
2026-05-15,2026-05-15 14:31:32,2026-05-11 07:00:00,85ee6a004090c050,85ee6a004090c050_gasoline_95,"GPR Pneus, Lda.",Genérico,gasoline_95,Gasolina simples 95,Outro,2.012,Vizela,Braga,"Rua Ferreira Caldas, nº 146",S. João das Caldas,4815-431,41.375607,-8.308034,"gpr pneus, lda.",genérico,"rua ferreira caldas, nº 146","2,012 €",2026-05-15_dgeg_postos_raw.csv,ac55e03773b5b2ac
2026-05-15,2026-05-15 14:31:32,2026-05-11 07:00:00,6296e7e697ec2e15,6296e7e697ec2e15_diesel_regular,CB de Ferreira do Alentejo,CARLOS BALTAZAR,diesel_regular,Gasóleo simples,Outro,1.974,Ferreira do Alentejo,Beja,"Rua Irene Lisboa, n.º 1-A",Ferreira do Alentejo,7900-648,38.0568,-8.11228,cb de ferreira do alentejo,carlos baltazar,"rua irene lisboa, n.º 1-a","1,974 €",2026-05-15_dgeg_postos_raw.csv,c9a3526aa299ab9d
2026-05-15,2026-05-15 14:31:32,2026-05-11 07:00:00,6296e7e697ec2e15,6296e7e697ec2e15_diesel_premium,CB de Ferreira do Alentejo,CARLOS BALTAZAR,diesel_premium,Gasóleo especial,Outro,2.034,Ferreira do Alentejo,Beja,"Rua Irene Lisboa, n.º 1-A",Ferreira do Alentejo,7900-648,38.0568,-8.11228,cb de ferreira do alentejo,carlos baltazar,"rua irene lisboa, n.º 1-a","2,034 €",2026-05-15_dgeg_postos_raw.csv,380bb08883f81e70
2026-05-15,2026-05-15 14:31:32,2026-05-11 07:00:00,6296e7e697ec2e15,6296e7e697ec2e15_gasoline_95,CB de Ferreira do Alentejo,CARLOS BALTAZAR,gasoline_95,Gasolina simples 95,Outro,1.989,Ferreira do Alentejo,Beja,"Rua Irene Lisboa, n.º 1-A",Ferreira do Alentejo,7900-648,38.0568,-8.11228,cb de ferreira do alentejo,carlos baltazar,"rua irene lisboa, n.º 1-a","1,989 €",2026-05-15_dgeg_postos_raw.csv,80410b04fbb0b946
2026-05-15,2026-05-15 14:31:32,2026-05-11 07:00:00,0e827a681c47a087,0e827a681c47a087_diesel_regular,CB de Peroguarda,CARLOS BALTAZAR,diesel_regular,Gasóleo simples,Outro,1.974,Ferreira do Alentejo,Beja,Variante para Alfundão,Peroguarda,7900-452,38.09346,-8.04825,cb de peroguarda,carlos baltazar,variante para alfundão,"1,974 €",2026-05-15_dgeg_postos_raw.csv,1ffdf9590484afe2
2026-05-15,2026-05-15 14:31:32,2026-05-11 07:00:00,0e827a681c47a087,0e827a681c47a087_diesel_premium,CB de Peroguarda,CARLOS BALTAZAR,diesel_premium,Gasóleo especial,Outro,2.034,Ferreira do Alentejo,Beja,Variante para Alfundão,Peroguarda,7900-452,38.09346,-8.04825,cb de peroguarda,carlos baltazar,variante para alfundão,"2,034 €",2026-05-15_dgeg_postos_raw.csv,eae5d24d2a6436a4
2026-05-15,2026-05-15 14:31:32,2026-05-11 07:00:00,0e827a681c47a087,0e827a681c47a087_gasoline_95,CB de Peroguarda,CARLOS BALTAZAR,gasoline_95,Gasolina simples 95,Outro,1.989,Ferreira do Alentejo,Beja,Variante para Alfundão,Peroguarda,7900-452,38.09346,-8.04825,cb de peroguarda,carlos baltazar,variante para alfundão,"1,989 €",2026-05-15_dgeg_postos_raw.csv,72f5ca1fb7990f29
2026-05-15,2026-05-15 14:31:32,2026-05-11 07:00:00,cb4eef4ba1e23439,cb4eef4ba1e23439_diesel_regular,CB de Aldeia de Ruins,CARLOS BALTAZAR,diesel_regular,Gasóleo simples,Outro,1.974,Ferreira do Alentejo,Beja,Rua Comendador José Joaquim de Vilhena,Aldeia de Ruins,7900-113,38.03628,-8.24079,cb de aldeia de ruins,carlos baltazar,rua comendador josé joaquim de vilhena,"1,974 €",2026-05-15_dgeg_postos_raw.csv,f447450758754b04
2026-05-15,2026-05-15 14:31:32,2026-05-11 07:00:00,cb4eef4ba1e23439,cb4eef4ba1e23439_diesel_premium,CB de Aldeia de Ruins,CARLOS BALTAZAR,diesel_premium,Gasóleo especial,Outro,2.034,Ferreira do Alentejo,Beja,Rua Comendador José Joaquim de Vilhena,Aldeia de Ruins,7900-113,38.03628,-8.24079,cb de aldeia de ruins,carlos baltazar,rua comendador josé joaquim de vilhena,"2,034 €",2026-05-15_dgeg_postos_raw.csv,fc3e0e0b7c0abce6
2026-05-15,2026-05-15 14:31:32,2026-05-11 07:00:00,cb4eef4ba1e23439,cb4eef4ba1e23439_gasoline_95,CB de Aldeia de Ruins,CARLOS BALTAZAR,gasoline_95,Gasolina simples 95,Outro,1.989,Ferreira do Alentejo,Beja,Rua Comendador José Joaquim de Vilhena,Aldeia de Ruins,7900-113,38.03628,-8.24079,cb de aldeia de ruins,carlos baltazar,rua comendador josé joaquim de vilhena,"1,989 €",2026-05-15_dgeg_postos_raw.csv,2c0a614d546cc045
2026-05-15,2026-05-15 14:31:32,2026-05-11 07:00:00,dc9aabc6b4a1895a,dc9aabc6b4a1895a_diesel_regular,CB de Cabeça Gorda,CARLOS BALTAZAR,diesel_regular,Gasóleo simples,Outro,1.974,Beja,Beja,Av. Alonso Gomes,Cabeça Gorda,7800-631,37.92924,-7.79089,cb de cabeça gorda,carlos baltazar,av. alonso gomes,"1,974 €",2026-05-15_dgeg_postos_raw.csv,23528aa05ca431fe
2026-05-15,2026-05-15 14:31:32,2026-05-11 07:00:00,dc9aabc6b4a1895a,dc9aabc6b4a1895a_diesel_premium,CB de Cabeça Gorda,CARLOS BALTAZAR,diesel_premium,Gasóleo especial,Outro,2.034,Beja,Beja,Av. Alonso Gomes,Cabeça Gorda,7800-631,37.92924,-7.79089,cb de cabeça gorda,carlos baltazar,av. alonso gomes,"2,034 €",2026-05-15_dgeg_postos_raw.csv,7f8d9f584158038d
2026-05-15,2026-05-15 14:31:32,2026-05-11 07:00:00,dc9aabc6b4a1895a,dc9aabc6b4a1895a_gasoline_95,CB de Cabeça Gorda,CARLOS BALTAZAR,gasoline_95,Gasolina simples 95,Outro,1.989,Beja,Beja,Av. Alonso Gomes,Cabeça Gorda,7800-631,37.92924,-7.79089,cb de cabeça gorda,carlos baltazar,av. alonso gomes,"1,989 €",2026-05-15_dgeg_postos_raw.csv,3441dceaa248769a
2026-05-15,2026-05-15 14:31:32,2026-05-11 07:00:00,b7c569b77f7fe6a7,b7c569b77f7fe6a7_diesel_regular,CB de Cercal do Alentejo,CARLOS BALTAZAR,diesel_regular,Gasóleo simples,Outro,2.054,Santiago do Cacém,Setúbal,Rua Dr. Beja da Costa,Cercal do Alentejo,7555-000,37.79667,-8.67419,cb de cercal do alentejo,carlos baltazar,rua dr. beja da costa,"2,054 €",2026-05-15_dgeg_postos_raw.csv,1f5c7fa768b4dc91
2026-05-15,2026-05-15 14:31:32,2026-05-11 07:00:00,b7c569b77f7fe6a7,b7c569b77f7fe6a7_diesel_premium,CB de Cercal do Alentejo,CARLOS BALTAZAR,diesel_premium,Gasóleo especial,Outro,2.114,Santiago do Cacém,Setúbal,Rua Dr. Beja da Costa,Cercal do Alentejo,7555-000,37.79667,-8.67419,cb de cercal do alentejo,carlos baltazar,rua dr. beja da costa,"2,114 €",2026-05-15_dgeg_postos_raw.csv,8157ec5372a52c25
2026-05-15,2026-05-15 14:31:32,2026-05-11 07:00:00,b7c569b77f7fe6a7,b7c569b77f7fe6a7_gasoline_95,CB de Cercal do Alentejo,CARLOS BALTAZAR,gasoline_95,Gasolina simples 95,Outro,2.059,Santiago do Cacém,Setúbal,Rua Dr. Beja da Costa,Cercal do Alentejo,7555-000,37.79667,-8.67419,cb de cercal do alentejo,carlos baltazar,rua dr. beja da costa,"2,059 €",2026-05-15_dgeg_postos_raw.csv,d45cb3da1ba6dde5
2026-05-15,2026-05-15 14:31:32,2026-05-11 07:00:00,a762c245d445bcc2,a762c245d445bcc2_diesel_regular,GALP Boticas,GALP,diesel_regular,Gasóleo simples,Outro,2.055,Boticas,Vila Real,"Avenida do Noro, nº 4",Boticas,5460-331,41.6872,-7.664512,galp boticas,galp,"avenida do noro, nº 4","2,055 €",2026-05-15_dgeg_postos_raw.csv,a335f970129886cf
2026-05-15,2026-05-15 14:31:32,2026-05-11 07:00:00,a762c245d445bcc2,a762c245d445bcc2_diesel_premium,GALP Boticas,GALP,diesel_premium,Gasóleo especial,Outro,2.115,Boticas,Vila Real,"Avenida do Noro, nº 4",Boticas,5460-331,41.6872,-7.664512,galp boticas,galp,"avenida do noro, nº 4","2,115 €",2026-05-15_dgeg_postos_raw.csv,074d1a68016996f6
2026-05-15,2026-05-15 14:31:32,2026-05-11 07:00:00,a762c245d445bcc2,a762c245d445bcc2_gasoline_95,GALP Boticas,GALP,gasoline_95,Gasolina simples 95,Outro,2.051,Boticas,Vila Real,"Avenida do Noro, nº 4",Boticas,5460-331,41.6872,-7.664512,galp boticas,galp,"avenida do noro, nº 4","2,051 €",2026-05-15_dgeg_postos_raw.csv,dfd6c65133055d26
2026-05-15,2026-05-15 14:31:32,2026-05-11 07:00:00,fc884f23a78c08e7,fc884f23a78c08e7_diesel_regular,Distrijovim - Supermercados Lda - PA Intermarché Jovim,INTERMARCHÉ,diesel_regular,Gasóleo simples,Outro,1.894,Gondomar,Porto,Rua das Broas nº 40,Jovim,4510-019,41.11732,-8.509337,distrijovim - supermercados lda - pa intermarché jovim,intermarché,rua das broas nº 40,"1,894 €",2026-05-15_dgeg_postos_raw.csv,4bb1f4b29bf9948e
2026-05-15,2026-05-15 14:31:32,2026-05-11 07:00:00,fc884f23a78c08e7,fc884f23a78c08e7_diesel_premium,Distrijovim - Supermercados Lda - PA Intermarché Jovim,INTERMARCHÉ,diesel_premium,Gasóleo especial,Outro,1.894,Gondomar,Porto,Rua das Broas nº 40,Jovim,4510-019,41.11732,-8.509337,distrijovim - supermercados lda - pa intermarché jovim,intermarché,rua das broas nº 40,"1,894 €",2026-05-15_dgeg_postos_raw.csv,c757c8f4c2ef8e74
2026-05-15,2026-05-15 14:31:32,2026-05-11 07:00:00,fc884f23a78c08e7,fc884f23a78c08e7_gasoline_95,Distrijovim - Supermercados Lda - PA Intermarché Jovim,INTERMARCHÉ,gasoline_95,Gasolina simples 95,Outro,1.914,Gondomar,Porto,Rua das Broas nº 40,Jovim,4510-019,41.11732,-8.509337,distrijovim - supermercados lda - pa intermarché jovim,intermarché,rua das broas nº 40,"1,914 €",2026-05-15_dgeg_postos_raw.csv,20f2de5b145088aa
2026-05-15,2026-05-15 14:31:32,2026-05-11 07:00:00,ed96db324c81e1a6,ed96db324c81e1a6_diesel_regular,CB de Castro Verde,CARLOS BALTAZAR,diesel_regular,Gasóleo simples,Outro,1.974,Castro Verde,Beja,"R. Almodôvar, 92",Castro Verde,7780-171,37.690643,-8.084091,cb de castro verde,carlos baltazar,"r. almodôvar, 92","1,974 €",2026-05-15_dgeg_postos_raw.csv,90b957ad7e0538f0
2026-05-15,2026-05-15 14:31:32,2026-05-11 07:00:00,ed96db324c81e1a6,ed96db324c81e1a6_diesel_premium,CB de Castro Verde,CARLOS BALTAZAR,diesel_premium,Gasóleo especial,Outro,2.034,Castro Verde,Beja,"R. Almodôvar, 92",Castro Verde,7780-171,37.690643,-8.084091,cb de castro verde,carlos baltazar,"r. almodôvar, 92","2,034 €",2026-05-15_dgeg_postos_raw.csv,2fc9661b558d6c34
2026-05-15,2026-05-15 14:31:32,2026-05-11 07:00:00,ed96db324c81e1a6,ed96db324c81e1a6_gasoline_95,CB de Castro Verde,CARLOS BALTAZAR,gasoline_95,Gasolina simples 95,Outro,1.989,Castro Verde,Beja,"R. Almodôvar, 92",Castro Verde,7780-171,37.690643,-8.084091,cb de castro verde,carlos baltazar,"r. almodôvar, 92","1,989 €",2026-05-15_dgeg_postos_raw.csv,5429f43c62a97a98
2026-05-15,2026-05-15 14:31:32,2026-05-11 07:00:00,2e07ea417d43d598,2e07ea417d43d598_diesel_regular,Tuacar - Posto Alijo,TUACAR,diesel_regular,Gasóleo simples,Outro,2.009,Alijó,Vila Real,"Avenida 25 de Abril (EN 322, km 35,805)",Alijó,5070-011,41.26983,-7.47852,tuacar - posto alijo,tuacar,"avenida 25 de abril (en 322, km 35,805)","2,009 €",2026-05-15_dgeg_postos_raw.csv,ab28ec8f74d8da8c
2026-05-15,2026-05-15 14:31:32,2026-05-11 07:00:00,2e07ea417d43d598,2e07ea417d43d598_diesel_premium,Tuacar - Posto Alijo,TUACAR,diesel_premium,Gasóleo especial,Outro,2.034,Alijó,Vila Real,"Avenida 25 de Abril (EN 322, km 35,805)",Alijó,5070-011,41.26983,-7.47852,tuacar - posto alijo,tuacar,"avenida 25 de abril (en 322, km 35,805)","2,034 €",2026-05-15_dgeg_postos_raw.csv,a89d2aea3c9639b9
2026-05-15,2026-05-15 14:31:32,2026-05-11 07:00:00,2e07ea417d43d598,2e07ea417d43d598_gasoline_95,Tuacar - Posto Alijo,TUACAR,gasoline_95,Gasolina simples 95,Outro,1.997,Alijó,Vila Real,"Avenida 25 de Abril (EN 322, km 35,805)",Alijó,5070-011,41.26983,-7.47852,tuacar - posto alijo,tuacar,"avenida 25 de abril (en 322, km 35,805)","1,997 €",2026-05-15_dgeg_postos_raw.csv,8511aedd8ed15cec
2026-05-15,2026-05-15 14:31:32,2026-05-11 07:00:00,89b83e107719cba8,89b83e107719cba8_diesel_regular,"Ferreira, Silva e Espirito Lda",Genérico,diesel_regular,Gasóleo simples,Outro,1.928,Sever do Vouga,Aveiro,Zona Industrial dos Padrões n.º 587,Sever do Vouga,3740-295,40.73628,-8.37964,"ferreira, silva e espirito lda",genérico,zona industrial dos padrões n.º 587,"1,928 €",2026-05-15_dgeg_postos_raw.csv,4f3080072a50020c
2026-05-15,2026-05-15 14:31:32,2026-05-11 07:00:00,89b83e107719cba8,89b83e107719cba8_diesel_premium,"Ferreira, Silva e Espirito Lda",Genérico,diesel_premium,Gasóleo especial,Outro,1.968,Sever do Vouga,Aveiro,Zona Industrial dos Padrões n.º 587,Sever do Vouga,3740-295,40.73628,-8.37964,"ferreira, silva e espirito lda",genérico,zona industrial dos padrões n.º 587,"1,968 €",2026-05-15_dgeg_postos_raw.csv,96e09399b9ca1137
2026-05-15,2026-05-15 14:31:32,2026-05-11 07:00:00,89b83e107719cba8,89b83e107719cba8_gasoline_95,"Ferreira, Silva e Espirito Lda",Genérico,gasoline_95,Gasolina simples 95,Outro,1.918,Sever do Vouga,Aveiro,Zona Industrial dos Padrões n.º 587,Sever do Vouga,3740-295,40.73628,-8.37964,"ferreira, silva e espirito lda",genérico,zona industrial dos padrões n.º 587,"1,918 €",2026-05-15_dgeg_postos_raw.csv,b59bbc9901217a5c
2026-05-15,2026-05-15 14:31:32,2026-05-11 07:00:00,85ee6a004090c050,85ee6a004090c050_diesel_premium,"GPR Pneus, Lda.",Genérico,diesel_premium,Gasóleo especial,Outro,2.029,Vizela,Braga,"Rua Ferreira Caldas, nº 146",S. João das Caldas,4815-431,41.375607,-8.308034,"gpr pneus, lda.",genérico,"rua ferreira caldas, nº 146","2,029 €",2026-05-15_dgeg_postos_raw.csv,8230c73fceaf5acd
2026-05-15,2026-05-15 14:31:32,2026-05-11 07:00:00,b96ec5a26fdfe01c,b96ec5a26fdfe01c_gasoline_95,"Auto Combustiveis Santa Barbara, Lda.",Genérico,gasoline_95,Gasolina simples 95,Outro,2.051,Castro Verde,Beja,Largo 1ª de Maio  Nº10,Santa Barbára de Padrões,7780-486,37.63712,-7.98713,"auto combustiveis santa barbara, lda.",genérico,largo 1ª de maio nº10,"2,051 €",2026-05-15_dgeg_postos_raw.csv,03cd78f031091da4
2026-05-15,2026-05-15 14:31:32,2026-05-11 07:00:00,b96ec5a26fdfe01c,b96ec5a26fdfe01c_diesel_regular,"Auto Combustiveis Santa Barbara, Lda.",Genérico,diesel_regular,Gasóleo simples,Outro,2.055,Castro Verde,Beja,Largo 1ª de Maio  Nº10,Santa Barbára de Padrões,7780-486,37.63712,-7.98713,"auto combustiveis santa barbara, lda.",genérico,largo 1ª de maio nº10,"2,055 €",2026-05-15_dgeg_postos_raw.csv,c245c45d432c19c6
2026-05-15,2026-05-15 14:31:32,2026-05-11 07:00:00,b96ec5a26fdfe01c,b96ec5a26fdfe01c_diesel_premium,"Auto Combustiveis Santa Barbara, Lda.",Genérico,diesel_premium,Gasóleo especial,Outro,2.095,Castro Verde,Beja,Largo 1ª de Maio  Nº10,Santa Barbára de Padrões,7780-486,37.63712,-7.98713,"auto combustiveis santa barbara, lda.",genérico,largo 1ª de maio nº10,"2,095 €",2026-05-15_dgeg_postos_raw.csv,76f12c38a6658d82
2026-05-15,2026-05-15 14:31:32,2026-05-11 07:10:00,ea99a240c309d879,ea99a240c309d879_diesel_premium,"OLIVEIROIL - Combustíveis e Lubrificantes, Lda.   (GUI Monte Redondo)",GALP,diesel_premium,Gasóleo especial,Outro,2.083,Leiria,Leiria,Estrada nacional 109 Edificio 63 Montijos,Montijos,2425-618,39.880405,-8.837959,"oliveiroil - combustíveis e lubrificantes, lda. (gui monte redondo)",galp,estrada nacional 109 edificio 63 montijos,"2,083 €",2026-05-15_dgeg_postos_raw.csv,d0b8a3ccdcf63eed
2026-05-15,2026-05-15 14:31:32,2026-05-11 07:10:00,5c4fb737c75aeed6,5c4fb737c75aeed6_diesel_regular,POSTO DE ABASTECIMENTO INTERMARCHE DE VILA REAL,INTERMARCHÉ,diesel_regular,Gasóleo simples,Outro,1.959,Vila Real,Vila Real,Quinta do Lameirão,Vila Real,5000-046,41.3102,-7.72441,posto de abastecimento intermarche de vila real,intermarché,quinta do lameirão,"1,959 €",2026-05-15_dgeg_postos_raw.csv,6b4e2edb6fa3fa06
2026-05-15,2026-05-15 14:31:32,2026-05-11 07:10:00,5c4fb737c75aeed6,5c4fb737c75aeed6_diesel_premium,POSTO DE ABASTECIMENTO INTERMARCHE DE VILA REAL,INTERMARCHÉ,diesel_premium,Gasóleo especial,Outro,1.979,Vila Real,Vila Real,Quinta do Lameirão,Vila Real,5000-046,41.3102,-7.72441,posto de abastecimento intermarche de vila real,intermarché,quinta do lameirão,"1,979 €",2026-05-15_dgeg_postos_raw.csv,97d0c198dd92720c
2026-05-15,2026-05-15 14:31:32,2026-05-11 07:10:00,5c4fb737c75aeed6,5c4fb737c75aeed6_gasoline_95,POSTO DE ABASTECIMENTO INTERMARCHE DE VILA REAL,INTERMARCHÉ,gasoline_95,Gasolina simples 95,Outro,1.939,Vila Real,Vila Real,Quinta do Lameirão,Vila Real,5000-046,41.3102,-7.72441,posto de abastecimento intermarche de vila real,intermarché,quinta do lameirão,"1,939 €",2026-05-15_dgeg_postos_raw.csv,11bad3ce09b74add
2026-05-15,2026-05-15 14:31:32,2026-05-11 07:10:00,ea99a240c309d879,ea99a240c309d879_diesel_regular,"OLIVEIROIL - Combustíveis e Lubrificantes, Lda.   (GUI Monte Redondo)",GALP,diesel_regular,Gasóleo simples,Outro,2.063,Leiria,Leiria,Estrada nacional 109 Edificio 63 Montijos,Montijos,2425-618,39.880405,-8.837959,"oliveiroil - combustíveis e lubrificantes, lda. (gui monte redondo)",galp,estrada nacional 109 edificio 63 montijos,"2,063 €",2026-05-15_dgeg_postos_raw.csv,c586036a13b6922b
2026-05-15,2026-05-15 14:31:32,2026-05-11 07:10:00,ea99a240c309d879,ea99a240c309d879_gasoline_95,"OLIVEIROIL - Combustíveis e Lubrificantes, Lda.   (GUI Monte Redondo)",GALP,gasoline_95,Gasolina simples 95,Outro,2.059,Leiria,Leiria,Estrada nacional 109 Edificio 63 Montijos,Montijos,2425-618,39.880405,-8.837959,"oliveiroil - combustíveis e lubrificantes, lda. (gui monte redondo)",galp,estrada nacional 109 edificio 63 montijos,"2,059 €",2026-05-15_dgeg_postos_raw.csv,995d94d062f688ab
2026-05-15,2026-05-15 14:31:32,2026-05-11 07:15:00,c069d157b4645b6d,c069d157b4645b6d_diesel_premium,E.LECLERC Chaves,LECLERC,diesel_premium,Gasóleo especial,Outro,1.999,Chaves,Vila Real,Rotunda Raio X,Chaves,5400-011,41.7332,-7.46877,e.leclerc chaves,leclerc,rotunda raio x,"1,999 €",2026-05-15_dgeg_postos_raw.csv,0f9c0549d97a7918
2026-05-15,2026-05-15 14:31:32,2026-05-11 07:15:00,c069d157b4645b6d,c069d157b4645b6d_diesel_regular,E.LECLERC Chaves,LECLERC,diesel_regular,Gasóleo simples,Outro,1.948,Chaves,Vila Real,Rotunda Raio X,Chaves,5400-011,41.7332,-7.46877,e.leclerc chaves,leclerc,rotunda raio x,"1,948 €",2026-05-15_dgeg_postos_raw.csv,810397d8e93dae54
2026-05-15,2026-05-15 14:31:32,2026-05-11 07:15:00,c069d157b4645b6d,c069d157b4645b6d_gasoline_95,E.LECLERC Chaves,LECLERC,gasoline_95,Gasolina simples 95,Outro,1.952,Chaves,Vila Real,Rotunda Raio X,Chaves,5400-011,41.7332,-7.46877,e.leclerc chaves,leclerc,rotunda raio x,"1,952 €",2026-05-15_dgeg_postos_raw.csv,3742f82f90d7a869
2026-05-15,2026-05-15 14:31:32,2026-05-11 07:15:00,27dbfdd2b541dbdd,27dbfdd2b541dbdd_diesel_premium,Moeve Palmela -  Quinta da Torre,MOEVE,diesel_premium,Gasóleo especial,Outro,1.926,Palmela,Setúbal,Rua Quinta da Torre nº 91,Vila Amélia,2950-805,38.577656,-9.014655,moeve palmela - quinta da torre,moeve,rua quinta da torre nº 91,"1,926 €",2026-05-15_dgeg_postos_raw.csv,2286c40343175703
2026-05-15,2026-05-15 14:31:32,2026-05-11 07:15:00,27dbfdd2b541dbdd,27dbfdd2b541dbdd_diesel_regular,Moeve Palmela -  Quinta da Torre,MOEVE,diesel_regular,Gasóleo simples,Outro,1.876,Palmela,Setúbal,Rua Quinta da Torre nº 91,Vila Amélia,2950-805,38.577656,-9.014655,moeve palmela - quinta da torre,moeve,rua quinta da torre nº 91,"1,876 €",2026-05-15_dgeg_postos_raw.csv,fab9ba19df93fc5f
2026-05-15,2026-05-15 14:31:32,2026-05-11 07:15:00,27dbfdd2b541dbdd,27dbfdd2b541dbdd_gasoline_95,Moeve Palmela -  Quinta da Torre,MOEVE,gasoline_95,Gasolina simples 95,Outro,1.868,Palmela,Setúbal,Rua Quinta da Torre nº 91,Vila Amélia,2950-805,38.577656,-9.014655,moeve palmela - quinta da torre,moeve,rua quinta da torre nº 91,"1,868 €",2026-05-15_dgeg_postos_raw.csv,1383b49136e751e9
2026-05-15,2026-05-15 14:31:32,2026-05-11 07:20:00,aad2590d3b7a0e65,aad2590d3b7a0e65_diesel_regular,ASOTA-EXP.A.S.COMB.LUB.OTA LDA,GALP,diesel_regular,Gasóleo simples,Outro,2.055,Alenquer,Lisboa,IC2 Km 41 - Ota,Ota,2580-243,39.09391,-8.99221,asota-exp.a.s.comb.lub.ota lda,galp,ic2 km 41 - ota,"2,055 €",2026-05-15_dgeg_postos_raw.csv,d2c8fb3cb4d9c315
2026-05-15,2026-05-15 14:31:32,2026-05-11 07:20:00,aad2590d3b7a0e65,aad2590d3b7a0e65_diesel_premium,ASOTA-EXP.A.S.COMB.LUB.OTA LDA,GALP,diesel_premium,Gasóleo especial,Outro,2.105,Alenquer,Lisboa,IC2 Km 41 - Ota,Ota,2580-243,39.09391,-8.99221,asota-exp.a.s.comb.lub.ota lda,galp,ic2 km 41 - ota,"2,105 €",2026-05-15_dgeg_postos_raw.csv,38c4460e3fc5ec39
2026-05-15,2026-05-15 14:31:32,2026-05-11 07:20:00,aad2590d3b7a0e65,aad2590d3b7a0e65_gasoline_95,ASOTA-EXP.A.S.COMB.LUB.OTA LDA,GALP,gasoline_95,Gasolina simples 95,Outro,2.051,Alenquer,Lisboa,IC2 Km 41 - Ota,Ota,2580-243,39.09391,-8.99221,asota-exp.a.s.comb.lub.ota lda,galp,ic2 km 41 - ota,"2,051 €",2026-05-15_dgeg_postos_raw.csv,35f76443422460d6
2026-05-15,2026-05-15 14:31:32,2026-05-11 07:20:00,f39ca2f1f7015bca,f39ca2f1f7015bca_diesel_regular,"ANTONIO LEITE OLIVEIRA & FILHAS, LDA.",BP,diesel_regular,Gasóleo simples,Outro,2.044,Guimarães,Braga,Rua Nª Srª da Penha nº 780,Guimarães,4810-233,41.45297,-8.276314,"antonio leite oliveira & filhas, lda.",bp,rua nª srª da penha nº 780,"2,044 €",2026-05-15_dgeg_postos_raw.csv,3cf99276e0a6e7bd
2026-05-15,2026-05-15 14:31:32,2026-05-11 07:20:00,f39ca2f1f7015bca,f39ca2f1f7015bca_diesel_premium,"ANTONIO LEITE OLIVEIRA & FILHAS, LDA.",BP,diesel_premium,Gasóleo especial,Outro,2.224,Guimarães,Braga,Rua Nª Srª da Penha nº 780,Guimarães,4810-233,41.45297,-8.276314,"antonio leite oliveira & filhas, lda.",bp,rua nª srª da penha nº 780,"2,224 €",2026-05-15_dgeg_postos_raw.csv,51f55dae9213d90a
2026-05-15,2026-05-15 14:31:32,2026-05-11 07:20:00,f39ca2f1f7015bca,f39ca2f1f7015bca_gasoline_95,"ANTONIO LEITE OLIVEIRA & FILHAS, LDA.",BP,gasoline_95,Gasolina simples 95,Outro,2.039,Guimarães,Braga,Rua Nª Srª da Penha nº 780,Guimarães,4810-233,41.45297,-8.276314,"antonio leite oliveira & filhas, lda.",bp,rua nª srª da penha nº 780,"2,039 €",2026-05-15_dgeg_postos_raw.csv,c74d6bd875dd8166
2026-05-15,2026-05-15 14:31:32,2026-05-11 07:20:00,f39ca2f1f7015bca,f39ca2f1f7015bca_gasoline_98,"ANTONIO LEITE OLIVEIRA & FILHAS, LDA.",BP,gasoline_98,Gasolina especial 98,Outro,2.299,Guimarães,Braga,Rua Nª Srª da Penha nº 780,Guimarães,4810-233,41.45297,-8.276314,"antonio leite oliveira & filhas, lda.",bp,rua nª srª da penha nº 780,"2,299 €",2026-05-15_dgeg_postos_raw.csv,ad826d46c1b171b2
2026-05-15,2026-05-15 14:31:32,2026-05-11 07:20:00,bef5e4c1c3395bec,bef5e4c1c3395bec_diesel_regular,COIMBRA I,MOEVE,diesel_regular,Gasóleo simples,Outro,1.986,Coimbra,Coimbra,AV. GUARDA INGLESA,Coimbra,3040-193,40.21039,-8.439548,coimbra i,moeve,av. guarda inglesa,"1,986 €",2026-05-15_dgeg_postos_raw.csv,008738e83ef30da3
2026-05-15,2026-05-15 14:31:32,2026-05-11 07:20:00,bef5e4c1c3395bec,bef5e4c1c3395bec_diesel_premium,COIMBRA I,MOEVE,diesel_premium,Gasóleo especial,Outro,2.036,Coimbra,Coimbra,AV. GUARDA INGLESA,Coimbra,3040-193,40.21039,-8.439548,coimbra i,moeve,av. guarda inglesa,"2,036 €",2026-05-15_dgeg_postos_raw.csv,cc8e83ff840c0081
2026-05-15,2026-05-15 14:31:32,2026-05-11 07:20:00,bef5e4c1c3395bec,bef5e4c1c3395bec_gasoline_95,COIMBRA I,MOEVE,gasoline_95,Gasolina simples 95,Outro,1.978,Coimbra,Coimbra,AV. GUARDA INGLESA,Coimbra,3040-193,40.21039,-8.439548,coimbra i,moeve,av. guarda inglesa,"1,978 €",2026-05-15_dgeg_postos_raw.csv,05d8d40df95a5da7
2026-05-15,2026-05-15 14:31:32,2026-05-11 07:20:00,f845a07588b17d17,f845a07588b17d17_diesel_regular,FAMALICÃO - AV. BRASIL,BP,diesel_regular,Gasóleo simples,Outro,2.044,Vila Nova de Famalicão,Braga,Av. do Brasil,Vila Nova de Famalicão,4760-010,41.410855,-8.513199,famalicão - av. brasil,bp,av. do brasil,"2,044 €",2026-05-15_dgeg_postos_raw.csv,f9e4d944a9817958
2026-05-15,2026-05-15 14:31:32,2026-05-11 07:20:00,f845a07588b17d17,f845a07588b17d17_diesel_premium,FAMALICÃO - AV. BRASIL,BP,diesel_premium,Gasóleo especial,Outro,2.224,Vila Nova de Famalicão,Braga,Av. do Brasil,Vila Nova de Famalicão,4760-010,41.410855,-8.513199,famalicão - av. brasil,bp,av. do brasil,"2,224 €",2026-05-15_dgeg_postos_raw.csv,e538f2e797db9d3b
2026-05-15,2026-05-15 14:31:32,2026-05-11 07:20:00,f845a07588b17d17,f845a07588b17d17_gasoline_95,FAMALICÃO - AV. BRASIL,BP,gasoline_95,Gasolina simples 95,Outro,2.039,Vila Nova de Famalicão,Braga,Av. do Brasil,Vila Nova de Famalicão,4760-010,41.410855,-8.513199,famalicão - av. brasil,bp,av. do brasil,"2,039 €",2026-05-15_dgeg_postos_raw.csv,943178181bfce531
2026-05-15,2026-05-15 14:31:32,2026-05-11 07:20:00,f845a07588b17d17,f845a07588b17d17_gasoline_98,FAMALICÃO - AV. BRASIL,BP,gasoline_98,Gasolina especial 98,Outro,2.299,Vila Nova de Famalicão,Braga,Av. do Brasil,Vila Nova de Famalicão,4760-010,41.410855,-8.513199,famalicão - av. brasil,bp,av. do brasil,"2,299 €",2026-05-15_dgeg_postos_raw.csv,fb0d4cdacf934c62
2026-05-15,2026-05-15 14:31:32,2026-05-11 07:25:00,03efbf54a901d76b,03efbf54a901d76b_diesel_regular,E.S. MARES A,REPSOL,diesel_regular,Gasóleo simples,Outro,2.029,Alenquer,Lisboa,IC 2 Km 48 MARES,Abrigada,2580-067,39.155381,-8.995561,e.s. mares a,repsol,ic 2 km 48 mares,"2,029 €",2026-05-15_dgeg_postos_raw.csv,4bd5f63e3b23c33d
2026-05-15,2026-05-15 14:31:32,2026-05-11 07:25:00,03efbf54a901d76b,03efbf54a901d76b_diesel_premium,E.S. MARES A,REPSOL,diesel_premium,Gasóleo especial,Outro,2.089,Alenquer,Lisboa,IC 2 Km 48 MARES,Abrigada,2580-067,39.155381,-8.995561,e.s. mares a,repsol,ic 2 km 48 mares,"2,089 €",2026-05-15_dgeg_postos_raw.csv,0e6f7b36dfe4d2bd
2026-05-15,2026-05-15 14:31:32,2026-05-11 07:25:00,03efbf54a901d76b,03efbf54a901d76b_gasoline_95,E.S. MARES A,REPSOL,gasoline_95,Gasolina simples 95,Outro,2.027,Alenquer,Lisboa,IC 2 Km 48 MARES,Abrigada,2580-067,39.155381,-8.995561,e.s. mares a,repsol,ic 2 km 48 mares,"2,027 €",2026-05-15_dgeg_postos_raw.csv,78b1812e41a37211
2026-05-15,2026-05-15 14:31:32,2026-05-11 07:25:00,3f64fedb3ee417f9,3f64fedb3ee417f9_diesel_regular,E.S. MARES B,REPSOL,diesel_regular,Gasóleo simples,Outro,2.029,Alenquer,Lisboa,IC 2 Km 48 MARES,Abrigada,2580-067,39.15525,-8.995161,e.s. mares b,repsol,ic 2 km 48 mares,"2,029 €",2026-05-15_dgeg_postos_raw.csv,8ef308c0396ef6e9
2026-05-15,2026-05-15 14:31:32,2026-05-11 07:25:00,3f64fedb3ee417f9,3f64fedb3ee417f9_gasoline_95,E.S. MARES B,REPSOL,gasoline_95,Gasolina simples 95,Outro,2.027,Alenquer,Lisboa,IC 2 Km 48 MARES,Abrigada,2580-067,39.15525,-8.995161,e.s. mares b,repsol,ic 2 km 48 mares,"2,027 €",2026-05-15_dgeg_postos_raw.csv,edfe896480f5189f
2026-05-15,2026-05-15 14:31:32,2026-05-11 07:25:00,9209a302e1f7ce03,9209a302e1f7ce03_diesel_premium,PA Nespereira,FREITAS,diesel_premium,Gasóleo especial,Outro,2.089,Cinfães,Viseu,"Largo Francisco Sá CarneiroN225 65, 4690, Portugal",S.bras Vila chá Lugar da Cruz,4690-343,41.005608,-8.186789,pa nespereira,freitas,"largo francisco sá carneiron225 65, 4690, portugal","2,089 €",2026-05-15_dgeg_postos_raw.csv,b4ad7caee7989819
2026-05-15,2026-05-15 14:31:32,2026-05-11 07:25:00,9209a302e1f7ce03,9209a302e1f7ce03_diesel_regular,PA Nespereira,FREITAS,diesel_regular,Gasóleo simples,Outro,2.056,Cinfães,Viseu,"Largo Francisco Sá CarneiroN225 65, 4690, Portugal",S.bras Vila chá Lugar da Cruz,4690-343,41.005608,-8.186789,pa nespereira,freitas,"largo francisco sá carneiron225 65, 4690, portugal","2,056 €",2026-05-15_dgeg_postos_raw.csv,f10ec00b92bcecf0
2026-05-15,2026-05-15 14:31:32,2026-05-11 07:25:00,9209a302e1f7ce03,9209a302e1f7ce03_gasoline_95,PA Nespereira,FREITAS,gasoline_95,Gasolina simples 95,Outro,2.059,Cinfães,Viseu,"Largo Francisco Sá CarneiroN225 65, 4690, Portugal",S.bras Vila chá Lugar da Cruz,4690-343,41.005608,-8.186789,pa nespereira,freitas,"largo francisco sá carneiron225 65, 4690, portugal","2,059 €",2026-05-15_dgeg_postos_raw.csv,5e6b93294858de75
2026-05-15,2026-05-15 14:31:32,2026-05-11 07:30:00,53a371412db95279,53a371412db95279_diesel_premium,E. LECLERC SANTARÉM,LECLERC,diesel_premium,Gasóleo especial,Outro,1.918,Santarém,Santarém,Quinta do Mergulhão,São Nicolau,2005-071,39.246939,-8.693825,e. leclerc santarém,leclerc,quinta do mergulhão,"1,918 €",2026-05-15_dgeg_postos_raw.csv,5022f113e7798ffc
2026-05-15,2026-05-15 14:31:32,2026-05-11 07:30:00,53a371412db95279,53a371412db95279_diesel_regular,E. LECLERC SANTARÉM,LECLERC,diesel_regular,Gasóleo simples,Outro,1.888,Santarém,Santarém,Quinta do Mergulhão,São Nicolau,2005-071,39.246939,-8.693825,e. leclerc santarém,leclerc,quinta do mergulhão,"1,888 €",2026-05-15_dgeg_postos_raw.csv,2ee296e1850bb6d5
2026-05-15,2026-05-15 14:31:32,2026-05-11 07:30:00,53a371412db95279,53a371412db95279_gasoline_95,E. LECLERC SANTARÉM,LECLERC,gasoline_95,Gasolina simples 95,Outro,1.888,Santarém,Santarém,Quinta do Mergulhão,São Nicolau,2005-071,39.246939,-8.693825,e. leclerc santarém,leclerc,quinta do mergulhão,"1,888 €",2026-05-15_dgeg_postos_raw.csv,a32242d6f3835739
2026-05-15,2026-05-15 14:31:32,2026-05-11 07:30:00,52cabdb711602115,52cabdb711602115_diesel_regular,MAIA - R. AUGUSTO SIMÕES,BP,diesel_regular,Gasóleo simples,Outro,2.064,Maia,Porto,Rua Augusto Simões nº 550,Maia - Catassol,4470-147,41.225713,-8.615545,maia - r. augusto simões,bp,rua augusto simões nº 550,"2,064 €",2026-05-15_dgeg_postos_raw.csv,f5b75af969b55acc
2026-05-15,2026-05-15 14:31:32,2026-05-11 07:30:00,52cabdb711602115,52cabdb711602115_gasoline_95,MAIA - R. AUGUSTO SIMÕES,BP,gasoline_95,Gasolina simples 95,Outro,2.059,Maia,Porto,Rua Augusto Simões nº 550,Maia - Catassol,4470-147,41.225713,-8.615545,maia - r. augusto simões,bp,rua augusto simões nº 550,"2,059 €",2026-05-15_dgeg_postos_raw.csv,d5db3ea1623b29a4
2026-05-15,2026-05-15 14:31:32,2026-05-11 07:30:00,e05995bf01aa3f41,e05995bf01aa3f41_diesel_regular,Intermarché Porto de Mós,INTERMARCHÉ,diesel_regular,Gasóleo simples,Outro,1.919,Porto de Mós,Leiria,Av. de São Pedro,Porto de Mós,2480-303,39.59912,-8.82408,intermarché porto de mós,intermarché,av. de são pedro,"1,919 €",2026-05-15_dgeg_postos_raw.csv,ff6eb706f6164472
2026-05-15,2026-05-15 14:31:32,2026-05-11 07:30:00,e05995bf01aa3f41,e05995bf01aa3f41_diesel_premium,Intermarché Porto de Mós,INTERMARCHÉ,diesel_premium,Gasóleo especial,Outro,1.959,Porto de Mós,Leiria,Av. de São Pedro,Porto de Mós,2480-303,39.59912,-8.82408,intermarché porto de mós,intermarché,av. de são pedro,"1,959 €",2026-05-15_dgeg_postos_raw.csv,a010c1992b030cb3
2026-05-15,2026-05-15 14:31:32,2026-05-11 07:30:00,e05995bf01aa3f41,e05995bf01aa3f41_gasoline_95,Intermarché Porto de Mós,INTERMARCHÉ,gasoline_95,Gasolina simples 95,Outro,1.919,Porto de Mós,Leiria,Av. de São Pedro,Porto de Mós,2480-303,39.59912,-8.82408,intermarché porto de mós,intermarché,av. de são pedro,"1,919 €",2026-05-15_dgeg_postos_raw.csv,f4e1871fd8efdc57
2026-05-15,2026-05-15 14:31:32,2026-05-11 07:30:00,3e2329746ba1378f,3e2329746ba1378f_diesel_regular,galp baiao,GALP,diesel_regular,Gasóleo simples,Outro,2.055,Baião,Porto,"R. de Camões, 60",campelo,4640-147,41.15734,-8.03756,galp baiao,galp,"r. de camões, 60","2,055 €",2026-05-15_dgeg_postos_raw.csv,f965c93de304efa4
2026-05-15,2026-05-15 14:31:32,2026-05-11 07:30:00,3e2329746ba1378f,3e2329746ba1378f_diesel_premium,galp baiao,GALP,diesel_premium,Gasóleo especial,Outro,2.105,Baião,Porto,"R. de Camões, 60",campelo,4640-147,41.15734,-8.03756,galp baiao,galp,"r. de camões, 60","2,105 €",2026-05-15_dgeg_postos_raw.csv,b103ae5f4d765ca3
2026-05-15,2026-05-15 14:31:32,2026-05-11 07:30:00,3e2329746ba1378f,3e2329746ba1378f_gasoline_95,galp baiao,GALP,gasoline_95,Gasolina simples 95,Outro,2.051,Baião,Porto,"R. de Camões, 60",campelo,4640-147,41.15734,-8.03756,galp baiao,galp,"r. de camões, 60","2,051 €",2026-05-15_dgeg_postos_raw.csv,858196e0e1ad829f
2026-05-15,2026-05-15 14:31:32,2026-05-11 07:30:00,3e2329746ba1378f,3e2329746ba1378f_gasoline_98,galp baiao,GALP,gasoline_98,Gasolina especial 98,Outro,2.261,Baião,Porto,"R. de Camões, 60",campelo,4640-147,41.15734,-8.03756,galp baiao,galp,"r. de camões, 60","2,261 €",2026-05-15_dgeg_postos_raw.csv,1c3e7331d10db2ca
2026-05-15,2026-05-15 14:31:32,2026-05-11 07:30:00,ee911139cf5fca9a,ee911139cf5fca9a_diesel_regular,Petromoura,Genérico,diesel_regular,Gasóleo simples,Outro,2.079,Moura,Beja,"RUA ENG. ALMEIDA MANSOS, LOTE 1",Moura,7860-004,38.138897,-7.445416,petromoura,genérico,"rua eng. almeida mansos, lote 1","2,079 €",2026-05-15_dgeg_postos_raw.csv,c0f80aec76a6dc59
2026-05-15,2026-05-15 14:31:32,2026-05-11 07:30:00,ee911139cf5fca9a,ee911139cf5fca9a_diesel_premium,Petromoura,Genérico,diesel_premium,Gasóleo especial,Outro,2.149,Moura,Beja,"RUA ENG. ALMEIDA MANSOS, LOTE 1",Moura,7860-004,38.138897,-7.445416,petromoura,genérico,"rua eng. almeida mansos, lote 1","2,149 €",2026-05-15_dgeg_postos_raw.csv,aa39b5d865686ce5
2026-05-15,2026-05-15 14:31:32,2026-05-11 07:30:00,ee911139cf5fca9a,ee911139cf5fca9a_gasoline_95,Petromoura,Genérico,gasoline_95,Gasolina simples 95,Outro,2.067,Moura,Beja,"RUA ENG. ALMEIDA MANSOS, LOTE 1",Moura,7860-004,38.138897,-7.445416,petromoura,genérico,"rua eng. almeida mansos, lote 1","2,067 €",2026-05-15_dgeg_postos_raw.csv,03bf699d8a03a272
2026-05-15,2026-05-15 14:31:32,2026-05-11 07:30:00,52cabdb711602115,52cabdb711602115_diesel_premium,MAIA - R. AUGUSTO SIMÕES,BP,diesel_premium,Gasóleo especial,Outro,2.224,Maia,Porto,Rua Augusto Simões nº 550,Maia - Catassol,4470-147,41.225713,-8.615545,maia - r. augusto simões,bp,rua augusto simões nº 550,"2,224 €",2026-05-15_dgeg_postos_raw.csv,708ef2c1daa7a07b
2026-05-15,2026-05-15 14:31:32,2026-05-11 07:30:00,52cabdb711602115,52cabdb711602115_gasoline_98,MAIA - R. AUGUSTO SIMÕES,BP,gasoline_98,Gasolina especial 98,Outro,2.299,Maia,Porto,Rua Augusto Simões nº 550,Maia - Catassol,4470-147,41.225713,-8.615545,maia - r. augusto simões,bp,rua augusto simões nº 550,"2,299 €",2026-05-15_dgeg_postos_raw.csv,b61bdbd332d5ed05
2026-05-15,2026-05-15 14:31:32,2026-05-11 07:40:00,8883cab5d56ee38f,8883cab5d56ee38f_diesel_regular,Petrofregim Espinheiro,PRIO,diesel_regular,Gasóleo simples,Outro,2.089,Amarante,Porto,Lugar de Espinheiro,Candemil,4600-551,41.26066,-7.96948,petrofregim espinheiro,prio,lugar de espinheiro,"2,089 €",2026-05-15_dgeg_postos_raw.csv,cd4b2521d937e2e5
2026-05-15,2026-05-15 14:31:32,2026-05-11 07:40:00,8883cab5d56ee38f,8883cab5d56ee38f_diesel_premium,Petrofregim Espinheiro,PRIO,diesel_premium,Gasóleo especial,Outro,2.059,Amarante,Porto,Lugar de Espinheiro,Candemil,4600-551,41.26066,-7.96948,petrofregim espinheiro,prio,lugar de espinheiro,"2,059 €",2026-05-15_dgeg_postos_raw.csv,43e5fabc9b3a008f
2026-05-15,2026-05-15 14:31:32,2026-05-11 07:40:00,8883cab5d56ee38f,8883cab5d56ee38f_gasoline_95,Petrofregim Espinheiro,PRIO,gasoline_95,Gasolina simples 95,Outro,2.084,Amarante,Porto,Lugar de Espinheiro,Candemil,4600-551,41.26066,-7.96948,petrofregim espinheiro,prio,lugar de espinheiro,"2,084 €",2026-05-15_dgeg_postos_raw.csv,a89735b94773a745
2026-05-15,2026-05-15 14:31:32,2026-05-11 07:40:00,7e804f1262eb137b,7e804f1262eb137b_gasoline_95,Cooperativa Agrícola de Esposende CRL,Genérico,gasoline_95,Gasolina simples 95,Outro,1.989,Esposende,Braga,"Avenida Comendador Francisco Alves Quintas, 1478",Esposende,4740-289,41.531788,-8.773096,cooperativa agrícola de esposende crl,genérico,"avenida comendador francisco alves quintas, 1478","1,989 €",2026-05-15_dgeg_postos_raw.csv,b80d28bf288420e1
2026-05-15,2026-05-15 14:31:32,2026-05-11 07:40:00,7e804f1262eb137b,7e804f1262eb137b_diesel_premium,Cooperativa Agrícola de Esposende CRL,Genérico,diesel_premium,Gasóleo especial,Outro,2.049,Esposende,Braga,"Avenida Comendador Francisco Alves Quintas, 1478",Esposende,4740-289,41.531788,-8.773096,cooperativa agrícola de esposende crl,genérico,"avenida comendador francisco alves quintas, 1478","2,049 €",2026-05-15_dgeg_postos_raw.csv,7dcba6528d2c0e0d
2026-05-15,2026-05-15 14:31:32,2026-05-11 07:40:00,7e804f1262eb137b,7e804f1262eb137b_diesel_regular,Cooperativa Agrícola de Esposende CRL,Genérico,diesel_regular,Gasóleo simples,Outro,2.019,Esposende,Braga,"Avenida Comendador Francisco Alves Quintas, 1478",Esposende,4740-289,41.531788,-8.773096,cooperativa agrícola de esposende crl,genérico,"avenida comendador francisco alves quintas, 1478","2,019 €",2026-05-15_dgeg_postos_raw.csv,8392c8f797039e43
2026-05-15,2026-05-15 14:31:32,2026-05-11 07:40:00,23703b93945aaf82,23703b93945aaf82_diesel_regular,Cooperativa Agricola Esposende CRL - Secção Horticola,Genérico,diesel_regular,Gasóleo simples,Outro,2.049,Esposende,Braga,Rua da Cooperativa,Sanfins,4740-165,41.588642,-8.793569,cooperativa agricola esposende crl - secção horticola,genérico,rua da cooperativa,"2,049 €",2026-05-15_dgeg_postos_raw.csv,128a80a564a4ddc2
2026-05-15,2026-05-15 14:31:32,2026-05-11 07:45:00,35d8d9ed9a6a4d8e,35d8d9ed9a6a4d8e_diesel_regular,Intermarché São Miguel de Paredes,INTERMARCHÉ,diesel_regular,Gasóleo simples,Outro,1.918,Penafiel,Porto,"Avenida são Miguel EN106, kM35",Termas de são Vicente,4575-304,41.12616,-8.29413,intermarché são miguel de paredes,intermarché,"avenida são miguel en106, km35","1,918 €",2026-05-15_dgeg_postos_raw.csv,bb17b5f4d362d7f1
2026-05-15,2026-05-15 14:31:32,2026-05-11 07:45:00,35d8d9ed9a6a4d8e,35d8d9ed9a6a4d8e_diesel_premium,Intermarché São Miguel de Paredes,INTERMARCHÉ,diesel_premium,Gasóleo especial,Outro,1.958,Penafiel,Porto,"Avenida são Miguel EN106, kM35",Termas de são Vicente,4575-304,41.12616,-8.29413,intermarché são miguel de paredes,intermarché,"avenida são miguel en106, km35","1,958 €",2026-05-15_dgeg_postos_raw.csv,99d83b3a5129b598
2026-05-15,2026-05-15 14:31:32,2026-05-11 07:45:00,35d8d9ed9a6a4d8e,35d8d9ed9a6a4d8e_gasoline_95,Intermarché São Miguel de Paredes,INTERMARCHÉ,gasoline_95,Gasolina simples 95,Outro,1.935,Penafiel,Porto,"Avenida são Miguel EN106, kM35",Termas de são Vicente,4575-304,41.12616,-8.29413,intermarché são miguel de paredes,intermarché,"avenida são miguel en106, km35","1,935 €",2026-05-15_dgeg_postos_raw.csv,cfcf16c03edef458
2026-05-15,2026-05-15 14:31:32,2026-05-11 07:50:00,978e5e9e2265ae36,978e5e9e2265ae36_diesel_regular,Intermarché Arganil,INTERMARCHÉ,diesel_regular,Gasóleo simples,Outro,1.909,Arganil,Coimbra,Lugar da BarrocaEM 523,Arganil,3300-109,40.220066,-8.061898,intermarché arganil,intermarché,lugar da barrocaem 523,"1,909 €",2026-05-15_dgeg_postos_raw.csv,dff114f3a0b87c74
2026-05-15,2026-05-15 14:31:32,2026-05-11 07:50:00,978e5e9e2265ae36,978e5e9e2265ae36_diesel_premium,Intermarché Arganil,INTERMARCHÉ,diesel_premium,Gasóleo especial,Outro,1.969,Arganil,Coimbra,Lugar da BarrocaEM 523,Arganil,3300-109,40.220066,-8.061898,intermarché arganil,intermarché,lugar da barrocaem 523,"1,969 €",2026-05-15_dgeg_postos_raw.csv,cc2126040d3b1b65
2026-05-15,2026-05-15 14:31:32,2026-05-11 07:50:00,978e5e9e2265ae36,978e5e9e2265ae36_gasoline_95,Intermarché Arganil,INTERMARCHÉ,gasoline_95,Gasolina simples 95,Outro,1.899,Arganil,Coimbra,Lugar da BarrocaEM 523,Arganil,3300-109,40.220066,-8.061898,intermarché arganil,intermarché,lugar da barrocaem 523,"1,899 €",2026-05-15_dgeg_postos_raw.csv,2a81fbf82931cc58
2026-05-15,2026-05-15 14:31:32,2026-05-11 07:50:00,65d4b327fda1ee31,65d4b327fda1ee31_diesel_premium,MOEVE Mirandela ZI,CEPSA,diesel_premium,Gasóleo especial,Outro,2.036,Mirandela,Bragança,Avª São João (Variante dos Castanheiros) Lugar do Prado - Zona Industrial,Mirandela,5370-179,41.49203,-7.169556,moeve mirandela zi,cepsa,avª são joão (variante dos castanheiros) lugar do prado - zona industrial,"2,036 €",2026-05-15_dgeg_postos_raw.csv,fb5bebdcf672f6d0
2026-05-15,2026-05-15 14:31:32,2026-05-11 07:50:00,65d4b327fda1ee31,65d4b327fda1ee31_diesel_regular,MOEVE Mirandela ZI,CEPSA,diesel_regular,Gasóleo simples,Outro,1.986,Mirandela,Bragança,Avª São João (Variante dos Castanheiros) Lugar do Prado - Zona Industrial,Mirandela,5370-179,41.49203,-7.169556,moeve mirandela zi,cepsa,avª são joão (variante dos castanheiros) lugar do prado - zona industrial,"1,986 €",2026-05-15_dgeg_postos_raw.csv,5e61a7d4417d168c
2026-05-15,2026-05-15 14:31:32,2026-05-11 07:50:00,65d4b327fda1ee31,65d4b327fda1ee31_gasoline_98,MOEVE Mirandela ZI,CEPSA,gasoline_98,Gasolina especial 98,Outro,2.19,Mirandela,Bragança,Avª São João (Variante dos Castanheiros) Lugar do Prado - Zona Industrial,Mirandela,5370-179,41.49203,-7.169556,moeve mirandela zi,cepsa,avª são joão (variante dos castanheiros) lugar do prado - zona industrial,"2,190 €",2026-05-15_dgeg_postos_raw.csv,8dbba53bb65051e5
2026-05-15,2026-05-15 14:31:32,2026-05-11 07:50:00,65d4b327fda1ee31,65d4b327fda1ee31_gasoline_95,MOEVE Mirandela ZI,CEPSA,gasoline_95,Gasolina simples 95,Outro,1.978,Mirandela,Bragança,Avª São João (Variante dos Castanheiros) Lugar do Prado - Zona Industrial,Mirandela,5370-179,41.49203,-7.169556,moeve mirandela zi,cepsa,avª são joão (variante dos castanheiros) lugar do prado - zona industrial,"1,978 €",2026-05-15_dgeg_postos_raw.csv,91361f0d4a25c759
2026-05-15,2026-05-15 14:31:32,2026-05-11 07:50:00,6502eaadd9395a63,6502eaadd9395a63_diesel_premium,Moeve Bragança I - Cantarias,Genérico,diesel_premium,Gasóleo especial,Outro,2.036,Bragança,Bragança,"Av. das Cantarias, n.º 97",Bragança,5300-107,41.786457,-6.774001,moeve bragança i - cantarias,genérico,"av. das cantarias, n.º 97","2,036 €",2026-05-15_dgeg_postos_raw.csv,3f64e3c83a266305
2026-05-15,2026-05-15 14:31:32,2026-05-11 07:50:00,6502eaadd9395a63,6502eaadd9395a63_diesel_regular,Moeve Bragança I - Cantarias,Genérico,diesel_regular,Gasóleo simples,Outro,1.986,Bragança,Bragança,"Av. das Cantarias, n.º 97",Bragança,5300-107,41.786457,-6.774001,moeve bragança i - cantarias,genérico,"av. das cantarias, n.º 97","1,986 €",2026-05-15_dgeg_postos_raw.csv,b6a4739568c7e5da
2026-05-15,2026-05-15 14:31:32,2026-05-11 07:50:00,6502eaadd9395a63,6502eaadd9395a63_gasoline_95,Moeve Bragança I - Cantarias,Genérico,gasoline_95,Gasolina simples 95,Outro,1.978,Bragança,Bragança,"Av. das Cantarias, n.º 97",Bragança,5300-107,41.786457,-6.774001,moeve bragança i - cantarias,genérico,"av. das cantarias, n.º 97","1,978 €",2026-05-15_dgeg_postos_raw.csv,976efd714806488e
2026-05-15,2026-05-15 14:31:32,2026-05-11 07:50:00,6e5d2df4a1136685,6e5d2df4a1136685_diesel_regular,"Manuel & José de Carvalho,Lda",GALP,diesel_regular,Gasóleo simples,Outro,2.069,Alvito,Beja,"Largo Francisco Manuel Fialho,1",Vila Nova da Baronia,7920-355,38.289394,-8.037483,"manuel & josé de carvalho,lda",galp,"largo francisco manuel fialho,1","2,069 €",2026-05-15_dgeg_postos_raw.csv,b6d75bb3629f2667
2026-05-15,2026-05-15 14:31:32,2026-05-11 07:50:00,6e5d2df4a1136685,6e5d2df4a1136685_diesel_premium,"Manuel & José de Carvalho,Lda",GALP,diesel_premium,Gasóleo especial,Outro,2.089,Alvito,Beja,"Largo Francisco Manuel Fialho,1",Vila Nova da Baronia,7920-355,38.289394,-8.037483,"manuel & josé de carvalho,lda",galp,"largo francisco manuel fialho,1","2,089 €",2026-05-15_dgeg_postos_raw.csv,7dc9fda9e0b41d56
2026-05-15,2026-05-15 14:31:32,2026-05-11 07:50:00,6e5d2df4a1136685,6e5d2df4a1136685_gasoline_95,"Manuel & José de Carvalho,Lda",GALP,gasoline_95,Gasolina simples 95,Outro,2.062,Alvito,Beja,"Largo Francisco Manuel Fialho,1",Vila Nova da Baronia,7920-355,38.289394,-8.037483,"manuel & josé de carvalho,lda",galp,"largo francisco manuel fialho,1","2,062 €",2026-05-15_dgeg_postos_raw.csv,7ae32eb158eaa525
2026-05-15,2026-05-15 14:31:32,2026-05-11 07:50:00,6502eaadd9395a63,6502eaadd9395a63_gasoline_98,Moeve Bragança I - Cantarias,Genérico,gasoline_98,Gasolina especial 98,Outro,2.19,Bragança,Bragança,"Av. das Cantarias, n.º 97",Bragança,5300-107,41.786457,-6.774001,moeve bragança i - cantarias,genérico,"av. das cantarias, n.º 97","2,190 €",2026-05-15_dgeg_postos_raw.csv,c67230218d243f77
2026-05-15,2026-05-15 14:31:32,2026-05-11 07:50:00,8c2faca67982b08f,8c2faca67982b08f_diesel_regular,INTERMARCHÉ Tábua,INTERMARCHÉ,diesel_regular,Gasóleo simples,Outro,1.909,Tábua,Coimbra,Cova do Barro,Tábua,3420-427,40.364235,-8.024461,intermarché tábua,intermarché,cova do barro,"1,909 €",2026-05-15_dgeg_postos_raw.csv,65208ad98cc33685
2026-05-15,2026-05-15 14:31:32,2026-05-11 07:50:00,8c2faca67982b08f,8c2faca67982b08f_diesel_premium,INTERMARCHÉ Tábua,INTERMARCHÉ,diesel_premium,Gasóleo especial,Outro,1.969,Tábua,Coimbra,Cova do Barro,Tábua,3420-427,40.364235,-8.024461,intermarché tábua,intermarché,cova do barro,"1,969 €",2026-05-15_dgeg_postos_raw.csv,d7683e4beb00e35b
2026-05-15,2026-05-15 14:31:32,2026-05-11 07:50:00,8c2faca67982b08f,8c2faca67982b08f_gasoline_95,INTERMARCHÉ Tábua,INTERMARCHÉ,gasoline_95,Gasolina simples 95,Outro,1.899,Tábua,Coimbra,Cova do Barro,Tábua,3420-427,40.364235,-8.024461,intermarché tábua,intermarché,cova do barro,"1,899 €",2026-05-15_dgeg_postos_raw.csv,ab5b0730cd1584b5
2026-05-15,2026-05-15 14:31:32,2026-05-11 07:50:00,677875c92ecfbe0d,677875c92ecfbe0d_diesel_premium,"PETROCALDAS - COMÉRCIO DE COMBUSTÍVEIS, LDA.",PRIO,diesel_premium,Gasóleo especial,Outro,1.999,Caldas da Rainha,Leiria,"EN 360 Km 7, lugar da charneca",Lugar da Charneca -  Caldas da Raínha,2500-271,39.41426,-9.16625,"petrocaldas - comércio de combustíveis, lda.",prio,"en 360 km 7, lugar da charneca","1,999 €",2026-05-15_dgeg_postos_raw.csv,28aea77feb89e8c4
2026-05-15,2026-05-15 14:31:32,2026-05-11 07:50:00,677875c92ecfbe0d,677875c92ecfbe0d_gasoline_95,"PETROCALDAS - COMÉRCIO DE COMBUSTÍVEIS, LDA.",PRIO,gasoline_95,Gasolina simples 95,Outro,2.014,Caldas da Rainha,Leiria,"EN 360 Km 7, lugar da charneca",Lugar da Charneca -  Caldas da Raínha,2500-271,39.41426,-9.16625,"petrocaldas - comércio de combustíveis, lda.",prio,"en 360 km 7, lugar da charneca","2,014 €",2026-05-15_dgeg_postos_raw.csv,b93c14408eebf2e5
2026-05-15,2026-05-15 14:31:32,2026-05-11 07:50:00,661afcb42e06024a,661afcb42e06024a_diesel_regular,INTERMARCHÉ  DE BRAGA,INTERMARCHÉ,diesel_regular,Gasóleo simples,Outro,1.874,Braga,Braga,Rua da Mouta,Lomar,4705-180,41.53522,-8.4305,intermarché de braga,intermarché,rua da mouta,"1,874 €",2026-05-15_dgeg_postos_raw.csv,6c5e2d8b2d9a0cf6
2026-05-15,2026-05-15 14:31:32,2026-05-11 07:50:00,661afcb42e06024a,661afcb42e06024a_diesel_premium,INTERMARCHÉ  DE BRAGA,INTERMARCHÉ,diesel_premium,Gasóleo especial,Outro,1.894,Braga,Braga,Rua da Mouta,Lomar,4705-180,41.53522,-8.4305,intermarché de braga,intermarché,rua da mouta,"1,894 €",2026-05-15_dgeg_postos_raw.csv,631c8a4260cd2cfe
2026-05-15,2026-05-15 14:31:32,2026-05-11 07:50:00,661afcb42e06024a,661afcb42e06024a_gasoline_95,INTERMARCHÉ  DE BRAGA,INTERMARCHÉ,gasoline_95,Gasolina simples 95,Outro,1.864,Braga,Braga,Rua da Mouta,Lomar,4705-180,41.53522,-8.4305,intermarché de braga,intermarché,rua da mouta,"1,864 €",2026-05-15_dgeg_postos_raw.csv,4cd7bfd05eaeaa28
2026-05-15,2026-05-15 14:31:32,2026-05-11 07:55:00,e2f1807516080ec6,e2f1807516080ec6_diesel_premium,PRIO Meãs do Campo - Montemor-o-Velho,PRIO,diesel_premium,Gasóleo especial,Área comercial (Hipermercados),1.939,Montemor-o-Velho,Coimbra,"Rua Principal da Coutada, nº484",Coutada,3140-166,40.20639,-8.630816,prio meãs do campo - montemor-o-velho,prio,"rua principal da coutada, nº484","1,939 €",2026-05-15_dgeg_postos_raw.csv,44813597aca49887
2026-05-15,2026-05-15 14:31:32,2026-05-11 07:55:00,e2f1807516080ec6,e2f1807516080ec6_gasoline_95,PRIO Meãs do Campo - Montemor-o-Velho,PRIO,gasoline_95,Gasolina simples 95,Área comercial (Hipermercados),1.914,Montemor-o-Velho,Coimbra,"Rua Principal da Coutada, nº484",Coutada,3140-166,40.20639,-8.630816,prio meãs do campo - montemor-o-velho,prio,"rua principal da coutada, nº484","1,914 €",2026-05-15_dgeg_postos_raw.csv,719e3fbd8485ecca
2026-05-15,2026-05-15 14:31:32,2026-05-11 08:00:00,67707b07337f5853,67707b07337f5853_diesel_regular,"Alegrar o Ambiente, Lda.",GALP,diesel_regular,Gasóleo simples,Outro,2.028,Belmonte,Castelo Branco,"E. N. 18, Km 24,100 - Ginjal",Ginjal,6250-076,40.37086,-7.34567,"alegrar o ambiente, lda.",galp,"e. n. 18, km 24,100 - ginjal","2,028 €",2026-05-15_dgeg_postos_raw.csv,2cf244857b96e759
2026-05-15,2026-05-15 14:31:32,2026-05-11 08:00:00,67707b07337f5853,67707b07337f5853_diesel_premium,"Alegrar o Ambiente, Lda.",GALP,diesel_premium,Gasóleo especial,Outro,2.078,Belmonte,Castelo Branco,"E. N. 18, Km 24,100 - Ginjal",Ginjal,6250-076,40.37086,-7.34567,"alegrar o ambiente, lda.",galp,"e. n. 18, km 24,100 - ginjal","2,078 €",2026-05-15_dgeg_postos_raw.csv,b6523048e7547a27
2026-05-15,2026-05-15 14:31:32,2026-05-11 08:00:00,67707b07337f5853,67707b07337f5853_gasoline_95,"Alegrar o Ambiente, Lda.",GALP,gasoline_95,Gasolina simples 95,Outro,2.026,Belmonte,Castelo Branco,"E. N. 18, Km 24,100 - Ginjal",Ginjal,6250-076,40.37086,-7.34567,"alegrar o ambiente, lda.",galp,"e. n. 18, km 24,100 - ginjal","2,026 €",2026-05-15_dgeg_postos_raw.csv,3a9cb3a8f42f76ba
2026-05-15,2026-05-15 14:31:32,2026-05-11 08:00:00,325123d970a39630,325123d970a39630_diesel_regular,REPSOL Grijó (R1309 ANTOREP),REPSOL,diesel_regular,Gasóleo simples,Outro,2.029,Vila Nova de Gaia,Porto,Rua da Guarda,Grijó,4415-475,41.031357,-8.589201,repsol grijó (r1309 antorep),repsol,rua da guarda,"2,029 €",2026-05-15_dgeg_postos_raw.csv,5806c09710f5cbde
2026-05-15,2026-05-15 14:31:32,2026-05-11 08:00:00,325123d970a39630,325123d970a39630_diesel_premium,REPSOL Grijó (R1309 ANTOREP),REPSOL,diesel_premium,Gasóleo especial,Outro,2.089,Vila Nova de Gaia,Porto,Rua da Guarda,Grijó,4415-475,41.031357,-8.589201,repsol grijó (r1309 antorep),repsol,rua da guarda,"2,089 €",2026-05-15_dgeg_postos_raw.csv,34e5905952fa9659
2026-05-15,2026-05-15 14:31:32,2026-05-11 08:00:00,325123d970a39630,325123d970a39630_gasoline_95,REPSOL Grijó (R1309 ANTOREP),REPSOL,gasoline_95,Gasolina simples 95,Outro,2.027,Vila Nova de Gaia,Porto,Rua da Guarda,Grijó,4415-475,41.031357,-8.589201,repsol grijó (r1309 antorep),repsol,rua da guarda,"2,027 €",2026-05-15_dgeg_postos_raw.csv,2b9081d7927734f8
2026-05-15,2026-05-15 14:31:32,2026-05-11 08:00:00,8d69040e678fea63,8d69040e678fea63_diesel_premium,INTERMACHÉ SINES,INTERMARCHÉ,diesel_premium,Gasóleo especial,Área comercial (Hipermercados),1.959,Sines,Setúbal,Nó rodoviário de Sines,Sines,7520-001,37.96528,-8.8591,intermaché sines,intermarché,nó rodoviário de sines,"1,959 €",2026-05-15_dgeg_postos_raw.csv,4744ac8ee45a5473
2026-05-15,2026-05-15 14:31:32,2026-05-11 08:00:00,8d69040e678fea63,8d69040e678fea63_diesel_regular,INTERMACHÉ SINES,INTERMARCHÉ,diesel_regular,Gasóleo simples,Área comercial (Hipermercados),1.929,Sines,Setúbal,Nó rodoviário de Sines,Sines,7520-001,37.96528,-8.8591,intermaché sines,intermarché,nó rodoviário de sines,"1,929 €",2026-05-15_dgeg_postos_raw.csv,c177186776f25fb5
2026-05-15,2026-05-15 14:31:32,2026-05-11 08:00:00,8d69040e678fea63,8d69040e678fea63_gasoline_95,INTERMACHÉ SINES,INTERMARCHÉ,gasoline_95,Gasolina simples 95,Área comercial (Hipermercados),1.939,Sines,Setúbal,Nó rodoviário de Sines,Sines,7520-001,37.96528,-8.8591,intermaché sines,intermarché,nó rodoviário de sines,"1,939 €",2026-05-15_dgeg_postos_raw.csv,f8fbd9775ee949d2
2026-05-15,2026-05-15 14:31:32,2026-05-11 08:00:00,da752f39f150b0fd,da752f39f150b0fd_diesel_premium,Intermarche de Vila Nova de Santo Andre,INTERMARCHÉ,diesel_premium,Gasóleo especial,Outro,1.889,Santiago do Cacém,Setúbal,Bairro da Petrogal Lote A1,Vila Nova Santo André,7500-120,38.06459,-8.7804,intermarche de vila nova de santo andre,intermarché,bairro da petrogal lote a1,"1,889 €",2026-05-15_dgeg_postos_raw.csv,3ddd358fbcf17a87
2026-05-15,2026-05-15 14:31:32,2026-05-11 08:00:00,da752f39f150b0fd,da752f39f150b0fd_diesel_regular,Intermarche de Vila Nova de Santo Andre,INTERMARCHÉ,diesel_regular,Gasóleo simples,Outro,1.879,Santiago do Cacém,Setúbal,Bairro da Petrogal Lote A1,Vila Nova Santo André,7500-120,38.06459,-8.7804,intermarche de vila nova de santo andre,intermarché,bairro da petrogal lote a1,"1,879 €",2026-05-15_dgeg_postos_raw.csv,844175ae6de5cb95
2026-05-15,2026-05-15 14:31:32,2026-05-11 08:00:00,da752f39f150b0fd,da752f39f150b0fd_gasoline_95,Intermarche de Vila Nova de Santo Andre,INTERMARCHÉ,gasoline_95,Gasolina simples 95,Outro,1.939,Santiago do Cacém,Setúbal,Bairro da Petrogal Lote A1,Vila Nova Santo André,7500-120,38.06459,-8.7804,intermarche de vila nova de santo andre,intermarché,bairro da petrogal lote a1,"1,939 €",2026-05-15_dgeg_postos_raw.csv,30b48e55708933ed
2026-05-15,2026-05-15 14:31:32,2026-05-11 08:00:00,4fdf75dea27a865d,4fdf75dea27a865d_diesel_regular,Guadicomb - Vila real de santo antónio,Genérico,diesel_regular,Gasóleo simples,Outro,2.028,Vila Real de Santo António,Faro,Estrada da Mata,Vila Real de Santo António - Edifício CEPSA,8900-000,37.18667,-7.41901,guadicomb - vila real de santo antónio,genérico,estrada da mata,"2,028 €",2026-05-15_dgeg_postos_raw.csv,ed5537e6e967effc
2026-05-15,2026-05-15 14:31:32,2026-05-11 08:00:00,4fdf75dea27a865d,4fdf75dea27a865d_gasoline_95,Guadicomb - Vila real de santo antónio,Genérico,gasoline_95,Gasolina simples 95,Outro,2.027,Vila Real de Santo António,Faro,Estrada da Mata,Vila Real de Santo António - Edifício CEPSA,8900-000,37.18667,-7.41901,guadicomb - vila real de santo antónio,genérico,estrada da mata,"2,027 €",2026-05-15_dgeg_postos_raw.csv,ed7f91926bbee397
2026-05-15,2026-05-15 14:31:32,2026-05-11 08:00:00,6a9fc94b452e46f5,6a9fc94b452e46f5_diesel_regular,INTERMARCHÉ Viseu,INTERMARCHÉ,diesel_regular,Gasóleo simples,Área comercial (Hipermercados),1.879,Viseu,Viseu,"Rua da Ribeira, Póvoa de Sobrinhos",Rio de Loba,3505-488,40.64686,-7.87269,intermarché viseu,intermarché,"rua da ribeira, póvoa de sobrinhos","1,879 €",2026-05-15_dgeg_postos_raw.csv,50108b33afb468fc
2026-05-15,2026-05-15 14:31:32,2026-05-11 08:00:00,6a9fc94b452e46f5,6a9fc94b452e46f5_diesel_premium,INTERMARCHÉ Viseu,INTERMARCHÉ,diesel_premium,Gasóleo especial,Área comercial (Hipermercados),1.909,Viseu,Viseu,"Rua da Ribeira, Póvoa de Sobrinhos",Rio de Loba,3505-488,40.64686,-7.87269,intermarché viseu,intermarché,"rua da ribeira, póvoa de sobrinhos","1,909 €",2026-05-15_dgeg_postos_raw.csv,b59eb012551830fe
2026-05-15,2026-05-15 14:31:32,2026-05-11 08:00:00,6a9fc94b452e46f5,6a9fc94b452e46f5_gasoline_95,INTERMARCHÉ Viseu,INTERMARCHÉ,gasoline_95,Gasolina simples 95,Área comercial (Hipermercados),1.879,Viseu,Viseu,"Rua da Ribeira, Póvoa de Sobrinhos",Rio de Loba,3505-488,40.64686,-7.87269,intermarché viseu,intermarché,"rua da ribeira, póvoa de sobrinhos","1,879 €",2026-05-15_dgeg_postos_raw.csv,52e9fcdf7bb7309f
2026-05-15,2026-05-15 14:31:32,2026-05-11 08:00:00,aefcaebcbdb0c4fc,aefcaebcbdb0c4fc_diesel_regular,INTERMARCHE DE TOMAR,INTERMARCHÉ,diesel_regular,Gasóleo simples,Outro,1.909,Tomar,Santarém,EN 110,TOMAR,2300-394,39.61125,-8.39649,intermarche de tomar,intermarché,en 110,"1,909 €",2026-05-15_dgeg_postos_raw.csv,c0cfcc1d6da42cbf
2026-05-15,2026-05-15 14:31:32,2026-05-11 08:00:00,aefcaebcbdb0c4fc,aefcaebcbdb0c4fc_diesel_premium,INTERMARCHE DE TOMAR,INTERMARCHÉ,diesel_premium,Gasóleo especial,Outro,1.939,Tomar,Santarém,EN 110,TOMAR,2300-394,39.61125,-8.39649,intermarche de tomar,intermarché,en 110,"1,939 €",2026-05-15_dgeg_postos_raw.csv,86833d74d5ccbc9c
2026-05-15,2026-05-15 14:31:32,2026-05-11 08:00:00,aefcaebcbdb0c4fc,aefcaebcbdb0c4fc_gasoline_95,INTERMARCHE DE TOMAR,INTERMARCHÉ,gasoline_95,Gasolina simples 95,Outro,1.929,Tomar,Santarém,EN 110,TOMAR,2300-394,39.61125,-8.39649,intermarche de tomar,intermarché,en 110,"1,929 €",2026-05-15_dgeg_postos_raw.csv,d71d3f6053d35452
2026-05-15,2026-05-15 14:31:32,2026-05-11 08:00:00,05054e52b2d990b5,05054e52b2d990b5_diesel_regular,INTERMARCHÉ ERMESINDE,INTERMARCHÉ,diesel_regular,Gasóleo simples,Outro,1.889,Valongo,Porto,"R. Gil Vicente, 75",Ermesinde,4445-451,41.21385,-8.55054,intermarché ermesinde,intermarché,"r. gil vicente, 75","1,889 €",2026-05-15_dgeg_postos_raw.csv,517a28502ded7ac2
2026-05-15,2026-05-15 14:31:32,2026-05-11 08:00:00,05054e52b2d990b5,05054e52b2d990b5_diesel_premium,INTERMARCHÉ ERMESINDE,INTERMARCHÉ,diesel_premium,Gasóleo especial,Outro,1.919,Valongo,Porto,"R. Gil Vicente, 75",Ermesinde,4445-451,41.21385,-8.55054,intermarché ermesinde,intermarché,"r. gil vicente, 75","1,919 €",2026-05-15_dgeg_postos_raw.csv,f5912a41e90be64c
2026-05-15,2026-05-15 14:31:32,2026-05-11 08:00:00,05054e52b2d990b5,05054e52b2d990b5_gasoline_95,INTERMARCHÉ ERMESINDE,INTERMARCHÉ,gasoline_95,Gasolina simples 95,Outro,1.899,Valongo,Porto,"R. Gil Vicente, 75",Ermesinde,4445-451,41.21385,-8.55054,intermarché ermesinde,intermarché,"r. gil vicente, 75","1,899 €",2026-05-15_dgeg_postos_raw.csv,a91021c69cd26bc6
2026-05-15,2026-05-15 14:31:32,2026-05-11 08:00:00,93d233a7f3f3f09a,93d233a7f3f3f09a_diesel_regular,Intermarché,INTERMARCHÉ,diesel_regular,Gasóleo simples,Outro,1.899,São Pedro do Sul,Viseu,Quinta de Santa Cruz,São Pedro do Sul,3660-683,40.75282,-8.07019,intermarché,intermarché,quinta de santa cruz,"1,899 €",2026-05-15_dgeg_postos_raw.csv,ab6767771639f0c4
2026-05-15,2026-05-15 14:31:32,2026-05-11 08:00:00,93d233a7f3f3f09a,93d233a7f3f3f09a_diesel_premium,Intermarché,INTERMARCHÉ,diesel_premium,Gasóleo especial,Outro,1.929,São Pedro do Sul,Viseu,Quinta de Santa Cruz,São Pedro do Sul,3660-683,40.75282,-8.07019,intermarché,intermarché,quinta de santa cruz,"1,929 €",2026-05-15_dgeg_postos_raw.csv,73660bf225a05a09
2026-05-15,2026-05-15 14:31:32,2026-05-11 08:00:00,93d233a7f3f3f09a,93d233a7f3f3f09a_gasoline_95,Intermarché,INTERMARCHÉ,gasoline_95,Gasolina simples 95,Outro,1.834,São Pedro do Sul,Viseu,Quinta de Santa Cruz,São Pedro do Sul,3660-683,40.75282,-8.07019,intermarché,intermarché,quinta de santa cruz,"1,834 €",2026-05-15_dgeg_postos_raw.csv,ee74695a1629ee3d
2026-05-15,2026-05-15 14:31:32,2026-05-11 08:00:00,531d609201233294,531d609201233294_diesel_regular,Intermarche Vila Pouca de Aguiar,INTERMARCHÉ,diesel_regular,Gasóleo simples,Outro,1.915,Vila Pouca de Aguiar,Vila Real,Av. Abílio Ribeiro,Vila Pouca de Aguiar- Lugar dos Lameirões,5450-036,41.49274,-7.64557,intermarche vila pouca de aguiar,intermarché,av. abílio ribeiro,"1,915 €",2026-05-15_dgeg_postos_raw.csv,b1fe628a0e00ae61
2026-05-15,2026-05-15 14:31:32,2026-05-11 08:00:00,531d609201233294,531d609201233294_diesel_premium,Intermarche Vila Pouca de Aguiar,INTERMARCHÉ,diesel_premium,Gasóleo especial,Outro,1.965,Vila Pouca de Aguiar,Vila Real,Av. Abílio Ribeiro,Vila Pouca de Aguiar- Lugar dos Lameirões,5450-036,41.49274,-7.64557,intermarche vila pouca de aguiar,intermarché,av. abílio ribeiro,"1,965 €",2026-05-15_dgeg_postos_raw.csv,7ec4c99a18aaa991
2026-05-15,2026-05-15 14:31:32,2026-05-11 08:00:00,531d609201233294,531d609201233294_gasoline_95,Intermarche Vila Pouca de Aguiar,INTERMARCHÉ,gasoline_95,Gasolina simples 95,Outro,1.917,Vila Pouca de Aguiar,Vila Real,Av. Abílio Ribeiro,Vila Pouca de Aguiar- Lugar dos Lameirões,5450-036,41.49274,-7.64557,intermarche vila pouca de aguiar,intermarché,av. abílio ribeiro,"1,917 €",2026-05-15_dgeg_postos_raw.csv,21048d5edfd2c75c
2026-05-15,2026-05-15 14:31:32,2026-05-11 08:00:00,7eed9c3d53e593a3,7eed9c3d53e593a3_diesel_regular,CEPSA - SEQUEIRA,CEPSA,diesel_regular,Gasóleo simples,Outro,1.986,Braga,Braga,"Av. de Sequeira, Nº 20 (EN 103)",Sequeira,4705-629,41.53414,-8.46101,cepsa - sequeira,cepsa,"av. de sequeira, nº 20 (en 103)","1,986 €",2026-05-15_dgeg_postos_raw.csv,fed4fa0da46ffd43
2026-05-15,2026-05-15 14:31:32,2026-05-11 08:00:00,7eed9c3d53e593a3,7eed9c3d53e593a3_diesel_premium,CEPSA - SEQUEIRA,CEPSA,diesel_premium,Gasóleo especial,Outro,2.076,Braga,Braga,"Av. de Sequeira, Nº 20 (EN 103)",Sequeira,4705-629,41.53414,-8.46101,cepsa - sequeira,cepsa,"av. de sequeira, nº 20 (en 103)","2,076 €",2026-05-15_dgeg_postos_raw.csv,308f73daa13a8c41
2026-05-15,2026-05-15 14:31:32,2026-05-11 08:00:00,7eed9c3d53e593a3,7eed9c3d53e593a3_gasoline_95,CEPSA - SEQUEIRA,CEPSA,gasoline_95,Gasolina simples 95,Outro,1.966,Braga,Braga,"Av. de Sequeira, Nº 20 (EN 103)",Sequeira,4705-629,41.53414,-8.46101,cepsa - sequeira,cepsa,"av. de sequeira, nº 20 (en 103)","1,966 €",2026-05-15_dgeg_postos_raw.csv,c7aa733f4cb352cf
2026-05-15,2026-05-15 14:31:32,2026-05-11 08:05:00,b011726eaba43598,b011726eaba43598_diesel_regular,INTERMARCHE PÓVOA DE LANHOSO,INTERMARCHÉ,diesel_regular,Gasóleo simples,Outro,1.898,Póvoa de Lanhoso,Braga,Lugar de Ponte Pereiros,Póvoa de Lanhoso,4830-508,41.57333,-8.26229,intermarche póvoa de lanhoso,intermarché,lugar de ponte pereiros,"1,898 €",2026-05-15_dgeg_postos_raw.csv,f8e71f4e778eb468
2026-05-15,2026-05-15 14:31:32,2026-05-11 08:05:00,b011726eaba43598,b011726eaba43598_diesel_premium,INTERMARCHE PÓVOA DE LANHOSO,INTERMARCHÉ,diesel_premium,Gasóleo especial,Outro,1.928,Póvoa de Lanhoso,Braga,Lugar de Ponte Pereiros,Póvoa de Lanhoso,4830-508,41.57333,-8.26229,intermarche póvoa de lanhoso,intermarché,lugar de ponte pereiros,"1,928 €",2026-05-15_dgeg_postos_raw.csv,9f80d6c180171d81
2026-05-15,2026-05-15 14:31:32,2026-05-11 08:05:00,b011726eaba43598,b011726eaba43598_gasoline_95,INTERMARCHE PÓVOA DE LANHOSO,INTERMARCHÉ,gasoline_95,Gasolina simples 95,Outro,1.928,Póvoa de Lanhoso,Braga,Lugar de Ponte Pereiros,Póvoa de Lanhoso,4830-508,41.57333,-8.26229,intermarche póvoa de lanhoso,intermarché,lugar de ponte pereiros,"1,928 €",2026-05-15_dgeg_postos_raw.csv,8f5f2e74043acbc4
2026-05-15,2026-05-15 14:31:32,2026-05-11 08:05:00,5b132c1a7b3c3f13,5b132c1a7b3c3f13_diesel_regular,PETRO  LAMAS,FREITAS,diesel_regular,Gasóleo simples,Outro,2.059,Melgaço,Viana do Castelo,Lugar da Igreja,Alcobaça,4960-170,42.05189,-8.194456,petro lamas,freitas,lugar da igreja,"2,059 €",2026-05-15_dgeg_postos_raw.csv,39112558791c4c14
2026-05-15,2026-05-15 14:31:32,2026-05-11 08:05:00,5b132c1a7b3c3f13,5b132c1a7b3c3f13_gasoline_95,PETRO  LAMAS,FREITAS,gasoline_95,Gasolina simples 95,Outro,2.082,Melgaço,Viana do Castelo,Lugar da Igreja,Alcobaça,4960-170,42.05189,-8.194456,petro lamas,freitas,lugar da igreja,"2,082 €",2026-05-15_dgeg_postos_raw.csv,79177b02c32f38f9
2026-05-15,2026-05-15 14:31:32,2026-05-11 08:05:00,affb818411fc8399,affb818411fc8399_diesel_regular,"Comércio Combustíveis Rosinha, Unipessoal, Lda.",Genérico,diesel_regular,Gasóleo simples,Outro,1.979,Oliveira de Azeméis,Aveiro,"R. do Barão, 171",Loureiro,3720-069,40.81559,-8.51387,"comércio combustíveis rosinha, unipessoal, lda.",genérico,"r. do barão, 171","1,979 €",2026-05-15_dgeg_postos_raw.csv,9c6f69ba1a8ad890
2026-05-15,2026-05-15 14:31:32,2026-05-11 08:05:00,affb818411fc8399,affb818411fc8399_diesel_premium,"Comércio Combustíveis Rosinha, Unipessoal, Lda.",Genérico,diesel_premium,Gasóleo especial,Outro,1.979,Oliveira de Azeméis,Aveiro,"R. do Barão, 171",Loureiro,3720-069,40.81559,-8.51387,"comércio combustíveis rosinha, unipessoal, lda.",genérico,"r. do barão, 171","1,979 €",2026-05-15_dgeg_postos_raw.csv,84734d868a0fd1bf
2026-05-15,2026-05-15 14:31:32,2026-05-11 08:05:00,affb818411fc8399,affb818411fc8399_gasoline_95,"Comércio Combustíveis Rosinha, Unipessoal, Lda.",Genérico,gasoline_95,Gasolina simples 95,Outro,1.999,Oliveira de Azeméis,Aveiro,"R. do Barão, 171",Loureiro,3720-069,40.81559,-8.51387,"comércio combustíveis rosinha, unipessoal, lda.",genérico,"r. do barão, 171","1,999 €",2026-05-15_dgeg_postos_raw.csv,5a4cf204d6bc2f07
2026-05-15,2026-05-15 14:31:32,2026-05-11 08:05:00,5b132c1a7b3c3f13,5b132c1a7b3c3f13_diesel_premium,PETRO  LAMAS,FREITAS,diesel_premium,Gasóleo especial,Outro,2.079,Melgaço,Viana do Castelo,Lugar da Igreja,Alcobaça,4960-170,42.05189,-8.194456,petro lamas,freitas,lugar da igreja,"2,079 €",2026-05-15_dgeg_postos_raw.csv,fe0552a9bba9f858
2026-05-15,2026-05-15 14:31:32,2026-05-11 08:10:00,f1c8f5f1b36f234f,f1c8f5f1b36f234f_diesel_regular,GAO PA Lourinhã,Genérico,diesel_regular,Gasóleo simples,Outro,1.959,Lourinhã,Lisboa,"Av. António José de Almeida, 21",Lourinhã,2530-113,39.244804,-9.313413,gao pa lourinhã,genérico,"av. antónio josé de almeida, 21","1,959 €",2026-05-15_dgeg_postos_raw.csv,bbfedeb5f2a7fb9d
2026-05-15,2026-05-15 14:31:32,2026-05-11 08:10:00,f1c8f5f1b36f234f,f1c8f5f1b36f234f_diesel_premium,GAO PA Lourinhã,Genérico,diesel_premium,Gasóleo especial,Outro,1.999,Lourinhã,Lisboa,"Av. António José de Almeida, 21",Lourinhã,2530-113,39.244804,-9.313413,gao pa lourinhã,genérico,"av. antónio josé de almeida, 21","1,999 €",2026-05-15_dgeg_postos_raw.csv,d020b23e2328fc1b
2026-05-15,2026-05-15 14:31:32,2026-05-11 08:10:00,f1c8f5f1b36f234f,f1c8f5f1b36f234f_gasoline_95,GAO PA Lourinhã,Genérico,gasoline_95,Gasolina simples 95,Outro,1.959,Lourinhã,Lisboa,"Av. António José de Almeida, 21",Lourinhã,2530-113,39.244804,-9.313413,gao pa lourinhã,genérico,"av. antónio josé de almeida, 21","1,959 €",2026-05-15_dgeg_postos_raw.csv,56a0aeb96c0d420d
2026-05-15,2026-05-15 14:31:32,2026-05-11 08:15:00,4bd95173b00f1676,4bd95173b00f1676_diesel_premium,"AUTOLIM, LDA.",PRIO,diesel_premium,Gasóleo especial,Outro,1.974,Vila Real,Vila Real,Av 1º de Maio nº325,Vila Real,5000-651,41.300082,-7.741077,"autolim, lda.",prio,av 1º de maio nº325,"1,974 €",2026-05-15_dgeg_postos_raw.csv,6153d34129724794
2026-05-15,2026-05-15 14:31:32,2026-05-11 08:15:00,4bd95173b00f1676,4bd95173b00f1676_gasoline_95,"AUTOLIM, LDA.",PRIO,gasoline_95,Gasolina simples 95,Outro,1.979,Vila Real,Vila Real,Av 1º de Maio nº325,Vila Real,5000-651,41.300082,-7.741077,"autolim, lda.",prio,av 1º de maio nº325,"1,979 €",2026-05-15_dgeg_postos_raw.csv,b4e32bc76f1bd82d
2026-05-15,2026-05-15 14:31:32,2026-05-11 08:15:00,44a8bcda401a65bd,44a8bcda401a65bd_diesel_regular,"Café - Restaurante Primavera, Lda",GALP,diesel_regular,Gasóleo simples,Outro,2.065,Aguiar da Beira,Guarda,EN 229,Aguiar da Beira-Sítio dos Lameirões,3570-025,40.80827,-7.55363,"café - restaurante primavera, lda",galp,en 229,"2,065 €",2026-05-15_dgeg_postos_raw.csv,ef2b4c1ee4bb2616
2026-05-15,2026-05-15 14:31:32,2026-05-11 08:15:00,44a8bcda401a65bd,44a8bcda401a65bd_diesel_premium,"Café - Restaurante Primavera, Lda",GALP,diesel_premium,Gasóleo especial,Outro,2.12,Aguiar da Beira,Guarda,EN 229,Aguiar da Beira-Sítio dos Lameirões,3570-025,40.80827,-7.55363,"café - restaurante primavera, lda",galp,en 229,"2,120 €",2026-05-15_dgeg_postos_raw.csv,1455af2be55ba6e0
2026-05-15,2026-05-15 14:31:32,2026-05-11 08:15:00,44a8bcda401a65bd,44a8bcda401a65bd_gasoline_95,"Café - Restaurante Primavera, Lda",GALP,gasoline_95,Gasolina simples 95,Outro,2.061,Aguiar da Beira,Guarda,EN 229,Aguiar da Beira-Sítio dos Lameirões,3570-025,40.80827,-7.55363,"café - restaurante primavera, lda",galp,en 229,"2,061 €",2026-05-15_dgeg_postos_raw.csv,6b6a34ed5bf853b1
2026-05-15,2026-05-15 14:31:32,2026-05-11 08:15:00,302ef0ab2ffd394a,302ef0ab2ffd394a_diesel_regular,"JALCRIMAR, LDA",GALP,diesel_regular,Gasóleo simples,Outro,2.075,Lisboa,Lisboa,Av. RIo de Janeiro nº 15-17,Alvalade,1700-330,38.754066,-9.138758,"jalcrimar, lda",galp,av. rio de janeiro nº 15-17,"2,075 €",2026-05-15_dgeg_postos_raw.csv,32c9f689142af416
2026-05-15,2026-05-15 14:31:32,2026-05-11 08:15:00,302ef0ab2ffd394a,302ef0ab2ffd394a_diesel_premium,"JALCRIMAR, LDA",GALP,diesel_premium,Gasóleo especial,Outro,2.125,Lisboa,Lisboa,Av. RIo de Janeiro nº 15-17,Alvalade,1700-330,38.754066,-9.138758,"jalcrimar, lda",galp,av. rio de janeiro nº 15-17,"2,125 €",2026-05-15_dgeg_postos_raw.csv,dc457c019db0234a
2026-05-15,2026-05-15 14:31:32,2026-05-11 08:15:00,302ef0ab2ffd394a,302ef0ab2ffd394a_gasoline_95,"JALCRIMAR, LDA",GALP,gasoline_95,Gasolina simples 95,Outro,2.071,Lisboa,Lisboa,Av. RIo de Janeiro nº 15-17,Alvalade,1700-330,38.754066,-9.138758,"jalcrimar, lda",galp,av. rio de janeiro nº 15-17,"2,071 €",2026-05-15_dgeg_postos_raw.csv,e12c26da2fd8e746
2026-05-15,2026-05-15 14:31:32,2026-05-11 08:15:00,35314cc6c54ea46d,35314cc6c54ea46d_diesel_regular,PA Memória - Petromemória,Genérico,diesel_regular,Gasóleo simples,Outro,1.969,Ourém,Santarém,Av. 11 de Julho n° 269,Espite,2435-152,39.781292,-8.650639,pa memória - petromemória,genérico,av. 11 de julho n° 269,"1,969 €",2026-05-15_dgeg_postos_raw.csv,ed3db52b6e719e40
2026-05-15,2026-05-15 14:31:32,2026-05-11 08:15:00,35314cc6c54ea46d,35314cc6c54ea46d_gasoline_95,PA Memória - Petromemória,Genérico,gasoline_95,Gasolina simples 95,Outro,1.979,Ourém,Santarém,Av. 11 de Julho n° 269,Espite,2435-152,39.781292,-8.650639,pa memória - petromemória,genérico,av. 11 de julho n° 269,"1,979 €",2026-05-15_dgeg_postos_raw.csv,8be87284cf04e09c
2026-05-15,2026-05-15 14:31:32,2026-05-11 08:15:00,35314cc6c54ea46d,35314cc6c54ea46d_diesel_premium,PA Memória - Petromemória,Genérico,diesel_premium,Gasóleo especial,Outro,1.999,Ourém,Santarém,Av. 11 de Julho n° 269,Espite,2435-152,39.781292,-8.650639,pa memória - petromemória,genérico,av. 11 de julho n° 269,"1,999 €",2026-05-15_dgeg_postos_raw.csv,9636bdd4ac0c9d89
2026-05-15,2026-05-15 14:31:32,2026-05-11 08:20:00,11277624c63fd329,11277624c63fd329_diesel_regular,"Adília Pires & Gilberto Borges - Combustíveis, Lda.",FREITAS,diesel_regular,Gasóleo simples,Outro,2.059,Vinhais,Bragança,Rua do Outeiro N2,Agrochão,5335-011,41.697856,-7.031832,"adília pires & gilberto borges - combustíveis, lda.",freitas,rua do outeiro n2,"2,059 €",2026-05-15_dgeg_postos_raw.csv,8353db65341afe11
2026-05-15,2026-05-15 14:31:32,2026-05-11 08:20:00,11277624c63fd329,11277624c63fd329_diesel_premium,"Adília Pires & Gilberto Borges - Combustíveis, Lda.",FREITAS,diesel_premium,Gasóleo especial,Outro,2.079,Vinhais,Bragança,Rua do Outeiro N2,Agrochão,5335-011,41.697856,-7.031832,"adília pires & gilberto borges - combustíveis, lda.",freitas,rua do outeiro n2,"2,079 €",2026-05-15_dgeg_postos_raw.csv,523719eda5a7593a
2026-05-15,2026-05-15 14:31:32,2026-05-11 08:20:00,11277624c63fd329,11277624c63fd329_gasoline_95,"Adília Pires & Gilberto Borges - Combustíveis, Lda.",FREITAS,gasoline_95,Gasolina simples 95,Outro,2.059,Vinhais,Bragança,Rua do Outeiro N2,Agrochão,5335-011,41.697856,-7.031832,"adília pires & gilberto borges - combustíveis, lda.",freitas,rua do outeiro n2,"2,059 €",2026-05-15_dgeg_postos_raw.csv,1ee9c6b038e10663
2026-05-15,2026-05-15 14:31:32,2026-05-11 08:20:00,11277624c63fd329,11277624c63fd329_gasoline_98,"Adília Pires & Gilberto Borges - Combustíveis, Lda.",FREITAS,gasoline_98,Gasolina especial 98,Outro,2.239,Vinhais,Bragança,Rua do Outeiro N2,Agrochão,5335-011,41.697856,-7.031832,"adília pires & gilberto borges - combustíveis, lda.",freitas,rua do outeiro n2,"2,239 €",2026-05-15_dgeg_postos_raw.csv,88f66236242f2499
2026-05-15,2026-05-15 14:31:32,2026-05-11 08:25:00,e2e98b5c897bcdb8,e2e98b5c897bcdb8_diesel_regular,"CAMPOS DO ROXO, LDA",Genérico,diesel_regular,Gasóleo simples,Outro,2.019,Aljustrel,Beja,Estrada Nacional 383,Montes Velhos,7600-411,37.93585,-8.18283,"campos do roxo, lda",genérico,estrada nacional 383,"2,019 €",2026-05-15_dgeg_postos_raw.csv,96d95a60ae96303f
2026-05-15,2026-05-15 14:31:32,2026-05-11 08:25:00,59faa7a1e4b58491,59faa7a1e4b58491_diesel_regular,E.S. VISEU,REPSOL,diesel_regular,Gasóleo simples,Outro,2.019,Viseu,Viseu,Av. Regimento de Infantaria nº 14,Viseu,3510-104,40.64829,-7.92049,e.s. viseu,repsol,av. regimento de infantaria nº 14,"2,019 €",2026-05-15_dgeg_postos_raw.csv,5239e9828e3d9293
2026-05-15,2026-05-15 14:31:32,2026-05-11 08:25:00,59faa7a1e4b58491,59faa7a1e4b58491_diesel_premium,E.S. VISEU,REPSOL,diesel_premium,Gasóleo especial,Outro,2.079,Viseu,Viseu,Av. Regimento de Infantaria nº 14,Viseu,3510-104,40.64829,-7.92049,e.s. viseu,repsol,av. regimento de infantaria nº 14,"2,079 €",2026-05-15_dgeg_postos_raw.csv,2d6d3e7dc7055296
2026-05-15,2026-05-15 14:31:32,2026-05-11 08:25:00,59faa7a1e4b58491,59faa7a1e4b58491_gasoline_95,E.S. VISEU,REPSOL,gasoline_95,Gasolina simples 95,Outro,2.017,Viseu,Viseu,Av. Regimento de Infantaria nº 14,Viseu,3510-104,40.64829,-7.92049,e.s. viseu,repsol,av. regimento de infantaria nº 14,"2,017 €",2026-05-15_dgeg_postos_raw.csv,0d68d5b4d1522b6c
2026-05-15,2026-05-15 14:31:32,2026-05-11 08:30:00,779b217fac07fe1f,779b217fac07fe1f_diesel_regular,E.S. ALCOITAO,REPSOL,diesel_regular,Gasóleo simples,Outro,2.079,Cascais,Lisboa,Av. Bombeiros Voluntários nº 61,Alto do Estoril,2765-202,38.71275,-9.39388,e.s. alcoitao,repsol,av. bombeiros voluntários nº 61,"2,079 €",2026-05-15_dgeg_postos_raw.csv,1bc9f24d75984ba5
2026-05-15,2026-05-15 14:31:32,2026-05-11 08:30:00,779b217fac07fe1f,779b217fac07fe1f_diesel_premium,E.S. ALCOITAO,REPSOL,diesel_premium,Gasóleo especial,Outro,2.149,Cascais,Lisboa,Av. Bombeiros Voluntários nº 61,Alto do Estoril,2765-202,38.71275,-9.39388,e.s. alcoitao,repsol,av. bombeiros voluntários nº 61,"2,149 €",2026-05-15_dgeg_postos_raw.csv,65af3f712c6032c0
2026-05-15,2026-05-15 14:31:32,2026-05-11 08:30:00,779b217fac07fe1f,779b217fac07fe1f_gasoline_95,E.S. ALCOITAO,REPSOL,gasoline_95,Gasolina simples 95,Outro,2.067,Cascais,Lisboa,Av. Bombeiros Voluntários nº 61,Alto do Estoril,2765-202,38.71275,-9.39388,e.s. alcoitao,repsol,av. bombeiros voluntários nº 61,"2,067 €",2026-05-15_dgeg_postos_raw.csv,7cd0acf5faa73ebd
2026-05-15,2026-05-15 14:31:32,2026-05-11 08:30:00,779b217fac07fe1f,779b217fac07fe1f_gasoline_98,E.S. ALCOITAO,REPSOL,gasoline_98,Gasolina especial 98,Outro,2.267,Cascais,Lisboa,Av. Bombeiros Voluntários nº 61,Alto do Estoril,2765-202,38.71275,-9.39388,e.s. alcoitao,repsol,av. bombeiros voluntários nº 61,"2,267 €",2026-05-15_dgeg_postos_raw.csv,dc009c823ac9bf3f
2026-05-15,2026-05-15 14:31:32,2026-05-11 08:30:00,f1236e8eb9e3e393,f1236e8eb9e3e393_diesel_regular,Galp/Freitas Carrazedo de Montenegro,FREITAS,diesel_regular,Gasóleo simples,Outro,2.059,Valpaços,Vila Real,"Av. Dom Dinis, Nº1",Carrazedo de Montenegro,5445-110,41.56014,-7.428046,galp/freitas carrazedo de montenegro,freitas,"av. dom dinis, nº1","2,059 €",2026-05-15_dgeg_postos_raw.csv,790e20614f747b94
2026-05-15,2026-05-15 14:31:32,2026-05-11 08:30:00,f1236e8eb9e3e393,f1236e8eb9e3e393_gasoline_95,Galp/Freitas Carrazedo de Montenegro,FREITAS,gasoline_95,Gasolina simples 95,Outro,2.062,Valpaços,Vila Real,"Av. Dom Dinis, Nº1",Carrazedo de Montenegro,5445-110,41.56014,-7.428046,galp/freitas carrazedo de montenegro,freitas,"av. dom dinis, nº1","2,062 €",2026-05-15_dgeg_postos_raw.csv,923a75b56f7fbd0c
2026-05-15,2026-05-15 14:31:32,2026-05-11 08:30:00,f1236e8eb9e3e393,f1236e8eb9e3e393_diesel_premium,Galp/Freitas Carrazedo de Montenegro,FREITAS,diesel_premium,Gasóleo especial,Outro,2.079,Valpaços,Vila Real,"Av. Dom Dinis, Nº1",Carrazedo de Montenegro,5445-110,41.56014,-7.428046,galp/freitas carrazedo de montenegro,freitas,"av. dom dinis, nº1","2,079 €",2026-05-15_dgeg_postos_raw.csv,f093b5f3b9847312
2026-05-15,2026-05-15 14:31:32,2026-05-11 08:30:00,55e2890800a6614c,55e2890800a6614c_diesel_regular,Intermarché de Sagres,INTERMARCHÉ,diesel_regular,Gasóleo simples,Outro,1.918,Vila do Bispo,Faro,Cercas velhas,Sagres,8650-366,37.015327,-8.940969,intermarché de sagres,intermarché,cercas velhas,"1,918 €",2026-05-15_dgeg_postos_raw.csv,ab627aa986e2b174
2026-05-15,2026-05-15 14:31:32,2026-05-11 08:30:00,55e2890800a6614c,55e2890800a6614c_diesel_premium,Intermarché de Sagres,INTERMARCHÉ,diesel_premium,Gasóleo especial,Outro,1.948,Vila do Bispo,Faro,Cercas velhas,Sagres,8650-366,37.015327,-8.940969,intermarché de sagres,intermarché,cercas velhas,"1,948 €",2026-05-15_dgeg_postos_raw.csv,2a7fe9a421a08e5e
2026-05-15,2026-05-15 14:31:32,2026-05-11 08:30:00,55e2890800a6614c,55e2890800a6614c_gasoline_95,Intermarché de Sagres,INTERMARCHÉ,gasoline_95,Gasolina simples 95,Outro,1.928,Vila do Bispo,Faro,Cercas velhas,Sagres,8650-366,37.015327,-8.940969,intermarché de sagres,intermarché,cercas velhas,"1,928 €",2026-05-15_dgeg_postos_raw.csv,6fda23be5ec64cc8
2026-05-15,2026-05-15 14:31:32,2026-05-11 08:30:00,f1236e8eb9e3e393,f1236e8eb9e3e393_gasoline_98,Galp/Freitas Carrazedo de Montenegro,FREITAS,gasoline_98,Gasolina especial 98,Outro,2.242,Valpaços,Vila Real,"Av. Dom Dinis, Nº1",Carrazedo de Montenegro,5445-110,41.56014,-7.428046,galp/freitas carrazedo de montenegro,freitas,"av. dom dinis, nº1","2,242 €",2026-05-15_dgeg_postos_raw.csv,71652971b129bfdf
2026-05-15,2026-05-15 14:31:32,2026-05-11 08:35:00,bd21a19d59cc9eaf,bd21a19d59cc9eaf_diesel_regular,"SODIMALVEIRA - SUPERMERCADOS, LDA",INTERMARCHÉ,diesel_regular,Gasóleo simples,Outro,1.869,Mafra,Lisboa,"Rua da Lagoa, 27 - Edifício Intermarché Malveira",Malveira,2665-279,38.941265,-9.251323,"sodimalveira - supermercados, lda",intermarché,"rua da lagoa, 27 - edifício intermarché malveira","1,869 €",2026-05-15_dgeg_postos_raw.csv,406c71e9b995bf33
2026-05-15,2026-05-15 14:31:32,2026-05-11 08:35:00,bd21a19d59cc9eaf,bd21a19d59cc9eaf_diesel_premium,"SODIMALVEIRA - SUPERMERCADOS, LDA",INTERMARCHÉ,diesel_premium,Gasóleo especial,Outro,1.909,Mafra,Lisboa,"Rua da Lagoa, 27 - Edifício Intermarché Malveira",Malveira,2665-279,38.941265,-9.251323,"sodimalveira - supermercados, lda",intermarché,"rua da lagoa, 27 - edifício intermarché malveira","1,909 €",2026-05-15_dgeg_postos_raw.csv,7de26720b2ae1e58
2026-05-15,2026-05-15 14:31:32,2026-05-11 08:35:00,bd21a19d59cc9eaf,bd21a19d59cc9eaf_gasoline_95,"SODIMALVEIRA - SUPERMERCADOS, LDA",INTERMARCHÉ,gasoline_95,Gasolina simples 95,Outro,1.859,Mafra,Lisboa,"Rua da Lagoa, 27 - Edifício Intermarché Malveira",Malveira,2665-279,38.941265,-9.251323,"sodimalveira - supermercados, lda",intermarché,"rua da lagoa, 27 - edifício intermarché malveira","1,859 €",2026-05-15_dgeg_postos_raw.csv,d27c2f93dfd4f247
2026-05-15,2026-05-15 14:31:32,2026-05-11 08:35:00,8e5cde78d288b733,8e5cde78d288b733_diesel_regular,E.S. MASSAMÁ,REPSOL,diesel_regular,Gasóleo simples,Outro,2.079,Sintra,Lisboa,Av. General Humberto Delgado Lt.6\r\n\r\nMonte Abraão,Massamá,2745-280,38.763733,-9.258619,e.s. massamá,repsol,av. general humberto delgado lt.6\r\n\r\nmonte abraão,"2,079 €",2026-05-15_dgeg_postos_raw.csv,fd9028a0763598f6
2026-05-15,2026-05-15 14:31:32,2026-05-11 08:35:00,8e5cde78d288b733,8e5cde78d288b733_diesel_premium,E.S. MASSAMÁ,REPSOL,diesel_premium,Gasóleo especial,Outro,2.149,Sintra,Lisboa,Av. General Humberto Delgado Lt.6\r\n\r\nMonte Abraão,Massamá,2745-280,38.763733,-9.258619,e.s. massamá,repsol,av. general humberto delgado lt.6\r\n\r\nmonte abraão,"2,149 €",2026-05-15_dgeg_postos_raw.csv,db17d293632cdc30
2026-05-15,2026-05-15 14:31:32,2026-05-11 08:35:00,8e5cde78d288b733,8e5cde78d288b733_gasoline_95,E.S. MASSAMÁ,REPSOL,gasoline_95,Gasolina simples 95,Outro,2.067,Sintra,Lisboa,Av. General Humberto Delgado Lt.6\r\n\r\nMonte Abraão,Massamá,2745-280,38.763733,-9.258619,e.s. massamá,repsol,av. general humberto delgado lt.6\r\n\r\nmonte abraão,"2,067 €",2026-05-15_dgeg_postos_raw.csv,2411359766485778
2026-05-15,2026-05-15 14:31:32,2026-05-11 08:35:00,ff68d2f46e3ce972,ff68d2f46e3ce972_diesel_regular,E.S. TOCHA A,REPSOL,diesel_regular,Gasóleo simples,Outro,2.019,Cantanhede,Coimbra,EN 109,Inácios,3060-000,40.303283,-8.75867,e.s. tocha a,repsol,en 109,"2,019 €",2026-05-15_dgeg_postos_raw.csv,c4d50fecd5ca114f
2026-05-15,2026-05-15 14:31:32,2026-05-11 08:35:00,ff68d2f46e3ce972,ff68d2f46e3ce972_diesel_premium,E.S. TOCHA A,REPSOL,diesel_premium,Gasóleo especial,Outro,2.089,Cantanhede,Coimbra,EN 109,Inácios,3060-000,40.303283,-8.75867,e.s. tocha a,repsol,en 109,"2,089 €",2026-05-15_dgeg_postos_raw.csv,605fb699a881da8d
2026-05-15,2026-05-15 14:31:32,2026-05-11 08:35:00,ff68d2f46e3ce972,ff68d2f46e3ce972_gasoline_95,E.S. TOCHA A,REPSOL,gasoline_95,Gasolina simples 95,Outro,2.017,Cantanhede,Coimbra,EN 109,Inácios,3060-000,40.303283,-8.75867,e.s. tocha a,repsol,en 109,"2,017 €",2026-05-15_dgeg_postos_raw.csv,05c7d9ecfab2be3b
2026-05-15,2026-05-15 14:31:32,2026-05-11 08:35:00,1a1ee806c6bbe7fc,1a1ee806c6bbe7fc_diesel_regular,E.S. FERREIROS,REPSOL,diesel_regular,Gasóleo simples,Outro,2.029,Braga,Braga,EN 14,Ferreiros,4700-000,41.53681,-8.43579,e.s. ferreiros,repsol,en 14,"2,029 €",2026-05-15_dgeg_postos_raw.csv,b95234126a1906bf
2026-05-15,2026-05-15 14:31:32,2026-05-11 08:35:00,1a1ee806c6bbe7fc,1a1ee806c6bbe7fc_diesel_premium,E.S. FERREIROS,REPSOL,diesel_premium,Gasóleo especial,Outro,2.089,Braga,Braga,EN 14,Ferreiros,4700-000,41.53681,-8.43579,e.s. ferreiros,repsol,en 14,"2,089 €",2026-05-15_dgeg_postos_raw.csv,19e994446df0ade4
2026-05-15,2026-05-15 14:31:32,2026-05-11 08:35:00,1a1ee806c6bbe7fc,1a1ee806c6bbe7fc_gasoline_95,E.S. FERREIROS,REPSOL,gasoline_95,Gasolina simples 95,Outro,2.027,Braga,Braga,EN 14,Ferreiros,4700-000,41.53681,-8.43579,e.s. ferreiros,repsol,en 14,"2,027 €",2026-05-15_dgeg_postos_raw.csv,864241ea0f127bb5
2026-05-15,2026-05-15 14:31:32,2026-05-11 08:35:00,f3fb566d4a95a7ba,f3fb566d4a95a7ba_diesel_regular,E.S. BRAGA PISCINAS I,REPSOL,diesel_regular,Gasóleo simples,Outro,2.039,Braga,Braga,Av. Frei Bart. Mártires (Circular),Braga,4700-000,41.55139,-8.405714,e.s. braga piscinas i,repsol,av. frei bart. mártires (circular),"2,039 €",2026-05-15_dgeg_postos_raw.csv,761bfefb39bc8f28
2026-05-15,2026-05-15 14:31:32,2026-05-11 08:35:00,f3fb566d4a95a7ba,f3fb566d4a95a7ba_diesel_premium,E.S. BRAGA PISCINAS I,REPSOL,diesel_premium,Gasóleo especial,Outro,2.099,Braga,Braga,Av. Frei Bart. Mártires (Circular),Braga,4700-000,41.55139,-8.405714,e.s. braga piscinas i,repsol,av. frei bart. mártires (circular),"2,099 €",2026-05-15_dgeg_postos_raw.csv,8848e2d6df98780d
2026-05-15,2026-05-15 14:31:32,2026-05-11 08:35:00,f3fb566d4a95a7ba,f3fb566d4a95a7ba_gasoline_95,E.S. BRAGA PISCINAS I,REPSOL,gasoline_95,Gasolina simples 95,Outro,2.037,Braga,Braga,Av. Frei Bart. Mártires (Circular),Braga,4700-000,41.55139,-8.405714,e.s. braga piscinas i,repsol,av. frei bart. mártires (circular),"2,037 €",2026-05-15_dgeg_postos_raw.csv,5fd3b3d40f53fcae
2026-05-15,2026-05-15 14:31:32,2026-05-11 08:40:00,e0ddbcabfd7e58dd,e0ddbcabfd7e58dd_diesel_regular,E.S. BRAGA PISCINAS II,REPSOL,diesel_regular,Gasóleo simples,Outro,2.039,Braga,Braga,Av. Frei Bart. Mártires (Circular),Braga,4700-000,41.551349,-8.405958,e.s. braga piscinas ii,repsol,av. frei bart. mártires (circular),"2,039 €",2026-05-15_dgeg_postos_raw.csv,a590db3606f314a0
2026-05-15,2026-05-15 14:31:32,2026-05-11 08:40:00,e0ddbcabfd7e58dd,e0ddbcabfd7e58dd_diesel_premium,E.S. BRAGA PISCINAS II,REPSOL,diesel_premium,Gasóleo especial,Outro,2.099,Braga,Braga,Av. Frei Bart. Mártires (Circular),Braga,4700-000,41.551349,-8.405958,e.s. braga piscinas ii,repsol,av. frei bart. mártires (circular),"2,099 €",2026-05-15_dgeg_postos_raw.csv,94eb5b9f6ef35a8d
2026-05-15,2026-05-15 14:31:32,2026-05-11 08:40:00,e0ddbcabfd7e58dd,e0ddbcabfd7e58dd_gasoline_95,E.S. BRAGA PISCINAS II,REPSOL,gasoline_95,Gasolina simples 95,Outro,2.037,Braga,Braga,Av. Frei Bart. Mártires (Circular),Braga,4700-000,41.551349,-8.405958,e.s. braga piscinas ii,repsol,av. frei bart. mártires (circular),"2,037 €",2026-05-15_dgeg_postos_raw.csv,04ab0ec00ef48a15
2026-05-15,2026-05-15 14:31:32,2026-05-11 08:40:00,45354bc079e596c2,45354bc079e596c2_diesel_regular,E.S. TOCHA B,REPSOL,diesel_regular,Gasóleo simples,Outro,2.019,Cantanhede,Coimbra,"EN 109 KM 98,5 LUGAR DE INÁCIOS",Tocha,3060-701,40.30343,-8.75902,e.s. tocha b,repsol,"en 109 km 98,5 lugar de inácios","2,019 €",2026-05-15_dgeg_postos_raw.csv,75db5b43b1b02f9b
2026-05-15,2026-05-15 14:31:32,2026-05-11 08:40:00,45354bc079e596c2,45354bc079e596c2_diesel_premium,E.S. TOCHA B,REPSOL,diesel_premium,Gasóleo especial,Outro,2.089,Cantanhede,Coimbra,"EN 109 KM 98,5 LUGAR DE INÁCIOS",Tocha,3060-701,40.30343,-8.75902,e.s. tocha b,repsol,"en 109 km 98,5 lugar de inácios","2,089 €",2026-05-15_dgeg_postos_raw.csv,2766a681621f3eed
2026-05-15,2026-05-15 14:31:32,2026-05-11 08:40:00,45354bc079e596c2,45354bc079e596c2_gasoline_95,E.S. TOCHA B,REPSOL,gasoline_95,Gasolina simples 95,Outro,2.017,Cantanhede,Coimbra,"EN 109 KM 98,5 LUGAR DE INÁCIOS",Tocha,3060-701,40.30343,-8.75902,e.s. tocha b,repsol,"en 109 km 98,5 lugar de inácios","2,017 €",2026-05-15_dgeg_postos_raw.csv,74b2caaf0dabf199
2026-05-15,2026-05-15 14:31:32,2026-05-11 08:40:00,6fab37df79565a2e,6fab37df79565a2e_diesel_regular,E.S. OLIVEIRA DO HOSPITAL,REPSOL,diesel_regular,Gasóleo simples,Outro,2.079,Oliveira do Hospital,Coimbra,Lugar de Catraia de São Paio,Catraia de São Paio,3400-909,40.3451,-7.84552,e.s. oliveira do hospital,repsol,lugar de catraia de são paio,"2,079 €",2026-05-15_dgeg_postos_raw.csv,da10b768419f185b
2026-05-15,2026-05-15 14:31:32,2026-05-11 08:40:00,6fab37df79565a2e,6fab37df79565a2e_diesel_premium,E.S. OLIVEIRA DO HOSPITAL,REPSOL,diesel_premium,Gasóleo especial,Outro,2.149,Oliveira do Hospital,Coimbra,Lugar de Catraia de São Paio,Catraia de São Paio,3400-909,40.3451,-7.84552,e.s. oliveira do hospital,repsol,lugar de catraia de são paio,"2,149 €",2026-05-15_dgeg_postos_raw.csv,164a6bc13565b719
2026-05-15,2026-05-15 14:31:32,2026-05-11 08:40:00,6fab37df79565a2e,6fab37df79565a2e_gasoline_95,E.S. OLIVEIRA DO HOSPITAL,REPSOL,gasoline_95,Gasolina simples 95,Outro,2.077,Oliveira do Hospital,Coimbra,Lugar de Catraia de São Paio,Catraia de São Paio,3400-909,40.3451,-7.84552,e.s. oliveira do hospital,repsol,lugar de catraia de são paio,"2,077 €",2026-05-15_dgeg_postos_raw.csv,a029d649416da853
2026-05-15,2026-05-15 14:31:32,2026-05-11 08:40:00,6fab37df79565a2e,6fab37df79565a2e_gasoline_98,E.S. OLIVEIRA DO HOSPITAL,REPSOL,gasoline_98,Gasolina especial 98,Outro,2.277,Oliveira do Hospital,Coimbra,Lugar de Catraia de São Paio,Catraia de São Paio,3400-909,40.3451,-7.84552,e.s. oliveira do hospital,repsol,lugar de catraia de são paio,"2,277 €",2026-05-15_dgeg_postos_raw.csv,d26c357afad7aace
2026-05-15,2026-05-15 14:31:32,2026-05-11 08:40:00,245da35239dbf4ca,245da35239dbf4ca_diesel_regular,P.A. COOPVAL,GALP,diesel_regular,Gasóleo simples,Outro,1.999,Cadaval,Lisboa,"ESTRADA NACIONAL 115, KM 26",Cadaval,2550-108,39.23259,-9.095701,p.a. coopval,galp,"estrada nacional 115, km 26","1,999 €",2026-05-15_dgeg_postos_raw.csv,7734d6528ce55297
2026-05-15,2026-05-15 14:31:32,2026-05-11 08:40:00,245da35239dbf4ca,245da35239dbf4ca_diesel_premium,P.A. COOPVAL,GALP,diesel_premium,Gasóleo especial,Outro,2.019,Cadaval,Lisboa,"ESTRADA NACIONAL 115, KM 26",Cadaval,2550-108,39.23259,-9.095701,p.a. coopval,galp,"estrada nacional 115, km 26","2,019 €",2026-05-15_dgeg_postos_raw.csv,ee235df5894b2b5f
2026-05-15,2026-05-15 14:31:32,2026-05-11 08:40:00,245da35239dbf4ca,245da35239dbf4ca_gasoline_95,P.A. COOPVAL,GALP,gasoline_95,Gasolina simples 95,Outro,1.992,Cadaval,Lisboa,"ESTRADA NACIONAL 115, KM 26",Cadaval,2550-108,39.23259,-9.095701,p.a. coopval,galp,"estrada nacional 115, km 26","1,992 €",2026-05-15_dgeg_postos_raw.csv,f7c876691c7dc934
2026-05-15,2026-05-15 14:31:32,2026-05-11 08:40:00,8c5262e23f7aa341,8c5262e23f7aa341_diesel_regular,Galp Amial,GALP,diesel_regular,Gasóleo simples,Outro,2.06,Porto,Porto,Estrada Interior da Circunvalação 8718,Paranhos,4200-180,41.1833,-8.61228,galp amial,galp,estrada interior da circunvalação 8718,"2,060 €",2026-05-15_dgeg_postos_raw.csv,33df7d468a36837a
2026-05-15,2026-05-15 14:31:32,2026-05-11 08:40:00,8c5262e23f7aa341,8c5262e23f7aa341_diesel_premium,Galp Amial,GALP,diesel_premium,Gasóleo especial,Outro,2.11,Porto,Porto,Estrada Interior da Circunvalação 8718,Paranhos,4200-180,41.1833,-8.61228,galp amial,galp,estrada interior da circunvalação 8718,"2,110 €",2026-05-15_dgeg_postos_raw.csv,6b9f656abc3d281d
2026-05-15,2026-05-15 14:31:32,2026-05-11 08:40:00,8c5262e23f7aa341,8c5262e23f7aa341_gasoline_95,Galp Amial,GALP,gasoline_95,Gasolina simples 95,Outro,2.054,Porto,Porto,Estrada Interior da Circunvalação 8718,Paranhos,4200-180,41.1833,-8.61228,galp amial,galp,estrada interior da circunvalação 8718,"2,054 €",2026-05-15_dgeg_postos_raw.csv,1494cbc888709ca0
2026-05-15,2026-05-15 14:31:32,2026-05-11 08:40:00,0285f6da3a9ff86e,0285f6da3a9ff86e_diesel_regular,E.S. POLVOREIRA A,REPSOL,diesel_regular,Gasóleo simples,Outro,2.019,Guimarães,Braga,"EN105, KM 42",Polvoreira,4835-164,41.41484,-8.31094,e.s. polvoreira a,repsol,"en105, km 42","2,019 €",2026-05-15_dgeg_postos_raw.csv,e96524a56800018d
2026-05-15,2026-05-15 14:31:32,2026-05-11 08:40:00,0285f6da3a9ff86e,0285f6da3a9ff86e_diesel_premium,E.S. POLVOREIRA A,REPSOL,diesel_premium,Gasóleo especial,Outro,2.079,Guimarães,Braga,"EN105, KM 42",Polvoreira,4835-164,41.41484,-8.31094,e.s. polvoreira a,repsol,"en105, km 42","2,079 €",2026-05-15_dgeg_postos_raw.csv,eaa449a7d21fc388
2026-05-15,2026-05-15 14:31:32,2026-05-11 08:40:00,0285f6da3a9ff86e,0285f6da3a9ff86e_gasoline_95,E.S. POLVOREIRA A,REPSOL,gasoline_95,Gasolina simples 95,Outro,2.017,Guimarães,Braga,"EN105, KM 42",Polvoreira,4835-164,41.41484,-8.31094,e.s. polvoreira a,repsol,"en105, km 42","2,017 €",2026-05-15_dgeg_postos_raw.csv,1d1b9bf666bdeed4
2026-05-15,2026-05-15 14:31:32,2026-05-11 08:40:00,e1fe7dfb39f288e6,e1fe7dfb39f288e6_diesel_regular,E.S. POLVOREIRA B,REPSOL,diesel_regular,Gasóleo simples,Outro,2.019,Guimarães,Braga,"EN105, KM 42",64   POLVOREIRA,4835-164,41.41484,-8.31154,e.s. polvoreira b,repsol,"en105, km 42","2,019 €",2026-05-15_dgeg_postos_raw.csv,275756b0f8fa7d75
2026-05-15,2026-05-15 14:31:32,2026-05-11 08:40:00,e1fe7dfb39f288e6,e1fe7dfb39f288e6_diesel_premium,E.S. POLVOREIRA B,REPSOL,diesel_premium,Gasóleo especial,Outro,2.079,Guimarães,Braga,"EN105, KM 42",64   POLVOREIRA,4835-164,41.41484,-8.31154,e.s. polvoreira b,repsol,"en105, km 42","2,079 €",2026-05-15_dgeg_postos_raw.csv,3331b6a1839bb987
2026-05-15,2026-05-15 14:31:32,2026-05-11 08:40:00,e1fe7dfb39f288e6,e1fe7dfb39f288e6_gasoline_95,E.S. POLVOREIRA B,REPSOL,gasoline_95,Gasolina simples 95,Outro,2.017,Guimarães,Braga,"EN105, KM 42",64   POLVOREIRA,4835-164,41.41484,-8.31154,e.s. polvoreira b,repsol,"en105, km 42","2,017 €",2026-05-15_dgeg_postos_raw.csv,89238ff7401889a3
2026-05-15,2026-05-15 14:31:32,2026-05-11 08:40:00,753f7e445c99749e,753f7e445c99749e_diesel_premium,E.LECLERC V. N. FAMALICÃO,LECLERC,diesel_premium,Gasóleo especial,Outro,1.938,Vila Nova de Famalicão,Braga,Rua de Talvai,Vila Nova de Famalicão,4764-503,41.416539,-8.518858,e.leclerc v. n. famalicão,leclerc,rua de talvai,"1,938 €",2026-05-15_dgeg_postos_raw.csv,e93ea4ece8e2cd52
2026-05-15,2026-05-15 14:31:32,2026-05-11 08:40:00,753f7e445c99749e,753f7e445c99749e_diesel_regular,E.LECLERC V. N. FAMALICÃO,LECLERC,diesel_regular,Gasóleo simples,Outro,1.907,Vila Nova de Famalicão,Braga,Rua de Talvai,Vila Nova de Famalicão,4764-503,41.416539,-8.518858,e.leclerc v. n. famalicão,leclerc,rua de talvai,"1,907 €",2026-05-15_dgeg_postos_raw.csv,8d22a34c70a01963
2026-05-15,2026-05-15 14:31:32,2026-05-11 08:40:00,753f7e445c99749e,753f7e445c99749e_gasoline_95,E.LECLERC V. N. FAMALICÃO,LECLERC,gasoline_95,Gasolina simples 95,Outro,1.877,Vila Nova de Famalicão,Braga,Rua de Talvai,Vila Nova de Famalicão,4764-503,41.416539,-8.518858,e.leclerc v. n. famalicão,leclerc,rua de talvai,"1,877 €",2026-05-15_dgeg_postos_raw.csv,60fef3f8e7f70590
2026-05-15,2026-05-15 14:31:32,2026-05-11 08:45:00,f8843cd67ed2546c,f8843cd67ed2546c_diesel_premium,TFUEL - REGUENGO DO FETAL,TFUEL,diesel_premium,Gasóleo especial,Outro,2.009,Batalha,Leiria,"ESTRADA NACIONAL 356, KM 19,6",Reguengo do Fetal,2440-208,39.641502,-8.766647,tfuel - reguengo do fetal,tfuel,"estrada nacional 356, km 19,6","2,009 €",2026-05-15_dgeg_postos_raw.csv,73dfe75ee1f0e8e4
2026-05-15,2026-05-15 14:31:32,2026-05-11 08:45:00,f8843cd67ed2546c,f8843cd67ed2546c_diesel_regular,TFUEL - REGUENGO DO FETAL,TFUEL,diesel_regular,Gasóleo simples,Outro,1.949,Batalha,Leiria,"ESTRADA NACIONAL 356, KM 19,6",Reguengo do Fetal,2440-208,39.641502,-8.766647,tfuel - reguengo do fetal,tfuel,"estrada nacional 356, km 19,6","1,949 €",2026-05-15_dgeg_postos_raw.csv,3b714b34bea08605
2026-05-15,2026-05-15 14:31:32,2026-05-11 08:45:00,f8843cd67ed2546c,f8843cd67ed2546c_gasoline_95,TFUEL - REGUENGO DO FETAL,TFUEL,gasoline_95,Gasolina simples 95,Outro,1.969,Batalha,Leiria,"ESTRADA NACIONAL 356, KM 19,6",Reguengo do Fetal,2440-208,39.641502,-8.766647,tfuel - reguengo do fetal,tfuel,"estrada nacional 356, km 19,6","1,969 €",2026-05-15_dgeg_postos_raw.csv,251bc8b2bd5f1dd2
2026-05-15,2026-05-15 14:31:32,2026-05-11 08:45:00,e5b562b55c09d1fd,e5b562b55c09d1fd_diesel_premium,TFUEL - MAÇUSSA,TFUEL,diesel_premium,Gasóleo especial,Outro,1.999,Azambuja,Lisboa,"Rua 25 de Abril, 82",Maçussa,2065-607,39.195915,-8.86899,tfuel - maçussa,tfuel,"rua 25 de abril, 82","1,999 €",2026-05-15_dgeg_postos_raw.csv,6b53c5d657d0a41b
2026-05-15,2026-05-15 14:31:32,2026-05-11 08:45:00,e5b562b55c09d1fd,e5b562b55c09d1fd_diesel_regular,TFUEL - MAÇUSSA,TFUEL,diesel_regular,Gasóleo simples,Outro,1.949,Azambuja,Lisboa,"Rua 25 de Abril, 82",Maçussa,2065-607,39.195915,-8.86899,tfuel - maçussa,tfuel,"rua 25 de abril, 82","1,949 €",2026-05-15_dgeg_postos_raw.csv,7a1d4e94263a8bd7
2026-05-15,2026-05-15 14:31:32,2026-05-11 08:45:00,e5b562b55c09d1fd,e5b562b55c09d1fd_gasoline_95,TFUEL - MAÇUSSA,TFUEL,gasoline_95,Gasolina simples 95,Outro,1.969,Azambuja,Lisboa,"Rua 25 de Abril, 82",Maçussa,2065-607,39.195915,-8.86899,tfuel - maçussa,tfuel,"rua 25 de abril, 82","1,969 €",2026-05-15_dgeg_postos_raw.csv,79497a72732edc82
2026-05-15,2026-05-15 14:31:32,2026-05-11 08:45:00,6405db91a8f57937,6405db91a8f57937_diesel_regular,Coopben,REPSOL,diesel_regular,Gasóleo simples,Outro,1.964,Alcobaça,Leiria,"Av. Padre Inácio Antunes, 46",Benedita,2475-102,39.42446,-8.97619,coopben,repsol,"av. padre inácio antunes, 46","1,964 €",2026-05-15_dgeg_postos_raw.csv,fe659b949965f760
2026-05-15,2026-05-15 14:31:32,2026-05-11 08:45:00,a5e742be2eb97e32,a5e742be2eb97e32_diesel_regular,TFUEL - CANO,TFUEL,diesel_regular,Gasóleo simples,Outro,2.029,Sousel,Portalegre,Lg  do Rossio n 78,Cano,7470-022,38.96548,-7.76533,tfuel - cano,tfuel,lg do rossio n 78,"2,029 €",2026-05-15_dgeg_postos_raw.csv,9818984291bd3c5a
2026-05-15,2026-05-15 14:31:32,2026-05-11 08:45:00,a5e742be2eb97e32,a5e742be2eb97e32_diesel_premium,TFUEL - CANO,TFUEL,diesel_premium,Gasóleo especial,Outro,2.089,Sousel,Portalegre,Lg  do Rossio n 78,Cano,7470-022,38.96548,-7.76533,tfuel - cano,tfuel,lg do rossio n 78,"2,089 €",2026-05-15_dgeg_postos_raw.csv,7da4878213d5ccb0
2026-05-15,2026-05-15 14:31:32,2026-05-11 08:45:00,a5e742be2eb97e32,a5e742be2eb97e32_gasoline_95,TFUEL - CANO,TFUEL,gasoline_95,Gasolina simples 95,Outro,2.079,Sousel,Portalegre,Lg  do Rossio n 78,Cano,7470-022,38.96548,-7.76533,tfuel - cano,tfuel,lg do rossio n 78,"2,079 €",2026-05-15_dgeg_postos_raw.csv,c79cbe3d0c62d1d2
2026-05-15,2026-05-15 14:31:32,2026-05-11 08:45:00,71ca8294aa7a29b0,71ca8294aa7a29b0_diesel_regular,TFUEL - CASA BRANCA,TFUEL,diesel_regular,Gasóleo simples,Outro,2.039,Sousel,Portalegre,EN 372,Casa Branca,7470-111,38.94685,-7.80222,tfuel - casa branca,tfuel,en 372,"2,039 €",2026-05-15_dgeg_postos_raw.csv,1a643ae260cb584a
2026-05-15,2026-05-15 14:31:32,2026-05-11 08:45:00,71ca8294aa7a29b0,71ca8294aa7a29b0_diesel_premium,TFUEL - CASA BRANCA,TFUEL,diesel_premium,Gasóleo especial,Outro,2.099,Sousel,Portalegre,EN 372,Casa Branca,7470-111,38.94685,-7.80222,tfuel - casa branca,tfuel,en 372,"2,099 €",2026-05-15_dgeg_postos_raw.csv,1150ed329da5fbf5
2026-05-15,2026-05-15 14:31:32,2026-05-11 08:45:00,71ca8294aa7a29b0,71ca8294aa7a29b0_gasoline_95,TFUEL - CASA BRANCA,TFUEL,gasoline_95,Gasolina simples 95,Outro,2.099,Sousel,Portalegre,EN 372,Casa Branca,7470-111,38.94685,-7.80222,tfuel - casa branca,tfuel,en 372,"2,099 €",2026-05-15_dgeg_postos_raw.csv,9fba8eaa44bbc222
2026-05-15,2026-05-15 14:31:32,2026-05-11 08:45:00,ff25862c40cf097d,ff25862c40cf097d_diesel_regular,TFUEL - OLEDO,BP,diesel_regular,Gasóleo simples,Outro,2.089,Castelo Branco,Castelo Branco,"EN 233 Km 87,8",S. Gens,6060-621,39.97335,-7.34772,tfuel - oledo,bp,"en 233 km 87,8","2,089 €",2026-05-15_dgeg_postos_raw.csv,14124dd13f786822
2026-05-15,2026-05-15 14:31:32,2026-05-11 08:45:00,ff25862c40cf097d,ff25862c40cf097d_diesel_premium,TFUEL - OLEDO,BP,diesel_premium,Gasóleo especial,Outro,2.249,Castelo Branco,Castelo Branco,"EN 233 Km 87,8",S. Gens,6060-621,39.97335,-7.34772,tfuel - oledo,bp,"en 233 km 87,8","2,249 €",2026-05-15_dgeg_postos_raw.csv,cac29d270a773dd2
2026-05-15,2026-05-15 14:31:32,2026-05-11 08:45:00,ff25862c40cf097d,ff25862c40cf097d_gasoline_95,TFUEL - OLEDO,BP,gasoline_95,Gasolina simples 95,Outro,2.109,Castelo Branco,Castelo Branco,"EN 233 Km 87,8",S. Gens,6060-621,39.97335,-7.34772,tfuel - oledo,bp,"en 233 km 87,8","2,109 €",2026-05-15_dgeg_postos_raw.csv,d0a05dde43489d8d
2026-05-15,2026-05-15 14:31:32,2026-05-11 08:45:00,ff25862c40cf097d,ff25862c40cf097d_gasoline_98,TFUEL - OLEDO,BP,gasoline_98,Gasolina especial 98,Outro,2.329,Castelo Branco,Castelo Branco,"EN 233 Km 87,8",S. Gens,6060-621,39.97335,-7.34772,tfuel - oledo,bp,"en 233 km 87,8","2,329 €",2026-05-15_dgeg_postos_raw.csv,44adde6a8d74fea2
2026-05-15,2026-05-15 14:31:32,2026-05-11 08:45:00,bcdce17e3409f67e,bcdce17e3409f67e_diesel_regular,E.S. CARRAZEDA ANSIAES,REPSOL,diesel_regular,Gasóleo simples,Outro,1.965,Carrazeda de Ansiães,Bragança,Rua Luis de Camões,Carrazeda de Ansiães,5140-000,41.245579,-7.301582,e.s. carrazeda ansiaes,repsol,rua luis de camões,"1,965 €",2026-05-15_dgeg_postos_raw.csv,2c749801c9672621
2026-05-15,2026-05-15 14:31:32,2026-05-11 08:45:00,bcdce17e3409f67e,bcdce17e3409f67e_diesel_premium,E.S. CARRAZEDA ANSIAES,REPSOL,diesel_premium,Gasóleo especial,Outro,2.045,Carrazeda de Ansiães,Bragança,Rua Luis de Camões,Carrazeda de Ansiães,5140-000,41.245579,-7.301582,e.s. carrazeda ansiaes,repsol,rua luis de camões,"2,045 €",2026-05-15_dgeg_postos_raw.csv,5fe64240fad2da1b
2026-05-15,2026-05-15 14:31:32,2026-05-11 08:45:00,bcdce17e3409f67e,bcdce17e3409f67e_gasoline_95,E.S. CARRAZEDA ANSIAES,REPSOL,gasoline_95,Gasolina simples 95,Outro,2.066,Carrazeda de Ansiães,Bragança,Rua Luis de Camões,Carrazeda de Ansiães,5140-000,41.245579,-7.301582,e.s. carrazeda ansiaes,repsol,rua luis de camões,"2,066 €",2026-05-15_dgeg_postos_raw.csv,dbc2286a01612ae2
2026-05-15,2026-05-15 14:31:32,2026-05-11 08:45:00,bcdce17e3409f67e,bcdce17e3409f67e_gasoline_98,E.S. CARRAZEDA ANSIAES,REPSOL,gasoline_98,Gasolina especial 98,Outro,2.277,Carrazeda de Ansiães,Bragança,Rua Luis de Camões,Carrazeda de Ansiães,5140-000,41.245579,-7.301582,e.s. carrazeda ansiaes,repsol,rua luis de camões,"2,277 €",2026-05-15_dgeg_postos_raw.csv,6c2db390f9cd9333
2026-05-15,2026-05-15 14:31:32,2026-05-11 08:50:00,20313d05e768d618,20313d05e768d618_diesel_regular,BP BARCELOS - BALUGÃES,BP,diesel_regular,Gasóleo simples,Outro,2.074,Barcelos,Braga,"EN 204 km 12,1",Rua Domingos da Cunha,4905-042,41.637307,-8.636548,bp barcelos - balugães,bp,"en 204 km 12,1","2,074 €",2026-05-15_dgeg_postos_raw.csv,fb6a46e7cc8e47e9
2026-05-15,2026-05-15 14:31:32,2026-05-11 08:50:00,20313d05e768d618,20313d05e768d618_diesel_premium,BP BARCELOS - BALUGÃES,BP,diesel_premium,Gasóleo especial,Outro,2.224,Barcelos,Braga,"EN 204 km 12,1",Rua Domingos da Cunha,4905-042,41.637307,-8.636548,bp barcelos - balugães,bp,"en 204 km 12,1","2,224 €",2026-05-15_dgeg_postos_raw.csv,be2b9cd2c63aaac8
2026-05-15,2026-05-15 14:31:32,2026-05-11 08:50:00,20313d05e768d618,20313d05e768d618_gasoline_95,BP BARCELOS - BALUGÃES,BP,gasoline_95,Gasolina simples 95,Outro,2.069,Barcelos,Braga,"EN 204 km 12,1",Rua Domingos da Cunha,4905-042,41.637307,-8.636548,bp barcelos - balugães,bp,"en 204 km 12,1","2,069 €",2026-05-15_dgeg_postos_raw.csv,4df56cd210d483de
2026-05-15,2026-05-15 14:31:32,2026-05-11 08:50:00,20313d05e768d618,20313d05e768d618_gasoline_98,BP BARCELOS - BALUGÃES,BP,gasoline_98,Gasolina especial 98,Outro,2.299,Barcelos,Braga,"EN 204 km 12,1",Rua Domingos da Cunha,4905-042,41.637307,-8.636548,bp barcelos - balugães,bp,"en 204 km 12,1","2,299 €",2026-05-15_dgeg_postos_raw.csv,5b560d0e1b6dd98e
2026-05-15,2026-05-15 14:31:32,2026-05-11 08:50:00,9ea867e8129ab416,9ea867e8129ab416_diesel_regular,AB de Torres Novas,CEPSA,diesel_regular,Gasóleo simples,Outro,1.986,Torres Novas,Santarém,Av. 8 de Julho\r\n,Torres Novas,2350-000,39.47250783,-8.532789084,ab de torres novas,cepsa,av. 8 de julho\r\n,"1,986 €",2026-05-15_dgeg_postos_raw.csv,0be6d43e2a13649e
2026-05-15,2026-05-15 14:31:32,2026-05-11 08:50:00,9ea867e8129ab416,9ea867e8129ab416_diesel_premium,AB de Torres Novas,CEPSA,diesel_premium,Gasóleo especial,Outro,2.036,Torres Novas,Santarém,Av. 8 de Julho\r\n,Torres Novas,2350-000,39.47250783,-8.532789084,ab de torres novas,cepsa,av. 8 de julho\r\n,"2,036 €",2026-05-15_dgeg_postos_raw.csv,dd81d3e30848eeed
2026-05-15,2026-05-15 14:31:32,2026-05-11 08:50:00,9ea867e8129ab416,9ea867e8129ab416_gasoline_95,AB de Torres Novas,CEPSA,gasoline_95,Gasolina simples 95,Outro,1.978,Torres Novas,Santarém,Av. 8 de Julho\r\n,Torres Novas,2350-000,39.47250783,-8.532789084,ab de torres novas,cepsa,av. 8 de julho\r\n,"1,978 €",2026-05-15_dgeg_postos_raw.csv,448fb042061eb443
2026-05-15,2026-05-15 14:31:32,2026-05-11 08:50:00,6000ce1e11e66b19,6000ce1e11e66b19_diesel_regular,TFUEL - PÍNZIO,TFUEL,diesel_regular,Gasóleo simples,Outro,1.939,Almeida,Guarda,EN 16 ao Km 206 - Alto do Freixo,Alto Freixo,6355-071,40.599922,-6.998042,tfuel - pínzio,tfuel,en 16 ao km 206 - alto do freixo,"1,939 €",2026-05-15_dgeg_postos_raw.csv,3de17713bd7551f7
2026-05-15,2026-05-15 14:31:32,2026-05-11 08:50:00,6000ce1e11e66b19,6000ce1e11e66b19_diesel_premium,TFUEL - PÍNZIO,TFUEL,diesel_premium,Gasóleo especial,Outro,1.999,Almeida,Guarda,EN 16 ao Km 206 - Alto do Freixo,Alto Freixo,6355-071,40.599922,-6.998042,tfuel - pínzio,tfuel,en 16 ao km 206 - alto do freixo,"1,999 €",2026-05-15_dgeg_postos_raw.csv,aefd8f38897b1d10
2026-05-15,2026-05-15 14:31:32,2026-05-11 08:50:00,6000ce1e11e66b19,6000ce1e11e66b19_gasoline_95,TFUEL - PÍNZIO,TFUEL,gasoline_95,Gasolina simples 95,Outro,1.979,Almeida,Guarda,EN 16 ao Km 206 - Alto do Freixo,Alto Freixo,6355-071,40.599922,-6.998042,tfuel - pínzio,tfuel,en 16 ao km 206 - alto do freixo,"1,979 €",2026-05-15_dgeg_postos_raw.csv,409dc3492491bf75
2026-05-15,2026-05-15 14:31:32,2026-05-11 08:50:00,234ada937c1e50f6,234ada937c1e50f6_diesel_premium,TFUEL - SOBREIRA FORMOSA,TFUEL,diesel_premium,Gasóleo especial,Outro,1.999,Proença-a-Nova,Castelo Branco,"Zona Industrial de Sobreira Formosa, Lote 11",Sobreira Formosa,6150-737,39.778397,-7.841208,tfuel - sobreira formosa,tfuel,"zona industrial de sobreira formosa, lote 11","1,999 €",2026-05-15_dgeg_postos_raw.csv,5b979f502b4ded2e
2026-05-15,2026-05-15 14:31:32,2026-05-11 08:50:00,234ada937c1e50f6,234ada937c1e50f6_diesel_regular,TFUEL - SOBREIRA FORMOSA,TFUEL,diesel_regular,Gasóleo simples,Outro,1.949,Proença-a-Nova,Castelo Branco,"Zona Industrial de Sobreira Formosa, Lote 11",Sobreira Formosa,6150-737,39.778397,-7.841208,tfuel - sobreira formosa,tfuel,"zona industrial de sobreira formosa, lote 11","1,949 €",2026-05-15_dgeg_postos_raw.csv,b7a996db2c604668
2026-05-15,2026-05-15 14:31:32,2026-05-11 08:50:00,234ada937c1e50f6,234ada937c1e50f6_gasoline_95,TFUEL - SOBREIRA FORMOSA,TFUEL,gasoline_95,Gasolina simples 95,Outro,1.969,Proença-a-Nova,Castelo Branco,"Zona Industrial de Sobreira Formosa, Lote 11",Sobreira Formosa,6150-737,39.778397,-7.841208,tfuel - sobreira formosa,tfuel,"zona industrial de sobreira formosa, lote 11","1,969 €",2026-05-15_dgeg_postos_raw.csv,b70647a8775f2712
2026-05-15,2026-05-15 14:31:32,2026-05-11 08:55:00,108725affc5a4a89,108725affc5a4a89_diesel_regular,BP Estarreja,BP,diesel_regular,Gasóleo simples,Outro,2.104,Estarreja,Aveiro,"R. Dr. Manuel Ferreira da Silva, nº 1 F",Estarreja,3860-210,40.77141,-8.56964,bp estarreja,bp,"r. dr. manuel ferreira da silva, nº 1 f","2,104 €",2026-05-15_dgeg_postos_raw.csv,39933e3f1dd54e5e
2026-05-15,2026-05-15 14:31:32,2026-05-11 08:55:00,108725affc5a4a89,108725affc5a4a89_diesel_premium,BP Estarreja,BP,diesel_premium,Gasóleo especial,Outro,2.224,Estarreja,Aveiro,"R. Dr. Manuel Ferreira da Silva, nº 1 F",Estarreja,3860-210,40.77141,-8.56964,bp estarreja,bp,"r. dr. manuel ferreira da silva, nº 1 f","2,224 €",2026-05-15_dgeg_postos_raw.csv,ac637abf8c12e7c3
2026-05-15,2026-05-15 14:31:32,2026-05-11 08:55:00,108725affc5a4a89,108725affc5a4a89_gasoline_95,BP Estarreja,BP,gasoline_95,Gasolina simples 95,Outro,2.099,Estarreja,Aveiro,"R. Dr. Manuel Ferreira da Silva, nº 1 F",Estarreja,3860-210,40.77141,-8.56964,bp estarreja,bp,"r. dr. manuel ferreira da silva, nº 1 f","2,099 €",2026-05-15_dgeg_postos_raw.csv,4d73c8dde6b851ad
2026-05-15,2026-05-15 14:31:32,2026-05-11 08:55:00,ac17f421690d36be,ac17f421690d36be_diesel_regular,GALP Lavra. - 15006,GALP,diesel_regular,Gasóleo simples,Outro,2.055,Matosinhos,Porto,Posto Galp-R.Angeiras 72,Lavra,4455-035,41.26519,-8.7269,galp lavra. - 15006,galp,posto galp-r.angeiras 72,"2,055 €",2026-05-15_dgeg_postos_raw.csv,ff21562f666dd7f3
2026-05-15,2026-05-15 14:31:32,2026-05-11 08:55:00,ac17f421690d36be,ac17f421690d36be_diesel_premium,GALP Lavra. - 15006,GALP,diesel_premium,Gasóleo especial,Outro,2.11,Matosinhos,Porto,Posto Galp-R.Angeiras 72,Lavra,4455-035,41.26519,-8.7269,galp lavra. - 15006,galp,posto galp-r.angeiras 72,"2,110 €",2026-05-15_dgeg_postos_raw.csv,746de787c5787490
2026-05-15,2026-05-15 14:31:32,2026-05-11 08:55:00,ac17f421690d36be,ac17f421690d36be_gasoline_95,GALP Lavra. - 15006,GALP,gasoline_95,Gasolina simples 95,Outro,2.051,Matosinhos,Porto,Posto Galp-R.Angeiras 72,Lavra,4455-035,41.26519,-8.7269,galp lavra. - 15006,galp,posto galp-r.angeiras 72,"2,051 €",2026-05-15_dgeg_postos_raw.csv,f27459dde8d322d7
2026-05-15,2026-05-15 14:31:32,2026-05-11 08:55:00,b957d209aab981a0,b957d209aab981a0_gasoline_98,CEPSA VALE DE CAMBRA,CEPSA,gasoline_98,Gasolina especial 98,Outro,2.24,Vale de Cambra,Aveiro,Rua Dom Tomáz Gomes de Almeida,Mártir,3730-069,40.830406,-8.399028,cepsa vale de cambra,cepsa,rua dom tomáz gomes de almeida,"2,240 €",2026-05-15_dgeg_postos_raw.csv,47bae13b47a6a025
2026-05-15,2026-05-15 14:31:32,2026-05-11 08:55:00,87b32cd22f51513d,87b32cd22f51513d_diesel_regular,Primos Soares & Irmãos Ldª,ETC,diesel_regular,Gasóleo simples,Outro,1.989,Vila Nova de Paiva,Viseu,EN 329,Vale do Carro,3650-201,40.863808,-7.747667,primos soares & irmãos ldª,etc,en 329,"1,989 €",2026-05-15_dgeg_postos_raw.csv,e030b3c3c6696b29
2026-05-15,2026-05-15 14:31:32,2026-05-11 08:55:00,87b32cd22f51513d,87b32cd22f51513d_diesel_premium,Primos Soares & Irmãos Ldª,ETC,diesel_premium,Gasóleo especial,Outro,2.039,Vila Nova de Paiva,Viseu,EN 329,Vale do Carro,3650-201,40.863808,-7.747667,primos soares & irmãos ldª,etc,en 329,"2,039 €",2026-05-15_dgeg_postos_raw.csv,738401a514c875d6
2026-05-15,2026-05-15 14:31:32,2026-05-11 08:55:00,87b32cd22f51513d,87b32cd22f51513d_gasoline_95,Primos Soares & Irmãos Ldª,ETC,gasoline_95,Gasolina simples 95,Outro,1.979,Vila Nova de Paiva,Viseu,EN 329,Vale do Carro,3650-201,40.863808,-7.747667,primos soares & irmãos ldª,etc,en 329,"1,979 €",2026-05-15_dgeg_postos_raw.csv,e559892b4ca4c112
2026-05-15,2026-05-15 14:31:32,2026-05-11 08:55:00,d0ac2774c8d624ed,d0ac2774c8d624ed_diesel_regular,E.S. BEJA II,REPSOL,diesel_regular,Gasóleo simples,Outro,2.049,Beja,Beja,Estrada de Acesso ao Bairro da Esperança S/N,Beja,7800-103,38.0226,-7.8493,e.s. beja ii,repsol,estrada de acesso ao bairro da esperança s/n,"2,049 €",2026-05-15_dgeg_postos_raw.csv,387b79f93fdecf6e
2026-05-15,2026-05-15 14:31:32,2026-05-11 08:55:00,d0ac2774c8d624ed,d0ac2774c8d624ed_diesel_premium,E.S. BEJA II,REPSOL,diesel_premium,Gasóleo especial,Outro,2.109,Beja,Beja,Estrada de Acesso ao Bairro da Esperança S/N,Beja,7800-103,38.0226,-7.8493,e.s. beja ii,repsol,estrada de acesso ao bairro da esperança s/n,"2,109 €",2026-05-15_dgeg_postos_raw.csv,2467f1d53e458722
2026-05-15,2026-05-15 14:31:32,2026-05-11 08:55:00,d0ac2774c8d624ed,d0ac2774c8d624ed_gasoline_95,E.S. BEJA II,REPSOL,gasoline_95,Gasolina simples 95,Outro,2.047,Beja,Beja,Estrada de Acesso ao Bairro da Esperança S/N,Beja,7800-103,38.0226,-7.8493,e.s. beja ii,repsol,estrada de acesso ao bairro da esperança s/n,"2,047 €",2026-05-15_dgeg_postos_raw.csv,ca114ce375d8fee6
2026-05-15,2026-05-15 14:31:32,2026-05-11 08:55:00,5ba1c05dfa2b397c,5ba1c05dfa2b397c_diesel_regular,"Cooperativa Agrícola de Rio Maior, CRL",GALP,diesel_regular,Gasóleo simples,Outro,1.959,Rio Maior,Santarém,Estrada de Santarém,Rio Maior,2040-335,39.3334,-8.92962,"cooperativa agrícola de rio maior, crl",galp,estrada de santarém,"1,959 €",2026-05-15_dgeg_postos_raw.csv,6bcaee390bba35bc
2026-05-15,2026-05-15 14:31:32,2026-05-11 08:55:00,5ba1c05dfa2b397c,5ba1c05dfa2b397c_diesel_premium,"Cooperativa Agrícola de Rio Maior, CRL",GALP,diesel_premium,Gasóleo especial,Outro,1.979,Rio Maior,Santarém,Estrada de Santarém,Rio Maior,2040-335,39.3334,-8.92962,"cooperativa agrícola de rio maior, crl",galp,estrada de santarém,"1,979 €",2026-05-15_dgeg_postos_raw.csv,c98361c8aa28782e
2026-05-15,2026-05-15 14:31:32,2026-05-11 08:55:00,5ba1c05dfa2b397c,5ba1c05dfa2b397c_gasoline_95,"Cooperativa Agrícola de Rio Maior, CRL",GALP,gasoline_95,Gasolina simples 95,Outro,1.962,Rio Maior,Santarém,Estrada de Santarém,Rio Maior,2040-335,39.3334,-8.92962,"cooperativa agrícola de rio maior, crl",galp,estrada de santarém,"1,962 €",2026-05-15_dgeg_postos_raw.csv,d7fc21e125c9f18f
2026-05-15,2026-05-15 14:31:32,2026-05-11 08:55:00,8fad9f03d38cd479,8fad9f03d38cd479_diesel_regular,E.S. TAIPAS,REPSOL,diesel_regular,Gasóleo simples,Outro,2.019,Guimarães,Braga,Lugar Porta da Igrejas. Martinho de Sande,Caldas das Taípas,4800-826,41.494,-8.36231,e.s. taipas,repsol,lugar porta da igrejas. martinho de sande,"2,019 €",2026-05-15_dgeg_postos_raw.csv,1336e564f1bdc042
2026-05-15,2026-05-15 14:31:32,2026-05-11 08:55:00,8fad9f03d38cd479,8fad9f03d38cd479_diesel_premium,E.S. TAIPAS,REPSOL,diesel_premium,Gasóleo especial,Outro,2.079,Guimarães,Braga,Lugar Porta da Igrejas. Martinho de Sande,Caldas das Taípas,4800-826,41.494,-8.36231,e.s. taipas,repsol,lugar porta da igrejas. martinho de sande,"2,079 €",2026-05-15_dgeg_postos_raw.csv,250941fe98b836f0
2026-05-15,2026-05-15 14:31:32,2026-05-11 08:55:00,8fad9f03d38cd479,8fad9f03d38cd479_gasoline_95,E.S. TAIPAS,REPSOL,gasoline_95,Gasolina simples 95,Outro,2.017,Guimarães,Braga,Lugar Porta da Igrejas. Martinho de Sande,Caldas das Taípas,4800-826,41.494,-8.36231,e.s. taipas,repsol,lugar porta da igrejas. martinho de sande,"2,017 €",2026-05-15_dgeg_postos_raw.csv,c91c0f4e776cdb03
2026-05-15,2026-05-15 14:31:32,2026-05-11 08:55:00,8fad9f03d38cd479,8fad9f03d38cd479_gasoline_98,E.S. TAIPAS,REPSOL,gasoline_98,Gasolina especial 98,Outro,2.197,Guimarães,Braga,Lugar Porta da Igrejas. Martinho de Sande,Caldas das Taípas,4800-826,41.494,-8.36231,e.s. taipas,repsol,lugar porta da igrejas. martinho de sande,"2,197 €",2026-05-15_dgeg_postos_raw.csv,37dc4a5772c6cd14
2026-05-15,2026-05-15 14:31:32,2026-05-11 08:55:00,b957d209aab981a0,b957d209aab981a0_diesel_regular,CEPSA VALE DE CAMBRA,CEPSA,diesel_regular,Gasóleo simples,Outro,2.036,Vale de Cambra,Aveiro,Rua Dom Tomáz Gomes de Almeida,Mártir,3730-069,40.830406,-8.399028,cepsa vale de cambra,cepsa,rua dom tomáz gomes de almeida,"2,036 €",2026-05-15_dgeg_postos_raw.csv,3ccc97960ec84a19
2026-05-15,2026-05-15 14:31:32,2026-05-11 08:55:00,b957d209aab981a0,b957d209aab981a0_diesel_premium,CEPSA VALE DE CAMBRA,CEPSA,diesel_premium,Gasóleo especial,Outro,2.086,Vale de Cambra,Aveiro,Rua Dom Tomáz Gomes de Almeida,Mártir,3730-069,40.830406,-8.399028,cepsa vale de cambra,cepsa,rua dom tomáz gomes de almeida,"2,086 €",2026-05-15_dgeg_postos_raw.csv,76fa138c756e201c
2026-05-15,2026-05-15 14:31:32,2026-05-11 08:55:00,b957d209aab981a0,b957d209aab981a0_gasoline_95,CEPSA VALE DE CAMBRA,CEPSA,gasoline_95,Gasolina simples 95,Outro,2.028,Vale de Cambra,Aveiro,Rua Dom Tomáz Gomes de Almeida,Mártir,3730-069,40.830406,-8.399028,cepsa vale de cambra,cepsa,rua dom tomáz gomes de almeida,"2,028 €",2026-05-15_dgeg_postos_raw.csv,d399dfb60e80c513
2026-05-15,2026-05-15 14:31:32,2026-05-11 09:00:00,7d2ef752e3686ab6,7d2ef752e3686ab6_diesel_regular,BP de Paços de Brandão,BP,diesel_regular,Gasóleo simples,Outro,2.074,Santa Maria da Feira,Aveiro,Av. Monte de Cima nº 255,Paços Brandão,4535-268,40.974328,-8.581494,bp de paços de brandão,bp,av. monte de cima nº 255,"2,074 €",2026-05-15_dgeg_postos_raw.csv,d066e44ae5afc9dc
2026-05-15,2026-05-15 14:31:32,2026-05-11 09:00:00,7d2ef752e3686ab6,7d2ef752e3686ab6_diesel_premium,BP de Paços de Brandão,BP,diesel_premium,Gasóleo especial,Outro,2.224,Santa Maria da Feira,Aveiro,Av. Monte de Cima nº 255,Paços Brandão,4535-268,40.974328,-8.581494,bp de paços de brandão,bp,av. monte de cima nº 255,"2,224 €",2026-05-15_dgeg_postos_raw.csv,5c94bcbf6eee501d
2026-05-15,2026-05-15 14:31:32,2026-05-11 09:00:00,7d2ef752e3686ab6,7d2ef752e3686ab6_gasoline_95,BP de Paços de Brandão,BP,gasoline_95,Gasolina simples 95,Outro,2.069,Santa Maria da Feira,Aveiro,Av. Monte de Cima nº 255,Paços Brandão,4535-268,40.974328,-8.581494,bp de paços de brandão,bp,av. monte de cima nº 255,"2,069 €",2026-05-15_dgeg_postos_raw.csv,089ef5691d5e32f5
2026-05-15,2026-05-15 14:31:32,2026-05-11 09:00:00,4a2e98f999f58ae4,4a2e98f999f58ae4_diesel_regular,P. A. Recta do Pinhal,BP,diesel_regular,Gasóleo simples,Outro,2.019,Sertã,Castelo Branco,Recta do Pinhal,Sertã,6100-751,39.79967,-8.09258,p. a. recta do pinhal,bp,recta do pinhal,"2,019 €",2026-05-15_dgeg_postos_raw.csv,d17a5a135c6eddf8
2026-05-15,2026-05-15 14:31:32,2026-05-11 09:00:00,4a2e98f999f58ae4,4a2e98f999f58ae4_diesel_premium,P. A. Recta do Pinhal,BP,diesel_premium,Gasóleo especial,Outro,2.079,Sertã,Castelo Branco,Recta do Pinhal,Sertã,6100-751,39.79967,-8.09258,p. a. recta do pinhal,bp,recta do pinhal,"2,079 €",2026-05-15_dgeg_postos_raw.csv,51122085a8e71ebe
2026-05-15,2026-05-15 14:31:32,2026-05-11 09:00:00,4a2e98f999f58ae4,4a2e98f999f58ae4_gasoline_95,P. A. Recta do Pinhal,BP,gasoline_95,Gasolina simples 95,Outro,2.029,Sertã,Castelo Branco,Recta do Pinhal,Sertã,6100-751,39.79967,-8.09258,p. a. recta do pinhal,bp,recta do pinhal,"2,029 €",2026-05-15_dgeg_postos_raw.csv,8b8595241d93d45e
2026-05-15,2026-05-15 14:31:32,2026-05-11 09:00:00,03fecb7abbf1c076,03fecb7abbf1c076_diesel_regular,"Marcelima-Energy, Lda - Orvalho",FREITAS,diesel_regular,Gasóleo simples,Outro,2.059,Oleiros,Castelo Branco,Lugar da Costa,Orvalho,6185-303,40.0257,-7.79607,"marcelima-energy, lda - orvalho",freitas,lugar da costa,"2,059 €",2026-05-15_dgeg_postos_raw.csv,98b57dd8771a42a5
2026-05-15,2026-05-15 14:31:32,2026-05-11 09:00:00,03fecb7abbf1c076,03fecb7abbf1c076_diesel_premium,"Marcelima-Energy, Lda - Orvalho",FREITAS,diesel_premium,Gasóleo especial,Outro,2.079,Oleiros,Castelo Branco,Lugar da Costa,Orvalho,6185-303,40.0257,-7.79607,"marcelima-energy, lda - orvalho",freitas,lugar da costa,"2,079 €",2026-05-15_dgeg_postos_raw.csv,94331b15a956ef36
2026-05-15,2026-05-15 14:31:32,2026-05-11 09:00:00,03fecb7abbf1c076,03fecb7abbf1c076_gasoline_95,"Marcelima-Energy, Lda - Orvalho",FREITAS,gasoline_95,Gasolina simples 95,Outro,2.062,Oleiros,Castelo Branco,Lugar da Costa,Orvalho,6185-303,40.0257,-7.79607,"marcelima-energy, lda - orvalho",freitas,lugar da costa,"2,062 €",2026-05-15_dgeg_postos_raw.csv,b01bdad816712614
2026-05-15,2026-05-15 14:31:32,2026-05-11 09:00:00,f9c9eabd2e782e6f,f9c9eabd2e782e6f_diesel_regular,"Vendavall - Comércio, Lda.",FREITAS,diesel_regular,Gasóleo simples,Outro,2.059,Pampilhosa da Serra,Coimbra,Portela de Unhais,Portela de Unhais,3320-365,40.12435,-7.80061,"vendavall - comércio, lda.",freitas,portela de unhais,"2,059 €",2026-05-15_dgeg_postos_raw.csv,6e95909c01840de2
2026-05-15,2026-05-15 14:31:32,2026-05-11 09:00:00,f9c9eabd2e782e6f,f9c9eabd2e782e6f_diesel_premium,"Vendavall - Comércio, Lda.",FREITAS,diesel_premium,Gasóleo especial,Outro,2.079,Pampilhosa da Serra,Coimbra,Portela de Unhais,Portela de Unhais,3320-365,40.12435,-7.80061,"vendavall - comércio, lda.",freitas,portela de unhais,"2,079 €",2026-05-15_dgeg_postos_raw.csv,ddce3d07eeff092f
2026-05-15,2026-05-15 14:31:32,2026-05-11 09:00:00,f9c9eabd2e782e6f,f9c9eabd2e782e6f_gasoline_95,"Vendavall - Comércio, Lda.",FREITAS,gasoline_95,Gasolina simples 95,Outro,2.062,Pampilhosa da Serra,Coimbra,Portela de Unhais,Portela de Unhais,3320-365,40.12435,-7.80061,"vendavall - comércio, lda.",freitas,portela de unhais,"2,062 €",2026-05-15_dgeg_postos_raw.csv,d6ae1be9a5bbc64c
2026-05-15,2026-05-15 14:31:32,2026-05-11 09:00:00,ea2118ed63a6770b,ea2118ed63a6770b_diesel_premium,"Marcelima-Energy,Lda",FREITAS,diesel_premium,Gasóleo especial,Outro,2.079,Pampilhosa da Serra,Coimbra,EN 112,Portela do Gavião,3320-000,40.04343,-7.88857,"marcelima-energy,lda",freitas,en 112,"2,079 €",2026-05-15_dgeg_postos_raw.csv,d2aa6f4bae24f76e
2026-05-15,2026-05-15 14:31:32,2026-05-11 09:00:00,a0dc33cac72293be,a0dc33cac72293be_diesel_regular,BP Bragança (Petrograndais),BP,diesel_regular,Gasóleo simples,Outro,2.104,Bragança,Bragança,"Avenida Abade de Baçal (EN103) Estrada de Vinhais, Cruzamento de Donai",Bragança,5300-484,41.8082,-6.792596,bp bragança (petrograndais),bp,"avenida abade de baçal (en103) estrada de vinhais, cruzamento de donai","2,104 €",2026-05-15_dgeg_postos_raw.csv,763c2226e557235b
2026-05-15,2026-05-15 14:31:32,2026-05-11 09:00:00,a0dc33cac72293be,a0dc33cac72293be_diesel_premium,BP Bragança (Petrograndais),BP,diesel_premium,Gasóleo especial,Outro,2.224,Bragança,Bragança,"Avenida Abade de Baçal (EN103) Estrada de Vinhais, Cruzamento de Donai",Bragança,5300-484,41.8082,-6.792596,bp bragança (petrograndais),bp,"avenida abade de baçal (en103) estrada de vinhais, cruzamento de donai","2,224 €",2026-05-15_dgeg_postos_raw.csv,e7d7fb7a601915e2
2026-05-15,2026-05-15 14:31:32,2026-05-11 09:00:00,ea2118ed63a6770b,ea2118ed63a6770b_diesel_regular,"Marcelima-Energy,Lda",FREITAS,diesel_regular,Gasóleo simples,Outro,2.059,Pampilhosa da Serra,Coimbra,EN 112,Portela do Gavião,3320-000,40.04343,-7.88857,"marcelima-energy,lda",freitas,en 112,"2,059 €",2026-05-15_dgeg_postos_raw.csv,62841d893fd7bcab
2026-05-15,2026-05-15 14:31:32,2026-05-11 09:00:00,ea2118ed63a6770b,ea2118ed63a6770b_gasoline_95,"Marcelima-Energy,Lda",FREITAS,gasoline_95,Gasolina simples 95,Outro,2.062,Pampilhosa da Serra,Coimbra,EN 112,Portela do Gavião,3320-000,40.04343,-7.88857,"marcelima-energy,lda",freitas,en 112,"2,062 €",2026-05-15_dgeg_postos_raw.csv,f63eaf56651a4329
2026-05-15,2026-05-15 14:31:32,2026-05-11 09:00:00,ec26428d61e78194,ec26428d61e78194_diesel_regular,RE - BRAGA,REDE ENERGIA,diesel_regular,Gasóleo simples,Outro,1.873,Braga,Braga,"Rua Padre Cruz, Nº 5\nMaximinos\n",Braga,4700-236,41.539,-8.43849,re - braga,rede energia,"rua padre cruz, nº 5\nmaximinos\n","1,873 €",2026-05-15_dgeg_postos_raw.csv,5a136154775c3545
2026-05-15,2026-05-15 14:31:32,2026-05-11 09:00:00,ec26428d61e78194,ec26428d61e78194_diesel_premium,RE - BRAGA,REDE ENERGIA,diesel_premium,Gasóleo especial,Outro,1.893,Braga,Braga,"Rua Padre Cruz, Nº 5\nMaximinos\n",Braga,4700-236,41.539,-8.43849,re - braga,rede energia,"rua padre cruz, nº 5\nmaximinos\n","1,893 €",2026-05-15_dgeg_postos_raw.csv,31e710d90afc1d9f
2026-05-15,2026-05-15 14:31:32,2026-05-11 09:00:00,ec26428d61e78194,ec26428d61e78194_gasoline_95,RE - BRAGA,REDE ENERGIA,gasoline_95,Gasolina simples 95,Outro,1.863,Braga,Braga,"Rua Padre Cruz, Nº 5\nMaximinos\n",Braga,4700-236,41.539,-8.43849,re - braga,rede energia,"rua padre cruz, nº 5\nmaximinos\n","1,863 €",2026-05-15_dgeg_postos_raw.csv,62459226c1054e74
2026-05-15,2026-05-15 14:31:32,2026-05-11 09:00:00,7d2ef752e3686ab6,7d2ef752e3686ab6_gasoline_98,BP de Paços de Brandão,BP,gasoline_98,Gasolina especial 98,Outro,2.299,Santa Maria da Feira,Aveiro,Av. Monte de Cima nº 255,Paços Brandão,4535-268,40.974328,-8.581494,bp de paços de brandão,bp,av. monte de cima nº 255,"2,299 €",2026-05-15_dgeg_postos_raw.csv,b641012fbffae25a
2026-05-15,2026-05-15 14:31:32,2026-05-11 09:00:00,a0dc33cac72293be,a0dc33cac72293be_gasoline_95,BP Bragança (Petrograndais),BP,gasoline_95,Gasolina simples 95,Outro,2.099,Bragança,Bragança,"Avenida Abade de Baçal (EN103) Estrada de Vinhais, Cruzamento de Donai",Bragança,5300-484,41.8082,-6.792596,bp bragança (petrograndais),bp,"avenida abade de baçal (en103) estrada de vinhais, cruzamento de donai","2,099 €",2026-05-15_dgeg_postos_raw.csv,fe141d5ec88be9dd
2026-05-15,2026-05-15 14:31:32,2026-05-11 09:00:00,1af9c70e79805f6a,1af9c70e79805f6a_diesel_regular,BP SÃO PAIO DE OLEIROS,BP,diesel_regular,Gasóleo simples,Outro,2.074,Santa Maria da Feira,Aveiro,RUA COMENDADOR SA COUTO,SANTA MARIA DA FEIRA,4535-439,40.983985,-8.593444,bp são paio de oleiros,bp,rua comendador sa couto,"2,074 €",2026-05-15_dgeg_postos_raw.csv,91ac0d0e424360f7
2026-05-15,2026-05-15 14:31:32,2026-05-11 09:00:00,1af9c70e79805f6a,1af9c70e79805f6a_gasoline_95,BP SÃO PAIO DE OLEIROS,BP,gasoline_95,Gasolina simples 95,Outro,2.069,Santa Maria da Feira,Aveiro,RUA COMENDADOR SA COUTO,SANTA MARIA DA FEIRA,4535-439,40.983985,-8.593444,bp são paio de oleiros,bp,rua comendador sa couto,"2,069 €",2026-05-15_dgeg_postos_raw.csv,7a0bca92ea839c10
2026-05-15,2026-05-15 14:31:32,2026-05-11 09:00:00,1af9c70e79805f6a,1af9c70e79805f6a_diesel_premium,BP SÃO PAIO DE OLEIROS,BP,diesel_premium,Gasóleo especial,Outro,2.224,Santa Maria da Feira,Aveiro,RUA COMENDADOR SA COUTO,SANTA MARIA DA FEIRA,4535-439,40.983985,-8.593444,bp são paio de oleiros,bp,rua comendador sa couto,"2,224 €",2026-05-15_dgeg_postos_raw.csv,cc0d5691c7f0f018
2026-05-15,2026-05-15 14:31:32,2026-05-11 09:00:00,7f196f8f74119cea,7f196f8f74119cea_diesel_premium,E.LECLERC BOBADELA,LECLERC,diesel_premium,Gasóleo especial,Outro,1.899,Loures,Lisboa,"EN 10, Km 140",Bobadela,2695-444,38.80802,-9.09503,e.leclerc bobadela,leclerc,"en 10, km 140","1,899 €",2026-05-15_dgeg_postos_raw.csv,1d389c38cbfeb438
2026-05-15,2026-05-15 14:31:32,2026-05-11 09:00:00,7f196f8f74119cea,7f196f8f74119cea_diesel_regular,E.LECLERC BOBADELA,LECLERC,diesel_regular,Gasóleo simples,Outro,1.879,Loures,Lisboa,"EN 10, Km 140",Bobadela,2695-444,38.80802,-9.09503,e.leclerc bobadela,leclerc,"en 10, km 140","1,879 €",2026-05-15_dgeg_postos_raw.csv,8a531c41f68dc6d7
2026-05-15,2026-05-15 14:31:32,2026-05-11 09:00:00,7f196f8f74119cea,7f196f8f74119cea_gasoline_95,E.LECLERC BOBADELA,LECLERC,gasoline_95,Gasolina simples 95,Outro,1.869,Loures,Lisboa,"EN 10, Km 140",Bobadela,2695-444,38.80802,-9.09503,e.leclerc bobadela,leclerc,"en 10, km 140","1,869 €",2026-05-15_dgeg_postos_raw.csv,1077fef9923d77c1
2026-05-15,2026-05-15 14:31:32,2026-05-11 09:00:00,35d35022f7caf2a1,35d35022f7caf2a1_diesel_regular,CEPSA  Marina de Cascais,CEPSA,diesel_regular,Gasóleo simples,Outro,2.156,Cascais,Lisboa,Marina de Cascais,Cascais,2750-800,38.69325,-9.41548,cepsa marina de cascais,cepsa,marina de cascais,"2,156 €",2026-05-15_dgeg_postos_raw.csv,dfde3fed6a26617b
2026-05-15,2026-05-15 14:31:32,2026-05-11 09:00:00,35d35022f7caf2a1,35d35022f7caf2a1_gasoline_95,CEPSA  Marina de Cascais,CEPSA,gasoline_95,Gasolina simples 95,Outro,2.145,Cascais,Lisboa,Marina de Cascais,Cascais,2750-800,38.69325,-9.41548,cepsa marina de cascais,cepsa,marina de cascais,"2,145 €",2026-05-15_dgeg_postos_raw.csv,a2a9d2ca68b2b9fa
2026-05-15,2026-05-15 14:31:32,2026-05-11 09:05:00,b372d8d4b6534c63,b372d8d4b6534c63_diesel_regular,Posição 16015 GALP - CALVÃO,GALP,diesel_regular,Gasóleo simples,Outro,2.055,Vagos,Aveiro,"E.N.109 Km 77,280",Calvão,3840-041,40.476048,-8.695474,posição 16015 galp - calvão,galp,"e.n.109 km 77,280","2,055 €",2026-05-15_dgeg_postos_raw.csv,c83c18441c9cb66b
2026-05-15,2026-05-15 14:31:32,2026-05-11 09:05:00,b372d8d4b6534c63,b372d8d4b6534c63_diesel_premium,Posição 16015 GALP - CALVÃO,GALP,diesel_premium,Gasóleo especial,Outro,2.105,Vagos,Aveiro,"E.N.109 Km 77,280",Calvão,3840-041,40.476048,-8.695474,posição 16015 galp - calvão,galp,"e.n.109 km 77,280","2,105 €",2026-05-15_dgeg_postos_raw.csv,962db9600f6f7bd8
2026-05-15,2026-05-15 14:31:32,2026-05-11 09:05:00,b372d8d4b6534c63,b372d8d4b6534c63_gasoline_95,Posição 16015 GALP - CALVÃO,GALP,gasoline_95,Gasolina simples 95,Outro,2.051,Vagos,Aveiro,"E.N.109 Km 77,280",Calvão,3840-041,40.476048,-8.695474,posição 16015 galp - calvão,galp,"e.n.109 km 77,280","2,051 €",2026-05-15_dgeg_postos_raw.csv,fdf8f76a23075b23
2026-05-15,2026-05-15 14:31:32,2026-05-11 09:05:00,b372d8d4b6534c63,b372d8d4b6534c63_gasoline_98,Posição 16015 GALP - CALVÃO,GALP,gasoline_98,Gasolina especial 98,Outro,2.261,Vagos,Aveiro,"E.N.109 Km 77,280",Calvão,3840-041,40.476048,-8.695474,posição 16015 galp - calvão,galp,"e.n.109 km 77,280","2,261 €",2026-05-15_dgeg_postos_raw.csv,ebcd375cc60e4a53
2026-05-15,2026-05-15 14:31:32,2026-05-11 09:05:00,b8c49ba9079e7f08,b8c49ba9079e7f08_diesel_regular,Posto Sodimapi Felgueiras,Genérico,diesel_regular,Gasóleo simples,Outro,2.029,Felgueiras,Porto,"Lameiro-Morto, Sendim",Sendim,4610-750,41.377384,-8.172588,posto sodimapi felgueiras,genérico,"lameiro-morto, sendim","2,029 €",2026-05-15_dgeg_postos_raw.csv,40c0f37861edbd9d
2026-05-15,2026-05-15 14:31:32,2026-05-11 09:05:00,b8c49ba9079e7f08,b8c49ba9079e7f08_gasoline_95,Posto Sodimapi Felgueiras,Genérico,gasoline_95,Gasolina simples 95,Outro,2.027,Felgueiras,Porto,"Lameiro-Morto, Sendim",Sendim,4610-750,41.377384,-8.172588,posto sodimapi felgueiras,genérico,"lameiro-morto, sendim","2,027 €",2026-05-15_dgeg_postos_raw.csv,11e374b8afbef56b
2026-05-15,2026-05-15 14:31:32,2026-05-11 09:05:00,962b6b07690bcf98,962b6b07690bcf98_diesel_regular,Posto Abastecimento Zona Industrial da Adua,REDE ENERGIA,diesel_regular,Gasóleo simples,Outro,1.969,Montemor-o-Novo,Évora,"Zona Industrial da Adua, Lote I-11",Montemor-o-Novo,7054-909,38.6554,-8.18558,posto abastecimento zona industrial da adua,rede energia,"zona industrial da adua, lote i-11","1,969 €",2026-05-15_dgeg_postos_raw.csv,3e5af4b6e44460d4
2026-05-15,2026-05-15 14:31:32,2026-05-11 09:05:00,962b6b07690bcf98,962b6b07690bcf98_diesel_premium,Posto Abastecimento Zona Industrial da Adua,REDE ENERGIA,diesel_premium,Gasóleo especial,Outro,1.979,Montemor-o-Novo,Évora,"Zona Industrial da Adua, Lote I-11",Montemor-o-Novo,7054-909,38.6554,-8.18558,posto abastecimento zona industrial da adua,rede energia,"zona industrial da adua, lote i-11","1,979 €",2026-05-15_dgeg_postos_raw.csv,d632466ebb4b5de5
2026-05-15,2026-05-15 14:31:32,2026-05-11 09:05:00,962b6b07690bcf98,962b6b07690bcf98_gasoline_95,Posto Abastecimento Zona Industrial da Adua,REDE ENERGIA,gasoline_95,Gasolina simples 95,Outro,1.972,Montemor-o-Novo,Évora,"Zona Industrial da Adua, Lote I-11",Montemor-o-Novo,7054-909,38.6554,-8.18558,posto abastecimento zona industrial da adua,rede energia,"zona industrial da adua, lote i-11","1,972 €",2026-05-15_dgeg_postos_raw.csv,1efcdcfce37fbf88
2026-05-15,2026-05-15 14:31:32,2026-05-11 09:05:00,b8c49ba9079e7f08,b8c49ba9079e7f08_diesel_premium,Posto Sodimapi Felgueiras,Genérico,diesel_premium,Gasóleo especial,Outro,2.079,Felgueiras,Porto,"Lameiro-Morto, Sendim",Sendim,4610-750,41.377384,-8.172588,posto sodimapi felgueiras,genérico,"lameiro-morto, sendim","2,079 €",2026-05-15_dgeg_postos_raw.csv,cd63219605e77c5d
2026-05-15,2026-05-15 14:31:32,2026-05-11 09:05:00,baed1a06e2c19e13,baed1a06e2c19e13_diesel_regular,RE - CARVIDE,REDE ENERGIA,diesel_regular,Gasóleo simples,Outro,1.929,Leiria,Leiria,R. Principal 1251,Carvide,2425-345,39.85741,-8.88404,re - carvide,rede energia,r. principal 1251,"1,929 €",2026-05-15_dgeg_postos_raw.csv,223fb39663074fa3
2026-05-15,2026-05-15 14:31:32,2026-05-11 09:05:00,baed1a06e2c19e13,baed1a06e2c19e13_diesel_premium,RE - CARVIDE,REDE ENERGIA,diesel_premium,Gasóleo especial,Outro,1.959,Leiria,Leiria,R. Principal 1251,Carvide,2425-345,39.85741,-8.88404,re - carvide,rede energia,r. principal 1251,"1,959 €",2026-05-15_dgeg_postos_raw.csv,ba4181c460eb871c
2026-05-15,2026-05-15 14:31:32,2026-05-11 09:05:00,baed1a06e2c19e13,baed1a06e2c19e13_gasoline_95,RE - CARVIDE,REDE ENERGIA,gasoline_95,Gasolina simples 95,Outro,1.922,Leiria,Leiria,R. Principal 1251,Carvide,2425-345,39.85741,-8.88404,re - carvide,rede energia,r. principal 1251,"1,922 €",2026-05-15_dgeg_postos_raw.csv,0c4415520cecd665
2026-05-15,2026-05-15 14:31:32,2026-05-11 09:05:00,a2a949caee7fc20f,a2a949caee7fc20f_diesel_regular,Cepsa Oliveira do Bairro,CEPSA,diesel_regular,Gasóleo simples,Outro,1.928,Oliveira do Bairro,Aveiro,Est. Vila Verde,Vila Verde,3770-305,40.50667,-8.536321,cepsa oliveira do bairro,cepsa,est. vila verde,"1,928 €",2026-05-15_dgeg_postos_raw.csv,a401c7f610810c82
2026-05-15,2026-05-15 14:31:32,2026-05-11 09:05:00,a2a949caee7fc20f,a2a949caee7fc20f_diesel_premium,Cepsa Oliveira do Bairro,CEPSA,diesel_premium,Gasóleo especial,Outro,1.977,Oliveira do Bairro,Aveiro,Est. Vila Verde,Vila Verde,3770-305,40.50667,-8.536321,cepsa oliveira do bairro,cepsa,est. vila verde,"1,977 €",2026-05-15_dgeg_postos_raw.csv,5164a5a592ec1b0b
2026-05-15,2026-05-15 14:31:32,2026-05-11 09:05:00,a2a949caee7fc20f,a2a949caee7fc20f_gasoline_95,Cepsa Oliveira do Bairro,CEPSA,gasoline_95,Gasolina simples 95,Outro,1.92,Oliveira do Bairro,Aveiro,Est. Vila Verde,Vila Verde,3770-305,40.50667,-8.536321,cepsa oliveira do bairro,cepsa,est. vila verde,"1,920 €",2026-05-15_dgeg_postos_raw.csv,997bd9ae01905457
2026-05-15,2026-05-15 14:31:32,2026-05-11 09:05:00,2d2a75c09b3d0f86,2d2a75c09b3d0f86_diesel_regular,Amor,REDE ENERGIA,diesel_regular,Gasóleo simples,Outro,1.929,Leiria,Leiria,EN 349-1 Km8 (Rua Padre Margalhau),Barreiros-Pinhal da Guarda,2400-763,39.79323,-8.85284,amor,rede energia,en 349-1 km8 (rua padre margalhau),"1,929 €",2026-05-15_dgeg_postos_raw.csv,82fce2f9b781a2c8
2026-05-15,2026-05-15 14:31:32,2026-05-11 09:05:00,2d2a75c09b3d0f86,2d2a75c09b3d0f86_diesel_premium,Amor,REDE ENERGIA,diesel_premium,Gasóleo especial,Outro,1.959,Leiria,Leiria,EN 349-1 Km8 (Rua Padre Margalhau),Barreiros-Pinhal da Guarda,2400-763,39.79323,-8.85284,amor,rede energia,en 349-1 km8 (rua padre margalhau),"1,959 €",2026-05-15_dgeg_postos_raw.csv,2cdcff58f0c99ac7
2026-05-15,2026-05-15 14:31:32,2026-05-11 09:05:00,2d2a75c09b3d0f86,2d2a75c09b3d0f86_gasoline_95,Amor,REDE ENERGIA,gasoline_95,Gasolina simples 95,Outro,1.922,Leiria,Leiria,EN 349-1 Km8 (Rua Padre Margalhau),Barreiros-Pinhal da Guarda,2400-763,39.79323,-8.85284,amor,rede energia,en 349-1 km8 (rua padre margalhau),"1,922 €",2026-05-15_dgeg_postos_raw.csv,ce90618d1190bfeb
2026-05-15,2026-05-15 14:31:32,2026-05-11 09:05:00,bb767b8421e0365f,bb767b8421e0365f_diesel_regular,RE - GALVEIAS,REDE ENERGIA,diesel_regular,Gasóleo simples,Outro,2.039,Ponte de Sor,Portalegre,"EST. NACIONAL Nº 244, KM 96",Galveias,7400-022,39.15676,-7.99695,re - galveias,rede energia,"est. nacional nº 244, km 96","2,039 €",2026-05-15_dgeg_postos_raw.csv,8e91774add4eb4de
2026-05-15,2026-05-15 14:31:32,2026-05-11 09:05:00,bb767b8421e0365f,bb767b8421e0365f_diesel_premium,RE - GALVEIAS,REDE ENERGIA,diesel_premium,Gasóleo especial,Outro,2.069,Ponte de Sor,Portalegre,"EST. NACIONAL Nº 244, KM 96",Galveias,7400-022,39.15676,-7.99695,re - galveias,rede energia,"est. nacional nº 244, km 96","2,069 €",2026-05-15_dgeg_postos_raw.csv,78e67e3a8069547a
2026-05-15,2026-05-15 14:31:32,2026-05-11 09:05:00,bb767b8421e0365f,bb767b8421e0365f_gasoline_95,RE - GALVEIAS,REDE ENERGIA,gasoline_95,Gasolina simples 95,Outro,2.042,Ponte de Sor,Portalegre,"EST. NACIONAL Nº 244, KM 96",Galveias,7400-022,39.15676,-7.99695,re - galveias,rede energia,"est. nacional nº 244, km 96","2,042 €",2026-05-15_dgeg_postos_raw.csv,5b8ec88ad89d7ba1
2026-05-15,2026-05-15 14:31:32,2026-05-11 09:10:00,38876d88abd0a26c,38876d88abd0a26c_diesel_regular,Intermarché de Évora - Frei Aleixo,INTERMARCHÉ,diesel_regular,Gasóleo simples,Outro,1.949,Évora,Évora,EN 18\r\n,Bairro do Frei Aleixo,7005-863,38.58391,-7.8986,intermarché de évora - frei aleixo,intermarché,en 18\r\n,"1,949 €",2026-05-15_dgeg_postos_raw.csv,9001f5f6e1060159
2026-05-15,2026-05-15 14:31:32,2026-05-11 09:10:00,38876d88abd0a26c,38876d88abd0a26c_diesel_premium,Intermarché de Évora - Frei Aleixo,INTERMARCHÉ,diesel_premium,Gasóleo especial,Outro,1.969,Évora,Évora,EN 18\r\n,Bairro do Frei Aleixo,7005-863,38.58391,-7.8986,intermarché de évora - frei aleixo,intermarché,en 18\r\n,"1,969 €",2026-05-15_dgeg_postos_raw.csv,1e3724a10505e42d
2026-05-15,2026-05-15 14:31:32,2026-05-11 09:10:00,38876d88abd0a26c,38876d88abd0a26c_gasoline_95,Intermarché de Évora - Frei Aleixo,INTERMARCHÉ,gasoline_95,Gasolina simples 95,Outro,1.929,Évora,Évora,EN 18\r\n,Bairro do Frei Aleixo,7005-863,38.58391,-7.8986,intermarché de évora - frei aleixo,intermarché,en 18\r\n,"1,929 €",2026-05-15_dgeg_postos_raw.csv,b3911b091f1852f4
2026-05-15,2026-05-15 14:31:32,2026-05-11 09:10:00,93bd651387670396,93bd651387670396_diesel_regular,BENFICA DO RIBATEJO,CEPSA,diesel_regular,Gasóleo simples,Outro,1.936,Almeirim,Santarém,"Rua Direita, Nº243-347",Benfica do Ribatejo,2080-329,39.14193,-8.689151,benfica do ribatejo,cepsa,"rua direita, nº243-347","1,936 €",2026-05-15_dgeg_postos_raw.csv,cfc2a4f7d65db646
2026-05-15,2026-05-15 14:31:32,2026-05-11 09:10:00,93bd651387670396,93bd651387670396_diesel_premium,BENFICA DO RIBATEJO,CEPSA,diesel_premium,Gasóleo especial,Outro,1.986,Almeirim,Santarém,"Rua Direita, Nº243-347",Benfica do Ribatejo,2080-329,39.14193,-8.689151,benfica do ribatejo,cepsa,"rua direita, nº243-347","1,986 €",2026-05-15_dgeg_postos_raw.csv,5d01c32218bdbf5b
2026-05-15,2026-05-15 14:31:32,2026-05-11 09:10:00,93bd651387670396,93bd651387670396_gasoline_95,BENFICA DO RIBATEJO,CEPSA,gasoline_95,Gasolina simples 95,Outro,1.928,Almeirim,Santarém,"Rua Direita, Nº243-347",Benfica do Ribatejo,2080-329,39.14193,-8.689151,benfica do ribatejo,cepsa,"rua direita, nº243-347","1,928 €",2026-05-15_dgeg_postos_raw.csv,83586201eb7b61cc
2026-05-15,2026-05-15 14:31:32,2026-05-11 09:10:00,93bd651387670396,93bd651387670396_gasoline_98,BENFICA DO RIBATEJO,CEPSA,gasoline_98,Gasolina especial 98,Outro,2.14,Almeirim,Santarém,"Rua Direita, Nº243-347",Benfica do Ribatejo,2080-329,39.14193,-8.689151,benfica do ribatejo,cepsa,"rua direita, nº243-347","2,140 €",2026-05-15_dgeg_postos_raw.csv,d065a36cb7b4e17a
2026-05-15,2026-05-15 14:31:32,2026-05-11 09:10:00,e3a9957003b45b48,e3a9957003b45b48_diesel_premium,J. LOURENÇO - PROENÇA,Genérico,diesel_premium,Gasóleo especial,Outro,1.929,Proença-a-Nova,Castelo Branco,São Bartolomeu,Proença-a-Nova,6150-555,39.74906,-7.9174,j. lourenço - proença,genérico,são bartolomeu,"1,929 €",2026-05-15_dgeg_postos_raw.csv,adc5abfa673fd863
2026-05-15,2026-05-15 14:31:32,2026-05-11 09:10:00,e3a9957003b45b48,e3a9957003b45b48_diesel_regular,J. LOURENÇO - PROENÇA,Genérico,diesel_regular,Gasóleo simples,Outro,1.909,Proença-a-Nova,Castelo Branco,São Bartolomeu,Proença-a-Nova,6150-555,39.74906,-7.9174,j. lourenço - proença,genérico,são bartolomeu,"1,909 €",2026-05-15_dgeg_postos_raw.csv,c11e3aab59645f8d
2026-05-15,2026-05-15 14:31:32,2026-05-11 09:10:00,e3a9957003b45b48,e3a9957003b45b48_gasoline_95,J. LOURENÇO - PROENÇA,Genérico,gasoline_95,Gasolina simples 95,Outro,1.912,Proença-a-Nova,Castelo Branco,São Bartolomeu,Proença-a-Nova,6150-555,39.74906,-7.9174,j. lourenço - proença,genérico,são bartolomeu,"1,912 €",2026-05-15_dgeg_postos_raw.csv,8b55f7f69b4f0763
2026-05-15,2026-05-15 14:31:32,2026-05-11 09:10:00,fed3a7654a289f9e,fed3a7654a289f9e_diesel_regular,J. LOURENÇO - CASTELO BRANCO,Genérico,diesel_regular,Gasóleo simples,Outro,1.909,Castelo Branco,Castelo Branco,Zona Industrial lote K,Castelo Branco,6001-459,39.80789,-7.51844,j. lourenço - castelo branco,genérico,zona industrial lote k,"1,909 €",2026-05-15_dgeg_postos_raw.csv,4eaa9431ff307f34
2026-05-15,2026-05-15 14:31:32,2026-05-11 09:10:00,fed3a7654a289f9e,fed3a7654a289f9e_diesel_premium,J. LOURENÇO - CASTELO BRANCO,Genérico,diesel_premium,Gasóleo especial,Outro,1.929,Castelo Branco,Castelo Branco,Zona Industrial lote K,Castelo Branco,6001-459,39.80789,-7.51844,j. lourenço - castelo branco,genérico,zona industrial lote k,"1,929 €",2026-05-15_dgeg_postos_raw.csv,560b1e488fa4d784
2026-05-15,2026-05-15 14:31:32,2026-05-11 09:10:00,fed3a7654a289f9e,fed3a7654a289f9e_gasoline_95,J. LOURENÇO - CASTELO BRANCO,Genérico,gasoline_95,Gasolina simples 95,Outro,1.912,Castelo Branco,Castelo Branco,Zona Industrial lote K,Castelo Branco,6001-459,39.80789,-7.51844,j. lourenço - castelo branco,genérico,zona industrial lote k,"1,912 €",2026-05-15_dgeg_postos_raw.csv,1ffd0b1da4179b05
2026-05-15,2026-05-15 14:31:32,2026-05-11 09:10:00,58cea6a40906fdba,58cea6a40906fdba_diesel_regular,CFSJMGE- CRL_GRIJO1,Genérico,diesel_regular,Gasóleo simples,Outro,1.91,Vila Nova de Gaia,Porto,"Rua da Boavista, 147",Sandim,4415-801,41.045486,-8.566582,cfsjmge- crl_grijo1,genérico,"rua da boavista, 147","1,910 €",2026-05-15_dgeg_postos_raw.csv,51cc21f8bf7e281e
2026-05-15,2026-05-15 14:31:32,2026-05-11 09:10:00,58cea6a40906fdba,58cea6a40906fdba_gasoline_95,CFSJMGE- CRL_GRIJO1,Genérico,gasoline_95,Gasolina simples 95,Outro,1.955,Vila Nova de Gaia,Porto,"Rua da Boavista, 147",Sandim,4415-801,41.045486,-8.566582,cfsjmge- crl_grijo1,genérico,"rua da boavista, 147","1,955 €",2026-05-15_dgeg_postos_raw.csv,08014969ed9a5170
2026-05-15,2026-05-15 14:31:32,2026-05-11 09:10:00,9639c404041eabbf,9639c404041eabbf_diesel_regular,Posto de Foros de Vale Figueira,REDE ENERGIA,diesel_regular,Gasóleo simples,Outro,1.999,Montemor-o-Novo,Évora,"EN 114, nº 18 (Km 147,7)\r\n",Foros de Vale Figueira,7050-704,38.72329,-8.3214,posto de foros de vale figueira,rede energia,"en 114, nº 18 (km 147,7)\r\n","1,999 €",2026-05-15_dgeg_postos_raw.csv,a9d48db6c3d4813d
2026-05-15,2026-05-15 14:31:32,2026-05-11 09:10:00,9639c404041eabbf,9639c404041eabbf_diesel_premium,Posto de Foros de Vale Figueira,REDE ENERGIA,diesel_premium,Gasóleo especial,Outro,2.029,Montemor-o-Novo,Évora,"EN 114, nº 18 (Km 147,7)\r\n",Foros de Vale Figueira,7050-704,38.72329,-8.3214,posto de foros de vale figueira,rede energia,"en 114, nº 18 (km 147,7)\r\n","2,029 €",2026-05-15_dgeg_postos_raw.csv,ab848832e39a241d
2026-05-15,2026-05-15 14:31:32,2026-05-11 09:10:00,9639c404041eabbf,9639c404041eabbf_gasoline_95,Posto de Foros de Vale Figueira,REDE ENERGIA,gasoline_95,Gasolina simples 95,Outro,2.002,Montemor-o-Novo,Évora,"EN 114, nº 18 (Km 147,7)\r\n",Foros de Vale Figueira,7050-704,38.72329,-8.3214,posto de foros de vale figueira,rede energia,"en 114, nº 18 (km 147,7)\r\n","2,002 €",2026-05-15_dgeg_postos_raw.csv,b4b3d852d7a9be44
2026-05-15,2026-05-15 14:31:32,2026-05-11 09:10:00,ddf24f981090e7d7,ddf24f981090e7d7_diesel_regular,CFSJMGE-CRL_SEDE1,Genérico,diesel_regular,Gasóleo simples,Outro,1.91,Santa Maria da Feira,Aveiro,"Rua Moinho das Campainhas, 1",Santa Maria da Feira,4520-240,40.93968,-8.536716,cfsjmge-crl_sede1,genérico,"rua moinho das campainhas, 1","1,910 €",2026-05-15_dgeg_postos_raw.csv,e5aa972a5b8392e0
2026-05-15,2026-05-15 14:31:32,2026-05-11 09:10:00,ddf24f981090e7d7,ddf24f981090e7d7_gasoline_95,CFSJMGE-CRL_SEDE1,Genérico,gasoline_95,Gasolina simples 95,Outro,1.955,Santa Maria da Feira,Aveiro,"Rua Moinho das Campainhas, 1",Santa Maria da Feira,4520-240,40.93968,-8.536716,cfsjmge-crl_sede1,genérico,"rua moinho das campainhas, 1","1,955 €",2026-05-15_dgeg_postos_raw.csv,903e2afede897da4
2026-05-15,2026-05-15 14:31:32,2026-05-11 09:10:00,5e2d73f4868ab314,5e2d73f4868ab314_diesel_regular,Posição 16038 GALP - VAGOS,GALP,diesel_regular,Gasóleo simples,Outro,2.055,Vagos,Aveiro,"E.N.109 Km 72,100 - Quintã Lado Poente",Quintã,3840-507,40.51943,-8.678711,posição 16038 galp - vagos,galp,"e.n.109 km 72,100 - quintã lado poente","2,055 €",2026-05-15_dgeg_postos_raw.csv,9eba083e95c33e58
2026-05-15,2026-05-15 14:31:32,2026-05-11 09:10:00,5e2d73f4868ab314,5e2d73f4868ab314_diesel_premium,Posição 16038 GALP - VAGOS,GALP,diesel_premium,Gasóleo especial,Outro,2.105,Vagos,Aveiro,"E.N.109 Km 72,100 - Quintã Lado Poente",Quintã,3840-507,40.51943,-8.678711,posição 16038 galp - vagos,galp,"e.n.109 km 72,100 - quintã lado poente","2,105 €",2026-05-15_dgeg_postos_raw.csv,0403a9aea085d9ab
2026-05-15,2026-05-15 14:31:32,2026-05-11 09:10:00,5e2d73f4868ab314,5e2d73f4868ab314_gasoline_95,Posição 16038 GALP - VAGOS,GALP,gasoline_95,Gasolina simples 95,Outro,2.051,Vagos,Aveiro,"E.N.109 Km 72,100 - Quintã Lado Poente",Quintã,3840-507,40.51943,-8.678711,posição 16038 galp - vagos,galp,"e.n.109 km 72,100 - quintã lado poente","2,051 €",2026-05-15_dgeg_postos_raw.csv,dc63eaaab51f6064
2026-05-15,2026-05-15 14:31:32,2026-05-11 09:10:00,2fbcd9348bff8499,2fbcd9348bff8499_diesel_regular,Posição 16039 GALP - VAGOS,GALP,diesel_regular,Gasóleo simples,Outro,2.055,Vagos,Aveiro,"Quintã-E.N.109-Km 72,1 - Lado Nascente",Quintã,3840-507,40.51982,-8.679125,posição 16039 galp - vagos,galp,"quintã-e.n.109-km 72,1 - lado nascente","2,055 €",2026-05-15_dgeg_postos_raw.csv,26bb589aaadbc67c
2026-05-15,2026-05-15 14:31:32,2026-05-11 09:10:00,2fbcd9348bff8499,2fbcd9348bff8499_diesel_premium,Posição 16039 GALP - VAGOS,GALP,diesel_premium,Gasóleo especial,Outro,2.105,Vagos,Aveiro,"Quintã-E.N.109-Km 72,1 - Lado Nascente",Quintã,3840-507,40.51982,-8.679125,posição 16039 galp - vagos,galp,"quintã-e.n.109-km 72,1 - lado nascente","2,105 €",2026-05-15_dgeg_postos_raw.csv,f5f84c162a8e4226
2026-05-15,2026-05-15 14:31:32,2026-05-11 09:10:00,2fbcd9348bff8499,2fbcd9348bff8499_gasoline_95,Posição 16039 GALP - VAGOS,GALP,gasoline_95,Gasolina simples 95,Outro,2.051,Vagos,Aveiro,"Quintã-E.N.109-Km 72,1 - Lado Nascente",Quintã,3840-507,40.51982,-8.679125,posição 16039 galp - vagos,galp,"quintã-e.n.109-km 72,1 - lado nascente","2,051 €",2026-05-15_dgeg_postos_raw.csv,98660ee7683efdbb
2026-05-15,2026-05-15 14:31:32,2026-05-11 09:10:00,963ccc300d76858c,963ccc300d76858c_gasoline_95,PRIO Pousada de Saramagos,PRIO,gasoline_95,Gasolina simples 95,Outro,2.014,Vila Nova de Famalicão,Braga,Av. Riopele 815,Pousada de Saramagos,4770-405,41.42762,-8.43019,prio pousada de saramagos,prio,av. riopele 815,"2,014 €",2026-05-15_dgeg_postos_raw.csv,105798091fb08c7b
2026-05-15,2026-05-15 14:31:32,2026-05-11 09:10:00,963ccc300d76858c,963ccc300d76858c_diesel_premium,PRIO Pousada de Saramagos,PRIO,diesel_premium,Gasóleo especial,Outro,1.954,Vila Nova de Famalicão,Braga,Av. Riopele 815,Pousada de Saramagos,4770-405,41.42762,-8.43019,prio pousada de saramagos,prio,av. riopele 815,"1,954 €",2026-05-15_dgeg_postos_raw.csv,3d2b106213769842
2026-05-15,2026-05-15 14:31:32,2026-05-11 09:10:00,01869cc8cfd45ecf,01869cc8cfd45ecf_diesel_regular,"Cooperativa Agricola Bombarral, CRL",REPSOL,diesel_regular,Gasóleo simples,Outro,1.916,Bombarral,Leiria,"Estrada Nacional nº 8 - km 70,07",Cintrão,2540-172,39.25388,-9.15868,"cooperativa agricola bombarral, crl",repsol,"estrada nacional nº 8 - km 70,07","1,916 €",2026-05-15_dgeg_postos_raw.csv,05fc0dee1bd9e246
2026-05-15,2026-05-15 14:31:32,2026-05-11 09:10:00,01869cc8cfd45ecf,01869cc8cfd45ecf_diesel_premium,"Cooperativa Agricola Bombarral, CRL",REPSOL,diesel_premium,Gasóleo especial,Outro,2.013,Bombarral,Leiria,"Estrada Nacional nº 8 - km 70,07",Cintrão,2540-172,39.25388,-9.15868,"cooperativa agricola bombarral, crl",repsol,"estrada nacional nº 8 - km 70,07","2,013 €",2026-05-15_dgeg_postos_raw.csv,7c3d9864f7a47fd8
2026-05-15,2026-05-15 14:31:32,2026-05-11 09:10:00,01869cc8cfd45ecf,01869cc8cfd45ecf_gasoline_95,"Cooperativa Agricola Bombarral, CRL",REPSOL,gasoline_95,Gasolina simples 95,Outro,1.929,Bombarral,Leiria,"Estrada Nacional nº 8 - km 70,07",Cintrão,2540-172,39.25388,-9.15868,"cooperativa agricola bombarral, crl",repsol,"estrada nacional nº 8 - km 70,07","1,929 €",2026-05-15_dgeg_postos_raw.csv,0f1770c72d9080b0
2026-05-15,2026-05-15 14:31:32,2026-05-11 09:10:00,21807a51eee98482,21807a51eee98482_diesel_regular,PA CAPSOR Montargil,Genérico,diesel_regular,Gasóleo simples,Outro,2.079,Ponte de Sor,Portalegre,RUA HEROIS DO ULTRAMAR,Montargil,7425-125,39.082455,-8.174036,pa capsor montargil,genérico,rua herois do ultramar,"2,079 €",2026-05-15_dgeg_postos_raw.csv,0bb465671ac8e53c
2026-05-15,2026-05-15 14:31:32,2026-05-11 09:10:00,21807a51eee98482,21807a51eee98482_gasoline_95,PA CAPSOR Montargil,Genérico,gasoline_95,Gasolina simples 95,Outro,2.067,Ponte de Sor,Portalegre,RUA HEROIS DO ULTRAMAR,Montargil,7425-125,39.082455,-8.174036,pa capsor montargil,genérico,rua herois do ultramar,"2,067 €",2026-05-15_dgeg_postos_raw.csv,e342afed36af5226
2026-05-15,2026-05-15 14:31:32,2026-05-11 09:10:00,21807a51eee98482,21807a51eee98482_diesel_premium,PA CAPSOR Montargil,Genérico,diesel_premium,Gasóleo especial,Outro,2.149,Ponte de Sor,Portalegre,RUA HEROIS DO ULTRAMAR,Montargil,7425-125,39.082455,-8.174036,pa capsor montargil,genérico,rua herois do ultramar,"2,149 €",2026-05-15_dgeg_postos_raw.csv,1e418d8eb2de97da
2026-05-15,2026-05-15 14:31:32,2026-05-11 09:10:00,58cea6a40906fdba,58cea6a40906fdba_gasoline_98,CFSJMGE- CRL_GRIJO1,Genérico,gasoline_98,Gasolina especial 98,Outro,2.115,Vila Nova de Gaia,Porto,"Rua da Boavista, 147",Sandim,4415-801,41.045486,-8.566582,cfsjmge- crl_grijo1,genérico,"rua da boavista, 147","2,115 €",2026-05-15_dgeg_postos_raw.csv,e0a63e7dcd17ecb6
2026-05-15,2026-05-15 14:31:32,2026-05-11 09:15:00,0a7f4e062ea3298e,0a7f4e062ea3298e_diesel_regular,REPSOL Ponte de Sôr,REPSOL,diesel_regular,Gasóleo simples,Outro,2.059,Ponte de Sor,Portalegre,Rua Alexandre Robalo Cardoso,Ponte de Sor,7400-212,39.25771,-8.008852,repsol ponte de sôr,repsol,rua alexandre robalo cardoso,"2,059 €",2026-05-15_dgeg_postos_raw.csv,0dfa2747a0ce7138
2026-05-15,2026-05-15 14:31:32,2026-05-11 09:15:00,0a7f4e062ea3298e,0a7f4e062ea3298e_gasoline_95,REPSOL Ponte de Sôr,REPSOL,gasoline_95,Gasolina simples 95,Outro,2.057,Ponte de Sor,Portalegre,Rua Alexandre Robalo Cardoso,Ponte de Sor,7400-212,39.25771,-8.008852,repsol ponte de sôr,repsol,rua alexandre robalo cardoso,"2,057 €",2026-05-15_dgeg_postos_raw.csv,3cf0d9303414de6a
2026-05-15,2026-05-15 14:31:32,2026-05-11 09:15:00,0a7f4e062ea3298e,0a7f4e062ea3298e_diesel_premium,REPSOL Ponte de Sôr,REPSOL,diesel_premium,Gasóleo especial,Outro,2.119,Ponte de Sor,Portalegre,Rua Alexandre Robalo Cardoso,Ponte de Sor,7400-212,39.25771,-8.008852,repsol ponte de sôr,repsol,rua alexandre robalo cardoso,"2,119 €",2026-05-15_dgeg_postos_raw.csv,3c615b974616d21b
2026-05-15,2026-05-15 14:31:32,2026-05-11 09:15:00,2cbabc52e53fdf8e,2cbabc52e53fdf8e_diesel_premium,INTERMARCHÉ Terrugem,INTERMARCHÉ,diesel_premium,Gasóleo especial,Auto-estrada,1.909,Sintra,Lisboa,Rua Alto dos Moinhos - Edifício Intermarché,Terrugem,2705-844,38.85311,-9.381552,intermarché terrugem,intermarché,rua alto dos moinhos - edifício intermarché,"1,909 €",2026-05-15_dgeg_postos_raw.csv,c6e4e6c8510f5e29
2026-05-15,2026-05-15 14:31:32,2026-05-11 09:15:00,2cbabc52e53fdf8e,2cbabc52e53fdf8e_gasoline_95,INTERMARCHÉ Terrugem,INTERMARCHÉ,gasoline_95,Gasolina simples 95,Auto-estrada,1.859,Sintra,Lisboa,Rua Alto dos Moinhos - Edifício Intermarché,Terrugem,2705-844,38.85311,-9.381552,intermarché terrugem,intermarché,rua alto dos moinhos - edifício intermarché,"1,859 €",2026-05-15_dgeg_postos_raw.csv,b632ae63777bac10
2026-05-15,2026-05-15 14:31:32,2026-05-11 09:15:00,2cbabc52e53fdf8e,2cbabc52e53fdf8e_diesel_regular,INTERMARCHÉ Terrugem,INTERMARCHÉ,diesel_regular,Gasóleo simples,Auto-estrada,1.869,Sintra,Lisboa,Rua Alto dos Moinhos - Edifício Intermarché,Terrugem,2705-844,38.85311,-9.381552,intermarché terrugem,intermarché,rua alto dos moinhos - edifício intermarché,"1,869 €",2026-05-15_dgeg_postos_raw.csv,f18fba49b2df9d71
2026-05-15,2026-05-15 14:31:32,2026-05-11 09:15:00,ab35b501d9fe4a78,ab35b501d9fe4a78_diesel_premium,INTERMARCHÉ  NELAS,INTERMARCHÉ,diesel_premium,Gasóleo especial,Outro,1.939,Nelas,Viseu,Avenida Professor Doutor Fortunato de Almeida nº4,NELAS,3520-056,40.53929,-7.85531,intermarché nelas,intermarché,avenida professor doutor fortunato de almeida nº4,"1,939 €",2026-05-15_dgeg_postos_raw.csv,2d0d1b5a274659e8
2026-05-15,2026-05-15 14:31:32,2026-05-11 09:15:00,ab35b501d9fe4a78,ab35b501d9fe4a78_diesel_regular,INTERMARCHÉ  NELAS,INTERMARCHÉ,diesel_regular,Gasóleo simples,Outro,1.899,Nelas,Viseu,Avenida Professor Doutor Fortunato de Almeida nº4,NELAS,3520-056,40.53929,-7.85531,intermarché nelas,intermarché,avenida professor doutor fortunato de almeida nº4,"1,899 €",2026-05-15_dgeg_postos_raw.csv,ffa8ada368432f8f
2026-05-15,2026-05-15 14:31:32,2026-05-11 09:15:00,ab35b501d9fe4a78,ab35b501d9fe4a78_gasoline_95,INTERMARCHÉ  NELAS,INTERMARCHÉ,gasoline_95,Gasolina simples 95,Outro,1.899,Nelas,Viseu,Avenida Professor Doutor Fortunato de Almeida nº4,NELAS,3520-056,40.53929,-7.85531,intermarché nelas,intermarché,avenida professor doutor fortunato de almeida nº4,"1,899 €",2026-05-15_dgeg_postos_raw.csv,33494b1101c927df
2026-05-15,2026-05-15 14:31:32,2026-05-11 09:15:00,146a371a9ee80f60,146a371a9ee80f60_diesel_premium,VIEIRA DE LEIRIA,CEPSA,diesel_premium,Gasóleo especial,Outro,1.986,Marinha Grande,Leiria,Rua de Leiria nº 37,Vieira de Leiria,2430-773,39.86935,-8.92025,vieira de leiria,cepsa,rua de leiria nº 37,"1,986 €",2026-05-15_dgeg_postos_raw.csv,74a0f2b8d8d659f6
2026-05-15,2026-05-15 14:31:32,2026-05-11 09:15:00,146a371a9ee80f60,146a371a9ee80f60_diesel_regular,VIEIRA DE LEIRIA,CEPSA,diesel_regular,Gasóleo simples,Outro,1.936,Marinha Grande,Leiria,Rua de Leiria nº 37,Vieira de Leiria,2430-773,39.86935,-8.92025,vieira de leiria,cepsa,rua de leiria nº 37,"1,936 €",2026-05-15_dgeg_postos_raw.csv,cf4fcffe4696943d
2026-05-15,2026-05-15 14:31:32,2026-05-11 09:15:00,146a371a9ee80f60,146a371a9ee80f60_gasoline_95,VIEIRA DE LEIRIA,CEPSA,gasoline_95,Gasolina simples 95,Outro,1.928,Marinha Grande,Leiria,Rua de Leiria nº 37,Vieira de Leiria,2430-773,39.86935,-8.92025,vieira de leiria,cepsa,rua de leiria nº 37,"1,928 €",2026-05-15_dgeg_postos_raw.csv,c8fa3d9cbecc598f
2026-05-15,2026-05-15 14:31:32,2026-05-11 09:15:00,08de041903194bf3,08de041903194bf3_diesel_regular,"Combustiveis vale do sousa, lda - PA Galp Parada de Todeia",GALP,diesel_regular,Gasóleo simples,Outro,2.059,Paredes,Porto,"Rua dos Combatentes, Nº1530 - Parada de Todeia",Parada de Todeia,4585-251,41.167103,-8.368063,"combustiveis vale do sousa, lda - pa galp parada de todeia",galp,"rua dos combatentes, nº1530 - parada de todeia","2,059 €",2026-05-15_dgeg_postos_raw.csv,99fc21e1193be31b
2026-05-15,2026-05-15 14:31:32,2026-05-11 09:15:00,08de041903194bf3,08de041903194bf3_gasoline_95,"Combustiveis vale do sousa, lda - PA Galp Parada de Todeia",GALP,gasoline_95,Gasolina simples 95,Outro,2.062,Paredes,Porto,"Rua dos Combatentes, Nº1530 - Parada de Todeia",Parada de Todeia,4585-251,41.167103,-8.368063,"combustiveis vale do sousa, lda - pa galp parada de todeia",galp,"rua dos combatentes, nº1530 - parada de todeia","2,062 €",2026-05-15_dgeg_postos_raw.csv,1b78fd6ac79cd868
2026-05-15,2026-05-15 14:31:32,2026-05-11 09:15:00,3da4ec722b7a514b,3da4ec722b7a514b_diesel_premium,POSTO ALVAIÁZERE,CEPSA,diesel_premium,Gasóleo especial,Outro,2.036,Alvaiázere,Leiria,"Parque Industrial de Saganga, lote 3 e 4",Alvaiázere,3250-111,39.816294,-8.378092,posto alvaiázere,cepsa,"parque industrial de saganga, lote 3 e 4","2,036 €",2026-05-15_dgeg_postos_raw.csv,9b711f1799ea0df4
2026-05-15,2026-05-15 14:31:32,2026-05-11 09:15:00,3da4ec722b7a514b,3da4ec722b7a514b_diesel_regular,POSTO ALVAIÁZERE,CEPSA,diesel_regular,Gasóleo simples,Outro,1.986,Alvaiázere,Leiria,"Parque Industrial de Saganga, lote 3 e 4",Alvaiázere,3250-111,39.816294,-8.378092,posto alvaiázere,cepsa,"parque industrial de saganga, lote 3 e 4","1,986 €",2026-05-15_dgeg_postos_raw.csv,9b32fe9d6e3fd231
2026-05-15,2026-05-15 14:31:32,2026-05-11 09:15:00,3da4ec722b7a514b,3da4ec722b7a514b_gasoline_95,POSTO ALVAIÁZERE,CEPSA,gasoline_95,Gasolina simples 95,Outro,1.978,Alvaiázere,Leiria,"Parque Industrial de Saganga, lote 3 e 4",Alvaiázere,3250-111,39.816294,-8.378092,posto alvaiázere,cepsa,"parque industrial de saganga, lote 3 e 4","1,978 €",2026-05-15_dgeg_postos_raw.csv,6131377fd0508c43
2026-05-15,2026-05-15 14:31:32,2026-05-11 09:15:00,08de041903194bf3,08de041903194bf3_diesel_premium,"Combustiveis vale do sousa, lda - PA Galp Parada de Todeia",GALP,diesel_premium,Gasóleo especial,Outro,2.099,Paredes,Porto,"Rua dos Combatentes, Nº1530 - Parada de Todeia",Parada de Todeia,4585-251,41.167103,-8.368063,"combustiveis vale do sousa, lda - pa galp parada de todeia",galp,"rua dos combatentes, nº1530 - parada de todeia","2,099 €",2026-05-15_dgeg_postos_raw.csv,185a50f47b06369e
2026-05-15,2026-05-15 14:31:32,2026-05-11 09:15:00,08de041903194bf3,08de041903194bf3_gasoline_98,"Combustiveis vale do sousa, lda - PA Galp Parada de Todeia",GALP,gasoline_98,Gasolina especial 98,Outro,2.242,Paredes,Porto,"Rua dos Combatentes, Nº1530 - Parada de Todeia",Parada de Todeia,4585-251,41.167103,-8.368063,"combustiveis vale do sousa, lda - pa galp parada de todeia",galp,"rua dos combatentes, nº1530 - parada de todeia","2,242 €",2026-05-15_dgeg_postos_raw.csv,ca1d4229540dd286
2026-05-15,2026-05-15 14:31:32,2026-05-11 09:15:00,c33928f999c6ad2b,c33928f999c6ad2b_diesel_regular,FILOMENA GUIMARÃES,GALP,diesel_regular,Gasóleo simples,Outro,2.055,Pedrógão Grande,Leiria,"R. Manuel Nunes David, n.º 24",Pedrógão Grande,3270-099,39.91274,-8.14781,filomena guimarães,galp,"r. manuel nunes david, n.º 24","2,055 €",2026-05-15_dgeg_postos_raw.csv,00570cf03bd2bd11
2026-05-15,2026-05-15 14:31:32,2026-05-11 09:15:00,c33928f999c6ad2b,c33928f999c6ad2b_diesel_premium,FILOMENA GUIMARÃES,GALP,diesel_premium,Gasóleo especial,Outro,2.105,Pedrógão Grande,Leiria,"R. Manuel Nunes David, n.º 24",Pedrógão Grande,3270-099,39.91274,-8.14781,filomena guimarães,galp,"r. manuel nunes david, n.º 24","2,105 €",2026-05-15_dgeg_postos_raw.csv,1a33f34167d6e137
2026-05-15,2026-05-15 14:31:32,2026-05-11 09:15:00,c33928f999c6ad2b,c33928f999c6ad2b_gasoline_95,FILOMENA GUIMARÃES,GALP,gasoline_95,Gasolina simples 95,Outro,2.051,Pedrógão Grande,Leiria,"R. Manuel Nunes David, n.º 24",Pedrógão Grande,3270-099,39.91274,-8.14781,filomena guimarães,galp,"r. manuel nunes david, n.º 24","2,051 €",2026-05-15_dgeg_postos_raw.csv,3d218991e92216f6
2026-05-15,2026-05-15 14:31:32,2026-05-11 09:15:00,04c6239675233bd6,04c6239675233bd6_diesel_regular,CEPSA DE AVIS,CEPSA,diesel_regular,Gasóleo simples,Outro,1.986,Avis,Portalegre,"Rua Hortas do Chão, Lote 16",Avis,7480-183,39.052586,-7.892903,cepsa de avis,cepsa,"rua hortas do chão, lote 16","1,986 €",2026-05-15_dgeg_postos_raw.csv,13b90a6f862abd63
2026-05-15,2026-05-15 14:31:32,2026-05-11 09:15:00,04c6239675233bd6,04c6239675233bd6_diesel_premium,CEPSA DE AVIS,CEPSA,diesel_premium,Gasóleo especial,Outro,2.036,Avis,Portalegre,"Rua Hortas do Chão, Lote 16",Avis,7480-183,39.052586,-7.892903,cepsa de avis,cepsa,"rua hortas do chão, lote 16","2,036 €",2026-05-15_dgeg_postos_raw.csv,189518b154dac7f3
2026-05-15,2026-05-15 14:31:32,2026-05-11 09:15:00,04c6239675233bd6,04c6239675233bd6_gasoline_95,CEPSA DE AVIS,CEPSA,gasoline_95,Gasolina simples 95,Outro,1.978,Avis,Portalegre,"Rua Hortas do Chão, Lote 16",Avis,7480-183,39.052586,-7.892903,cepsa de avis,cepsa,"rua hortas do chão, lote 16","1,978 €",2026-05-15_dgeg_postos_raw.csv,5629fb9b63d88ec8
2026-05-15,2026-05-15 14:31:32,2026-05-11 09:15:00,1386c22f303f2379,1386c22f303f2379_diesel_regular,Moeve Ponte de Sor,Genérico,diesel_regular,Gasóleo simples,Outro,1.966,Ponte de Sor,Portalegre,"Estrada de Abrantes, Nº23 A",Ponte de Sor,7400-999,39.24549,-8.017071,moeve ponte de sor,genérico,"estrada de abrantes, nº23 a","1,966 €",2026-05-15_dgeg_postos_raw.csv,ae6dab712d517dcc
2026-05-15,2026-05-15 14:31:32,2026-05-11 09:15:00,1386c22f303f2379,1386c22f303f2379_diesel_premium,Moeve Ponte de Sor,Genérico,diesel_premium,Gasóleo especial,Outro,2.016,Ponte de Sor,Portalegre,"Estrada de Abrantes, Nº23 A",Ponte de Sor,7400-999,39.24549,-8.017071,moeve ponte de sor,genérico,"estrada de abrantes, nº23 a","2,016 €",2026-05-15_dgeg_postos_raw.csv,3f638913623db721
2026-05-15,2026-05-15 14:31:32,2026-05-11 09:15:00,1386c22f303f2379,1386c22f303f2379_gasoline_95,Moeve Ponte de Sor,Genérico,gasoline_95,Gasolina simples 95,Outro,1.958,Ponte de Sor,Portalegre,"Estrada de Abrantes, Nº23 A",Ponte de Sor,7400-999,39.24549,-8.017071,moeve ponte de sor,genérico,"estrada de abrantes, nº23 a","1,958 €",2026-05-15_dgeg_postos_raw.csv,07fef6e0981beb4d
2026-05-15,2026-05-15 14:31:32,2026-05-11 09:15:00,703dacbe2fe69192,703dacbe2fe69192_diesel_regular,INTERMARCHÉ DE CINFÃES,INTERMARCHÉ,diesel_regular,Gasóleo simples,Outro,1.909,Cinfães,Viseu,Lugar de Outeirinhos,Cinfaes,4690-892,41.07462,-8.09627,intermarché de cinfães,intermarché,lugar de outeirinhos,"1,909 €",2026-05-15_dgeg_postos_raw.csv,e0878dcc641b0c76
2026-05-15,2026-05-15 14:31:32,2026-05-11 09:15:00,703dacbe2fe69192,703dacbe2fe69192_diesel_premium,INTERMARCHÉ DE CINFÃES,INTERMARCHÉ,diesel_premium,Gasóleo especial,Outro,1.969,Cinfães,Viseu,Lugar de Outeirinhos,Cinfaes,4690-892,41.07462,-8.09627,intermarché de cinfães,intermarché,lugar de outeirinhos,"1,969 €",2026-05-15_dgeg_postos_raw.csv,602ff646723ddf42
2026-05-15,2026-05-15 14:31:32,2026-05-11 09:15:00,703dacbe2fe69192,703dacbe2fe69192_gasoline_95,INTERMARCHÉ DE CINFÃES,INTERMARCHÉ,gasoline_95,Gasolina simples 95,Outro,1.912,Cinfães,Viseu,Lugar de Outeirinhos,Cinfaes,4690-892,41.07462,-8.09627,intermarché de cinfães,intermarché,lugar de outeirinhos,"1,912 €",2026-05-15_dgeg_postos_raw.csv,4a58e25524fafcf3
2026-05-15,2026-05-15 14:31:32,2026-05-11 09:15:00,9b728453dcaf5d98,9b728453dcaf5d98_diesel_regular,MIRA D'AIRE,CEPSA,diesel_regular,Gasóleo simples,Outro,1.916,Porto de Mós,Leiria,Rua General Humberto Delgado (EN 243),Mira D'Aire,2485-126,39.543,-8.71483,mira d'aire,cepsa,rua general humberto delgado (en 243),"1,916 €",2026-05-15_dgeg_postos_raw.csv,957db8c7de1e70fb
2026-05-15,2026-05-15 14:31:32,2026-05-11 09:15:00,9b728453dcaf5d98,9b728453dcaf5d98_diesel_premium,MIRA D'AIRE,CEPSA,diesel_premium,Gasóleo especial,Outro,1.966,Porto de Mós,Leiria,Rua General Humberto Delgado (EN 243),Mira D'Aire,2485-126,39.543,-8.71483,mira d'aire,cepsa,rua general humberto delgado (en 243),"1,966 €",2026-05-15_dgeg_postos_raw.csv,013d717c5678f655
2026-05-15,2026-05-15 14:31:32,2026-05-11 09:15:00,9b728453dcaf5d98,9b728453dcaf5d98_gasoline_95,MIRA D'AIRE,CEPSA,gasoline_95,Gasolina simples 95,Outro,1.908,Porto de Mós,Leiria,Rua General Humberto Delgado (EN 243),Mira D'Aire,2485-126,39.543,-8.71483,mira d'aire,cepsa,rua general humberto delgado (en 243),"1,908 €",2026-05-15_dgeg_postos_raw.csv,ecd92d9620b35fc0
2026-05-15,2026-05-15 14:31:32,2026-05-11 09:20:00,eae74fcc330d4b8f,eae74fcc330d4b8f_diesel_regular,"Fernando Oliveira Inocencio, Unipessoal Lda.",Genérico,diesel_regular,Gasóleo simples,Outro,1.99,Mira,Coimbra,"EN 234 km 2,1 , Via do Infante D. Pedro",Leitões,3070-212,40.420692,-8.713302,"fernando oliveira inocencio, unipessoal lda.",genérico,"en 234 km 2,1 , via do infante d. pedro","1,990 €",2026-05-15_dgeg_postos_raw.csv,bb20df60ea9d1897
2026-05-15,2026-05-15 14:31:32,2026-05-11 09:20:00,eae74fcc330d4b8f,eae74fcc330d4b8f_diesel_premium,"Fernando Oliveira Inocencio, Unipessoal Lda.",Genérico,diesel_premium,Gasóleo especial,Outro,2.03,Mira,Coimbra,"EN 234 km 2,1 , Via do Infante D. Pedro",Leitões,3070-212,40.420692,-8.713302,"fernando oliveira inocencio, unipessoal lda.",genérico,"en 234 km 2,1 , via do infante d. pedro","2,030 €",2026-05-15_dgeg_postos_raw.csv,1980ea18401cd63b
2026-05-15,2026-05-15 14:31:32,2026-05-11 09:20:00,eae74fcc330d4b8f,eae74fcc330d4b8f_gasoline_95,"Fernando Oliveira Inocencio, Unipessoal Lda.",Genérico,gasoline_95,Gasolina simples 95,Outro,1.97,Mira,Coimbra,"EN 234 km 2,1 , Via do Infante D. Pedro",Leitões,3070-212,40.420692,-8.713302,"fernando oliveira inocencio, unipessoal lda.",genérico,"en 234 km 2,1 , via do infante d. pedro","1,970 €",2026-05-15_dgeg_postos_raw.csv,9a0caac8aaf9585e
2026-05-15,2026-05-15 14:31:32,2026-05-11 09:20:00,45be56b3921afc18,45be56b3921afc18_diesel_regular,TOMAR,CEPSA,diesel_regular,Gasóleo simples,Outro,1.966,Tomar,Santarém,Av. Nuno Álvares Pereira nº 56/60,Tomar,2300-532,39.597723,-8.41,tomar,cepsa,av. nuno álvares pereira nº 56/60,"1,966 €",2026-05-15_dgeg_postos_raw.csv,c929d6708f7b8614
2026-05-15,2026-05-15 14:31:32,2026-05-11 09:20:00,45be56b3921afc18,45be56b3921afc18_diesel_premium,TOMAR,CEPSA,diesel_premium,Gasóleo especial,Outro,2.016,Tomar,Santarém,Av. Nuno Álvares Pereira nº 56/60,Tomar,2300-532,39.597723,-8.41,tomar,cepsa,av. nuno álvares pereira nº 56/60,"2,016 €",2026-05-15_dgeg_postos_raw.csv,49e00250f57d374f
2026-05-15,2026-05-15 14:31:32,2026-05-11 09:20:00,45be56b3921afc18,45be56b3921afc18_gasoline_95,TOMAR,CEPSA,gasoline_95,Gasolina simples 95,Outro,1.958,Tomar,Santarém,Av. Nuno Álvares Pereira nº 56/60,Tomar,2300-532,39.597723,-8.41,tomar,cepsa,av. nuno álvares pereira nº 56/60,"1,958 €",2026-05-15_dgeg_postos_raw.csv,1a647461f16e5b00
2026-05-15,2026-05-15 14:31:32,2026-05-11 09:20:00,228505deb8ca1d41,228505deb8ca1d41_diesel_regular,PA Raposa,PRIO,diesel_regular,Gasóleo simples,Outro,2.0,Almeirim,Santarém,"Estrada Nacional 114Km 95,5Largo Nuno Alvares Pereira",Raposa,2080-701,39.10955735,-8.57995321,pa raposa,prio,"estrada nacional 114km 95,5largo nuno alvares pereira","2,000 €",2026-05-15_dgeg_postos_raw.csv,d771f499eb28a4b1
2026-05-15,2026-05-15 14:31:32,2026-05-11 09:20:00,228505deb8ca1d41,228505deb8ca1d41_diesel_premium,PA Raposa,PRIO,diesel_premium,Gasóleo especial,Outro,1.99,Almeirim,Santarém,"Estrada Nacional 114Km 95,5Largo Nuno Alvares Pereira",Raposa,2080-701,39.10955735,-8.57995321,pa raposa,prio,"estrada nacional 114km 95,5largo nuno alvares pereira","1,990 €",2026-05-15_dgeg_postos_raw.csv,f21c0d84c322c8fd
2026-05-15,2026-05-15 14:31:32,2026-05-11 09:20:00,228505deb8ca1d41,228505deb8ca1d41_gasoline_95,PA Raposa,PRIO,gasoline_95,Gasolina simples 95,Outro,1.98,Almeirim,Santarém,"Estrada Nacional 114Km 95,5Largo Nuno Alvares Pereira",Raposa,2080-701,39.10955735,-8.57995321,pa raposa,prio,"estrada nacional 114km 95,5largo nuno alvares pereira","1,980 €",2026-05-15_dgeg_postos_raw.csv,10425e0372923b5e
2026-05-15,2026-05-15 14:31:32,2026-05-11 09:20:00,0433ee2d233ff8ad,0433ee2d233ff8ad_diesel_premium,PA Reguengos de Monsaraz,PRIO,diesel_premium,Gasóleo especial,Outro,1.999,Reguengos de Monsaraz,Évora,"Zona industrial, nº 22",Reguengos de Monsaraz,7200-200,38.42353,-7.5442,pa reguengos de monsaraz,prio,"zona industrial, nº 22","1,999 €",2026-05-15_dgeg_postos_raw.csv,4e012deba7e3c2f2
2026-05-15,2026-05-15 14:31:32,2026-05-11 09:20:00,0433ee2d233ff8ad,0433ee2d233ff8ad_gasoline_95,PA Reguengos de Monsaraz,PRIO,gasoline_95,Gasolina simples 95,Outro,2.014,Reguengos de Monsaraz,Évora,"Zona industrial, nº 22",Reguengos de Monsaraz,7200-200,38.42353,-7.5442,pa reguengos de monsaraz,prio,"zona industrial, nº 22","2,014 €",2026-05-15_dgeg_postos_raw.csv,88c99f88dd1b9ba7
2026-05-15,2026-05-15 14:31:32,2026-05-11 09:20:00,e09b0c20b5504828,e09b0c20b5504828_diesel_premium,Intermarché Silveira,INTERMARCHÉ,diesel_premium,Gasóleo especial,Área comercial (Hipermercados),1.925,Torres Vedras,Lisboa,Rua Antonino Gomes,Silveira,2560-531,39.10673,-9.3656,intermarché silveira,intermarché,rua antonino gomes,"1,925 €",2026-05-15_dgeg_postos_raw.csv,afd58420a4875bfd
2026-05-15,2026-05-15 14:31:32,2026-05-11 09:20:00,e09b0c20b5504828,e09b0c20b5504828_diesel_regular,Intermarché Silveira,INTERMARCHÉ,diesel_regular,Gasóleo simples,Área comercial (Hipermercados),1.895,Torres Vedras,Lisboa,Rua Antonino Gomes,Silveira,2560-531,39.10673,-9.3656,intermarché silveira,intermarché,rua antonino gomes,"1,895 €",2026-05-15_dgeg_postos_raw.csv,ddb5695b712d93d8
2026-05-15,2026-05-15 14:31:32,2026-05-11 09:20:00,e09b0c20b5504828,e09b0c20b5504828_gasoline_95,Intermarché Silveira,INTERMARCHÉ,gasoline_95,Gasolina simples 95,Área comercial (Hipermercados),1.929,Torres Vedras,Lisboa,Rua Antonino Gomes,Silveira,2560-531,39.10673,-9.3656,intermarché silveira,intermarché,rua antonino gomes,"1,929 €",2026-05-15_dgeg_postos_raw.csv,fead56bb8e4ba46d
2026-05-15,2026-05-15 14:31:32,2026-05-11 09:20:00,004f3a6bb7f95e40,004f3a6bb7f95e40_diesel_premium,PA Porto de Mós,PRIO,diesel_premium,Gasóleo especial,Outro,1.954,Porto de Mós,Leiria,"Estrada Principal, Nº 1",Casais de Baixo,2480-184,39.601837,-8.842388,pa porto de mós,prio,"estrada principal, nº 1","1,954 €",2026-05-15_dgeg_postos_raw.csv,2def0a9800f2b2d3
2026-05-15,2026-05-15 14:31:32,2026-05-11 09:20:00,004f3a6bb7f95e40,004f3a6bb7f95e40_gasoline_95,PA Porto de Mós,PRIO,gasoline_95,Gasolina simples 95,Outro,2.014,Porto de Mós,Leiria,"Estrada Principal, Nº 1",Casais de Baixo,2480-184,39.601837,-8.842388,pa porto de mós,prio,"estrada principal, nº 1","2,014 €",2026-05-15_dgeg_postos_raw.csv,ec0bda11212565e0
2026-05-15,2026-05-15 14:31:32,2026-05-11 09:25:00,0d6f49beb088763e,0d6f49beb088763e_diesel_regular,BP Alcochete,BP,diesel_regular,Gasóleo simples,Outro,2.084,Alcochete,Setúbal,Estrada Municipal 1003 - Quinta da Quebrada,Alcochete,2890-154,38.751643,-8.946322,bp alcochete,bp,estrada municipal 1003 - quinta da quebrada,"2,084 €",2026-05-15_dgeg_postos_raw.csv,3dcffdbdeb17023b
2026-05-15,2026-05-15 14:31:32,2026-05-11 09:25:00,0d6f49beb088763e,0d6f49beb088763e_gasoline_95,BP Alcochete,BP,gasoline_95,Gasolina simples 95,Outro,2.079,Alcochete,Setúbal,Estrada Municipal 1003 - Quinta da Quebrada,Alcochete,2890-154,38.751643,-8.946322,bp alcochete,bp,estrada municipal 1003 - quinta da quebrada,"2,079 €",2026-05-15_dgeg_postos_raw.csv,b97b44ef89974d20
2026-05-15,2026-05-15 14:31:32,2026-05-11 09:25:00,0d6f49beb088763e,0d6f49beb088763e_diesel_premium,BP Alcochete,BP,diesel_premium,Gasóleo especial,Outro,2.224,Alcochete,Setúbal,Estrada Municipal 1003 - Quinta da Quebrada,Alcochete,2890-154,38.751643,-8.946322,bp alcochete,bp,estrada municipal 1003 - quinta da quebrada,"2,224 €",2026-05-15_dgeg_postos_raw.csv,efbed58321b78110
2026-05-15,2026-05-15 14:31:32,2026-05-11 09:25:00,0d6f49beb088763e,0d6f49beb088763e_gasoline_98,BP Alcochete,BP,gasoline_98,Gasolina especial 98,Outro,2.299,Alcochete,Setúbal,Estrada Municipal 1003 - Quinta da Quebrada,Alcochete,2890-154,38.751643,-8.946322,bp alcochete,bp,estrada municipal 1003 - quinta da quebrada,"2,299 €",2026-05-15_dgeg_postos_raw.csv,fe02115bc47ccea8
2026-05-15,2026-05-15 14:31:32,2026-05-11 09:25:00,670af205e925d7fb,670af205e925d7fb_diesel_regular,GALP Ameixoeira - Oleiros,GALP,diesel_regular,Gasóleo simples,Outro,2.057,Oleiros,Castelo Branco,Estrada Nacional - Ameixoeira,Ameixoeira,6160-101,39.96004,-7.828128,galp ameixoeira - oleiros,galp,estrada nacional - ameixoeira,"2,057 €",2026-05-15_dgeg_postos_raw.csv,823287b152bd57d8
2026-05-15,2026-05-15 14:31:32,2026-05-11 09:25:00,670af205e925d7fb,670af205e925d7fb_diesel_premium,GALP Ameixoeira - Oleiros,GALP,diesel_premium,Gasóleo especial,Outro,2.073,Oleiros,Castelo Branco,Estrada Nacional - Ameixoeira,Ameixoeira,6160-101,39.96004,-7.828128,galp ameixoeira - oleiros,galp,estrada nacional - ameixoeira,"2,073 €",2026-05-15_dgeg_postos_raw.csv,af370b564a370cdc
2026-05-15,2026-05-15 14:31:32,2026-05-11 09:25:00,670af205e925d7fb,670af205e925d7fb_gasoline_95,GALP Ameixoeira - Oleiros,GALP,gasoline_95,Gasolina simples 95,Outro,2.062,Oleiros,Castelo Branco,Estrada Nacional - Ameixoeira,Ameixoeira,6160-101,39.96004,-7.828128,galp ameixoeira - oleiros,galp,estrada nacional - ameixoeira,"2,062 €",2026-05-15_dgeg_postos_raw.csv,b21430698410dd06
2026-05-15,2026-05-15 14:31:32,2026-05-11 09:25:00,5dd914bfa9dff9ed,5dd914bfa9dff9ed_diesel_regular,"VIEIRA DE SOUSA E SIMOES, LDA",Genérico,diesel_regular,Gasóleo simples,Outro,2.024,Ourém,Santarém,"RUA SANTO ANDRÉ, Nº66 - ANDRÉS, CAXARIAS, OURÉM",Andrés,2435-024,39.720764,-8.507762,"vieira de sousa e simoes, lda",genérico,"rua santo andré, nº66 - andrés, caxarias, ourém","2,024 €",2026-05-15_dgeg_postos_raw.csv,0177e0c0db84655b
2026-05-15,2026-05-15 14:31:32,2026-05-11 09:25:00,8415175d85dafe42,8415175d85dafe42_gasoline_98,PA BP Esmoriz,BP,gasoline_98,Gasolina especial 98,Outro,2.299,Ovar,Aveiro,AV 29 DE MARÇO Nº667,Esmoriz,3885-517,40.956112,-8.626369,pa bp esmoriz,bp,av 29 de março nº667,"2,299 €",2026-05-15_dgeg_postos_raw.csv,c43888658c4e87ff
2026-05-15,2026-05-15 14:31:32,2026-05-11 09:25:00,8415175d85dafe42,8415175d85dafe42_diesel_regular,PA BP Esmoriz,BP,diesel_regular,Gasóleo simples,Outro,2.064,Ovar,Aveiro,AV 29 DE MARÇO Nº667,Esmoriz,3885-517,40.956112,-8.626369,pa bp esmoriz,bp,av 29 de março nº667,"2,064 €",2026-05-15_dgeg_postos_raw.csv,337fac8b2e5fe0a0
2026-05-15,2026-05-15 14:31:32,2026-05-11 09:25:00,8415175d85dafe42,8415175d85dafe42_diesel_premium,PA BP Esmoriz,BP,diesel_premium,Gasóleo especial,Outro,2.224,Ovar,Aveiro,AV 29 DE MARÇO Nº667,Esmoriz,3885-517,40.956112,-8.626369,pa bp esmoriz,bp,av 29 de março nº667,"2,224 €",2026-05-15_dgeg_postos_raw.csv,c507dc18621263bf
2026-05-15,2026-05-15 14:31:32,2026-05-11 09:25:00,8415175d85dafe42,8415175d85dafe42_gasoline_95,PA BP Esmoriz,BP,gasoline_95,Gasolina simples 95,Outro,2.059,Ovar,Aveiro,AV 29 DE MARÇO Nº667,Esmoriz,3885-517,40.956112,-8.626369,pa bp esmoriz,bp,av 29 de março nº667,"2,059 €",2026-05-15_dgeg_postos_raw.csv,c748e161c9c73cdb
2026-05-15,2026-05-15 14:31:32,2026-05-11 09:25:00,f3c57bbd4cda33bb,f3c57bbd4cda33bb_diesel_regular,GALP Carvalhosa (Ferrara Plaza-Av. 9 de Dezembro),GALP,diesel_regular,Gasóleo simples,Outro,2.015,Paços de Ferreira,Porto,"Av. 9 de Dezembro, 25",Carvalhosa,4590-132,41.285538,-8.361048,galp carvalhosa (ferrara plaza-av. 9 de dezembro),galp,"av. 9 de dezembro, 25","2,015 €",2026-05-15_dgeg_postos_raw.csv,e86e9dbc09178767
2026-05-15,2026-05-15 14:31:32,2026-05-11 09:25:00,f3c57bbd4cda33bb,f3c57bbd4cda33bb_diesel_premium,GALP Carvalhosa (Ferrara Plaza-Av. 9 de Dezembro),GALP,diesel_premium,Gasóleo especial,Outro,2.065,Paços de Ferreira,Porto,"Av. 9 de Dezembro, 25",Carvalhosa,4590-132,41.285538,-8.361048,galp carvalhosa (ferrara plaza-av. 9 de dezembro),galp,"av. 9 de dezembro, 25","2,065 €",2026-05-15_dgeg_postos_raw.csv,ce0d542abaa72691
2026-05-15,2026-05-15 14:31:32,2026-05-11 09:25:00,f3c57bbd4cda33bb,f3c57bbd4cda33bb_gasoline_95,GALP Carvalhosa (Ferrara Plaza-Av. 9 de Dezembro),GALP,gasoline_95,Gasolina simples 95,Outro,2.011,Paços de Ferreira,Porto,"Av. 9 de Dezembro, 25",Carvalhosa,4590-132,41.285538,-8.361048,galp carvalhosa (ferrara plaza-av. 9 de dezembro),galp,"av. 9 de dezembro, 25","2,011 €",2026-05-15_dgeg_postos_raw.csv,e6f82499a653c768
2026-05-15,2026-05-15 14:31:32,2026-05-11 09:30:00,95e3ff2e8c1a3a45,95e3ff2e8c1a3a45_diesel_regular,MARATECA (SET/ALG),CEPSA,diesel_regular,Gasóleo simples,Outro,1.986,Palmela,Setúbal,"PONTE DA MARATECA, SENTIDO NORTE-SUL",Águas de Moura,2965-589,38.579124,-8.678074,marateca (set/alg),cepsa,"ponte da marateca, sentido norte-sul","1,986 €",2026-05-15_dgeg_postos_raw.csv,a61a69c63777cd44
2026-05-15,2026-05-15 14:31:32,2026-05-11 09:30:00,95e3ff2e8c1a3a45,95e3ff2e8c1a3a45_diesel_premium,MARATECA (SET/ALG),CEPSA,diesel_premium,Gasóleo especial,Outro,2.036,Palmela,Setúbal,"PONTE DA MARATECA, SENTIDO NORTE-SUL",Águas de Moura,2965-589,38.579124,-8.678074,marateca (set/alg),cepsa,"ponte da marateca, sentido norte-sul","2,036 €",2026-05-15_dgeg_postos_raw.csv,81fc7a419e70aa46
2026-05-15,2026-05-15 14:31:32,2026-05-11 09:30:00,95e3ff2e8c1a3a45,95e3ff2e8c1a3a45_gasoline_95,MARATECA (SET/ALG),CEPSA,gasoline_95,Gasolina simples 95,Outro,1.978,Palmela,Setúbal,"PONTE DA MARATECA, SENTIDO NORTE-SUL",Águas de Moura,2965-589,38.579124,-8.678074,marateca (set/alg),cepsa,"ponte da marateca, sentido norte-sul","1,978 €",2026-05-15_dgeg_postos_raw.csv,ddbdba817b8dfa67
2026-05-15,2026-05-15 14:31:32,2026-05-11 09:30:00,95e3ff2e8c1a3a45,95e3ff2e8c1a3a45_gasoline_98,MARATECA (SET/ALG),CEPSA,gasoline_98,Gasolina especial 98,Outro,2.19,Palmela,Setúbal,"PONTE DA MARATECA, SENTIDO NORTE-SUL",Águas de Moura,2965-589,38.579124,-8.678074,marateca (set/alg),cepsa,"ponte da marateca, sentido norte-sul","2,190 €",2026-05-15_dgeg_postos_raw.csv,43a7b069c9053235
2026-05-15,2026-05-15 14:31:32,2026-05-11 09:30:00,512c8c71b2496777,512c8c71b2496777_diesel_regular,MARATECA (ALG/SET),CEPSA,diesel_regular,Gasóleo simples,Outro,1.986,Palmela,Setúbal,"PONTE DA MARATECA, SENTIDO SUL-NORTE",Águas de Moura,2965-589,38.5796,-8.677979,marateca (alg/set),cepsa,"ponte da marateca, sentido sul-norte","1,986 €",2026-05-15_dgeg_postos_raw.csv,0c702ede3d28ae36
2026-05-15,2026-05-15 14:31:32,2026-05-11 09:30:00,512c8c71b2496777,512c8c71b2496777_diesel_premium,MARATECA (ALG/SET),CEPSA,diesel_premium,Gasóleo especial,Outro,2.036,Palmela,Setúbal,"PONTE DA MARATECA, SENTIDO SUL-NORTE",Águas de Moura,2965-589,38.5796,-8.677979,marateca (alg/set),cepsa,"ponte da marateca, sentido sul-norte","2,036 €",2026-05-15_dgeg_postos_raw.csv,d0f751a2f35d084e
2026-05-15,2026-05-15 14:31:32,2026-05-11 09:30:00,512c8c71b2496777,512c8c71b2496777_gasoline_95,MARATECA (ALG/SET),CEPSA,gasoline_95,Gasolina simples 95,Outro,1.978,Palmela,Setúbal,"PONTE DA MARATECA, SENTIDO SUL-NORTE",Águas de Moura,2965-589,38.5796,-8.677979,marateca (alg/set),cepsa,"ponte da marateca, sentido sul-norte","1,978 €",2026-05-15_dgeg_postos_raw.csv,787c18d3933e20b0
2026-05-15,2026-05-15 14:31:32,2026-05-11 09:30:00,512c8c71b2496777,512c8c71b2496777_gasoline_98,MARATECA (ALG/SET),CEPSA,gasoline_98,Gasolina especial 98,Outro,2.19,Palmela,Setúbal,"PONTE DA MARATECA, SENTIDO SUL-NORTE",Águas de Moura,2965-589,38.5796,-8.677979,marateca (alg/set),cepsa,"ponte da marateca, sentido sul-norte","2,190 €",2026-05-15_dgeg_postos_raw.csv,5e6c179c3124fe69
2026-05-15,2026-05-15 14:31:32,2026-05-11 09:30:00,968565b750b7a1a9,968565b750b7a1a9_diesel_regular,PA Galp Continente Valongo,GALP,diesel_regular,Gasóleo simples,Área comercial (Hipermercados),2.015,Valongo,Porto,Rua Julião Sarmento,Valongo,4440-837,41.1973,-8.4889,pa galp continente valongo,galp,rua julião sarmento,"2,015 €",2026-05-15_dgeg_postos_raw.csv,d4017b7971576ae7
2026-05-15,2026-05-15 14:31:32,2026-05-11 09:30:00,968565b750b7a1a9,968565b750b7a1a9_diesel_premium,PA Galp Continente Valongo,GALP,diesel_premium,Gasóleo especial,Área comercial (Hipermercados),2.065,Valongo,Porto,Rua Julião Sarmento,Valongo,4440-837,41.1973,-8.4889,pa galp continente valongo,galp,rua julião sarmento,"2,065 €",2026-05-15_dgeg_postos_raw.csv,b447c14323f9c070
2026-05-15,2026-05-15 14:31:32,2026-05-11 09:30:00,968565b750b7a1a9,968565b750b7a1a9_gasoline_95,PA Galp Continente Valongo,GALP,gasoline_95,Gasolina simples 95,Área comercial (Hipermercados),2.011,Valongo,Porto,Rua Julião Sarmento,Valongo,4440-837,41.1973,-8.4889,pa galp continente valongo,galp,rua julião sarmento,"2,011 €",2026-05-15_dgeg_postos_raw.csv,a781a38b72253ad8
2026-05-15,2026-05-15 14:31:32,2026-05-11 09:30:00,edf7793332dfaa4c,edf7793332dfaa4c_diesel_regular,AUCHAN Almada,AUCHAN,diesel_regular,Gasóleo simples,Outro,1.939,Almada,Setúbal,Estrada Vale Mourelos nº 20 Qta. Espadeiros,Almada,2810-133,38.656857,-9.172216,auchan almada,auchan,estrada vale mourelos nº 20 qta. espadeiros,"1,939 €",2026-05-15_dgeg_postos_raw.csv,1d645389c972ce26
2026-05-15,2026-05-15 14:31:32,2026-05-11 09:30:00,edf7793332dfaa4c,edf7793332dfaa4c_diesel_premium,AUCHAN Almada,AUCHAN,diesel_premium,Gasóleo especial,Outro,1.959,Almada,Setúbal,Estrada Vale Mourelos nº 20 Qta. Espadeiros,Almada,2810-133,38.656857,-9.172216,auchan almada,auchan,estrada vale mourelos nº 20 qta. espadeiros,"1,959 €",2026-05-15_dgeg_postos_raw.csv,972657a07db0eb82
2026-05-15,2026-05-15 14:31:32,2026-05-11 09:30:00,edf7793332dfaa4c,edf7793332dfaa4c_gasoline_95,AUCHAN Almada,AUCHAN,gasoline_95,Gasolina simples 95,Outro,1.929,Almada,Setúbal,Estrada Vale Mourelos nº 20 Qta. Espadeiros,Almada,2810-133,38.656857,-9.172216,auchan almada,auchan,estrada vale mourelos nº 20 qta. espadeiros,"1,929 €",2026-05-15_dgeg_postos_raw.csv,b117a174c146cd1a
2026-05-15,2026-05-15 14:31:32,2026-05-11 09:30:00,eada37b6bf591e84,eada37b6bf591e84_diesel_regular,Intermarché Castro Verde Contact,INTERMARCHÉ,diesel_regular,Gasóleo simples,Outro,2.039,Castro Verde,Beja,"Estrada Serrana, apartado 121",Castro Verde,7780-909,37.70544,-8.0849901,intermarché castro verde contact,intermarché,"estrada serrana, apartado 121","2,039 €",2026-05-15_dgeg_postos_raw.csv,f34468d41b5ec8c8
2026-05-15,2026-05-15 14:31:32,2026-05-11 09:30:00,eada37b6bf591e84,eada37b6bf591e84_diesel_premium,Intermarché Castro Verde Contact,INTERMARCHÉ,diesel_premium,Gasóleo especial,Outro,2.069,Castro Verde,Beja,"Estrada Serrana, apartado 121",Castro Verde,7780-909,37.70544,-8.0849901,intermarché castro verde contact,intermarché,"estrada serrana, apartado 121","2,069 €",2026-05-15_dgeg_postos_raw.csv,5e51f586b5206136
2026-05-15,2026-05-15 14:31:32,2026-05-11 09:30:00,eada37b6bf591e84,eada37b6bf591e84_gasoline_95,Intermarché Castro Verde Contact,INTERMARCHÉ,gasoline_95,Gasolina simples 95,Outro,1.989,Castro Verde,Beja,"Estrada Serrana, apartado 121",Castro Verde,7780-909,37.70544,-8.0849901,intermarché castro verde contact,intermarché,"estrada serrana, apartado 121","1,989 €",2026-05-15_dgeg_postos_raw.csv,c3fff31d24aa0e98
2026-05-15,2026-05-15 14:31:32,2026-05-11 09:30:00,c052b3528749c003,c052b3528749c003_diesel_regular,Intermarché Castro Daire,INTERMARCHÉ,diesel_regular,Gasóleo simples,Outro,1.909,Castro Daire,Viseu,Av. 25 de Abril,Castro Daire,3600-124,40.89734,-7.92837,intermarché castro daire,intermarché,av. 25 de abril,"1,909 €",2026-05-15_dgeg_postos_raw.csv,6a9bfeeb62006716
2026-05-15,2026-05-15 14:31:32,2026-05-11 09:30:00,c052b3528749c003,c052b3528749c003_diesel_premium,Intermarché Castro Daire,INTERMARCHÉ,diesel_premium,Gasóleo especial,Outro,1.969,Castro Daire,Viseu,Av. 25 de Abril,Castro Daire,3600-124,40.89734,-7.92837,intermarché castro daire,intermarché,av. 25 de abril,"1,969 €",2026-05-15_dgeg_postos_raw.csv,b38ba4f1cbef4c7e
2026-05-15,2026-05-15 14:31:32,2026-05-11 09:30:00,c052b3528749c003,c052b3528749c003_gasoline_95,Intermarché Castro Daire,INTERMARCHÉ,gasoline_95,Gasolina simples 95,Outro,1.912,Castro Daire,Viseu,Av. 25 de Abril,Castro Daire,3600-124,40.89734,-7.92837,intermarché castro daire,intermarché,av. 25 de abril,"1,912 €",2026-05-15_dgeg_postos_raw.csv,d3c4375dd67798fb
2026-05-15,2026-05-15 14:31:32,2026-05-11 09:30:00,0b31d16b8fac83b8,0b31d16b8fac83b8_diesel_regular,"Cooperativa Agricola da Batalha, CRL",Genérico,diesel_regular,Gasóleo simples,Outro,2.02,Batalha,Leiria,Largo 14 de Agosto de 1385,Batalha,2440-105,39.65845,-8.82221,"cooperativa agricola da batalha, crl",genérico,largo 14 de agosto de 1385,"2,020 €",2026-05-15_dgeg_postos_raw.csv,9790d85d22ba00fe
2026-05-15,2026-05-15 14:31:32,2026-05-11 09:30:00,0b31d16b8fac83b8,0b31d16b8fac83b8_diesel_premium,"Cooperativa Agricola da Batalha, CRL",Genérico,diesel_premium,Gasóleo especial,Outro,2.06,Batalha,Leiria,Largo 14 de Agosto de 1385,Batalha,2440-105,39.65845,-8.82221,"cooperativa agricola da batalha, crl",genérico,largo 14 de agosto de 1385,"2,060 €",2026-05-15_dgeg_postos_raw.csv,145aef5542eebe6e
2026-05-15,2026-05-15 14:31:32,2026-05-11 09:30:00,0b31d16b8fac83b8,0b31d16b8fac83b8_gasoline_95,"Cooperativa Agricola da Batalha, CRL",Genérico,gasoline_95,Gasolina simples 95,Outro,2.01,Batalha,Leiria,Largo 14 de Agosto de 1385,Batalha,2440-105,39.65845,-8.82221,"cooperativa agricola da batalha, crl",genérico,largo 14 de agosto de 1385,"2,010 €",2026-05-15_dgeg_postos_raw.csv,4474720a2152736e
2026-05-15,2026-05-15 14:31:32,2026-05-11 09:30:00,0b31d16b8fac83b8,0b31d16b8fac83b8_gasoline_98,"Cooperativa Agricola da Batalha, CRL",Genérico,gasoline_98,Gasolina especial 98,Outro,2.21,Batalha,Leiria,Largo 14 de Agosto de 1385,Batalha,2440-105,39.65845,-8.82221,"cooperativa agricola da batalha, crl",genérico,largo 14 de agosto de 1385,"2,210 €",2026-05-15_dgeg_postos_raw.csv,56b35d7eaa0e716b
2026-05-15,2026-05-15 14:31:32,2026-05-11 09:30:00,2ebbaf5cef8ca1b6,2ebbaf5cef8ca1b6_gasoline_98,Clarisse & Rodrigues,GALP,gasoline_98,Gasolina especial 98,Outro,2.242,Porto de Mós,Leiria,"Rua Comendador J. Coelho da Silva,51",Juncal,2480-353,39.599722,-8.895833,clarisse & rodrigues,galp,"rua comendador j. coelho da silva,51","2,242 €",2026-05-15_dgeg_postos_raw.csv,38d726b9400f26d7
2026-05-15,2026-05-15 14:31:32,2026-05-11 09:30:00,d2c1e5e52ef763f9,d2c1e5e52ef763f9_diesel_premium,INTERMARCHÉ CALDAS das TAIPAS,INTERMARCHÉ,diesel_premium,Gasóleo especial,Área comercial (Hipermercados),1.928,Guimarães,Braga,Rua Comandante Carvalho Crato (EN 101),Caldas das Taipas,4805-104,41.48632,-8.351243,intermarché caldas das taipas,intermarché,rua comandante carvalho crato (en 101),"1,928 €",2026-05-15_dgeg_postos_raw.csv,69c4837f4ad48efb
2026-05-15,2026-05-15 14:31:32,2026-05-11 09:30:00,8b91f94b4a96727d,8b91f94b4a96727d_diesel_regular,Repsol- Jaime Coelho- Pias (Serpa),REPSOL,diesel_regular,Gasóleo simples,Outro,2.079,Serpa,Beja,Rua João Tiago Coelho n. 176,Pias,7830-257,38.02342,-7.479854,repsol- jaime coelho- pias (serpa),repsol,rua joão tiago coelho n. 176,"2,079 €",2026-05-15_dgeg_postos_raw.csv,32bfd1723952bdfd
2026-05-15,2026-05-15 14:31:32,2026-05-11 09:30:00,8b91f94b4a96727d,8b91f94b4a96727d_gasoline_95,Repsol- Jaime Coelho- Pias (Serpa),REPSOL,gasoline_95,Gasolina simples 95,Outro,2.067,Serpa,Beja,Rua João Tiago Coelho n. 176,Pias,7830-257,38.02342,-7.479854,repsol- jaime coelho- pias (serpa),repsol,rua joão tiago coelho n. 176,"2,067 €",2026-05-15_dgeg_postos_raw.csv,2fec8ddb7a62af6a
2026-05-15,2026-05-15 14:31:32,2026-05-11 09:30:00,8b91f94b4a96727d,8b91f94b4a96727d_diesel_premium,Repsol- Jaime Coelho- Pias (Serpa),REPSOL,diesel_premium,Gasóleo especial,Outro,2.114,Serpa,Beja,Rua João Tiago Coelho n. 176,Pias,7830-257,38.02342,-7.479854,repsol- jaime coelho- pias (serpa),repsol,rua joão tiago coelho n. 176,"2,114 €",2026-05-15_dgeg_postos_raw.csv,f0a09b8ca6475fed
2026-05-15,2026-05-15 14:31:32,2026-05-11 09:30:00,d1495e97b5425ba6,d1495e97b5425ba6_diesel_regular,Posto Sodimapi Alvão,Genérico,diesel_regular,Gasóleo simples,Outro,2.029,Vila Pouca de Aguiar,Vila Real,EN 206 - Km 114.60,Carrazedo do Alvão,5450-262,41.498993,-7.71314,posto sodimapi alvão,genérico,en 206 - km 114.60,"2,029 €",2026-05-15_dgeg_postos_raw.csv,63c0483030c2ced7
2026-05-15,2026-05-15 14:31:32,2026-05-11 09:30:00,d1495e97b5425ba6,d1495e97b5425ba6_gasoline_95,Posto Sodimapi Alvão,Genérico,gasoline_95,Gasolina simples 95,Outro,2.027,Vila Pouca de Aguiar,Vila Real,EN 206 - Km 114.60,Carrazedo do Alvão,5450-262,41.498993,-7.71314,posto sodimapi alvão,genérico,en 206 - km 114.60,"2,027 €",2026-05-15_dgeg_postos_raw.csv,e1b6a42d92ec4975
2026-05-15,2026-05-15 14:31:32,2026-05-11 09:30:00,32fa58a32bb39262,32fa58a32bb39262_diesel_premium,INTER. T.VEDRAS,INTERMARCHÉ,diesel_premium,Gasóleo especial,Outro,1.959,Torres Vedras,Lisboa,"Rua Leonel Trindade, 14",Torres Vedras,2560-612,39.101993,-9.258642,inter. t.vedras,intermarché,"rua leonel trindade, 14","1,959 €",2026-05-15_dgeg_postos_raw.csv,9dfec8647ded542f
2026-05-15,2026-05-15 14:31:32,2026-05-11 09:30:00,32fa58a32bb39262,32fa58a32bb39262_diesel_regular,INTER. T.VEDRAS,INTERMARCHÉ,diesel_regular,Gasóleo simples,Outro,1.929,Torres Vedras,Lisboa,"Rua Leonel Trindade, 14",Torres Vedras,2560-612,39.101993,-9.258642,inter. t.vedras,intermarché,"rua leonel trindade, 14","1,929 €",2026-05-15_dgeg_postos_raw.csv,2635a633adcc3e7d
2026-05-15,2026-05-15 14:31:32,2026-05-11 09:30:00,32fa58a32bb39262,32fa58a32bb39262_gasoline_95,INTER. T.VEDRAS,INTERMARCHÉ,gasoline_95,Gasolina simples 95,Outro,1.979,Torres Vedras,Lisboa,"Rua Leonel Trindade, 14",Torres Vedras,2560-612,39.101993,-9.258642,inter. t.vedras,intermarché,"rua leonel trindade, 14","1,979 €",2026-05-15_dgeg_postos_raw.csv,cd646fad9ddd6bbb
2026-05-15,2026-05-15 14:31:32,2026-05-11 09:30:00,81d084510f2aa786,81d084510f2aa786_diesel_regular,Prio - Prior Velho,PRIO,diesel_regular,Gasóleo simples,Outro,1.944,Loures,Lisboa,"Rua José Fonseca Carvalho, Lote 5",Prior Velho,2685-869,38.788696,-9.127039,prio - prior velho,prio,"rua josé fonseca carvalho, lote 5","1,944 €",2026-05-15_dgeg_postos_raw.csv,4f0d61545ebd49e4
2026-05-15,2026-05-15 14:31:32,2026-05-11 09:30:00,81d084510f2aa786,81d084510f2aa786_diesel_premium,Prio - Prior Velho,PRIO,diesel_premium,Gasóleo especial,Outro,1.944,Loures,Lisboa,"Rua José Fonseca Carvalho, Lote 5",Prior Velho,2685-869,38.788696,-9.127039,prio - prior velho,prio,"rua josé fonseca carvalho, lote 5","1,944 €",2026-05-15_dgeg_postos_raw.csv,dc678456f9e9f849
2026-05-15,2026-05-15 14:31:32,2026-05-11 09:30:00,81d084510f2aa786,81d084510f2aa786_gasoline_95,Prio - Prior Velho,PRIO,gasoline_95,Gasolina simples 95,Outro,1.937,Loures,Lisboa,"Rua José Fonseca Carvalho, Lote 5",Prior Velho,2685-869,38.788696,-9.127039,prio - prior velho,prio,"rua josé fonseca carvalho, lote 5","1,937 €",2026-05-15_dgeg_postos_raw.csv,7b4b466bc7e0c63e
2026-05-15,2026-05-15 14:31:32,2026-05-11 09:30:00,64d30502661b6d37,64d30502661b6d37_diesel_regular,REPSOL Pobral,REPSOL,diesel_regular,Gasóleo simples,Outro,2.019,Sintra,Lisboa,Avenida 10 de Agosto nº 165,Santa Suzana,2705-414,38.92278,-9.388115,repsol pobral,repsol,avenida 10 de agosto nº 165,"2,019 €",2026-05-15_dgeg_postos_raw.csv,aa227c0ea2bd9484
2026-05-15,2026-05-15 14:31:32,2026-05-11 09:30:00,64d30502661b6d37,64d30502661b6d37_diesel_premium,REPSOL Pobral,REPSOL,diesel_premium,Gasóleo especial,Outro,2.089,Sintra,Lisboa,Avenida 10 de Agosto nº 165,Santa Suzana,2705-414,38.92278,-9.388115,repsol pobral,repsol,avenida 10 de agosto nº 165,"2,089 €",2026-05-15_dgeg_postos_raw.csv,f37dd6692725cbce
2026-05-15,2026-05-15 14:31:32,2026-05-11 09:30:00,64d30502661b6d37,64d30502661b6d37_gasoline_95,REPSOL Pobral,REPSOL,gasoline_95,Gasolina simples 95,Outro,2.017,Sintra,Lisboa,Avenida 10 de Agosto nº 165,Santa Suzana,2705-414,38.92278,-9.388115,repsol pobral,repsol,avenida 10 de agosto nº 165,"2,017 €",2026-05-15_dgeg_postos_raw.csv,c5560788c2ee860f
2026-05-15,2026-05-15 14:31:32,2026-05-11 09:30:00,eabe71f8c7d3d156,eabe71f8c7d3d156_diesel_regular,Prio - Charneca da Caparica,PRIO,diesel_regular,Gasóleo simples,Outro,1.944,Almada,Setúbal,Rua do Vale do Rosal,Charneca de Caparica,2820-236,38.62687,-9.196738,prio - charneca da caparica,prio,rua do vale do rosal,"1,944 €",2026-05-15_dgeg_postos_raw.csv,5b0292a2cf8cbb62
2026-05-15,2026-05-15 14:31:32,2026-05-11 09:30:00,eabe71f8c7d3d156,eabe71f8c7d3d156_diesel_premium,Prio - Charneca da Caparica,PRIO,diesel_premium,Gasóleo especial,Outro,1.944,Almada,Setúbal,Rua do Vale do Rosal,Charneca de Caparica,2820-236,38.62687,-9.196738,prio - charneca da caparica,prio,rua do vale do rosal,"1,944 €",2026-05-15_dgeg_postos_raw.csv,d4403e7a5214d146
2026-05-15,2026-05-15 14:31:32,2026-05-11 09:30:00,eabe71f8c7d3d156,eabe71f8c7d3d156_gasoline_95,Prio - Charneca da Caparica,PRIO,gasoline_95,Gasolina simples 95,Outro,1.937,Almada,Setúbal,Rua do Vale do Rosal,Charneca de Caparica,2820-236,38.62687,-9.196738,prio - charneca da caparica,prio,rua do vale do rosal,"1,937 €",2026-05-15_dgeg_postos_raw.csv,fb01913bc3ec17b5
2026-05-15,2026-05-15 14:31:32,2026-05-11 09:30:00,9dc87a3710a8de0d,9dc87a3710a8de0d_diesel_regular,Prio - S. João da talha,PRIO,diesel_regular,Gasóleo simples,Outro,1.924,Loures,Lisboa,Rua Alfredo Vitorino Costa,São João da Talha,2695-771,38.824146,-9.101732,prio - s. joão da talha,prio,rua alfredo vitorino costa,"1,924 €",2026-05-15_dgeg_postos_raw.csv,829304bfa08281d5
2026-05-15,2026-05-15 14:31:32,2026-05-11 09:30:00,9dc87a3710a8de0d,9dc87a3710a8de0d_diesel_premium,Prio - S. João da talha,PRIO,diesel_premium,Gasóleo especial,Outro,1.924,Loures,Lisboa,Rua Alfredo Vitorino Costa,São João da Talha,2695-771,38.824146,-9.101732,prio - s. joão da talha,prio,rua alfredo vitorino costa,"1,924 €",2026-05-15_dgeg_postos_raw.csv,99ad4ac044e7733f
2026-05-15,2026-05-15 14:31:32,2026-05-11 09:30:00,9dc87a3710a8de0d,9dc87a3710a8de0d_gasoline_95,Prio - S. João da talha,PRIO,gasoline_95,Gasolina simples 95,Outro,1.917,Loures,Lisboa,Rua Alfredo Vitorino Costa,São João da Talha,2695-771,38.824146,-9.101732,prio - s. joão da talha,prio,rua alfredo vitorino costa,"1,917 €",2026-05-15_dgeg_postos_raw.csv,cf09b9675f252b01
2026-05-15,2026-05-15 14:31:32,2026-05-11 09:30:00,3d54945dc31c0a2c,3d54945dc31c0a2c_diesel_regular,Prio - Corroios,PRIO,diesel_regular,Gasóleo simples,Outro,1.934,Seixal,Setúbal,Rua Bento Gonçalves nº 7,Corroios,2855-574,38.63595,-9.14691,prio - corroios,prio,rua bento gonçalves nº 7,"1,934 €",2026-05-15_dgeg_postos_raw.csv,896ced3afbe88d1b
2026-05-15,2026-05-15 14:31:32,2026-05-11 09:30:00,3d54945dc31c0a2c,3d54945dc31c0a2c_diesel_premium,Prio - Corroios,PRIO,diesel_premium,Gasóleo especial,Outro,1.934,Seixal,Setúbal,Rua Bento Gonçalves nº 7,Corroios,2855-574,38.63595,-9.14691,prio - corroios,prio,rua bento gonçalves nº 7,"1,934 €",2026-05-15_dgeg_postos_raw.csv,f1d31707f9c303c8
2026-05-15,2026-05-15 14:31:32,2026-05-11 09:30:00,3d54945dc31c0a2c,3d54945dc31c0a2c_gasoline_95,Prio - Corroios,PRIO,gasoline_95,Gasolina simples 95,Outro,1.927,Seixal,Setúbal,Rua Bento Gonçalves nº 7,Corroios,2855-574,38.63595,-9.14691,prio - corroios,prio,rua bento gonçalves nº 7,"1,927 €",2026-05-15_dgeg_postos_raw.csv,f473c2a3d83e3574
2026-05-15,2026-05-15 14:31:32,2026-05-11 09:30:00,fe15e5a149fce192,fe15e5a149fce192_diesel_regular,Prio - Cacém,PRIO,diesel_regular,Gasóleo simples,Outro,1.934,Sintra,Lisboa,Rua José Gomes Ferreira Lt 40,Agualva-Cacém,2735-600,38.76568,-9.31653,prio - cacém,prio,rua josé gomes ferreira lt 40,"1,934 €",2026-05-15_dgeg_postos_raw.csv,413fe453307ddd56
2026-05-15,2026-05-15 14:31:32,2026-05-11 09:30:00,fe15e5a149fce192,fe15e5a149fce192_diesel_premium,Prio - Cacém,PRIO,diesel_premium,Gasóleo especial,Outro,1.934,Sintra,Lisboa,Rua José Gomes Ferreira Lt 40,Agualva-Cacém,2735-600,38.76568,-9.31653,prio - cacém,prio,rua josé gomes ferreira lt 40,"1,934 €",2026-05-15_dgeg_postos_raw.csv,6e9c027219f62e30
2026-05-15,2026-05-15 14:31:32,2026-05-11 09:30:00,fe15e5a149fce192,fe15e5a149fce192_gasoline_95,Prio - Cacém,PRIO,gasoline_95,Gasolina simples 95,Outro,1.927,Sintra,Lisboa,Rua José Gomes Ferreira Lt 40,Agualva-Cacém,2735-600,38.76568,-9.31653,prio - cacém,prio,rua josé gomes ferreira lt 40,"1,927 €",2026-05-15_dgeg_postos_raw.csv,97a2068a2e0d94f0
2026-05-15,2026-05-15 14:31:32,2026-05-11 09:30:00,6aaec1d805ca9231,6aaec1d805ca9231_diesel_regular,Prio - Manique,PRIO,diesel_regular,Gasóleo simples,Outro,1.919,Cascais,Lisboa,"Estrada de Manique, nº 247",Alcabideche,2645-556,38.73763,-9.38046,prio - manique,prio,"estrada de manique, nº 247","1,919 €",2026-05-15_dgeg_postos_raw.csv,44d5d509ac33a566
2026-05-15,2026-05-15 14:31:32,2026-05-11 09:30:00,6aaec1d805ca9231,6aaec1d805ca9231_diesel_premium,Prio - Manique,PRIO,diesel_premium,Gasóleo especial,Outro,1.919,Cascais,Lisboa,"Estrada de Manique, nº 247",Alcabideche,2645-556,38.73763,-9.38046,prio - manique,prio,"estrada de manique, nº 247","1,919 €",2026-05-15_dgeg_postos_raw.csv,19b6c9827fccc6be
2026-05-15,2026-05-15 14:31:32,2026-05-11 09:30:00,6aaec1d805ca9231,6aaec1d805ca9231_gasoline_95,Prio - Manique,PRIO,gasoline_95,Gasolina simples 95,Outro,1.917,Cascais,Lisboa,"Estrada de Manique, nº 247",Alcabideche,2645-556,38.73763,-9.38046,prio - manique,prio,"estrada de manique, nº 247","1,917 €",2026-05-15_dgeg_postos_raw.csv,7c42fc3674077024
2026-05-15,2026-05-15 14:31:32,2026-05-11 09:30:00,3fb59fd0f5f0fe68,3fb59fd0f5f0fe68_diesel_regular,Prio - Abóboda,PRIO,diesel_regular,Gasóleo simples,Outro,1.919,Cascais,Lisboa,"ESTRADA NACIONAL 249.4 ao KM 7,4",São Domingos de Rana,2785-756,38.719955,-9.339039,prio - abóboda,prio,"estrada nacional 249.4 ao km 7,4","1,919 €",2026-05-15_dgeg_postos_raw.csv,b9612733eeeebe45
2026-05-15,2026-05-15 14:31:32,2026-05-11 09:30:00,3fb59fd0f5f0fe68,3fb59fd0f5f0fe68_diesel_premium,Prio - Abóboda,PRIO,diesel_premium,Gasóleo especial,Outro,1.919,Cascais,Lisboa,"ESTRADA NACIONAL 249.4 ao KM 7,4",São Domingos de Rana,2785-756,38.719955,-9.339039,prio - abóboda,prio,"estrada nacional 249.4 ao km 7,4","1,919 €",2026-05-15_dgeg_postos_raw.csv,37fb82962986b767
2026-05-15,2026-05-15 14:31:32,2026-05-11 09:30:00,3fb59fd0f5f0fe68,3fb59fd0f5f0fe68_gasoline_95,Prio - Abóboda,PRIO,gasoline_95,Gasolina simples 95,Outro,1.927,Cascais,Lisboa,"ESTRADA NACIONAL 249.4 ao KM 7,4",São Domingos de Rana,2785-756,38.719955,-9.339039,prio - abóboda,prio,"estrada nacional 249.4 ao km 7,4","1,927 €",2026-05-15_dgeg_postos_raw.csv,ed1bbd297d78c260
2026-05-15,2026-05-15 14:31:32,2026-05-11 09:30:00,178810ed1d749d67,178810ed1d749d67_diesel_premium,"PETRORUMI, Lda.",Genérico,diesel_premium,Gasóleo especial,Outro,2.019,Ourém,Santarém,EN 356 nº4 - Casal dos Crespos,Ourém,2490-782,39.684307,-8.561803,"petrorumi, lda.",genérico,en 356 nº4 - casal dos crespos,"2,019 €",2026-05-15_dgeg_postos_raw.csv,183d53f7df0162ce
2026-05-15,2026-05-15 14:31:32,2026-05-11 09:30:00,92a4a0330e9dfe50,92a4a0330e9dfe50_diesel_premium,Intermarché de Évora,INTERMARCHÉ,diesel_premium,Gasóleo especial,Outro,1.969,Évora,Évora,"Quinta do Alcântara, Lote 1Horta das Figueiras",Évora,7005-345,38.55155,-7.91277,intermarché de évora,intermarché,"quinta do alcântara, lote 1horta das figueiras","1,969 €",2026-05-15_dgeg_postos_raw.csv,25ac25db33ae8c6d
2026-05-15,2026-05-15 14:31:32,2026-05-11 09:30:00,92a4a0330e9dfe50,92a4a0330e9dfe50_diesel_regular,Intermarché de Évora,INTERMARCHÉ,diesel_regular,Gasóleo simples,Outro,1.949,Évora,Évora,"Quinta do Alcântara, Lote 1Horta das Figueiras",Évora,7005-345,38.55155,-7.91277,intermarché de évora,intermarché,"quinta do alcântara, lote 1horta das figueiras","1,949 €",2026-05-15_dgeg_postos_raw.csv,55ed61a8d2a95ce8
2026-05-15,2026-05-15 14:31:32,2026-05-11 09:30:00,92a4a0330e9dfe50,92a4a0330e9dfe50_gasoline_95,Intermarché de Évora,INTERMARCHÉ,gasoline_95,Gasolina simples 95,Outro,1.929,Évora,Évora,"Quinta do Alcântara, Lote 1Horta das Figueiras",Évora,7005-345,38.55155,-7.91277,intermarché de évora,intermarché,"quinta do alcântara, lote 1horta das figueiras","1,929 €",2026-05-15_dgeg_postos_raw.csv,3420f8c5ee15534d
2026-05-15,2026-05-15 14:31:32,2026-05-11 09:30:00,f77b94b8e8a54d59,f77b94b8e8a54d59_gasoline_95,Prio - Albufeira (Vale de Paraíso),PRIO,gasoline_95,Gasolina simples 95,Outro,1.917,Albufeira,Faro,Urbanização Serva EN395 - Vale Paraíso 9011,Ferreiras,8200-567,37.11709,-8.246953,prio - albufeira (vale de paraíso),prio,urbanização serva en395 - vale paraíso 9011,"1,917 €",2026-05-15_dgeg_postos_raw.csv,5c9e483e4eb23123
2026-05-15,2026-05-15 14:31:32,2026-05-11 09:30:00,f77b94b8e8a54d59,f77b94b8e8a54d59_diesel_regular,Prio - Albufeira (Vale de Paraíso),PRIO,diesel_regular,Gasóleo simples,Outro,1.929,Albufeira,Faro,Urbanização Serva EN395 - Vale Paraíso 9011,Ferreiras,8200-567,37.11709,-8.246953,prio - albufeira (vale de paraíso),prio,urbanização serva en395 - vale paraíso 9011,"1,929 €",2026-05-15_dgeg_postos_raw.csv,ba1f912e69ac5b22
2026-05-15,2026-05-15 14:31:32,2026-05-11 09:30:00,f77b94b8e8a54d59,f77b94b8e8a54d59_diesel_premium,Prio - Albufeira (Vale de Paraíso),PRIO,diesel_premium,Gasóleo especial,Outro,1.929,Albufeira,Faro,Urbanização Serva EN395 - Vale Paraíso 9011,Ferreiras,8200-567,37.11709,-8.246953,prio - albufeira (vale de paraíso),prio,urbanização serva en395 - vale paraíso 9011,"1,929 €",2026-05-15_dgeg_postos_raw.csv,48105d89d7070b0f
2026-05-15,2026-05-15 14:31:32,2026-05-11 09:30:00,2ebbaf5cef8ca1b6,2ebbaf5cef8ca1b6_diesel_regular,Clarisse & Rodrigues,GALP,diesel_regular,Gasóleo simples,Outro,2.069,Porto de Mós,Leiria,"Rua Comendador J. Coelho da Silva,51",Juncal,2480-353,39.599722,-8.895833,clarisse & rodrigues,galp,"rua comendador j. coelho da silva,51","2,069 €",2026-05-15_dgeg_postos_raw.csv,0033fa8413517647
2026-05-15,2026-05-15 14:31:32,2026-05-11 09:30:00,2ebbaf5cef8ca1b6,2ebbaf5cef8ca1b6_gasoline_95,Clarisse & Rodrigues,GALP,gasoline_95,Gasolina simples 95,Outro,2.062,Porto de Mós,Leiria,"Rua Comendador J. Coelho da Silva,51",Juncal,2480-353,39.599722,-8.895833,clarisse & rodrigues,galp,"rua comendador j. coelho da silva,51","2,062 €",2026-05-15_dgeg_postos_raw.csv,137f0090eddc68a4
2026-05-15,2026-05-15 14:31:32,2026-05-11 09:30:00,394e0515e498bd08,394e0515e498bd08_diesel_premium,INTERMARCHÉ SOBREIRO CURVO,INTERMARCHÉ,diesel_premium,Gasóleo especial,Outro,1.925,Torres Vedras,Lisboa,Vale da Murta,"Á dos Cunhados, Sobreiro Curvo",2560-562,39.15244,-9.30593,intermarché sobreiro curvo,intermarché,vale da murta,"1,925 €",2026-05-15_dgeg_postos_raw.csv,a484bba7cb9bb998
2026-05-15,2026-05-15 14:31:32,2026-05-11 09:30:00,6bd357485a1cc499,6bd357485a1cc499_diesel_premium,PA ARGONCILHE,PRIO,diesel_premium,Gasóleo especial,Outro,2.019,Santa Maria da Feira,Aveiro,"RUA PROFESSOR FERREIRA DA SILVA, 689",Argoncilhe,4505-105,41.01944,-8.55662,pa argoncilhe,prio,"rua professor ferreira da silva, 689","2,019 €",2026-05-15_dgeg_postos_raw.csv,b47ec6ddd499a6a0
2026-05-15,2026-05-15 14:31:32,2026-05-11 09:30:00,6bd357485a1cc499,6bd357485a1cc499_gasoline_95,PA ARGONCILHE,PRIO,gasoline_95,Gasolina simples 95,Outro,2.018,Santa Maria da Feira,Aveiro,"RUA PROFESSOR FERREIRA DA SILVA, 689",Argoncilhe,4505-105,41.01944,-8.55662,pa argoncilhe,prio,"rua professor ferreira da silva, 689","2,018 €",2026-05-15_dgeg_postos_raw.csv,afbc052b6f2862b7
2026-05-15,2026-05-15 14:31:32,2026-05-11 09:30:00,394e0515e498bd08,394e0515e498bd08_diesel_regular,INTERMARCHÉ SOBREIRO CURVO,INTERMARCHÉ,diesel_regular,Gasóleo simples,Outro,1.895,Torres Vedras,Lisboa,Vale da Murta,"Á dos Cunhados, Sobreiro Curvo",2560-562,39.15244,-9.30593,intermarché sobreiro curvo,intermarché,vale da murta,"1,895 €",2026-05-15_dgeg_postos_raw.csv,ef761dba42fa771f
2026-05-15,2026-05-15 14:31:32,2026-05-11 09:30:00,394e0515e498bd08,394e0515e498bd08_gasoline_95,INTERMARCHÉ SOBREIRO CURVO,INTERMARCHÉ,gasoline_95,Gasolina simples 95,Outro,1.929,Torres Vedras,Lisboa,Vale da Murta,"Á dos Cunhados, Sobreiro Curvo",2560-562,39.15244,-9.30593,intermarché sobreiro curvo,intermarché,vale da murta,"1,929 €",2026-05-15_dgeg_postos_raw.csv,2162e5d40a9fc8c1
2026-05-15,2026-05-15 14:31:32,2026-05-11 09:30:00,178810ed1d749d67,178810ed1d749d67_diesel_regular,"PETRORUMI, Lda.",Genérico,diesel_regular,Gasóleo simples,Outro,1.989,Ourém,Santarém,EN 356 nº4 - Casal dos Crespos,Ourém,2490-782,39.684307,-8.561803,"petrorumi, lda.",genérico,en 356 nº4 - casal dos crespos,"1,989 €",2026-05-15_dgeg_postos_raw.csv,6af9b80608a67b65
2026-05-15,2026-05-15 14:31:32,2026-05-11 09:30:00,178810ed1d749d67,178810ed1d749d67_gasoline_95,"PETRORUMI, Lda.",Genérico,gasoline_95,Gasolina simples 95,Outro,1.992,Ourém,Santarém,EN 356 nº4 - Casal dos Crespos,Ourém,2490-782,39.684307,-8.561803,"petrorumi, lda.",genérico,en 356 nº4 - casal dos crespos,"1,992 €",2026-05-15_dgeg_postos_raw.csv,5fe33ff6a05ebc82
2026-05-15,2026-05-15 14:31:32,2026-05-11 09:30:00,e925df85745c8451,e925df85745c8451_diesel_regular,Combustíveis Videira e Filhos Lda,ALVES BANDEIRA,diesel_regular,Gasóleo simples,Outro,2.055,Vila Nova de Foz Côa,Guarda,Estrada Nacional nº 102,Vila Nova de Foz Côa,5150-644,41.06952,-7.15511,combustíveis videira e filhos lda,alves bandeira,estrada nacional nº 102,"2,055 €",2026-05-15_dgeg_postos_raw.csv,f63e9707debc7716
2026-05-15,2026-05-15 14:31:32,2026-05-11 09:30:00,e925df85745c8451,e925df85745c8451_diesel_premium,Combustíveis Videira e Filhos Lda,ALVES BANDEIRA,diesel_premium,Gasóleo especial,Outro,2.105,Vila Nova de Foz Côa,Guarda,Estrada Nacional nº 102,Vila Nova de Foz Côa,5150-644,41.06952,-7.15511,combustíveis videira e filhos lda,alves bandeira,estrada nacional nº 102,"2,105 €",2026-05-15_dgeg_postos_raw.csv,a24854ce60052435
2026-05-15,2026-05-15 14:31:32,2026-05-11 09:30:00,e925df85745c8451,e925df85745c8451_gasoline_95,Combustíveis Videira e Filhos Lda,ALVES BANDEIRA,gasoline_95,Gasolina simples 95,Outro,2.051,Vila Nova de Foz Côa,Guarda,Estrada Nacional nº 102,Vila Nova de Foz Côa,5150-644,41.06952,-7.15511,combustíveis videira e filhos lda,alves bandeira,estrada nacional nº 102,"2,051 €",2026-05-15_dgeg_postos_raw.csv,7c76fee835d32c0b
2026-05-15,2026-05-15 14:31:32,2026-05-11 09:30:00,d2c1e5e52ef763f9,d2c1e5e52ef763f9_diesel_regular,INTERMARCHÉ CALDAS das TAIPAS,INTERMARCHÉ,diesel_regular,Gasóleo simples,Área comercial (Hipermercados),1.898,Guimarães,Braga,Rua Comandante Carvalho Crato (EN 101),Caldas das Taipas,4805-104,41.48632,-8.351243,intermarché caldas das taipas,intermarché,rua comandante carvalho crato (en 101),"1,898 €",2026-05-15_dgeg_postos_raw.csv,8e0c6a9d1191dc2a
2026-05-15,2026-05-15 14:31:32,2026-05-11 09:30:00,d2c1e5e52ef763f9,d2c1e5e52ef763f9_gasoline_95,INTERMARCHÉ CALDAS das TAIPAS,INTERMARCHÉ,gasoline_95,Gasolina simples 95,Área comercial (Hipermercados),1.898,Guimarães,Braga,Rua Comandante Carvalho Crato (EN 101),Caldas das Taipas,4805-104,41.48632,-8.351243,intermarché caldas das taipas,intermarché,rua comandante carvalho crato (en 101),"1,898 €",2026-05-15_dgeg_postos_raw.csv,a6f5a65f2fef312b
2026-05-15,2026-05-15 14:31:32,2026-05-11 09:30:00,ef324e4303cc2918,ef324e4303cc2918_diesel_regular,Intermarche de Vila Viçosa,INTERMARCHÉ,diesel_regular,Gasóleo simples,Outro,1.935,Vila Viçosa,Évora,Madre d'Agua,Vila Viçosa,7160-204,38.787412,-7.426288,intermarche de vila viçosa,intermarché,madre d'agua,"1,935 €",2026-05-15_dgeg_postos_raw.csv,f8361134b085990a
2026-05-15,2026-05-15 14:31:32,2026-05-11 09:30:00,ef324e4303cc2918,ef324e4303cc2918_diesel_premium,Intermarche de Vila Viçosa,INTERMARCHÉ,diesel_premium,Gasóleo especial,Outro,1.985,Vila Viçosa,Évora,Madre d'Agua,Vila Viçosa,7160-204,38.787412,-7.426288,intermarche de vila viçosa,intermarché,madre d'agua,"1,985 €",2026-05-15_dgeg_postos_raw.csv,6886a23cd72d26a8
2026-05-15,2026-05-15 14:31:32,2026-05-11 09:30:00,ef324e4303cc2918,ef324e4303cc2918_gasoline_95,Intermarche de Vila Viçosa,INTERMARCHÉ,gasoline_95,Gasolina simples 95,Outro,1.931,Vila Viçosa,Évora,Madre d'Agua,Vila Viçosa,7160-204,38.787412,-7.426288,intermarche de vila viçosa,intermarché,madre d'agua,"1,931 €",2026-05-15_dgeg_postos_raw.csv,56d0666e6c6e7f5e
2026-05-15,2026-05-15 14:31:32,2026-05-11 09:30:00,0d6b25b1f67c6f54,0d6b25b1f67c6f54_diesel_regular,Prio - Sto. António dos Cavaleiros,PRIO,diesel_regular,Gasóleo simples,Outro,1.919,Loures,Lisboa,"Rua José Malhoa,1- Paradela",Santo António dos Cavaleiros,2660-699,38.80744,-9.16869,prio - sto. antónio dos cavaleiros,prio,"rua josé malhoa,1- paradela","1,919 €",2026-05-15_dgeg_postos_raw.csv,4d385adfab6ca8c8
2026-05-15,2026-05-15 14:31:32,2026-05-11 09:30:00,0d6b25b1f67c6f54,0d6b25b1f67c6f54_diesel_premium,Prio - Sto. António dos Cavaleiros,PRIO,diesel_premium,Gasóleo especial,Outro,1.919,Loures,Lisboa,"Rua José Malhoa,1- Paradela",Santo António dos Cavaleiros,2660-699,38.80744,-9.16869,prio - sto. antónio dos cavaleiros,prio,"rua josé malhoa,1- paradela","1,919 €",2026-05-15_dgeg_postos_raw.csv,046c63e9afd92f1b
2026-05-15,2026-05-15 14:31:32,2026-05-11 09:30:00,0d6b25b1f67c6f54,0d6b25b1f67c6f54_gasoline_95,Prio - Sto. António dos Cavaleiros,PRIO,gasoline_95,Gasolina simples 95,Outro,1.907,Loures,Lisboa,"Rua José Malhoa,1- Paradela",Santo António dos Cavaleiros,2660-699,38.80744,-9.16869,prio - sto. antónio dos cavaleiros,prio,"rua josé malhoa,1- paradela","1,907 €",2026-05-15_dgeg_postos_raw.csv,a527272dca68b298
2026-05-15,2026-05-15 14:31:32,2026-05-11 09:30:00,5653051618023c3c,5653051618023c3c_diesel_regular,INTERMARCHÉ REDONDO,INTERMARCHÉ,diesel_regular,Gasóleo simples,Outro,1.935,Redondo,Évora,Rua do Almagre,Redondo,7170-072,38.65349,-7.54801,intermarché redondo,intermarché,rua do almagre,"1,935 €",2026-05-15_dgeg_postos_raw.csv,9bbfbd9ddc6ae76f
2026-05-15,2026-05-15 14:31:32,2026-05-11 09:30:00,5653051618023c3c,5653051618023c3c_diesel_premium,INTERMARCHÉ REDONDO,INTERMARCHÉ,diesel_premium,Gasóleo especial,Outro,1.985,Redondo,Évora,Rua do Almagre,Redondo,7170-072,38.65349,-7.54801,intermarché redondo,intermarché,rua do almagre,"1,985 €",2026-05-15_dgeg_postos_raw.csv,5b6a540dead3597e
2026-05-15,2026-05-15 14:31:32,2026-05-11 09:30:00,5653051618023c3c,5653051618023c3c_gasoline_95,INTERMARCHÉ REDONDO,INTERMARCHÉ,gasoline_95,Gasolina simples 95,Outro,1.931,Redondo,Évora,Rua do Almagre,Redondo,7170-072,38.65349,-7.54801,intermarché redondo,intermarché,rua do almagre,"1,931 €",2026-05-15_dgeg_postos_raw.csv,93760e4e675a3d76
2026-05-15,2026-05-15 14:31:32,2026-05-11 09:35:00,f10f0e4bfa8b71c2,f10f0e4bfa8b71c2_diesel_premium,C.A CONSTRUTORA DO ALVA,FREITAS,diesel_premium,Gasóleo especial,Outro,2.054,Oliveira do Hospital,Coimbra,EN 17 Nº.18 - Chamusca da Beira,Chamusca da Beira,3405-251,40.35692,-7.817406,c.a construtora do alva,freitas,en 17 nº.18 - chamusca da beira,"2,054 €",2026-05-15_dgeg_postos_raw.csv,1bdbe81ce6d53933
2026-05-15,2026-05-15 14:31:32,2026-05-11 09:35:00,f10f0e4bfa8b71c2,f10f0e4bfa8b71c2_gasoline_95,C.A CONSTRUTORA DO ALVA,FREITAS,gasoline_95,Gasolina simples 95,Outro,2.037,Oliveira do Hospital,Coimbra,EN 17 Nº.18 - Chamusca da Beira,Chamusca da Beira,3405-251,40.35692,-7.817406,c.a construtora do alva,freitas,en 17 nº.18 - chamusca da beira,"2,037 €",2026-05-15_dgeg_postos_raw.csv,d6debc63b2d4db7b
2026-05-15,2026-05-15 14:31:32,2026-05-11 09:35:00,3d027cd1cc3b1854,3d027cd1cc3b1854_diesel_regular,"JESUS & JESUS, S.A.",Genérico,diesel_regular,Gasóleo simples,Outro,2.034,Seia,Guarda,EN 339,Srª do Espinheiro-Aldeia da Serra,6270-000,40.41278,-7.67433,"jesus & jesus, s.a.",genérico,en 339,"2,034 €",2026-05-15_dgeg_postos_raw.csv,c0e431c3476e0577
2026-05-15,2026-05-15 14:31:32,2026-05-11 09:35:00,3d027cd1cc3b1854,3d027cd1cc3b1854_gasoline_95,"JESUS & JESUS, S.A.",Genérico,gasoline_95,Gasolina simples 95,Outro,2.037,Seia,Guarda,EN 339,Srª do Espinheiro-Aldeia da Serra,6270-000,40.41278,-7.67433,"jesus & jesus, s.a.",genérico,en 339,"2,037 €",2026-05-15_dgeg_postos_raw.csv,b1d29e7e20bde972
2026-05-15,2026-05-15 14:31:32,2026-05-11 09:35:00,dc11c90e1a973eff,dc11c90e1a973eff_diesel_regular,Machado & Veiga Combustiveis,Genérico,diesel_regular,Gasóleo simples,Outro,2.079,Vimioso,Bragança,"Estrada Nacional 218 Km 37,700",Argozelo,5230-072,41.634796,-6.602628,machado & veiga combustiveis,genérico,"estrada nacional 218 km 37,700","2,079 €",2026-05-15_dgeg_postos_raw.csv,2e3dedd7724f2df0
2026-05-15,2026-05-15 14:31:32,2026-05-11 09:35:00,dc11c90e1a973eff,dc11c90e1a973eff_gasoline_95,Machado & Veiga Combustiveis,Genérico,gasoline_95,Gasolina simples 95,Outro,2.099,Vimioso,Bragança,"Estrada Nacional 218 Km 37,700",Argozelo,5230-072,41.634796,-6.602628,machado & veiga combustiveis,genérico,"estrada nacional 218 km 37,700","2,099 €",2026-05-15_dgeg_postos_raw.csv,0ec69478b5b40377
2026-05-15,2026-05-15 14:31:32,2026-05-11 09:35:00,f10f0e4bfa8b71c2,f10f0e4bfa8b71c2_diesel_regular,C.A CONSTRUTORA DO ALVA,FREITAS,diesel_regular,Gasóleo simples,Outro,2.034,Oliveira do Hospital,Coimbra,EN 17 Nº.18 - Chamusca da Beira,Chamusca da Beira,3405-251,40.35692,-7.817406,c.a construtora do alva,freitas,en 17 nº.18 - chamusca da beira,"2,034 €",2026-05-15_dgeg_postos_raw.csv,b13ae743aeebc306
2026-05-15,2026-05-15 14:31:32,2026-05-11 09:35:00,ccfc60abd1a341a9,ccfc60abd1a341a9_diesel_regular,AUTO JULIO - Ramalhal (Zona Ind. Ameal),GALP,diesel_regular,Gasóleo simples,Outro,1.929,Torres Vedras,Lisboa,"Polígono Industrial do Alto do Ameal, Pavilhão B-3",Ameal,2565-641,39.12902,-9.23388,auto julio - ramalhal (zona ind. ameal),galp,"polígono industrial do alto do ameal, pavilhão b-3","1,929 €",2026-05-15_dgeg_postos_raw.csv,5f9b820a2274d92e
2026-05-15,2026-05-15 14:31:32,2026-05-11 09:35:00,ccfc60abd1a341a9,ccfc60abd1a341a9_diesel_premium,AUTO JULIO - Ramalhal (Zona Ind. Ameal),GALP,diesel_premium,Gasóleo especial,Outro,1.939,Torres Vedras,Lisboa,"Polígono Industrial do Alto do Ameal, Pavilhão B-3",Ameal,2565-641,39.12902,-9.23388,auto julio - ramalhal (zona ind. ameal),galp,"polígono industrial do alto do ameal, pavilhão b-3","1,939 €",2026-05-15_dgeg_postos_raw.csv,85fbfb2a6fafcad0
2026-05-15,2026-05-15 14:31:32,2026-05-11 09:35:00,148f46e1bc8ae85f,148f46e1bc8ae85f_diesel_regular,PRIO Paço de Arcos,PRIO,diesel_regular,Gasóleo simples,Outro,1.919,Oeiras,Lisboa,"Rua Calvet Magalhães, 145A",Paço de Arcos,2770-228,38.710697,-9.289212,prio paço de arcos,prio,"rua calvet magalhães, 145a","1,919 €",2026-05-15_dgeg_postos_raw.csv,0e762f5955a8f94d
2026-05-15,2026-05-15 14:31:32,2026-05-11 09:35:00,148f46e1bc8ae85f,148f46e1bc8ae85f_diesel_premium,PRIO Paço de Arcos,PRIO,diesel_premium,Gasóleo especial,Outro,1.919,Oeiras,Lisboa,"Rua Calvet Magalhães, 145A",Paço de Arcos,2770-228,38.710697,-9.289212,prio paço de arcos,prio,"rua calvet magalhães, 145a","1,919 €",2026-05-15_dgeg_postos_raw.csv,c9d5a70f80003546
2026-05-15,2026-05-15 14:31:32,2026-05-11 09:35:00,148f46e1bc8ae85f,148f46e1bc8ae85f_gasoline_95,PRIO Paço de Arcos,PRIO,gasoline_95,Gasolina simples 95,Outro,1.907,Oeiras,Lisboa,"Rua Calvet Magalhães, 145A",Paço de Arcos,2770-228,38.710697,-9.289212,prio paço de arcos,prio,"rua calvet magalhães, 145a","1,907 €",2026-05-15_dgeg_postos_raw.csv,e01bc32e955cb06c
2026-05-15,2026-05-15 14:31:32,2026-05-11 09:35:00,8276e38be782d1b1,8276e38be782d1b1_diesel_regular,São Pedro da Cova,MOEVE,diesel_regular,Gasóleo simples,Outro,1.986,Gondomar,Porto,Estrada Nacional 219 km 9.7,São Pedro da Cova,4510-429,41.162334,-8.507628,são pedro da cova,moeve,estrada nacional 219 km 9.7,"1,986 €",2026-05-15_dgeg_postos_raw.csv,7cd7977c74000ace
2026-05-15,2026-05-15 14:31:32,2026-05-11 09:35:00,8276e38be782d1b1,8276e38be782d1b1_diesel_premium,São Pedro da Cova,MOEVE,diesel_premium,Gasóleo especial,Outro,2.036,Gondomar,Porto,Estrada Nacional 219 km 9.7,São Pedro da Cova,4510-429,41.162334,-8.507628,são pedro da cova,moeve,estrada nacional 219 km 9.7,"2,036 €",2026-05-15_dgeg_postos_raw.csv,676e8e5eb4010995
2026-05-15,2026-05-15 14:31:32,2026-05-11 09:35:00,8276e38be782d1b1,8276e38be782d1b1_gasoline_95,São Pedro da Cova,MOEVE,gasoline_95,Gasolina simples 95,Outro,1.978,Gondomar,Porto,Estrada Nacional 219 km 9.7,São Pedro da Cova,4510-429,41.162334,-8.507628,são pedro da cova,moeve,estrada nacional 219 km 9.7,"1,978 €",2026-05-15_dgeg_postos_raw.csv,7a197c6f54604ffe
2026-05-15,2026-05-15 14:31:32,2026-05-11 09:35:00,8276e38be782d1b1,8276e38be782d1b1_gasoline_98,São Pedro da Cova,MOEVE,gasoline_98,Gasolina especial 98,Outro,2.19,Gondomar,Porto,Estrada Nacional 219 km 9.7,São Pedro da Cova,4510-429,41.162334,-8.507628,são pedro da cova,moeve,estrada nacional 219 km 9.7,"2,190 €",2026-05-15_dgeg_postos_raw.csv,71ab2ad9f8f6b7fb
2026-05-15,2026-05-15 14:31:32,2026-05-11 09:35:00,0804bf8b001d02dc,0804bf8b001d02dc_diesel_premium,Prio - Massamá,PRIO,diesel_premium,Gasóleo especial,Outro,1.929,Sintra,Lisboa,"Rua Sebastião e Silva, Lote 2E - Massamá Sul",Queluz,2745-838,38.75066,-9.27553,prio - massamá,prio,"rua sebastião e silva, lote 2e - massamá sul","1,929 €",2026-05-15_dgeg_postos_raw.csv,e29486ed568efb40
2026-05-15,2026-05-15 14:31:32,2026-05-11 09:35:00,0804bf8b001d02dc,0804bf8b001d02dc_diesel_regular,Prio - Massamá,PRIO,diesel_regular,Gasóleo simples,Outro,1.929,Sintra,Lisboa,"Rua Sebastião e Silva, Lote 2E - Massamá Sul",Queluz,2745-838,38.75066,-9.27553,prio - massamá,prio,"rua sebastião e silva, lote 2e - massamá sul","1,929 €",2026-05-15_dgeg_postos_raw.csv,094695440e90440d
2026-05-15,2026-05-15 14:31:32,2026-05-11 09:35:00,0804bf8b001d02dc,0804bf8b001d02dc_gasoline_95,Prio - Massamá,PRIO,gasoline_95,Gasolina simples 95,Outro,1.927,Sintra,Lisboa,"Rua Sebastião e Silva, Lote 2E - Massamá Sul",Queluz,2745-838,38.75066,-9.27553,prio - massamá,prio,"rua sebastião e silva, lote 2e - massamá sul","1,927 €",2026-05-15_dgeg_postos_raw.csv,1bc987c38dab2fca
2026-05-15,2026-05-15 14:31:32,2026-05-11 09:35:00,5e3a9aae9df7eba6,5e3a9aae9df7eba6_diesel_regular,Posto Abastecimento REPSOL-BARCELOS,REPSOL,diesel_regular,Gasóleo simples,Outro,2.039,Barcelos,Braga,Av. João Duarte - Arcozelo,Barcelos,4750-175,41.53778,-8.61426,posto abastecimento repsol-barcelos,repsol,av. joão duarte - arcozelo,"2,039 €",2026-05-15_dgeg_postos_raw.csv,7b99570c1443165e
2026-05-15,2026-05-15 14:31:32,2026-05-11 09:35:00,5e3a9aae9df7eba6,5e3a9aae9df7eba6_diesel_premium,Posto Abastecimento REPSOL-BARCELOS,REPSOL,diesel_premium,Gasóleo especial,Outro,2.099,Barcelos,Braga,Av. João Duarte - Arcozelo,Barcelos,4750-175,41.53778,-8.61426,posto abastecimento repsol-barcelos,repsol,av. joão duarte - arcozelo,"2,099 €",2026-05-15_dgeg_postos_raw.csv,d4b5aa7c9c1f60b8
2026-05-15,2026-05-15 14:31:32,2026-05-11 09:35:00,5e3a9aae9df7eba6,5e3a9aae9df7eba6_gasoline_95,Posto Abastecimento REPSOL-BARCELOS,REPSOL,gasoline_95,Gasolina simples 95,Outro,2.037,Barcelos,Braga,Av. João Duarte - Arcozelo,Barcelos,4750-175,41.53778,-8.61426,posto abastecimento repsol-barcelos,repsol,av. joão duarte - arcozelo,"2,037 €",2026-05-15_dgeg_postos_raw.csv,d1b38a9bf0161c57
2026-05-15,2026-05-15 14:31:32,2026-05-11 09:35:00,e26ef06a44bfca30,e26ef06a44bfca30_diesel_regular,E.S. PONTEVEL,REPSOL,diesel_regular,Gasóleo simples,Outro,2.039,Cartaxo,Santarém,Rua do Paço,Pontével,2070-424,39.1463888888889,-8.83586666666667,e.s. pontevel,repsol,rua do paço,"2,039 €",2026-05-15_dgeg_postos_raw.csv,b30957cf65c1b432
2026-05-15,2026-05-15 14:31:32,2026-05-11 09:35:00,e26ef06a44bfca30,e26ef06a44bfca30_diesel_premium,E.S. PONTEVEL,REPSOL,diesel_premium,Gasóleo especial,Outro,2.099,Cartaxo,Santarém,Rua do Paço,Pontével,2070-424,39.1463888888889,-8.83586666666667,e.s. pontevel,repsol,rua do paço,"2,099 €",2026-05-15_dgeg_postos_raw.csv,263173d03a2e79bd
2026-05-15,2026-05-15 14:31:32,2026-05-11 09:35:00,e26ef06a44bfca30,e26ef06a44bfca30_gasoline_95,E.S. PONTEVEL,REPSOL,gasoline_95,Gasolina simples 95,Outro,2.037,Cartaxo,Santarém,Rua do Paço,Pontével,2070-424,39.1463888888889,-8.83586666666667,e.s. pontevel,repsol,rua do paço,"2,037 €",2026-05-15_dgeg_postos_raw.csv,e6d0c90b85210e38
2026-05-15,2026-05-15 14:31:32,2026-05-11 09:35:00,e26ef06a44bfca30,e26ef06a44bfca30_gasoline_98,E.S. PONTEVEL,REPSOL,gasoline_98,Gasolina especial 98,Outro,2.247,Cartaxo,Santarém,Rua do Paço,Pontével,2070-424,39.1463888888889,-8.83586666666667,e.s. pontevel,repsol,rua do paço,"2,247 €",2026-05-15_dgeg_postos_raw.csv,c11e77ff0f47f2bc
2026-05-15,2026-05-15 14:31:32,2026-05-11 09:35:00,78f2d1534868d460,78f2d1534868d460_diesel_regular,E.S. ALVERCA,REPSOL,diesel_regular,Gasóleo simples,Outro,2.079,Vila Franca de Xira,Lisboa,AV DO MARCO DA IV LEGUA 17,Alverca,2615-000,38.90655,-9.032439,e.s. alverca,repsol,av do marco da iv legua 17,"2,079 €",2026-05-15_dgeg_postos_raw.csv,2b8173a8ea879012
2026-05-15,2026-05-15 14:31:32,2026-05-11 09:35:00,78f2d1534868d460,78f2d1534868d460_diesel_premium,E.S. ALVERCA,REPSOL,diesel_premium,Gasóleo especial,Outro,2.149,Vila Franca de Xira,Lisboa,AV DO MARCO DA IV LEGUA 17,Alverca,2615-000,38.90655,-9.032439,e.s. alverca,repsol,av do marco da iv legua 17,"2,149 €",2026-05-15_dgeg_postos_raw.csv,9a21fd4567d03413
2026-05-15,2026-05-15 14:31:32,2026-05-11 09:35:00,78f2d1534868d460,78f2d1534868d460_gasoline_95,E.S. ALVERCA,REPSOL,gasoline_95,Gasolina simples 95,Outro,2.077,Vila Franca de Xira,Lisboa,AV DO MARCO DA IV LEGUA 17,Alverca,2615-000,38.90655,-9.032439,e.s. alverca,repsol,av do marco da iv legua 17,"2,077 €",2026-05-15_dgeg_postos_raw.csv,e8da10a8331a9ca4
2026-05-15,2026-05-15 14:31:32,2026-05-11 09:35:00,78f2d1534868d460,78f2d1534868d460_gasoline_98,E.S. ALVERCA,REPSOL,gasoline_98,Gasolina especial 98,Outro,2.277,Vila Franca de Xira,Lisboa,AV DO MARCO DA IV LEGUA 17,Alverca,2615-000,38.90655,-9.032439,e.s. alverca,repsol,av do marco da iv legua 17,"2,277 €",2026-05-15_dgeg_postos_raw.csv,2346c398bdbf13b9
2026-05-15,2026-05-15 14:31:32,2026-05-11 09:40:00,9786363a7445e895,9786363a7445e895_diesel_regular,E.S. ALVERCA II,REPSOL,diesel_regular,Gasóleo simples,Outro,2.079,Vila Franca de Xira,Lisboa,AV DO MARCO DA IV LEGUA 2,Alverca do Ribatejo,2615-000,38.904186,-9.034739,e.s. alverca ii,repsol,av do marco da iv legua 2,"2,079 €",2026-05-15_dgeg_postos_raw.csv,b350b6a477067666
2026-05-15,2026-05-15 14:31:32,2026-05-11 09:40:00,9786363a7445e895,9786363a7445e895_diesel_premium,E.S. ALVERCA II,REPSOL,diesel_premium,Gasóleo especial,Outro,2.149,Vila Franca de Xira,Lisboa,AV DO MARCO DA IV LEGUA 2,Alverca do Ribatejo,2615-000,38.904186,-9.034739,e.s. alverca ii,repsol,av do marco da iv legua 2,"2,149 €",2026-05-15_dgeg_postos_raw.csv,2113fa761e1a1707
2026-05-15,2026-05-15 14:31:32,2026-05-11 09:40:00,9786363a7445e895,9786363a7445e895_gasoline_95,E.S. ALVERCA II,REPSOL,gasoline_95,Gasolina simples 95,Outro,2.077,Vila Franca de Xira,Lisboa,AV DO MARCO DA IV LEGUA 2,Alverca do Ribatejo,2615-000,38.904186,-9.034739,e.s. alverca ii,repsol,av do marco da iv legua 2,"2,077 €",2026-05-15_dgeg_postos_raw.csv,e253f7cdd53f0ebb
2026-05-15,2026-05-15 14:31:32,2026-05-11 09:40:00,7a38812030b9bcff,7a38812030b9bcff_diesel_regular,Intermarché de Viana do Alentejo,INTERMARCHÉ,diesel_regular,Gasóleo simples,Outro,1.959,Viana do Alentejo,Évora,Zona Industrial,Viana do Alentejo,7090-222,38.3311,-7.9954,intermarché de viana do alentejo,intermarché,zona industrial,"1,959 €",2026-05-15_dgeg_postos_raw.csv,7d9d7506f56eda2a
2026-05-15,2026-05-15 14:31:32,2026-05-11 09:40:00,7a38812030b9bcff,7a38812030b9bcff_diesel_premium,Intermarché de Viana do Alentejo,INTERMARCHÉ,diesel_premium,Gasóleo especial,Outro,1.999,Viana do Alentejo,Évora,Zona Industrial,Viana do Alentejo,7090-222,38.3311,-7.9954,intermarché de viana do alentejo,intermarché,zona industrial,"1,999 €",2026-05-15_dgeg_postos_raw.csv,9b0298f13c018fc1
2026-05-15,2026-05-15 14:31:32,2026-05-11 09:40:00,7a38812030b9bcff,7a38812030b9bcff_gasoline_95,Intermarché de Viana do Alentejo,INTERMARCHÉ,gasoline_95,Gasolina simples 95,Outro,1.962,Viana do Alentejo,Évora,Zona Industrial,Viana do Alentejo,7090-222,38.3311,-7.9954,intermarché de viana do alentejo,intermarché,zona industrial,"1,962 €",2026-05-15_dgeg_postos_raw.csv,93cc72f34e5593a2
2026-05-15,2026-05-15 14:31:32,2026-05-11 09:40:00,2f1018e86af2c006,2f1018e86af2c006_diesel_regular,Porto - Marginal,CEPSA,diesel_regular,Gasóleo simples,Outro,1.936,Porto,Porto,"Av. Paiva Couceiro, 1000 - Marginal - Bonfim - Porto",Porto,4300-385,41.140385,-8.592044,porto - marginal,cepsa,"av. paiva couceiro, 1000 - marginal - bonfim - porto","1,936 €",2026-05-15_dgeg_postos_raw.csv,8b252dce38ee5710
2026-05-15,2026-05-15 14:31:32,2026-05-11 09:40:00,2f1018e86af2c006,2f1018e86af2c006_diesel_premium,Porto - Marginal,CEPSA,diesel_premium,Gasóleo especial,Outro,1.986,Porto,Porto,"Av. Paiva Couceiro, 1000 - Marginal - Bonfim - Porto",Porto,4300-385,41.140385,-8.592044,porto - marginal,cepsa,"av. paiva couceiro, 1000 - marginal - bonfim - porto","1,986 €",2026-05-15_dgeg_postos_raw.csv,9381c64883163287
2026-05-15,2026-05-15 14:31:32,2026-05-11 09:40:00,2f1018e86af2c006,2f1018e86af2c006_gasoline_95,Porto - Marginal,CEPSA,gasoline_95,Gasolina simples 95,Outro,1.928,Porto,Porto,"Av. Paiva Couceiro, 1000 - Marginal - Bonfim - Porto",Porto,4300-385,41.140385,-8.592044,porto - marginal,cepsa,"av. paiva couceiro, 1000 - marginal - bonfim - porto","1,928 €",2026-05-15_dgeg_postos_raw.csv,39d3eb06a155f90a
2026-05-15,2026-05-15 14:31:32,2026-05-11 09:40:00,df479009827e3980,df479009827e3980_diesel_regular,"Distrimonsaraz - Supermercados, Lda",INTERMARCHÉ,diesel_regular,Gasóleo simples,Outro,1.959,Reguengos de Monsaraz,Évora,Horta da Cegonheira - Semi Circular Sul,Reguengos de Monsaraz,7200-999,38.42475,-7.54553,"distrimonsaraz - supermercados, lda",intermarché,horta da cegonheira - semi circular sul,"1,959 €",2026-05-15_dgeg_postos_raw.csv,fab432f7c78015af
2026-05-15,2026-05-15 14:31:32,2026-05-11 09:40:00,df479009827e3980,df479009827e3980_diesel_premium,"Distrimonsaraz - Supermercados, Lda",INTERMARCHÉ,diesel_premium,Gasóleo especial,Outro,1.999,Reguengos de Monsaraz,Évora,Horta da Cegonheira - Semi Circular Sul,Reguengos de Monsaraz,7200-999,38.42475,-7.54553,"distrimonsaraz - supermercados, lda",intermarché,horta da cegonheira - semi circular sul,"1,999 €",2026-05-15_dgeg_postos_raw.csv,dc8ab342309945ad
2026-05-15,2026-05-15 14:31:32,2026-05-11 09:40:00,df479009827e3980,df479009827e3980_gasoline_95,"Distrimonsaraz - Supermercados, Lda",INTERMARCHÉ,gasoline_95,Gasolina simples 95,Outro,1.962,Reguengos de Monsaraz,Évora,Horta da Cegonheira - Semi Circular Sul,Reguengos de Monsaraz,7200-999,38.42475,-7.54553,"distrimonsaraz - supermercados, lda",intermarché,horta da cegonheira - semi circular sul,"1,962 €",2026-05-15_dgeg_postos_raw.csv,a14beb69ae39db68
2026-05-15,2026-05-15 14:31:32,2026-05-11 09:40:00,c4c50ffb6a65f7da,c4c50ffb6a65f7da_diesel_regular,Posto Abastecimento REPSOL-FAMALICÃO,REPSOL,diesel_regular,Gasóleo simples,Outro,2.039,Vila Nova de Famalicão,Braga,"Av. Engº. Pinheiro Braga, 1392",Vila Nova de Famalicão,4760-089,41.420563,-8.516664,posto abastecimento repsol-famalicão,repsol,"av. engº. pinheiro braga, 1392","2,039 €",2026-05-15_dgeg_postos_raw.csv,2fb9917c2a0e06d8
2026-05-15,2026-05-15 14:31:32,2026-05-11 09:40:00,c4c50ffb6a65f7da,c4c50ffb6a65f7da_diesel_premium,Posto Abastecimento REPSOL-FAMALICÃO,REPSOL,diesel_premium,Gasóleo especial,Outro,2.099,Vila Nova de Famalicão,Braga,"Av. Engº. Pinheiro Braga, 1392",Vila Nova de Famalicão,4760-089,41.420563,-8.516664,posto abastecimento repsol-famalicão,repsol,"av. engº. pinheiro braga, 1392","2,099 €",2026-05-15_dgeg_postos_raw.csv,0145e263474e5793
2026-05-15,2026-05-15 14:31:32,2026-05-11 09:40:00,c4c50ffb6a65f7da,c4c50ffb6a65f7da_gasoline_95,Posto Abastecimento REPSOL-FAMALICÃO,REPSOL,gasoline_95,Gasolina simples 95,Outro,2.037,Vila Nova de Famalicão,Braga,"Av. Engº. Pinheiro Braga, 1392",Vila Nova de Famalicão,4760-089,41.420563,-8.516664,posto abastecimento repsol-famalicão,repsol,"av. engº. pinheiro braga, 1392","2,037 €",2026-05-15_dgeg_postos_raw.csv,a306656a0083eca7
2026-05-15,2026-05-15 14:31:32,2026-05-11 09:40:00,096635e1c186fd76,096635e1c186fd76_diesel_regular,ASCOL Boavista dos Pinheiros,Genérico,diesel_regular,Gasóleo simples,Outro,2.094,Odemira,Beja,ZONA INDUSTRIAL LOTE 24/25,Boavista dos Pinheiros,7630-033,37.576244,-8.665181,ascol boavista dos pinheiros,genérico,zona industrial lote 24/25,"2,094 €",2026-05-15_dgeg_postos_raw.csv,59687a45c974b636
2026-05-15,2026-05-15 14:31:32,2026-05-11 09:40:00,096635e1c186fd76,096635e1c186fd76_gasoline_95,ASCOL Boavista dos Pinheiros,Genérico,gasoline_95,Gasolina simples 95,Outro,2.084,Odemira,Beja,ZONA INDUSTRIAL LOTE 24/25,Boavista dos Pinheiros,7630-033,37.576244,-8.665181,ascol boavista dos pinheiros,genérico,zona industrial lote 24/25,"2,084 €",2026-05-15_dgeg_postos_raw.csv,f0caacf9c70d6412
2026-05-15,2026-05-15 14:31:32,2026-05-11 09:40:00,096635e1c186fd76,096635e1c186fd76_diesel_premium,ASCOL Boavista dos Pinheiros,Genérico,diesel_premium,Gasóleo especial,Outro,2.144,Odemira,Beja,ZONA INDUSTRIAL LOTE 24/25,Boavista dos Pinheiros,7630-033,37.576244,-8.665181,ascol boavista dos pinheiros,genérico,zona industrial lote 24/25,"2,144 €",2026-05-15_dgeg_postos_raw.csv,0d9d3bd7e497b5fd
2026-05-15,2026-05-15 14:31:32,2026-05-11 09:40:00,40e153c66008556f,40e153c66008556f_diesel_premium,AB Rebordosa (Bombolite),ALVES BANDEIRA,diesel_premium,Gasóleo especial,Outro,1.999,Paredes,Porto,"RUA DE FIJÔ, 25",Rebordosa,4585-847,41.223553,-8.420409,ab rebordosa (bombolite),alves bandeira,"rua de fijô, 25","1,999 €",2026-05-15_dgeg_postos_raw.csv,c3615a6828b05192
2026-05-15,2026-05-15 14:31:32,2026-05-11 09:40:00,40e153c66008556f,40e153c66008556f_diesel_regular,AB Rebordosa (Bombolite),ALVES BANDEIRA,diesel_regular,Gasóleo simples,Outro,1.969,Paredes,Porto,"RUA DE FIJÔ, 25",Rebordosa,4585-847,41.223553,-8.420409,ab rebordosa (bombolite),alves bandeira,"rua de fijô, 25","1,969 €",2026-05-15_dgeg_postos_raw.csv,a989d741fb470c76
2026-05-15,2026-05-15 14:31:32,2026-05-11 09:40:00,40e153c66008556f,40e153c66008556f_gasoline_95,AB Rebordosa (Bombolite),ALVES BANDEIRA,gasoline_95,Gasolina simples 95,Outro,1.979,Paredes,Porto,"RUA DE FIJÔ, 25",Rebordosa,4585-847,41.223553,-8.420409,ab rebordosa (bombolite),alves bandeira,"rua de fijô, 25","1,979 €",2026-05-15_dgeg_postos_raw.csv,f6509970db6b55d9
2026-05-15,2026-05-15 14:31:32,2026-05-11 09:40:00,34598aedc2100b1c,34598aedc2100b1c_diesel_regular,Intermarché Setúbal,INTERMARCHÉ,diesel_regular,Gasóleo simples,Outro,1.989,Setúbal,Setúbal,"EN10, Km 42,80",Setúbal - Alto da Guerra - Poço Mouro,2910-297,38.53763,-8.85717,intermarché setúbal,intermarché,"en10, km 42,80","1,989 €",2026-05-15_dgeg_postos_raw.csv,825da87178e5ba35
2026-05-15,2026-05-15 14:31:32,2026-05-11 09:40:00,34598aedc2100b1c,34598aedc2100b1c_gasoline_95,Intermarché Setúbal,INTERMARCHÉ,gasoline_95,Gasolina simples 95,Outro,1.959,Setúbal,Setúbal,"EN10, Km 42,80",Setúbal - Alto da Guerra - Poço Mouro,2910-297,38.53763,-8.85717,intermarché setúbal,intermarché,"en10, km 42,80","1,959 €",2026-05-15_dgeg_postos_raw.csv,8488e5fb1babe9fb
2026-05-15,2026-05-15 14:31:32,2026-05-11 09:45:00,9c4f31e23fdb97df,9c4f31e23fdb97df_diesel_regular,AUCHAN Famalicão,AUCHAN,diesel_regular,Gasóleo simples,Outro,1.899,Vila Nova de Famalicão,Braga,"EN 206 Av.do Brasil lote, nº2",Vila Nova de Famalicão,4760-010,41.411793,-8.512639,auchan famalicão,auchan,"en 206 av.do brasil lote, nº2","1,899 €",2026-05-15_dgeg_postos_raw.csv,dfb93af806831303
2026-05-15,2026-05-15 14:31:32,2026-05-11 09:45:00,9c4f31e23fdb97df,9c4f31e23fdb97df_diesel_premium,AUCHAN Famalicão,AUCHAN,diesel_premium,Gasóleo especial,Outro,1.929,Vila Nova de Famalicão,Braga,"EN 206 Av.do Brasil lote, nº2",Vila Nova de Famalicão,4760-010,41.411793,-8.512639,auchan famalicão,auchan,"en 206 av.do brasil lote, nº2","1,929 €",2026-05-15_dgeg_postos_raw.csv,49b4f6b69632d689
2026-05-15,2026-05-15 14:31:32,2026-05-11 09:45:00,9c4f31e23fdb97df,9c4f31e23fdb97df_gasoline_95,AUCHAN Famalicão,AUCHAN,gasoline_95,Gasolina simples 95,Outro,1.879,Vila Nova de Famalicão,Braga,"EN 206 Av.do Brasil lote, nº2",Vila Nova de Famalicão,4760-010,41.411793,-8.512639,auchan famalicão,auchan,"en 206 av.do brasil lote, nº2","1,879 €",2026-05-15_dgeg_postos_raw.csv,115c2b47122ada49
2026-05-15,2026-05-15 14:31:32,2026-05-11 09:45:00,af14c646a68c29b6,af14c646a68c29b6_diesel_regular,PA  Foros de Arrão,Genérico,diesel_regular,Gasóleo simples,Outro,2.075,Ponte de Sor,Portalegre,AV. DA LIBERDADE Nº 66,Foros de Arrão,7425-201,39.181602,-8.236568,pa foros de arrão,genérico,av. da liberdade nº 66,"2,075 €",2026-05-15_dgeg_postos_raw.csv,175bafcb12fc6509
2026-05-15,2026-05-15 14:31:32,2026-05-11 09:45:00,af14c646a68c29b6,af14c646a68c29b6_gasoline_95,PA  Foros de Arrão,Genérico,gasoline_95,Gasolina simples 95,Outro,2.081,Ponte de Sor,Portalegre,AV. DA LIBERDADE Nº 66,Foros de Arrão,7425-201,39.181602,-8.236568,pa foros de arrão,genérico,av. da liberdade nº 66,"2,081 €",2026-05-15_dgeg_postos_raw.csv,de8dba83567a362f
2026-05-15,2026-05-15 14:31:32,2026-05-11 09:45:00,ecdccf63afd1290c,ecdccf63afd1290c_diesel_premium,E. LECLERC PORTALEGRE,LECLERC,diesel_premium,Gasóleo especial,Outro,1.929,Portalegre,Portalegre,Rua do Joinal,Lugar do Gaveto,7300-000,39.27842,-7.43255,e. leclerc portalegre,leclerc,rua do joinal,"1,929 €",2026-05-15_dgeg_postos_raw.csv,17926f3b0f5acd96
2026-05-15,2026-05-15 14:31:32,2026-05-11 09:45:00,ecdccf63afd1290c,ecdccf63afd1290c_diesel_regular,E. LECLERC PORTALEGRE,LECLERC,diesel_regular,Gasóleo simples,Outro,1.929,Portalegre,Portalegre,Rua do Joinal,Lugar do Gaveto,7300-000,39.27842,-7.43255,e. leclerc portalegre,leclerc,rua do joinal,"1,929 €",2026-05-15_dgeg_postos_raw.csv,be7bfb4553fa78f2
2026-05-15,2026-05-15 14:31:32,2026-05-11 09:45:00,ecdccf63afd1290c,ecdccf63afd1290c_gasoline_95,E. LECLERC PORTALEGRE,LECLERC,gasoline_95,Gasolina simples 95,Outro,1.959,Portalegre,Portalegre,Rua do Joinal,Lugar do Gaveto,7300-000,39.27842,-7.43255,e. leclerc portalegre,leclerc,rua do joinal,"1,959 €",2026-05-15_dgeg_postos_raw.csv,8750a1256e59ce8d
2026-05-15,2026-05-15 14:31:32,2026-05-11 09:45:00,696eac5b689543d9,696eac5b689543d9_diesel_regular,INTERMARCHÉ Baião,INTERMARCHÉ,diesel_regular,Gasóleo simples,Outro,1.909,Baião,Porto,Lugar da Frieira - Campelo,Baião,4640-133,41.166954,-8.031354,intermarché baião,intermarché,lugar da frieira - campelo,"1,909 €",2026-05-15_dgeg_postos_raw.csv,a540c8885faccdab
2026-05-15,2026-05-15 14:31:32,2026-05-11 09:45:00,696eac5b689543d9,696eac5b689543d9_gasoline_95,INTERMARCHÉ Baião,INTERMARCHÉ,gasoline_95,Gasolina simples 95,Outro,1.912,Baião,Porto,Lugar da Frieira - Campelo,Baião,4640-133,41.166954,-8.031354,intermarché baião,intermarché,lugar da frieira - campelo,"1,912 €",2026-05-15_dgeg_postos_raw.csv,9ea2eab4e072bd01
2026-05-15,2026-05-15 14:31:32,2026-05-11 09:45:00,696eac5b689543d9,696eac5b689543d9_diesel_premium,INTERMARCHÉ Baião,INTERMARCHÉ,diesel_premium,Gasóleo especial,Outro,1.969,Baião,Porto,Lugar da Frieira - Campelo,Baião,4640-133,41.166954,-8.031354,intermarché baião,intermarché,lugar da frieira - campelo,"1,969 €",2026-05-15_dgeg_postos_raw.csv,fc7d0d2a7352260b
2026-05-15,2026-05-15 14:31:32,2026-05-11 09:45:00,3dee8ea33a5043ce,3dee8ea33a5043ce_diesel_regular,Freitas- Santo Tirso-Vila das Aves,VIA,diesel_regular,Gasóleo simples,Outro,1.959,Santo Tirso,Porto,"Av. Conde Vizela, 130",Vila das Aves,4795-004,41.35955,-8.402723,freitas- santo tirso-vila das aves,via,"av. conde vizela, 130","1,959 €",2026-05-15_dgeg_postos_raw.csv,91699f0e0e43bf13
2026-05-15,2026-05-15 14:31:32,2026-05-11 09:45:00,3dee8ea33a5043ce,3dee8ea33a5043ce_diesel_premium,Freitas- Santo Tirso-Vila das Aves,VIA,diesel_premium,Gasóleo especial,Outro,1.979,Santo Tirso,Porto,"Av. Conde Vizela, 130",Vila das Aves,4795-004,41.35955,-8.402723,freitas- santo tirso-vila das aves,via,"av. conde vizela, 130","1,979 €",2026-05-15_dgeg_postos_raw.csv,f4ed5cf9cbeabe72
2026-05-15,2026-05-15 14:31:32,2026-05-11 09:45:00,3dee8ea33a5043ce,3dee8ea33a5043ce_gasoline_95,Freitas- Santo Tirso-Vila das Aves,VIA,gasoline_95,Gasolina simples 95,Outro,1.962,Santo Tirso,Porto,"Av. Conde Vizela, 130",Vila das Aves,4795-004,41.35955,-8.402723,freitas- santo tirso-vila das aves,via,"av. conde vizela, 130","1,962 €",2026-05-15_dgeg_postos_raw.csv,bb5df4352beec8a5
2026-05-15,2026-05-15 14:31:32,2026-05-11 09:50:00,baf75c0d91406834,baf75c0d91406834_diesel_regular,GALP Meirinhas (Sul - Norte) - 11433),GALP,diesel_regular,Gasóleo simples,Outro,2.06,Pombal,Leiria,ESTRADA NACIONAL 1 IC2,Meirinhas,3105-253,39.843575,-8.709041,galp meirinhas (sul - norte) - 11433),galp,estrada nacional 1 ic2,"2,060 €",2026-05-15_dgeg_postos_raw.csv,4703b9da69fda93e
2026-05-15,2026-05-15 14:31:32,2026-05-11 09:50:00,baf75c0d91406834,baf75c0d91406834_diesel_premium,GALP Meirinhas (Sul - Norte) - 11433),GALP,diesel_premium,Gasóleo especial,Outro,2.12,Pombal,Leiria,ESTRADA NACIONAL 1 IC2,Meirinhas,3105-253,39.843575,-8.709041,galp meirinhas (sul - norte) - 11433),galp,estrada nacional 1 ic2,"2,120 €",2026-05-15_dgeg_postos_raw.csv,627c7fa49708825b
2026-05-15,2026-05-15 14:31:32,2026-05-11 09:50:00,baf75c0d91406834,baf75c0d91406834_gasoline_95,GALP Meirinhas (Sul - Norte) - 11433),GALP,gasoline_95,Gasolina simples 95,Outro,2.066,Pombal,Leiria,ESTRADA NACIONAL 1 IC2,Meirinhas,3105-253,39.843575,-8.709041,galp meirinhas (sul - norte) - 11433),galp,estrada nacional 1 ic2,"2,066 €",2026-05-15_dgeg_postos_raw.csv,546e4f60004b4467
2026-05-15,2026-05-15 14:31:32,2026-05-11 09:50:00,fcad221af6ee0eec,fcad221af6ee0eec_diesel_regular,Posto Esmeriz,VIA,diesel_regular,Gasóleo simples,Outro,1.959,Vila Nova de Famalicão,Braga,"Rua Senhora dos Aparecidos, 1081",Esmeriz,4760-480,41.38069,-8.50538,posto esmeriz,via,"rua senhora dos aparecidos, 1081","1,959 €",2026-05-15_dgeg_postos_raw.csv,e7310691ae1dd769
2026-05-15,2026-05-15 14:31:32,2026-05-11 09:50:00,fcad221af6ee0eec,fcad221af6ee0eec_gasoline_95,Posto Esmeriz,VIA,gasoline_95,Gasolina simples 95,Outro,1.962,Vila Nova de Famalicão,Braga,"Rua Senhora dos Aparecidos, 1081",Esmeriz,4760-480,41.38069,-8.50538,posto esmeriz,via,"rua senhora dos aparecidos, 1081","1,962 €",2026-05-15_dgeg_postos_raw.csv,39aea0cc4c65fa03
2026-05-15,2026-05-15 14:31:32,2026-05-11 09:50:00,c9303e184d9c743a,c9303e184d9c743a_diesel_regular,PA  Canedo,VIA,diesel_regular,Gasóleo simples,Outro,1.899,Santa Maria da Feira,Aveiro,"Av. Eleito Local, 106",Canedo,4525-013,41.0073,-8.46623,pa canedo,via,"av. eleito local, 106","1,899 €",2026-05-15_dgeg_postos_raw.csv,96b81119bac9802b
2026-05-15,2026-05-15 14:31:32,2026-05-11 09:50:00,c9303e184d9c743a,c9303e184d9c743a_gasoline_95,PA  Canedo,VIA,gasoline_95,Gasolina simples 95,Outro,1.942,Santa Maria da Feira,Aveiro,"Av. Eleito Local, 106",Canedo,4525-013,41.0073,-8.46623,pa canedo,via,"av. eleito local, 106","1,942 €",2026-05-15_dgeg_postos_raw.csv,05d9015797907edc
2026-05-15,2026-05-15 14:31:32,2026-05-11 09:50:00,c9303e184d9c743a,c9303e184d9c743a_diesel_premium,PA  Canedo,VIA,diesel_premium,Gasóleo especial,Outro,1.939,Santa Maria da Feira,Aveiro,"Av. Eleito Local, 106",Canedo,4525-013,41.0073,-8.46623,pa canedo,via,"av. eleito local, 106","1,939 €",2026-05-15_dgeg_postos_raw.csv,4d92940723e772d9
2026-05-15,2026-05-15 14:31:32,2026-05-11 09:50:00,fcad221af6ee0eec,fcad221af6ee0eec_diesel_premium,Posto Esmeriz,VIA,diesel_premium,Gasóleo especial,Outro,1.979,Vila Nova de Famalicão,Braga,"Rua Senhora dos Aparecidos, 1081",Esmeriz,4760-480,41.38069,-8.50538,posto esmeriz,via,"rua senhora dos aparecidos, 1081","1,979 €",2026-05-15_dgeg_postos_raw.csv,36fdc582318621c6
2026-05-15,2026-05-15 14:31:32,2026-05-11 09:50:00,d54b341ed2e9e3cc,d54b341ed2e9e3cc_diesel_regular,GALP Camarate - Posição 11174,GALP,diesel_regular,Gasóleo simples,Outro,2.065,Loures,Lisboa,Rua dos Bombeiros Voluntários - Bairro de São Francisco,Camarate,2680-534,38.79364,-9.137757,galp camarate - posição 11174,galp,rua dos bombeiros voluntários - bairro de são francisco,"2,065 €",2026-05-15_dgeg_postos_raw.csv,5bc1b200187c4483
2026-05-15,2026-05-15 14:31:32,2026-05-11 09:50:00,d54b341ed2e9e3cc,d54b341ed2e9e3cc_diesel_premium,GALP Camarate - Posição 11174,GALP,diesel_premium,Gasóleo especial,Outro,2.115,Loures,Lisboa,Rua dos Bombeiros Voluntários - Bairro de São Francisco,Camarate,2680-534,38.79364,-9.137757,galp camarate - posição 11174,galp,rua dos bombeiros voluntários - bairro de são francisco,"2,115 €",2026-05-15_dgeg_postos_raw.csv,864afc0ac2e79386
2026-05-15,2026-05-15 14:31:32,2026-05-11 09:50:00,d54b341ed2e9e3cc,d54b341ed2e9e3cc_gasoline_95,GALP Camarate - Posição 11174,GALP,gasoline_95,Gasolina simples 95,Outro,2.061,Loures,Lisboa,Rua dos Bombeiros Voluntários - Bairro de São Francisco,Camarate,2680-534,38.79364,-9.137757,galp camarate - posição 11174,galp,rua dos bombeiros voluntários - bairro de são francisco,"2,061 €",2026-05-15_dgeg_postos_raw.csv,d236dbbc543ee3a6
2026-05-15,2026-05-15 14:31:32,2026-05-11 09:50:00,14508500df837fdc,14508500df837fdc_diesel_regular,PA Meixomil - VinhaSuper,VIA,diesel_regular,Gasóleo simples,Outro,1.925,Paços de Ferreira,Porto,"Avenida do Paço, Nº201",Meixomil,4595-213,41.271645,-8.404371,pa meixomil - vinhasuper,via,"avenida do paço, nº201","1,925 €",2026-05-15_dgeg_postos_raw.csv,29615e2f3283a126
2026-05-15,2026-05-15 14:31:32,2026-05-11 09:50:00,14508500df837fdc,14508500df837fdc_diesel_premium,PA Meixomil - VinhaSuper,VIA,diesel_premium,Gasóleo especial,Outro,1.965,Paços de Ferreira,Porto,"Avenida do Paço, Nº201",Meixomil,4595-213,41.271645,-8.404371,pa meixomil - vinhasuper,via,"avenida do paço, nº201","1,965 €",2026-05-15_dgeg_postos_raw.csv,b428dc8a1661c037
2026-05-15,2026-05-15 14:31:32,2026-05-11 09:50:00,14508500df837fdc,14508500df837fdc_gasoline_95,PA Meixomil - VinhaSuper,VIA,gasoline_95,Gasolina simples 95,Outro,1.956,Paços de Ferreira,Porto,"Avenida do Paço, Nº201",Meixomil,4595-213,41.271645,-8.404371,pa meixomil - vinhasuper,via,"avenida do paço, nº201","1,956 €",2026-05-15_dgeg_postos_raw.csv,2a078aa5ae2e6d83
2026-05-15,2026-05-15 14:31:32,2026-05-11 09:50:00,73c91824fc80b701,73c91824fc80b701_diesel_regular,Auto Julio - Povoa Galega,AUTO JULIO,diesel_regular,Gasóleo simples,Outro,1.979,Mafra,Lisboa,"Estrada de Calvos, Nº2A",Milharado,2665-314,38.93424,-9.201833,auto julio - povoa galega,auto julio,"estrada de calvos, nº2a","1,979 €",2026-05-15_dgeg_postos_raw.csv,e345800a97b81e08
2026-05-15,2026-05-15 14:31:32,2026-05-11 09:50:00,73c91824fc80b701,73c91824fc80b701_diesel_premium,Auto Julio - Povoa Galega,AUTO JULIO,diesel_premium,Gasóleo especial,Outro,1.979,Mafra,Lisboa,"Estrada de Calvos, Nº2A",Milharado,2665-314,38.93424,-9.201833,auto julio - povoa galega,auto julio,"estrada de calvos, nº2a","1,979 €",2026-05-15_dgeg_postos_raw.csv,4c5d2e8ab8964f64
2026-05-15,2026-05-15 14:31:32,2026-05-11 09:50:00,73c91824fc80b701,73c91824fc80b701_gasoline_95,Auto Julio - Povoa Galega,AUTO JULIO,gasoline_95,Gasolina simples 95,Outro,1.999,Mafra,Lisboa,"Estrada de Calvos, Nº2A",Milharado,2665-314,38.93424,-9.201833,auto julio - povoa galega,auto julio,"estrada de calvos, nº2a","1,999 €",2026-05-15_dgeg_postos_raw.csv,fb74e180f94f9258
2026-05-15,2026-05-15 14:31:32,2026-05-11 09:50:00,545eabe9bc578074,545eabe9bc578074_gasoline_95,AJ - Igreja Nova,AUTO JULIO,gasoline_95,Gasolina simples 95,Outro,1.999,Mafra,Lisboa,"estrada nacional, nº9",Igreja Nova,2640-321,38.915226,-9.323811,aj - igreja nova,auto julio,"estrada nacional, nº9","1,999 €",2026-05-15_dgeg_postos_raw.csv,371dcca41ced32cb
2026-05-15,2026-05-15 14:31:32,2026-05-11 09:50:00,545eabe9bc578074,545eabe9bc578074_diesel_regular,AJ - Igreja Nova,AUTO JULIO,diesel_regular,Gasóleo simples,Outro,1.979,Mafra,Lisboa,"estrada nacional, nº9",Igreja Nova,2640-321,38.915226,-9.323811,aj - igreja nova,auto julio,"estrada nacional, nº9","1,979 €",2026-05-15_dgeg_postos_raw.csv,ea22cd9203e0a136
2026-05-15,2026-05-15 14:31:32,2026-05-11 09:50:00,545eabe9bc578074,545eabe9bc578074_diesel_premium,AJ - Igreja Nova,AUTO JULIO,diesel_premium,Gasóleo especial,Outro,1.979,Mafra,Lisboa,"estrada nacional, nº9",Igreja Nova,2640-321,38.915226,-9.323811,aj - igreja nova,auto julio,"estrada nacional, nº9","1,979 €",2026-05-15_dgeg_postos_raw.csv,f49df6741bbbaa77
2026-05-15,2026-05-15 14:31:32,2026-05-11 09:55:00,ac339c657bad2cf8,ac339c657bad2cf8_diesel_regular,TFUEL - ALTE,TFUEL,diesel_regular,Gasóleo simples,Outro,2.039,Loulé,Faro,"EN 124, R. 25 Abril, Sítio da Calçadinha",Alte,8100-012,37.230386,-8.169265,tfuel - alte,tfuel,"en 124, r. 25 abril, sítio da calçadinha","2,039 €",2026-05-15_dgeg_postos_raw.csv,b66ca6c04208c1f3
2026-05-15,2026-05-15 14:31:32,2026-05-11 09:55:00,ac339c657bad2cf8,ac339c657bad2cf8_gasoline_95,TFUEL - ALTE,TFUEL,gasoline_95,Gasolina simples 95,Outro,2.079,Loulé,Faro,"EN 124, R. 25 Abril, Sítio da Calçadinha",Alte,8100-012,37.230386,-8.169265,tfuel - alte,tfuel,"en 124, r. 25 abril, sítio da calçadinha","2,079 €",2026-05-15_dgeg_postos_raw.csv,6606a529950e6827
2026-05-15,2026-05-15 14:31:32,2026-05-11 09:55:00,ac339c657bad2cf8,ac339c657bad2cf8_diesel_premium,TFUEL - ALTE,TFUEL,diesel_premium,Gasóleo especial,Outro,2.119,Loulé,Faro,"EN 124, R. 25 Abril, Sítio da Calçadinha",Alte,8100-012,37.230386,-8.169265,tfuel - alte,tfuel,"en 124, r. 25 abril, sítio da calçadinha","2,119 €",2026-05-15_dgeg_postos_raw.csv,bd4885015e7de2a5
2026-05-15,2026-05-15 14:31:32,2026-05-11 09:55:00,bf118339f13ef539,bf118339f13ef539_diesel_premium,GALP CST (Lisboa-Leiria) - 13115,GALP,diesel_premium,Gasóleo especial,Outro,2.055,Alcobaça,Leiria,IC2(EN1) Km 101+100 - Sentido Lisboa/Leiria,Casais de Santa Teresa,2460-715,39.57029,-8.878141,galp cst (lisboa-leiria) - 13115,galp,ic2(en1) km 101+100 - sentido lisboa/leiria,"2,055 €",2026-05-15_dgeg_postos_raw.csv,5f7be30d11d0e419
2026-05-15,2026-05-15 14:31:32,2026-05-11 09:55:00,ed7c3a524c317445,ed7c3a524c317445_diesel_premium,GALP CST (Leiria-Lisboa) - 13114,GALP,diesel_premium,Gasóleo especial,Outro,2.055,Alcobaça,Leiria,"IC2(EN1), Km 101+100 - Sentido Leiria/Lisboa",Casais de Santa Teresa,2460-715,39.570324,-8.878646,galp cst (leiria-lisboa) - 13114,galp,"ic2(en1), km 101+100 - sentido leiria/lisboa","2,055 €",2026-05-15_dgeg_postos_raw.csv,e8b2cd52b26d435e
2026-05-15,2026-05-15 14:31:32,2026-05-11 09:55:00,55bc736281b72e1f,55bc736281b72e1f_diesel_regular,INTERMARCHÉ Ericeira,INTERMARCHÉ,diesel_regular,Gasóleo simples,Outro,1.869,Mafra,Lisboa,"Estrada Nacional 116, Km 1, Edifício INTERMARCHÉ",Ericeira,2655-139,38.96593,-9.40785,intermarché ericeira,intermarché,"estrada nacional 116, km 1, edifício intermarché","1,869 €",2026-05-15_dgeg_postos_raw.csv,83e6a83dca93ce09
2026-05-15,2026-05-15 14:31:32,2026-05-11 09:55:00,55bc736281b72e1f,55bc736281b72e1f_diesel_premium,INTERMARCHÉ Ericeira,INTERMARCHÉ,diesel_premium,Gasóleo especial,Outro,1.909,Mafra,Lisboa,"Estrada Nacional 116, Km 1, Edifício INTERMARCHÉ",Ericeira,2655-139,38.96593,-9.40785,intermarché ericeira,intermarché,"estrada nacional 116, km 1, edifício intermarché","1,909 €",2026-05-15_dgeg_postos_raw.csv,28eb8600a2d0e8fb
2026-05-15,2026-05-15 14:31:32,2026-05-11 09:55:00,55bc736281b72e1f,55bc736281b72e1f_gasoline_95,INTERMARCHÉ Ericeira,INTERMARCHÉ,gasoline_95,Gasolina simples 95,Outro,1.859,Mafra,Lisboa,"Estrada Nacional 116, Km 1, Edifício INTERMARCHÉ",Ericeira,2655-139,38.96593,-9.40785,intermarché ericeira,intermarché,"estrada nacional 116, km 1, edifício intermarché","1,859 €",2026-05-15_dgeg_postos_raw.csv,a5fba6e88d48795b
2026-05-15,2026-05-15 14:31:32,2026-05-11 09:55:00,88c1cc2266478d93,88c1cc2266478d93_diesel_regular,PETROVARIANTE Arouca,Genérico,diesel_regular,Gasóleo simples,Outro,1.929,Arouca,Aveiro,RUA DA BOAVISTA,Arouca,4540-122,40.925747,-8.248731,petrovariante arouca,genérico,rua da boavista,"1,929 €",2026-05-15_dgeg_postos_raw.csv,b64aa7ddfde1f46b
2026-05-15,2026-05-15 14:31:32,2026-05-11 09:55:00,88c1cc2266478d93,88c1cc2266478d93_diesel_premium,PETROVARIANTE Arouca,Genérico,diesel_premium,Gasóleo especial,Outro,1.969,Arouca,Aveiro,RUA DA BOAVISTA,Arouca,4540-122,40.925747,-8.248731,petrovariante arouca,genérico,rua da boavista,"1,969 €",2026-05-15_dgeg_postos_raw.csv,3b8fb85eb7c8ae81
2026-05-15,2026-05-15 14:31:32,2026-05-11 09:55:00,88c1cc2266478d93,88c1cc2266478d93_gasoline_95,PETROVARIANTE Arouca,Genérico,gasoline_95,Gasolina simples 95,Outro,1.969,Arouca,Aveiro,RUA DA BOAVISTA,Arouca,4540-122,40.925747,-8.248731,petrovariante arouca,genérico,rua da boavista,"1,969 €",2026-05-15_dgeg_postos_raw.csv,0c9963d7f60e82b7
2026-05-15,2026-05-15 14:31:32,2026-05-11 09:55:00,2c8eee040fda1dad,2c8eee040fda1dad_diesel_regular,AUCHAN Guimarães,AUCHAN,diesel_regular,Gasóleo simples,Outro,1.899,Guimarães,Braga,"Rua 25 de Abril, 999 Silvares",Guimarães,4835-400,41.44742,-8.341431,auchan guimarães,auchan,"rua 25 de abril, 999 silvares","1,899 €",2026-05-15_dgeg_postos_raw.csv,0d6e10922de556a7
2026-05-15,2026-05-15 14:31:32,2026-05-11 09:55:00,2c8eee040fda1dad,2c8eee040fda1dad_diesel_premium,AUCHAN Guimarães,AUCHAN,diesel_premium,Gasóleo especial,Outro,1.919,Guimarães,Braga,"Rua 25 de Abril, 999 Silvares",Guimarães,4835-400,41.44742,-8.341431,auchan guimarães,auchan,"rua 25 de abril, 999 silvares","1,919 €",2026-05-15_dgeg_postos_raw.csv,0fbae4e2a8c2f69f
2026-05-15,2026-05-15 14:31:32,2026-05-11 09:55:00,2c8eee040fda1dad,2c8eee040fda1dad_gasoline_95,AUCHAN Guimarães,AUCHAN,gasoline_95,Gasolina simples 95,Outro,1.919,Guimarães,Braga,"Rua 25 de Abril, 999 Silvares",Guimarães,4835-400,41.44742,-8.341431,auchan guimarães,auchan,"rua 25 de abril, 999 silvares","1,919 €",2026-05-15_dgeg_postos_raw.csv,deb43fef462db49a
2026-05-15,2026-05-15 14:31:32,2026-05-11 09:55:00,0b4a49bc8fd3f671,0b4a49bc8fd3f671_diesel_regular,TFUEL - MOURA,BP,diesel_regular,Gasóleo simples,Outro,2.099,Moura,Beja,"EN 255 Km 95,750",Moura,7860-355,38.14576,-7.44427,tfuel - moura,bp,"en 255 km 95,750","2,099 €",2026-05-15_dgeg_postos_raw.csv,887680a02bc6fd92
2026-05-15,2026-05-15 14:31:32,2026-05-11 09:55:00,0b4a49bc8fd3f671,0b4a49bc8fd3f671_diesel_premium,TFUEL - MOURA,BP,diesel_premium,Gasóleo especial,Outro,2.249,Moura,Beja,"EN 255 Km 95,750",Moura,7860-355,38.14576,-7.44427,tfuel - moura,bp,"en 255 km 95,750","2,249 €",2026-05-15_dgeg_postos_raw.csv,c47d6026ba92f2e8
2026-05-15,2026-05-15 14:31:32,2026-05-11 09:55:00,0b4a49bc8fd3f671,0b4a49bc8fd3f671_gasoline_95,TFUEL - MOURA,BP,gasoline_95,Gasolina simples 95,Outro,2.119,Moura,Beja,"EN 255 Km 95,750",Moura,7860-355,38.14576,-7.44427,tfuel - moura,bp,"en 255 km 95,750","2,119 €",2026-05-15_dgeg_postos_raw.csv,6157b77fe69881de
2026-05-15,2026-05-15 14:31:32,2026-05-11 09:55:00,0b4a49bc8fd3f671,0b4a49bc8fd3f671_gasoline_98,TFUEL - MOURA,BP,gasoline_98,Gasolina especial 98,Outro,2.329,Moura,Beja,"EN 255 Km 95,750",Moura,7860-355,38.14576,-7.44427,tfuel - moura,bp,"en 255 km 95,750","2,329 €",2026-05-15_dgeg_postos_raw.csv,e2837bf0d6987018
2026-05-15,2026-05-15 14:31:32,2026-05-11 09:55:00,9fe199ba90a501f4,9fe199ba90a501f4_diesel_regular,Intermarché Sobral de Monte Agraço,INTERMARCHÉ,diesel_regular,Gasóleo simples,Outro,1.928,Sobral de Monte Agraço,Lisboa,Casal da Espinheira,Sobral de Monte Agraço,2590-057,39.027058,-9.144341,intermarché sobral de monte agraço,intermarché,casal da espinheira,"1,928 €",2026-05-15_dgeg_postos_raw.csv,a246271f5d97f7e7
2026-05-15,2026-05-15 14:31:32,2026-05-11 09:55:00,9fe199ba90a501f4,9fe199ba90a501f4_gasoline_95,Intermarché Sobral de Monte Agraço,INTERMARCHÉ,gasoline_95,Gasolina simples 95,Outro,1.888,Sobral de Monte Agraço,Lisboa,Casal da Espinheira,Sobral de Monte Agraço,2590-057,39.027058,-9.144341,intermarché sobral de monte agraço,intermarché,casal da espinheira,"1,888 €",2026-05-15_dgeg_postos_raw.csv,1bd98f7bdd29cb29
2026-05-15,2026-05-15 14:31:32,2026-05-11 09:55:00,9fe199ba90a501f4,9fe199ba90a501f4_diesel_premium,Intermarché Sobral de Monte Agraço,INTERMARCHÉ,diesel_premium,Gasóleo especial,Outro,1.968,Sobral de Monte Agraço,Lisboa,Casal da Espinheira,Sobral de Monte Agraço,2590-057,39.027058,-9.144341,intermarché sobral de monte agraço,intermarché,casal da espinheira,"1,968 €",2026-05-15_dgeg_postos_raw.csv,5c50ec5da08d8db8
2026-05-15,2026-05-15 14:31:32,2026-05-11 09:55:00,894ab00efc8272bc,894ab00efc8272bc_diesel_regular,GALP Estremoz EN4 (19096),GALP,diesel_regular,Gasóleo simples,Outro,2.078,Estremoz,Évora,"P.Galp - E.N.4 ao Km.141,350 (Sentido Elvas-Lisboa)",Estremoz,7100-052,38.84511,-7.614514,galp estremoz en4 (19096),galp,"p.galp - e.n.4 ao km.141,350 (sentido elvas-lisboa)","2,078 €",2026-05-15_dgeg_postos_raw.csv,cb588a75a90fa171
2026-05-15,2026-05-15 14:31:32,2026-05-11 09:55:00,894ab00efc8272bc,894ab00efc8272bc_diesel_premium,GALP Estremoz EN4 (19096),GALP,diesel_premium,Gasóleo especial,Outro,2.128,Estremoz,Évora,"P.Galp - E.N.4 ao Km.141,350 (Sentido Elvas-Lisboa)",Estremoz,7100-052,38.84511,-7.614514,galp estremoz en4 (19096),galp,"p.galp - e.n.4 ao km.141,350 (sentido elvas-lisboa)","2,128 €",2026-05-15_dgeg_postos_raw.csv,7d563695f10cb31b
2026-05-15,2026-05-15 14:31:32,2026-05-11 09:55:00,894ab00efc8272bc,894ab00efc8272bc_gasoline_95,GALP Estremoz EN4 (19096),GALP,gasoline_95,Gasolina simples 95,Outro,2.072,Estremoz,Évora,"P.Galp - E.N.4 ao Km.141,350 (Sentido Elvas-Lisboa)",Estremoz,7100-052,38.84511,-7.614514,galp estremoz en4 (19096),galp,"p.galp - e.n.4 ao km.141,350 (sentido elvas-lisboa)","2,072 €",2026-05-15_dgeg_postos_raw.csv,b68e1c38ab4a155f
2026-05-15,2026-05-15 14:31:32,2026-05-11 09:55:00,fea5b7f9ac29ea09,fea5b7f9ac29ea09_diesel_regular,GALP Estremoz EN4 (11417),GALP,diesel_regular,Gasóleo simples,Outro,2.078,Estremoz,Évora,"EN 4 ao Km 141,350 (Sentido Lisboa-Elvas)",Estremoz,7100-052,38.844765,-7.614463,galp estremoz en4 (11417),galp,"en 4 ao km 141,350 (sentido lisboa-elvas)","2,078 €",2026-05-15_dgeg_postos_raw.csv,6ff04b7688fd10b1
2026-05-15,2026-05-15 14:31:32,2026-05-11 09:55:00,fea5b7f9ac29ea09,fea5b7f9ac29ea09_diesel_premium,GALP Estremoz EN4 (11417),GALP,diesel_premium,Gasóleo especial,Outro,2.128,Estremoz,Évora,"EN 4 ao Km 141,350 (Sentido Lisboa-Elvas)",Estremoz,7100-052,38.844765,-7.614463,galp estremoz en4 (11417),galp,"en 4 ao km 141,350 (sentido lisboa-elvas)","2,128 €",2026-05-15_dgeg_postos_raw.csv,9d61622d1feae554
2026-05-15,2026-05-15 14:31:32,2026-05-11 09:55:00,fea5b7f9ac29ea09,fea5b7f9ac29ea09_gasoline_95,GALP Estremoz EN4 (11417),GALP,gasoline_95,Gasolina simples 95,Outro,2.072,Estremoz,Évora,"EN 4 ao Km 141,350 (Sentido Lisboa-Elvas)",Estremoz,7100-052,38.844765,-7.614463,galp estremoz en4 (11417),galp,"en 4 ao km 141,350 (sentido lisboa-elvas)","2,072 €",2026-05-15_dgeg_postos_raw.csv,9732af18b9e1ff29
2026-05-15,2026-05-15 14:31:32,2026-05-11 09:55:00,eebb637f01ccb5ff,eebb637f01ccb5ff_diesel_regular,GALP Meirinhas (Norte - Sul) -  19031,GALP,diesel_regular,Gasóleo simples,Outro,2.06,Pombal,Leiria,ESTRADA NACIONAL 1 - IC 2,Meirinhas,3105-253,39.843853,-8.709167,galp meirinhas (norte - sul) - 19031,galp,estrada nacional 1 - ic 2,"2,060 €",2026-05-15_dgeg_postos_raw.csv,b9ae54dadcd074df
2026-05-15,2026-05-15 14:31:32,2026-05-11 09:55:00,eebb637f01ccb5ff,eebb637f01ccb5ff_diesel_premium,GALP Meirinhas (Norte - Sul) -  19031,GALP,diesel_premium,Gasóleo especial,Outro,2.12,Pombal,Leiria,ESTRADA NACIONAL 1 - IC 2,Meirinhas,3105-253,39.843853,-8.709167,galp meirinhas (norte - sul) - 19031,galp,estrada nacional 1 - ic 2,"2,120 €",2026-05-15_dgeg_postos_raw.csv,299c941b5dd58ce9
2026-05-15,2026-05-15 14:31:32,2026-05-11 09:55:00,eebb637f01ccb5ff,eebb637f01ccb5ff_gasoline_95,GALP Meirinhas (Norte - Sul) -  19031,GALP,gasoline_95,Gasolina simples 95,Outro,2.066,Pombal,Leiria,ESTRADA NACIONAL 1 - IC 2,Meirinhas,3105-253,39.843853,-8.709167,galp meirinhas (norte - sul) - 19031,galp,estrada nacional 1 - ic 2,"2,066 €",2026-05-15_dgeg_postos_raw.csv,0b4fcf9ca3da4c2b
2026-05-15,2026-05-15 14:31:32,2026-05-11 09:55:00,5863ad7d305eca74,5863ad7d305eca74_diesel_regular,E.S. ENTRE-OS-RIOS,REPSOL,diesel_regular,Gasóleo simples,Outro,2.049,Penafiel,Porto,Lugar da Torre,Portela,4575-000,41.10232,-8.29227,e.s. entre-os-rios,repsol,lugar da torre,"2,049 €",2026-05-15_dgeg_postos_raw.csv,6143ab7d8a0a3bdc
2026-05-15,2026-05-15 14:31:32,2026-05-11 09:55:00,5863ad7d305eca74,5863ad7d305eca74_diesel_premium,E.S. ENTRE-OS-RIOS,REPSOL,diesel_premium,Gasóleo especial,Outro,2.089,Penafiel,Porto,Lugar da Torre,Portela,4575-000,41.10232,-8.29227,e.s. entre-os-rios,repsol,lugar da torre,"2,089 €",2026-05-15_dgeg_postos_raw.csv,1ead9c600072a5a6
2026-05-15,2026-05-15 14:31:32,2026-05-11 09:55:00,5863ad7d305eca74,5863ad7d305eca74_gasoline_95,E.S. ENTRE-OS-RIOS,REPSOL,gasoline_95,Gasolina simples 95,Outro,2.047,Penafiel,Porto,Lugar da Torre,Portela,4575-000,41.10232,-8.29227,e.s. entre-os-rios,repsol,lugar da torre,"2,047 €",2026-05-15_dgeg_postos_raw.csv,aa4e50baacfda712
2026-05-15,2026-05-15 14:31:32,2026-05-11 09:55:00,1c96b15a036a6384,1c96b15a036a6384_diesel_regular,E.S. TOMAR,REPSOL,diesel_regular,Gasóleo simples,Outro,2.079,Tomar,Santarém,Avenida Doutor Aurélio Ribeiro,Tomar,2300-415,39.60132,-8.39304,e.s. tomar,repsol,avenida doutor aurélio ribeiro,"2,079 €",2026-05-15_dgeg_postos_raw.csv,c8ad1da2d58f869a
2026-05-15,2026-05-15 14:31:32,2026-05-11 09:55:00,1c96b15a036a6384,1c96b15a036a6384_diesel_premium,E.S. TOMAR,REPSOL,diesel_premium,Gasóleo especial,Outro,2.149,Tomar,Santarém,Avenida Doutor Aurélio Ribeiro,Tomar,2300-415,39.60132,-8.39304,e.s. tomar,repsol,avenida doutor aurélio ribeiro,"2,149 €",2026-05-15_dgeg_postos_raw.csv,649d69e4d8af6d3c
2026-05-15,2026-05-15 14:31:32,2026-05-11 09:55:00,1c96b15a036a6384,1c96b15a036a6384_gasoline_95,E.S. TOMAR,REPSOL,gasoline_95,Gasolina simples 95,Outro,2.077,Tomar,Santarém,Avenida Doutor Aurélio Ribeiro,Tomar,2300-415,39.60132,-8.39304,e.s. tomar,repsol,avenida doutor aurélio ribeiro,"2,077 €",2026-05-15_dgeg_postos_raw.csv,06db68f7a7fd4013
2026-05-15,2026-05-15 14:31:32,2026-05-11 09:55:00,605b53f42cb22387,605b53f42cb22387_diesel_regular,E.S. CONDE COVILHA,REPSOL,diesel_regular,Gasóleo simples,Outro,2.079,Porto,Porto,Rua Conde da Covilhã nº 1256 - 1270,Pereiro - Ramalde,4100-187,41.17358,-8.65439,e.s. conde covilha,repsol,rua conde da covilhã nº 1256 - 1270,"2,079 €",2026-05-15_dgeg_postos_raw.csv,130baa80078592f6
2026-05-15,2026-05-15 14:31:32,2026-05-11 09:55:00,605b53f42cb22387,605b53f42cb22387_diesel_premium,E.S. CONDE COVILHA,REPSOL,diesel_premium,Gasóleo especial,Outro,2.149,Porto,Porto,Rua Conde da Covilhã nº 1256 - 1270,Pereiro - Ramalde,4100-187,41.17358,-8.65439,e.s. conde covilha,repsol,rua conde da covilhã nº 1256 - 1270,"2,149 €",2026-05-15_dgeg_postos_raw.csv,7141916d4b02013c
2026-05-15,2026-05-15 14:31:32,2026-05-11 09:55:00,605b53f42cb22387,605b53f42cb22387_gasoline_95,E.S. CONDE COVILHA,REPSOL,gasoline_95,Gasolina simples 95,Outro,2.067,Porto,Porto,Rua Conde da Covilhã nº 1256 - 1270,Pereiro - Ramalde,4100-187,41.17358,-8.65439,e.s. conde covilha,repsol,rua conde da covilhã nº 1256 - 1270,"2,067 €",2026-05-15_dgeg_postos_raw.csv,9cd19b50a6bc708e
2026-05-15,2026-05-15 14:31:32,2026-05-11 09:55:00,605b53f42cb22387,605b53f42cb22387_gasoline_98,E.S. CONDE COVILHA,REPSOL,gasoline_98,Gasolina especial 98,Outro,2.267,Porto,Porto,Rua Conde da Covilhã nº 1256 - 1270,Pereiro - Ramalde,4100-187,41.17358,-8.65439,e.s. conde covilha,repsol,rua conde da covilhã nº 1256 - 1270,"2,267 €",2026-05-15_dgeg_postos_raw.csv,33ce59e1540e2104
2026-05-15,2026-05-15 14:31:32,2026-05-11 09:55:00,11472e68f385c8ec,11472e68f385c8ec_diesel_regular,E.S. MAKRO-ALFRAGIDE,REPSOL,diesel_regular,Gasóleo simples,Outro,2.049,Oeiras,Lisboa,Rua Quinta do Paizinho,Carnaxide,2790-236,38.72416,-9.21354,e.s. makro-alfragide,repsol,rua quinta do paizinho,"2,049 €",2026-05-15_dgeg_postos_raw.csv,0db775b1e14ac498
2026-05-15,2026-05-15 14:31:32,2026-05-11 09:55:00,11472e68f385c8ec,11472e68f385c8ec_diesel_premium,E.S. MAKRO-ALFRAGIDE,REPSOL,diesel_premium,Gasóleo especial,Outro,2.109,Oeiras,Lisboa,Rua Quinta do Paizinho,Carnaxide,2790-236,38.72416,-9.21354,e.s. makro-alfragide,repsol,rua quinta do paizinho,"2,109 €",2026-05-15_dgeg_postos_raw.csv,57fdfab36a9d3da8
2026-05-15,2026-05-15 14:31:32,2026-05-11 09:55:00,11472e68f385c8ec,11472e68f385c8ec_gasoline_95,E.S. MAKRO-ALFRAGIDE,REPSOL,gasoline_95,Gasolina simples 95,Outro,2.047,Oeiras,Lisboa,Rua Quinta do Paizinho,Carnaxide,2790-236,38.72416,-9.21354,e.s. makro-alfragide,repsol,rua quinta do paizinho,"2,047 €",2026-05-15_dgeg_postos_raw.csv,1a2a99f081b2d381
2026-05-15,2026-05-15 14:31:32,2026-05-11 09:55:00,9ce1d759ccaf3804,9ce1d759ccaf3804_diesel_regular,E.S. BURACA,REPSOL,diesel_regular,Gasóleo simples,Outro,2.112,Amadora,Lisboa,Av. da República,Cova da Moura - Buraca,2700-000,38.74352,-9.21072,e.s. buraca,repsol,av. da república,"2,112 €",2026-05-15_dgeg_postos_raw.csv,98688b1d68ae3dfb
2026-05-15,2026-05-15 14:31:32,2026-05-11 09:55:00,9ce1d759ccaf3804,9ce1d759ccaf3804_diesel_premium,E.S. BURACA,REPSOL,diesel_premium,Gasóleo especial,Outro,2.182,Amadora,Lisboa,Av. da República,Cova da Moura - Buraca,2700-000,38.74352,-9.21072,e.s. buraca,repsol,av. da república,"2,182 €",2026-05-15_dgeg_postos_raw.csv,4aba035d7df1c09b
2026-05-15,2026-05-15 14:31:32,2026-05-11 09:55:00,9ce1d759ccaf3804,9ce1d759ccaf3804_gasoline_95,E.S. BURACA,REPSOL,gasoline_95,Gasolina simples 95,Outro,2.057,Amadora,Lisboa,Av. da República,Cova da Moura - Buraca,2700-000,38.74352,-9.21072,e.s. buraca,repsol,av. da república,"2,057 €",2026-05-15_dgeg_postos_raw.csv,e2576c89cb731d46
2026-05-15,2026-05-15 14:31:32,2026-05-11 09:55:00,ed7c3a524c317445,ed7c3a524c317445_diesel_regular,GALP CST (Leiria-Lisboa) - 13114,GALP,diesel_regular,Gasóleo simples,Outro,2.005,Alcobaça,Leiria,"IC2(EN1), Km 101+100 - Sentido Leiria/Lisboa",Casais de Santa Teresa,2460-715,39.570324,-8.878646,galp cst (leiria-lisboa) - 13114,galp,"ic2(en1), km 101+100 - sentido leiria/lisboa","2,005 €",2026-05-15_dgeg_postos_raw.csv,82985a7d3dcecad4
2026-05-15,2026-05-15 14:31:32,2026-05-11 09:55:00,ed7c3a524c317445,ed7c3a524c317445_gasoline_95,GALP CST (Leiria-Lisboa) - 13114,GALP,gasoline_95,Gasolina simples 95,Outro,2.001,Alcobaça,Leiria,"IC2(EN1), Km 101+100 - Sentido Leiria/Lisboa",Casais de Santa Teresa,2460-715,39.570324,-8.878646,galp cst (leiria-lisboa) - 13114,galp,"ic2(en1), km 101+100 - sentido leiria/lisboa","2,001 €",2026-05-15_dgeg_postos_raw.csv,a50289597f203473
2026-05-15,2026-05-15 14:31:32,2026-05-11 09:55:00,bf118339f13ef539,bf118339f13ef539_diesel_regular,GALP CST (Lisboa-Leiria) - 13115,GALP,diesel_regular,Gasóleo simples,Outro,2.005,Alcobaça,Leiria,IC2(EN1) Km 101+100 - Sentido Lisboa/Leiria,Casais de Santa Teresa,2460-715,39.57029,-8.878141,galp cst (lisboa-leiria) - 13115,galp,ic2(en1) km 101+100 - sentido lisboa/leiria,"2,005 €",2026-05-15_dgeg_postos_raw.csv,76c59e12ba7a8bb4
2026-05-15,2026-05-15 14:31:32,2026-05-11 09:55:00,bf118339f13ef539,bf118339f13ef539_gasoline_95,GALP CST (Lisboa-Leiria) - 13115,GALP,gasoline_95,Gasolina simples 95,Outro,2.001,Alcobaça,Leiria,IC2(EN1) Km 101+100 - Sentido Lisboa/Leiria,Casais de Santa Teresa,2460-715,39.57029,-8.878141,galp cst (lisboa-leiria) - 13115,galp,ic2(en1) km 101+100 - sentido lisboa/leiria,"2,001 €",2026-05-15_dgeg_postos_raw.csv,4204167c9a429d72
2026-05-15,2026-05-15 14:31:32,2026-05-11 09:55:00,8c7501fee120a179,8c7501fee120a179_diesel_regular,TFUEL - ALJUSTREL,BP,diesel_regular,Gasóleo simples,Outro,2.099,Aljustrel,Beja,"Malha Ferro EN 2 Km 22,7",Aljustrel,7600-139,37.872291,-8.148942,tfuel - aljustrel,bp,"malha ferro en 2 km 22,7","2,099 €",2026-05-15_dgeg_postos_raw.csv,e151fa3d8841b037
2026-05-15,2026-05-15 14:31:32,2026-05-11 09:55:00,8c7501fee120a179,8c7501fee120a179_diesel_premium,TFUEL - ALJUSTREL,BP,diesel_premium,Gasóleo especial,Outro,2.249,Aljustrel,Beja,"Malha Ferro EN 2 Km 22,7",Aljustrel,7600-139,37.872291,-8.148942,tfuel - aljustrel,bp,"malha ferro en 2 km 22,7","2,249 €",2026-05-15_dgeg_postos_raw.csv,47d019be6adcd2d7
2026-05-15,2026-05-15 14:31:32,2026-05-11 09:55:00,8c7501fee120a179,8c7501fee120a179_gasoline_95,TFUEL - ALJUSTREL,BP,gasoline_95,Gasolina simples 95,Outro,2.119,Aljustrel,Beja,"Malha Ferro EN 2 Km 22,7",Aljustrel,7600-139,37.872291,-8.148942,tfuel - aljustrel,bp,"malha ferro en 2 km 22,7","2,119 €",2026-05-15_dgeg_postos_raw.csv,8290f83ea77860b7
2026-05-15,2026-05-15 14:31:32,2026-05-11 09:55:00,8c7501fee120a179,8c7501fee120a179_gasoline_98,TFUEL - ALJUSTREL,BP,gasoline_98,Gasolina especial 98,Outro,2.329,Aljustrel,Beja,"Malha Ferro EN 2 Km 22,7",Aljustrel,7600-139,37.872291,-8.148942,tfuel - aljustrel,bp,"malha ferro en 2 km 22,7","2,329 €",2026-05-15_dgeg_postos_raw.csv,5a873a4ea5337c86
2026-05-15,2026-05-15 14:31:32,2026-05-11 09:55:00,40c4b76bb5254ee2,40c4b76bb5254ee2_diesel_regular,GALP Elvas - 11955,GALP,diesel_regular,Gasóleo simples,Outro,2.025,Elvas,Portalegre,Avenida Europa,Elvas,7350-230,38.892773,-7.149994,galp elvas - 11955,galp,avenida europa,"2,025 €",2026-05-15_dgeg_postos_raw.csv,daa4951291722b59
2026-05-15,2026-05-15 14:31:32,2026-05-11 09:55:00,40c4b76bb5254ee2,40c4b76bb5254ee2_diesel_premium,GALP Elvas - 11955,GALP,diesel_premium,Gasóleo especial,Outro,2.075,Elvas,Portalegre,Avenida Europa,Elvas,7350-230,38.892773,-7.149994,galp elvas - 11955,galp,avenida europa,"2,075 €",2026-05-15_dgeg_postos_raw.csv,8d96e3a3033fae98
2026-05-15,2026-05-15 14:31:32,2026-05-11 09:55:00,40c4b76bb5254ee2,40c4b76bb5254ee2_gasoline_95,GALP Elvas - 11955,GALP,gasoline_95,Gasolina simples 95,Outro,2.021,Elvas,Portalegre,Avenida Europa,Elvas,7350-230,38.892773,-7.149994,galp elvas - 11955,galp,avenida europa,"2,021 €",2026-05-15_dgeg_postos_raw.csv,05ec7a3d87c5abaf
2026-05-15,2026-05-15 14:31:32,2026-05-11 09:55:00,a3bda9f3ab8653df,a3bda9f3ab8653df_diesel_regular,E.S. NOGUEIRA DO CRAVO,REPSOL,diesel_regular,Gasóleo simples,Outro,2.029,Oliveira de Azeméis,Aveiro,"Av. dos Descobrimentos, 1234",Brites- Nogueira do Cravo,3700-766,40.8838,-8.45158,e.s. nogueira do cravo,repsol,"av. dos descobrimentos, 1234","2,029 €",2026-05-15_dgeg_postos_raw.csv,553dfda496c38621
2026-05-15,2026-05-15 14:31:32,2026-05-11 09:55:00,a3bda9f3ab8653df,a3bda9f3ab8653df_diesel_premium,E.S. NOGUEIRA DO CRAVO,REPSOL,diesel_premium,Gasóleo especial,Outro,2.089,Oliveira de Azeméis,Aveiro,"Av. dos Descobrimentos, 1234",Brites- Nogueira do Cravo,3700-766,40.8838,-8.45158,e.s. nogueira do cravo,repsol,"av. dos descobrimentos, 1234","2,089 €",2026-05-15_dgeg_postos_raw.csv,fcb9b19bd68b5c0b
2026-05-15,2026-05-15 14:31:32,2026-05-11 09:55:00,a3bda9f3ab8653df,a3bda9f3ab8653df_gasoline_95,E.S. NOGUEIRA DO CRAVO,REPSOL,gasoline_95,Gasolina simples 95,Outro,2.027,Oliveira de Azeméis,Aveiro,"Av. dos Descobrimentos, 1234",Brites- Nogueira do Cravo,3700-766,40.8838,-8.45158,e.s. nogueira do cravo,repsol,"av. dos descobrimentos, 1234","2,027 €",2026-05-15_dgeg_postos_raw.csv,f88037db27644c39
2026-05-15,2026-05-15 14:31:32,2026-05-11 10:00:00,640182dd9c52f93d,640182dd9c52f93d_diesel_regular,TFUEL - VALE DE AÇOR,BP,diesel_regular,Gasóleo simples,Outro,2.089,Mértola,Beja,"E N 122 -  Km 26,04",Vale do Açor,7750-013,37.790278,-7.849986,tfuel - vale de açor,bp,"e n 122 - km 26,04","2,089 €",2026-05-15_dgeg_postos_raw.csv,bcf0eb630613849a
2026-05-15,2026-05-15 14:31:32,2026-05-11 10:00:00,640182dd9c52f93d,640182dd9c52f93d_diesel_premium,TFUEL - VALE DE AÇOR,BP,diesel_premium,Gasóleo especial,Outro,2.249,Mértola,Beja,"E N 122 -  Km 26,04",Vale do Açor,7750-013,37.790278,-7.849986,tfuel - vale de açor,bp,"e n 122 - km 26,04","2,249 €",2026-05-15_dgeg_postos_raw.csv,80947ff5a176cecc
2026-05-15,2026-05-15 14:31:32,2026-05-11 10:00:00,640182dd9c52f93d,640182dd9c52f93d_gasoline_95,TFUEL - VALE DE AÇOR,BP,gasoline_95,Gasolina simples 95,Outro,2.109,Mértola,Beja,"E N 122 -  Km 26,04",Vale do Açor,7750-013,37.790278,-7.849986,tfuel - vale de açor,bp,"e n 122 - km 26,04","2,109 €",2026-05-15_dgeg_postos_raw.csv,99cacc5533cf2b27
2026-05-15,2026-05-15 14:31:32,2026-05-11 10:00:00,640182dd9c52f93d,640182dd9c52f93d_gasoline_98,TFUEL - VALE DE AÇOR,BP,gasoline_98,Gasolina especial 98,Outro,2.329,Mértola,Beja,"E N 122 -  Km 26,04",Vale do Açor,7750-013,37.790278,-7.849986,tfuel - vale de açor,bp,"e n 122 - km 26,04","2,329 €",2026-05-15_dgeg_postos_raw.csv,d09d1e7d42ec2f0a
2026-05-15,2026-05-15 14:31:32,2026-05-11 10:00:00,03c79d5c18540d89,03c79d5c18540d89_diesel_regular,GALP Azervadinha,CEPSA,diesel_regular,Gasóleo simples,Outro,2.036,Coruche,Santarém,"E.N. 251, Km 36,6",Azervadinha,2100-016,38.966404,-8.480874,galp azervadinha,cepsa,"e.n. 251, km 36,6","2,036 €",2026-05-15_dgeg_postos_raw.csv,621707b3133ce206
2026-05-15,2026-05-15 14:31:32,2026-05-11 10:00:00,03c79d5c18540d89,03c79d5c18540d89_diesel_premium,GALP Azervadinha,CEPSA,diesel_premium,Gasóleo especial,Outro,2.086,Coruche,Santarém,"E.N. 251, Km 36,6",Azervadinha,2100-016,38.966404,-8.480874,galp azervadinha,cepsa,"e.n. 251, km 36,6","2,086 €",2026-05-15_dgeg_postos_raw.csv,b636885bbf4d4192
2026-05-15,2026-05-15 14:31:32,2026-05-11 10:00:00,03c79d5c18540d89,03c79d5c18540d89_gasoline_95,GALP Azervadinha,CEPSA,gasoline_95,Gasolina simples 95,Outro,2.028,Coruche,Santarém,"E.N. 251, Km 36,6",Azervadinha,2100-016,38.966404,-8.480874,galp azervadinha,cepsa,"e.n. 251, km 36,6","2,028 €",2026-05-15_dgeg_postos_raw.csv,a758b75c9262e96e
2026-05-15,2026-05-15 14:31:32,2026-05-11 10:00:00,03c79d5c18540d89,03c79d5c18540d89_gasoline_98,GALP Azervadinha,CEPSA,gasoline_98,Gasolina especial 98,Outro,2.24,Coruche,Santarém,"E.N. 251, Km 36,6",Azervadinha,2100-016,38.966404,-8.480874,galp azervadinha,cepsa,"e.n. 251, km 36,6","2,240 €",2026-05-15_dgeg_postos_raw.csv,aa7f4f5cc8c01db9
2026-05-15,2026-05-15 14:31:32,2026-05-11 10:00:00,537b040f3467bcaf,537b040f3467bcaf_diesel_regular,CEPSA LABRUGE GUI/FAM,CEPSA,diesel_regular,Gasóleo simples,Outro,1.979,Vila Nova de Famalicão,Braga,EN 206,Joane - Lugar de Labruge,4770-254,41.44105,-8.40458,cepsa labruge gui/fam,cepsa,en 206,"1,979 €",2026-05-15_dgeg_postos_raw.csv,b81370808d2451a6
2026-05-15,2026-05-15 14:31:32,2026-05-11 10:00:00,537b040f3467bcaf,537b040f3467bcaf_diesel_premium,CEPSA LABRUGE GUI/FAM,CEPSA,diesel_premium,Gasóleo especial,Outro,2.039,Vila Nova de Famalicão,Braga,EN 206,Joane - Lugar de Labruge,4770-254,41.44105,-8.40458,cepsa labruge gui/fam,cepsa,en 206,"2,039 €",2026-05-15_dgeg_postos_raw.csv,1fe937a00eb6d39b
2026-05-15,2026-05-15 14:31:32,2026-05-11 10:00:00,537b040f3467bcaf,537b040f3467bcaf_gasoline_95,CEPSA LABRUGE GUI/FAM,CEPSA,gasoline_95,Gasolina simples 95,Outro,1.969,Vila Nova de Famalicão,Braga,EN 206,Joane - Lugar de Labruge,4770-254,41.44105,-8.40458,cepsa labruge gui/fam,cepsa,en 206,"1,969 €",2026-05-15_dgeg_postos_raw.csv,f9f60c86817da61a
2026-05-15,2026-05-15 14:31:32,2026-05-11 10:00:00,78df9ef5754433d1,78df9ef5754433d1_diesel_regular,A.S. CAIA B,REPSOL,diesel_regular,Gasóleo simples,Auto-estrada,2.019,Elvas,Portalegre,"IP 7/A 6 Km 4,5",ELVAS,7350-443,38.883633333,-7.048736111,a.s. caia b,repsol,"ip 7/a 6 km 4,5","2,019 €",2026-05-15_dgeg_postos_raw.csv,c9de96fcdb8fc719
2026-05-15,2026-05-15 14:31:32,2026-05-11 10:00:00,78df9ef5754433d1,78df9ef5754433d1_gasoline_95,A.S. CAIA B,REPSOL,gasoline_95,Gasolina simples 95,Auto-estrada,2.017,Elvas,Portalegre,"IP 7/A 6 Km 4,5",ELVAS,7350-443,38.883633333,-7.048736111,a.s. caia b,repsol,"ip 7/a 6 km 4,5","2,017 €",2026-05-15_dgeg_postos_raw.csv,3ee83e10759d18b1
2026-05-15,2026-05-15 14:31:32,2026-05-11 10:00:00,c6fded5626d43e10,c6fded5626d43e10_diesel_regular,E.S. MURÇA,REPSOL,diesel_regular,Gasóleo simples,Outro,2.079,Murça,Vila Real,Variante à EN 15,Murça,5090-000,41.40636,-7.45023,e.s. murça,repsol,variante à en 15,"2,079 €",2026-05-15_dgeg_postos_raw.csv,933b218d15c91777
2026-05-15,2026-05-15 14:31:32,2026-05-11 10:00:00,c6fded5626d43e10,c6fded5626d43e10_diesel_premium,E.S. MURÇA,REPSOL,diesel_premium,Gasóleo especial,Outro,2.149,Murça,Vila Real,Variante à EN 15,Murça,5090-000,41.40636,-7.45023,e.s. murça,repsol,variante à en 15,"2,149 €",2026-05-15_dgeg_postos_raw.csv,8d48f352ba7c7e92
2026-05-15,2026-05-15 14:31:32,2026-05-11 10:00:00,c6fded5626d43e10,c6fded5626d43e10_gasoline_95,E.S. MURÇA,REPSOL,gasoline_95,Gasolina simples 95,Outro,2.077,Murça,Vila Real,Variante à EN 15,Murça,5090-000,41.40636,-7.45023,e.s. murça,repsol,variante à en 15,"2,077 €",2026-05-15_dgeg_postos_raw.csv,6118c9f707b3e76c
2026-05-15,2026-05-15 14:31:32,2026-05-11 10:00:00,c6fded5626d43e10,c6fded5626d43e10_gasoline_98,E.S. MURÇA,REPSOL,gasoline_98,Gasolina especial 98,Outro,2.277,Murça,Vila Real,Variante à EN 15,Murça,5090-000,41.40636,-7.45023,e.s. murça,repsol,variante à en 15,"2,277 €",2026-05-15_dgeg_postos_raw.csv,6606151e6fd0d832
2026-05-15,2026-05-15 14:31:32,2026-05-11 10:00:00,9430456d0e1ad8c3,9430456d0e1ad8c3_diesel_regular,Novais & Ferreira,ESSO,diesel_regular,Gasóleo simples,Outro,2.009,Barcelos,Braga,EM 306,Lugar da Portela - Góios,4755-247,41.475166,-8.632308,novais & ferreira,esso,em 306,"2,009 €",2026-05-15_dgeg_postos_raw.csv,3b21f5ee232321d4
2026-05-15,2026-05-15 14:31:32,2026-05-11 10:00:00,9430456d0e1ad8c3,9430456d0e1ad8c3_diesel_premium,Novais & Ferreira,ESSO,diesel_premium,Gasóleo especial,Outro,2.029,Barcelos,Braga,EM 306,Lugar da Portela - Góios,4755-247,41.475166,-8.632308,novais & ferreira,esso,em 306,"2,029 €",2026-05-15_dgeg_postos_raw.csv,03df7a5172926912
2026-05-15,2026-05-15 14:31:32,2026-05-11 10:00:00,9430456d0e1ad8c3,9430456d0e1ad8c3_gasoline_95,Novais & Ferreira,ESSO,gasoline_95,Gasolina simples 95,Outro,2.012,Barcelos,Braga,EM 306,Lugar da Portela - Góios,4755-247,41.475166,-8.632308,novais & ferreira,esso,em 306,"2,012 €",2026-05-15_dgeg_postos_raw.csv,ba010884ff895a38
2026-05-15,2026-05-15 14:31:32,2026-05-11 10:00:00,d4d4597517e984ad,d4d4597517e984ad_diesel_regular,TF GEST MARÃO,FREITAS,diesel_regular,Gasóleo simples,Outro,2.059,Santa Marta de Penaguião,Vila Real,Santa Quitéria - Fontes,Marão,5030-452,41.22844,-7.82812,tf gest marão,freitas,santa quitéria - fontes,"2,059 €",2026-05-15_dgeg_postos_raw.csv,eeebb601f81d44b1
2026-05-15,2026-05-15 14:31:32,2026-05-11 10:00:00,d4d4597517e984ad,d4d4597517e984ad_diesel_premium,TF GEST MARÃO,FREITAS,diesel_premium,Gasóleo especial,Outro,2.079,Santa Marta de Penaguião,Vila Real,Santa Quitéria - Fontes,Marão,5030-452,41.22844,-7.82812,tf gest marão,freitas,santa quitéria - fontes,"2,079 €",2026-05-15_dgeg_postos_raw.csv,5e0860a6c5e63a6a
2026-05-15,2026-05-15 14:31:32,2026-05-11 10:00:00,d4d4597517e984ad,d4d4597517e984ad_gasoline_95,TF GEST MARÃO,FREITAS,gasoline_95,Gasolina simples 95,Outro,2.062,Santa Marta de Penaguião,Vila Real,Santa Quitéria - Fontes,Marão,5030-452,41.22844,-7.82812,tf gest marão,freitas,santa quitéria - fontes,"2,062 €",2026-05-15_dgeg_postos_raw.csv,0bc21be3eb5fd087
2026-05-15,2026-05-15 14:31:32,2026-05-11 10:00:00,2a0906b61a94d04c,2a0906b61a94d04c_diesel_regular,JOANE,CEPSA,diesel_regular,Gasóleo simples,Outro,1.979,Vila Nova de Famalicão,Braga,"Av Dr. Mario Soares, 2234",Joane,4770-260,41.432363,-8.421791,joane,cepsa,"av dr. mario soares, 2234","1,979 €",2026-05-15_dgeg_postos_raw.csv,cbc15a5f85c12799
2026-05-15,2026-05-15 14:31:32,2026-05-11 10:00:00,2a0906b61a94d04c,2a0906b61a94d04c_diesel_premium,JOANE,CEPSA,diesel_premium,Gasóleo especial,Outro,2.039,Vila Nova de Famalicão,Braga,"Av Dr. Mario Soares, 2234",Joane,4770-260,41.432363,-8.421791,joane,cepsa,"av dr. mario soares, 2234","2,039 €",2026-05-15_dgeg_postos_raw.csv,7edded490554c42e
2026-05-15,2026-05-15 14:31:32,2026-05-11 10:00:00,2a0906b61a94d04c,2a0906b61a94d04c_gasoline_95,JOANE,CEPSA,gasoline_95,Gasolina simples 95,Outro,1.969,Vila Nova de Famalicão,Braga,"Av Dr. Mario Soares, 2234",Joane,4770-260,41.432363,-8.421791,joane,cepsa,"av dr. mario soares, 2234","1,969 €",2026-05-15_dgeg_postos_raw.csv,a547af02c66274d5
2026-05-15,2026-05-15 14:31:32,2026-05-11 10:00:00,342efd3b97aba443,342efd3b97aba443_diesel_regular,GASPE Laborim,GASPE,diesel_regular,Gasóleo simples,Outro,2.059,Vila Nova de Gaia,Porto,Rua Fonte dos Arrependidos,Laborim,4430-099,41.10745,-8.60279,gaspe laborim,gaspe,rua fonte dos arrependidos,"2,059 €",2026-05-15_dgeg_postos_raw.csv,2eae1c5528357e8b
2026-05-15,2026-05-15 14:31:32,2026-05-11 10:00:00,342efd3b97aba443,342efd3b97aba443_diesel_premium,GASPE Laborim,GASPE,diesel_premium,Gasóleo especial,Outro,2.079,Vila Nova de Gaia,Porto,Rua Fonte dos Arrependidos,Laborim,4430-099,41.10745,-8.60279,gaspe laborim,gaspe,rua fonte dos arrependidos,"2,079 €",2026-05-15_dgeg_postos_raw.csv,ee2637666ad0a92e
2026-05-15,2026-05-15 14:31:32,2026-05-11 10:00:00,342efd3b97aba443,342efd3b97aba443_gasoline_95,GASPE Laborim,GASPE,gasoline_95,Gasolina simples 95,Outro,2.062,Vila Nova de Gaia,Porto,Rua Fonte dos Arrependidos,Laborim,4430-099,41.10745,-8.60279,gaspe laborim,gaspe,rua fonte dos arrependidos,"2,062 €",2026-05-15_dgeg_postos_raw.csv,d003f0375ffa5dc0
2026-05-15,2026-05-15 14:31:32,2026-05-11 10:00:00,a3a03d5fb41d677d,a3a03d5fb41d677d_diesel_regular,GASPE Alfândega da Fé,GASPE,diesel_regular,Gasóleo simples,Outro,1.999,Alfândega da Fé,Bragança,"Rua  Flores,",Alfândega da Fé,5350-005,41.34926,-6.96046,gaspe alfândega da fé,gaspe,"rua flores,","1,999 €",2026-05-15_dgeg_postos_raw.csv,d2a3b5a3ada7bd01
2026-05-15,2026-05-15 14:31:32,2026-05-11 10:00:00,a3a03d5fb41d677d,a3a03d5fb41d677d_diesel_premium,GASPE Alfândega da Fé,GASPE,diesel_premium,Gasóleo especial,Outro,2.019,Alfândega da Fé,Bragança,"Rua  Flores,",Alfândega da Fé,5350-005,41.34926,-6.96046,gaspe alfândega da fé,gaspe,"rua flores,","2,019 €",2026-05-15_dgeg_postos_raw.csv,ac461a49619c4bdc
2026-05-15,2026-05-15 14:31:32,2026-05-11 10:00:00,a3a03d5fb41d677d,a3a03d5fb41d677d_gasoline_95,GASPE Alfândega da Fé,GASPE,gasoline_95,Gasolina simples 95,Outro,2.002,Alfândega da Fé,Bragança,"Rua  Flores,",Alfândega da Fé,5350-005,41.34926,-6.96046,gaspe alfândega da fé,gaspe,"rua flores,","2,002 €",2026-05-15_dgeg_postos_raw.csv,bc204c94dead4d93
2026-05-15,2026-05-15 14:31:32,2026-05-11 10:00:00,53730ab6d13dc3f0,53730ab6d13dc3f0_diesel_regular,GASPE Canelas,GASPE,diesel_regular,Gasóleo simples,Outro,2.059,Vila Nova de Gaia,Porto,"Rua das Lages, 519",Canelas,4414-007,41.09337,-8.60603,gaspe canelas,gaspe,"rua das lages, 519","2,059 €",2026-05-15_dgeg_postos_raw.csv,6017ae9047421ff9
2026-05-15,2026-05-15 14:31:32,2026-05-11 10:00:00,53730ab6d13dc3f0,53730ab6d13dc3f0_diesel_premium,GASPE Canelas,GASPE,diesel_premium,Gasóleo especial,Outro,2.079,Vila Nova de Gaia,Porto,"Rua das Lages, 519",Canelas,4414-007,41.09337,-8.60603,gaspe canelas,gaspe,"rua das lages, 519","2,079 €",2026-05-15_dgeg_postos_raw.csv,820a12efb28cae5c
2026-05-15,2026-05-15 14:31:32,2026-05-11 10:00:00,53730ab6d13dc3f0,53730ab6d13dc3f0_gasoline_95,GASPE Canelas,GASPE,gasoline_95,Gasolina simples 95,Outro,2.062,Vila Nova de Gaia,Porto,"Rua das Lages, 519",Canelas,4414-007,41.09337,-8.60603,gaspe canelas,gaspe,"rua das lages, 519","2,062 €",2026-05-15_dgeg_postos_raw.csv,481677b6316ceb8a
2026-05-15,2026-05-15 14:31:32,2026-05-11 10:00:00,5e5cd5fa94293d48,5e5cd5fa94293d48_diesel_regular,GALP Pataias - 13133,GALP,diesel_regular,Gasóleo simples,Outro,2.028,Alcobaça,Leiria,Av. Rainha Santa Isabel,Pataias,2445-205,39.670876,-8.993961,galp pataias - 13133,galp,av. rainha santa isabel,"2,028 €",2026-05-15_dgeg_postos_raw.csv,06345edbf11af32d
2026-05-15,2026-05-15 14:31:32,2026-05-11 10:00:00,5e5cd5fa94293d48,5e5cd5fa94293d48_diesel_premium,GALP Pataias - 13133,GALP,diesel_premium,Gasóleo especial,Outro,2.078,Alcobaça,Leiria,Av. Rainha Santa Isabel,Pataias,2445-205,39.670876,-8.993961,galp pataias - 13133,galp,av. rainha santa isabel,"2,078 €",2026-05-15_dgeg_postos_raw.csv,de42b70092425795
2026-05-15,2026-05-15 14:31:32,2026-05-11 10:00:00,5e5cd5fa94293d48,5e5cd5fa94293d48_gasoline_95,GALP Pataias - 13133,GALP,gasoline_95,Gasolina simples 95,Outro,2.026,Alcobaça,Leiria,Av. Rainha Santa Isabel,Pataias,2445-205,39.670876,-8.993961,galp pataias - 13133,galp,av. rainha santa isabel,"2,026 €",2026-05-15_dgeg_postos_raw.csv,fe10fff4c56e1bcb
2026-05-15,2026-05-15 14:31:32,2026-05-11 10:00:00,1581e03f4c004755,1581e03f4c004755_diesel_regular,GALP Alto do Verissimo (Atouguia da Baleia),GALP,diesel_regular,Gasóleo simples,Outro,2.055,Peniche,Leiria,"E.N. 247 Km 5,250",Alto Veríssimo,2525-005,39.302586,-9.319131,galp alto do verissimo (atouguia da baleia),galp,"e.n. 247 km 5,250","2,055 €",2026-05-15_dgeg_postos_raw.csv,23fb9ea063dfdd5a
2026-05-15,2026-05-15 14:31:32,2026-05-11 10:00:00,1581e03f4c004755,1581e03f4c004755_diesel_premium,GALP Alto do Verissimo (Atouguia da Baleia),GALP,diesel_premium,Gasóleo especial,Outro,2.105,Peniche,Leiria,"E.N. 247 Km 5,250",Alto Veríssimo,2525-005,39.302586,-9.319131,galp alto do verissimo (atouguia da baleia),galp,"e.n. 247 km 5,250","2,105 €",2026-05-15_dgeg_postos_raw.csv,b509dcdd0e3c57b9
2026-05-15,2026-05-15 14:31:32,2026-05-11 10:00:00,1581e03f4c004755,1581e03f4c004755_gasoline_95,GALP Alto do Verissimo (Atouguia da Baleia),GALP,gasoline_95,Gasolina simples 95,Outro,2.051,Peniche,Leiria,"E.N. 247 Km 5,250",Alto Veríssimo,2525-005,39.302586,-9.319131,galp alto do verissimo (atouguia da baleia),galp,"e.n. 247 km 5,250","2,051 €",2026-05-15_dgeg_postos_raw.csv,5b72ffb1c6636c69
2026-05-15,2026-05-15 14:31:32,2026-05-11 10:00:00,0c90ce92bb695744,0c90ce92bb695744_diesel_regular,PETRIN Avis,Genérico,diesel_regular,Gasóleo simples,Outro,1.994,Avis,Portalegre,Bairro 1º Maio Nº 2,Avis,7480-110,39.050747,-7.888328,petrin avis,genérico,bairro 1º maio nº 2,"1,994 €",2026-05-15_dgeg_postos_raw.csv,9fef1e9e1a4f7b23
2026-05-15,2026-05-15 14:31:32,2026-05-11 10:00:00,0c90ce92bb695744,0c90ce92bb695744_gasoline_95,PETRIN Avis,Genérico,gasoline_95,Gasolina simples 95,Outro,1.984,Avis,Portalegre,Bairro 1º Maio Nº 2,Avis,7480-110,39.050747,-7.888328,petrin avis,genérico,bairro 1º maio nº 2,"1,984 €",2026-05-15_dgeg_postos_raw.csv,a3f860117b58729c
2026-05-15,2026-05-15 14:31:32,2026-05-11 10:00:00,0c90ce92bb695744,0c90ce92bb695744_diesel_premium,PETRIN Avis,Genérico,diesel_premium,Gasóleo especial,Outro,2.044,Avis,Portalegre,Bairro 1º Maio Nº 2,Avis,7480-110,39.050747,-7.888328,petrin avis,genérico,bairro 1º maio nº 2,"2,044 €",2026-05-15_dgeg_postos_raw.csv,b9e0f6c2c717f05c
2026-05-15,2026-05-15 14:31:32,2026-05-11 10:00:00,165c341474dd8f32,165c341474dd8f32_diesel_regular,BP  Vilar de Andorinho,BP,diesel_regular,Gasóleo simples,Outro,2.004,Vila Nova de Gaia,Porto,Rua de São Lourenço nº 862 - Vilar de Andorinho,Vila Nova de Gaia,4430-533,41.09139,-8.572759,bp vilar de andorinho,bp,rua de são lourenço nº 862 - vilar de andorinho,"2,004 €",2026-05-15_dgeg_postos_raw.csv,479792d59d2f0196
2026-05-15,2026-05-15 14:31:32,2026-05-11 10:00:00,165c341474dd8f32,165c341474dd8f32_diesel_premium,BP  Vilar de Andorinho,BP,diesel_premium,Gasóleo especial,Outro,2.124,Vila Nova de Gaia,Porto,Rua de São Lourenço nº 862 - Vilar de Andorinho,Vila Nova de Gaia,4430-533,41.09139,-8.572759,bp vilar de andorinho,bp,rua de são lourenço nº 862 - vilar de andorinho,"2,124 €",2026-05-15_dgeg_postos_raw.csv,d75fa92e19c61fe7
2026-05-15,2026-05-15 14:31:32,2026-05-11 10:00:00,165c341474dd8f32,165c341474dd8f32_gasoline_95,BP  Vilar de Andorinho,BP,gasoline_95,Gasolina simples 95,Outro,1.999,Vila Nova de Gaia,Porto,Rua de São Lourenço nº 862 - Vilar de Andorinho,Vila Nova de Gaia,4430-533,41.09139,-8.572759,bp vilar de andorinho,bp,rua de são lourenço nº 862 - vilar de andorinho,"1,999 €",2026-05-15_dgeg_postos_raw.csv,0b94108eb40d6ba5
2026-05-15,2026-05-15 14:31:32,2026-05-11 10:00:00,165c341474dd8f32,165c341474dd8f32_gasoline_98,BP  Vilar de Andorinho,BP,gasoline_98,Gasolina especial 98,Outro,2.199,Vila Nova de Gaia,Porto,Rua de São Lourenço nº 862 - Vilar de Andorinho,Vila Nova de Gaia,4430-533,41.09139,-8.572759,bp vilar de andorinho,bp,rua de são lourenço nº 862 - vilar de andorinho,"2,199 €",2026-05-15_dgeg_postos_raw.csv,a2d9fa479de269a1
2026-05-15,2026-05-15 14:31:32,2026-05-11 10:00:00,eb2d8dc643fc97cd,eb2d8dc643fc97cd_diesel_regular,Galp - Souto da Feira,GALP,diesel_regular,Gasóleo simples,Outro,2.028,Santa Maria da Feira,Aveiro,"Padrão-E.N.327-Km 21,200-Souto-Feira",Padrão,4520-709,40.885334,-8.551363,galp - souto da feira,galp,"padrão-e.n.327-km 21,200-souto-feira","2,028 €",2026-05-15_dgeg_postos_raw.csv,7071ef2266899c3a
2026-05-15,2026-05-15 14:31:32,2026-05-11 10:00:00,eb2d8dc643fc97cd,eb2d8dc643fc97cd_diesel_premium,Galp - Souto da Feira,GALP,diesel_premium,Gasóleo especial,Outro,2.078,Santa Maria da Feira,Aveiro,"Padrão-E.N.327-Km 21,200-Souto-Feira",Padrão,4520-709,40.885334,-8.551363,galp - souto da feira,galp,"padrão-e.n.327-km 21,200-souto-feira","2,078 €",2026-05-15_dgeg_postos_raw.csv,976c8a2c8cb3f4ea
2026-05-15,2026-05-15 14:31:32,2026-05-11 10:00:00,eb2d8dc643fc97cd,eb2d8dc643fc97cd_gasoline_95,Galp - Souto da Feira,GALP,gasoline_95,Gasolina simples 95,Outro,2.026,Santa Maria da Feira,Aveiro,"Padrão-E.N.327-Km 21,200-Souto-Feira",Padrão,4520-709,40.885334,-8.551363,galp - souto da feira,galp,"padrão-e.n.327-km 21,200-souto-feira","2,026 €",2026-05-15_dgeg_postos_raw.csv,e6a7bf23c0f9d9f7
2026-05-15,2026-05-15 14:31:32,2026-05-11 10:00:00,eb2d8dc643fc97cd,eb2d8dc643fc97cd_gasoline_98,Galp - Souto da Feira,GALP,gasoline_98,Gasolina especial 98,Outro,2.236,Santa Maria da Feira,Aveiro,"Padrão-E.N.327-Km 21,200-Souto-Feira",Padrão,4520-709,40.885334,-8.551363,galp - souto da feira,galp,"padrão-e.n.327-km 21,200-souto-feira","2,236 €",2026-05-15_dgeg_postos_raw.csv,08ddee809ca4ffde
2026-05-15,2026-05-15 14:31:32,2026-05-11 10:00:00,78df9ef5754433d1,78df9ef5754433d1_diesel_premium,A.S. CAIA B,REPSOL,diesel_premium,Gasóleo especial,Auto-estrada,2.089,Elvas,Portalegre,"IP 7/A 6 Km 4,5",ELVAS,7350-443,38.883633333,-7.048736111,a.s. caia b,repsol,"ip 7/a 6 km 4,5","2,089 €",2026-05-15_dgeg_postos_raw.csv,438aca2ec746e7f1
2026-05-15,2026-05-15 14:31:32,2026-05-11 10:00:00,a3a03d5fb41d677d,a3a03d5fb41d677d_gasoline_98,GASPE Alfândega da Fé,GASPE,gasoline_98,Gasolina especial 98,Outro,2.182,Alfândega da Fé,Bragança,"Rua  Flores,",Alfândega da Fé,5350-005,41.34926,-6.96046,gaspe alfândega da fé,gaspe,"rua flores,","2,182 €",2026-05-15_dgeg_postos_raw.csv,fcfbe54f95202729
2026-05-15,2026-05-15 14:31:32,2026-05-11 10:00:00,f8a8ab51ea2216ad,f8a8ab51ea2216ad_gasoline_98,Torres Vaz Lda,GALP,gasoline_98,Gasolina especial 98,Outro,2.261,Vila Nova de Gaia,Porto,"Av. João Paulo II, n.º 431",Arcozelo,4410-406,41.06402,-8.63963,torres vaz lda,galp,"av. joão paulo ii, n.º 431","2,261 €",2026-05-15_dgeg_postos_raw.csv,f3feba5c52461da0
2026-05-15,2026-05-15 14:31:32,2026-05-11 10:00:00,f1f23f413270da62,f1f23f413270da62_diesel_regular,AUCHAN Portimão,AUCHAN,diesel_regular,Gasóleo simples,Outro,1.899,Portimão,Faro,EN 125 - Rua S. Pedro,Portimão,8500-524,37.14776,-8.545965,auchan portimão,auchan,en 125 - rua s. pedro,"1,899 €",2026-05-15_dgeg_postos_raw.csv,11683a180c463e06
2026-05-15,2026-05-15 14:31:32,2026-05-11 10:00:00,f1f23f413270da62,f1f23f413270da62_diesel_premium,AUCHAN Portimão,AUCHAN,diesel_premium,Gasóleo especial,Outro,1.929,Portimão,Faro,EN 125 - Rua S. Pedro,Portimão,8500-524,37.14776,-8.545965,auchan portimão,auchan,en 125 - rua s. pedro,"1,929 €",2026-05-15_dgeg_postos_raw.csv,0ae0b7c7f8eb9bc2
2026-05-15,2026-05-15 14:31:32,2026-05-11 10:00:00,f1f23f413270da62,f1f23f413270da62_gasoline_95,AUCHAN Portimão,AUCHAN,gasoline_95,Gasolina simples 95,Outro,1.939,Portimão,Faro,EN 125 - Rua S. Pedro,Portimão,8500-524,37.14776,-8.545965,auchan portimão,auchan,en 125 - rua s. pedro,"1,939 €",2026-05-15_dgeg_postos_raw.csv,6db0c818bc4ca5c5
2026-05-15,2026-05-15 14:31:32,2026-05-11 10:00:00,f8a8ab51ea2216ad,f8a8ab51ea2216ad_diesel_regular,Torres Vaz Lda,GALP,diesel_regular,Gasóleo simples,Outro,2.055,Vila Nova de Gaia,Porto,"Av. João Paulo II, n.º 431",Arcozelo,4410-406,41.06402,-8.63963,torres vaz lda,galp,"av. joão paulo ii, n.º 431","2,055 €",2026-05-15_dgeg_postos_raw.csv,b670d3fa6597130b
2026-05-15,2026-05-15 14:31:32,2026-05-11 10:00:00,f8a8ab51ea2216ad,f8a8ab51ea2216ad_diesel_premium,Torres Vaz Lda,GALP,diesel_premium,Gasóleo especial,Outro,2.105,Vila Nova de Gaia,Porto,"Av. João Paulo II, n.º 431",Arcozelo,4410-406,41.06402,-8.63963,torres vaz lda,galp,"av. joão paulo ii, n.º 431","2,105 €",2026-05-15_dgeg_postos_raw.csv,b315b8fbfd4fa785
2026-05-15,2026-05-15 14:31:32,2026-05-11 10:00:00,f8a8ab51ea2216ad,f8a8ab51ea2216ad_gasoline_95,Torres Vaz Lda,GALP,gasoline_95,Gasolina simples 95,Outro,2.051,Vila Nova de Gaia,Porto,"Av. João Paulo II, n.º 431",Arcozelo,4410-406,41.06402,-8.63963,torres vaz lda,galp,"av. joão paulo ii, n.º 431","2,051 €",2026-05-15_dgeg_postos_raw.csv,637e372f295739ba
2026-05-15,2026-05-15 14:31:32,2026-05-11 10:00:00,0319cdec22f6fb8f,0319cdec22f6fb8f_diesel_regular,GALP Viseu - Fragosela,GALP,diesel_regular,Gasóleo simples,Outro,2.015,Viseu,Viseu,"Avenida Forte da Gama, Nº16, Fragosela",Viseu,3505-639,40.6349,-7.845321,galp viseu - fragosela,galp,"avenida forte da gama, nº16, fragosela","2,015 €",2026-05-15_dgeg_postos_raw.csv,ffedca6baf7b5c50
2026-05-15,2026-05-15 14:31:32,2026-05-11 10:00:00,0319cdec22f6fb8f,0319cdec22f6fb8f_diesel_premium,GALP Viseu - Fragosela,GALP,diesel_premium,Gasóleo especial,Outro,2.065,Viseu,Viseu,"Avenida Forte da Gama, Nº16, Fragosela",Viseu,3505-639,40.6349,-7.845321,galp viseu - fragosela,galp,"avenida forte da gama, nº16, fragosela","2,065 €",2026-05-15_dgeg_postos_raw.csv,bca64d20e5341724
2026-05-15,2026-05-15 14:31:32,2026-05-11 10:00:00,0319cdec22f6fb8f,0319cdec22f6fb8f_gasoline_95,GALP Viseu - Fragosela,GALP,gasoline_95,Gasolina simples 95,Outro,2.011,Viseu,Viseu,"Avenida Forte da Gama, Nº16, Fragosela",Viseu,3505-639,40.6349,-7.845321,galp viseu - fragosela,galp,"avenida forte da gama, nº16, fragosela","2,011 €",2026-05-15_dgeg_postos_raw.csv,2fac9bfca40d87ce
2026-05-15,2026-05-15 14:31:32,2026-05-11 10:00:00,d34aa3d981a03deb,d34aa3d981a03deb_diesel_regular,TFUEL - TORRÃO,TFUEL,diesel_regular,Gasóleo simples,Outro,2.039,Alcácer do Sal,Setúbal,ESTRADA NAC. 2 KM 565,Torrão,7595-125,38.296772,-8.224547,tfuel - torrão,tfuel,estrada nac. 2 km 565,"2,039 €",2026-05-15_dgeg_postos_raw.csv,e7f00a1b592ed85e
2026-05-15,2026-05-15 14:31:32,2026-05-11 10:00:00,d34aa3d981a03deb,d34aa3d981a03deb_diesel_premium,TFUEL - TORRÃO,TFUEL,diesel_premium,Gasóleo especial,Outro,2.119,Alcácer do Sal,Setúbal,ESTRADA NAC. 2 KM 565,Torrão,7595-125,38.296772,-8.224547,tfuel - torrão,tfuel,estrada nac. 2 km 565,"2,119 €",2026-05-15_dgeg_postos_raw.csv,228417f3775990ef
2026-05-15,2026-05-15 14:31:32,2026-05-11 10:00:00,d34aa3d981a03deb,d34aa3d981a03deb_gasoline_95,TFUEL - TORRÃO,TFUEL,gasoline_95,Gasolina simples 95,Outro,2.099,Alcácer do Sal,Setúbal,ESTRADA NAC. 2 KM 565,Torrão,7595-125,38.296772,-8.224547,tfuel - torrão,tfuel,estrada nac. 2 km 565,"2,099 €",2026-05-15_dgeg_postos_raw.csv,5d059798acc8989d
2026-05-15,2026-05-15 14:31:32,2026-05-11 10:00:00,14b6805b3eb0bef7,14b6805b3eb0bef7_diesel_regular,TFUEL - VILA NOVA DE S. BENTO,TFUEL,diesel_regular,Gasóleo simples,Outro,2.039,Serpa,Beja,Rua de Paimogo,Vila Nova São Bento,7830-100,37.92147,-7.40571,tfuel - vila nova de s. bento,tfuel,rua de paimogo,"2,039 €",2026-05-15_dgeg_postos_raw.csv,cc6dcb6ac9cd753c
2026-05-15,2026-05-15 14:31:32,2026-05-11 10:00:00,14b6805b3eb0bef7,14b6805b3eb0bef7_gasoline_95,TFUEL - VILA NOVA DE S. BENTO,TFUEL,gasoline_95,Gasolina simples 95,Outro,2.079,Serpa,Beja,Rua de Paimogo,Vila Nova São Bento,7830-100,37.92147,-7.40571,tfuel - vila nova de s. bento,tfuel,rua de paimogo,"2,079 €",2026-05-15_dgeg_postos_raw.csv,07ef742a0657b788
2026-05-15,2026-05-15 14:31:32,2026-05-11 10:00:00,3e931972778a5270,3e931972778a5270_diesel_regular,TFUEL - OURIQUE,TFUEL,diesel_regular,Gasóleo simples,Outro,1.949,Ourique,Beja,Cruzamento do Monte da Volta,Ourique,7670-207,37.66179,-8.22338,tfuel - ourique,tfuel,cruzamento do monte da volta,"1,949 €",2026-05-15_dgeg_postos_raw.csv,6d8579e2f9a7d601
2026-05-15,2026-05-15 14:31:32,2026-05-11 10:00:00,3e931972778a5270,3e931972778a5270_diesel_premium,TFUEL - OURIQUE,TFUEL,diesel_premium,Gasóleo especial,Outro,2.009,Ourique,Beja,Cruzamento do Monte da Volta,Ourique,7670-207,37.66179,-8.22338,tfuel - ourique,tfuel,cruzamento do monte da volta,"2,009 €",2026-05-15_dgeg_postos_raw.csv,75abf0a7cd54fe17
2026-05-15,2026-05-15 14:31:32,2026-05-11 10:00:00,3e931972778a5270,3e931972778a5270_gasoline_95,TFUEL - OURIQUE,TFUEL,gasoline_95,Gasolina simples 95,Outro,1.969,Ourique,Beja,Cruzamento do Monte da Volta,Ourique,7670-207,37.66179,-8.22338,tfuel - ourique,tfuel,cruzamento do monte da volta,"1,969 €",2026-05-15_dgeg_postos_raw.csv,fe64ded3c8a8704b
2026-05-15,2026-05-15 14:31:32,2026-05-11 10:00:00,d8f713cb881d49c3,d8f713cb881d49c3_diesel_regular,TFUEL - VIDIGUEIRA,TFUEL,diesel_regular,Gasóleo simples,Outro,1.949,Vidigueira,Beja,BAIRRO INDUSTRIAL,Vidigueira,7960-305,38.20628,-7.79868,tfuel - vidigueira,tfuel,bairro industrial,"1,949 €",2026-05-15_dgeg_postos_raw.csv,d035fd18c4067d19
2026-05-15,2026-05-15 14:31:32,2026-05-11 10:00:00,42d32358419dd88b,42d32358419dd88b_diesel_regular,BP - Avis,BP,diesel_regular,Gasóleo simples,Outro,2.144,Avis,Portalegre,"EN 244, Km 111, N.º 300",Avis,7480-999,39.055928,-7.895954,bp - avis,bp,"en 244, km 111, n.º 300","2,144 €",2026-05-15_dgeg_postos_raw.csv,df4e328166f2a740
2026-05-15,2026-05-15 14:31:32,2026-05-11 10:00:00,42d32358419dd88b,42d32358419dd88b_diesel_premium,BP - Avis,BP,diesel_premium,Gasóleo especial,Outro,2.299,Avis,Portalegre,"EN 244, Km 111, N.º 300",Avis,7480-999,39.055928,-7.895954,bp - avis,bp,"en 244, km 111, n.º 300","2,299 €",2026-05-15_dgeg_postos_raw.csv,5746aecb8481b8db
2026-05-15,2026-05-15 14:31:32,2026-05-11 10:00:00,42d32358419dd88b,42d32358419dd88b_gasoline_95,BP - Avis,BP,gasoline_95,Gasolina simples 95,Outro,2.079,Avis,Portalegre,"EN 244, Km 111, N.º 300",Avis,7480-999,39.055928,-7.895954,bp - avis,bp,"en 244, km 111, n.º 300","2,079 €",2026-05-15_dgeg_postos_raw.csv,ddd3eeb0bbede0e4
2026-05-15,2026-05-15 14:31:32,2026-05-11 10:00:00,fce0c47f51a0023e,fce0c47f51a0023e_diesel_regular,PA BP Vinhais,BP,diesel_regular,Gasóleo simples,Outro,2.035,Vinhais,Bragança,Rua da Gasparona - Portela da Vila,Vinhais,5320-302,41.836697,-7.010283,pa bp vinhais,bp,rua da gasparona - portela da vila,"2,035 €",2026-05-15_dgeg_postos_raw.csv,ed16336ae0c863d0
2026-05-15,2026-05-15 14:31:32,2026-05-11 10:05:00,d6ab59457d68a4b7,d6ab59457d68a4b7_diesel_regular,GALP Cano (VMF),GALP,diesel_regular,Gasóleo simples,Outro,1.999,Sousel,Portalegre,"Avenida Nova, 60",Cano,7470-011,38.95816,-7.752769,galp cano (vmf),galp,"avenida nova, 60","1,999 €",2026-05-15_dgeg_postos_raw.csv,51134a4669508846
2026-05-15,2026-05-15 14:31:32,2026-05-11 10:05:00,d6ab59457d68a4b7,d6ab59457d68a4b7_gasoline_95,GALP Cano (VMF),GALP,gasoline_95,Gasolina simples 95,Outro,2.012,Sousel,Portalegre,"Avenida Nova, 60",Cano,7470-011,38.95816,-7.752769,galp cano (vmf),galp,"avenida nova, 60","2,012 €",2026-05-15_dgeg_postos_raw.csv,3ba3eca65b1803eb
2026-05-15,2026-05-15 14:31:32,2026-05-11 10:05:00,d6ab59457d68a4b7,d6ab59457d68a4b7_diesel_premium,GALP Cano (VMF),GALP,diesel_premium,Gasóleo especial,Outro,2.029,Sousel,Portalegre,"Avenida Nova, 60",Cano,7470-011,38.95816,-7.752769,galp cano (vmf),galp,"avenida nova, 60","2,029 €",2026-05-15_dgeg_postos_raw.csv,c82f596c7ff9d8af
2026-05-15,2026-05-15 14:31:32,2026-05-11 10:05:00,4e25e5eb1642455e,4e25e5eb1642455e_diesel_premium,VMF- Raposeira,GALP,diesel_premium,Gasóleo especial,Outro,2.029,Leiria,Leiria,Rua Dr. Diogo Almeida Pais Santos,Colmeias,2420-003,39.796231,-8.727059,vmf- raposeira,galp,rua dr. diogo almeida pais santos,"2,029 €",2026-05-15_dgeg_postos_raw.csv,589870b26d107670
2026-05-15,2026-05-15 14:31:32,2026-05-11 10:05:00,4e25e5eb1642455e,4e25e5eb1642455e_gasoline_95,VMF- Raposeira,GALP,gasoline_95,Gasolina simples 95,Outro,2.002,Leiria,Leiria,Rua Dr. Diogo Almeida Pais Santos,Colmeias,2420-003,39.796231,-8.727059,vmf- raposeira,galp,rua dr. diogo almeida pais santos,"2,002 €",2026-05-15_dgeg_postos_raw.csv,aba37d259942ba02
2026-05-15,2026-05-15 14:31:32,2026-05-11 10:05:00,4e25e5eb1642455e,4e25e5eb1642455e_diesel_regular,VMF- Raposeira,GALP,diesel_regular,Gasóleo simples,Outro,1.999,Leiria,Leiria,Rua Dr. Diogo Almeida Pais Santos,Colmeias,2420-003,39.796231,-8.727059,vmf- raposeira,galp,rua dr. diogo almeida pais santos,"1,999 €",2026-05-15_dgeg_postos_raw.csv,9afd27c5247eda58
2026-05-15,2026-05-15 14:31:32,2026-05-11 10:05:00,baa4fd555250488e,baa4fd555250488e_diesel_regular,E.S. VILA REAL ABAMBRES,REPSOL,diesel_regular,Gasóleo simples,Outro,2.019,Vila Real,Vila Real,"R. Gaspar Sameiro,  N 920",Abambres,5000-261,41.30531,-7.72257,e.s. vila real abambres,repsol,"r. gaspar sameiro, n 920","2,019 €",2026-05-15_dgeg_postos_raw.csv,accdbbd532f99846
2026-05-15,2026-05-15 14:31:32,2026-05-11 10:05:00,baa4fd555250488e,baa4fd555250488e_diesel_premium,E.S. VILA REAL ABAMBRES,REPSOL,diesel_premium,Gasóleo especial,Outro,2.079,Vila Real,Vila Real,"R. Gaspar Sameiro,  N 920",Abambres,5000-261,41.30531,-7.72257,e.s. vila real abambres,repsol,"r. gaspar sameiro, n 920","2,079 €",2026-05-15_dgeg_postos_raw.csv,4f59d069725e6665
2026-05-15,2026-05-15 14:31:32,2026-05-11 10:05:00,baa4fd555250488e,baa4fd555250488e_gasoline_95,E.S. VILA REAL ABAMBRES,REPSOL,gasoline_95,Gasolina simples 95,Outro,2.017,Vila Real,Vila Real,"R. Gaspar Sameiro,  N 920",Abambres,5000-261,41.30531,-7.72257,e.s. vila real abambres,repsol,"r. gaspar sameiro, n 920","2,017 €",2026-05-15_dgeg_postos_raw.csv,35bc80fd0e65d131
2026-05-15,2026-05-15 14:31:32,2026-05-11 10:05:00,baa4fd555250488e,baa4fd555250488e_gasoline_98,E.S. VILA REAL ABAMBRES,REPSOL,gasoline_98,Gasolina especial 98,Outro,2.197,Vila Real,Vila Real,"R. Gaspar Sameiro,  N 920",Abambres,5000-261,41.30531,-7.72257,e.s. vila real abambres,repsol,"r. gaspar sameiro, n 920","2,197 €",2026-05-15_dgeg_postos_raw.csv,7c24a8e214158f48
2026-05-15,2026-05-15 14:31:32,2026-05-11 10:05:00,d4786599951de375,d4786599951de375_diesel_regular,NOVAIS,ESSO,diesel_regular,Gasóleo simples,Outro,2.009,Barcelos,Braga,"R. Santa Eulália, 1579",Negreiros e Chavão,4775-193,41.43241,-8.61615,novais,esso,"r. santa eulália, 1579","2,009 €",2026-05-15_dgeg_postos_raw.csv,0c60947fe6ee6d54
2026-05-15,2026-05-15 14:31:32,2026-05-11 10:05:00,d4786599951de375,d4786599951de375_diesel_premium,NOVAIS,ESSO,diesel_premium,Gasóleo especial,Outro,2.029,Barcelos,Braga,"R. Santa Eulália, 1579",Negreiros e Chavão,4775-193,41.43241,-8.61615,novais,esso,"r. santa eulália, 1579","2,029 €",2026-05-15_dgeg_postos_raw.csv,76864e4f6d1ac39f
2026-05-15,2026-05-15 14:31:32,2026-05-11 10:05:00,d4786599951de375,d4786599951de375_gasoline_95,NOVAIS,ESSO,gasoline_95,Gasolina simples 95,Outro,2.012,Barcelos,Braga,"R. Santa Eulália, 1579",Negreiros e Chavão,4775-193,41.43241,-8.61615,novais,esso,"r. santa eulália, 1579","2,012 €",2026-05-15_dgeg_postos_raw.csv,490be60ddd7696c4
2026-05-15,2026-05-15 14:31:32,2026-05-11 10:05:00,ad29808c6ddc0e01,ad29808c6ddc0e01_diesel_regular,AUCHAN Santo Tirso,AUCHAN,diesel_regular,Gasóleo simples,Outro,1.889,Santo Tirso,Porto,Rua das Rãs,Santa Cristina Couto,4780-219,41.33237,-8.476991,auchan santo tirso,auchan,rua das rãs,"1,889 €",2026-05-15_dgeg_postos_raw.csv,8f92a88f6838b4cd
2026-05-15,2026-05-15 14:31:32,2026-05-11 10:05:00,ad29808c6ddc0e01,ad29808c6ddc0e01_gasoline_95,AUCHAN Santo Tirso,AUCHAN,gasoline_95,Gasolina simples 95,Outro,1.879,Santo Tirso,Porto,Rua das Rãs,Santa Cristina Couto,4780-219,41.33237,-8.476991,auchan santo tirso,auchan,rua das rãs,"1,879 €",2026-05-15_dgeg_postos_raw.csv,b38b77a999a59873
2026-05-15,2026-05-15 14:31:32,2026-05-11 10:05:00,172ff0b493757ae9,172ff0b493757ae9_diesel_regular,GESTROIL ENERGY - Barreira (Leiria),G-ENERGY,diesel_regular,Gasóleo simples,Outro,1.907,Leiria,Leiria,Rua Forno da Telha nº1385,Quinta do Retiro  - Barreira,2410-251,39.69944,-8.80491,gestroil energy - barreira (leiria),g-energy,rua forno da telha nº1385,"1,907 €",2026-05-15_dgeg_postos_raw.csv,4fa09e081728f98e
2026-05-15,2026-05-15 14:31:32,2026-05-11 10:05:00,172ff0b493757ae9,172ff0b493757ae9_gasoline_95,GESTROIL ENERGY - Barreira (Leiria),G-ENERGY,gasoline_95,Gasolina simples 95,Outro,1.957,Leiria,Leiria,Rua Forno da Telha nº1385,Quinta do Retiro  - Barreira,2410-251,39.69944,-8.80491,gestroil energy - barreira (leiria),g-energy,rua forno da telha nº1385,"1,957 €",2026-05-15_dgeg_postos_raw.csv,0512b14f105c2d91
2026-05-15,2026-05-15 14:31:32,2026-05-11 10:05:00,c41481bd480acf73,c41481bd480acf73_diesel_regular,PA Benedita (Carbuiberia P12),Genérico,diesel_regular,Gasóleo simples,Outro,1.877,Alcobaça,Leiria,"Estrada Nacional, 8/6 - Taveiro",Taveiro,2475-041,39.41527,-8.97106,pa benedita (carbuiberia p12),genérico,"estrada nacional, 8/6 - taveiro","1,877 €",2026-05-15_dgeg_postos_raw.csv,edd608eb2dfd6e8b
2026-05-15,2026-05-15 14:31:32,2026-05-11 10:05:00,c41481bd480acf73,c41481bd480acf73_diesel_premium,PA Benedita (Carbuiberia P12),Genérico,diesel_premium,Gasóleo especial,Outro,1.902,Alcobaça,Leiria,"Estrada Nacional, 8/6 - Taveiro",Taveiro,2475-041,39.41527,-8.97106,pa benedita (carbuiberia p12),genérico,"estrada nacional, 8/6 - taveiro","1,902 €",2026-05-15_dgeg_postos_raw.csv,73c23aeb9bf49579
2026-05-15,2026-05-15 14:31:32,2026-05-11 10:05:00,c41481bd480acf73,c41481bd480acf73_gasoline_95,PA Benedita (Carbuiberia P12),Genérico,gasoline_95,Gasolina simples 95,Outro,1.896,Alcobaça,Leiria,"Estrada Nacional, 8/6 - Taveiro",Taveiro,2475-041,39.41527,-8.97106,pa benedita (carbuiberia p12),genérico,"estrada nacional, 8/6 - taveiro","1,896 €",2026-05-15_dgeg_postos_raw.csv,1571e5588785e161
2026-05-15,2026-05-15 14:31:32,2026-05-11 10:05:00,79469efb46dc432f,79469efb46dc432f_diesel_regular,SHEL Gião (Rochio),SHELL,diesel_regular,Gasóleo simples,Outro,2.051,Vila do Conde,Porto,Rua da Estrada Principal,Gião,4485-176,41.30081,-8.679641,shel gião (rochio),shell,rua da estrada principal,"2,051 €",2026-05-15_dgeg_postos_raw.csv,8a4f87ccf3312267
2026-05-15,2026-05-15 14:31:32,2026-05-11 10:05:00,79469efb46dc432f,79469efb46dc432f_diesel_premium,SHEL Gião (Rochio),SHELL,diesel_premium,Gasóleo especial,Outro,2.098,Vila do Conde,Porto,Rua da Estrada Principal,Gião,4485-176,41.30081,-8.679641,shel gião (rochio),shell,rua da estrada principal,"2,098 €",2026-05-15_dgeg_postos_raw.csv,0adc3dbd7b999678
2026-05-15,2026-05-15 14:31:32,2026-05-11 10:05:00,79469efb46dc432f,79469efb46dc432f_gasoline_95,SHEL Gião (Rochio),SHELL,gasoline_95,Gasolina simples 95,Outro,2.069,Vila do Conde,Porto,Rua da Estrada Principal,Gião,4485-176,41.30081,-8.679641,shel gião (rochio),shell,rua da estrada principal,"2,069 €",2026-05-15_dgeg_postos_raw.csv,f5868445874eaae1
2026-05-15,2026-05-15 14:31:32,2026-05-11 10:05:00,fc016f3e78e54f48,fc016f3e78e54f48_gasoline_98,Combustíveis 222,GALP,gasoline_98,Gasolina especial 98,Outro,2.242,São João da Pesqueira,Viseu,"EN 222 Km 163,5(Rua da Praça nº 47)",Ervedosa do Douro,5130-072,41.1638,-7.47092,combustíveis 222,galp,"en 222 km 163,5(rua da praça nº 47)","2,242 €",2026-05-15_dgeg_postos_raw.csv,a04e5b99795c7fd5
2026-05-15,2026-05-15 14:31:32,2026-05-11 10:05:00,22d57a01a1aebbc1,22d57a01a1aebbc1_diesel_regular,FILIAL - Paul,Genérico,diesel_regular,Gasóleo simples,Outro,2.039,Covilhã,Castelo Branco,E.N. 343 - 1 - Granjeira,Paul,6215-323,40.217026,-7.623127,filial - paul,genérico,e.n. 343 - 1 - granjeira,"2,039 €",2026-05-15_dgeg_postos_raw.csv,2a70f8d62c4eb2a4
2026-05-15,2026-05-15 14:31:32,2026-05-11 10:05:00,22d57a01a1aebbc1,22d57a01a1aebbc1_gasoline_95,FILIAL - Paul,Genérico,gasoline_95,Gasolina simples 95,Outro,2.062,Covilhã,Castelo Branco,E.N. 343 - 1 - Granjeira,Paul,6215-323,40.217026,-7.623127,filial - paul,genérico,e.n. 343 - 1 - granjeira,"2,062 €",2026-05-15_dgeg_postos_raw.csv,beee316aaa64ae46
2026-05-15,2026-05-15 14:31:32,2026-05-11 10:05:00,22d57a01a1aebbc1,22d57a01a1aebbc1_diesel_premium,FILIAL - Paul,Genérico,diesel_premium,Gasóleo especial,Outro,2.059,Covilhã,Castelo Branco,E.N. 343 - 1 - Granjeira,Paul,6215-323,40.217026,-7.623127,filial - paul,genérico,e.n. 343 - 1 - granjeira,"2,059 €",2026-05-15_dgeg_postos_raw.csv,a6450671077f4938
2026-05-15,2026-05-15 14:31:32,2026-05-11 10:05:00,9cba9da66555dfe5,9cba9da66555dfe5_diesel_regular,GALP Cabeço de Vide (VMF),VMF Energia,diesel_regular,Gasóleo simples,Outro,1.999,Fronteira,Portalegre,EN 369 Tapada do Telheiros - Cabeço de Vide,Cabeço de Vide,7460-001,39.136063,-7.594734,galp cabeço de vide (vmf),vmf energia,en 369 tapada do telheiros - cabeço de vide,"1,999 €",2026-05-15_dgeg_postos_raw.csv,e9991d3b3b03432e
2026-05-15,2026-05-15 14:31:32,2026-05-11 10:05:00,9cba9da66555dfe5,9cba9da66555dfe5_gasoline_95,GALP Cabeço de Vide (VMF),VMF Energia,gasoline_95,Gasolina simples 95,Outro,1.992,Fronteira,Portalegre,EN 369 Tapada do Telheiros - Cabeço de Vide,Cabeço de Vide,7460-001,39.136063,-7.594734,galp cabeço de vide (vmf),vmf energia,en 369 tapada do telheiros - cabeço de vide,"1,992 €",2026-05-15_dgeg_postos_raw.csv,5967e5dd18e5a1b3
2026-05-15,2026-05-15 14:31:32,2026-05-11 10:05:00,9cba9da66555dfe5,9cba9da66555dfe5_diesel_premium,GALP Cabeço de Vide (VMF),VMF Energia,diesel_premium,Gasóleo especial,Outro,2.029,Fronteira,Portalegre,EN 369 Tapada do Telheiros - Cabeço de Vide,Cabeço de Vide,7460-001,39.136063,-7.594734,galp cabeço de vide (vmf),vmf energia,en 369 tapada do telheiros - cabeço de vide,"2,029 €",2026-05-15_dgeg_postos_raw.csv,5044e07b9ded782d
2026-05-15,2026-05-15 14:31:32,2026-05-11 10:05:00,04e6397c6c28475e,04e6397c6c28475e_diesel_regular,CEPSA Maceda (Mcd/Ovr),Genérico,diesel_regular,Gasóleo simples,Outro,1.902,Ovar,Aveiro,"EN 109 - Km 39,800 - Lugar da Pardala",São Vicente de Pereira Jusã,3880-908,40.893642,-8.615372,cepsa maceda (mcd/ovr),genérico,"en 109 - km 39,800 - lugar da pardala","1,902 €",2026-05-15_dgeg_postos_raw.csv,b2f97757059d0f17
2026-05-15,2026-05-15 14:31:32,2026-05-11 10:05:00,04e6397c6c28475e,04e6397c6c28475e_diesel_premium,CEPSA Maceda (Mcd/Ovr),Genérico,diesel_premium,Gasóleo especial,Outro,1.968,Ovar,Aveiro,"EN 109 - Km 39,800 - Lugar da Pardala",São Vicente de Pereira Jusã,3880-908,40.893642,-8.615372,cepsa maceda (mcd/ovr),genérico,"en 109 - km 39,800 - lugar da pardala","1,968 €",2026-05-15_dgeg_postos_raw.csv,5632ceffcee740d6
2026-05-15,2026-05-15 14:31:32,2026-05-11 10:05:00,04e6397c6c28475e,04e6397c6c28475e_gasoline_95,CEPSA Maceda (Mcd/Ovr),Genérico,gasoline_95,Gasolina simples 95,Outro,1.957,Ovar,Aveiro,"EN 109 - Km 39,800 - Lugar da Pardala",São Vicente de Pereira Jusã,3880-908,40.893642,-8.615372,cepsa maceda (mcd/ovr),genérico,"en 109 - km 39,800 - lugar da pardala","1,957 €",2026-05-15_dgeg_postos_raw.csv,7986aa9ffb8cf7be
2026-05-15,2026-05-15 14:31:32,2026-05-11 10:05:00,c9f71058978a7b37,c9f71058978a7b37_diesel_regular,Guilherme Oliveira - Reparação de Automóveis Lda.,PETROVAZ,diesel_regular,Gasóleo simples,Outro,1.904,Felgueiras,Porto,Rua Sebastião de Carvalho nº8,Margaride - Felgueiras,4610-126,41.356501,-8.208395,guilherme oliveira - reparação de automóveis lda.,petrovaz,rua sebastião de carvalho nº8,"1,904 €",2026-05-15_dgeg_postos_raw.csv,6a7fb4f05b2e3e0f
2026-05-15,2026-05-15 14:31:32,2026-05-11 10:05:00,c9f71058978a7b37,c9f71058978a7b37_diesel_premium,Guilherme Oliveira - Reparação de Automóveis Lda.,PETROVAZ,diesel_premium,Gasóleo especial,Outro,1.924,Felgueiras,Porto,Rua Sebastião de Carvalho nº8,Margaride - Felgueiras,4610-126,41.356501,-8.208395,guilherme oliveira - reparação de automóveis lda.,petrovaz,rua sebastião de carvalho nº8,"1,924 €",2026-05-15_dgeg_postos_raw.csv,e8b7fdd197974462
2026-05-15,2026-05-15 14:31:32,2026-05-11 10:05:00,c9f71058978a7b37,c9f71058978a7b37_gasoline_95,Guilherme Oliveira - Reparação de Automóveis Lda.,PETROVAZ,gasoline_95,Gasolina simples 95,Outro,1.934,Felgueiras,Porto,Rua Sebastião de Carvalho nº8,Margaride - Felgueiras,4610-126,41.356501,-8.208395,guilherme oliveira - reparação de automóveis lda.,petrovaz,rua sebastião de carvalho nº8,"1,934 €",2026-05-15_dgeg_postos_raw.csv,a58eb836ac007bf8
2026-05-15,2026-05-15 14:31:32,2026-05-11 10:05:00,3516856f13ee381a,3516856f13ee381a_diesel_regular,BP Barcelos - Ucha (Carbuiberia),BP,diesel_regular,Gasóleo simples,Outro,1.898,Barcelos,Braga,"EN 205, km 33,300 - Lugar de Crasto  - Ucha de São Romão",Ucha,4750-767,41.57254,-8.523811,bp barcelos - ucha (carbuiberia),bp,"en 205, km 33,300 - lugar de crasto - ucha de são romão","1,898 €",2026-05-15_dgeg_postos_raw.csv,4f23adc325d419b4
2026-05-15,2026-05-15 14:31:32,2026-05-11 10:05:00,3516856f13ee381a,3516856f13ee381a_diesel_premium,BP Barcelos - Ucha (Carbuiberia),BP,diesel_premium,Gasóleo especial,Outro,1.923,Barcelos,Braga,"EN 205, km 33,300 - Lugar de Crasto  - Ucha de São Romão",Ucha,4750-767,41.57254,-8.523811,bp barcelos - ucha (carbuiberia),bp,"en 205, km 33,300 - lugar de crasto - ucha de são romão","1,923 €",2026-05-15_dgeg_postos_raw.csv,6ab4aa2b5207849a
2026-05-15,2026-05-15 14:31:32,2026-05-11 10:05:00,3516856f13ee381a,3516856f13ee381a_gasoline_95,BP Barcelos - Ucha (Carbuiberia),BP,gasoline_95,Gasolina simples 95,Outro,1.89,Barcelos,Braga,"EN 205, km 33,300 - Lugar de Crasto  - Ucha de São Romão",Ucha,4750-767,41.57254,-8.523811,bp barcelos - ucha (carbuiberia),bp,"en 205, km 33,300 - lugar de crasto - ucha de são romão","1,890 €",2026-05-15_dgeg_postos_raw.csv,4f8a32af7e935526
2026-05-15,2026-05-15 14:31:32,2026-05-11 10:05:00,42e102e2b7fc31d3,42e102e2b7fc31d3_gasoline_95,GALP Oliveira de Azeméis,GALP,gasoline_95,Gasolina simples 95,Outro,2.026,Oliveira de Azeméis,Aveiro,"Avenida Comendador Álvaro Figueiredo, 167",Ul,3720-579,40.841255,-8.488361,galp oliveira de azeméis,galp,"avenida comendador álvaro figueiredo, 167","2,026 €",2026-05-15_dgeg_postos_raw.csv,82ee31155ff1a7bd
2026-05-15,2026-05-15 14:31:32,2026-05-11 10:05:00,42e102e2b7fc31d3,42e102e2b7fc31d3_diesel_regular,GALP Oliveira de Azeméis,GALP,diesel_regular,Gasóleo simples,Outro,2.028,Oliveira de Azeméis,Aveiro,"Avenida Comendador Álvaro Figueiredo, 167",Ul,3720-579,40.841255,-8.488361,galp oliveira de azeméis,galp,"avenida comendador álvaro figueiredo, 167","2,028 €",2026-05-15_dgeg_postos_raw.csv,5a22cdc1d51856bb
2026-05-15,2026-05-15 14:31:32,2026-05-11 10:05:00,42e102e2b7fc31d3,42e102e2b7fc31d3_diesel_premium,GALP Oliveira de Azeméis,GALP,diesel_premium,Gasóleo especial,Outro,2.078,Oliveira de Azeméis,Aveiro,"Avenida Comendador Álvaro Figueiredo, 167",Ul,3720-579,40.841255,-8.488361,galp oliveira de azeméis,galp,"avenida comendador álvaro figueiredo, 167","2,078 €",2026-05-15_dgeg_postos_raw.csv,352d736fe359d95c
2026-05-15,2026-05-15 14:31:32,2026-05-11 10:05:00,1c235e35c7c3c556,1c235e35c7c3c556_diesel_premium,CARBUIBERIA - Braga,G-ENERGY,diesel_premium,Gasóleo especial,Outro,1.901,Braga,Braga,"PONTE DOS PLAMES, LUGAR DO COUTEIRO",São José de São Lázaro,4700-000,41.541302,-8.425741,carbuiberia - braga,g-energy,"ponte dos plames, lugar do couteiro","1,901 €",2026-05-15_dgeg_postos_raw.csv,8f852da001169977
2026-05-15,2026-05-15 14:31:32,2026-05-11 10:05:00,1c235e35c7c3c556,1c235e35c7c3c556_diesel_regular,CARBUIBERIA - Braga,G-ENERGY,diesel_regular,Gasóleo simples,Outro,1.876,Braga,Braga,"PONTE DOS PLAMES, LUGAR DO COUTEIRO",São José de São Lázaro,4700-000,41.541302,-8.425741,carbuiberia - braga,g-energy,"ponte dos plames, lugar do couteiro","1,876 €",2026-05-15_dgeg_postos_raw.csv,905025c9686c8ba7
2026-05-15,2026-05-15 14:31:32,2026-05-11 10:05:00,1c235e35c7c3c556,1c235e35c7c3c556_gasoline_95,CARBUIBERIA - Braga,G-ENERGY,gasoline_95,Gasolina simples 95,Outro,1.906,Braga,Braga,"PONTE DOS PLAMES, LUGAR DO COUTEIRO",São José de São Lázaro,4700-000,41.541302,-8.425741,carbuiberia - braga,g-energy,"ponte dos plames, lugar do couteiro","1,906 €",2026-05-15_dgeg_postos_raw.csv,24f944ca8ef87c5e
2026-05-15,2026-05-15 14:31:32,2026-05-11 10:05:00,4396e9a86d7b3e82,4396e9a86d7b3e82_diesel_regular,"COPOMBAL,CRL - PA Repsol Pombal",REPSOL,diesel_regular,Gasóleo simples,Outro,2.019,Pombal,Leiria,"Viad. Eng. Guilherme Santos, 2",Pombal,3100-427,39.9145,-8.632615,"copombal,crl - pa repsol pombal",repsol,"viad. eng. guilherme santos, 2","2,019 €",2026-05-15_dgeg_postos_raw.csv,10a2f739d39eef45
2026-05-15,2026-05-15 14:31:32,2026-05-11 10:05:00,4396e9a86d7b3e82,4396e9a86d7b3e82_gasoline_95,"COPOMBAL,CRL - PA Repsol Pombal",REPSOL,gasoline_95,Gasolina simples 95,Outro,2.007,Pombal,Leiria,"Viad. Eng. Guilherme Santos, 2",Pombal,3100-427,39.9145,-8.632615,"copombal,crl - pa repsol pombal",repsol,"viad. eng. guilherme santos, 2","2,007 €",2026-05-15_dgeg_postos_raw.csv,00cc7724e2cda3d7
2026-05-15,2026-05-15 14:31:32,2026-05-11 10:05:00,fc016f3e78e54f48,fc016f3e78e54f48_diesel_regular,Combustíveis 222,GALP,diesel_regular,Gasóleo simples,Outro,2.059,São João da Pesqueira,Viseu,"EN 222 Km 163,5(Rua da Praça nº 47)",Ervedosa do Douro,5130-072,41.1638,-7.47092,combustíveis 222,galp,"en 222 km 163,5(rua da praça nº 47)","2,059 €",2026-05-15_dgeg_postos_raw.csv,cf3c103853018d10
2026-05-15,2026-05-15 14:31:32,2026-05-11 10:05:00,fc016f3e78e54f48,fc016f3e78e54f48_diesel_premium,Combustíveis 222,GALP,diesel_premium,Gasóleo especial,Outro,2.079,São João da Pesqueira,Viseu,"EN 222 Km 163,5(Rua da Praça nº 47)",Ervedosa do Douro,5130-072,41.1638,-7.47092,combustíveis 222,galp,"en 222 km 163,5(rua da praça nº 47)","2,079 €",2026-05-15_dgeg_postos_raw.csv,c6b693ad374267a0
2026-05-15,2026-05-15 14:31:32,2026-05-11 10:05:00,fc016f3e78e54f48,fc016f3e78e54f48_gasoline_95,Combustíveis 222,GALP,gasoline_95,Gasolina simples 95,Outro,2.062,São João da Pesqueira,Viseu,"EN 222 Km 163,5(Rua da Praça nº 47)",Ervedosa do Douro,5130-072,41.1638,-7.47092,combustíveis 222,galp,"en 222 km 163,5(rua da praça nº 47)","2,062 €",2026-05-15_dgeg_postos_raw.csv,058e8cf243594bf1
2026-05-15,2026-05-15 14:31:32,2026-05-11 10:10:00,b097cde2b4b751a6,b097cde2b4b751a6_diesel_regular,E.S. PORTO DE MOS,REPSOL,diesel_regular,Gasóleo simples,Outro,2.079,Porto de Mós,Leiria,EN 243,Várzea StºAntónio,2480-170,39.59649,-8.81717,e.s. porto de mos,repsol,en 243,"2,079 €",2026-05-15_dgeg_postos_raw.csv,b628dbdb754e2ea7
2026-05-15,2026-05-15 14:31:32,2026-05-11 10:10:00,b097cde2b4b751a6,b097cde2b4b751a6_diesel_premium,E.S. PORTO DE MOS,REPSOL,diesel_premium,Gasóleo especial,Outro,2.149,Porto de Mós,Leiria,EN 243,Várzea StºAntónio,2480-170,39.59649,-8.81717,e.s. porto de mos,repsol,en 243,"2,149 €",2026-05-15_dgeg_postos_raw.csv,dcca8091537d8f28
2026-05-15,2026-05-15 14:31:32,2026-05-11 10:10:00,b097cde2b4b751a6,b097cde2b4b751a6_gasoline_95,E.S. PORTO DE MOS,REPSOL,gasoline_95,Gasolina simples 95,Outro,2.077,Porto de Mós,Leiria,EN 243,Várzea StºAntónio,2480-170,39.59649,-8.81717,e.s. porto de mos,repsol,en 243,"2,077 €",2026-05-15_dgeg_postos_raw.csv,521d63c8d53aabb0
2026-05-15,2026-05-15 14:31:32,2026-05-11 10:10:00,b097cde2b4b751a6,b097cde2b4b751a6_gasoline_98,E.S. PORTO DE MOS,REPSOL,gasoline_98,Gasolina especial 98,Outro,2.277,Porto de Mós,Leiria,EN 243,Várzea StºAntónio,2480-170,39.59649,-8.81717,e.s. porto de mos,repsol,en 243,"2,277 €",2026-05-15_dgeg_postos_raw.csv,254a270acd46d463
2026-05-15,2026-05-15 14:31:32,2026-05-11 10:10:00,48d51b802d6542bd,48d51b802d6542bd_diesel_regular,FREITAS Silvares,FREITAS,diesel_regular,Gasóleo simples,Outro,2.039,Fundão,Castelo Branco,Vale das Relvas,Silvares,6230-670,40.14157,-7.66532,freitas silvares,freitas,vale das relvas,"2,039 €",2026-05-15_dgeg_postos_raw.csv,62a3fea2b14bd26e
2026-05-15,2026-05-15 14:31:32,2026-05-11 10:10:00,48d51b802d6542bd,48d51b802d6542bd_diesel_premium,FREITAS Silvares,FREITAS,diesel_premium,Gasóleo especial,Outro,2.059,Fundão,Castelo Branco,Vale das Relvas,Silvares,6230-670,40.14157,-7.66532,freitas silvares,freitas,vale das relvas,"2,059 €",2026-05-15_dgeg_postos_raw.csv,4f847098311e2b5c
2026-05-15,2026-05-15 14:31:32,2026-05-11 10:10:00,48d51b802d6542bd,48d51b802d6542bd_gasoline_95,FREITAS Silvares,FREITAS,gasoline_95,Gasolina simples 95,Outro,2.062,Fundão,Castelo Branco,Vale das Relvas,Silvares,6230-670,40.14157,-7.66532,freitas silvares,freitas,vale das relvas,"2,062 €",2026-05-15_dgeg_postos_raw.csv,72cb264d3f809e0f
2026-05-15,2026-05-15 14:31:32,2026-05-11 10:10:00,4ae993cf0628ca55,4ae993cf0628ca55_diesel_regular,Cepsa- FSI- Rua D. Mercedes Barros-Freamunde,CEPSA,diesel_regular,Gasóleo simples,Outro,1.986,Paços de Ferreira,Porto,RUA D. MERCEDES BARROS,Freamunde,4590-382,41.28779,-8.336811,cepsa- fsi- rua d. mercedes barros-freamunde,cepsa,rua d. mercedes barros,"1,986 €",2026-05-15_dgeg_postos_raw.csv,120b5aa0e9c72825
2026-05-15,2026-05-15 14:31:32,2026-05-11 10:10:00,4ae993cf0628ca55,4ae993cf0628ca55_diesel_premium,Cepsa- FSI- Rua D. Mercedes Barros-Freamunde,CEPSA,diesel_premium,Gasóleo especial,Outro,2.036,Paços de Ferreira,Porto,RUA D. MERCEDES BARROS,Freamunde,4590-382,41.28779,-8.336811,cepsa- fsi- rua d. mercedes barros-freamunde,cepsa,rua d. mercedes barros,"2,036 €",2026-05-15_dgeg_postos_raw.csv,e3239fdacac21b21
2026-05-15,2026-05-15 14:31:32,2026-05-11 10:10:00,4ae993cf0628ca55,4ae993cf0628ca55_gasoline_95,Cepsa- FSI- Rua D. Mercedes Barros-Freamunde,CEPSA,gasoline_95,Gasolina simples 95,Outro,1.978,Paços de Ferreira,Porto,RUA D. MERCEDES BARROS,Freamunde,4590-382,41.28779,-8.336811,cepsa- fsi- rua d. mercedes barros-freamunde,cepsa,rua d. mercedes barros,"1,978 €",2026-05-15_dgeg_postos_raw.csv,f3741b8ed1f4ff2d
2026-05-15,2026-05-15 14:31:32,2026-05-11 10:10:00,4ae993cf0628ca55,4ae993cf0628ca55_gasoline_98,Cepsa- FSI- Rua D. Mercedes Barros-Freamunde,CEPSA,gasoline_98,Gasolina especial 98,Outro,2.19,Paços de Ferreira,Porto,RUA D. MERCEDES BARROS,Freamunde,4590-382,41.28779,-8.336811,cepsa- fsi- rua d. mercedes barros-freamunde,cepsa,rua d. mercedes barros,"2,190 €",2026-05-15_dgeg_postos_raw.csv,c804a26b00581fcc
2026-05-15,2026-05-15 14:31:32,2026-05-11 10:10:00,61af069fcc03fbde,61af069fcc03fbde_diesel_regular,PA GESTROIL Arranhó (Carbuiberia),Genérico,diesel_regular,Gasóleo simples,Outro,1.981,Arruda dos Vinhos,Lisboa,"EN 115 - km 64,600",Arranhó,2630-058,38.963497,-9.13308,pa gestroil arranhó (carbuiberia),genérico,"en 115 - km 64,600","1,981 €",2026-05-15_dgeg_postos_raw.csv,8cdc7e5a648fc764
2026-05-15,2026-05-15 14:31:32,2026-05-11 10:10:00,61af069fcc03fbde,61af069fcc03fbde_diesel_premium,PA GESTROIL Arranhó (Carbuiberia),Genérico,diesel_premium,Gasóleo especial,Outro,2.006,Arruda dos Vinhos,Lisboa,"EN 115 - km 64,600",Arranhó,2630-058,38.963497,-9.13308,pa gestroil arranhó (carbuiberia),genérico,"en 115 - km 64,600","2,006 €",2026-05-15_dgeg_postos_raw.csv,906a22bfc304091f
2026-05-15,2026-05-15 14:31:32,2026-05-11 10:10:00,61af069fcc03fbde,61af069fcc03fbde_gasoline_95,PA GESTROIL Arranhó (Carbuiberia),Genérico,gasoline_95,Gasolina simples 95,Outro,2.026,Arruda dos Vinhos,Lisboa,"EN 115 - km 64,600",Arranhó,2630-058,38.963497,-9.13308,pa gestroil arranhó (carbuiberia),genérico,"en 115 - km 64,600","2,026 €",2026-05-15_dgeg_postos_raw.csv,666305f611361a45
2026-05-15,2026-05-15 14:31:32,2026-05-11 10:10:00,5fae1801cbe858cd,5fae1801cbe858cd_diesel_regular,GALP Boa Vista - Leiria  (13110),GALP,diesel_regular,Gasóleo simples,Outro,2.078,Leiria,Leiria,"Rua Nossa Senhora das Dores, nº146",Boa Vista,2420-403,39.78243,-8.751261,galp boa vista - leiria (13110),galp,"rua nossa senhora das dores, nº146","2,078 €",2026-05-15_dgeg_postos_raw.csv,d7a98ca10a13df88
2026-05-15,2026-05-15 14:31:32,2026-05-11 10:10:00,5fae1801cbe858cd,5fae1801cbe858cd_diesel_premium,GALP Boa Vista - Leiria  (13110),GALP,diesel_premium,Gasóleo especial,Outro,2.138,Leiria,Leiria,"Rua Nossa Senhora das Dores, nº146",Boa Vista,2420-403,39.78243,-8.751261,galp boa vista - leiria (13110),galp,"rua nossa senhora das dores, nº146","2,138 €",2026-05-15_dgeg_postos_raw.csv,e516a3ff738f9190
2026-05-15,2026-05-15 14:31:32,2026-05-11 10:10:00,5fae1801cbe858cd,5fae1801cbe858cd_gasoline_95,GALP Boa Vista - Leiria  (13110),GALP,gasoline_95,Gasolina simples 95,Outro,2.082,Leiria,Leiria,"Rua Nossa Senhora das Dores, nº146",Boa Vista,2420-403,39.78243,-8.751261,galp boa vista - leiria (13110),galp,"rua nossa senhora das dores, nº146","2,082 €",2026-05-15_dgeg_postos_raw.csv,6c3a5ae6d95b375d
2026-05-15,2026-05-15 14:31:32,2026-05-11 10:10:00,06b22d970d1af9cd,06b22d970d1af9cd_diesel_regular,Galp Arrábida,GALP,diesel_regular,Gasóleo simples,Outro,2.015,Vila Nova de Gaia,Porto,Rua da Encosta do Sol,Vila Nova de Gaia,4400-438,41.137589,-8.642268,galp arrábida,galp,rua da encosta do sol,"2,015 €",2026-05-15_dgeg_postos_raw.csv,73e68ec52543a018
2026-05-15,2026-05-15 14:31:32,2026-05-11 10:10:00,06b22d970d1af9cd,06b22d970d1af9cd_diesel_premium,Galp Arrábida,GALP,diesel_premium,Gasóleo especial,Outro,2.065,Vila Nova de Gaia,Porto,Rua da Encosta do Sol,Vila Nova de Gaia,4400-438,41.137589,-8.642268,galp arrábida,galp,rua da encosta do sol,"2,065 €",2026-05-15_dgeg_postos_raw.csv,401f7ac192674efc
2026-05-15,2026-05-15 14:31:32,2026-05-11 10:10:00,06b22d970d1af9cd,06b22d970d1af9cd_gasoline_95,Galp Arrábida,GALP,gasoline_95,Gasolina simples 95,Outro,2.011,Vila Nova de Gaia,Porto,Rua da Encosta do Sol,Vila Nova de Gaia,4400-438,41.137589,-8.642268,galp arrábida,galp,rua da encosta do sol,"2,011 €",2026-05-15_dgeg_postos_raw.csv,e06bf9407a3cdc93
2026-05-15,2026-05-15 14:31:32,2026-05-11 10:10:00,664884da9370b504,664884da9370b504_diesel_regular,GALP Campo Maior (VMF),GALP,diesel_regular,Gasóleo simples,Outro,2.055,Campo Maior,Portalegre,"Av. Humberto Delgado, S/n",Campo Maior,7370-106,39.01591,-7.071436,galp campo maior (vmf),galp,"av. humberto delgado, s/n","2,055 €",2026-05-15_dgeg_postos_raw.csv,fd93f7782fd66734
2026-05-15,2026-05-15 14:31:32,2026-05-11 10:10:00,664884da9370b504,664884da9370b504_diesel_premium,GALP Campo Maior (VMF),GALP,diesel_premium,Gasóleo especial,Outro,2.105,Campo Maior,Portalegre,"Av. Humberto Delgado, S/n",Campo Maior,7370-106,39.01591,-7.071436,galp campo maior (vmf),galp,"av. humberto delgado, s/n","2,105 €",2026-05-15_dgeg_postos_raw.csv,54e7877c6b016636
2026-05-15,2026-05-15 14:31:32,2026-05-11 10:10:00,664884da9370b504,664884da9370b504_gasoline_95,GALP Campo Maior (VMF),GALP,gasoline_95,Gasolina simples 95,Outro,2.051,Campo Maior,Portalegre,"Av. Humberto Delgado, S/n",Campo Maior,7370-106,39.01591,-7.071436,galp campo maior (vmf),galp,"av. humberto delgado, s/n","2,051 €",2026-05-15_dgeg_postos_raw.csv,7aba1a2045e905d8
2026-05-15,2026-05-15 14:31:32,2026-05-11 10:10:00,410d472ed791e1b9,410d472ed791e1b9_diesel_regular,PA GESTROIL Belinho,Genérico,diesel_regular,Gasóleo simples,Outro,1.938,Esposende,Braga,"Avenida de Belinho, nº64 - E.N. 13 - KM 52",Belinho,4740-161,41.599396,-8.785084,pa gestroil belinho,genérico,"avenida de belinho, nº64 - e.n. 13 - km 52","1,938 €",2026-05-15_dgeg_postos_raw.csv,7dbab24e239498ce
2026-05-15,2026-05-15 14:31:32,2026-05-11 10:10:00,410d472ed791e1b9,410d472ed791e1b9_diesel_premium,PA GESTROIL Belinho,Genérico,diesel_premium,Gasóleo especial,Outro,1.963,Esposende,Braga,"Avenida de Belinho, nº64 - E.N. 13 - KM 52",Belinho,4740-161,41.599396,-8.785084,pa gestroil belinho,genérico,"avenida de belinho, nº64 - e.n. 13 - km 52","1,963 €",2026-05-15_dgeg_postos_raw.csv,c11203b5558c9fe7
2026-05-15,2026-05-15 14:31:32,2026-05-11 10:10:00,410d472ed791e1b9,410d472ed791e1b9_gasoline_95,PA GESTROIL Belinho,Genérico,gasoline_95,Gasolina simples 95,Outro,2.0,Esposende,Braga,"Avenida de Belinho, nº64 - E.N. 13 - KM 52",Belinho,4740-161,41.599396,-8.785084,pa gestroil belinho,genérico,"avenida de belinho, nº64 - e.n. 13 - km 52","2,000 €",2026-05-15_dgeg_postos_raw.csv,00e4062d41312c34
2026-05-15,2026-05-15 14:31:32,2026-05-11 10:10:00,c65788e3670b2e9a,c65788e3670b2e9a_diesel_regular,BP Celorico de Basto,BP,diesel_regular,Gasóleo simples,Outro,2.104,Celorico de Basto,Braga,E.N. 210 - Km 1.100,Celorico de Basto,4890-264,41.39661,-7.993081,bp celorico de basto,bp,e.n. 210 - km 1.100,"2,104 €",2026-05-15_dgeg_postos_raw.csv,0defd83e9fa91647
2026-05-15,2026-05-15 14:31:32,2026-05-11 10:10:00,c65788e3670b2e9a,c65788e3670b2e9a_diesel_premium,BP Celorico de Basto,BP,diesel_premium,Gasóleo especial,Outro,2.224,Celorico de Basto,Braga,E.N. 210 - Km 1.100,Celorico de Basto,4890-264,41.39661,-7.993081,bp celorico de basto,bp,e.n. 210 - km 1.100,"2,224 €",2026-05-15_dgeg_postos_raw.csv,941af08baf3f02eb
2026-05-15,2026-05-15 14:31:32,2026-05-11 10:10:00,c65788e3670b2e9a,c65788e3670b2e9a_gasoline_95,BP Celorico de Basto,BP,gasoline_95,Gasolina simples 95,Outro,2.099,Celorico de Basto,Braga,E.N. 210 - Km 1.100,Celorico de Basto,4890-264,41.39661,-7.993081,bp celorico de basto,bp,e.n. 210 - km 1.100,"2,099 €",2026-05-15_dgeg_postos_raw.csv,cc037670e629a273
2026-05-15,2026-05-15 14:31:32,2026-05-11 10:10:00,c65788e3670b2e9a,c65788e3670b2e9a_gasoline_98,BP Celorico de Basto,BP,gasoline_98,Gasolina especial 98,Outro,2.299,Celorico de Basto,Braga,E.N. 210 - Km 1.100,Celorico de Basto,4890-264,41.39661,-7.993081,bp celorico de basto,bp,e.n. 210 - km 1.100,"2,299 €",2026-05-15_dgeg_postos_raw.csv,c810b1c2a55af8db
2026-05-15,2026-05-15 14:31:32,2026-05-11 10:10:00,60430b583b4f3bca,60430b583b4f3bca_diesel_premium,A.S. CAIA A,REPSOL,diesel_premium,Gasóleo especial,Auto-estrada,2.089,Elvas,Portalegre,"IP 7/A 6 Km 4,5",ELVAS,7350-443,38.883230556,-7.050736111,a.s. caia a,repsol,"ip 7/a 6 km 4,5","2,089 €",2026-05-15_dgeg_postos_raw.csv,6afb429856be3c02
2026-05-15,2026-05-15 14:31:32,2026-05-11 10:10:00,48d51b802d6542bd,48d51b802d6542bd_gasoline_98,FREITAS Silvares,FREITAS,gasoline_98,Gasolina especial 98,Outro,2.242,Fundão,Castelo Branco,Vale das Relvas,Silvares,6230-670,40.14157,-7.66532,freitas silvares,freitas,vale das relvas,"2,242 €",2026-05-15_dgeg_postos_raw.csv,db0c95c29a2d4882
2026-05-15,2026-05-15 14:31:32,2026-05-11 10:10:00,5174bc096953ddcf,5174bc096953ddcf_diesel_regular,AUCHAN Torres Vedras,AUCHAN,diesel_regular,Gasóleo simples,Outro,1.929,Torres Vedras,Lisboa,"Rua António Alves Ferreira, Nº 2",Torres Vedras,2560-256,39.10158,-9.254366,auchan torres vedras,auchan,"rua antónio alves ferreira, nº 2","1,929 €",2026-05-15_dgeg_postos_raw.csv,2094b99229c53560
2026-05-15,2026-05-15 14:31:32,2026-05-11 10:10:00,5174bc096953ddcf,5174bc096953ddcf_diesel_premium,AUCHAN Torres Vedras,AUCHAN,diesel_premium,Gasóleo especial,Outro,1.959,Torres Vedras,Lisboa,"Rua António Alves Ferreira, Nº 2",Torres Vedras,2560-256,39.10158,-9.254366,auchan torres vedras,auchan,"rua antónio alves ferreira, nº 2","1,959 €",2026-05-15_dgeg_postos_raw.csv,20772d0860fb565c
2026-05-15,2026-05-15 14:31:32,2026-05-11 10:10:00,5174bc096953ddcf,5174bc096953ddcf_gasoline_95,AUCHAN Torres Vedras,AUCHAN,gasoline_95,Gasolina simples 95,Outro,1.979,Torres Vedras,Lisboa,"Rua António Alves Ferreira, Nº 2",Torres Vedras,2560-256,39.10158,-9.254366,auchan torres vedras,auchan,"rua antónio alves ferreira, nº 2","1,979 €",2026-05-15_dgeg_postos_raw.csv,4cffe65bfc2e893f
2026-05-15,2026-05-15 14:31:32,2026-05-11 10:10:00,b2381613b9bc6fe0,b2381613b9bc6fe0_diesel_regular,PA Fervença (Carbuiberia P19),Genérico,diesel_regular,Gasóleo simples,Outro,1.877,Alcobaça,Leiria,Rua Professor Adelino Rodrigues nº 24 - Fervença,Ferraria,2460-525,39.57158,-8.98599,pa fervença (carbuiberia p19),genérico,rua professor adelino rodrigues nº 24 - fervença,"1,877 €",2026-05-15_dgeg_postos_raw.csv,2bc2f596c844a895
2026-05-15,2026-05-15 14:31:32,2026-05-11 10:10:00,b2381613b9bc6fe0,b2381613b9bc6fe0_diesel_premium,PA Fervença (Carbuiberia P19),Genérico,diesel_premium,Gasóleo especial,Outro,1.927,Alcobaça,Leiria,Rua Professor Adelino Rodrigues nº 24 - Fervença,Ferraria,2460-525,39.57158,-8.98599,pa fervença (carbuiberia p19),genérico,rua professor adelino rodrigues nº 24 - fervença,"1,927 €",2026-05-15_dgeg_postos_raw.csv,20381348566af8d1
2026-05-15,2026-05-15 14:31:32,2026-05-11 10:10:00,b2381613b9bc6fe0,b2381613b9bc6fe0_gasoline_95,PA Fervença (Carbuiberia P19),Genérico,gasoline_95,Gasolina simples 95,Outro,1.896,Alcobaça,Leiria,Rua Professor Adelino Rodrigues nº 24 - Fervença,Ferraria,2460-525,39.57158,-8.98599,pa fervença (carbuiberia p19),genérico,rua professor adelino rodrigues nº 24 - fervença,"1,896 €",2026-05-15_dgeg_postos_raw.csv,75bcd2c45225182e
2026-05-15,2026-05-15 14:31:32,2026-05-11 10:10:00,de20ebf02fca0d4d,de20ebf02fca0d4d_diesel_regular,PA Fazendas de Almeirim (Carbuiberia),Genérico,diesel_regular,Gasóleo simples,Outro,1.897,Almeirim,Santarém,"Rua Marechal Craveiro Lopes, 168",Fazendas de Almeirim,2080-588,39.17869,-8.59915,pa fazendas de almeirim (carbuiberia),genérico,"rua marechal craveiro lopes, 168","1,897 €",2026-05-15_dgeg_postos_raw.csv,d3a5d7eb245a840e
2026-05-15,2026-05-15 14:31:32,2026-05-11 10:10:00,de20ebf02fca0d4d,de20ebf02fca0d4d_diesel_premium,PA Fazendas de Almeirim (Carbuiberia),Genérico,diesel_premium,Gasóleo especial,Outro,1.977,Almeirim,Santarém,"Rua Marechal Craveiro Lopes, 168",Fazendas de Almeirim,2080-588,39.17869,-8.59915,pa fazendas de almeirim (carbuiberia),genérico,"rua marechal craveiro lopes, 168","1,977 €",2026-05-15_dgeg_postos_raw.csv,1e310f7a25d8bb83
2026-05-15,2026-05-15 14:31:32,2026-05-11 10:10:00,de20ebf02fca0d4d,de20ebf02fca0d4d_gasoline_95,PA Fazendas de Almeirim (Carbuiberia),Genérico,gasoline_95,Gasolina simples 95,Outro,1.957,Almeirim,Santarém,"Rua Marechal Craveiro Lopes, 168",Fazendas de Almeirim,2080-588,39.17869,-8.59915,pa fazendas de almeirim (carbuiberia),genérico,"rua marechal craveiro lopes, 168","1,957 €",2026-05-15_dgeg_postos_raw.csv,0f7c3e9b57dfef20
2026-05-15,2026-05-15 14:31:32,2026-05-11 10:10:00,f1c11abb699b0fe3,f1c11abb699b0fe3_diesel_regular,Galp Maia Jardim,GALP,diesel_regular,Gasóleo simples,Outro,2.015,Maia,Porto,"Rua Agostinho da Silva Rocha, S/N",Maia - Nogueira,4475-451,41.236955,-8.59839,galp maia jardim,galp,"rua agostinho da silva rocha, s/n","2,015 €",2026-05-15_dgeg_postos_raw.csv,4ded5fe6c1fa3ca0
2026-05-15,2026-05-15 14:31:32,2026-05-11 10:10:00,f1c11abb699b0fe3,f1c11abb699b0fe3_diesel_premium,Galp Maia Jardim,GALP,diesel_premium,Gasóleo especial,Outro,2.065,Maia,Porto,"Rua Agostinho da Silva Rocha, S/N",Maia - Nogueira,4475-451,41.236955,-8.59839,galp maia jardim,galp,"rua agostinho da silva rocha, s/n","2,065 €",2026-05-15_dgeg_postos_raw.csv,37827013a7daa39d
2026-05-15,2026-05-15 14:31:32,2026-05-11 10:10:00,f1c11abb699b0fe3,f1c11abb699b0fe3_gasoline_95,Galp Maia Jardim,GALP,gasoline_95,Gasolina simples 95,Outro,2.011,Maia,Porto,"Rua Agostinho da Silva Rocha, S/N",Maia - Nogueira,4475-451,41.236955,-8.59839,galp maia jardim,galp,"rua agostinho da silva rocha, s/n","2,011 €",2026-05-15_dgeg_postos_raw.csv,493a201cbb0bba35
2026-05-15,2026-05-15 14:31:32,2026-05-11 10:10:00,8136e45824a7527c,8136e45824a7527c_diesel_regular,INTERMARCHÉ Moura,INTERMARCHÉ,diesel_regular,Gasóleo simples,Outro,1.989,Moura,Beja,Av. dos Bombeiros Voluntários - apartado 136,Moura,7860-107,38.139748,-7.460113,intermarché moura,intermarché,av. dos bombeiros voluntários - apartado 136,"1,989 €",2026-05-15_dgeg_postos_raw.csv,2e1e233e8950733a
2026-05-15,2026-05-15 14:31:32,2026-05-11 10:10:00,8136e45824a7527c,8136e45824a7527c_diesel_premium,INTERMARCHÉ Moura,INTERMARCHÉ,diesel_premium,Gasóleo especial,Outro,2.039,Moura,Beja,Av. dos Bombeiros Voluntários - apartado 136,Moura,7860-107,38.139748,-7.460113,intermarché moura,intermarché,av. dos bombeiros voluntários - apartado 136,"2,039 €",2026-05-15_dgeg_postos_raw.csv,d800ca526e543b42
2026-05-15,2026-05-15 14:31:32,2026-05-11 10:10:00,8136e45824a7527c,8136e45824a7527c_gasoline_95,INTERMARCHÉ Moura,INTERMARCHÉ,gasoline_95,Gasolina simples 95,Outro,1.992,Moura,Beja,Av. dos Bombeiros Voluntários - apartado 136,Moura,7860-107,38.139748,-7.460113,intermarché moura,intermarché,av. dos bombeiros voluntários - apartado 136,"1,992 €",2026-05-15_dgeg_postos_raw.csv,7b0c1d863f585735
2026-05-15,2026-05-15 14:31:32,2026-05-11 10:10:00,af4801e66aaca9bd,af4801e66aaca9bd_diesel_regular,BP - JM - Alfena,BP,diesel_regular,Gasóleo simples,Outro,2.104,Valongo,Porto,R. Nossa Senhora do Amparo,Alfena,4445-153,41.23401,-8.49311,bp - jm - alfena,bp,r. nossa senhora do amparo,"2,104 €",2026-05-15_dgeg_postos_raw.csv,177d6bee2d620aed
2026-05-15,2026-05-15 14:31:32,2026-05-11 10:10:00,af4801e66aaca9bd,af4801e66aaca9bd_gasoline_95,BP - JM - Alfena,BP,gasoline_95,Gasolina simples 95,Outro,2.099,Valongo,Porto,R. Nossa Senhora do Amparo,Alfena,4445-153,41.23401,-8.49311,bp - jm - alfena,bp,r. nossa senhora do amparo,"2,099 €",2026-05-15_dgeg_postos_raw.csv,0017a7ea71249e8b
2026-05-15,2026-05-15 14:31:32,2026-05-11 10:10:00,984257d7c1181dd5,984257d7c1181dd5_diesel_premium,GALP Redondo (19122),GALP,diesel_premium,Gasóleo especial,Outro,2.078,Redondo,Évora,"E.N. 254, Km 20",Redondo,7170-000,38.644962,-7.549048,galp redondo (19122),galp,"e.n. 254, km 20","2,078 €",2026-05-15_dgeg_postos_raw.csv,293ee818726ab71c
2026-05-15,2026-05-15 14:31:32,2026-05-11 10:10:00,984257d7c1181dd5,984257d7c1181dd5_diesel_regular,GALP Redondo (19122),GALP,diesel_regular,Gasóleo simples,Outro,2.028,Redondo,Évora,"E.N. 254, Km 20",Redondo,7170-000,38.644962,-7.549048,galp redondo (19122),galp,"e.n. 254, km 20","2,028 €",2026-05-15_dgeg_postos_raw.csv,1e42fcea22c6b8a1
2026-05-15,2026-05-15 14:31:32,2026-05-11 10:10:00,984257d7c1181dd5,984257d7c1181dd5_gasoline_95,GALP Redondo (19122),GALP,gasoline_95,Gasolina simples 95,Outro,2.026,Redondo,Évora,"E.N. 254, Km 20",Redondo,7170-000,38.644962,-7.549048,galp redondo (19122),galp,"e.n. 254, km 20","2,026 €",2026-05-15_dgeg_postos_raw.csv,c12baf83e5e51f87
2026-05-15,2026-05-15 14:31:32,2026-05-11 10:10:00,27b858ed72e486bf,27b858ed72e486bf_diesel_premium,"RECTA DA FAJARDA COMBUSTIVEIS, LDA",Genérico,diesel_premium,Gasóleo especial,Outro,1.922,Coruche,Santarém,"EN 114-3 Km 6,5",Fajarda,2100-502,38.9582,-8.590561,"recta da fajarda combustiveis, lda",genérico,"en 114-3 km 6,5","1,922 €",2026-05-15_dgeg_postos_raw.csv,834740960941164c
2026-05-15,2026-05-15 14:31:32,2026-05-11 10:10:00,27b858ed72e486bf,27b858ed72e486bf_diesel_regular,"RECTA DA FAJARDA COMBUSTIVEIS, LDA",Genérico,diesel_regular,Gasóleo simples,Outro,1.897,Coruche,Santarém,"EN 114-3 Km 6,5",Fajarda,2100-502,38.9582,-8.590561,"recta da fajarda combustiveis, lda",genérico,"en 114-3 km 6,5","1,897 €",2026-05-15_dgeg_postos_raw.csv,a29728d4275f70d0
2026-05-15,2026-05-15 14:31:32,2026-05-11 10:10:00,27b858ed72e486bf,27b858ed72e486bf_gasoline_95,"RECTA DA FAJARDA COMBUSTIVEIS, LDA",Genérico,gasoline_95,Gasolina simples 95,Outro,1.912,Coruche,Santarém,"EN 114-3 Km 6,5",Fajarda,2100-502,38.9582,-8.590561,"recta da fajarda combustiveis, lda",genérico,"en 114-3 km 6,5","1,912 €",2026-05-15_dgeg_postos_raw.csv,c842794e0be3ca32
2026-05-15,2026-05-15 14:31:32,2026-05-11 10:15:00,2f4e38e45067e395,2f4e38e45067e395_diesel_regular,BP - JM - Azambuja,BP,diesel_regular,Gasóleo simples,Outro,2.104,Azambuja,Lisboa,"EN 3, Km 7,2",Vila Nova da Rainha,2050-306,39.05592,-8.90505,bp - jm - azambuja,bp,"en 3, km 7,2","2,104 €",2026-05-15_dgeg_postos_raw.csv,09ceeff79a88b71a
2026-05-15,2026-05-15 14:31:32,2026-05-11 10:15:00,4eab7be5784676d6,4eab7be5784676d6_diesel_regular,BP- JM - Algoz,BP,diesel_regular,Gasóleo simples,Outro,2.104,Silves,Faro,Vales do Algoz,Algoz,8365-087,37.15446,-8.30151,bp- jm - algoz,bp,vales do algoz,"2,104 €",2026-05-15_dgeg_postos_raw.csv,a6774225e06050d3
2026-05-15,2026-05-15 14:31:32,2026-05-11 10:15:00,ec038e20d0024f6a,ec038e20d0024f6a_diesel_regular,E.S. LOURINHA II,REPSOL,diesel_regular,Gasóleo simples,Outro,2.079,Lourinhã,Lisboa,Quinta Maria Gil - Seixal,Lourinhã,2530-249,39.25376,-9.3177,e.s. lourinha ii,repsol,quinta maria gil - seixal,"2,079 €",2026-05-15_dgeg_postos_raw.csv,1bcc5727eb978a45
2026-05-15,2026-05-15 14:31:32,2026-05-11 10:15:00,ec038e20d0024f6a,ec038e20d0024f6a_gasoline_95,E.S. LOURINHA II,REPSOL,gasoline_95,Gasolina simples 95,Outro,2.077,Lourinhã,Lisboa,Quinta Maria Gil - Seixal,Lourinhã,2530-249,39.25376,-9.3177,e.s. lourinha ii,repsol,quinta maria gil - seixal,"2,077 €",2026-05-15_dgeg_postos_raw.csv,b7e8966f83f0b44b
2026-05-15,2026-05-15 14:31:32,2026-05-11 10:15:00,d732b6e130988b15,d732b6e130988b15_diesel_regular,PA Mendiga (Carbuiberia P26),Genérico,diesel_regular,Gasóleo simples,Outro,1.836,Porto de Mós,Leiria,E.N. 362 - Rua Principal Nº 95,Mendiga,2480-215,39.49382,-8.85617,pa mendiga (carbuiberia p26),genérico,e.n. 362 - rua principal nº 95,"1,836 €",2026-05-15_dgeg_postos_raw.csv,9f1a185ad0d3eb53
2026-05-15,2026-05-15 14:31:32,2026-05-11 10:15:00,d732b6e130988b15,d732b6e130988b15_diesel_premium,PA Mendiga (Carbuiberia P26),Genérico,diesel_premium,Gasóleo especial,Outro,1.861,Porto de Mós,Leiria,E.N. 362 - Rua Principal Nº 95,Mendiga,2480-215,39.49382,-8.85617,pa mendiga (carbuiberia p26),genérico,e.n. 362 - rua principal nº 95,"1,861 €",2026-05-15_dgeg_postos_raw.csv,a5c70090a438582c
2026-05-15,2026-05-15 14:31:32,2026-05-11 10:15:00,d732b6e130988b15,d732b6e130988b15_gasoline_95,PA Mendiga (Carbuiberia P26),Genérico,gasoline_95,Gasolina simples 95,Outro,1.903,Porto de Mós,Leiria,E.N. 362 - Rua Principal Nº 95,Mendiga,2480-215,39.49382,-8.85617,pa mendiga (carbuiberia p26),genérico,e.n. 362 - rua principal nº 95,"1,903 €",2026-05-15_dgeg_postos_raw.csv,eda6f2897bbb6ca3
2026-05-15,2026-05-15 14:31:32,2026-05-11 10:15:00,6ce17d7e3f03156c,6ce17d7e3f03156c_diesel_regular,AUCHAN Vila Real,AUCHAN,diesel_regular,Gasóleo simples,Outro,1.959,Vila Real,Vila Real,Rua Dr. Otílio Figueiredo,Vila Real,5000-587,41.29717,-7.736542,auchan vila real,auchan,rua dr. otílio figueiredo,"1,959 €",2026-05-15_dgeg_postos_raw.csv,8f8b11784a5a0433
2026-05-15,2026-05-15 14:31:32,2026-05-11 10:15:00,6ce17d7e3f03156c,6ce17d7e3f03156c_diesel_premium,AUCHAN Vila Real,AUCHAN,diesel_premium,Gasóleo especial,Outro,1.979,Vila Real,Vila Real,Rua Dr. Otílio Figueiredo,Vila Real,5000-587,41.29717,-7.736542,auchan vila real,auchan,rua dr. otílio figueiredo,"1,979 €",2026-05-15_dgeg_postos_raw.csv,861312332e542801
2026-05-15,2026-05-15 14:31:32,2026-05-11 10:15:00,6ce17d7e3f03156c,6ce17d7e3f03156c_gasoline_95,AUCHAN Vila Real,AUCHAN,gasoline_95,Gasolina simples 95,Outro,1.939,Vila Real,Vila Real,Rua Dr. Otílio Figueiredo,Vila Real,5000-587,41.29717,-7.736542,auchan vila real,auchan,rua dr. otílio figueiredo,"1,939 €",2026-05-15_dgeg_postos_raw.csv,af699f74c7df25f9
2026-05-15,2026-05-15 14:31:32,2026-05-11 10:15:00,60be7efd73d79287,60be7efd73d79287_diesel_regular,GESTROIL ENERGY - Boleiros,G-ENERGY,diesel_regular,Gasóleo simples,Outro,1.846,Ourém,Santarém,"Estrada de Minde, nº328",Fátima - Boleiros,2495-300,39.57652,-8.64232,gestroil energy - boleiros,g-energy,"estrada de minde, nº328","1,846 €",2026-05-15_dgeg_postos_raw.csv,2d2f7a403d477e85
2026-05-15,2026-05-15 14:31:32,2026-05-11 10:15:00,60be7efd73d79287,60be7efd73d79287_diesel_premium,GESTROIL ENERGY - Boleiros,G-ENERGY,diesel_premium,Gasóleo especial,Outro,1.871,Ourém,Santarém,"Estrada de Minde, nº328",Fátima - Boleiros,2495-300,39.57652,-8.64232,gestroil energy - boleiros,g-energy,"estrada de minde, nº328","1,871 €",2026-05-15_dgeg_postos_raw.csv,6f0556f23607d8f7
2026-05-15,2026-05-15 14:31:32,2026-05-11 10:15:00,60be7efd73d79287,60be7efd73d79287_gasoline_95,GESTROIL ENERGY - Boleiros,G-ENERGY,gasoline_95,Gasolina simples 95,Outro,1.914,Ourém,Santarém,"Estrada de Minde, nº328",Fátima - Boleiros,2495-300,39.57652,-8.64232,gestroil energy - boleiros,g-energy,"estrada de minde, nº328","1,914 €",2026-05-15_dgeg_postos_raw.csv,85b16ac6c7d9b89b
2026-05-15,2026-05-15 14:31:32,2026-05-11 10:15:00,4e41a72c73d4b82e,4e41a72c73d4b82e_diesel_premium,Ribeira dos Amiais,Genérico,diesel_premium,Gasóleo especial,Outro,1.902,Caldas da Rainha,Leiria,EM 567,Ribeira dos Amiais,2500-379,39.404756,-9.056216,ribeira dos amiais,genérico,em 567,"1,902 €",2026-05-15_dgeg_postos_raw.csv,1d83cd69dc9afca3
2026-05-15,2026-05-15 14:31:32,2026-05-11 10:15:00,4e41a72c73d4b82e,4e41a72c73d4b82e_diesel_regular,Ribeira dos Amiais,Genérico,diesel_regular,Gasóleo simples,Outro,1.877,Caldas da Rainha,Leiria,EM 567,Ribeira dos Amiais,2500-379,39.404756,-9.056216,ribeira dos amiais,genérico,em 567,"1,877 €",2026-05-15_dgeg_postos_raw.csv,ecf0e4e50d02714f
2026-05-15,2026-05-15 14:31:32,2026-05-11 10:15:00,4e41a72c73d4b82e,4e41a72c73d4b82e_gasoline_95,Ribeira dos Amiais,Genérico,gasoline_95,Gasolina simples 95,Outro,1.957,Caldas da Rainha,Leiria,EM 567,Ribeira dos Amiais,2500-379,39.404756,-9.056216,ribeira dos amiais,genérico,em 567,"1,957 €",2026-05-15_dgeg_postos_raw.csv,d8438807b51367db
2026-05-15,2026-05-15 14:31:32,2026-05-11 10:15:00,6f939299c226201b,6f939299c226201b_diesel_premium,Vidais,G-ENERGY,diesel_premium,Gasóleo especial,Outro,1.927,Caldas da Rainha,Leiria,EN 114,Vidais,2500-749,39.36692,-9.04252,vidais,g-energy,en 114,"1,927 €",2026-05-15_dgeg_postos_raw.csv,01534e910cd342c1
2026-05-15,2026-05-15 14:31:32,2026-05-11 10:15:00,6f939299c226201b,6f939299c226201b_diesel_regular,Vidais,G-ENERGY,diesel_regular,Gasóleo simples,Outro,1.877,Caldas da Rainha,Leiria,EN 114,Vidais,2500-749,39.36692,-9.04252,vidais,g-energy,en 114,"1,877 €",2026-05-15_dgeg_postos_raw.csv,1f6eadee9e01a7a5
2026-05-15,2026-05-15 14:31:32,2026-05-11 10:15:00,6f939299c226201b,6f939299c226201b_gasoline_95,Vidais,G-ENERGY,gasoline_95,Gasolina simples 95,Outro,1.957,Caldas da Rainha,Leiria,EN 114,Vidais,2500-749,39.36692,-9.04252,vidais,g-energy,en 114,"1,957 €",2026-05-15_dgeg_postos_raw.csv,9b1185dbffa9be97
2026-05-15,2026-05-15 14:31:32,2026-05-11 10:15:00,d5df5d886f19b845,d5df5d886f19b845_diesel_regular,GALP Fátima (Fátima-Minde) -13049,GALP,diesel_regular,Gasóleo simples,Outro,2.078,Ourém,Santarém,"E.N. 360, Km 81.8",Cova da Iria,2495-408,39.62245,-8.664319,galp fátima (fátima-minde) -13049,galp,"e.n. 360, km 81.8","2,078 €",2026-05-15_dgeg_postos_raw.csv,353475ec9313944b
2026-05-15,2026-05-15 14:31:32,2026-05-11 10:15:00,d5df5d886f19b845,d5df5d886f19b845_diesel_premium,GALP Fátima (Fátima-Minde) -13049,GALP,diesel_premium,Gasóleo especial,Outro,2.133,Ourém,Santarém,"E.N. 360, Km 81.8",Cova da Iria,2495-408,39.62245,-8.664319,galp fátima (fátima-minde) -13049,galp,"e.n. 360, km 81.8","2,133 €",2026-05-15_dgeg_postos_raw.csv,1f650574277c03a0
2026-05-15,2026-05-15 14:31:32,2026-05-11 10:15:00,d5df5d886f19b845,d5df5d886f19b845_gasoline_95,GALP Fátima (Fátima-Minde) -13049,GALP,gasoline_95,Gasolina simples 95,Outro,2.072,Ourém,Santarém,"E.N. 360, Km 81.8",Cova da Iria,2495-408,39.62245,-8.664319,galp fátima (fátima-minde) -13049,galp,"e.n. 360, km 81.8","2,072 €",2026-05-15_dgeg_postos_raw.csv,054509619a064bf9
2026-05-15,2026-05-15 14:31:32,2026-05-11 10:15:00,cfb392076212479d,cfb392076212479d_diesel_premium,PETROVANDOMA,G-ENERGY,diesel_premium,Gasóleo especial,Outro,1.917,Paredes,Porto,"Av. Central de Reiros, N 1187",Vandoma,4585-774,41.203009,-8.398459,petrovandoma,g-energy,"av. central de reiros, n 1187","1,917 €",2026-05-15_dgeg_postos_raw.csv,b0dbced304bf43d4
2026-05-15,2026-05-15 14:31:32,2026-05-11 10:15:00,cfb392076212479d,cfb392076212479d_diesel_regular,PETROVANDOMA,G-ENERGY,diesel_regular,Gasóleo simples,Outro,1.866,Paredes,Porto,"Av. Central de Reiros, N 1187",Vandoma,4585-774,41.203009,-8.398459,petrovandoma,g-energy,"av. central de reiros, n 1187","1,866 €",2026-05-15_dgeg_postos_raw.csv,dc04a2ef8663322c
2026-05-15,2026-05-15 14:31:32,2026-05-11 10:15:00,cfb392076212479d,cfb392076212479d_gasoline_95,PETROVANDOMA,G-ENERGY,gasoline_95,Gasolina simples 95,Outro,1.914,Paredes,Porto,"Av. Central de Reiros, N 1187",Vandoma,4585-774,41.203009,-8.398459,petrovandoma,g-energy,"av. central de reiros, n 1187","1,914 €",2026-05-15_dgeg_postos_raw.csv,11580d354fe73898
2026-05-15,2026-05-15 14:31:32,2026-05-11 10:15:00,d22497e7e2ad078a,d22497e7e2ad078a_diesel_regular,E.S. PEDORIDO,REPSOL,diesel_regular,Gasóleo simples,Outro,2.079,Castelo de Paiva,Aveiro,Zona Industrial das Lavagueiras,Pedorido,4550-336,41.03449,-8.39561,e.s. pedorido,repsol,zona industrial das lavagueiras,"2,079 €",2026-05-15_dgeg_postos_raw.csv,ed443bb599e63741
2026-05-15,2026-05-15 14:31:32,2026-05-11 10:15:00,d22497e7e2ad078a,d22497e7e2ad078a_diesel_premium,E.S. PEDORIDO,REPSOL,diesel_premium,Gasóleo especial,Outro,2.149,Castelo de Paiva,Aveiro,Zona Industrial das Lavagueiras,Pedorido,4550-336,41.03449,-8.39561,e.s. pedorido,repsol,zona industrial das lavagueiras,"2,149 €",2026-05-15_dgeg_postos_raw.csv,e01e8a3990dac974
2026-05-15,2026-05-15 14:31:32,2026-05-11 10:15:00,d22497e7e2ad078a,d22497e7e2ad078a_gasoline_95,E.S. PEDORIDO,REPSOL,gasoline_95,Gasolina simples 95,Outro,2.067,Castelo de Paiva,Aveiro,Zona Industrial das Lavagueiras,Pedorido,4550-336,41.03449,-8.39561,e.s. pedorido,repsol,zona industrial das lavagueiras,"2,067 €",2026-05-15_dgeg_postos_raw.csv,374d834a581310aa
2026-05-15,2026-05-15 14:31:32,2026-05-11 10:15:00,d22497e7e2ad078a,d22497e7e2ad078a_gasoline_98,E.S. PEDORIDO,REPSOL,gasoline_98,Gasolina especial 98,Outro,2.267,Castelo de Paiva,Aveiro,Zona Industrial das Lavagueiras,Pedorido,4550-336,41.03449,-8.39561,e.s. pedorido,repsol,zona industrial das lavagueiras,"2,267 €",2026-05-15_dgeg_postos_raw.csv,5b936aac3239e234
2026-05-15,2026-05-15 14:31:32,2026-05-11 10:15:00,7918e1ff969454d3,7918e1ff969454d3_diesel_regular,PETROBOIM LDA,FREITAS,diesel_regular,Gasóleo simples,Outro,2.059,Amarante,Porto,Rua de Aboim nº637,Aboim,4600-510,41.31991,-8.06019,petroboim lda,freitas,rua de aboim nº637,"2,059 €",2026-05-15_dgeg_postos_raw.csv,cd36874f331a12b2
2026-05-15,2026-05-15 14:31:32,2026-05-11 10:15:00,7918e1ff969454d3,7918e1ff969454d3_diesel_premium,PETROBOIM LDA,FREITAS,diesel_premium,Gasóleo especial,Outro,2.079,Amarante,Porto,Rua de Aboim nº637,Aboim,4600-510,41.31991,-8.06019,petroboim lda,freitas,rua de aboim nº637,"2,079 €",2026-05-15_dgeg_postos_raw.csv,2754f1aeadd6d92b
2026-05-15,2026-05-15 14:31:32,2026-05-11 10:15:00,7918e1ff969454d3,7918e1ff969454d3_gasoline_95,PETROBOIM LDA,FREITAS,gasoline_95,Gasolina simples 95,Outro,2.062,Amarante,Porto,Rua de Aboim nº637,Aboim,4600-510,41.31991,-8.06019,petroboim lda,freitas,rua de aboim nº637,"2,062 €",2026-05-15_dgeg_postos_raw.csv,1f739698800fa6a7
2026-05-15,2026-05-15 14:31:32,2026-05-11 10:15:00,7e73044f65f04181,7e73044f65f04181_diesel_regular,"FHS COMBUSTÍVEIS, LDA.",Genérico,diesel_regular,Gasóleo simples,Outro,2.074,Sabrosa,Vila Real,ESTRADA NACIONAL 322,São Martinho de Antas,5060-432,41.26789,-7.63188,"fhs combustíveis, lda.",genérico,estrada nacional 322,"2,074 €",2026-05-15_dgeg_postos_raw.csv,75ccbb1a659bbf6b
2026-05-15,2026-05-15 14:31:32,2026-05-11 10:15:00,7e73044f65f04181,7e73044f65f04181_diesel_premium,"FHS COMBUSTÍVEIS, LDA.",Genérico,diesel_premium,Gasóleo especial,Outro,2.099,Sabrosa,Vila Real,ESTRADA NACIONAL 322,São Martinho de Antas,5060-432,41.26789,-7.63188,"fhs combustíveis, lda.",genérico,estrada nacional 322,"2,099 €",2026-05-15_dgeg_postos_raw.csv,d7665cd6f5296d8c
2026-05-15,2026-05-15 14:31:32,2026-05-11 10:15:00,7e73044f65f04181,7e73044f65f04181_gasoline_95,"FHS COMBUSTÍVEIS, LDA.",Genérico,gasoline_95,Gasolina simples 95,Outro,2.104,Sabrosa,Vila Real,ESTRADA NACIONAL 322,São Martinho de Antas,5060-432,41.26789,-7.63188,"fhs combustíveis, lda.",genérico,estrada nacional 322,"2,104 €",2026-05-15_dgeg_postos_raw.csv,cf59d63eced5d4bf
2026-05-15,2026-05-15 14:31:32,2026-05-11 10:15:00,f33abce0dcca2347,f33abce0dcca2347_diesel_regular,GASPE Bagueixe,GASPE,diesel_regular,Gasóleo simples,Outro,2.059,Macedo de Cavaleiros,Bragança,Bagueixe,Bagueixe,5340-040,41.5658,-6.80092,gaspe bagueixe,gaspe,bagueixe,"2,059 €",2026-05-15_dgeg_postos_raw.csv,b09c30d68521d405
2026-05-15,2026-05-15 14:31:32,2026-05-11 10:15:00,f33abce0dcca2347,f33abce0dcca2347_diesel_premium,GASPE Bagueixe,GASPE,diesel_premium,Gasóleo especial,Outro,2.079,Macedo de Cavaleiros,Bragança,Bagueixe,Bagueixe,5340-040,41.5658,-6.80092,gaspe bagueixe,gaspe,bagueixe,"2,079 €",2026-05-15_dgeg_postos_raw.csv,4a5f241e4c3e1ff0
2026-05-15,2026-05-15 14:31:32,2026-05-11 10:15:00,f33abce0dcca2347,f33abce0dcca2347_gasoline_95,GASPE Bagueixe,GASPE,gasoline_95,Gasolina simples 95,Outro,2.062,Macedo de Cavaleiros,Bragança,Bagueixe,Bagueixe,5340-040,41.5658,-6.80092,gaspe bagueixe,gaspe,bagueixe,"2,062 €",2026-05-15_dgeg_postos_raw.csv,3ced8a99d10fdc1e
2026-05-15,2026-05-15 14:31:32,2026-05-11 10:15:00,1cf800cbd2a40a8f,1cf800cbd2a40a8f_diesel_regular,GASPE Sabrosa,GASPE,diesel_regular,Gasóleo simples,Outro,2.059,Sabrosa,Vila Real,Rua Ermo\r\n,Passos - Marãozinho,5060-209,41.26371,-7.58986,gaspe sabrosa,gaspe,rua ermo\r\n,"2,059 €",2026-05-15_dgeg_postos_raw.csv,1e55c955be9cddde
2026-05-15,2026-05-15 14:31:32,2026-05-11 10:15:00,1cf800cbd2a40a8f,1cf800cbd2a40a8f_diesel_premium,GASPE Sabrosa,GASPE,diesel_premium,Gasóleo especial,Outro,2.079,Sabrosa,Vila Real,Rua Ermo\r\n,Passos - Marãozinho,5060-209,41.26371,-7.58986,gaspe sabrosa,gaspe,rua ermo\r\n,"2,079 €",2026-05-15_dgeg_postos_raw.csv,aa71867a9beb0dab
2026-05-15,2026-05-15 14:31:32,2026-05-11 10:15:00,1cf800cbd2a40a8f,1cf800cbd2a40a8f_gasoline_95,GASPE Sabrosa,GASPE,gasoline_95,Gasolina simples 95,Outro,2.062,Sabrosa,Vila Real,Rua Ermo\r\n,Passos - Marãozinho,5060-209,41.26371,-7.58986,gaspe sabrosa,gaspe,rua ermo\r\n,"2,062 €",2026-05-15_dgeg_postos_raw.csv,5c1e4e8604fcfedc
2026-05-15,2026-05-15 14:31:32,2026-05-11 10:15:00,1f048555810a374b,1f048555810a374b_diesel_regular,E.S. LEIRIA SUL,REPSOL,diesel_regular,Gasóleo simples,Outro,2.079,Leiria,Leiria,Rot. Variante Sul,Leiria - Qtª Da Taborda,2400-140,39.73564,-8.79968,e.s. leiria sul,repsol,rot. variante sul,"2,079 €",2026-05-15_dgeg_postos_raw.csv,4e02ce639f0f6bde
2026-05-15,2026-05-15 14:31:32,2026-05-11 10:15:00,1f048555810a374b,1f048555810a374b_diesel_premium,E.S. LEIRIA SUL,REPSOL,diesel_premium,Gasóleo especial,Outro,2.149,Leiria,Leiria,Rot. Variante Sul,Leiria - Qtª Da Taborda,2400-140,39.73564,-8.79968,e.s. leiria sul,repsol,rot. variante sul,"2,149 €",2026-05-15_dgeg_postos_raw.csv,8d4134c7b6a11e8a
2026-05-15,2026-05-15 14:31:32,2026-05-11 10:15:00,1f048555810a374b,1f048555810a374b_gasoline_95,E.S. LEIRIA SUL,REPSOL,gasoline_95,Gasolina simples 95,Outro,2.077,Leiria,Leiria,Rot. Variante Sul,Leiria - Qtª Da Taborda,2400-140,39.73564,-8.79968,e.s. leiria sul,repsol,rot. variante sul,"2,077 €",2026-05-15_dgeg_postos_raw.csv,3ba287c5f3a7b8e0
2026-05-15,2026-05-15 14:31:32,2026-05-11 10:15:00,1f048555810a374b,1f048555810a374b_gasoline_98,E.S. LEIRIA SUL,REPSOL,gasoline_98,Gasolina especial 98,Outro,2.277,Leiria,Leiria,Rot. Variante Sul,Leiria - Qtª Da Taborda,2400-140,39.73564,-8.79968,e.s. leiria sul,repsol,rot. variante sul,"2,277 €",2026-05-15_dgeg_postos_raw.csv,234cf36729dca4ae
2026-05-15,2026-05-15 14:31:32,2026-05-11 10:15:00,e694380b09ee7c38,e694380b09ee7c38_diesel_regular,E.S. ALVOR,REPSOL,diesel_regular,Gasóleo simples,Outro,2.039,Portimão,Faro,"Estrada Municipal, 531 - 1 ALVOR",Alvor,8500-045,37.12897,-8.57951,e.s. alvor,repsol,"estrada municipal, 531 - 1 alvor","2,039 €",2026-05-15_dgeg_postos_raw.csv,a7dfe467da36faa4
2026-05-15,2026-05-15 14:31:32,2026-05-11 10:15:00,e694380b09ee7c38,e694380b09ee7c38_diesel_premium,E.S. ALVOR,REPSOL,diesel_premium,Gasóleo especial,Outro,2.099,Portimão,Faro,"Estrada Municipal, 531 - 1 ALVOR",Alvor,8500-045,37.12897,-8.57951,e.s. alvor,repsol,"estrada municipal, 531 - 1 alvor","2,099 €",2026-05-15_dgeg_postos_raw.csv,04b6bd1ff458e3ee
2026-05-15,2026-05-15 14:31:32,2026-05-11 10:15:00,e694380b09ee7c38,e694380b09ee7c38_gasoline_95,E.S. ALVOR,REPSOL,gasoline_95,Gasolina simples 95,Outro,2.037,Portimão,Faro,"Estrada Municipal, 531 - 1 ALVOR",Alvor,8500-045,37.12897,-8.57951,e.s. alvor,repsol,"estrada municipal, 531 - 1 alvor","2,037 €",2026-05-15_dgeg_postos_raw.csv,2c47ef237c2af912
2026-05-15,2026-05-15 14:31:32,2026-05-11 10:15:00,60430b583b4f3bca,60430b583b4f3bca_diesel_regular,A.S. CAIA A,REPSOL,diesel_regular,Gasóleo simples,Auto-estrada,2.019,Elvas,Portalegre,"IP 7/A 6 Km 4,5",ELVAS,7350-443,38.883230556,-7.050736111,a.s. caia a,repsol,"ip 7/a 6 km 4,5","2,019 €",2026-05-15_dgeg_postos_raw.csv,1f826e3749f1480b
2026-05-15,2026-05-15 14:31:32,2026-05-11 10:15:00,60430b583b4f3bca,60430b583b4f3bca_gasoline_95,A.S. CAIA A,REPSOL,gasoline_95,Gasolina simples 95,Auto-estrada,2.017,Elvas,Portalegre,"IP 7/A 6 Km 4,5",ELVAS,7350-443,38.883230556,-7.050736111,a.s. caia a,repsol,"ip 7/a 6 km 4,5","2,017 €",2026-05-15_dgeg_postos_raw.csv,ea664f3b364dc45b
2026-05-15,2026-05-15 14:31:32,2026-05-11 10:15:00,63248ab223f9e9e6,63248ab223f9e9e6_diesel_regular,E.S. LOURINHA,REPSOL,diesel_regular,Gasóleo simples,Outro,2.079,Lourinhã,Lisboa,"EN 24 Km 12,2",Lourinhã,2530-000,39.24994,-9.31278,e.s. lourinha,repsol,"en 24 km 12,2","2,079 €",2026-05-15_dgeg_postos_raw.csv,bbd10a7bab9d8d82
2026-05-15,2026-05-15 14:31:32,2026-05-11 10:15:00,63248ab223f9e9e6,63248ab223f9e9e6_diesel_premium,E.S. LOURINHA,REPSOL,diesel_premium,Gasóleo especial,Outro,2.149,Lourinhã,Lisboa,"EN 24 Km 12,2",Lourinhã,2530-000,39.24994,-9.31278,e.s. lourinha,repsol,"en 24 km 12,2","2,149 €",2026-05-15_dgeg_postos_raw.csv,9be295253b8932e6
2026-05-15,2026-05-15 14:31:32,2026-05-11 10:15:00,63248ab223f9e9e6,63248ab223f9e9e6_gasoline_95,E.S. LOURINHA,REPSOL,gasoline_95,Gasolina simples 95,Outro,2.077,Lourinhã,Lisboa,"EN 24 Km 12,2",Lourinhã,2530-000,39.24994,-9.31278,e.s. lourinha,repsol,"en 24 km 12,2","2,077 €",2026-05-15_dgeg_postos_raw.csv,ed11905b0d36102a
2026-05-15,2026-05-15 14:31:32,2026-05-11 10:15:00,63248ab223f9e9e6,63248ab223f9e9e6_gasoline_98,E.S. LOURINHA,REPSOL,gasoline_98,Gasolina especial 98,Outro,2.277,Lourinhã,Lisboa,"EN 24 Km 12,2",Lourinhã,2530-000,39.24994,-9.31278,e.s. lourinha,repsol,"en 24 km 12,2","2,277 €",2026-05-15_dgeg_postos_raw.csv,d7b9dc75342d2fdc
2026-05-15,2026-05-15 14:31:32,2026-05-11 10:20:00,38c6b23c5628bddc,38c6b23c5628bddc_diesel_regular,E.S. SRA DA HORA,REPSOL,diesel_regular,Gasóleo simples,Outro,2.079,Matosinhos,Porto,Gaveto da Rua da Lagoa C/ Rua Nª Srª de Fátima,Srª da Hora,4460-000,41.19213,-8.6592,e.s. sra da hora,repsol,gaveto da rua da lagoa c/ rua nª srª de fátima,"2,079 €",2026-05-15_dgeg_postos_raw.csv,911686c2fd014c44
2026-05-15,2026-05-15 14:31:32,2026-05-11 10:20:00,38c6b23c5628bddc,38c6b23c5628bddc_diesel_premium,E.S. SRA DA HORA,REPSOL,diesel_premium,Gasóleo especial,Outro,2.149,Matosinhos,Porto,Gaveto da Rua da Lagoa C/ Rua Nª Srª de Fátima,Srª da Hora,4460-000,41.19213,-8.6592,e.s. sra da hora,repsol,gaveto da rua da lagoa c/ rua nª srª de fátima,"2,149 €",2026-05-15_dgeg_postos_raw.csv,c39cc2399560db06
2026-05-15,2026-05-15 14:31:32,2026-05-11 10:20:00,38c6b23c5628bddc,38c6b23c5628bddc_gasoline_95,E.S. SRA DA HORA,REPSOL,gasoline_95,Gasolina simples 95,Outro,2.077,Matosinhos,Porto,Gaveto da Rua da Lagoa C/ Rua Nª Srª de Fátima,Srª da Hora,4460-000,41.19213,-8.6592,e.s. sra da hora,repsol,gaveto da rua da lagoa c/ rua nª srª de fátima,"2,077 €",2026-05-15_dgeg_postos_raw.csv,c7bc004aef28709d
2026-05-15,2026-05-15 14:31:32,2026-05-11 10:20:00,6d8767a0efa4f2ce,6d8767a0efa4f2ce_diesel_regular,E.S. MAKRO-MATOSINHOS,REPSOL,diesel_regular,Gasóleo simples,Outro,2.019,Matosinhos,Porto,Rua Arroteia Leça Balio,S Mamede Infesta,4465-026,41.20093,-8.62506,e.s. makro-matosinhos,repsol,rua arroteia leça balio,"2,019 €",2026-05-15_dgeg_postos_raw.csv,09bcac0fb0f8d605
2026-05-15,2026-05-15 14:31:32,2026-05-11 10:20:00,6d8767a0efa4f2ce,6d8767a0efa4f2ce_diesel_premium,E.S. MAKRO-MATOSINHOS,REPSOL,diesel_premium,Gasóleo especial,Outro,2.089,Matosinhos,Porto,Rua Arroteia Leça Balio,S Mamede Infesta,4465-026,41.20093,-8.62506,e.s. makro-matosinhos,repsol,rua arroteia leça balio,"2,089 €",2026-05-15_dgeg_postos_raw.csv,6434c3918c72bc91
2026-05-15,2026-05-15 14:31:32,2026-05-11 10:20:00,6d8767a0efa4f2ce,6d8767a0efa4f2ce_gasoline_95,E.S. MAKRO-MATOSINHOS,REPSOL,gasoline_95,Gasolina simples 95,Outro,2.017,Matosinhos,Porto,Rua Arroteia Leça Balio,S Mamede Infesta,4465-026,41.20093,-8.62506,e.s. makro-matosinhos,repsol,rua arroteia leça balio,"2,017 €",2026-05-15_dgeg_postos_raw.csv,e1d64991a209295d
2026-05-15,2026-05-15 14:31:32,2026-05-11 10:20:00,6d8767a0efa4f2ce,6d8767a0efa4f2ce_gasoline_98,E.S. MAKRO-MATOSINHOS,REPSOL,gasoline_98,Gasolina especial 98,Outro,2.217,Matosinhos,Porto,Rua Arroteia Leça Balio,S Mamede Infesta,4465-026,41.20093,-8.62506,e.s. makro-matosinhos,repsol,rua arroteia leça balio,"2,217 €",2026-05-15_dgeg_postos_raw.csv,5136ad64933f322c
2026-05-15,2026-05-15 14:31:32,2026-05-11 10:20:00,abe6a5b4267910ad,abe6a5b4267910ad_diesel_regular,AUCHAN Viseu,AUCHAN,diesel_regular,Gasóleo simples,Outro,1.889,Viseu,Viseu,Qta. da Alagoa Estrada Nelas,Nelas,3500-606,40.63785,-7.908987,auchan viseu,auchan,qta. da alagoa estrada nelas,"1,889 €",2026-05-15_dgeg_postos_raw.csv,c18f1ee478f75c9a
2026-05-15,2026-05-15 14:31:32,2026-05-11 10:20:00,abe6a5b4267910ad,abe6a5b4267910ad_gasoline_95,AUCHAN Viseu,AUCHAN,gasoline_95,Gasolina simples 95,Outro,1.889,Viseu,Viseu,Qta. da Alagoa Estrada Nelas,Nelas,3500-606,40.63785,-7.908987,auchan viseu,auchan,qta. da alagoa estrada nelas,"1,889 €",2026-05-15_dgeg_postos_raw.csv,40d90e646b488106
2026-05-15,2026-05-15 14:31:32,2026-05-11 10:20:00,54404451077bf1ee,54404451077bf1ee_diesel_regular,CEPSA LORDELO,CEPSA,diesel_regular,Gasóleo simples,Outro,2.021,Paredes,Porto,EN 209 nº 3871,Lordelo,4584-908,41.239,-8.416,cepsa lordelo,cepsa,en 209 nº 3871,"2,021 €",2026-05-15_dgeg_postos_raw.csv,5eab104930444704
2026-05-15,2026-05-15 14:31:32,2026-05-11 10:20:00,54404451077bf1ee,54404451077bf1ee_diesel_premium,CEPSA LORDELO,CEPSA,diesel_premium,Gasóleo especial,Outro,2.071,Paredes,Porto,EN 209 nº 3871,Lordelo,4584-908,41.239,-8.416,cepsa lordelo,cepsa,en 209 nº 3871,"2,071 €",2026-05-15_dgeg_postos_raw.csv,153b0ef6b149655c
2026-05-15,2026-05-15 14:31:32,2026-05-11 10:20:00,54404451077bf1ee,54404451077bf1ee_gasoline_95,CEPSA LORDELO,CEPSA,gasoline_95,Gasolina simples 95,Outro,2.013,Paredes,Porto,EN 209 nº 3871,Lordelo,4584-908,41.239,-8.416,cepsa lordelo,cepsa,en 209 nº 3871,"2,013 €",2026-05-15_dgeg_postos_raw.csv,76e84a516a7e80ca
2026-05-15,2026-05-15 14:31:32,2026-05-11 10:20:00,54404451077bf1ee,54404451077bf1ee_gasoline_98,CEPSA LORDELO,CEPSA,gasoline_98,Gasolina especial 98,Outro,2.225,Paredes,Porto,EN 209 nº 3871,Lordelo,4584-908,41.239,-8.416,cepsa lordelo,cepsa,en 209 nº 3871,"2,225 €",2026-05-15_dgeg_postos_raw.csv,8d4ccd0dfe433ce8
2026-05-15,2026-05-15 14:31:32,2026-05-11 10:20:00,148ff537fd418397,148ff537fd418397_diesel_regular,E.S. ESPINHO CENTRO,REPSOL,diesel_regular,Gasóleo simples,Outro,2.079,Espinho,Aveiro,Av. 24 nº 316,Espinho,4500-203,41.0108,-8.63813,e.s. espinho centro,repsol,av. 24 nº 316,"2,079 €",2026-05-15_dgeg_postos_raw.csv,ba80a1764e8b92fa
2026-05-15,2026-05-15 14:31:32,2026-05-11 10:20:00,148ff537fd418397,148ff537fd418397_diesel_premium,E.S. ESPINHO CENTRO,REPSOL,diesel_premium,Gasóleo especial,Outro,2.149,Espinho,Aveiro,Av. 24 nº 316,Espinho,4500-203,41.0108,-8.63813,e.s. espinho centro,repsol,av. 24 nº 316,"2,149 €",2026-05-15_dgeg_postos_raw.csv,ee39c28dd499bbb3
2026-05-15,2026-05-15 14:31:32,2026-05-11 10:20:00,148ff537fd418397,148ff537fd418397_gasoline_95,E.S. ESPINHO CENTRO,REPSOL,gasoline_95,Gasolina simples 95,Outro,2.077,Espinho,Aveiro,Av. 24 nº 316,Espinho,4500-203,41.0108,-8.63813,e.s. espinho centro,repsol,av. 24 nº 316,"2,077 €",2026-05-15_dgeg_postos_raw.csv,f82bbcd72ccb1fab
2026-05-15,2026-05-15 14:31:32,2026-05-11 10:20:00,148ff537fd418397,148ff537fd418397_gasoline_98,E.S. ESPINHO CENTRO,REPSOL,gasoline_98,Gasolina especial 98,Outro,2.277,Espinho,Aveiro,Av. 24 nº 316,Espinho,4500-203,41.0108,-8.63813,e.s. espinho centro,repsol,av. 24 nº 316,"2,277 €",2026-05-15_dgeg_postos_raw.csv,153d20c54ff10e7c
2026-05-15,2026-05-15 14:31:32,2026-05-11 10:20:00,eccdd1fc99da1d24,eccdd1fc99da1d24_diesel_regular,GALP Fátima (Minde-Fátima) - 13048,GALP,diesel_regular,Gasóleo simples,Outro,2.078,Ourém,Santarém,"E.N. 360, Km 81,8",Cova da Iria,2495-408,39.622623,-8.664017,galp fátima (minde-fátima) - 13048,galp,"e.n. 360, km 81,8","2,078 €",2026-05-15_dgeg_postos_raw.csv,c089c90154b6e363
2026-05-15,2026-05-15 14:31:32,2026-05-11 10:20:00,eccdd1fc99da1d24,eccdd1fc99da1d24_diesel_premium,GALP Fátima (Minde-Fátima) - 13048,GALP,diesel_premium,Gasóleo especial,Outro,2.133,Ourém,Santarém,"E.N. 360, Km 81,8",Cova da Iria,2495-408,39.622623,-8.664017,galp fátima (minde-fátima) - 13048,galp,"e.n. 360, km 81,8","2,133 €",2026-05-15_dgeg_postos_raw.csv,9aef7090451b5dac
2026-05-15,2026-05-15 14:31:32,2026-05-11 10:20:00,eccdd1fc99da1d24,eccdd1fc99da1d24_gasoline_95,GALP Fátima (Minde-Fátima) - 13048,GALP,gasoline_95,Gasolina simples 95,Outro,2.072,Ourém,Santarém,"E.N. 360, Km 81,8",Cova da Iria,2495-408,39.622623,-8.664017,galp fátima (minde-fátima) - 13048,galp,"e.n. 360, km 81,8","2,072 €",2026-05-15_dgeg_postos_raw.csv,85566057b6bb5459
2026-05-15,2026-05-15 14:31:32,2026-05-11 10:20:00,564834cbfac3d888,564834cbfac3d888_diesel_regular,Rua da Cooperativa - Amieiro,GALP,diesel_regular,Gasóleo simples,Outro,2.009,Montemor-o-Velho,Coimbra,Rua da Cooperativa,Amieiro,3140-021,40.25608,-8.66461,rua da cooperativa - amieiro,galp,rua da cooperativa,"2,009 €",2026-05-15_dgeg_postos_raw.csv,618551a547add846
2026-05-15,2026-05-15 14:31:32,2026-05-11 10:20:00,564834cbfac3d888,564834cbfac3d888_gasoline_95,Rua da Cooperativa - Amieiro,GALP,gasoline_95,Gasolina simples 95,Outro,2.012,Montemor-o-Velho,Coimbra,Rua da Cooperativa,Amieiro,3140-021,40.25608,-8.66461,rua da cooperativa - amieiro,galp,rua da cooperativa,"2,012 €",2026-05-15_dgeg_postos_raw.csv,7d844632a31b275f
2026-05-15,2026-05-15 14:31:32,2026-05-11 10:20:00,564834cbfac3d888,564834cbfac3d888_diesel_premium,Rua da Cooperativa - Amieiro,GALP,diesel_premium,Gasóleo especial,Outro,2.029,Montemor-o-Velho,Coimbra,Rua da Cooperativa,Amieiro,3140-021,40.25608,-8.66461,rua da cooperativa - amieiro,galp,rua da cooperativa,"2,029 €",2026-05-15_dgeg_postos_raw.csv,ba88b12ebc436a21
2026-05-15,2026-05-15 14:31:32,2026-05-11 10:20:00,135ed21b1e5aabf4,135ed21b1e5aabf4_diesel_regular,PA Vale da Pedra - Cartaxo,Genérico,diesel_regular,Gasóleo simples,Outro,1.806,Cartaxo,Santarém,Rua 25 de Abril 222,Vale da Pedra,2070-719,39.10955,-8.805804,pa vale da pedra - cartaxo,genérico,rua 25 de abril 222,"1,806 €",2026-05-15_dgeg_postos_raw.csv,1a57e0b264614751
2026-05-15,2026-05-15 14:31:32,2026-05-11 10:20:00,135ed21b1e5aabf4,135ed21b1e5aabf4_diesel_premium,PA Vale da Pedra - Cartaxo,Genérico,diesel_premium,Gasóleo especial,Outro,1.846,Cartaxo,Santarém,Rua 25 de Abril 222,Vale da Pedra,2070-719,39.10955,-8.805804,pa vale da pedra - cartaxo,genérico,rua 25 de abril 222,"1,846 €",2026-05-15_dgeg_postos_raw.csv,0f0392d5009d7fb2
2026-05-15,2026-05-15 14:31:32,2026-05-11 10:20:00,135ed21b1e5aabf4,135ed21b1e5aabf4_gasoline_95,PA Vale da Pedra - Cartaxo,Genérico,gasoline_95,Gasolina simples 95,Outro,1.886,Cartaxo,Santarém,Rua 25 de Abril 222,Vale da Pedra,2070-719,39.10955,-8.805804,pa vale da pedra - cartaxo,genérico,rua 25 de abril 222,"1,886 €",2026-05-15_dgeg_postos_raw.csv,c4577441f1c803dc
2026-05-15,2026-05-15 14:31:32,2026-05-11 10:20:00,6b5c0add416d4c42,6b5c0add416d4c42_diesel_regular,PA Coop São Mamede da Ventosa,Genérico,diesel_regular,Gasóleo simples,Outro,1.897,Torres Vedras,Lisboa,"Avenida 10 de Junho, Nº8 - Ventosa",Arneiros,2565-831,39.05678,-9.322936,pa coop são mamede da ventosa,genérico,"avenida 10 de junho, nº8 - ventosa","1,897 €",2026-05-15_dgeg_postos_raw.csv,8488c33c5d7765a4
2026-05-15,2026-05-15 14:31:32,2026-05-11 10:20:00,a0f34ec5394b6a01,a0f34ec5394b6a01_diesel_regular,PA São Mamede (Carbuiberia P13),Genérico,diesel_regular,Gasóleo simples,Outro,1.896,Batalha,Leiria,Estrada de Mira de Aire - São Mamede,São Mamede,2495-032,39.61768,-8.71922,pa são mamede (carbuiberia p13),genérico,estrada de mira de aire - são mamede,"1,896 €",2026-05-15_dgeg_postos_raw.csv,ce93de39bb4ad935
2026-05-15,2026-05-15 14:31:32,2026-05-11 10:20:00,a0f34ec5394b6a01,a0f34ec5394b6a01_diesel_premium,PA São Mamede (Carbuiberia P13),Genérico,diesel_premium,Gasóleo especial,Outro,1.918,Batalha,Leiria,Estrada de Mira de Aire - São Mamede,São Mamede,2495-032,39.61768,-8.71922,pa são mamede (carbuiberia p13),genérico,estrada de mira de aire - são mamede,"1,918 €",2026-05-15_dgeg_postos_raw.csv,5c9368548021c770
2026-05-15,2026-05-15 14:31:32,2026-05-11 10:20:00,a0f34ec5394b6a01,a0f34ec5394b6a01_gasoline_95,PA São Mamede (Carbuiberia P13),Genérico,gasoline_95,Gasolina simples 95,Outro,1.947,Batalha,Leiria,Estrada de Mira de Aire - São Mamede,São Mamede,2495-032,39.61768,-8.71922,pa são mamede (carbuiberia p13),genérico,estrada de mira de aire - são mamede,"1,947 €",2026-05-15_dgeg_postos_raw.csv,d1f87499c1a95737
2026-05-15,2026-05-15 14:31:32,2026-05-11 10:20:00,3cf827f8cf80f99b,3cf827f8cf80f99b_diesel_regular,PA Sabacheira  (Vale dos Ovos),Genérico,diesel_regular,Gasóleo simples,Outro,1.896,Tomar,Santarém,"EN113, Chão de Maças - Gare n° 77 - Vale de Ovos",Sabacheira,2305-622,39.65763,-8.49404,pa sabacheira (vale dos ovos),genérico,"en113, chão de maças - gare n° 77 - vale de ovos","1,896 €",2026-05-15_dgeg_postos_raw.csv,4e519eeeca770d4e
2026-05-15,2026-05-15 14:31:32,2026-05-11 10:20:00,3cf827f8cf80f99b,3cf827f8cf80f99b_diesel_premium,PA Sabacheira  (Vale dos Ovos),Genérico,diesel_premium,Gasóleo especial,Outro,1.921,Tomar,Santarém,"EN113, Chão de Maças - Gare n° 77 - Vale de Ovos",Sabacheira,2305-622,39.65763,-8.49404,pa sabacheira (vale dos ovos),genérico,"en113, chão de maças - gare n° 77 - vale de ovos","1,921 €",2026-05-15_dgeg_postos_raw.csv,a5914c72f73e2ac5
2026-05-15,2026-05-15 14:31:32,2026-05-11 10:20:00,3cf827f8cf80f99b,3cf827f8cf80f99b_gasoline_95,PA Sabacheira  (Vale dos Ovos),Genérico,gasoline_95,Gasolina simples 95,Outro,1.917,Tomar,Santarém,"EN113, Chão de Maças - Gare n° 77 - Vale de Ovos",Sabacheira,2305-622,39.65763,-8.49404,pa sabacheira (vale dos ovos),genérico,"en113, chão de maças - gare n° 77 - vale de ovos","1,917 €",2026-05-15_dgeg_postos_raw.csv,9d43d42d8ae2b6af
2026-05-15,2026-05-15 14:31:32,2026-05-11 10:20:00,fa74c7a7a841522f,fa74c7a7a841522f_diesel_regular,PA Pinhal Fanheiro (Carbuiberia P04),Genérico,diesel_regular,Gasóleo simples,Outro,1.877,Alcobaça,Leiria,Pinhal Fanheiro,Bárrio,2460-302,39.54997,-9.0175,pa pinhal fanheiro (carbuiberia p04),genérico,pinhal fanheiro,"1,877 €",2026-05-15_dgeg_postos_raw.csv,87b4fe23208cabcc
2026-05-15,2026-05-15 14:31:32,2026-05-11 10:20:00,fa74c7a7a841522f,fa74c7a7a841522f_gasoline_95,PA Pinhal Fanheiro (Carbuiberia P04),Genérico,gasoline_95,Gasolina simples 95,Outro,1.896,Alcobaça,Leiria,Pinhal Fanheiro,Bárrio,2460-302,39.54997,-9.0175,pa pinhal fanheiro (carbuiberia p04),genérico,pinhal fanheiro,"1,896 €",2026-05-15_dgeg_postos_raw.csv,4c7ee4b965b256f6
2026-05-15,2026-05-15 14:31:32,2026-05-11 10:20:00,4d269f0477a7add3,4d269f0477a7add3_diesel_regular,PA Tremês,Genérico,diesel_regular,Gasóleo simples,Outro,1.948,Santarém,Santarém,Rua Capitão Salgueiro Maia,Santos,2025-510,39.36942,-8.721954,pa tremês,genérico,rua capitão salgueiro maia,"1,948 €",2026-05-15_dgeg_postos_raw.csv,7aee4deebf44be21
2026-05-15,2026-05-15 14:31:32,2026-05-11 10:20:00,4d269f0477a7add3,4d269f0477a7add3_diesel_premium,PA Tremês,Genérico,diesel_premium,Gasóleo especial,Outro,1.978,Santarém,Santarém,Rua Capitão Salgueiro Maia,Santos,2025-510,39.36942,-8.721954,pa tremês,genérico,rua capitão salgueiro maia,"1,978 €",2026-05-15_dgeg_postos_raw.csv,93a607942755cc0f
2026-05-15,2026-05-15 14:31:32,2026-05-11 10:20:00,4d269f0477a7add3,4d269f0477a7add3_gasoline_95,PA Tremês,Genérico,gasoline_95,Gasolina simples 95,Outro,1.98,Santarém,Santarém,Rua Capitão Salgueiro Maia,Santos,2025-510,39.36942,-8.721954,pa tremês,genérico,rua capitão salgueiro maia,"1,980 €",2026-05-15_dgeg_postos_raw.csv,906606e6274d3837
2026-05-15,2026-05-15 14:31:32,2026-05-11 10:20:00,bedd6157f106a483,bedd6157f106a483_diesel_regular,PA Ourém - Casal do Ribeiro (Carbuiberia P29),Genérico,diesel_regular,Gasóleo simples,Outro,1.846,Ourém,Santarém,"Rua da Ponte, 30",Casal do Ribeiro,2435-522,39.7457,-8.51837,pa ourém - casal do ribeiro (carbuiberia p29),genérico,"rua da ponte, 30","1,846 €",2026-05-15_dgeg_postos_raw.csv,6a9e073e87dcb1f5
2026-05-15,2026-05-15 14:31:32,2026-05-11 10:20:00,bedd6157f106a483,bedd6157f106a483_gasoline_95,PA Ourém - Casal do Ribeiro (Carbuiberia P29),Genérico,gasoline_95,Gasolina simples 95,Outro,1.914,Ourém,Santarém,"Rua da Ponte, 30",Casal do Ribeiro,2435-522,39.7457,-8.51837,pa ourém - casal do ribeiro (carbuiberia p29),genérico,"rua da ponte, 30","1,914 €",2026-05-15_dgeg_postos_raw.csv,4bd2eb09144f3838
2026-05-15,2026-05-15 14:31:32,2026-05-11 10:20:00,342ee7c0343a1965,342ee7c0343a1965_diesel_regular,"INTER FERNÃO FERRO SUPERMERCADOS, LDA.",INTERMARCHÉ,diesel_regular,Gasóleo simples,Outro,1.899,Seixal,Setúbal,Av. 10 de JunhoR. Casa Branca - Edificio Intermarche,Fernão Ferro,2865-015,38.56258,-9.07403,"inter fernão ferro supermercados, lda.",intermarché,av. 10 de junhor. casa branca - edificio intermarche,"1,899 €",2026-05-15_dgeg_postos_raw.csv,11768334775862f5
2026-05-15,2026-05-15 14:31:32,2026-05-11 10:20:00,342ee7c0343a1965,342ee7c0343a1965_diesel_premium,"INTER FERNÃO FERRO SUPERMERCADOS, LDA.",INTERMARCHÉ,diesel_premium,Gasóleo especial,Outro,1.929,Seixal,Setúbal,Av. 10 de JunhoR. Casa Branca - Edificio Intermarche,Fernão Ferro,2865-015,38.56258,-9.07403,"inter fernão ferro supermercados, lda.",intermarché,av. 10 de junhor. casa branca - edificio intermarche,"1,929 €",2026-05-15_dgeg_postos_raw.csv,76f36d16d8d1aabf
2026-05-15,2026-05-15 14:31:32,2026-05-11 10:20:00,342ee7c0343a1965,342ee7c0343a1965_gasoline_95,"INTER FERNÃO FERRO SUPERMERCADOS, LDA.",INTERMARCHÉ,gasoline_95,Gasolina simples 95,Outro,1.989,Seixal,Setúbal,Av. 10 de JunhoR. Casa Branca - Edificio Intermarche,Fernão Ferro,2865-015,38.56258,-9.07403,"inter fernão ferro supermercados, lda.",intermarché,av. 10 de junhor. casa branca - edificio intermarche,"1,989 €",2026-05-15_dgeg_postos_raw.csv,33fc2dffc2c41466
2026-05-15,2026-05-15 14:31:32,2026-05-11 10:20:00,bedd6157f106a483,bedd6157f106a483_diesel_premium,PA Ourém - Casal do Ribeiro (Carbuiberia P29),Genérico,diesel_premium,Gasóleo especial,Outro,1.871,Ourém,Santarém,"Rua da Ponte, 30",Casal do Ribeiro,2435-522,39.7457,-8.51837,pa ourém - casal do ribeiro (carbuiberia p29),genérico,"rua da ponte, 30","1,871 €",2026-05-15_dgeg_postos_raw.csv,cff48a40aa3e5d53
2026-05-15,2026-05-15 14:31:32,2026-05-11 10:20:00,fa74c7a7a841522f,fa74c7a7a841522f_diesel_premium,PA Pinhal Fanheiro (Carbuiberia P04),Genérico,diesel_premium,Gasóleo especial,Outro,1.927,Alcobaça,Leiria,Pinhal Fanheiro,Bárrio,2460-302,39.54997,-9.0175,pa pinhal fanheiro (carbuiberia p04),genérico,pinhal fanheiro,"1,927 €",2026-05-15_dgeg_postos_raw.csv,faf9bbd62471605a
2026-05-15,2026-05-15 14:31:32,2026-05-11 10:25:00,70f58e5848219aa0,70f58e5848219aa0_diesel_regular,Galp Touça,GALP,diesel_regular,Gasóleo simples,Outro,2.089,Vila Nova de Foz Côa,Guarda,"EN 222, KM 197",Touça,5155-802,41.04822,-7.2355,galp touça,galp,"en 222, km 197","2,089 €",2026-05-15_dgeg_postos_raw.csv,92066652b3dbdabf
2026-05-15,2026-05-15 14:31:32,2026-05-11 10:25:00,70f58e5848219aa0,70f58e5848219aa0_diesel_premium,Galp Touça,GALP,diesel_premium,Gasóleo especial,Outro,2.109,Vila Nova de Foz Côa,Guarda,"EN 222, KM 197",Touça,5155-802,41.04822,-7.2355,galp touça,galp,"en 222, km 197","2,109 €",2026-05-15_dgeg_postos_raw.csv,30bb2a0fb43dc068
2026-05-15,2026-05-15 14:31:32,2026-05-11 10:25:00,70f58e5848219aa0,70f58e5848219aa0_gasoline_95,Galp Touça,GALP,gasoline_95,Gasolina simples 95,Outro,2.119,Vila Nova de Foz Côa,Guarda,"EN 222, KM 197",Touça,5155-802,41.04822,-7.2355,galp touça,galp,"en 222, km 197","2,119 €",2026-05-15_dgeg_postos_raw.csv,f70f6b24c206a805
2026-05-15,2026-05-15 14:31:32,2026-05-11 10:25:00,4704a1ab676ccd94,4704a1ab676ccd94_diesel_regular,E.S. OUCA,REPSOL,diesel_regular,Gasóleo simples,Outro,2.029,Vagos,Aveiro,"Rua da Estrada, nº14",Ouca,3840-302,40.52158,-8.64768,e.s. ouca,repsol,"rua da estrada, nº14","2,029 €",2026-05-15_dgeg_postos_raw.csv,6e30b7fb50438419
2026-05-15,2026-05-15 14:31:32,2026-05-11 10:25:00,4704a1ab676ccd94,4704a1ab676ccd94_diesel_premium,E.S. OUCA,REPSOL,diesel_premium,Gasóleo especial,Outro,2.149,Vagos,Aveiro,"Rua da Estrada, nº14",Ouca,3840-302,40.52158,-8.64768,e.s. ouca,repsol,"rua da estrada, nº14","2,149 €",2026-05-15_dgeg_postos_raw.csv,f8120c315995976e
2026-05-15,2026-05-15 14:31:32,2026-05-11 10:25:00,4704a1ab676ccd94,4704a1ab676ccd94_gasoline_95,E.S. OUCA,REPSOL,gasoline_95,Gasolina simples 95,Outro,2.077,Vagos,Aveiro,"Rua da Estrada, nº14",Ouca,3840-302,40.52158,-8.64768,e.s. ouca,repsol,"rua da estrada, nº14","2,077 €",2026-05-15_dgeg_postos_raw.csv,1ba86b6bdf6f289a
2026-05-15,2026-05-15 14:31:32,2026-05-11 10:25:00,c1917d2ea98991ae,c1917d2ea98991ae_diesel_regular,GALP Fornos de Algodres,GALP,diesel_regular,Gasóleo simples,Outro,2.015,Fornos de Algodres,Guarda,E.N. 16 Ponte de Juncais,Ponte de Juncais,6370-333,40.613384,-7.522135,galp fornos de algodres,galp,e.n. 16 ponte de juncais,"2,015 €",2026-05-15_dgeg_postos_raw.csv,f8f9b037bd58dcc1
2026-05-15,2026-05-15 14:31:32,2026-05-11 10:25:00,c1917d2ea98991ae,c1917d2ea98991ae_diesel_premium,GALP Fornos de Algodres,GALP,diesel_premium,Gasóleo especial,Outro,2.065,Fornos de Algodres,Guarda,E.N. 16 Ponte de Juncais,Ponte de Juncais,6370-333,40.613384,-7.522135,galp fornos de algodres,galp,e.n. 16 ponte de juncais,"2,065 €",2026-05-15_dgeg_postos_raw.csv,89cc9372c695e5fb
2026-05-15,2026-05-15 14:31:32,2026-05-11 10:25:00,c1917d2ea98991ae,c1917d2ea98991ae_gasoline_95,GALP Fornos de Algodres,GALP,gasoline_95,Gasolina simples 95,Outro,2.011,Fornos de Algodres,Guarda,E.N. 16 Ponte de Juncais,Ponte de Juncais,6370-333,40.613384,-7.522135,galp fornos de algodres,galp,e.n. 16 ponte de juncais,"2,011 €",2026-05-15_dgeg_postos_raw.csv,c6b825740d905407
2026-05-15,2026-05-15 14:31:32,2026-05-11 10:25:00,cc30f5ebdad143ad,cc30f5ebdad143ad_diesel_regular,"ABSOLUTEFICAZ - COMBUSTÍVEIS, LDA (REPSOL-MATOSINHOS-AV.D.AFONSO HENRIQUES)",REPSOL,diesel_regular,Gasóleo simples,Outro,2.049,Matosinhos,Porto,"AV D. AFONSO HENRIQUES, 1580",Matosinhos,4450-013,41.17501,-8.681256,"absoluteficaz - combustíveis, lda (repsol-matosinhos-av.d.afonso henriques)",repsol,"av d. afonso henriques, 1580","2,049 €",2026-05-15_dgeg_postos_raw.csv,29be101931d89009
2026-05-15,2026-05-15 14:31:32,2026-05-11 10:25:00,cc30f5ebdad143ad,cc30f5ebdad143ad_diesel_premium,"ABSOLUTEFICAZ - COMBUSTÍVEIS, LDA (REPSOL-MATOSINHOS-AV.D.AFONSO HENRIQUES)",REPSOL,diesel_premium,Gasóleo especial,Outro,2.119,Matosinhos,Porto,"AV D. AFONSO HENRIQUES, 1580",Matosinhos,4450-013,41.17501,-8.681256,"absoluteficaz - combustíveis, lda (repsol-matosinhos-av.d.afonso henriques)",repsol,"av d. afonso henriques, 1580","2,119 €",2026-05-15_dgeg_postos_raw.csv,9c3c83216e82f8af
2026-05-15,2026-05-15 14:31:32,2026-05-11 10:25:00,cc30f5ebdad143ad,cc30f5ebdad143ad_gasoline_95,"ABSOLUTEFICAZ - COMBUSTÍVEIS, LDA (REPSOL-MATOSINHOS-AV.D.AFONSO HENRIQUES)",REPSOL,gasoline_95,Gasolina simples 95,Outro,2.047,Matosinhos,Porto,"AV D. AFONSO HENRIQUES, 1580",Matosinhos,4450-013,41.17501,-8.681256,"absoluteficaz - combustíveis, lda (repsol-matosinhos-av.d.afonso henriques)",repsol,"av d. afonso henriques, 1580","2,047 €",2026-05-15_dgeg_postos_raw.csv,dfb73631854ddaa7
2026-05-15,2026-05-15 14:31:32,2026-05-11 10:25:00,cc30f5ebdad143ad,cc30f5ebdad143ad_gasoline_98,"ABSOLUTEFICAZ - COMBUSTÍVEIS, LDA (REPSOL-MATOSINHOS-AV.D.AFONSO HENRIQUES)",REPSOL,gasoline_98,Gasolina especial 98,Outro,2.247,Matosinhos,Porto,"AV D. AFONSO HENRIQUES, 1580",Matosinhos,4450-013,41.17501,-8.681256,"absoluteficaz - combustíveis, lda (repsol-matosinhos-av.d.afonso henriques)",repsol,"av d. afonso henriques, 1580","2,247 €",2026-05-15_dgeg_postos_raw.csv,2c577f5f287364af
2026-05-15,2026-05-15 14:31:32,2026-05-11 10:25:00,2be3ff76bebf4114,2be3ff76bebf4114_diesel_regular,"ABSOLUTEFICAZ - COMBUSTÍVEIS, LDA (REPSOL-ERMESINDE-AV.JOÃO DE DEUS)",REPSOL,diesel_regular,Gasóleo simples,Outro,2.029,Valongo,Porto,"AVENIDA JOÃO DE DEUS, LOTE A",Ermesinde,4445-474,41.20791,-8.55593,"absoluteficaz - combustíveis, lda (repsol-ermesinde-av.joão de deus)",repsol,"avenida joão de deus, lote a","2,029 €",2026-05-15_dgeg_postos_raw.csv,3bb28462b4bf7322
2026-05-15,2026-05-15 14:31:32,2026-05-11 10:25:00,2be3ff76bebf4114,2be3ff76bebf4114_diesel_premium,"ABSOLUTEFICAZ - COMBUSTÍVEIS, LDA (REPSOL-ERMESINDE-AV.JOÃO DE DEUS)",REPSOL,diesel_premium,Gasóleo especial,Outro,2.089,Valongo,Porto,"AVENIDA JOÃO DE DEUS, LOTE A",Ermesinde,4445-474,41.20791,-8.55593,"absoluteficaz - combustíveis, lda (repsol-ermesinde-av.joão de deus)",repsol,"avenida joão de deus, lote a","2,089 €",2026-05-15_dgeg_postos_raw.csv,688a09b47fb2f6d5
2026-05-15,2026-05-15 14:31:32,2026-05-11 10:25:00,2be3ff76bebf4114,2be3ff76bebf4114_gasoline_95,"ABSOLUTEFICAZ - COMBUSTÍVEIS, LDA (REPSOL-ERMESINDE-AV.JOÃO DE DEUS)",REPSOL,gasoline_95,Gasolina simples 95,Outro,2.027,Valongo,Porto,"AVENIDA JOÃO DE DEUS, LOTE A",Ermesinde,4445-474,41.20791,-8.55593,"absoluteficaz - combustíveis, lda (repsol-ermesinde-av.joão de deus)",repsol,"avenida joão de deus, lote a","2,027 €",2026-05-15_dgeg_postos_raw.csv,a7cf9903eb26f2b0
2026-05-15,2026-05-15 14:31:32,2026-05-11 10:25:00,282375021ef0a9f0,282375021ef0a9f0_diesel_regular,Galp Vouzela,GALP,diesel_regular,Gasóleo simples,Outro,2.025,Vouzela,Viseu,Variante de Vouzela,Vouzela,3670-234,40.72417,-8.110905,galp vouzela,galp,variante de vouzela,"2,025 €",2026-05-15_dgeg_postos_raw.csv,668cee0e24aa4aa8
2026-05-15,2026-05-15 14:31:32,2026-05-11 10:25:00,282375021ef0a9f0,282375021ef0a9f0_diesel_premium,Galp Vouzela,GALP,diesel_premium,Gasóleo especial,Outro,2.075,Vouzela,Viseu,Variante de Vouzela,Vouzela,3670-234,40.72417,-8.110905,galp vouzela,galp,variante de vouzela,"2,075 €",2026-05-15_dgeg_postos_raw.csv,3aafd7e1f944f43e
2026-05-15,2026-05-15 14:31:32,2026-05-11 10:25:00,282375021ef0a9f0,282375021ef0a9f0_gasoline_95,Galp Vouzela,GALP,gasoline_95,Gasolina simples 95,Outro,2.021,Vouzela,Viseu,Variante de Vouzela,Vouzela,3670-234,40.72417,-8.110905,galp vouzela,galp,variante de vouzela,"2,021 €",2026-05-15_dgeg_postos_raw.csv,92c5b30c2373f21e
2026-05-15,2026-05-15 14:31:32,2026-05-11 10:25:00,c006e17e3196c248,c006e17e3196c248_gasoline_98,FREITAS Ribeira do Neiva,FREITAS,gasoline_98,Gasolina especial 98,Outro,2.169,Vila Verde,Braga,Lugar do Borral,Rio Mau,4730-423,41.68995,-8.504931,freitas ribeira do neiva,freitas,lugar do borral,"2,169 €",2026-05-15_dgeg_postos_raw.csv,6738158150b1a77d
2026-05-15,2026-05-15 14:31:32,2026-05-11 10:25:00,6e8e4f1d6cff1dba,6e8e4f1d6cff1dba_diesel_premium,CEPSA  Santar,CEPSA,diesel_premium,Gasóleo especial,Outro,2.016,Nelas,Viseu,"EN 231 km 14,750 - Recta Casal Sancho",Casal Sancho,3520-111,40.57122,-7.882231,cepsa santar,cepsa,"en 231 km 14,750 - recta casal sancho","2,016 €",2026-05-15_dgeg_postos_raw.csv,f8fdecaffa9e5f22
2026-05-15,2026-05-15 14:31:32,2026-05-11 10:25:00,6e8e4f1d6cff1dba,6e8e4f1d6cff1dba_diesel_regular,CEPSA  Santar,CEPSA,diesel_regular,Gasóleo simples,Outro,1.966,Nelas,Viseu,"EN 231 km 14,750 - Recta Casal Sancho",Casal Sancho,3520-111,40.57122,-7.882231,cepsa santar,cepsa,"en 231 km 14,750 - recta casal sancho","1,966 €",2026-05-15_dgeg_postos_raw.csv,2e0da1680ff01b5c
2026-05-15,2026-05-15 14:31:32,2026-05-11 10:25:00,6e8e4f1d6cff1dba,6e8e4f1d6cff1dba_gasoline_95,CEPSA  Santar,CEPSA,gasoline_95,Gasolina simples 95,Outro,1.958,Nelas,Viseu,"EN 231 km 14,750 - Recta Casal Sancho",Casal Sancho,3520-111,40.57122,-7.882231,cepsa santar,cepsa,"en 231 km 14,750 - recta casal sancho","1,958 €",2026-05-15_dgeg_postos_raw.csv,fe0c9999d304492e
2026-05-15,2026-05-15 14:31:32,2026-05-11 10:25:00,b19998aaebffe4ff,b19998aaebffe4ff_diesel_regular,E.S. S. JORGE BATALHA B,REPSOL,diesel_regular,Gasóleo simples,Outro,2.079,Batalha,Leiria,"IC2, nº17, Casal da Amieira",Batalha,2440-477,39.64344,-8.84351,e.s. s. jorge batalha b,repsol,"ic2, nº17, casal da amieira","2,079 €",2026-05-15_dgeg_postos_raw.csv,41527f28a4eaaf6c
2026-05-15,2026-05-15 14:31:32,2026-05-11 10:25:00,b19998aaebffe4ff,b19998aaebffe4ff_diesel_premium,E.S. S. JORGE BATALHA B,REPSOL,diesel_premium,Gasóleo especial,Outro,2.149,Batalha,Leiria,"IC2, nº17, Casal da Amieira",Batalha,2440-477,39.64344,-8.84351,e.s. s. jorge batalha b,repsol,"ic2, nº17, casal da amieira","2,149 €",2026-05-15_dgeg_postos_raw.csv,0d358deb35e3fd5b
2026-05-15,2026-05-15 14:31:32,2026-05-11 10:25:00,b19998aaebffe4ff,b19998aaebffe4ff_gasoline_95,E.S. S. JORGE BATALHA B,REPSOL,gasoline_95,Gasolina simples 95,Outro,2.067,Batalha,Leiria,"IC2, nº17, Casal da Amieira",Batalha,2440-477,39.64344,-8.84351,e.s. s. jorge batalha b,repsol,"ic2, nº17, casal da amieira","2,067 €",2026-05-15_dgeg_postos_raw.csv,61273856969098cf
2026-05-15,2026-05-15 14:31:32,2026-05-11 10:25:00,b19998aaebffe4ff,b19998aaebffe4ff_gasoline_98,E.S. S. JORGE BATALHA B,REPSOL,gasoline_98,Gasolina especial 98,Outro,2.267,Batalha,Leiria,"IC2, nº17, Casal da Amieira",Batalha,2440-477,39.64344,-8.84351,e.s. s. jorge batalha b,repsol,"ic2, nº17, casal da amieira","2,267 €",2026-05-15_dgeg_postos_raw.csv,02609df68087c361
2026-05-15,2026-05-15 14:31:32,2026-05-11 10:25:00,c006e17e3196c248,c006e17e3196c248_diesel_regular,FREITAS Ribeira do Neiva,FREITAS,diesel_regular,Gasóleo simples,Outro,1.989,Vila Verde,Braga,Lugar do Borral,Rio Mau,4730-423,41.68995,-8.504931,freitas ribeira do neiva,freitas,lugar do borral,"1,989 €",2026-05-15_dgeg_postos_raw.csv,f1bcbcdf9399f28c
2026-05-15,2026-05-15 14:31:32,2026-05-11 10:25:00,c006e17e3196c248,c006e17e3196c248_diesel_premium,FREITAS Ribeira do Neiva,FREITAS,diesel_premium,Gasóleo especial,Outro,2.019,Vila Verde,Braga,Lugar do Borral,Rio Mau,4730-423,41.68995,-8.504931,freitas ribeira do neiva,freitas,lugar do borral,"2,019 €",2026-05-15_dgeg_postos_raw.csv,7bb417b7154e4e66
2026-05-15,2026-05-15 14:31:32,2026-05-11 10:25:00,c006e17e3196c248,c006e17e3196c248_gasoline_95,FREITAS Ribeira do Neiva,FREITAS,gasoline_95,Gasolina simples 95,Outro,1.989,Vila Verde,Braga,Lugar do Borral,Rio Mau,4730-423,41.68995,-8.504931,freitas ribeira do neiva,freitas,lugar do borral,"1,989 €",2026-05-15_dgeg_postos_raw.csv,cdc1a5e95f128db7
2026-05-15,2026-05-15 14:31:32,2026-05-11 10:25:00,157a99c7b162118a,157a99c7b162118a_diesel_regular,REBORDOSA,CEPSA,diesel_regular,Gasóleo simples,Outro,1.966,Paredes,Porto,Av. Bombeiros Voluntário - Lugar de Aboim\r\n,Rebordosa,4580-000,41.216102,-8.415759,rebordosa,cepsa,av. bombeiros voluntário - lugar de aboim\r\n,"1,966 €",2026-05-15_dgeg_postos_raw.csv,ec37802d0d82f97b
2026-05-15,2026-05-15 14:31:32,2026-05-11 10:25:00,157a99c7b162118a,157a99c7b162118a_diesel_premium,REBORDOSA,CEPSA,diesel_premium,Gasóleo especial,Outro,2.016,Paredes,Porto,Av. Bombeiros Voluntário - Lugar de Aboim\r\n,Rebordosa,4580-000,41.216102,-8.415759,rebordosa,cepsa,av. bombeiros voluntário - lugar de aboim\r\n,"2,016 €",2026-05-15_dgeg_postos_raw.csv,3e2568da3d4d5e44
2026-05-15,2026-05-15 14:31:32,2026-05-11 10:25:00,157a99c7b162118a,157a99c7b162118a_gasoline_95,REBORDOSA,CEPSA,gasoline_95,Gasolina simples 95,Outro,1.958,Paredes,Porto,Av. Bombeiros Voluntário - Lugar de Aboim\r\n,Rebordosa,4580-000,41.216102,-8.415759,rebordosa,cepsa,av. bombeiros voluntário - lugar de aboim\r\n,"1,958 €",2026-05-15_dgeg_postos_raw.csv,357408e85f2aaa6c
2026-05-15,2026-05-15 14:31:32,2026-05-11 10:30:00,c24b3a99eb4d7bb7,c24b3a99eb4d7bb7_diesel_regular,E.S. LOUROSA,REPSOL,diesel_regular,Gasóleo simples,Outro,2.029,Santa Maria da Feira,Aveiro,EN 1,"Areal, S.João de Ver",4536-909,40.96628,-8.53771,e.s. lourosa,repsol,en 1,"2,029 €",2026-05-15_dgeg_postos_raw.csv,43fe0a4a2f35a597
2026-05-15,2026-05-15 14:31:32,2026-05-11 10:30:00,c24b3a99eb4d7bb7,c24b3a99eb4d7bb7_diesel_premium,E.S. LOUROSA,REPSOL,diesel_premium,Gasóleo especial,Outro,2.089,Santa Maria da Feira,Aveiro,EN 1,"Areal, S.João de Ver",4536-909,40.96628,-8.53771,e.s. lourosa,repsol,en 1,"2,089 €",2026-05-15_dgeg_postos_raw.csv,c567fe2812287865
2026-05-15,2026-05-15 14:31:32,2026-05-11 10:30:00,c24b3a99eb4d7bb7,c24b3a99eb4d7bb7_gasoline_95,E.S. LOUROSA,REPSOL,gasoline_95,Gasolina simples 95,Outro,2.027,Santa Maria da Feira,Aveiro,EN 1,"Areal, S.João de Ver",4536-909,40.96628,-8.53771,e.s. lourosa,repsol,en 1,"2,027 €",2026-05-15_dgeg_postos_raw.csv,8c80d843d792417b
2026-05-15,2026-05-15 14:31:32,2026-05-11 10:30:00,c24b3a99eb4d7bb7,c24b3a99eb4d7bb7_gasoline_98,E.S. LOUROSA,REPSOL,gasoline_98,Gasolina especial 98,Outro,2.217,Santa Maria da Feira,Aveiro,EN 1,"Areal, S.João de Ver",4536-909,40.96628,-8.53771,e.s. lourosa,repsol,en 1,"2,217 €",2026-05-15_dgeg_postos_raw.csv,6c4ebfd85bf69065
2026-05-15,2026-05-15 14:31:32,2026-05-11 10:30:00,fff7955fc1e7b214,fff7955fc1e7b214_diesel_regular,E.S. VALEGA A,REPSOL,diesel_regular,Gasóleo simples,Outro,2.019,Ovar,Aveiro,"EN 109 Km 39,5",Areeiro - Válega - Ovar,3880-000,40.82543,-8.57965,e.s. valega a,repsol,"en 109 km 39,5","2,019 €",2026-05-15_dgeg_postos_raw.csv,3aee03a63ea3965b
2026-05-15,2026-05-15 14:31:32,2026-05-11 10:30:00,fff7955fc1e7b214,fff7955fc1e7b214_gasoline_95,E.S. VALEGA A,REPSOL,gasoline_95,Gasolina simples 95,Outro,2.017,Ovar,Aveiro,"EN 109 Km 39,5",Areeiro - Válega - Ovar,3880-000,40.82543,-8.57965,e.s. valega a,repsol,"en 109 km 39,5","2,017 €",2026-05-15_dgeg_postos_raw.csv,1205cbb3d9f44509
2026-05-15,2026-05-15 14:31:32,2026-05-11 10:30:00,fef761879f673734,fef761879f673734_diesel_regular,E.S. VALEGA B,REPSOL,diesel_regular,Gasóleo simples,Outro,2.019,Ovar,Aveiro,"EN 109 Km 39,5",Areeiro - Válega - Ovar,3880-000,40.82515,-8.57979,e.s. valega b,repsol,"en 109 km 39,5","2,019 €",2026-05-15_dgeg_postos_raw.csv,f1459dbe9799ee56
2026-05-15,2026-05-15 14:31:32,2026-05-11 10:30:00,fef761879f673734,fef761879f673734_gasoline_95,E.S. VALEGA B,REPSOL,gasoline_95,Gasolina simples 95,Outro,2.017,Ovar,Aveiro,"EN 109 Km 39,5",Areeiro - Válega - Ovar,3880-000,40.82515,-8.57979,e.s. valega b,repsol,"en 109 km 39,5","2,017 €",2026-05-15_dgeg_postos_raw.csv,7e13b6b8d2396fa3
2026-05-15,2026-05-15 14:31:32,2026-05-11 10:30:00,3979e0837373b535,3979e0837373b535_diesel_regular,CEPSA TROFA,CEPSA,diesel_regular,Gasóleo simples,Outro,1.936,Trofa,Porto,"Rua 16 de Maio, 978",Santiago do Bougado,4785-608,41.337166,-8.577859,cepsa trofa,cepsa,"rua 16 de maio, 978","1,936 €",2026-05-15_dgeg_postos_raw.csv,cb6ce20b0f61758d
2026-05-15,2026-05-15 14:31:32,2026-05-11 10:30:00,3979e0837373b535,3979e0837373b535_diesel_premium,CEPSA TROFA,CEPSA,diesel_premium,Gasóleo especial,Outro,2.036,Trofa,Porto,"Rua 16 de Maio, 978",Santiago do Bougado,4785-608,41.337166,-8.577859,cepsa trofa,cepsa,"rua 16 de maio, 978","2,036 €",2026-05-15_dgeg_postos_raw.csv,08bc9777beb063fc
2026-05-15,2026-05-15 14:31:32,2026-05-11 10:30:00,3979e0837373b535,3979e0837373b535_gasoline_95,CEPSA TROFA,CEPSA,gasoline_95,Gasolina simples 95,Outro,1.978,Trofa,Porto,"Rua 16 de Maio, 978",Santiago do Bougado,4785-608,41.337166,-8.577859,cepsa trofa,cepsa,"rua 16 de maio, 978","1,978 €",2026-05-15_dgeg_postos_raw.csv,cbf8e7638919b989
2026-05-15,2026-05-15 14:31:32,2026-05-11 10:30:00,519ab3be66a0818b,519ab3be66a0818b_diesel_premium,CEPSA  RIBEIRÃO,CEPSA,diesel_premium,Gasóleo especial,Outro,2.036,Vila Nova de Famalicão,Braga,"Rua Adelino Costa Campos, 57",Ribeirão,4760-717,41.357433,-8.562631,cepsa ribeirão,cepsa,"rua adelino costa campos, 57","2,036 €",2026-05-15_dgeg_postos_raw.csv,2dbc56f0235c2f85
2026-05-15,2026-05-15 14:31:32,2026-05-11 10:30:00,21b43c59a2fe89d5,21b43c59a2fe89d5_diesel_regular,BP Vilar Formoso (Norte),BP,diesel_regular,Gasóleo simples,Auto-estrada,2.104,Almeida,Guarda,A 25,Castelo Mendo,6355-051,40.605444,-6.952075,bp vilar formoso (norte),bp,a 25,"2,104 €",2026-05-15_dgeg_postos_raw.csv,317d9914c3af4d49
2026-05-15,2026-05-15 14:31:32,2026-05-11 10:30:00,21b43c59a2fe89d5,21b43c59a2fe89d5_diesel_premium,BP Vilar Formoso (Norte),BP,diesel_premium,Gasóleo especial,Auto-estrada,2.224,Almeida,Guarda,A 25,Castelo Mendo,6355-051,40.605444,-6.952075,bp vilar formoso (norte),bp,a 25,"2,224 €",2026-05-15_dgeg_postos_raw.csv,d087e25136a9d768
2026-05-15,2026-05-15 14:31:32,2026-05-11 10:30:00,21b43c59a2fe89d5,21b43c59a2fe89d5_gasoline_95,BP Vilar Formoso (Norte),BP,gasoline_95,Gasolina simples 95,Auto-estrada,2.099,Almeida,Guarda,A 25,Castelo Mendo,6355-051,40.605444,-6.952075,bp vilar formoso (norte),bp,a 25,"2,099 €",2026-05-15_dgeg_postos_raw.csv,d2b6150ea011895a
2026-05-15,2026-05-15 14:31:32,2026-05-11 10:30:00,21b43c59a2fe89d5,21b43c59a2fe89d5_gasoline_98,BP Vilar Formoso (Norte),BP,gasoline_98,Gasolina especial 98,Auto-estrada,2.299,Almeida,Guarda,A 25,Castelo Mendo,6355-051,40.605444,-6.952075,bp vilar formoso (norte),bp,a 25,"2,299 €",2026-05-15_dgeg_postos_raw.csv,9494479225c5dad1
2026-05-15,2026-05-15 14:31:32,2026-05-11 10:30:00,bd7119410efc964a,bd7119410efc964a_diesel_regular,Bp Vilar Formoso (Sul ),BP,diesel_regular,Gasóleo simples,Auto-estrada,2.104,Almeida,Guarda,A 25,Castelo Mendo,6355-051,40.603516,-6.952999,bp vilar formoso (sul ),bp,a 25,"2,104 €",2026-05-15_dgeg_postos_raw.csv,8614ffdfb3b99b02
2026-05-15,2026-05-15 14:31:32,2026-05-11 10:30:00,bd7119410efc964a,bd7119410efc964a_diesel_premium,Bp Vilar Formoso (Sul ),BP,diesel_premium,Gasóleo especial,Auto-estrada,2.224,Almeida,Guarda,A 25,Castelo Mendo,6355-051,40.603516,-6.952999,bp vilar formoso (sul ),bp,a 25,"2,224 €",2026-05-15_dgeg_postos_raw.csv,1b8f4e6121d0610f
2026-05-15,2026-05-15 14:31:32,2026-05-11 10:30:00,bd7119410efc964a,bd7119410efc964a_gasoline_95,Bp Vilar Formoso (Sul ),BP,gasoline_95,Gasolina simples 95,Auto-estrada,2.099,Almeida,Guarda,A 25,Castelo Mendo,6355-051,40.603516,-6.952999,bp vilar formoso (sul ),bp,a 25,"2,099 €",2026-05-15_dgeg_postos_raw.csv,a6b8d546116cd831
2026-05-15,2026-05-15 14:31:32,2026-05-11 10:30:00,bd7119410efc964a,bd7119410efc964a_gasoline_98,Bp Vilar Formoso (Sul ),BP,gasoline_98,Gasolina especial 98,Auto-estrada,2.299,Almeida,Guarda,A 25,Castelo Mendo,6355-051,40.603516,-6.952999,bp vilar formoso (sul ),bp,a 25,"2,299 €",2026-05-15_dgeg_postos_raw.csv,5207c4dd04cc6d2f
2026-05-15,2026-05-15 14:31:32,2026-05-11 10:30:00,26f7e327b0347c3d,26f7e327b0347c3d_gasoline_95,PA Bodiosa - Viseu,Genérico,gasoline_95,Gasolina simples 95,Outro,1.939,Viseu,Viseu,"EN 16, km 86,700 - Recta da Ribeira - Travanca da Bodiosa",Travanca da Bodiosa,3515-692,40.710724,-7.953193,pa bodiosa - viseu,genérico,"en 16, km 86,700 - recta da ribeira - travanca da bodiosa","1,939 €",2026-05-15_dgeg_postos_raw.csv,515c738f85f3dcd7
2026-05-15,2026-05-15 14:31:32,2026-05-11 10:30:00,096f63179b6d2e70,096f63179b6d2e70_gasoline_95,PA Alva,Genérico,gasoline_95,Gasolina simples 95,Outro,1.939,Castro Daire,Viseu,ESTRADA CARVALHA DE ALVA,Alva,3600-021,40.84792,-7.970101,pa alva,genérico,estrada carvalha de alva,"1,939 €",2026-05-15_dgeg_postos_raw.csv,08f977b949ef27b3
2026-05-15,2026-05-15 14:31:32,2026-05-11 10:30:00,b25063c4cd175bda,b25063c4cd175bda_diesel_regular,Galp TONDELA,GALP,diesel_regular,Gasóleo simples,Outro,2.065,Tondela,Viseu,Av. Visconde de Tondela,Tondela,3460-589,40.517345,-8.081781,galp tondela,galp,av. visconde de tondela,"2,065 €",2026-05-15_dgeg_postos_raw.csv,e3a82fa32cff7601
2026-05-15,2026-05-15 14:31:32,2026-05-11 10:30:00,b25063c4cd175bda,b25063c4cd175bda_diesel_premium,Galp TONDELA,GALP,diesel_premium,Gasóleo especial,Outro,2.115,Tondela,Viseu,Av. Visconde de Tondela,Tondela,3460-589,40.517345,-8.081781,galp tondela,galp,av. visconde de tondela,"2,115 €",2026-05-15_dgeg_postos_raw.csv,86bd0746df185f39
2026-05-15,2026-05-15 14:31:32,2026-05-11 10:30:00,b25063c4cd175bda,b25063c4cd175bda_gasoline_95,Galp TONDELA,GALP,gasoline_95,Gasolina simples 95,Outro,2.061,Tondela,Viseu,Av. Visconde de Tondela,Tondela,3460-589,40.517345,-8.081781,galp tondela,galp,av. visconde de tondela,"2,061 €",2026-05-15_dgeg_postos_raw.csv,1fe86c927f3fa796
2026-05-15,2026-05-15 14:31:32,2026-05-11 10:30:00,b25063c4cd175bda,b25063c4cd175bda_gasoline_98,Galp TONDELA,GALP,gasoline_98,Gasolina especial 98,Outro,2.271,Tondela,Viseu,Av. Visconde de Tondela,Tondela,3460-589,40.517345,-8.081781,galp tondela,galp,av. visconde de tondela,"2,271 €",2026-05-15_dgeg_postos_raw.csv,30cd8d6bec40d22b
2026-05-15,2026-05-15 14:31:32,2026-05-11 10:30:00,1865ae5f734c7a50,1865ae5f734c7a50_diesel_regular,Galp SANTA COMBA DÃO,GALP,diesel_regular,Gasóleo simples,Outro,2.028,Santa Comba Dão,Viseu,P. Galp-Av General Humberto Delgado,Santa Comba Dão,3440-325,40.397537,-8.129578,galp santa comba dão,galp,p. galp-av general humberto delgado,"2,028 €",2026-05-15_dgeg_postos_raw.csv,42cefa92d96ab405
2026-05-15,2026-05-15 14:31:32,2026-05-11 10:30:00,1865ae5f734c7a50,1865ae5f734c7a50_diesel_premium,Galp SANTA COMBA DÃO,GALP,diesel_premium,Gasóleo especial,Outro,2.078,Santa Comba Dão,Viseu,P. Galp-Av General Humberto Delgado,Santa Comba Dão,3440-325,40.397537,-8.129578,galp santa comba dão,galp,p. galp-av general humberto delgado,"2,078 €",2026-05-15_dgeg_postos_raw.csv,b4bc4e849548d561
2026-05-15,2026-05-15 14:31:32,2026-05-11 10:30:00,1865ae5f734c7a50,1865ae5f734c7a50_gasoline_95,Galp SANTA COMBA DÃO,GALP,gasoline_95,Gasolina simples 95,Outro,2.026,Santa Comba Dão,Viseu,P. Galp-Av General Humberto Delgado,Santa Comba Dão,3440-325,40.397537,-8.129578,galp santa comba dão,galp,p. galp-av general humberto delgado,"2,026 €",2026-05-15_dgeg_postos_raw.csv,e379b22553ddc1a5
2026-05-15,2026-05-15 14:31:32,2026-05-11 10:30:00,eacfc04283958d84,eacfc04283958d84_diesel_regular,Galp REPESES,GALP,diesel_regular,Gasóleo simples,Outro,2.018,Viseu,Viseu,"Posto Galp, Estr. Nac. N.2, KM 178,Repeses",Viseu,3500-719,40.62839,-7.94025,galp repeses,galp,"posto galp, estr. nac. n.2, km 178,repeses","2,018 €",2026-05-15_dgeg_postos_raw.csv,66e55e9cd698d89f
2026-05-15,2026-05-15 14:31:32,2026-05-11 10:30:00,eacfc04283958d84,eacfc04283958d84_diesel_premium,Galp REPESES,GALP,diesel_premium,Gasóleo especial,Outro,2.073,Viseu,Viseu,"Posto Galp, Estr. Nac. N.2, KM 178,Repeses",Viseu,3500-719,40.62839,-7.94025,galp repeses,galp,"posto galp, estr. nac. n.2, km 178,repeses","2,073 €",2026-05-15_dgeg_postos_raw.csv,4d6606875451b09b
2026-05-15,2026-05-15 14:31:32,2026-05-11 10:30:00,eacfc04283958d84,eacfc04283958d84_gasoline_95,Galp REPESES,GALP,gasoline_95,Gasolina simples 95,Outro,2.021,Viseu,Viseu,"Posto Galp, Estr. Nac. N.2, KM 178,Repeses",Viseu,3500-719,40.62839,-7.94025,galp repeses,galp,"posto galp, estr. nac. n.2, km 178,repeses","2,021 €",2026-05-15_dgeg_postos_raw.csv,00a3d25b55d72bb3
2026-05-15,2026-05-15 14:31:32,2026-05-11 10:30:00,eacfc04283958d84,eacfc04283958d84_gasoline_98,Galp REPESES,GALP,gasoline_98,Gasolina especial 98,Outro,2.231,Viseu,Viseu,"Posto Galp, Estr. Nac. N.2, KM 178,Repeses",Viseu,3500-719,40.62839,-7.94025,galp repeses,galp,"posto galp, estr. nac. n.2, km 178,repeses","2,231 €",2026-05-15_dgeg_postos_raw.csv,6ef784f86761cecf
2026-05-15,2026-05-15 14:31:32,2026-05-11 10:30:00,6e1ecbfb35b8ed9b,6e1ecbfb35b8ed9b_diesel_regular,PA Maxial - Ereira,Genérico,diesel_regular,Gasóleo simples,Outro,2.059,Torres Vedras,Lisboa,"Rua Comissão da Estrada, nº2, Ereira - Maxial",Maxial,2565-453,39.116085,-9.161459,pa maxial - ereira,genérico,"rua comissão da estrada, nº2, ereira - maxial","2,059 €",2026-05-15_dgeg_postos_raw.csv,b443341e2a1386d3
2026-05-15,2026-05-15 14:31:32,2026-05-11 10:30:00,6e1ecbfb35b8ed9b,6e1ecbfb35b8ed9b_gasoline_95,PA Maxial - Ereira,Genérico,gasoline_95,Gasolina simples 95,Outro,2.062,Torres Vedras,Lisboa,"Rua Comissão da Estrada, nº2, Ereira - Maxial",Maxial,2565-453,39.116085,-9.161459,pa maxial - ereira,genérico,"rua comissão da estrada, nº2, ereira - maxial","2,062 €",2026-05-15_dgeg_postos_raw.csv,5a24b9dd7c1151b2
2026-05-15,2026-05-15 14:31:32,2026-05-11 10:30:00,519ab3be66a0818b,519ab3be66a0818b_diesel_regular,CEPSA  RIBEIRÃO,CEPSA,diesel_regular,Gasóleo simples,Outro,1.936,Vila Nova de Famalicão,Braga,"Rua Adelino Costa Campos, 57",Ribeirão,4760-717,41.357433,-8.562631,cepsa ribeirão,cepsa,"rua adelino costa campos, 57","1,936 €",2026-05-15_dgeg_postos_raw.csv,eac2ee7bb0e49ca4
2026-05-15,2026-05-15 14:31:32,2026-05-11 10:30:00,519ab3be66a0818b,519ab3be66a0818b_gasoline_95,CEPSA  RIBEIRÃO,CEPSA,gasoline_95,Gasolina simples 95,Outro,1.978,Vila Nova de Famalicão,Braga,"Rua Adelino Costa Campos, 57",Ribeirão,4760-717,41.357433,-8.562631,cepsa ribeirão,cepsa,"rua adelino costa campos, 57","1,978 €",2026-05-15_dgeg_postos_raw.csv,7a2b1a4f64ef5f1a
2026-05-15,2026-05-15 14:31:32,2026-05-11 10:30:00,d9cd959645e0afec,d9cd959645e0afec_diesel_premium,Prio Beja,PRIO,diesel_premium,Gasóleo especial,Outro,2.035,Beja,Beja,Rua D.Afonso III,Beja,7800-050,38.02016,-7.84903,prio beja,prio,rua d.afonso iii,"2,035 €",2026-05-15_dgeg_postos_raw.csv,658ba04fbc06980b
2026-05-15,2026-05-15 14:31:32,2026-05-11 10:30:00,d9cd959645e0afec,d9cd959645e0afec_gasoline_95,Prio Beja,PRIO,gasoline_95,Gasolina simples 95,Outro,1.994,Beja,Beja,Rua D.Afonso III,Beja,7800-050,38.02016,-7.84903,prio beja,prio,rua d.afonso iii,"1,994 €",2026-05-15_dgeg_postos_raw.csv,07a94acc88cc10ed
2026-05-15,2026-05-15 14:31:32,2026-05-11 10:30:00,b969335f565f1bd2,b969335f565f1bd2_diesel_premium,PRIO Ferreira do Alentejo - EN 259 (Norte),PRIO,diesel_premium,Gasóleo especial,Outro,1.994,Ferreira do Alentejo,Beja,"EN 259 Km 42,000",Ferreira do Alentejo,7900-199,38.06914,-8.125965,prio ferreira do alentejo - en 259 (norte),prio,"en 259 km 42,000","1,994 €",2026-05-15_dgeg_postos_raw.csv,88856f31bec4d541
2026-05-15,2026-05-15 14:31:32,2026-05-11 10:30:00,b969335f565f1bd2,b969335f565f1bd2_gasoline_95,PRIO Ferreira do Alentejo - EN 259 (Norte),PRIO,gasoline_95,Gasolina simples 95,Outro,2.014,Ferreira do Alentejo,Beja,"EN 259 Km 42,000",Ferreira do Alentejo,7900-199,38.06914,-8.125965,prio ferreira do alentejo - en 259 (norte),prio,"en 259 km 42,000","2,014 €",2026-05-15_dgeg_postos_raw.csv,c63b535c75c75b3e
2026-05-15,2026-05-15 14:31:32,2026-05-11 10:30:00,aac4e62caa6e7472,aac4e62caa6e7472_diesel_premium,PRIO Ferreira do Alentejo - EN 259 (Sul),PRIO,diesel_premium,Gasóleo especial,Outro,1.994,Ferreira do Alentejo,Beja,"EN 259 Km 42, Lado Sul",Ferreira do Alentejo,7900-199,38.06871,-8.126368,prio ferreira do alentejo - en 259 (sul),prio,"en 259 km 42, lado sul","1,994 €",2026-05-15_dgeg_postos_raw.csv,da41e5a40fb15492
2026-05-15,2026-05-15 14:31:32,2026-05-11 10:30:00,aac4e62caa6e7472,aac4e62caa6e7472_gasoline_95,PRIO Ferreira do Alentejo - EN 259 (Sul),PRIO,gasoline_95,Gasolina simples 95,Outro,2.014,Ferreira do Alentejo,Beja,"EN 259 Km 42, Lado Sul",Ferreira do Alentejo,7900-199,38.06871,-8.126368,prio ferreira do alentejo - en 259 (sul),prio,"en 259 km 42, lado sul","2,014 €",2026-05-15_dgeg_postos_raw.csv,d4ab6949ec9f9af8
2026-05-15,2026-05-15 14:31:32,2026-05-11 10:30:00,23d694e8020810dc,23d694e8020810dc_diesel_regular,Cooperativa Agricola de Palaçoulo CRL,ALVES BANDEIRA,diesel_regular,Gasóleo simples,Outro,2.075,Miranda do Douro,Bragança,R. da Indústria,Palaçoulo,5225-032,41.45514,-6.4435,cooperativa agricola de palaçoulo crl,alves bandeira,r. da indústria,"2,075 €",2026-05-15_dgeg_postos_raw.csv,5544508058be8153
2026-05-15,2026-05-15 14:31:32,2026-05-11 10:30:00,23d694e8020810dc,23d694e8020810dc_gasoline_95,Cooperativa Agricola de Palaçoulo CRL,ALVES BANDEIRA,gasoline_95,Gasolina simples 95,Outro,2.081,Miranda do Douro,Bragança,R. da Indústria,Palaçoulo,5225-032,41.45514,-6.4435,cooperativa agricola de palaçoulo crl,alves bandeira,r. da indústria,"2,081 €",2026-05-15_dgeg_postos_raw.csv,3e04548ad10fa09a
2026-05-15,2026-05-15 14:31:32,2026-05-11 10:30:00,0ce2024780f46770,0ce2024780f46770_diesel_regular,GALP Herdade das Onzenas,GALP,diesel_regular,Gasóleo simples,Outro,2.019,Coruche,Santarém,"Herdade das Onzenas de Cima, Courelinhas",Açorda,2100-372,38.921837,-8.343472,galp herdade das onzenas,galp,"herdade das onzenas de cima, courelinhas","2,019 €",2026-05-15_dgeg_postos_raw.csv,c114c2f4d54c3550
2026-05-15,2026-05-15 14:31:32,2026-05-11 10:35:00,54374be9fcdbec59,54374be9fcdbec59_diesel_regular,INTERMARCHÉ DE ALCANEDE,INTERMARCHÉ,diesel_regular,Gasóleo simples,Outro,1.944,Santarém,Santarém,Rua da Feira de AlcanedeQuinta da Rainha(Junto à EN 362),ALCANEDE,2025-057,39.420312,-8.825546,intermarché de alcanede,intermarché,rua da feira de alcanedequinta da rainha(junto à en 362),"1,944 €",2026-05-15_dgeg_postos_raw.csv,d3244ddb7ced6740
2026-05-15,2026-05-15 14:31:32,2026-05-11 10:35:00,54374be9fcdbec59,54374be9fcdbec59_diesel_premium,INTERMARCHÉ DE ALCANEDE,INTERMARCHÉ,diesel_premium,Gasóleo especial,Outro,1.984,Santarém,Santarém,Rua da Feira de AlcanedeQuinta da Rainha(Junto à EN 362),ALCANEDE,2025-057,39.420312,-8.825546,intermarché de alcanede,intermarché,rua da feira de alcanedequinta da rainha(junto à en 362),"1,984 €",2026-05-15_dgeg_postos_raw.csv,fc7e33ec256a61a1
2026-05-15,2026-05-15 14:31:32,2026-05-11 10:35:00,54374be9fcdbec59,54374be9fcdbec59_gasoline_95,INTERMARCHÉ DE ALCANEDE,INTERMARCHÉ,gasoline_95,Gasolina simples 95,Outro,1.924,Santarém,Santarém,Rua da Feira de AlcanedeQuinta da Rainha(Junto à EN 362),ALCANEDE,2025-057,39.420312,-8.825546,intermarché de alcanede,intermarché,rua da feira de alcanedequinta da rainha(junto à en 362),"1,924 €",2026-05-15_dgeg_postos_raw.csv,bfc104a1dc0075ab
2026-05-15,2026-05-15 14:31:32,2026-05-11 10:35:00,530c25948202532a,530c25948202532a_diesel_regular,E.S. CRUZ DO CAMPO,REPSOL,diesel_regular,Gasóleo simples,Outro,2.029,Cartaxo,Santarém,"EN3, Km 18,5   Lt 76",Pontével,2070-000,39.120728,-8.82095,e.s. cruz do campo,repsol,"en3, km 18,5 lt 76","2,029 €",2026-05-15_dgeg_postos_raw.csv,887d52c8e4ce95fd
2026-05-15,2026-05-15 14:31:32,2026-05-11 10:35:00,530c25948202532a,530c25948202532a_diesel_premium,E.S. CRUZ DO CAMPO,REPSOL,diesel_premium,Gasóleo especial,Outro,2.089,Cartaxo,Santarém,"EN3, Km 18,5   Lt 76",Pontével,2070-000,39.120728,-8.82095,e.s. cruz do campo,repsol,"en3, km 18,5 lt 76","2,089 €",2026-05-15_dgeg_postos_raw.csv,1e845e3cc3175cc6
2026-05-15,2026-05-15 14:31:32,2026-05-11 10:35:00,530c25948202532a,530c25948202532a_gasoline_95,E.S. CRUZ DO CAMPO,REPSOL,gasoline_95,Gasolina simples 95,Outro,2.027,Cartaxo,Santarém,"EN3, Km 18,5   Lt 76",Pontével,2070-000,39.120728,-8.82095,e.s. cruz do campo,repsol,"en3, km 18,5 lt 76","2,027 €",2026-05-15_dgeg_postos_raw.csv,d1a74e6e56e530d0
2026-05-15,2026-05-15 14:31:32,2026-05-11 10:35:00,17ca51b6879a53e1,17ca51b6879a53e1_diesel_regular,Q8 Balazar,Q8,diesel_regular,Gasóleo simples,Outro,1.914,Póvoa de Varzim,Porto,"Rua Dª Benta, 244",Balazar,4570-044,41.40749,-8.625653,q8 balazar,q8,"rua dª benta, 244","1,914 €",2026-05-15_dgeg_postos_raw.csv,1dd06da7190c280e
2026-05-15,2026-05-15 14:31:32,2026-05-11 10:35:00,17ca51b6879a53e1,17ca51b6879a53e1_diesel_premium,Q8 Balazar,Q8,diesel_premium,Gasóleo especial,Outro,1.944,Póvoa de Varzim,Porto,"Rua Dª Benta, 244",Balazar,4570-044,41.40749,-8.625653,q8 balazar,q8,"rua dª benta, 244","1,944 €",2026-05-15_dgeg_postos_raw.csv,ab033c6002168c3f
2026-05-15,2026-05-15 14:31:32,2026-05-11 10:35:00,17ca51b6879a53e1,17ca51b6879a53e1_gasoline_95,Q8 Balazar,Q8,gasoline_95,Gasolina simples 95,Outro,1.949,Póvoa de Varzim,Porto,"Rua Dª Benta, 244",Balazar,4570-044,41.40749,-8.625653,q8 balazar,q8,"rua dª benta, 244","1,949 €",2026-05-15_dgeg_postos_raw.csv,cd1796611b5d42a1
2026-05-15,2026-05-15 14:31:32,2026-05-11 10:35:00,d92510831edca7d3,d92510831edca7d3_diesel_regular,Q8  Mozelos,Q8,diesel_regular,Gasóleo simples,Outro,1.924,Santa Maria da Feira,Aveiro,"AV. ALBERTINA FERREIRA DE AMORIM, 642",Mozelos,4535-202,40.988379,-8.56964,q8 mozelos,q8,"av. albertina ferreira de amorim, 642","1,924 €",2026-05-15_dgeg_postos_raw.csv,35bc04297922d832
2026-05-15,2026-05-15 14:31:32,2026-05-11 10:35:00,d92510831edca7d3,d92510831edca7d3_gasoline_95,Q8  Mozelos,Q8,gasoline_95,Gasolina simples 95,Outro,1.939,Santa Maria da Feira,Aveiro,"AV. ALBERTINA FERREIRA DE AMORIM, 642",Mozelos,4535-202,40.988379,-8.56964,q8 mozelos,q8,"av. albertina ferreira de amorim, 642","1,939 €",2026-05-15_dgeg_postos_raw.csv,6728e72b1f5d5c47
2026-05-15,2026-05-15 14:31:32,2026-05-11 10:35:00,e61c2c1afd108745,e61c2c1afd108745_gasoline_95,PA Vouguinha - Viseu,Genérico,gasoline_95,Gasolina simples 95,Outro,1.982,Viseu,Viseu,"EN 323 Km 99,6 Vouguinha",Vouguinha,3505-239,40.77846,-7.807243,pa vouguinha - viseu,genérico,"en 323 km 99,6 vouguinha","1,982 €",2026-05-15_dgeg_postos_raw.csv,5aeb109e7dfc3ec1
2026-05-15,2026-05-15 14:31:32,2026-05-11 10:35:00,633bf9b331b34509,633bf9b331b34509_diesel_premium,Q8 Lugar de Cavadas - Santo Tirso,Q8,diesel_premium,Gasóleo especial,Outro,1.894,Santo Tirso,Porto,Rua Bernardino Alves Barbosa Santarém n.º 182,Santo Tirso,4780-410,41.342617,-8.493583,q8 lugar de cavadas - santo tirso,q8,rua bernardino alves barbosa santarém n.º 182,"1,894 €",2026-05-15_dgeg_postos_raw.csv,61154ea3e9589051
2026-05-15,2026-05-15 14:31:32,2026-05-11 10:35:00,633bf9b331b34509,633bf9b331b34509_diesel_regular,Q8 Lugar de Cavadas - Santo Tirso,Q8,diesel_regular,Gasóleo simples,Outro,1.874,Santo Tirso,Porto,Rua Bernardino Alves Barbosa Santarém n.º 182,Santo Tirso,4780-410,41.342617,-8.493583,q8 lugar de cavadas - santo tirso,q8,rua bernardino alves barbosa santarém n.º 182,"1,874 €",2026-05-15_dgeg_postos_raw.csv,8c7509673327ac42
2026-05-15,2026-05-15 14:31:32,2026-05-11 10:35:00,633bf9b331b34509,633bf9b331b34509_gasoline_95,Q8 Lugar de Cavadas - Santo Tirso,Q8,gasoline_95,Gasolina simples 95,Outro,1.924,Santo Tirso,Porto,Rua Bernardino Alves Barbosa Santarém n.º 182,Santo Tirso,4780-410,41.342617,-8.493583,q8 lugar de cavadas - santo tirso,q8,rua bernardino alves barbosa santarém n.º 182,"1,924 €",2026-05-15_dgeg_postos_raw.csv,6c76c2aa5a884327
2026-05-15,2026-05-15 14:31:32,2026-05-11 10:35:00,d8e2d13769436daa,d8e2d13769436daa_diesel_regular,Q8 Vilar do Paraíso,Q8,diesel_regular,Gasóleo simples,Outro,1.924,Vila Nova de Gaia,Porto,"Rua do Jardim,1463",Vila Nova de Gaia,4405-830,41.101697,-8.618852,q8 vilar do paraíso,q8,"rua do jardim,1463","1,924 €",2026-05-15_dgeg_postos_raw.csv,4ee7eeb99b7d7111
2026-05-15,2026-05-15 14:31:32,2026-05-11 10:35:00,d8e2d13769436daa,d8e2d13769436daa_diesel_premium,Q8 Vilar do Paraíso,Q8,diesel_premium,Gasóleo especial,Outro,1.944,Vila Nova de Gaia,Porto,"Rua do Jardim,1463",Vila Nova de Gaia,4405-830,41.101697,-8.618852,q8 vilar do paraíso,q8,"rua do jardim,1463","1,944 €",2026-05-15_dgeg_postos_raw.csv,643fe6b2c0b1d5d1
2026-05-15,2026-05-15 14:31:32,2026-05-11 10:35:00,d8e2d13769436daa,d8e2d13769436daa_gasoline_95,Q8 Vilar do Paraíso,Q8,gasoline_95,Gasolina simples 95,Outro,1.949,Vila Nova de Gaia,Porto,"Rua do Jardim,1463",Vila Nova de Gaia,4405-830,41.101697,-8.618852,q8 vilar do paraíso,q8,"rua do jardim,1463","1,949 €",2026-05-15_dgeg_postos_raw.csv,187676e763fb0a8b
2026-05-15,2026-05-15 14:31:32,2026-05-11 10:35:00,72b22a515cb9d7b3,72b22a515cb9d7b3_diesel_regular,Petro Lopes de Isidro Sa Lopes Lda,Genérico,diesel_regular,Gasóleo simples,Outro,2.055,Santa Maria da Feira,Aveiro,Rua das Areias nº 187,Caldas de S.Jorge,4505-686,40.97518,-8.51034,petro lopes de isidro sa lopes lda,genérico,rua das areias nº 187,"2,055 €",2026-05-15_dgeg_postos_raw.csv,1adc71cd866e1d1b
2026-05-15,2026-05-15 14:31:32,2026-05-11 10:35:00,72b22a515cb9d7b3,72b22a515cb9d7b3_diesel_premium,Petro Lopes de Isidro Sa Lopes Lda,Genérico,diesel_premium,Gasóleo especial,Outro,2.105,Santa Maria da Feira,Aveiro,Rua das Areias nº 187,Caldas de S.Jorge,4505-686,40.97518,-8.51034,petro lopes de isidro sa lopes lda,genérico,rua das areias nº 187,"2,105 €",2026-05-15_dgeg_postos_raw.csv,209fda49fefb05b1
2026-05-15,2026-05-15 14:31:32,2026-05-11 10:35:00,72b22a515cb9d7b3,72b22a515cb9d7b3_gasoline_95,Petro Lopes de Isidro Sa Lopes Lda,Genérico,gasoline_95,Gasolina simples 95,Outro,2.051,Santa Maria da Feira,Aveiro,Rua das Areias nº 187,Caldas de S.Jorge,4505-686,40.97518,-8.51034,petro lopes de isidro sa lopes lda,genérico,rua das areias nº 187,"2,051 €",2026-05-15_dgeg_postos_raw.csv,55d399b4694f3340
2026-05-15,2026-05-15 14:31:32,2026-05-11 10:35:00,1581e94e69045649,1581e94e69045649_diesel_regular,GALP MONTE FAISCA,GALP,diesel_regular,Gasóleo simples,Outro,1.979,Chaves,Vila Real,EN 103,Curalha,5400-620,41.716297,-7.505522,galp monte faisca,galp,en 103,"1,979 €",2026-05-15_dgeg_postos_raw.csv,05b592519d004233
2026-05-15,2026-05-15 14:31:32,2026-05-11 10:35:00,1581e94e69045649,1581e94e69045649_diesel_premium,GALP MONTE FAISCA,GALP,diesel_premium,Gasóleo especial,Outro,1.999,Chaves,Vila Real,EN 103,Curalha,5400-620,41.716297,-7.505522,galp monte faisca,galp,en 103,"1,999 €",2026-05-15_dgeg_postos_raw.csv,f49d17a63708b67b
2026-05-15,2026-05-15 14:31:32,2026-05-11 10:35:00,1581e94e69045649,1581e94e69045649_gasoline_95,GALP MONTE FAISCA,GALP,gasoline_95,Gasolina simples 95,Outro,1.989,Chaves,Vila Real,EN 103,Curalha,5400-620,41.716297,-7.505522,galp monte faisca,galp,en 103,"1,989 €",2026-05-15_dgeg_postos_raw.csv,88360408015d6261
2026-05-15,2026-05-15 14:31:32,2026-05-11 10:35:00,c5cbb91976ffb889,c5cbb91976ffb889_diesel_regular,Q8 Albergaria-a-Velha,Q8,diesel_regular,Gasóleo simples,Outro,1.914,Albergaria-a-Velha,Aveiro,"Rua Dr. Quina Ferreira, 74 (EN 16 ao km 11.9)",Sobreiro,3850-273,40.68503,-8.521238,q8 albergaria-a-velha,q8,"rua dr. quina ferreira, 74 (en 16 ao km 11.9)","1,914 €",2026-05-15_dgeg_postos_raw.csv,bcdaa06f2264f376
2026-05-15,2026-05-15 14:31:32,2026-05-11 10:35:00,c5cbb91976ffb889,c5cbb91976ffb889_diesel_premium,Q8 Albergaria-a-Velha,Q8,diesel_premium,Gasóleo especial,Outro,1.934,Albergaria-a-Velha,Aveiro,"Rua Dr. Quina Ferreira, 74 (EN 16 ao km 11.9)",Sobreiro,3850-273,40.68503,-8.521238,q8 albergaria-a-velha,q8,"rua dr. quina ferreira, 74 (en 16 ao km 11.9)","1,934 €",2026-05-15_dgeg_postos_raw.csv,38cc64bf07e6d39f
2026-05-15,2026-05-15 14:31:32,2026-05-11 10:35:00,c5cbb91976ffb889,c5cbb91976ffb889_gasoline_95,Q8 Albergaria-a-Velha,Q8,gasoline_95,Gasolina simples 95,Outro,1.939,Albergaria-a-Velha,Aveiro,"Rua Dr. Quina Ferreira, 74 (EN 16 ao km 11.9)",Sobreiro,3850-273,40.68503,-8.521238,q8 albergaria-a-velha,q8,"rua dr. quina ferreira, 74 (en 16 ao km 11.9)","1,939 €",2026-05-15_dgeg_postos_raw.csv,8552f2808c65b59d
2026-05-15,2026-05-15 14:31:32,2026-05-11 10:35:00,64ba1064c7eff100,64ba1064c7eff100_diesel_regular,E.S. ROGIL,REPSOL,diesel_regular,Gasóleo simples,Outro,2.079,Aljezur,Faro,Av. 16 de Junho nº 81,Rogil,8670-352,37.3717,-8.79994,e.s. rogil,repsol,av. 16 de junho nº 81,"2,079 €",2026-05-15_dgeg_postos_raw.csv,59e18c7cde4cf18f
2026-05-15,2026-05-15 14:31:32,2026-05-11 10:35:00,64ba1064c7eff100,64ba1064c7eff100_diesel_premium,E.S. ROGIL,REPSOL,diesel_premium,Gasóleo especial,Outro,2.149,Aljezur,Faro,Av. 16 de Junho nº 81,Rogil,8670-352,37.3717,-8.79994,e.s. rogil,repsol,av. 16 de junho nº 81,"2,149 €",2026-05-15_dgeg_postos_raw.csv,bac2e9bb51a60092
2026-05-15,2026-05-15 14:31:32,2026-05-11 10:35:00,64ba1064c7eff100,64ba1064c7eff100_gasoline_95,E.S. ROGIL,REPSOL,gasoline_95,Gasolina simples 95,Outro,2.077,Aljezur,Faro,Av. 16 de Junho nº 81,Rogil,8670-352,37.3717,-8.79994,e.s. rogil,repsol,av. 16 de junho nº 81,"2,077 €",2026-05-15_dgeg_postos_raw.csv,7e0ac02b78ce45f2
2026-05-15,2026-05-15 14:31:32,2026-05-11 10:40:00,91c9586e74ad41a9,91c9586e74ad41a9_diesel_regular,E.S. NELAS CENTRO,REPSOL,diesel_regular,Gasóleo simples,Outro,2.029,Nelas,Viseu,Praça Dr. José Veiga Simão,Nelas,3520-000,40.52932,-7.85549,e.s. nelas centro,repsol,praça dr. josé veiga simão,"2,029 €",2026-05-15_dgeg_postos_raw.csv,1e95acc2d558ef7b
2026-05-15,2026-05-15 14:31:32,2026-05-11 10:40:00,91c9586e74ad41a9,91c9586e74ad41a9_diesel_premium,E.S. NELAS CENTRO,REPSOL,diesel_premium,Gasóleo especial,Outro,2.089,Nelas,Viseu,Praça Dr. José Veiga Simão,Nelas,3520-000,40.52932,-7.85549,e.s. nelas centro,repsol,praça dr. josé veiga simão,"2,089 €",2026-05-15_dgeg_postos_raw.csv,09b8610ba17386e8
2026-05-15,2026-05-15 14:31:32,2026-05-11 10:40:00,91c9586e74ad41a9,91c9586e74ad41a9_gasoline_95,E.S. NELAS CENTRO,REPSOL,gasoline_95,Gasolina simples 95,Outro,2.027,Nelas,Viseu,Praça Dr. José Veiga Simão,Nelas,3520-000,40.52932,-7.85549,e.s. nelas centro,repsol,praça dr. josé veiga simão,"2,027 €",2026-05-15_dgeg_postos_raw.csv,9d35368f7b3d06f2
2026-05-15,2026-05-15 14:31:32,2026-05-11 10:40:00,91c9586e74ad41a9,91c9586e74ad41a9_gasoline_98,E.S. NELAS CENTRO,REPSOL,gasoline_98,Gasolina especial 98,Outro,2.217,Nelas,Viseu,Praça Dr. José Veiga Simão,Nelas,3520-000,40.52932,-7.85549,e.s. nelas centro,repsol,praça dr. josé veiga simão,"2,217 €",2026-05-15_dgeg_postos_raw.csv,0eda35ba902d7c0b
2026-05-15,2026-05-15 14:31:32,2026-05-11 10:40:00,9142339a9769f0a3,9142339a9769f0a3_diesel_regular,E.S. VISEU-AV.DA BELGICA,REPSOL,diesel_regular,Gasóleo simples,Outro,2.019,Viseu,Viseu,Av. de Bélgica,Viseu,3500-000,40.672462,-7.920519,e.s. viseu-av.da belgica,repsol,av. de bélgica,"2,019 €",2026-05-15_dgeg_postos_raw.csv,381097067580f13f
2026-05-15,2026-05-15 14:31:32,2026-05-11 10:40:00,9142339a9769f0a3,9142339a9769f0a3_diesel_premium,E.S. VISEU-AV.DA BELGICA,REPSOL,diesel_premium,Gasóleo especial,Outro,2.079,Viseu,Viseu,Av. de Bélgica,Viseu,3500-000,40.672462,-7.920519,e.s. viseu-av.da belgica,repsol,av. de bélgica,"2,079 €",2026-05-15_dgeg_postos_raw.csv,8543d1afd6d969f1
2026-05-15,2026-05-15 14:31:32,2026-05-11 10:40:00,9142339a9769f0a3,9142339a9769f0a3_gasoline_95,E.S. VISEU-AV.DA BELGICA,REPSOL,gasoline_95,Gasolina simples 95,Outro,2.017,Viseu,Viseu,Av. de Bélgica,Viseu,3500-000,40.672462,-7.920519,e.s. viseu-av.da belgica,repsol,av. de bélgica,"2,017 €",2026-05-15_dgeg_postos_raw.csv,737ac8d2c6bee0b2
2026-05-15,2026-05-15 14:31:32,2026-05-11 10:40:00,9142339a9769f0a3,9142339a9769f0a3_gasoline_98,E.S. VISEU-AV.DA BELGICA,REPSOL,gasoline_98,Gasolina especial 98,Outro,2.197,Viseu,Viseu,Av. de Bélgica,Viseu,3500-000,40.672462,-7.920519,e.s. viseu-av.da belgica,repsol,av. de bélgica,"2,197 €",2026-05-15_dgeg_postos_raw.csv,874280a6f9310cb8
2026-05-15,2026-05-15 14:31:32,2026-05-11 10:40:00,942936d02822bc3c,942936d02822bc3c_diesel_regular,E.S. VISEU-LEMOS,REPSOL,diesel_regular,Gasóleo simples,Outro,2.019,Viseu,Viseu,Rua Pedro Alvares Cabral nº 288,Viseu,3500-000,40.65475,-7.89611,e.s. viseu-lemos,repsol,rua pedro alvares cabral nº 288,"2,019 €",2026-05-15_dgeg_postos_raw.csv,d391f53be5ec6e35
2026-05-15,2026-05-15 14:31:32,2026-05-11 10:40:00,942936d02822bc3c,942936d02822bc3c_diesel_premium,E.S. VISEU-LEMOS,REPSOL,diesel_premium,Gasóleo especial,Outro,2.079,Viseu,Viseu,Rua Pedro Alvares Cabral nº 288,Viseu,3500-000,40.65475,-7.89611,e.s. viseu-lemos,repsol,rua pedro alvares cabral nº 288,"2,079 €",2026-05-15_dgeg_postos_raw.csv,dfe19d674be95fb1
2026-05-15,2026-05-15 14:31:32,2026-05-11 10:40:00,942936d02822bc3c,942936d02822bc3c_gasoline_95,E.S. VISEU-LEMOS,REPSOL,gasoline_95,Gasolina simples 95,Outro,2.017,Viseu,Viseu,Rua Pedro Alvares Cabral nº 288,Viseu,3500-000,40.65475,-7.89611,e.s. viseu-lemos,repsol,rua pedro alvares cabral nº 288,"2,017 €",2026-05-15_dgeg_postos_raw.csv,315f75c7db3bad56
2026-05-15,2026-05-15 14:31:32,2026-05-11 10:40:00,4e4c65c574833791,4e4c65c574833791_diesel_regular,Repsol Avenida da República Oeste (II),REPSOL,diesel_regular,Gasóleo simples,Outro,2.029,Póvoa de Lanhoso,Braga,Av. República,Póvoa de Lanhoso,4830-000,41.580809,-8.27709,repsol avenida da república oeste (ii),repsol,av. república,"2,029 €",2026-05-15_dgeg_postos_raw.csv,7d0a590bf1bee284
2026-05-15,2026-05-15 14:31:32,2026-05-11 10:40:00,4e4c65c574833791,4e4c65c574833791_gasoline_95,Repsol Avenida da República Oeste (II),REPSOL,gasoline_95,Gasolina simples 95,Outro,2.027,Póvoa de Lanhoso,Braga,Av. República,Póvoa de Lanhoso,4830-000,41.580809,-8.27709,repsol avenida da república oeste (ii),repsol,av. república,"2,027 €",2026-05-15_dgeg_postos_raw.csv,d505067f60c2f70d
2026-05-15,2026-05-15 14:31:32,2026-05-11 10:40:00,4e4c65c574833791,4e4c65c574833791_diesel_premium,Repsol Avenida da República Oeste (II),REPSOL,diesel_premium,Gasóleo especial,Outro,2.089,Póvoa de Lanhoso,Braga,Av. República,Póvoa de Lanhoso,4830-000,41.580809,-8.27709,repsol avenida da república oeste (ii),repsol,av. república,"2,089 €",2026-05-15_dgeg_postos_raw.csv,a2a5c43b7c28c2bf
2026-05-15,2026-05-15 14:31:32,2026-05-11 10:40:00,4e4c65c574833791,4e4c65c574833791_gasoline_98,Repsol Avenida da República Oeste (II),REPSOL,gasoline_98,Gasolina especial 98,Outro,2.217,Póvoa de Lanhoso,Braga,Av. República,Póvoa de Lanhoso,4830-000,41.580809,-8.27709,repsol avenida da república oeste (ii),repsol,av. república,"2,217 €",2026-05-15_dgeg_postos_raw.csv,c2abbda9116c631c
2026-05-15,2026-05-15 14:31:32,2026-05-11 10:40:00,cbe7052dbbaca94f,cbe7052dbbaca94f_diesel_regular,Q8 Nine VNFamalicão,Q8,diesel_regular,Gasóleo simples,Outro,1.914,Vila Nova de Famalicão,Braga,Largo da Estação Nº 27.,Nine,4775-446,41.45479,-8.545514,q8 nine vnfamalicão,q8,largo da estação nº 27.,"1,914 €",2026-05-15_dgeg_postos_raw.csv,f321bf21ea70bb60
2026-05-15,2026-05-15 14:31:32,2026-05-11 10:40:00,cbe7052dbbaca94f,cbe7052dbbaca94f_diesel_premium,Q8 Nine VNFamalicão,Q8,diesel_premium,Gasóleo especial,Outro,1.934,Vila Nova de Famalicão,Braga,Largo da Estação Nº 27.,Nine,4775-446,41.45479,-8.545514,q8 nine vnfamalicão,q8,largo da estação nº 27.,"1,934 €",2026-05-15_dgeg_postos_raw.csv,aa587108ff8bb48e
2026-05-15,2026-05-15 14:31:32,2026-05-11 10:40:00,cbe7052dbbaca94f,cbe7052dbbaca94f_gasoline_95,Q8 Nine VNFamalicão,Q8,gasoline_95,Gasolina simples 95,Outro,1.949,Vila Nova de Famalicão,Braga,Largo da Estação Nº 27.,Nine,4775-446,41.45479,-8.545514,q8 nine vnfamalicão,q8,largo da estação nº 27.,"1,949 €",2026-05-15_dgeg_postos_raw.csv,801db865ea7d6b4a
2026-05-15,2026-05-15 14:31:32,2026-05-11 10:40:00,76151af822efec15,76151af822efec15_diesel_regular,Q8 Laúndos - ZI (CP),Q8,diesel_regular,Gasóleo simples,Outro,2.064,Póvoa de Varzim,Porto,Parque industrial Laúndos,Laundos,4570-311,41.450592,-8.727037,q8 laúndos - zi (cp),q8,parque industrial laúndos,"2,064 €",2026-05-15_dgeg_postos_raw.csv,11ea24e12775c448
2026-05-15,2026-05-15 14:31:32,2026-05-11 10:40:00,76151af822efec15,76151af822efec15_diesel_premium,Q8 Laúndos - ZI (CP),Q8,diesel_premium,Gasóleo especial,Outro,2.084,Póvoa de Varzim,Porto,Parque industrial Laúndos,Laundos,4570-311,41.450592,-8.727037,q8 laúndos - zi (cp),q8,parque industrial laúndos,"2,084 €",2026-05-15_dgeg_postos_raw.csv,e5777b3ed60478c2
2026-05-15,2026-05-15 14:31:32,2026-05-11 10:40:00,76151af822efec15,76151af822efec15_gasoline_95,Q8 Laúndos - ZI (CP),Q8,gasoline_95,Gasolina simples 95,Outro,2.079,Póvoa de Varzim,Porto,Parque industrial Laúndos,Laundos,4570-311,41.450592,-8.727037,q8 laúndos - zi (cp),q8,parque industrial laúndos,"2,079 €",2026-05-15_dgeg_postos_raw.csv,2d9101585c9e487b
2026-05-15,2026-05-15 14:31:32,2026-05-11 10:40:00,c53f9ae0f5df8fb1,c53f9ae0f5df8fb1_diesel_regular,P.A. Shell - Monte Redondo,SHELL,diesel_regular,Gasóleo simples,Outro,2.044,Leiria,Leiria,EN 109 KM 150.5,Monte Redondo,2425-617,39.89891,-8.82827,p.a. shell - monte redondo,shell,en 109 km 150.5,"2,044 €",2026-05-15_dgeg_postos_raw.csv,6223f691ccc06032
2026-05-15,2026-05-15 14:31:32,2026-05-11 10:40:00,c53f9ae0f5df8fb1,c53f9ae0f5df8fb1_gasoline_95,P.A. Shell - Monte Redondo,SHELL,gasoline_95,Gasolina simples 95,Outro,2.044,Leiria,Leiria,EN 109 KM 150.5,Monte Redondo,2425-617,39.89891,-8.82827,p.a. shell - monte redondo,shell,en 109 km 150.5,"2,044 €",2026-05-15_dgeg_postos_raw.csv,812bda716bc81597
2026-05-15,2026-05-15 14:31:32,2026-05-11 10:40:00,c53f9ae0f5df8fb1,c53f9ae0f5df8fb1_gasoline_98,P.A. Shell - Monte Redondo,SHELL,gasoline_98,Gasolina especial 98,Outro,2.224,Leiria,Leiria,EN 109 KM 150.5,Monte Redondo,2425-617,39.89891,-8.82827,p.a. shell - monte redondo,shell,en 109 km 150.5,"2,224 €",2026-05-15_dgeg_postos_raw.csv,08e4d59e90b94105
2026-05-15,2026-05-15 14:31:32,2026-05-11 10:40:00,c53f9ae0f5df8fb1,c53f9ae0f5df8fb1_diesel_premium,P.A. Shell - Monte Redondo,SHELL,diesel_premium,Gasóleo especial,Outro,2.134,Leiria,Leiria,EN 109 KM 150.5,Monte Redondo,2425-617,39.89891,-8.82827,p.a. shell - monte redondo,shell,en 109 km 150.5,"2,134 €",2026-05-15_dgeg_postos_raw.csv,5856843966f58b4b
2026-05-15,2026-05-15 14:31:32,2026-05-11 10:40:00,6c6d293377008029,6c6d293377008029_diesel_premium,Repsol Nogueira Este (1),REPSOL,diesel_premium,Gasóleo especial,Outro,2.089,Braga,Braga,Rua Barros e Soares,Braga,4715-000,41.53102,-8.418591,repsol nogueira este (1),repsol,rua barros e soares,"2,089 €",2026-05-15_dgeg_postos_raw.csv,e07249e21b0a35de
2026-05-15,2026-05-15 14:31:32,2026-05-11 10:40:00,6c6d293377008029,6c6d293377008029_diesel_regular,Repsol Nogueira Este (1),REPSOL,diesel_regular,Gasóleo simples,Outro,2.029,Braga,Braga,Rua Barros e Soares,Braga,4715-000,41.53102,-8.418591,repsol nogueira este (1),repsol,rua barros e soares,"2,029 €",2026-05-15_dgeg_postos_raw.csv,f5d0c349411d990c
2026-05-15,2026-05-15 14:31:32,2026-05-11 10:40:00,6c6d293377008029,6c6d293377008029_gasoline_95,Repsol Nogueira Este (1),REPSOL,gasoline_95,Gasolina simples 95,Outro,2.027,Braga,Braga,Rua Barros e Soares,Braga,4715-000,41.53102,-8.418591,repsol nogueira este (1),repsol,rua barros e soares,"2,027 €",2026-05-15_dgeg_postos_raw.csv,d1f8cf8f30294e0f
2026-05-15,2026-05-15 14:31:32,2026-05-11 10:40:00,d2c0e5455f1f273d,d2c0e5455f1f273d_gasoline_95,Q8 Felgueiras - Retail Park,Q8,gasoline_95,Gasolina simples 95,Outro,1.934,Felgueiras,Porto,"Av. Dr. Ribeiro de Magalhães, n.º 228 - Lote 2, Felgueiras Retail Park",Várzea,4610-826,41.356584,-8.187478,q8 felgueiras - retail park,q8,"av. dr. ribeiro de magalhães, n.º 228 - lote 2, felgueiras retail park","1,934 €",2026-05-15_dgeg_postos_raw.csv,88c4d6541ce022ad
2026-05-15,2026-05-15 14:31:32,2026-05-11 10:40:00,d2c0e5455f1f273d,d2c0e5455f1f273d_diesel_premium,Q8 Felgueiras - Retail Park,Q8,diesel_premium,Gasóleo especial,Outro,1.924,Felgueiras,Porto,"Av. Dr. Ribeiro de Magalhães, n.º 228 - Lote 2, Felgueiras Retail Park",Várzea,4610-826,41.356584,-8.187478,q8 felgueiras - retail park,q8,"av. dr. ribeiro de magalhães, n.º 228 - lote 2, felgueiras retail park","1,924 €",2026-05-15_dgeg_postos_raw.csv,6add27bbdfca6f97
2026-05-15,2026-05-15 14:31:32,2026-05-11 10:40:00,d2c0e5455f1f273d,d2c0e5455f1f273d_diesel_regular,Q8 Felgueiras - Retail Park,Q8,diesel_regular,Gasóleo simples,Outro,1.904,Felgueiras,Porto,"Av. Dr. Ribeiro de Magalhães, n.º 228 - Lote 2, Felgueiras Retail Park",Várzea,4610-826,41.356584,-8.187478,q8 felgueiras - retail park,q8,"av. dr. ribeiro de magalhães, n.º 228 - lote 2, felgueiras retail park","1,904 €",2026-05-15_dgeg_postos_raw.csv,d9df8691856a7dbe
2026-05-15,2026-05-15 14:31:32,2026-05-11 10:40:00,4fd266ef53b2ac72,4fd266ef53b2ac72_diesel_regular,Q8 Castelo de Paiva,Q8,diesel_regular,Gasóleo simples,Outro,1.924,Castelo de Paiva,Aveiro,Rua da Cruz da Carreira,Santa Maria de Sardoura,4550-740,41.030857,-8.295538,q8 castelo de paiva,q8,rua da cruz da carreira,"1,924 €",2026-05-15_dgeg_postos_raw.csv,5d4f273b9c91c372
2026-05-15,2026-05-15 14:31:32,2026-05-11 10:40:00,4fd266ef53b2ac72,4fd266ef53b2ac72_diesel_premium,Q8 Castelo de Paiva,Q8,diesel_premium,Gasóleo especial,Outro,1.944,Castelo de Paiva,Aveiro,Rua da Cruz da Carreira,Santa Maria de Sardoura,4550-740,41.030857,-8.295538,q8 castelo de paiva,q8,rua da cruz da carreira,"1,944 €",2026-05-15_dgeg_postos_raw.csv,f58133a7fdb82363
2026-05-15,2026-05-15 14:31:32,2026-05-11 10:40:00,4fd266ef53b2ac72,4fd266ef53b2ac72_gasoline_95,Q8 Castelo de Paiva,Q8,gasoline_95,Gasolina simples 95,Outro,1.949,Castelo de Paiva,Aveiro,Rua da Cruz da Carreira,Santa Maria de Sardoura,4550-740,41.030857,-8.295538,q8 castelo de paiva,q8,rua da cruz da carreira,"1,949 €",2026-05-15_dgeg_postos_raw.csv,1ce39ccd8b5a9065
2026-05-15,2026-05-15 14:31:32,2026-05-11 10:40:00,5101e5a2a373f7bd,5101e5a2a373f7bd_diesel_regular,PETROINSUA,Genérico,diesel_regular,Gasóleo simples,Outro,1.929,Oliveira de Azeméis,Aveiro,Av. da República - Fontanheira,Carregosa,3720-024,40.88133,-8.42309,petroinsua,genérico,av. da república - fontanheira,"1,929 €",2026-05-15_dgeg_postos_raw.csv,7ea796493ecda139
2026-05-15,2026-05-15 14:31:32,2026-05-11 10:40:00,5101e5a2a373f7bd,5101e5a2a373f7bd_diesel_premium,PETROINSUA,Genérico,diesel_premium,Gasóleo especial,Outro,1.969,Oliveira de Azeméis,Aveiro,Av. da República - Fontanheira,Carregosa,3720-024,40.88133,-8.42309,petroinsua,genérico,av. da república - fontanheira,"1,969 €",2026-05-15_dgeg_postos_raw.csv,0f9233a023af5a3f
2026-05-15,2026-05-15 14:31:32,2026-05-11 10:40:00,5101e5a2a373f7bd,5101e5a2a373f7bd_gasoline_95,PETROINSUA,Genérico,gasoline_95,Gasolina simples 95,Outro,1.939,Oliveira de Azeméis,Aveiro,Av. da República - Fontanheira,Carregosa,3720-024,40.88133,-8.42309,petroinsua,genérico,av. da república - fontanheira,"1,939 €",2026-05-15_dgeg_postos_raw.csv,e1fb02e09a284254
2026-05-15,2026-05-15 14:31:32,2026-05-11 10:40:00,612495dce4c43e96,612495dce4c43e96_diesel_premium,PRIO Coimbrão,PRIO,diesel_premium,Gasóleo especial,Outro,1.929,Leiria,Leiria,"EN 109-9 Km 3,4",Salgueira,2425-452,39.894387,-8.871528,prio coimbrão,prio,"en 109-9 km 3,4","1,929 €",2026-05-15_dgeg_postos_raw.csv,acde67fa5329d93a
2026-05-15,2026-05-15 14:31:32,2026-05-11 10:40:00,612495dce4c43e96,612495dce4c43e96_gasoline_95,PRIO Coimbrão,PRIO,gasoline_95,Gasolina simples 95,Outro,2.014,Leiria,Leiria,"EN 109-9 Km 3,4",Salgueira,2425-452,39.894387,-8.871528,prio coimbrão,prio,"en 109-9 km 3,4","2,014 €",2026-05-15_dgeg_postos_raw.csv,d8b2e85079578ed4
2026-05-15,2026-05-15 14:31:32,2026-05-11 10:40:00,b5a99c343b6e672f,b5a99c343b6e672f_diesel_premium,Canedo,PRIO,diesel_premium,Gasóleo especial,Outro,1.964,Santa Maria da Feira,Aveiro,R. Principal de Canedo,Canedo,4525-189,41.01033,-8.46309,canedo,prio,r. principal de canedo,"1,964 €",2026-05-15_dgeg_postos_raw.csv,e206496f9e12c548
2026-05-15,2026-05-15 14:31:32,2026-05-11 10:40:00,b5a99c343b6e672f,b5a99c343b6e672f_gasoline_95,Canedo,PRIO,gasoline_95,Gasolina simples 95,Outro,1.954,Santa Maria da Feira,Aveiro,R. Principal de Canedo,Canedo,4525-189,41.01033,-8.46309,canedo,prio,r. principal de canedo,"1,954 €",2026-05-15_dgeg_postos_raw.csv,6f6dbefa8e7256fe
2026-05-15,2026-05-15 14:31:32,2026-05-11 10:45:00,40deebe8e62c62f0,40deebe8e62c62f0_diesel_regular,Posto de Abastecimento - Intermarché de Famões,INTERMARCHÉ,diesel_regular,Gasóleo simples,Área comercial (Hipermercados),1.889,Odivelas,Lisboa,"Urb. Quinta do Segulim, Lote EA-01",Famões,1675-351,38.792127,-9.214949,posto de abastecimento - intermarché de famões,intermarché,"urb. quinta do segulim, lote ea-01","1,889 €",2026-05-15_dgeg_postos_raw.csv,638978b4cb2711d6
2026-05-15,2026-05-15 14:31:32,2026-05-11 10:45:00,40deebe8e62c62f0,40deebe8e62c62f0_gasoline_95,Posto de Abastecimento - Intermarché de Famões,INTERMARCHÉ,gasoline_95,Gasolina simples 95,Área comercial (Hipermercados),1.899,Odivelas,Lisboa,"Urb. Quinta do Segulim, Lote EA-01",Famões,1675-351,38.792127,-9.214949,posto de abastecimento - intermarché de famões,intermarché,"urb. quinta do segulim, lote ea-01","1,899 €",2026-05-15_dgeg_postos_raw.csv,5d0b81714e439763
2026-05-15,2026-05-15 14:31:32,2026-05-11 10:45:00,40deebe8e62c62f0,40deebe8e62c62f0_diesel_premium,Posto de Abastecimento - Intermarché de Famões,INTERMARCHÉ,diesel_premium,Gasóleo especial,Área comercial (Hipermercados),1.919,Odivelas,Lisboa,"Urb. Quinta do Segulim, Lote EA-01",Famões,1675-351,38.792127,-9.214949,posto de abastecimento - intermarché de famões,intermarché,"urb. quinta do segulim, lote ea-01","1,919 €",2026-05-15_dgeg_postos_raw.csv,a4458a5f3e4eb47e
2026-05-15,2026-05-15 14:31:32,2026-05-11 10:45:00,2d3c716061c62a56,2d3c716061c62a56_diesel_regular,E.S. POVOA DE VARZIM VIA B,REPSOL,diesel_regular,Gasóleo simples,Outro,2.079,Póvoa de Varzim,Porto,RUA VIRIATO BARBOSA 487,POVOA DE VARZIM,4490-683,41.375002,-8.746497,e.s. povoa de varzim via b,repsol,rua viriato barbosa 487,"2,079 €",2026-05-15_dgeg_postos_raw.csv,e9c71805b62c5683
2026-05-15,2026-05-15 14:31:32,2026-05-11 10:45:00,2d3c716061c62a56,2d3c716061c62a56_diesel_premium,E.S. POVOA DE VARZIM VIA B,REPSOL,diesel_premium,Gasóleo especial,Outro,2.149,Póvoa de Varzim,Porto,RUA VIRIATO BARBOSA 487,POVOA DE VARZIM,4490-683,41.375002,-8.746497,e.s. povoa de varzim via b,repsol,rua viriato barbosa 487,"2,149 €",2026-05-15_dgeg_postos_raw.csv,4e78d9a1c3a34ec4
2026-05-15,2026-05-15 14:31:32,2026-05-11 10:45:00,2d3c716061c62a56,2d3c716061c62a56_gasoline_95,E.S. POVOA DE VARZIM VIA B,REPSOL,gasoline_95,Gasolina simples 95,Outro,2.077,Póvoa de Varzim,Porto,RUA VIRIATO BARBOSA 487,POVOA DE VARZIM,4490-683,41.375002,-8.746497,e.s. povoa de varzim via b,repsol,rua viriato barbosa 487,"2,077 €",2026-05-15_dgeg_postos_raw.csv,6012b777c6a497dc
2026-05-15,2026-05-15 14:31:32,2026-05-11 10:45:00,2d3c716061c62a56,2d3c716061c62a56_gasoline_98,E.S. POVOA DE VARZIM VIA B,REPSOL,gasoline_98,Gasolina especial 98,Outro,2.277,Póvoa de Varzim,Porto,RUA VIRIATO BARBOSA 487,POVOA DE VARZIM,4490-683,41.375002,-8.746497,e.s. povoa de varzim via b,repsol,rua viriato barbosa 487,"2,277 €",2026-05-15_dgeg_postos_raw.csv,1f47b10a84b81d09
2026-05-15,2026-05-15 14:31:32,2026-05-11 10:45:00,390621c68bc8dc88,390621c68bc8dc88_diesel_regular,INTERMARCHE CUMEIRA JUNCAL,INTERMARCHÉ,diesel_regular,Gasóleo simples,Outro,1.918,Porto de Mós,Leiria,EN 8,Cumeira Cima,2480-078,39.582635,-8.900134,intermarche cumeira juncal,intermarché,en 8,"1,918 €",2026-05-15_dgeg_postos_raw.csv,d45e1b4abc1cd2f4
2026-05-15,2026-05-15 14:31:32,2026-05-11 10:45:00,390621c68bc8dc88,390621c68bc8dc88_diesel_premium,INTERMARCHE CUMEIRA JUNCAL,INTERMARCHÉ,diesel_premium,Gasóleo especial,Outro,1.948,Porto de Mós,Leiria,EN 8,Cumeira Cima,2480-078,39.582635,-8.900134,intermarche cumeira juncal,intermarché,en 8,"1,948 €",2026-05-15_dgeg_postos_raw.csv,523c2b7f2ed648f9
2026-05-15,2026-05-15 14:31:32,2026-05-11 10:45:00,390621c68bc8dc88,390621c68bc8dc88_gasoline_95,INTERMARCHE CUMEIRA JUNCAL,INTERMARCHÉ,gasoline_95,Gasolina simples 95,Outro,1.918,Porto de Mós,Leiria,EN 8,Cumeira Cima,2480-078,39.582635,-8.900134,intermarche cumeira juncal,intermarché,en 8,"1,918 €",2026-05-15_dgeg_postos_raw.csv,f2e94b914ff21c32
2026-05-15,2026-05-15 14:31:32,2026-05-11 10:45:00,04ac9e93ea8b20e3,04ac9e93ea8b20e3_diesel_regular,INTERMARCHE DE URGEZES,INTERMARCHÉ,diesel_regular,Gasóleo simples,Outro,1.898,Guimarães,Braga,Rua Pinheiro Manso nº 443 / lote 10,Urgezes,4810-107,41.42455,-8.29936,intermarche de urgezes,intermarché,rua pinheiro manso nº 443 / lote 10,"1,898 €",2026-05-15_dgeg_postos_raw.csv,31eb78aae0de3cab
2026-05-15,2026-05-15 14:31:32,2026-05-11 10:45:00,04ac9e93ea8b20e3,04ac9e93ea8b20e3_diesel_premium,INTERMARCHE DE URGEZES,INTERMARCHÉ,diesel_premium,Gasóleo especial,Outro,1.918,Guimarães,Braga,Rua Pinheiro Manso nº 443 / lote 10,Urgezes,4810-107,41.42455,-8.29936,intermarche de urgezes,intermarché,rua pinheiro manso nº 443 / lote 10,"1,918 €",2026-05-15_dgeg_postos_raw.csv,91fd7672b31526f9
2026-05-15,2026-05-15 14:31:32,2026-05-11 10:45:00,04ac9e93ea8b20e3,04ac9e93ea8b20e3_gasoline_95,INTERMARCHE DE URGEZES,INTERMARCHÉ,gasoline_95,Gasolina simples 95,Outro,1.898,Guimarães,Braga,Rua Pinheiro Manso nº 443 / lote 10,Urgezes,4810-107,41.42455,-8.29936,intermarche de urgezes,intermarché,rua pinheiro manso nº 443 / lote 10,"1,898 €",2026-05-15_dgeg_postos_raw.csv,87d568a60c9bea61
2026-05-15,2026-05-15 14:31:32,2026-05-11 10:45:00,4eeaee5c928c230a,4eeaee5c928c230a_gasoline_98,"Leão & Companhia, Lda - Posto de Combustíveis de Lustosa",FREITAS,gasoline_98,Gasolina especial 98,Outro,2.219,Lousada,Porto,Rua de Pombal nº 160,Lustosa,4620-261,41.322619,-8.317698,"leão & companhia, lda - posto de combustíveis de lustosa",freitas,rua de pombal nº 160,"2,219 €",2026-05-15_dgeg_postos_raw.csv,6d1b88316b79af7c
2026-05-15,2026-05-15 14:31:32,2026-05-11 10:45:00,475584cd2aa78ec3,475584cd2aa78ec3_diesel_premium,Posto S. Cristovão - Baltar - Esteves & Lobo,Genérico,diesel_premium,Gasóleo especial,Outro,2.029,Paredes,Porto,"Avenida dos Bombeiros Voluntários, 1607",Baltar,4585-015,41.191998,-8.386755,posto s. cristovão - baltar - esteves & lobo,genérico,"avenida dos bombeiros voluntários, 1607","2,029 €",2026-05-15_dgeg_postos_raw.csv,bba206acb9b2e07b
2026-05-15,2026-05-15 14:31:32,2026-05-11 10:45:00,475584cd2aa78ec3,475584cd2aa78ec3_diesel_regular,Posto S. Cristovão - Baltar - Esteves & Lobo,Genérico,diesel_regular,Gasóleo simples,Outro,1.999,Paredes,Porto,"Avenida dos Bombeiros Voluntários, 1607",Baltar,4585-015,41.191998,-8.386755,posto s. cristovão - baltar - esteves & lobo,genérico,"avenida dos bombeiros voluntários, 1607","1,999 €",2026-05-15_dgeg_postos_raw.csv,a5c366c6f0860d62
2026-05-15,2026-05-15 14:31:32,2026-05-11 10:45:00,475584cd2aa78ec3,475584cd2aa78ec3_gasoline_95,Posto S. Cristovão - Baltar - Esteves & Lobo,Genérico,gasoline_95,Gasolina simples 95,Outro,2.039,Paredes,Porto,"Avenida dos Bombeiros Voluntários, 1607",Baltar,4585-015,41.191998,-8.386755,posto s. cristovão - baltar - esteves & lobo,genérico,"avenida dos bombeiros voluntários, 1607","2,039 €",2026-05-15_dgeg_postos_raw.csv,c10f201affc922ec
2026-05-15,2026-05-15 14:31:32,2026-05-11 10:45:00,d0b594cdb644d9aa,d0b594cdb644d9aa_diesel_regular,BP VARZIELA FELGUEIRAS,BP,diesel_regular,Gasóleo simples,Outro,2.054,Felgueiras,Porto,"Rua Tenente Coronel António Emílio Peixoto, n.º 81",Varziela,4650-732,41.349625,-8.214091,bp varziela felgueiras,bp,"rua tenente coronel antónio emílio peixoto, n.º 81","2,054 €",2026-05-15_dgeg_postos_raw.csv,551c6ef6ecf552bf
2026-05-15,2026-05-15 14:31:32,2026-05-11 10:45:00,d0b594cdb644d9aa,d0b594cdb644d9aa_diesel_premium,BP VARZIELA FELGUEIRAS,BP,diesel_premium,Gasóleo especial,Outro,2.224,Felgueiras,Porto,"Rua Tenente Coronel António Emílio Peixoto, n.º 81",Varziela,4650-732,41.349625,-8.214091,bp varziela felgueiras,bp,"rua tenente coronel antónio emílio peixoto, n.º 81","2,224 €",2026-05-15_dgeg_postos_raw.csv,fd807d46040712b7
2026-05-15,2026-05-15 14:31:32,2026-05-11 10:45:00,d0b594cdb644d9aa,d0b594cdb644d9aa_gasoline_95,BP VARZIELA FELGUEIRAS,BP,gasoline_95,Gasolina simples 95,Outro,2.049,Felgueiras,Porto,"Rua Tenente Coronel António Emílio Peixoto, n.º 81",Varziela,4650-732,41.349625,-8.214091,bp varziela felgueiras,bp,"rua tenente coronel antónio emílio peixoto, n.º 81","2,049 €",2026-05-15_dgeg_postos_raw.csv,10b7179bd7e2f71b
2026-05-15,2026-05-15 14:31:32,2026-05-11 10:45:00,d0b594cdb644d9aa,d0b594cdb644d9aa_gasoline_98,BP VARZIELA FELGUEIRAS,BP,gasoline_98,Gasolina especial 98,Outro,2.299,Felgueiras,Porto,"Rua Tenente Coronel António Emílio Peixoto, n.º 81",Varziela,4650-732,41.349625,-8.214091,bp varziela felgueiras,bp,"rua tenente coronel antónio emílio peixoto, n.º 81","2,299 €",2026-05-15_dgeg_postos_raw.csv,1ab7ae964f8f9cef
2026-05-15,2026-05-15 14:31:32,2026-05-11 10:45:00,15a98831ed4563ba,15a98831ed4563ba_diesel_regular,E.S. V. N. BARQUINHA,REPSOL,diesel_regular,Gasóleo simples,Outro,2.029,Vila Nova da Barquinha,Santarém,EN 3,Vila Nova da Barquinha,2260-000,39.45877,-8.42836,e.s. v. n. barquinha,repsol,en 3,"2,029 €",2026-05-15_dgeg_postos_raw.csv,109fd7f959647bb7
2026-05-15,2026-05-15 14:31:32,2026-05-11 10:45:00,15a98831ed4563ba,15a98831ed4563ba_diesel_premium,E.S. V. N. BARQUINHA,REPSOL,diesel_premium,Gasóleo especial,Outro,2.089,Vila Nova da Barquinha,Santarém,EN 3,Vila Nova da Barquinha,2260-000,39.45877,-8.42836,e.s. v. n. barquinha,repsol,en 3,"2,089 €",2026-05-15_dgeg_postos_raw.csv,424afdf3db27d567
2026-05-15,2026-05-15 14:31:32,2026-05-11 10:45:00,15a98831ed4563ba,15a98831ed4563ba_gasoline_95,E.S. V. N. BARQUINHA,REPSOL,gasoline_95,Gasolina simples 95,Outro,2.027,Vila Nova da Barquinha,Santarém,EN 3,Vila Nova da Barquinha,2260-000,39.45877,-8.42836,e.s. v. n. barquinha,repsol,en 3,"2,027 €",2026-05-15_dgeg_postos_raw.csv,46b674dea328b24c
2026-05-15,2026-05-15 14:31:32,2026-05-11 10:45:00,7a1dc2e7c4159039,7a1dc2e7c4159039_diesel_regular,E.S. ALMANCIL,REPSOL,diesel_regular,Gasóleo simples,Outro,2.079,Loulé,Faro,Rua Cristovão Pires Norte,Loulé - Almancil,8135-106,37.06772,-8.03969,e.s. almancil,repsol,rua cristovão pires norte,"2,079 €",2026-05-15_dgeg_postos_raw.csv,95bbb9bc7b233dc0
2026-05-15,2026-05-15 14:31:32,2026-05-11 10:45:00,7a1dc2e7c4159039,7a1dc2e7c4159039_diesel_premium,E.S. ALMANCIL,REPSOL,diesel_premium,Gasóleo especial,Outro,2.149,Loulé,Faro,Rua Cristovão Pires Norte,Loulé - Almancil,8135-106,37.06772,-8.03969,e.s. almancil,repsol,rua cristovão pires norte,"2,149 €",2026-05-15_dgeg_postos_raw.csv,794a91bdd94ffa9e
2026-05-15,2026-05-15 14:31:32,2026-05-11 10:45:00,7a1dc2e7c4159039,7a1dc2e7c4159039_gasoline_95,E.S. ALMANCIL,REPSOL,gasoline_95,Gasolina simples 95,Outro,2.067,Loulé,Faro,Rua Cristovão Pires Norte,Loulé - Almancil,8135-106,37.06772,-8.03969,e.s. almancil,repsol,rua cristovão pires norte,"2,067 €",2026-05-15_dgeg_postos_raw.csv,24fe719c3a43705e
2026-05-15,2026-05-15 14:31:32,2026-05-11 10:45:00,4eeaee5c928c230a,4eeaee5c928c230a_diesel_regular,"Leão & Companhia, Lda - Posto de Combustíveis de Lustosa",FREITAS,diesel_regular,Gasóleo simples,Outro,2.039,Lousada,Porto,Rua de Pombal nº 160,Lustosa,4620-261,41.322619,-8.317698,"leão & companhia, lda - posto de combustíveis de lustosa",freitas,rua de pombal nº 160,"2,039 €",2026-05-15_dgeg_postos_raw.csv,085d65eb16c35bf0
2026-05-15,2026-05-15 14:31:32,2026-05-11 10:45:00,4eeaee5c928c230a,4eeaee5c928c230a_diesel_premium,"Leão & Companhia, Lda - Posto de Combustíveis de Lustosa",FREITAS,diesel_premium,Gasóleo especial,Outro,2.069,Lousada,Porto,Rua de Pombal nº 160,Lustosa,4620-261,41.322619,-8.317698,"leão & companhia, lda - posto de combustíveis de lustosa",freitas,rua de pombal nº 160,"2,069 €",2026-05-15_dgeg_postos_raw.csv,605013cf4f63f2c3
2026-05-15,2026-05-15 14:31:32,2026-05-11 10:45:00,4eeaee5c928c230a,4eeaee5c928c230a_gasoline_95,"Leão & Companhia, Lda - Posto de Combustíveis de Lustosa",FREITAS,gasoline_95,Gasolina simples 95,Outro,2.039,Lousada,Porto,Rua de Pombal nº 160,Lustosa,4620-261,41.322619,-8.317698,"leão & companhia, lda - posto de combustíveis de lustosa",freitas,rua de pombal nº 160,"2,039 €",2026-05-15_dgeg_postos_raw.csv,bef242ac2a6483e4
2026-05-15,2026-05-15 14:31:32,2026-05-11 10:45:00,eba32de940ac1115,eba32de940ac1115_diesel_regular,Repsol Pinheiro Sul,REPSOL,diesel_regular,Gasóleo simples,Outro,2.029,Póvoa de Lanhoso,Braga,Lugar do Pinheiro,Póvoa de Lanhoso,4830-000,41.58835,-8.297851,repsol pinheiro sul,repsol,lugar do pinheiro,"2,029 €",2026-05-15_dgeg_postos_raw.csv,7b0bd9f68b2f3040
2026-05-15,2026-05-15 14:31:32,2026-05-11 10:45:00,eba32de940ac1115,eba32de940ac1115_diesel_premium,Repsol Pinheiro Sul,REPSOL,diesel_premium,Gasóleo especial,Outro,2.089,Póvoa de Lanhoso,Braga,Lugar do Pinheiro,Póvoa de Lanhoso,4830-000,41.58835,-8.297851,repsol pinheiro sul,repsol,lugar do pinheiro,"2,089 €",2026-05-15_dgeg_postos_raw.csv,1ff97c63a7e03e23
2026-05-15,2026-05-15 14:31:32,2026-05-11 10:45:00,eba32de940ac1115,eba32de940ac1115_gasoline_95,Repsol Pinheiro Sul,REPSOL,gasoline_95,Gasolina simples 95,Outro,2.027,Póvoa de Lanhoso,Braga,Lugar do Pinheiro,Póvoa de Lanhoso,4830-000,41.58835,-8.297851,repsol pinheiro sul,repsol,lugar do pinheiro,"2,027 €",2026-05-15_dgeg_postos_raw.csv,353810b4f56cbe70
2026-05-15,2026-05-15 14:31:32,2026-05-11 10:45:00,eba32de940ac1115,eba32de940ac1115_gasoline_98,Repsol Pinheiro Sul,REPSOL,gasoline_98,Gasolina especial 98,Outro,2.217,Póvoa de Lanhoso,Braga,Lugar do Pinheiro,Póvoa de Lanhoso,4830-000,41.58835,-8.297851,repsol pinheiro sul,repsol,lugar do pinheiro,"2,217 €",2026-05-15_dgeg_postos_raw.csv,37a8f5764ed5c2ef
2026-05-15,2026-05-15 14:31:32,2026-05-11 10:50:00,a86cdf21326fbe0c,a86cdf21326fbe0c_diesel_regular,Manuel Artur Rodrigues,BEQ,diesel_regular,Gasóleo simples,Outro,2.03,Melgaço,Viana do Castelo,Prazos-Roussas,Melgaço,4960-380,42.10533,-8.25743,manuel artur rodrigues,beq,prazos-roussas,"2,030 €",2026-05-15_dgeg_postos_raw.csv,3908a54fed65391c
2026-05-15,2026-05-15 14:31:32,2026-05-11 10:50:00,a86cdf21326fbe0c,a86cdf21326fbe0c_gasoline_95,Manuel Artur Rodrigues,BEQ,gasoline_95,Gasolina simples 95,Outro,2.01,Melgaço,Viana do Castelo,Prazos-Roussas,Melgaço,4960-380,42.10533,-8.25743,manuel artur rodrigues,beq,prazos-roussas,"2,010 €",2026-05-15_dgeg_postos_raw.csv,d38ec45abca78c0a
2026-05-15,2026-05-15 14:31:32,2026-05-11 10:50:00,6bd38028bccf7f04,6bd38028bccf7f04_diesel_regular,INTERMARCHE MAFRA,INTERMARCHÉ,diesel_regular,Gasóleo simples,Outro,1.869,Mafra,Lisboa,Rua Almirante Gago Coutinho nº 7,Mafra,2640-487,38.93241,-9.33026,intermarche mafra,intermarché,rua almirante gago coutinho nº 7,"1,869 €",2026-05-15_dgeg_postos_raw.csv,55d831202f976dfe
2026-05-15,2026-05-15 14:31:32,2026-05-11 10:50:00,6bd38028bccf7f04,6bd38028bccf7f04_diesel_premium,INTERMARCHE MAFRA,INTERMARCHÉ,diesel_premium,Gasóleo especial,Outro,1.909,Mafra,Lisboa,Rua Almirante Gago Coutinho nº 7,Mafra,2640-487,38.93241,-9.33026,intermarche mafra,intermarché,rua almirante gago coutinho nº 7,"1,909 €",2026-05-15_dgeg_postos_raw.csv,870d0c9bddd211f5
2026-05-15,2026-05-15 14:31:32,2026-05-11 10:50:00,6bd38028bccf7f04,6bd38028bccf7f04_gasoline_95,INTERMARCHE MAFRA,INTERMARCHÉ,gasoline_95,Gasolina simples 95,Outro,1.859,Mafra,Lisboa,Rua Almirante Gago Coutinho nº 7,Mafra,2640-487,38.93241,-9.33026,intermarche mafra,intermarché,rua almirante gago coutinho nº 7,"1,859 €",2026-05-15_dgeg_postos_raw.csv,0f42648d055b86ff
2026-05-15,2026-05-15 14:31:32,2026-05-11 10:50:00,5488469064e28209,5488469064e28209_diesel_regular,E.S. ODEMIRA,REPSOL,diesel_regular,Gasóleo simples,Outro,2.049,Odemira,Beja,Av. Poole da Costa nº 49,Odemira,7630-000,37.59879,-8.64547,e.s. odemira,repsol,av. poole da costa nº 49,"2,049 €",2026-05-15_dgeg_postos_raw.csv,897bae638bbb699c
2026-05-15,2026-05-15 14:31:32,2026-05-11 10:50:00,5488469064e28209,5488469064e28209_diesel_premium,E.S. ODEMIRA,REPSOL,diesel_premium,Gasóleo especial,Outro,2.119,Odemira,Beja,Av. Poole da Costa nº 49,Odemira,7630-000,37.59879,-8.64547,e.s. odemira,repsol,av. poole da costa nº 49,"2,119 €",2026-05-15_dgeg_postos_raw.csv,1f65bce604a8e1c0
2026-05-15,2026-05-15 14:31:32,2026-05-11 10:50:00,5488469064e28209,5488469064e28209_gasoline_95,E.S. ODEMIRA,REPSOL,gasoline_95,Gasolina simples 95,Outro,2.047,Odemira,Beja,Av. Poole da Costa nº 49,Odemira,7630-000,37.59879,-8.64547,e.s. odemira,repsol,av. poole da costa nº 49,"2,047 €",2026-05-15_dgeg_postos_raw.csv,c0f37313274b1486
2026-05-15,2026-05-15 14:31:32,2026-05-11 10:50:00,5488469064e28209,5488469064e28209_gasoline_98,E.S. ODEMIRA,REPSOL,gasoline_98,Gasolina especial 98,Outro,2.247,Odemira,Beja,Av. Poole da Costa nº 49,Odemira,7630-000,37.59879,-8.64547,e.s. odemira,repsol,av. poole da costa nº 49,"2,247 €",2026-05-15_dgeg_postos_raw.csv,b9d4d51c0720304a
2026-05-15,2026-05-15 14:31:32,2026-05-11 10:50:00,841dddc06950aad9,841dddc06950aad9_diesel_premium,BP Águeda (EN1),BP,diesel_premium,Gasóleo especial,Outro,2.224,Águeda,Aveiro,EN 1,Alagoa,3750-301,40.5924,-8.45468,bp águeda (en1),bp,en 1,"2,224 €",2026-05-15_dgeg_postos_raw.csv,3bdb027174166ed5
2026-05-15,2026-05-15 14:31:32,2026-05-11 10:50:00,841dddc06950aad9,841dddc06950aad9_diesel_regular,BP Águeda (EN1),BP,diesel_regular,Gasóleo simples,Outro,2.104,Águeda,Aveiro,EN 1,Alagoa,3750-301,40.5924,-8.45468,bp águeda (en1),bp,en 1,"2,104 €",2026-05-15_dgeg_postos_raw.csv,19fae7618c3e08dc
2026-05-15,2026-05-15 14:31:32,2026-05-11 10:50:00,841dddc06950aad9,841dddc06950aad9_gasoline_98,BP Águeda (EN1),BP,gasoline_98,Gasolina especial 98,Outro,2.299,Águeda,Aveiro,EN 1,Alagoa,3750-301,40.5924,-8.45468,bp águeda (en1),bp,en 1,"2,299 €",2026-05-15_dgeg_postos_raw.csv,96a44ef47198d1a3
2026-05-15,2026-05-15 14:31:32,2026-05-11 10:50:00,841dddc06950aad9,841dddc06950aad9_gasoline_95,BP Águeda (EN1),BP,gasoline_95,Gasolina simples 95,Outro,2.099,Águeda,Aveiro,EN 1,Alagoa,3750-301,40.5924,-8.45468,bp águeda (en1),bp,en 1,"2,099 €",2026-05-15_dgeg_postos_raw.csv,b11ad1d2e7c2b5c3
2026-05-15,2026-05-15 14:31:32,2026-05-11 10:50:00,27f55d3b01b6d9ae,27f55d3b01b6d9ae_diesel_regular,REPSOL Gandra - Rotunda Oliveiras,REPSOL,diesel_regular,Gasóleo simples,Outro,2.019,Paredes,Porto,"VIA ROTA DOS MÓVEIS, n.º 50",Gandra,4585-325,41.196667,-8.434161,repsol gandra - rotunda oliveiras,repsol,"via rota dos móveis, n.º 50","2,019 €",2026-05-15_dgeg_postos_raw.csv,6d96ca5b8e8a8d0d
2026-05-15,2026-05-15 14:31:32,2026-05-11 10:50:00,27f55d3b01b6d9ae,27f55d3b01b6d9ae_diesel_premium,REPSOL Gandra - Rotunda Oliveiras,REPSOL,diesel_premium,Gasóleo especial,Outro,2.079,Paredes,Porto,"VIA ROTA DOS MÓVEIS, n.º 50",Gandra,4585-325,41.196667,-8.434161,repsol gandra - rotunda oliveiras,repsol,"via rota dos móveis, n.º 50","2,079 €",2026-05-15_dgeg_postos_raw.csv,6c0aaed6aa851714
2026-05-15,2026-05-15 14:31:32,2026-05-11 10:50:00,27f55d3b01b6d9ae,27f55d3b01b6d9ae_gasoline_95,REPSOL Gandra - Rotunda Oliveiras,REPSOL,gasoline_95,Gasolina simples 95,Outro,2.017,Paredes,Porto,"VIA ROTA DOS MÓVEIS, n.º 50",Gandra,4585-325,41.196667,-8.434161,repsol gandra - rotunda oliveiras,repsol,"via rota dos móveis, n.º 50","2,017 €",2026-05-15_dgeg_postos_raw.csv,0716b58a5f807d94
2026-05-15,2026-05-15 14:31:32,2026-05-11 10:50:00,27f55d3b01b6d9ae,27f55d3b01b6d9ae_gasoline_98,REPSOL Gandra - Rotunda Oliveiras,REPSOL,gasoline_98,Gasolina especial 98,Outro,2.197,Paredes,Porto,"VIA ROTA DOS MÓVEIS, n.º 50",Gandra,4585-325,41.196667,-8.434161,repsol gandra - rotunda oliveiras,repsol,"via rota dos móveis, n.º 50","2,197 €",2026-05-15_dgeg_postos_raw.csv,5f687ed77e0d124e
2026-05-15,2026-05-15 14:31:32,2026-05-11 10:50:00,a86cdf21326fbe0c,a86cdf21326fbe0c_diesel_premium,Manuel Artur Rodrigues,BEQ,diesel_premium,Gasóleo especial,Outro,2.1,Melgaço,Viana do Castelo,Prazos-Roussas,Melgaço,4960-380,42.10533,-8.25743,manuel artur rodrigues,beq,prazos-roussas,"2,100 €",2026-05-15_dgeg_postos_raw.csv,29b7d543a34b5a9d
2026-05-15,2026-05-15 14:31:32,2026-05-11 10:50:00,88d6869e67eb9ee8,88d6869e67eb9ee8_diesel_regular,GALP - Aldeia da Venda,GALP,diesel_regular,Gasóleo simples,Outro,2.069,Alandroal,Évora,"Rua das Eirinhas, N.º 1",Aldeia da Venda,7200-011,38.543545,-7.474255,galp - aldeia da venda,galp,"rua das eirinhas, n.º 1","2,069 €",2026-05-15_dgeg_postos_raw.csv,e7c3d121e8084508
2026-05-15,2026-05-15 14:31:32,2026-05-11 10:50:00,88d6869e67eb9ee8,88d6869e67eb9ee8_gasoline_95,GALP - Aldeia da Venda,GALP,gasoline_95,Gasolina simples 95,Outro,2.062,Alandroal,Évora,"Rua das Eirinhas, N.º 1",Aldeia da Venda,7200-011,38.543545,-7.474255,galp - aldeia da venda,galp,"rua das eirinhas, n.º 1","2,062 €",2026-05-15_dgeg_postos_raw.csv,56251cf16b1fc53c
2026-05-15,2026-05-15 14:31:32,2026-05-11 10:50:00,88d6869e67eb9ee8,88d6869e67eb9ee8_diesel_premium,GALP - Aldeia da Venda,GALP,diesel_premium,Gasóleo especial,Outro,2.089,Alandroal,Évora,"Rua das Eirinhas, N.º 1",Aldeia da Venda,7200-011,38.543545,-7.474255,galp - aldeia da venda,galp,"rua das eirinhas, n.º 1","2,089 €",2026-05-15_dgeg_postos_raw.csv,454e07c5782f5ce1
2026-05-15,2026-05-15 14:31:32,2026-05-11 10:55:00,2fb4ce349efd16e2,2fb4ce349efd16e2_diesel_regular,REPSOL Vila Verde,REPSOL,diesel_regular,Gasóleo simples,Outro,2.029,Vila Verde,Braga,"Av. António Sérgio, S/N",Vila Verde,4730-709,41.644604,-8.436118,repsol vila verde,repsol,"av. antónio sérgio, s/n","2,029 €",2026-05-15_dgeg_postos_raw.csv,ec588dfd36a9a754
2026-05-15,2026-05-15 14:31:32,2026-05-11 10:55:00,2fb4ce349efd16e2,2fb4ce349efd16e2_gasoline_95,REPSOL Vila Verde,REPSOL,gasoline_95,Gasolina simples 95,Outro,2.029,Vila Verde,Braga,"Av. António Sérgio, S/N",Vila Verde,4730-709,41.644604,-8.436118,repsol vila verde,repsol,"av. antónio sérgio, s/n","2,029 €",2026-05-15_dgeg_postos_raw.csv,0f013d55f15253ba
2026-05-15,2026-05-15 14:31:32,2026-05-11 10:55:00,2fb4ce349efd16e2,2fb4ce349efd16e2_diesel_premium,REPSOL Vila Verde,REPSOL,diesel_premium,Gasóleo especial,Outro,2.089,Vila Verde,Braga,"Av. António Sérgio, S/N",Vila Verde,4730-709,41.644604,-8.436118,repsol vila verde,repsol,"av. antónio sérgio, s/n","2,089 €",2026-05-15_dgeg_postos_raw.csv,ce30e900de935fb1
2026-05-15,2026-05-15 14:31:32,2026-05-11 10:55:00,5a8e1a52744cf12c,5a8e1a52744cf12c_diesel_premium,PA Serzedo (Repsol) - 21017 Antorep,PETROVAZ,diesel_premium,Gasóleo especial,Outro,1.909,Vila Nova de Gaia,Porto,"Rua de S. Mamede,115",Serzedo,4410-021,41.04403,-8.622228,pa serzedo (repsol) - 21017 antorep,petrovaz,"rua de s. mamede,115","1,909 €",2026-05-15_dgeg_postos_raw.csv,ca101f5afda82349
2026-05-15,2026-05-15 14:31:32,2026-05-11 10:55:00,5a8e1a52744cf12c,5a8e1a52744cf12c_diesel_regular,PA Serzedo (Repsol) - 21017 Antorep,PETROVAZ,diesel_regular,Gasóleo simples,Outro,1.879,Vila Nova de Gaia,Porto,"Rua de S. Mamede,115",Serzedo,4410-021,41.04403,-8.622228,pa serzedo (repsol) - 21017 antorep,petrovaz,"rua de s. mamede,115","1,879 €",2026-05-15_dgeg_postos_raw.csv,ce2d09860d13d3c7
2026-05-15,2026-05-15 14:31:32,2026-05-11 10:55:00,5a8e1a52744cf12c,5a8e1a52744cf12c_gasoline_95,PA Serzedo (Repsol) - 21017 Antorep,PETROVAZ,gasoline_95,Gasolina simples 95,Outro,1.879,Vila Nova de Gaia,Porto,"Rua de S. Mamede,115",Serzedo,4410-021,41.04403,-8.622228,pa serzedo (repsol) - 21017 antorep,petrovaz,"rua de s. mamede,115","1,879 €",2026-05-15_dgeg_postos_raw.csv,8caa9b23bd0af3c3
2026-05-15,2026-05-15 14:31:32,2026-05-11 10:55:00,e870105d68972731,e870105d68972731_diesel_regular,MOEVE - Viseu (Av. da Bélgica),MOEVE,diesel_regular,Gasóleo simples,Outro,1.966,Viseu,Viseu,"Av. da Bélgica, São José",Viseu,3510-159,40.668633,-7.915817,moeve - viseu (av. da bélgica),moeve,"av. da bélgica, são josé","1,966 €",2026-05-15_dgeg_postos_raw.csv,f9651dcfe415e9cf
2026-05-15,2026-05-15 14:31:32,2026-05-11 10:55:00,978b6e26af8e5667,978b6e26af8e5667_diesel_regular,E.S. ALGERUZ,REPSOL,diesel_regular,Gasóleo simples,Outro,2.039,Palmela,Setúbal,Estrada Principal de Algeruz,Palmela,2950-051,38.581953,-8.83128,e.s. algeruz,repsol,estrada principal de algeruz,"2,039 €",2026-05-15_dgeg_postos_raw.csv,60cb7c24279656e0
2026-05-15,2026-05-15 14:31:32,2026-05-11 10:55:00,978b6e26af8e5667,978b6e26af8e5667_diesel_premium,E.S. ALGERUZ,REPSOL,diesel_premium,Gasóleo especial,Outro,2.099,Palmela,Setúbal,Estrada Principal de Algeruz,Palmela,2950-051,38.581953,-8.83128,e.s. algeruz,repsol,estrada principal de algeruz,"2,099 €",2026-05-15_dgeg_postos_raw.csv,887ce4684bcc20fb
2026-05-15,2026-05-15 14:31:32,2026-05-11 10:55:00,978b6e26af8e5667,978b6e26af8e5667_gasoline_95,E.S. ALGERUZ,REPSOL,gasoline_95,Gasolina simples 95,Outro,2.037,Palmela,Setúbal,Estrada Principal de Algeruz,Palmela,2950-051,38.581953,-8.83128,e.s. algeruz,repsol,estrada principal de algeruz,"2,037 €",2026-05-15_dgeg_postos_raw.csv,a108d92893387266
2026-05-15,2026-05-15 14:31:32,2026-05-11 10:55:00,660214f55b52f620,660214f55b52f620_diesel_regular,Intermarché Vialonga,INTERMARCHÉ,diesel_regular,Gasóleo simples,Outro,1.919,Vila Franca de Xira,Lisboa,"Urb. Terras Compridas, Lote 8\nEstrada da Várzea",Vialonga,2625-716,38.86376,-9.09955,intermarché vialonga,intermarché,"urb. terras compridas, lote 8\nestrada da várzea","1,919 €",2026-05-15_dgeg_postos_raw.csv,11cd2208b10465c9
2026-05-15,2026-05-15 14:31:32,2026-05-11 10:55:00,660214f55b52f620,660214f55b52f620_diesel_premium,Intermarché Vialonga,INTERMARCHÉ,diesel_premium,Gasóleo especial,Outro,1.939,Vila Franca de Xira,Lisboa,"Urb. Terras Compridas, Lote 8\nEstrada da Várzea",Vialonga,2625-716,38.86376,-9.09955,intermarché vialonga,intermarché,"urb. terras compridas, lote 8\nestrada da várzea","1,939 €",2026-05-15_dgeg_postos_raw.csv,ff88aff07391816a
2026-05-15,2026-05-15 14:31:32,2026-05-11 10:55:00,660214f55b52f620,660214f55b52f620_gasoline_95,Intermarché Vialonga,INTERMARCHÉ,gasoline_95,Gasolina simples 95,Outro,1.939,Vila Franca de Xira,Lisboa,"Urb. Terras Compridas, Lote 8\nEstrada da Várzea",Vialonga,2625-716,38.86376,-9.09955,intermarché vialonga,intermarché,"urb. terras compridas, lote 8\nestrada da várzea","1,939 €",2026-05-15_dgeg_postos_raw.csv,8894979b521db61b
2026-05-15,2026-05-15 14:31:32,2026-05-11 10:55:00,ffe3fa5aac778698,ffe3fa5aac778698_diesel_regular,E.S. S. JOAO PONTE A,REPSOL,diesel_regular,Gasóleo simples,Outro,2.019,Guimarães,Braga,"EN 101 Km 107,310",S. João da Ponte - Tojais,4800-000,41.469369,-8.327869,e.s. s. joao ponte a,repsol,"en 101 km 107,310","2,019 €",2026-05-15_dgeg_postos_raw.csv,da34cccfd565f115
2026-05-15,2026-05-15 14:31:32,2026-05-11 10:55:00,ffe3fa5aac778698,ffe3fa5aac778698_diesel_premium,E.S. S. JOAO PONTE A,REPSOL,diesel_premium,Gasóleo especial,Outro,2.079,Guimarães,Braga,"EN 101 Km 107,310",S. João da Ponte - Tojais,4800-000,41.469369,-8.327869,e.s. s. joao ponte a,repsol,"en 101 km 107,310","2,079 €",2026-05-15_dgeg_postos_raw.csv,6eb03c5242fd05b1
2026-05-15,2026-05-15 14:31:32,2026-05-11 10:55:00,ffe3fa5aac778698,ffe3fa5aac778698_gasoline_95,E.S. S. JOAO PONTE A,REPSOL,gasoline_95,Gasolina simples 95,Outro,2.017,Guimarães,Braga,"EN 101 Km 107,310",S. João da Ponte - Tojais,4800-000,41.469369,-8.327869,e.s. s. joao ponte a,repsol,"en 101 km 107,310","2,017 €",2026-05-15_dgeg_postos_raw.csv,427fa0d3b1e41562
2026-05-15,2026-05-15 14:31:32,2026-05-11 10:55:00,ffe3fa5aac778698,ffe3fa5aac778698_gasoline_98,E.S. S. JOAO PONTE A,REPSOL,gasoline_98,Gasolina especial 98,Outro,2.197,Guimarães,Braga,"EN 101 Km 107,310",S. João da Ponte - Tojais,4800-000,41.469369,-8.327869,e.s. s. joao ponte a,repsol,"en 101 km 107,310","2,197 €",2026-05-15_dgeg_postos_raw.csv,c713d6d975a08cbd
2026-05-15,2026-05-15 14:31:32,2026-05-11 10:55:00,e870105d68972731,e870105d68972731_diesel_premium,MOEVE - Viseu (Av. da Bélgica),MOEVE,diesel_premium,Gasóleo especial,Outro,2.016,Viseu,Viseu,"Av. da Bélgica, São José",Viseu,3510-159,40.668633,-7.915817,moeve - viseu (av. da bélgica),moeve,"av. da bélgica, são josé","2,016 €",2026-05-15_dgeg_postos_raw.csv,ee860db047e1c4e2
2026-05-15,2026-05-15 14:31:32,2026-05-11 10:55:00,e870105d68972731,e870105d68972731_gasoline_95,MOEVE - Viseu (Av. da Bélgica),MOEVE,gasoline_95,Gasolina simples 95,Outro,1.958,Viseu,Viseu,"Av. da Bélgica, São José",Viseu,3510-159,40.668633,-7.915817,moeve - viseu (av. da bélgica),moeve,"av. da bélgica, são josé","1,958 €",2026-05-15_dgeg_postos_raw.csv,a4048f879bfd43ec
2026-05-15,2026-05-15 14:31:32,2026-05-11 10:55:00,adc10ded1f67d0ef,adc10ded1f67d0ef_diesel_regular,E.S. EVORAMONTE,REPSOL,diesel_regular,Gasóleo simples,Outro,2.034,Estremoz,Évora,Rua da Azaruja nº 1,Évora Monte,7100-229,38.76292,-7.71828,e.s. evoramonte,repsol,rua da azaruja nº 1,"2,034 €",2026-05-15_dgeg_postos_raw.csv,28010bc76ab20e45
2026-05-15,2026-05-15 14:31:32,2026-05-11 10:55:00,adc10ded1f67d0ef,adc10ded1f67d0ef_diesel_premium,E.S. EVORAMONTE,REPSOL,diesel_premium,Gasóleo especial,Outro,2.104,Estremoz,Évora,Rua da Azaruja nº 1,Évora Monte,7100-229,38.76292,-7.71828,e.s. evoramonte,repsol,rua da azaruja nº 1,"2,104 €",2026-05-15_dgeg_postos_raw.csv,2f098931d311c5dd
2026-05-15,2026-05-15 14:31:32,2026-05-11 10:55:00,adc10ded1f67d0ef,adc10ded1f67d0ef_gasoline_95,E.S. EVORAMONTE,REPSOL,gasoline_95,Gasolina simples 95,Outro,1.989,Estremoz,Évora,Rua da Azaruja nº 1,Évora Monte,7100-229,38.76292,-7.71828,e.s. evoramonte,repsol,rua da azaruja nº 1,"1,989 €",2026-05-15_dgeg_postos_raw.csv,5ef491c17023be36
2026-05-15,2026-05-15 14:31:32,2026-05-11 11:00:00,1844f46a53d8cc37,1844f46a53d8cc37_diesel_regular,E.S. GANDRA PAREDES,REPSOL,diesel_regular,Gasóleo simples,Outro,2.019,Paredes,Porto,EN 15-3 (Cruzamento da Rua do Negral C/ Rua Central da Ribeira),Campo,4440-115,41.172061,-8.441431,e.s. gandra paredes,repsol,en 15-3 (cruzamento da rua do negral c/ rua central da ribeira),"2,019 €",2026-05-15_dgeg_postos_raw.csv,c81d736ff9e47a7f
2026-05-15,2026-05-15 14:31:32,2026-05-11 11:00:00,1844f46a53d8cc37,1844f46a53d8cc37_diesel_premium,E.S. GANDRA PAREDES,REPSOL,diesel_premium,Gasóleo especial,Outro,2.079,Paredes,Porto,EN 15-3 (Cruzamento da Rua do Negral C/ Rua Central da Ribeira),Campo,4440-115,41.172061,-8.441431,e.s. gandra paredes,repsol,en 15-3 (cruzamento da rua do negral c/ rua central da ribeira),"2,079 €",2026-05-15_dgeg_postos_raw.csv,e23d5ba81bf5146d
2026-05-15,2026-05-15 14:31:32,2026-05-11 11:00:00,1844f46a53d8cc37,1844f46a53d8cc37_gasoline_95,E.S. GANDRA PAREDES,REPSOL,gasoline_95,Gasolina simples 95,Outro,2.017,Paredes,Porto,EN 15-3 (Cruzamento da Rua do Negral C/ Rua Central da Ribeira),Campo,4440-115,41.172061,-8.441431,e.s. gandra paredes,repsol,en 15-3 (cruzamento da rua do negral c/ rua central da ribeira),"2,017 €",2026-05-15_dgeg_postos_raw.csv,65d090c1d2dd2ee4
2026-05-15,2026-05-15 14:31:32,2026-05-11 11:00:00,1844f46a53d8cc37,1844f46a53d8cc37_gasoline_98,E.S. GANDRA PAREDES,REPSOL,gasoline_98,Gasolina especial 98,Outro,2.197,Paredes,Porto,EN 15-3 (Cruzamento da Rua do Negral C/ Rua Central da Ribeira),Campo,4440-115,41.172061,-8.441431,e.s. gandra paredes,repsol,en 15-3 (cruzamento da rua do negral c/ rua central da ribeira),"2,197 €",2026-05-15_dgeg_postos_raw.csv,89756f41645f41fe
2026-05-15,2026-05-15 14:31:32,2026-05-11 11:00:00,008e77c2fc9c8203,008e77c2fc9c8203_diesel_regular,E.S. STO. ANDRE,REPSOL,diesel_regular,Gasóleo simples,Outro,2.079,Santiago do Cacém,Setúbal,Zona Industrial Ligeira Lt. 27 A,Stº André,7500-062,38.05402,-8.78824,e.s. sto. andre,repsol,zona industrial ligeira lt. 27 a,"2,079 €",2026-05-15_dgeg_postos_raw.csv,6e033a3974dff5b3
2026-05-15,2026-05-15 14:31:32,2026-05-11 11:00:00,008e77c2fc9c8203,008e77c2fc9c8203_diesel_premium,E.S. STO. ANDRE,REPSOL,diesel_premium,Gasóleo especial,Outro,2.149,Santiago do Cacém,Setúbal,Zona Industrial Ligeira Lt. 27 A,Stº André,7500-062,38.05402,-8.78824,e.s. sto. andre,repsol,zona industrial ligeira lt. 27 a,"2,149 €",2026-05-15_dgeg_postos_raw.csv,2d45d5e39e559e00
2026-05-15,2026-05-15 14:31:32,2026-05-11 11:00:00,008e77c2fc9c8203,008e77c2fc9c8203_gasoline_95,E.S. STO. ANDRE,REPSOL,gasoline_95,Gasolina simples 95,Outro,2.067,Santiago do Cacém,Setúbal,Zona Industrial Ligeira Lt. 27 A,Stº André,7500-062,38.05402,-8.78824,e.s. sto. andre,repsol,zona industrial ligeira lt. 27 a,"2,067 €",2026-05-15_dgeg_postos_raw.csv,d4c5cd0b0d995181
2026-05-15,2026-05-15 14:31:32,2026-05-11 11:00:00,008e77c2fc9c8203,008e77c2fc9c8203_gasoline_98,E.S. STO. ANDRE,REPSOL,gasoline_98,Gasolina especial 98,Outro,2.267,Santiago do Cacém,Setúbal,Zona Industrial Ligeira Lt. 27 A,Stº André,7500-062,38.05402,-8.78824,e.s. sto. andre,repsol,zona industrial ligeira lt. 27 a,"2,267 €",2026-05-15_dgeg_postos_raw.csv,61182c340159745e
2026-05-15,2026-05-15 14:31:32,2026-05-11 11:00:00,94f0d5f54f1cdfb3,94f0d5f54f1cdfb3_diesel_regular,RICARSANTOS - CEPOES,GALP,diesel_regular,Gasóleo simples,Outro,2.014,Viseu,Viseu,EM 323,Cepões,3500-000,40.74685,-7.80962,ricarsantos - cepoes,galp,em 323,"2,014 €",2026-05-15_dgeg_postos_raw.csv,980d0c29bad3595d
2026-05-15,2026-05-15 14:31:32,2026-05-11 11:00:00,94f0d5f54f1cdfb3,94f0d5f54f1cdfb3_gasoline_95,RICARSANTOS - CEPOES,GALP,gasoline_95,Gasolina simples 95,Outro,2.014,Viseu,Viseu,EM 323,Cepões,3500-000,40.74685,-7.80962,ricarsantos - cepoes,galp,em 323,"2,014 €",2026-05-15_dgeg_postos_raw.csv,fb16c1f53e4ddf89
2026-05-15,2026-05-15 14:31:32,2026-05-11 11:00:00,2e0d6c8d53ef091f,2e0d6c8d53ef091f_diesel_regular,PRIO FEBRES,PRIO,diesel_regular,Gasóleo simples,Outro,1.979,Cantanhede,Coimbra,"Rua Fernando Serra Oliveira, nº111",Barracão - Febres,3060-318,40.39665,-8.643492,prio febres,prio,"rua fernando serra oliveira, nº111","1,979 €",2026-05-15_dgeg_postos_raw.csv,ae07d2ff7c0c0f27
2026-05-15,2026-05-15 14:31:32,2026-05-11 11:00:00,2e0d6c8d53ef091f,2e0d6c8d53ef091f_diesel_premium,PRIO FEBRES,PRIO,diesel_premium,Gasóleo especial,Outro,1.959,Cantanhede,Coimbra,"Rua Fernando Serra Oliveira, nº111",Barracão - Febres,3060-318,40.39665,-8.643492,prio febres,prio,"rua fernando serra oliveira, nº111","1,959 €",2026-05-15_dgeg_postos_raw.csv,41e202094261109f
2026-05-15,2026-05-15 14:31:32,2026-05-11 11:00:00,2e0d6c8d53ef091f,2e0d6c8d53ef091f_gasoline_95,PRIO FEBRES,PRIO,gasoline_95,Gasolina simples 95,Outro,1.979,Cantanhede,Coimbra,"Rua Fernando Serra Oliveira, nº111",Barracão - Febres,3060-318,40.39665,-8.643492,prio febres,prio,"rua fernando serra oliveira, nº111","1,979 €",2026-05-15_dgeg_postos_raw.csv,294169040bbcc969
2026-05-15,2026-05-15 14:31:32,2026-05-11 11:00:00,59f994361b42dc1a,59f994361b42dc1a_diesel_regular,CEPSA Arganil I (ARG/CBR) - GOMAPE de António Mário Dias Marques,CEPSA,diesel_regular,Gasóleo simples,Outro,1.999,Arganil,Coimbra,"Estrada Nacional 342-4, km 1.5",São Pedro,3300-118,40.23154,-8.063031,cepsa arganil i (arg/cbr) - gomape de antónio mário dias marques,cepsa,"estrada nacional 342-4, km 1.5","1,999 €",2026-05-15_dgeg_postos_raw.csv,fa15ba2cbfbea752
2026-05-15,2026-05-15 14:31:32,2026-05-11 11:00:00,59f994361b42dc1a,59f994361b42dc1a_diesel_premium,CEPSA Arganil I (ARG/CBR) - GOMAPE de António Mário Dias Marques,CEPSA,diesel_premium,Gasóleo especial,Outro,2.056,Arganil,Coimbra,"Estrada Nacional 342-4, km 1.5",São Pedro,3300-118,40.23154,-8.063031,cepsa arganil i (arg/cbr) - gomape de antónio mário dias marques,cepsa,"estrada nacional 342-4, km 1.5","2,056 €",2026-05-15_dgeg_postos_raw.csv,97ed60acafde2a2c
2026-05-15,2026-05-15 14:31:32,2026-05-11 11:00:00,59f994361b42dc1a,59f994361b42dc1a_gasoline_95,CEPSA Arganil I (ARG/CBR) - GOMAPE de António Mário Dias Marques,CEPSA,gasoline_95,Gasolina simples 95,Outro,1.983,Arganil,Coimbra,"Estrada Nacional 342-4, km 1.5",São Pedro,3300-118,40.23154,-8.063031,cepsa arganil i (arg/cbr) - gomape de antónio mário dias marques,cepsa,"estrada nacional 342-4, km 1.5","1,983 €",2026-05-15_dgeg_postos_raw.csv,abbc8f3c7a121741
2026-05-15,2026-05-15 14:31:32,2026-05-11 11:00:00,59f994361b42dc1a,59f994361b42dc1a_gasoline_98,CEPSA Arganil I (ARG/CBR) - GOMAPE de António Mário Dias Marques,CEPSA,gasoline_98,Gasolina especial 98,Outro,2.195,Arganil,Coimbra,"Estrada Nacional 342-4, km 1.5",São Pedro,3300-118,40.23154,-8.063031,cepsa arganil i (arg/cbr) - gomape de antónio mário dias marques,cepsa,"estrada nacional 342-4, km 1.5","2,195 €",2026-05-15_dgeg_postos_raw.csv,f03ee478afe473d9
2026-05-15,2026-05-15 14:31:32,2026-05-11 11:00:00,33ab568acc117e3e,33ab568acc117e3e_diesel_regular,Intersacavem Supermercados Lda,INTERMARCHÉ,diesel_regular,Gasóleo simples,Outro,1.889,Loures,Lisboa,"R. Cidade Goa, 22- 22A",Sacavém,2685-038,38.791079,-9.103216,intersacavem supermercados lda,intermarché,"r. cidade goa, 22- 22a","1,889 €",2026-05-15_dgeg_postos_raw.csv,e6b181d5edf2ea7e
2026-05-15,2026-05-15 14:31:32,2026-05-11 11:00:00,33ab568acc117e3e,33ab568acc117e3e_diesel_premium,Intersacavem Supermercados Lda,INTERMARCHÉ,diesel_premium,Gasóleo especial,Outro,1.919,Loures,Lisboa,"R. Cidade Goa, 22- 22A",Sacavém,2685-038,38.791079,-9.103216,intersacavem supermercados lda,intermarché,"r. cidade goa, 22- 22a","1,919 €",2026-05-15_dgeg_postos_raw.csv,585d3e93ca5de56b
2026-05-15,2026-05-15 14:31:32,2026-05-11 11:00:00,33ab568acc117e3e,33ab568acc117e3e_gasoline_95,Intersacavem Supermercados Lda,INTERMARCHÉ,gasoline_95,Gasolina simples 95,Outro,1.899,Loures,Lisboa,"R. Cidade Goa, 22- 22A",Sacavém,2685-038,38.791079,-9.103216,intersacavem supermercados lda,intermarché,"r. cidade goa, 22- 22a","1,899 €",2026-05-15_dgeg_postos_raw.csv,4375a26495cc1ebe
2026-05-15,2026-05-15 14:31:32,2026-05-11 11:00:00,26f7e327b0347c3d,26f7e327b0347c3d_diesel_regular,PA Bodiosa - Viseu,Genérico,diesel_regular,Gasóleo simples,Outro,1.879,Viseu,Viseu,"EN 16, km 86,700 - Recta da Ribeira - Travanca da Bodiosa",Travanca da Bodiosa,3515-692,40.710724,-7.953193,pa bodiosa - viseu,genérico,"en 16, km 86,700 - recta da ribeira - travanca da bodiosa","1,879 €",2026-05-15_dgeg_postos_raw.csv,9777711ddc41d469
2026-05-15,2026-05-15 14:31:32,2026-05-11 11:00:00,26f7e327b0347c3d,26f7e327b0347c3d_diesel_premium,PA Bodiosa - Viseu,Genérico,diesel_premium,Gasóleo especial,Outro,1.879,Viseu,Viseu,"EN 16, km 86,700 - Recta da Ribeira - Travanca da Bodiosa",Travanca da Bodiosa,3515-692,40.710724,-7.953193,pa bodiosa - viseu,genérico,"en 16, km 86,700 - recta da ribeira - travanca da bodiosa","1,879 €",2026-05-15_dgeg_postos_raw.csv,68bca70a1ffc550b
2026-05-15,2026-05-15 14:31:32,2026-05-11 11:00:00,e61c2c1afd108745,e61c2c1afd108745_diesel_regular,PA Vouguinha - Viseu,Genérico,diesel_regular,Gasóleo simples,Outro,1.979,Viseu,Viseu,"EN 323 Km 99,6 Vouguinha",Vouguinha,3505-239,40.77846,-7.807243,pa vouguinha - viseu,genérico,"en 323 km 99,6 vouguinha","1,979 €",2026-05-15_dgeg_postos_raw.csv,7a88545905b9d6c8
2026-05-15,2026-05-15 14:31:32,2026-05-11 11:00:00,e61c2c1afd108745,e61c2c1afd108745_diesel_premium,PA Vouguinha - Viseu,Genérico,diesel_premium,Gasóleo especial,Outro,1.979,Viseu,Viseu,"EN 323 Km 99,6 Vouguinha",Vouguinha,3505-239,40.77846,-7.807243,pa vouguinha - viseu,genérico,"en 323 km 99,6 vouguinha","1,979 €",2026-05-15_dgeg_postos_raw.csv,c37a5c6a68e29b06
2026-05-15,2026-05-15 14:31:32,2026-05-11 11:00:00,0166edfbf9a3998e,0166edfbf9a3998e_gasoline_98,CEPSA - AGUIAR DA BEIRA,CEPSA,gasoline_98,Gasolina especial 98,Outro,2.232,Aguiar da Beira,Guarda,Cruzamento de Sequeiros,Aguiar da Beira,3570-078,40.83087,-7.52887,cepsa - aguiar da beira,cepsa,cruzamento de sequeiros,"2,232 €",2026-05-15_dgeg_postos_raw.csv,d31572f775d45ec3
2026-05-15,2026-05-15 14:31:32,2026-05-11 11:00:00,0166edfbf9a3998e,0166edfbf9a3998e_diesel_premium,CEPSA - AGUIAR DA BEIRA,CEPSA,diesel_premium,Gasóleo especial,Outro,2.089,Aguiar da Beira,Guarda,Cruzamento de Sequeiros,Aguiar da Beira,3570-078,40.83087,-7.52887,cepsa - aguiar da beira,cepsa,cruzamento de sequeiros,"2,089 €",2026-05-15_dgeg_postos_raw.csv,8b3f995fb807402b
2026-05-15,2026-05-15 14:31:32,2026-05-11 11:00:00,0166edfbf9a3998e,0166edfbf9a3998e_diesel_regular,CEPSA - AGUIAR DA BEIRA,CEPSA,diesel_regular,Gasóleo simples,Outro,2.039,Aguiar da Beira,Guarda,Cruzamento de Sequeiros,Aguiar da Beira,3570-078,40.83087,-7.52887,cepsa - aguiar da beira,cepsa,cruzamento de sequeiros,"2,039 €",2026-05-15_dgeg_postos_raw.csv,8b0d540fd49f80b9
2026-05-15,2026-05-15 14:31:32,2026-05-11 11:00:00,0166edfbf9a3998e,0166edfbf9a3998e_gasoline_95,CEPSA - AGUIAR DA BEIRA,CEPSA,gasoline_95,Gasolina simples 95,Outro,2.032,Aguiar da Beira,Guarda,Cruzamento de Sequeiros,Aguiar da Beira,3570-078,40.83087,-7.52887,cepsa - aguiar da beira,cepsa,cruzamento de sequeiros,"2,032 €",2026-05-15_dgeg_postos_raw.csv,5dbafd8c750c2ebe
2026-05-15,2026-05-15 14:31:32,2026-05-11 11:00:00,94f0d5f54f1cdfb3,94f0d5f54f1cdfb3_diesel_premium,RICARSANTOS - CEPOES,GALP,diesel_premium,Gasóleo especial,Outro,2.059,Viseu,Viseu,EM 323,Cepões,3500-000,40.74685,-7.80962,ricarsantos - cepoes,galp,em 323,"2,059 €",2026-05-15_dgeg_postos_raw.csv,896b821767feece7
2026-05-15,2026-05-15 14:31:32,2026-05-11 11:00:00,096f63179b6d2e70,096f63179b6d2e70_diesel_regular,PA Alva,Genérico,diesel_regular,Gasóleo simples,Outro,1.879,Castro Daire,Viseu,ESTRADA CARVALHA DE ALVA,Alva,3600-021,40.84792,-7.970101,pa alva,genérico,estrada carvalha de alva,"1,879 €",2026-05-15_dgeg_postos_raw.csv,5d5bf3adc3e26946
2026-05-15,2026-05-15 14:31:32,2026-05-11 11:00:00,096f63179b6d2e70,096f63179b6d2e70_diesel_premium,PA Alva,Genérico,diesel_premium,Gasóleo especial,Outro,1.879,Castro Daire,Viseu,ESTRADA CARVALHA DE ALVA,Alva,3600-021,40.84792,-7.970101,pa alva,genérico,estrada carvalha de alva,"1,879 €",2026-05-15_dgeg_postos_raw.csv,501ccbd293b86b2b
2026-05-15,2026-05-15 14:31:32,2026-05-11 11:00:00,c8b9dc11b9c29f84,c8b9dc11b9c29f84_diesel_regular,ES-POCEIRAO,REPSOL,diesel_regular,Gasóleo simples,Outro,2.029,Palmela,Setúbal,EM 533,Poceirão,2965-271,38.64699,-8.74478,es-poceirao,repsol,em 533,"2,029 €",2026-05-15_dgeg_postos_raw.csv,448ad1cd7bc23742
2026-05-15,2026-05-15 14:31:32,2026-05-11 11:00:00,c8b9dc11b9c29f84,c8b9dc11b9c29f84_diesel_premium,ES-POCEIRAO,REPSOL,diesel_premium,Gasóleo especial,Outro,2.089,Palmela,Setúbal,EM 533,Poceirão,2965-271,38.64699,-8.74478,es-poceirao,repsol,em 533,"2,089 €",2026-05-15_dgeg_postos_raw.csv,ab05de3cd8102b55
2026-05-15,2026-05-15 14:31:32,2026-05-11 11:00:00,c8b9dc11b9c29f84,c8b9dc11b9c29f84_gasoline_95,ES-POCEIRAO,REPSOL,gasoline_95,Gasolina simples 95,Outro,2.027,Palmela,Setúbal,EM 533,Poceirão,2965-271,38.64699,-8.74478,es-poceirao,repsol,em 533,"2,027 €",2026-05-15_dgeg_postos_raw.csv,a08b5e92e85eee04
2026-05-15,2026-05-15 14:31:32,2026-05-11 11:00:00,093be141d2dcfbe0,093be141d2dcfbe0_diesel_regular,"Malhadauto- Combustiveis, Lda",REDIL,diesel_regular,Gasóleo simples,Outro,2.045,Vagos,Aveiro,Estrada da Vagueira\r\n,Vagos - Vala das Malhadas,3840-417,40.55495,-8.70414,"malhadauto- combustiveis, lda",redil,estrada da vagueira\r\n,"2,045 €",2026-05-15_dgeg_postos_raw.csv,cd7d761869f73754
2026-05-15,2026-05-15 14:31:32,2026-05-11 11:00:00,093be141d2dcfbe0,093be141d2dcfbe0_diesel_premium,"Malhadauto- Combustiveis, Lda",REDIL,diesel_premium,Gasóleo especial,Outro,2.095,Vagos,Aveiro,Estrada da Vagueira\r\n,Vagos - Vala das Malhadas,3840-417,40.55495,-8.70414,"malhadauto- combustiveis, lda",redil,estrada da vagueira\r\n,"2,095 €",2026-05-15_dgeg_postos_raw.csv,3c1622c12757741b
2026-05-15,2026-05-15 14:31:32,2026-05-11 11:00:00,093be141d2dcfbe0,093be141d2dcfbe0_gasoline_95,"Malhadauto- Combustiveis, Lda",REDIL,gasoline_95,Gasolina simples 95,Outro,2.035,Vagos,Aveiro,Estrada da Vagueira\r\n,Vagos - Vala das Malhadas,3840-417,40.55495,-8.70414,"malhadauto- combustiveis, lda",redil,estrada da vagueira\r\n,"2,035 €",2026-05-15_dgeg_postos_raw.csv,f22e88450736c8d2
2026-05-15,2026-05-15 14:31:32,2026-05-11 11:00:00,12cdc6b11a72fd29,12cdc6b11a72fd29_diesel_premium,CEPSA  Pena Verde,CEPSA,diesel_premium,Gasóleo especial,Outro,2.015,Aguiar da Beira,Guarda,"ESTRADA NACIONAL 330, KM 10,600, PENA VERDE",Feitais,3570-170,40.74218,-7.496557,cepsa pena verde,cepsa,"estrada nacional 330, km 10,600, pena verde","2,015 €",2026-05-15_dgeg_postos_raw.csv,f1e0e696f9cf7fb6
2026-05-15,2026-05-15 14:31:32,2026-05-11 11:00:00,12cdc6b11a72fd29,12cdc6b11a72fd29_diesel_regular,CEPSA  Pena Verde,CEPSA,diesel_regular,Gasóleo simples,Outro,1.965,Aguiar da Beira,Guarda,"ESTRADA NACIONAL 330, KM 10,600, PENA VERDE",Feitais,3570-170,40.74218,-7.496557,cepsa pena verde,cepsa,"estrada nacional 330, km 10,600, pena verde","1,965 €",2026-05-15_dgeg_postos_raw.csv,87aeafe7582f5d22
2026-05-15,2026-05-15 14:31:32,2026-05-11 11:00:00,12cdc6b11a72fd29,12cdc6b11a72fd29_gasoline_98,CEPSA  Pena Verde,CEPSA,gasoline_98,Gasolina especial 98,Outro,2.162,Aguiar da Beira,Guarda,"ESTRADA NACIONAL 330, KM 10,600, PENA VERDE",Feitais,3570-170,40.74218,-7.496557,cepsa pena verde,cepsa,"estrada nacional 330, km 10,600, pena verde","2,162 €",2026-05-15_dgeg_postos_raw.csv,3b304027b9182d92
2026-05-15,2026-05-15 14:31:32,2026-05-11 11:00:00,12cdc6b11a72fd29,12cdc6b11a72fd29_gasoline_95,CEPSA  Pena Verde,CEPSA,gasoline_95,Gasolina simples 95,Outro,1.954,Aguiar da Beira,Guarda,"ESTRADA NACIONAL 330, KM 10,600, PENA VERDE",Feitais,3570-170,40.74218,-7.496557,cepsa pena verde,cepsa,"estrada nacional 330, km 10,600, pena verde","1,954 €",2026-05-15_dgeg_postos_raw.csv,f41555477574e822
2026-05-15,2026-05-15 14:31:32,2026-05-11 11:00:00,5c74b5c6f235e216,5c74b5c6f235e216_diesel_premium,E.LECLERC FIGUEIRA DA FOZ,LECLERC,diesel_premium,Gasóleo especial,Outro,1.939,Figueira da Foz,Coimbra,Lugar dos Quatro Caminhos,Tavarede,3080-510,40.164868,-8.851725,e.leclerc figueira da foz,leclerc,lugar dos quatro caminhos,"1,939 €",2026-05-15_dgeg_postos_raw.csv,f6ed72a4e6a37eec
2026-05-15,2026-05-15 14:31:32,2026-05-11 11:00:00,5c74b5c6f235e216,5c74b5c6f235e216_diesel_regular,E.LECLERC FIGUEIRA DA FOZ,LECLERC,diesel_regular,Gasóleo simples,Outro,1.899,Figueira da Foz,Coimbra,Lugar dos Quatro Caminhos,Tavarede,3080-510,40.164868,-8.851725,e.leclerc figueira da foz,leclerc,lugar dos quatro caminhos,"1,899 €",2026-05-15_dgeg_postos_raw.csv,bf7f7e60774cb71b
2026-05-15,2026-05-15 14:31:32,2026-05-11 11:00:00,5c74b5c6f235e216,5c74b5c6f235e216_gasoline_95,E.LECLERC FIGUEIRA DA FOZ,LECLERC,gasoline_95,Gasolina simples 95,Outro,1.919,Figueira da Foz,Coimbra,Lugar dos Quatro Caminhos,Tavarede,3080-510,40.164868,-8.851725,e.leclerc figueira da foz,leclerc,lugar dos quatro caminhos,"1,919 €",2026-05-15_dgeg_postos_raw.csv,df2bcbdc3f2fb1f7
2026-05-15,2026-05-15 14:31:32,2026-05-11 11:00:00,655b5b87d306f6c0,655b5b87d306f6c0_diesel_regular,REPSOL- FRONTEIRA,REPSOL,diesel_regular,Gasóleo simples,Outro,2.019,Fronteira,Portalegre,"Lot. Municipal Sr. dos Martires, Lote 9",Fronteira,7460-105,39.062,-7.651104,repsol- fronteira,repsol,"lot. municipal sr. dos martires, lote 9","2,019 €",2026-05-15_dgeg_postos_raw.csv,ba047de31375ccfa
2026-05-15,2026-05-15 14:31:32,2026-05-11 11:00:00,655b5b87d306f6c0,655b5b87d306f6c0_diesel_premium,REPSOL- FRONTEIRA,REPSOL,diesel_premium,Gasóleo especial,Outro,2.089,Fronteira,Portalegre,"Lot. Municipal Sr. dos Martires, Lote 9",Fronteira,7460-105,39.062,-7.651104,repsol- fronteira,repsol,"lot. municipal sr. dos martires, lote 9","2,089 €",2026-05-15_dgeg_postos_raw.csv,9e90e0d44361b6b7
2026-05-15,2026-05-15 14:31:32,2026-05-11 11:00:00,655b5b87d306f6c0,655b5b87d306f6c0_gasoline_95,REPSOL- FRONTEIRA,REPSOL,gasoline_95,Gasolina simples 95,Outro,2.017,Fronteira,Portalegre,"Lot. Municipal Sr. dos Martires, Lote 9",Fronteira,7460-105,39.062,-7.651104,repsol- fronteira,repsol,"lot. municipal sr. dos martires, lote 9","2,017 €",2026-05-15_dgeg_postos_raw.csv,a37bf9ecb2db7966
2026-05-15,2026-05-15 14:31:32,2026-05-11 11:00:00,f285479ec906e18c,f285479ec906e18c_diesel_regular,GALP - Delfim Augusto Nunes Lda - Fornos de Algodres,GALP,diesel_regular,Gasóleo simples,Outro,2.015,Fornos de Algodres,Guarda,Estrada Nacional 16 - nº 161,Fornos de Algodres,6370-147,40.616276,-7.544104,galp - delfim augusto nunes lda - fornos de algodres,galp,estrada nacional 16 - nº 161,"2,015 €",2026-05-15_dgeg_postos_raw.csv,1902e2f05df7bf9d
2026-05-15,2026-05-15 14:31:32,2026-05-11 11:00:00,f285479ec906e18c,f285479ec906e18c_diesel_premium,GALP - Delfim Augusto Nunes Lda - Fornos de Algodres,GALP,diesel_premium,Gasóleo especial,Outro,2.065,Fornos de Algodres,Guarda,Estrada Nacional 16 - nº 161,Fornos de Algodres,6370-147,40.616276,-7.544104,galp - delfim augusto nunes lda - fornos de algodres,galp,estrada nacional 16 - nº 161,"2,065 €",2026-05-15_dgeg_postos_raw.csv,6e55bf93c6405cb7
2026-05-15,2026-05-15 14:31:32,2026-05-11 11:00:00,f285479ec906e18c,f285479ec906e18c_gasoline_95,GALP - Delfim Augusto Nunes Lda - Fornos de Algodres,GALP,gasoline_95,Gasolina simples 95,Outro,2.011,Fornos de Algodres,Guarda,Estrada Nacional 16 - nº 161,Fornos de Algodres,6370-147,40.616276,-7.544104,galp - delfim augusto nunes lda - fornos de algodres,galp,estrada nacional 16 - nº 161,"2,011 €",2026-05-15_dgeg_postos_raw.csv,0038f0cf7085bc2e
2026-05-15,2026-05-15 14:31:32,2026-05-11 11:00:00,31814a064222a3db,31814a064222a3db_diesel_regular,GALP Fontainhas (Estrada Montechoro),GALP,diesel_regular,Gasóleo simples,Outro,2.078,Albufeira,Faro,Estr. Montechoro - Torre da Mosqueira,Albufeira,8200-387,37.118633,-8.227034,galp fontainhas (estrada montechoro),galp,estr. montechoro - torre da mosqueira,"2,078 €",2026-05-15_dgeg_postos_raw.csv,c0b60e7800638648
2026-05-15,2026-05-15 14:31:32,2026-05-11 11:00:00,31814a064222a3db,31814a064222a3db_diesel_premium,GALP Fontainhas (Estrada Montechoro),GALP,diesel_premium,Gasóleo especial,Outro,2.128,Albufeira,Faro,Estr. Montechoro - Torre da Mosqueira,Albufeira,8200-387,37.118633,-8.227034,galp fontainhas (estrada montechoro),galp,estr. montechoro - torre da mosqueira,"2,128 €",2026-05-15_dgeg_postos_raw.csv,4b4169d93b2073a0
2026-05-15,2026-05-15 14:31:32,2026-05-11 11:00:00,31814a064222a3db,31814a064222a3db_gasoline_95,GALP Fontainhas (Estrada Montechoro),GALP,gasoline_95,Gasolina simples 95,Outro,2.072,Albufeira,Faro,Estr. Montechoro - Torre da Mosqueira,Albufeira,8200-387,37.118633,-8.227034,galp fontainhas (estrada montechoro),galp,estr. montechoro - torre da mosqueira,"2,072 €",2026-05-15_dgeg_postos_raw.csv,9f43cc233424fdf2
2026-05-15,2026-05-15 14:31:32,2026-05-11 11:05:00,ee70a20596091daa,ee70a20596091daa_diesel_regular,CEPSA  Maceda 1 (Ovr/Mcd),CEPSA,diesel_regular,Gasóleo simples,Outro,1.986,Ovar,Aveiro,Estrada Nacional nº. 109 - Lugar da Pardala,Ovar,3880-100,40.892628,-8.615114,cepsa maceda 1 (ovr/mcd),cepsa,estrada nacional nº. 109 - lugar da pardala,"1,986 €",2026-05-15_dgeg_postos_raw.csv,ae12b65a42311130
2026-05-15,2026-05-15 14:31:32,2026-05-11 11:05:00,ee70a20596091daa,ee70a20596091daa_diesel_premium,CEPSA  Maceda 1 (Ovr/Mcd),CEPSA,diesel_premium,Gasóleo especial,Outro,2.036,Ovar,Aveiro,Estrada Nacional nº. 109 - Lugar da Pardala,Ovar,3880-100,40.892628,-8.615114,cepsa maceda 1 (ovr/mcd),cepsa,estrada nacional nº. 109 - lugar da pardala,"2,036 €",2026-05-15_dgeg_postos_raw.csv,4284e27b60152417
2026-05-15,2026-05-15 14:31:32,2026-05-11 11:05:00,ee70a20596091daa,ee70a20596091daa_gasoline_95,CEPSA  Maceda 1 (Ovr/Mcd),CEPSA,gasoline_95,Gasolina simples 95,Outro,1.978,Ovar,Aveiro,Estrada Nacional nº. 109 - Lugar da Pardala,Ovar,3880-100,40.892628,-8.615114,cepsa maceda 1 (ovr/mcd),cepsa,estrada nacional nº. 109 - lugar da pardala,"1,978 €",2026-05-15_dgeg_postos_raw.csv,1e558d91b1a1032c
2026-05-15,2026-05-15 14:31:32,2026-05-11 11:05:00,ee70a20596091daa,ee70a20596091daa_gasoline_98,CEPSA  Maceda 1 (Ovr/Mcd),CEPSA,gasoline_98,Gasolina especial 98,Outro,2.19,Ovar,Aveiro,Estrada Nacional nº. 109 - Lugar da Pardala,Ovar,3880-100,40.892628,-8.615114,cepsa maceda 1 (ovr/mcd),cepsa,estrada nacional nº. 109 - lugar da pardala,"2,190 €",2026-05-15_dgeg_postos_raw.csv,b5f6368159eb41a1
2026-05-15,2026-05-15 14:31:32,2026-05-11 11:05:00,0b83c3bed24873b1,0b83c3bed24873b1_diesel_premium,"JOAO A.L.ANJOS E FILHO,LDA",Genérico,diesel_premium,Gasóleo especial,Outro,2.085,Borba,Évora,Zona Industrial Cruz de CristoLote 66,Borba,7150-252,38.79999,-7.45693,"joao a.l.anjos e filho,lda",genérico,zona industrial cruz de cristolote 66,"2,085 €",2026-05-15_dgeg_postos_raw.csv,528f2fea994afee2
2026-05-15,2026-05-15 14:31:32,2026-05-11 11:05:00,60c68a171a3ec2ed,60c68a171a3ec2ed_diesel_regular,MOEVE São Cosmado,MOEVE,diesel_regular,Gasóleo simples,Outro,1.986,Armamar,Viseu,"EN 313 (km 99.8), Lugar de Maria João",São Cosmado,5110-590,41.066383,-7.647468,moeve são cosmado,moeve,"en 313 (km 99.8), lugar de maria joão","1,986 €",2026-05-15_dgeg_postos_raw.csv,b10f64cb642c50ea
2026-05-15,2026-05-15 14:31:32,2026-05-11 11:05:00,60c68a171a3ec2ed,60c68a171a3ec2ed_gasoline_95,MOEVE São Cosmado,MOEVE,gasoline_95,Gasolina simples 95,Outro,1.978,Armamar,Viseu,"EN 313 (km 99.8), Lugar de Maria João",São Cosmado,5110-590,41.066383,-7.647468,moeve são cosmado,moeve,"en 313 (km 99.8), lugar de maria joão","1,978 €",2026-05-15_dgeg_postos_raw.csv,dc5119a04c14edf9
2026-05-15,2026-05-15 14:31:32,2026-05-11 11:05:00,60c68a171a3ec2ed,60c68a171a3ec2ed_diesel_premium,MOEVE São Cosmado,MOEVE,diesel_premium,Gasóleo especial,Outro,2.036,Armamar,Viseu,"EN 313 (km 99.8), Lugar de Maria João",São Cosmado,5110-590,41.066383,-7.647468,moeve são cosmado,moeve,"en 313 (km 99.8), lugar de maria joão","2,036 €",2026-05-15_dgeg_postos_raw.csv,5da7a5a72fdb44db
2026-05-15,2026-05-15 14:31:32,2026-05-11 11:05:00,f6b133865a195e6b,f6b133865a195e6b_diesel_regular,"Almerindo Fernando Silva, Lda.",GASPE,diesel_regular,Gasóleo simples,Outro,2.059,Macedo de Cavaleiros,Bragança,Av. António Maria da Costa nº14 (EN 216),Chacim,5340-092,41.46851,-6.8994,"almerindo fernando silva, lda.",gaspe,av. antónio maria da costa nº14 (en 216),"2,059 €",2026-05-15_dgeg_postos_raw.csv,bc5da3736300139b
2026-05-15,2026-05-15 14:31:32,2026-05-11 11:05:00,f6b133865a195e6b,f6b133865a195e6b_diesel_premium,"Almerindo Fernando Silva, Lda.",GASPE,diesel_premium,Gasóleo especial,Outro,2.079,Macedo de Cavaleiros,Bragança,Av. António Maria da Costa nº14 (EN 216),Chacim,5340-092,41.46851,-6.8994,"almerindo fernando silva, lda.",gaspe,av. antónio maria da costa nº14 (en 216),"2,079 €",2026-05-15_dgeg_postos_raw.csv,945c094412c1035a
2026-05-15,2026-05-15 14:31:32,2026-05-11 11:05:00,f6b133865a195e6b,f6b133865a195e6b_gasoline_95,"Almerindo Fernando Silva, Lda.",GASPE,gasoline_95,Gasolina simples 95,Outro,2.062,Macedo de Cavaleiros,Bragança,Av. António Maria da Costa nº14 (EN 216),Chacim,5340-092,41.46851,-6.8994,"almerindo fernando silva, lda.",gaspe,av. antónio maria da costa nº14 (en 216),"2,062 €",2026-05-15_dgeg_postos_raw.csv,f241816720f99239
2026-05-15,2026-05-15 14:31:32,2026-05-11 11:05:00,0b83c3bed24873b1,0b83c3bed24873b1_diesel_regular,"JOAO A.L.ANJOS E FILHO,LDA",Genérico,diesel_regular,Gasóleo simples,Outro,2.065,Borba,Évora,Zona Industrial Cruz de CristoLote 66,Borba,7150-252,38.79999,-7.45693,"joao a.l.anjos e filho,lda",genérico,zona industrial cruz de cristolote 66,"2,065 €",2026-05-15_dgeg_postos_raw.csv,17f89dba440685d1
2026-05-15,2026-05-15 14:31:32,2026-05-11 11:05:00,0b83c3bed24873b1,0b83c3bed24873b1_gasoline_95,"JOAO A.L.ANJOS E FILHO,LDA",Genérico,gasoline_95,Gasolina simples 95,Outro,2.06,Borba,Évora,Zona Industrial Cruz de CristoLote 66,Borba,7150-252,38.79999,-7.45693,"joao a.l.anjos e filho,lda",genérico,zona industrial cruz de cristolote 66,"2,060 €",2026-05-15_dgeg_postos_raw.csv,80919d2aaafb86e7
2026-05-15,2026-05-15 14:31:32,2026-05-11 11:05:00,211527b629984df1,211527b629984df1_diesel_premium,PA Muna - Ricarsantos,GALP,diesel_premium,Gasóleo especial,Outro,2.079,Viseu,Viseu,EST. NAC. Nº 2 - MUNA,São João de Lourosa,3500-000,40.725243,-7.909513,pa muna - ricarsantos,galp,est. nac. nº 2 - muna,"2,079 €",2026-05-15_dgeg_postos_raw.csv,197a9c3037a0d18a
2026-05-15,2026-05-15 14:31:32,2026-05-11 11:05:00,f5911e9bebb9c52c,f5911e9bebb9c52c_diesel_premium,SERGIO AUGUSTO FELIX ALMEIDA,GASPE,diesel_premium,Gasóleo especial,Outro,2.079,Figueira de Castelo Rodrigo,Guarda,"Av. Combatentes do Ultramar, lote 5",Figueira de Castelo Rodrigo,6440-115,40.90156,-6.96883,sergio augusto felix almeida,gaspe,"av. combatentes do ultramar, lote 5","2,079 €",2026-05-15_dgeg_postos_raw.csv,cdc4dba543e43bea
2026-05-15,2026-05-15 14:31:32,2026-05-11 11:05:00,5bcf046a236d17b3,5bcf046a236d17b3_diesel_regular,PRIO N234,PRIO,diesel_regular,Gasóleo simples,Outro,1.999,Cantanhede,Coimbra,"Estrada Nacional nº234, Km 9,5 Fontinha",Febres,3060-323,40.384474,-8.640268,prio n234,prio,"estrada nacional nº234, km 9,5 fontinha","1,999 €",2026-05-15_dgeg_postos_raw.csv,af8413c441d0e30e
2026-05-15,2026-05-15 14:31:32,2026-05-11 11:05:00,5bcf046a236d17b3,5bcf046a236d17b3_gasoline_95,PRIO N234,PRIO,gasoline_95,Gasolina simples 95,Outro,1.999,Cantanhede,Coimbra,"Estrada Nacional nº234, Km 9,5 Fontinha",Febres,3060-323,40.384474,-8.640268,prio n234,prio,"estrada nacional nº234, km 9,5 fontinha","1,999 €",2026-05-15_dgeg_postos_raw.csv,148c8c9ab3f9f348
2026-05-15,2026-05-15 14:31:32,2026-05-11 11:05:00,5bcf046a236d17b3,5bcf046a236d17b3_diesel_premium,PRIO N234,PRIO,diesel_premium,Gasóleo especial,Outro,1.979,Cantanhede,Coimbra,"Estrada Nacional nº234, Km 9,5 Fontinha",Febres,3060-323,40.384474,-8.640268,prio n234,prio,"estrada nacional nº234, km 9,5 fontinha","1,979 €",2026-05-15_dgeg_postos_raw.csv,e9f7048079b2b14e
2026-05-15,2026-05-15 14:31:32,2026-05-11 11:05:00,67ea507158c72dbc,67ea507158c72dbc_diesel_premium,PRIO PENELA,PRIO,diesel_premium,Gasóleo especial,Outro,1.958,Penela,Coimbra,"Zona industrial de Penela, lote 1",Penela,3230-292,40.01876,-8.37316,prio penela,prio,"zona industrial de penela, lote 1","1,958 €",2026-05-15_dgeg_postos_raw.csv,309c1b9b566c1897
2026-05-15,2026-05-15 14:31:32,2026-05-11 11:05:00,67ea507158c72dbc,67ea507158c72dbc_diesel_regular,PRIO PENELA,PRIO,diesel_regular,Gasóleo simples,Outro,1.959,Penela,Coimbra,"Zona industrial de Penela, lote 1",Penela,3230-292,40.01876,-8.37316,prio penela,prio,"zona industrial de penela, lote 1","1,959 €",2026-05-15_dgeg_postos_raw.csv,ea6f82db434eac82
2026-05-15,2026-05-15 14:31:32,2026-05-11 11:05:00,67ea507158c72dbc,67ea507158c72dbc_gasoline_95,PRIO PENELA,PRIO,gasoline_95,Gasolina simples 95,Outro,1.949,Penela,Coimbra,"Zona industrial de Penela, lote 1",Penela,3230-292,40.01876,-8.37316,prio penela,prio,"zona industrial de penela, lote 1","1,949 €",2026-05-15_dgeg_postos_raw.csv,a7ea90c08a225416
2026-05-15,2026-05-15 14:31:32,2026-05-11 11:05:00,8f02496f935e1f4e,8f02496f935e1f4e_diesel_regular,JETBASE - Produtos BP,Genérico,diesel_regular,Gasóleo simples,Outro,1.999,Marinha Grande,Leiria,"R. Central, 204",Garcia,2430-018,39.79048,-8.92521,jetbase - produtos bp,genérico,"r. central, 204","1,999 €",2026-05-15_dgeg_postos_raw.csv,70355b3956077c6d
2026-05-15,2026-05-15 14:31:32,2026-05-11 11:05:00,8f02496f935e1f4e,8f02496f935e1f4e_diesel_premium,JETBASE - Produtos BP,Genérico,diesel_premium,Gasóleo especial,Outro,2.069,Marinha Grande,Leiria,"R. Central, 204",Garcia,2430-018,39.79048,-8.92521,jetbase - produtos bp,genérico,"r. central, 204","2,069 €",2026-05-15_dgeg_postos_raw.csv,2165a9207b811a3d
2026-05-15,2026-05-15 14:31:32,2026-05-11 11:05:00,8f02496f935e1f4e,8f02496f935e1f4e_gasoline_95,JETBASE - Produtos BP,Genérico,gasoline_95,Gasolina simples 95,Outro,1.999,Marinha Grande,Leiria,"R. Central, 204",Garcia,2430-018,39.79048,-8.92521,jetbase - produtos bp,genérico,"r. central, 204","1,999 €",2026-05-15_dgeg_postos_raw.csv,d7868501193009cf
2026-05-15,2026-05-15 14:31:32,2026-05-11 11:05:00,29f4e97be94c863b,29f4e97be94c863b_diesel_regular,MOEVE Arganil II (CBR/ARG) - GOMAPE de António Mário Dias Marques,MOEVE,diesel_regular,Gasóleo simples,Outro,1.999,Arganil,Coimbra,"Estrada Nacional 342-4, km 1.5",São Pedro,3300-118,40.232445,-8.063549,moeve arganil ii (cbr/arg) - gomape de antónio mário dias marques,moeve,"estrada nacional 342-4, km 1.5","1,999 €",2026-05-15_dgeg_postos_raw.csv,4ca4500efce35906
2026-05-15,2026-05-15 14:31:32,2026-05-11 11:05:00,29f4e97be94c863b,29f4e97be94c863b_diesel_premium,MOEVE Arganil II (CBR/ARG) - GOMAPE de António Mário Dias Marques,MOEVE,diesel_premium,Gasóleo especial,Outro,2.056,Arganil,Coimbra,"Estrada Nacional 342-4, km 1.5",São Pedro,3300-118,40.232445,-8.063549,moeve arganil ii (cbr/arg) - gomape de antónio mário dias marques,moeve,"estrada nacional 342-4, km 1.5","2,056 €",2026-05-15_dgeg_postos_raw.csv,cb52aacfd4d6f531
2026-05-15,2026-05-15 14:31:32,2026-05-11 11:05:00,29f4e97be94c863b,29f4e97be94c863b_gasoline_95,MOEVE Arganil II (CBR/ARG) - GOMAPE de António Mário Dias Marques,MOEVE,gasoline_95,Gasolina simples 95,Outro,1.983,Arganil,Coimbra,"Estrada Nacional 342-4, km 1.5",São Pedro,3300-118,40.232445,-8.063549,moeve arganil ii (cbr/arg) - gomape de antónio mário dias marques,moeve,"estrada nacional 342-4, km 1.5","1,983 €",2026-05-15_dgeg_postos_raw.csv,2eb0921b6f245aac
2026-05-15,2026-05-15 14:31:32,2026-05-11 11:05:00,29f4e97be94c863b,29f4e97be94c863b_gasoline_98,MOEVE Arganil II (CBR/ARG) - GOMAPE de António Mário Dias Marques,MOEVE,gasoline_98,Gasolina especial 98,Outro,2.195,Arganil,Coimbra,"Estrada Nacional 342-4, km 1.5",São Pedro,3300-118,40.232445,-8.063549,moeve arganil ii (cbr/arg) - gomape de antónio mário dias marques,moeve,"estrada nacional 342-4, km 1.5","2,195 €",2026-05-15_dgeg_postos_raw.csv,4c4f10d8d68f4db5
2026-05-15,2026-05-15 14:31:32,2026-05-11 11:05:00,211527b629984df1,211527b629984df1_diesel_regular,PA Muna - Ricarsantos,GALP,diesel_regular,Gasóleo simples,Outro,2.059,Viseu,Viseu,EST. NAC. Nº 2 - MUNA,São João de Lourosa,3500-000,40.725243,-7.909513,pa muna - ricarsantos,galp,est. nac. nº 2 - muna,"2,059 €",2026-05-15_dgeg_postos_raw.csv,7076b05326ce87e9
2026-05-15,2026-05-15 14:31:32,2026-05-11 11:05:00,211527b629984df1,211527b629984df1_gasoline_95,PA Muna - Ricarsantos,GALP,gasoline_95,Gasolina simples 95,Outro,2.062,Viseu,Viseu,EST. NAC. Nº 2 - MUNA,São João de Lourosa,3500-000,40.725243,-7.909513,pa muna - ricarsantos,galp,est. nac. nº 2 - muna,"2,062 €",2026-05-15_dgeg_postos_raw.csv,b77f2c3b38aab7d4
2026-05-15,2026-05-15 14:31:32,2026-05-11 11:05:00,f5911e9bebb9c52c,f5911e9bebb9c52c_diesel_regular,SERGIO AUGUSTO FELIX ALMEIDA,GASPE,diesel_regular,Gasóleo simples,Outro,2.059,Figueira de Castelo Rodrigo,Guarda,"Av. Combatentes do Ultramar, lote 5",Figueira de Castelo Rodrigo,6440-115,40.90156,-6.96883,sergio augusto felix almeida,gaspe,"av. combatentes do ultramar, lote 5","2,059 €",2026-05-15_dgeg_postos_raw.csv,fcbc05e79456c203
2026-05-15,2026-05-15 14:31:32,2026-05-11 11:05:00,f5911e9bebb9c52c,f5911e9bebb9c52c_gasoline_95,SERGIO AUGUSTO FELIX ALMEIDA,GASPE,gasoline_95,Gasolina simples 95,Outro,2.062,Figueira de Castelo Rodrigo,Guarda,"Av. Combatentes do Ultramar, lote 5",Figueira de Castelo Rodrigo,6440-115,40.90156,-6.96883,sergio augusto felix almeida,gaspe,"av. combatentes do ultramar, lote 5","2,062 €",2026-05-15_dgeg_postos_raw.csv,895161969c4b4809
2026-05-15,2026-05-15 14:31:32,2026-05-11 11:05:00,d0748b66e496d3d0,d0748b66e496d3d0_diesel_regular,GASPE,GASPE,diesel_regular,Gasóleo simples,Outro,2.049,Boticas,Vila Real,"Av. de Chaves, 30",Boticas,5460-301,41.69014,-7.66123,gaspe,gaspe,"av. de chaves, 30","2,049 €",2026-05-15_dgeg_postos_raw.csv,1618cbc0acbb8753
2026-05-15,2026-05-15 14:31:32,2026-05-11 11:05:00,d0748b66e496d3d0,d0748b66e496d3d0_diesel_premium,GASPE,GASPE,diesel_premium,Gasóleo especial,Outro,2.099,Boticas,Vila Real,"Av. de Chaves, 30",Boticas,5460-301,41.69014,-7.66123,gaspe,gaspe,"av. de chaves, 30","2,099 €",2026-05-15_dgeg_postos_raw.csv,18714164104e7cdf
2026-05-15,2026-05-15 14:31:32,2026-05-11 11:05:00,d0748b66e496d3d0,d0748b66e496d3d0_gasoline_95,GASPE,GASPE,gasoline_95,Gasolina simples 95,Outro,2.041,Boticas,Vila Real,"Av. de Chaves, 30",Boticas,5460-301,41.69014,-7.66123,gaspe,gaspe,"av. de chaves, 30","2,041 €",2026-05-15_dgeg_postos_raw.csv,640c341fab7dc379
2026-05-15,2026-05-15 14:31:32,2026-05-11 11:05:00,4e2820684925d1f8,4e2820684925d1f8_diesel_regular,E.S. AVELAR,REPSOL,diesel_regular,Gasóleo simples,Outro,2.039,Ansião,Leiria,Rua das Cinco Vilas,Avelar,3240-306,39.92142,-8.36953,e.s. avelar,repsol,rua das cinco vilas,"2,039 €",2026-05-15_dgeg_postos_raw.csv,e575dcf3a8927b8e
2026-05-15,2026-05-15 14:31:32,2026-05-11 11:05:00,4e2820684925d1f8,4e2820684925d1f8_diesel_premium,E.S. AVELAR,REPSOL,diesel_premium,Gasóleo especial,Outro,2.099,Ansião,Leiria,Rua das Cinco Vilas,Avelar,3240-306,39.92142,-8.36953,e.s. avelar,repsol,rua das cinco vilas,"2,099 €",2026-05-15_dgeg_postos_raw.csv,3fadccf57d053808
2026-05-15,2026-05-15 14:31:32,2026-05-11 11:05:00,4e2820684925d1f8,4e2820684925d1f8_gasoline_95,E.S. AVELAR,REPSOL,gasoline_95,Gasolina simples 95,Outro,2.037,Ansião,Leiria,Rua das Cinco Vilas,Avelar,3240-306,39.92142,-8.36953,e.s. avelar,repsol,rua das cinco vilas,"2,037 €",2026-05-15_dgeg_postos_raw.csv,c79b9a3158f52287
2026-05-15,2026-05-15 14:31:32,2026-05-11 11:05:00,4e2820684925d1f8,4e2820684925d1f8_gasoline_98,E.S. AVELAR,REPSOL,gasoline_98,Gasolina especial 98,Outro,2.227,Ansião,Leiria,Rua das Cinco Vilas,Avelar,3240-306,39.92142,-8.36953,e.s. avelar,repsol,rua das cinco vilas,"2,227 €",2026-05-15_dgeg_postos_raw.csv,bce5cde1ba57e847
2026-05-15,2026-05-15 14:31:32,2026-05-11 11:10:00,a79d3ef1b44c5565,a79d3ef1b44c5565_diesel_regular,"Sociedade Abastecedora Combustíveis Valenças, Lda.",AVIA,diesel_regular,Gasóleo simples,Outro,2.074,Montemor-o-Novo,Évora,Estrada do Lavre Lote 3,Ciborro,7050-611,38.7953999933,-8.22890000733,"sociedade abastecedora combustíveis valenças, lda.",avia,estrada do lavre lote 3,"2,074 €",2026-05-15_dgeg_postos_raw.csv,3f0cad69ceaf4d0f
2026-05-15,2026-05-15 14:31:32,2026-05-11 11:10:00,a79d3ef1b44c5565,a79d3ef1b44c5565_gasoline_95,"Sociedade Abastecedora Combustíveis Valenças, Lda.",AVIA,gasoline_95,Gasolina simples 95,Outro,2.067,Montemor-o-Novo,Évora,Estrada do Lavre Lote 3,Ciborro,7050-611,38.7953999933,-8.22890000733,"sociedade abastecedora combustíveis valenças, lda.",avia,estrada do lavre lote 3,"2,067 €",2026-05-15_dgeg_postos_raw.csv,c24273c7ae057385
2026-05-15,2026-05-15 14:31:32,2026-05-11 11:10:00,e09b53265ad0bb96,e09b53265ad0bb96_diesel_regular,INTERMARCHÉ SANTA IRIA DA AZÓIA,INTERMARCHÉ,diesel_regular,Gasóleo simples,Outro,1.929,Loures,Lisboa,Rua Afonso de Albuquerque,Santa Iria da Azóia,2690-340,38.85147,-9.07591,intermarché santa iria da azóia,intermarché,rua afonso de albuquerque,"1,929 €",2026-05-15_dgeg_postos_raw.csv,b33c8e36b410a66d
2026-05-15,2026-05-15 14:31:32,2026-05-11 11:10:00,e09b53265ad0bb96,e09b53265ad0bb96_diesel_premium,INTERMARCHÉ SANTA IRIA DA AZÓIA,INTERMARCHÉ,diesel_premium,Gasóleo especial,Outro,1.949,Loures,Lisboa,Rua Afonso de Albuquerque,Santa Iria da Azóia,2690-340,38.85147,-9.07591,intermarché santa iria da azóia,intermarché,rua afonso de albuquerque,"1,949 €",2026-05-15_dgeg_postos_raw.csv,a9c143df757437be
2026-05-15,2026-05-15 14:31:32,2026-05-11 11:10:00,e09b53265ad0bb96,e09b53265ad0bb96_gasoline_95,INTERMARCHÉ SANTA IRIA DA AZÓIA,INTERMARCHÉ,gasoline_95,Gasolina simples 95,Outro,1.939,Loures,Lisboa,Rua Afonso de Albuquerque,Santa Iria da Azóia,2690-340,38.85147,-9.07591,intermarché santa iria da azóia,intermarché,rua afonso de albuquerque,"1,939 €",2026-05-15_dgeg_postos_raw.csv,5cd8f1a77677baa9
2026-05-15,2026-05-15 14:31:32,2026-05-11 11:10:00,a0897d111a1c156d,a0897d111a1c156d_diesel_regular,MOEVE Santa Clara - Inês de Castro,MOEVE,diesel_regular,Gasóleo simples,Outro,1.936,Coimbra,Coimbra,"AVENIDA INÊS DE CASTRO, SANTA CLARA",Coimbra,3040-255,40.202553,-8.431588,moeve santa clara - inês de castro,moeve,"avenida inês de castro, santa clara","1,936 €",2026-05-15_dgeg_postos_raw.csv,8e713734d36ccdbb
2026-05-15,2026-05-15 14:31:32,2026-05-11 11:10:00,a0897d111a1c156d,a0897d111a1c156d_diesel_premium,MOEVE Santa Clara - Inês de Castro,MOEVE,diesel_premium,Gasóleo especial,Outro,1.986,Coimbra,Coimbra,"AVENIDA INÊS DE CASTRO, SANTA CLARA",Coimbra,3040-255,40.202553,-8.431588,moeve santa clara - inês de castro,moeve,"avenida inês de castro, santa clara","1,986 €",2026-05-15_dgeg_postos_raw.csv,59fbc6ac7c1f0108
2026-05-15,2026-05-15 14:31:32,2026-05-11 11:10:00,a0897d111a1c156d,a0897d111a1c156d_gasoline_95,MOEVE Santa Clara - Inês de Castro,MOEVE,gasoline_95,Gasolina simples 95,Outro,1.928,Coimbra,Coimbra,"AVENIDA INÊS DE CASTRO, SANTA CLARA",Coimbra,3040-255,40.202553,-8.431588,moeve santa clara - inês de castro,moeve,"avenida inês de castro, santa clara","1,928 €",2026-05-15_dgeg_postos_raw.csv,5d487366d4d18135
2026-05-15,2026-05-15 14:31:32,2026-05-11 11:10:00,a0897d111a1c156d,a0897d111a1c156d_gasoline_98,MOEVE Santa Clara - Inês de Castro,MOEVE,gasoline_98,Gasolina especial 98,Outro,2.139,Coimbra,Coimbra,"AVENIDA INÊS DE CASTRO, SANTA CLARA",Coimbra,3040-255,40.202553,-8.431588,moeve santa clara - inês de castro,moeve,"avenida inês de castro, santa clara","2,139 €",2026-05-15_dgeg_postos_raw.csv,85027ef5036a276e
2026-05-15,2026-05-15 14:31:32,2026-05-11 11:15:00,32f47577a789f718,32f47577a789f718_diesel_regular,REDE ENERGIA Águas Santas - Alto da Maia,REDE ENERGIA,diesel_regular,Gasóleo simples,Outro,1.829,Maia,Porto,"EN 208 - Av. Lidador da Maia, 45 - Águas Santas",Maia,4425-116,41.20699,-8.56666,rede energia águas santas - alto da maia,rede energia,"en 208 - av. lidador da maia, 45 - águas santas","1,829 €",2026-05-15_dgeg_postos_raw.csv,039b9a204d5b8bcd
2026-05-15,2026-05-15 14:31:32,2026-05-11 11:15:00,32f47577a789f718,32f47577a789f718_diesel_premium,REDE ENERGIA Águas Santas - Alto da Maia,REDE ENERGIA,diesel_premium,Gasóleo especial,Outro,1.869,Maia,Porto,"EN 208 - Av. Lidador da Maia, 45 - Águas Santas",Maia,4425-116,41.20699,-8.56666,rede energia águas santas - alto da maia,rede energia,"en 208 - av. lidador da maia, 45 - águas santas","1,869 €",2026-05-15_dgeg_postos_raw.csv,cbae6c394d4fc7d7
2026-05-15,2026-05-15 14:31:32,2026-05-11 11:15:00,32f47577a789f718,32f47577a789f718_gasoline_95,REDE ENERGIA Águas Santas - Alto da Maia,REDE ENERGIA,gasoline_95,Gasolina simples 95,Outro,1.852,Maia,Porto,"EN 208 - Av. Lidador da Maia, 45 - Águas Santas",Maia,4425-116,41.20699,-8.56666,rede energia águas santas - alto da maia,rede energia,"en 208 - av. lidador da maia, 45 - águas santas","1,852 €",2026-05-15_dgeg_postos_raw.csv,139025a14b939a62
2026-05-15,2026-05-15 14:31:32,2026-05-11 11:15:00,fe74bc3522767aca,fe74bc3522767aca_diesel_regular,Galp-Lagoa,GALP,diesel_regular,Gasóleo simples,Outro,2.016,Lagoa,Faro,E.N. 125 - Largo Marques de Pombal,Lagoa,8400-391,37.13285,-8.453011,galp-lagoa,galp,e.n. 125 - largo marques de pombal,"2,016 €",2026-05-15_dgeg_postos_raw.csv,b0f2b1742680153a
2026-05-15,2026-05-15 14:31:32,2026-05-11 11:15:00,fe74bc3522767aca,fe74bc3522767aca_diesel_premium,Galp-Lagoa,GALP,diesel_premium,Gasóleo especial,Outro,2.066,Lagoa,Faro,E.N. 125 - Largo Marques de Pombal,Lagoa,8400-391,37.13285,-8.453011,galp-lagoa,galp,e.n. 125 - largo marques de pombal,"2,066 €",2026-05-15_dgeg_postos_raw.csv,03ff93fda591f75b
2026-05-15,2026-05-15 14:31:32,2026-05-11 11:15:00,fe74bc3522767aca,fe74bc3522767aca_gasoline_95,Galp-Lagoa,GALP,gasoline_95,Gasolina simples 95,Outro,2.02,Lagoa,Faro,E.N. 125 - Largo Marques de Pombal,Lagoa,8400-391,37.13285,-8.453011,galp-lagoa,galp,e.n. 125 - largo marques de pombal,"2,020 €",2026-05-15_dgeg_postos_raw.csv,f89c2b9a6f5edc7b
2026-05-15,2026-05-15 14:31:32,2026-05-11 11:15:00,bcec08687699fd5a,bcec08687699fd5a_diesel_regular,A33 LANÇADA (MOITA/MONTIJO),MOEVE,diesel_regular,Gasóleo simples,Auto-estrada,1.986,Montijo,Setúbal,"A33 - km 30,4",Sarilhos Grandes,2870-521,38.66354,-8.956911,a33 lançada (moita/montijo),moeve,"a33 - km 30,4","1,986 €",2026-05-15_dgeg_postos_raw.csv,822bd370349c412d
2026-05-15,2026-05-15 14:31:32,2026-05-11 11:15:00,bcec08687699fd5a,bcec08687699fd5a_diesel_premium,A33 LANÇADA (MOITA/MONTIJO),MOEVE,diesel_premium,Gasóleo especial,Auto-estrada,2.036,Montijo,Setúbal,"A33 - km 30,4",Sarilhos Grandes,2870-521,38.66354,-8.956911,a33 lançada (moita/montijo),moeve,"a33 - km 30,4","2,036 €",2026-05-15_dgeg_postos_raw.csv,91fab4faae6609e4
2026-05-15,2026-05-15 14:31:32,2026-05-11 11:15:00,bcec08687699fd5a,bcec08687699fd5a_gasoline_95,A33 LANÇADA (MOITA/MONTIJO),MOEVE,gasoline_95,Gasolina simples 95,Auto-estrada,1.978,Montijo,Setúbal,"A33 - km 30,4",Sarilhos Grandes,2870-521,38.66354,-8.956911,a33 lançada (moita/montijo),moeve,"a33 - km 30,4","1,978 €",2026-05-15_dgeg_postos_raw.csv,58e599e3b1c7cc04
2026-05-15,2026-05-15 14:31:32,2026-05-11 11:15:00,bcec08687699fd5a,bcec08687699fd5a_gasoline_98,A33 LANÇADA (MOITA/MONTIJO),MOEVE,gasoline_98,Gasolina especial 98,Auto-estrada,2.19,Montijo,Setúbal,"A33 - km 30,4",Sarilhos Grandes,2870-521,38.66354,-8.956911,a33 lançada (moita/montijo),moeve,"a33 - km 30,4","2,190 €",2026-05-15_dgeg_postos_raw.csv,2d904ce4e4838922
2026-05-15,2026-05-15 14:31:32,2026-05-11 11:15:00,a5e018fe3228bb2f,a5e018fe3228bb2f_diesel_regular,A33 LANÇADA (MONTIJO/MOITA),MOEVE,diesel_regular,Gasóleo simples,Auto-estrada,1.986,Montijo,Setúbal,"A33 - km 30,4",Sarilhos Grandes,2870-521,38.665188,-8.957188,a33 lançada (montijo/moita),moeve,"a33 - km 30,4","1,986 €",2026-05-15_dgeg_postos_raw.csv,9a03cfd030dcb163
2026-05-15,2026-05-15 14:31:32,2026-05-11 11:15:00,a5e018fe3228bb2f,a5e018fe3228bb2f_diesel_premium,A33 LANÇADA (MONTIJO/MOITA),MOEVE,diesel_premium,Gasóleo especial,Auto-estrada,2.036,Montijo,Setúbal,"A33 - km 30,4",Sarilhos Grandes,2870-521,38.665188,-8.957188,a33 lançada (montijo/moita),moeve,"a33 - km 30,4","2,036 €",2026-05-15_dgeg_postos_raw.csv,0eb625f5615ac3ea
2026-05-15,2026-05-15 14:31:32,2026-05-11 11:15:00,a5e018fe3228bb2f,a5e018fe3228bb2f_gasoline_95,A33 LANÇADA (MONTIJO/MOITA),MOEVE,gasoline_95,Gasolina simples 95,Auto-estrada,1.978,Montijo,Setúbal,"A33 - km 30,4",Sarilhos Grandes,2870-521,38.665188,-8.957188,a33 lançada (montijo/moita),moeve,"a33 - km 30,4","1,978 €",2026-05-15_dgeg_postos_raw.csv,c74623b33603c949
2026-05-15,2026-05-15 14:31:32,2026-05-11 11:15:00,a5e018fe3228bb2f,a5e018fe3228bb2f_gasoline_98,A33 LANÇADA (MONTIJO/MOITA),MOEVE,gasoline_98,Gasolina especial 98,Auto-estrada,2.19,Montijo,Setúbal,"A33 - km 30,4",Sarilhos Grandes,2870-521,38.665188,-8.957188,a33 lançada (montijo/moita),moeve,"a33 - km 30,4","2,190 €",2026-05-15_dgeg_postos_raw.csv,89cbea9c1d60bd80
2026-05-15,2026-05-15 14:31:32,2026-05-11 11:15:00,86c9d444c5ff4088,86c9d444c5ff4088_diesel_regular,Posto de Abastecimento Alcáçovas,REDE ENERGIA,diesel_regular,Gasóleo simples,Outro,1.958,Viana do Alentejo,Évora,"EN 2, nº 2",Alcáçovas - Casas Novas,7090-022,38.38746,-8.16566,posto de abastecimento alcáçovas,rede energia,"en 2, nº 2","1,958 €",2026-05-15_dgeg_postos_raw.csv,fb6455300fc2197d
2026-05-15,2026-05-15 14:31:32,2026-05-11 11:15:00,86c9d444c5ff4088,86c9d444c5ff4088_diesel_premium,Posto de Abastecimento Alcáçovas,REDE ENERGIA,diesel_premium,Gasóleo especial,Outro,1.998,Viana do Alentejo,Évora,"EN 2, nº 2",Alcáçovas - Casas Novas,7090-022,38.38746,-8.16566,posto de abastecimento alcáçovas,rede energia,"en 2, nº 2","1,998 €",2026-05-15_dgeg_postos_raw.csv,ffdcb5a8be697bbc
2026-05-15,2026-05-15 14:31:32,2026-05-11 11:15:00,86c9d444c5ff4088,86c9d444c5ff4088_gasoline_95,Posto de Abastecimento Alcáçovas,REDE ENERGIA,gasoline_95,Gasolina simples 95,Outro,1.961,Viana do Alentejo,Évora,"EN 2, nº 2",Alcáçovas - Casas Novas,7090-022,38.38746,-8.16566,posto de abastecimento alcáçovas,rede energia,"en 2, nº 2","1,961 €",2026-05-15_dgeg_postos_raw.csv,e70e01626dd647da
2026-05-15,2026-05-15 14:31:32,2026-05-11 11:15:00,0bf24abe66f9ba7f,0bf24abe66f9ba7f_diesel_regular,Rede Energia - Porto,REDE ENERGIA,diesel_regular,Gasóleo simples,Outro,1.888,Porto,Porto,Rua Serpa Pinto nº 616,Porto,4250-465,41.16625,-8.6202,rede energia - porto,rede energia,rua serpa pinto nº 616,"1,888 €",2026-05-15_dgeg_postos_raw.csv,4cacc606fe5006ce
2026-05-15,2026-05-15 14:31:32,2026-05-11 11:15:00,0bf24abe66f9ba7f,0bf24abe66f9ba7f_diesel_premium,Rede Energia - Porto,REDE ENERGIA,diesel_premium,Gasóleo especial,Outro,1.938,Porto,Porto,Rua Serpa Pinto nº 616,Porto,4250-465,41.16625,-8.6202,rede energia - porto,rede energia,rua serpa pinto nº 616,"1,938 €",2026-05-15_dgeg_postos_raw.csv,2f95cfae6a483cf0
2026-05-15,2026-05-15 14:31:32,2026-05-11 11:15:00,0bf24abe66f9ba7f,0bf24abe66f9ba7f_gasoline_95,Rede Energia - Porto,REDE ENERGIA,gasoline_95,Gasolina simples 95,Outro,1.88,Porto,Porto,Rua Serpa Pinto nº 616,Porto,4250-465,41.16625,-8.6202,rede energia - porto,rede energia,rua serpa pinto nº 616,"1,880 €",2026-05-15_dgeg_postos_raw.csv,7f8ecbac00e84a90
2026-05-15,2026-05-15 14:31:32,2026-05-11 11:15:00,90fe9ae3db29f658,90fe9ae3db29f658_diesel_regular,"Galp - Paredes - Av. Da República, 146",GALP,diesel_regular,Gasóleo simples,Outro,2.055,Paredes,Porto,Av. da República 146,Paredes,4580-193,41.204945,-8.327393,"galp - paredes - av. da república, 146",galp,av. da república 146,"2,055 €",2026-05-15_dgeg_postos_raw.csv,25a114a980b7e310
2026-05-15,2026-05-15 14:31:32,2026-05-11 11:15:00,90fe9ae3db29f658,90fe9ae3db29f658_diesel_premium,"Galp - Paredes - Av. Da República, 146",GALP,diesel_premium,Gasóleo especial,Outro,2.105,Paredes,Porto,Av. da República 146,Paredes,4580-193,41.204945,-8.327393,"galp - paredes - av. da república, 146",galp,av. da república 146,"2,105 €",2026-05-15_dgeg_postos_raw.csv,255e1c84e0cd4570
2026-05-15,2026-05-15 14:31:32,2026-05-11 11:15:00,90fe9ae3db29f658,90fe9ae3db29f658_gasoline_95,"Galp - Paredes - Av. Da República, 146",GALP,gasoline_95,Gasolina simples 95,Outro,2.051,Paredes,Porto,Av. da República 146,Paredes,4580-193,41.204945,-8.327393,"galp - paredes - av. da república, 146",galp,av. da república 146,"2,051 €",2026-05-15_dgeg_postos_raw.csv,96eac3f62bc207de
2026-05-15,2026-05-15 14:31:32,2026-05-11 11:15:00,90fe9ae3db29f658,90fe9ae3db29f658_gasoline_98,"Galp - Paredes - Av. Da República, 146",GALP,gasoline_98,Gasolina especial 98,Outro,2.261,Paredes,Porto,Av. da República 146,Paredes,4580-193,41.204945,-8.327393,"galp - paredes - av. da república, 146",galp,av. da república 146,"2,261 €",2026-05-15_dgeg_postos_raw.csv,bfae022a19a5560e
2026-05-15,2026-05-15 14:31:32,2026-05-11 11:20:00,fd7d46332822233d,fd7d46332822233d_diesel_regular,PEGÕES (SUL),BP,diesel_regular,Gasóleo simples,Outro,2.044,Montijo,Setúbal,Av. Dr. Francisco Sá Carneiro,Pegões,2985-217,38.682949,-8.606249,pegões (sul),bp,av. dr. francisco sá carneiro,"2,044 €",2026-05-15_dgeg_postos_raw.csv,d8f1db4a01355149
2026-05-15,2026-05-15 14:31:32,2026-05-11 11:20:00,fd7d46332822233d,fd7d46332822233d_diesel_premium,PEGÕES (SUL),BP,diesel_premium,Gasóleo especial,Outro,2.224,Montijo,Setúbal,Av. Dr. Francisco Sá Carneiro,Pegões,2985-217,38.682949,-8.606249,pegões (sul),bp,av. dr. francisco sá carneiro,"2,224 €",2026-05-15_dgeg_postos_raw.csv,94d5fdc94bebf80d
2026-05-15,2026-05-15 14:31:32,2026-05-11 11:20:00,fd7d46332822233d,fd7d46332822233d_gasoline_95,PEGÕES (SUL),BP,gasoline_95,Gasolina simples 95,Outro,2.039,Montijo,Setúbal,Av. Dr. Francisco Sá Carneiro,Pegões,2985-217,38.682949,-8.606249,pegões (sul),bp,av. dr. francisco sá carneiro,"2,039 €",2026-05-15_dgeg_postos_raw.csv,b9d2b945b50647e6
2026-05-15,2026-05-15 14:31:32,2026-05-11 11:20:00,206a12ee7957a0bc,206a12ee7957a0bc_diesel_regular,E.S. BOMBEL A,REPSOL,diesel_regular,Gasóleo simples,Outro,2.029,Vendas Novas,Évora,EN 4 - Bombel nº 30,Vendas Novas,7080-303,38.68527,-8.51115,e.s. bombel a,repsol,en 4 - bombel nº 30,"2,029 €",2026-05-15_dgeg_postos_raw.csv,f954142a36ed940a
2026-05-15,2026-05-15 14:31:32,2026-05-11 11:20:00,206a12ee7957a0bc,206a12ee7957a0bc_diesel_premium,E.S. BOMBEL A,REPSOL,diesel_premium,Gasóleo especial,Outro,2.089,Vendas Novas,Évora,EN 4 - Bombel nº 30,Vendas Novas,7080-303,38.68527,-8.51115,e.s. bombel a,repsol,en 4 - bombel nº 30,"2,089 €",2026-05-15_dgeg_postos_raw.csv,05baadb8dc7c5dcf
2026-05-15,2026-05-15 14:31:32,2026-05-11 11:20:00,206a12ee7957a0bc,206a12ee7957a0bc_gasoline_95,E.S. BOMBEL A,REPSOL,gasoline_95,Gasolina simples 95,Outro,2.027,Vendas Novas,Évora,EN 4 - Bombel nº 30,Vendas Novas,7080-303,38.68527,-8.51115,e.s. bombel a,repsol,en 4 - bombel nº 30,"2,027 €",2026-05-15_dgeg_postos_raw.csv,bec15262075b3db3
2026-05-15,2026-05-15 14:31:32,2026-05-11 11:20:00,42b67cf1b0324616,42b67cf1b0324616_diesel_regular,Moeve - Nelas,CEPSA,diesel_regular,Gasóleo simples,Outro,1.966,Nelas,Viseu,"Est. Nacional 234 km 95,6",Nelas,3520-095,40.558067,-7.835172,moeve - nelas,cepsa,"est. nacional 234 km 95,6","1,966 €",2026-05-15_dgeg_postos_raw.csv,c332e92c32264763
2026-05-15,2026-05-15 14:31:32,2026-05-11 11:20:00,42b67cf1b0324616,42b67cf1b0324616_diesel_premium,Moeve - Nelas,CEPSA,diesel_premium,Gasóleo especial,Outro,2.016,Nelas,Viseu,"Est. Nacional 234 km 95,6",Nelas,3520-095,40.558067,-7.835172,moeve - nelas,cepsa,"est. nacional 234 km 95,6","2,016 €",2026-05-15_dgeg_postos_raw.csv,6f14c896d37b3896
2026-05-15,2026-05-15 14:31:32,2026-05-11 11:20:00,42b67cf1b0324616,42b67cf1b0324616_gasoline_95,Moeve - Nelas,CEPSA,gasoline_95,Gasolina simples 95,Outro,1.958,Nelas,Viseu,"Est. Nacional 234 km 95,6",Nelas,3520-095,40.558067,-7.835172,moeve - nelas,cepsa,"est. nacional 234 km 95,6","1,958 €",2026-05-15_dgeg_postos_raw.csv,085e37e796bf5f4c
2026-05-15,2026-05-15 14:31:32,2026-05-11 11:20:00,62d3760e60bf71cd,62d3760e60bf71cd_diesel_regular,E.S. BOMBEL B,REPSOL,diesel_regular,Gasóleo simples,Outro,2.029,Vendas Novas,Évora,EN 4 - Bombel - nº 30,Bombel,7080-303,38.685037,-8.511207,e.s. bombel b,repsol,en 4 - bombel - nº 30,"2,029 €",2026-05-15_dgeg_postos_raw.csv,1faf2c976010a80a
2026-05-15,2026-05-15 14:31:32,2026-05-11 11:20:00,62d3760e60bf71cd,62d3760e60bf71cd_diesel_premium,E.S. BOMBEL B,REPSOL,diesel_premium,Gasóleo especial,Outro,2.089,Vendas Novas,Évora,EN 4 - Bombel - nº 30,Bombel,7080-303,38.685037,-8.511207,e.s. bombel b,repsol,en 4 - bombel - nº 30,"2,089 €",2026-05-15_dgeg_postos_raw.csv,cbd2b9d331a6a54f
2026-05-15,2026-05-15 14:31:32,2026-05-11 11:20:00,62d3760e60bf71cd,62d3760e60bf71cd_gasoline_95,E.S. BOMBEL B,REPSOL,gasoline_95,Gasolina simples 95,Outro,2.027,Vendas Novas,Évora,EN 4 - Bombel - nº 30,Bombel,7080-303,38.685037,-8.511207,e.s. bombel b,repsol,en 4 - bombel - nº 30,"2,027 €",2026-05-15_dgeg_postos_raw.csv,7488ebd4604b13bd
2026-05-15,2026-05-15 14:31:32,2026-05-11 11:20:00,50e22dfb281a4477,50e22dfb281a4477_gasoline_98,FERREIRA &FERREIRA COMBUSTIVEIS LDA - ALVES BANDEIRA,ALVES BANDEIRA,gasoline_98,Gasolina especial 98,Outro,2.219,Sever do Vouga,Aveiro,"EN 16 (Rua de Vale de Água), nº 3546",Fontelas do Vouga,3740-015,40.731186,-8.332094,ferreira &ferreira combustiveis lda - alves bandeira,alves bandeira,"en 16 (rua de vale de água), nº 3546","2,219 €",2026-05-15_dgeg_postos_raw.csv,73031f18a468f89f
2026-05-15,2026-05-15 14:31:32,2026-05-11 11:20:00,fb69b0ac2e67bdbb,fb69b0ac2e67bdbb_diesel_regular,Posto Galp Armamar,GALP,diesel_regular,Gasóleo simples,Outro,2.028,Armamar,Viseu,Av. Dr. Oliveira Salazar,Armamar,5110-122,41.107143,-7.692947,posto galp armamar,galp,av. dr. oliveira salazar,"2,028 €",2026-05-15_dgeg_postos_raw.csv,df50236f28b0df13
2026-05-15,2026-05-15 14:31:32,2026-05-11 11:20:00,fb69b0ac2e67bdbb,fb69b0ac2e67bdbb_diesel_premium,Posto Galp Armamar,GALP,diesel_premium,Gasóleo especial,Outro,2.078,Armamar,Viseu,Av. Dr. Oliveira Salazar,Armamar,5110-122,41.107143,-7.692947,posto galp armamar,galp,av. dr. oliveira salazar,"2,078 €",2026-05-15_dgeg_postos_raw.csv,5f37db8ba843bdb5
2026-05-15,2026-05-15 14:31:32,2026-05-11 11:20:00,fb69b0ac2e67bdbb,fb69b0ac2e67bdbb_gasoline_95,Posto Galp Armamar,GALP,gasoline_95,Gasolina simples 95,Outro,2.026,Armamar,Viseu,Av. Dr. Oliveira Salazar,Armamar,5110-122,41.107143,-7.692947,posto galp armamar,galp,av. dr. oliveira salazar,"2,026 €",2026-05-15_dgeg_postos_raw.csv,d58b43e78bb89305
2026-05-15,2026-05-15 14:31:32,2026-05-11 11:20:00,a1a089fdb69f108b,a1a089fdb69f108b_diesel_regular,Intermarché de São Martinho do Porto,INTERMARCHÉ,diesel_regular,Gasóleo simples,Área comercial (Hipermercados),1.929,Alcobaça,Leiria,Lugar de Relvinhas - Edificio Intermarché,São Martinho do Porto,2460-667,39.515384,-9.125873,intermarché de são martinho do porto,intermarché,lugar de relvinhas - edificio intermarché,"1,929 €",2026-05-15_dgeg_postos_raw.csv,bc35178f14d9b578
2026-05-15,2026-05-15 14:31:32,2026-05-11 11:20:00,a1a089fdb69f108b,a1a089fdb69f108b_diesel_premium,Intermarché de São Martinho do Porto,INTERMARCHÉ,diesel_premium,Gasóleo especial,Área comercial (Hipermercados),1.969,Alcobaça,Leiria,Lugar de Relvinhas - Edificio Intermarché,São Martinho do Porto,2460-667,39.515384,-9.125873,intermarché de são martinho do porto,intermarché,lugar de relvinhas - edificio intermarché,"1,969 €",2026-05-15_dgeg_postos_raw.csv,2b9a8d489b0cac49
2026-05-15,2026-05-15 14:31:32,2026-05-11 11:20:00,a1a089fdb69f108b,a1a089fdb69f108b_gasoline_95,Intermarché de São Martinho do Porto,INTERMARCHÉ,gasoline_95,Gasolina simples 95,Área comercial (Hipermercados),1.929,Alcobaça,Leiria,Lugar de Relvinhas - Edificio Intermarché,São Martinho do Porto,2460-667,39.515384,-9.125873,intermarché de são martinho do porto,intermarché,lugar de relvinhas - edificio intermarché,"1,929 €",2026-05-15_dgeg_postos_raw.csv,7a479df1693d78b2
2026-05-15,2026-05-15 14:31:32,2026-05-11 11:20:00,1656629ed809bfbc,1656629ed809bfbc_diesel_regular,GALP Avenida Mouzinho de Albuquerque,GALP,diesel_regular,Gasóleo simples,Outro,2.065,Lisboa,Lisboa,Av .MOUZINHO DE ALBUQUERQUE posto GALP,Lisboa,1170-268,38.72271,-9.121651,galp avenida mouzinho de albuquerque,galp,av .mouzinho de albuquerque posto galp,"2,065 €",2026-05-15_dgeg_postos_raw.csv,389740e265c8dc93
2026-05-15,2026-05-15 14:31:32,2026-05-11 11:20:00,1656629ed809bfbc,1656629ed809bfbc_diesel_premium,GALP Avenida Mouzinho de Albuquerque,GALP,diesel_premium,Gasóleo especial,Outro,2.115,Lisboa,Lisboa,Av .MOUZINHO DE ALBUQUERQUE posto GALP,Lisboa,1170-268,38.72271,-9.121651,galp avenida mouzinho de albuquerque,galp,av .mouzinho de albuquerque posto galp,"2,115 €",2026-05-15_dgeg_postos_raw.csv,353ddbed0557230a
2026-05-15,2026-05-15 14:31:32,2026-05-11 11:20:00,1656629ed809bfbc,1656629ed809bfbc_gasoline_95,GALP Avenida Mouzinho de Albuquerque,GALP,gasoline_95,Gasolina simples 95,Outro,2.061,Lisboa,Lisboa,Av .MOUZINHO DE ALBUQUERQUE posto GALP,Lisboa,1170-268,38.72271,-9.121651,galp avenida mouzinho de albuquerque,galp,av .mouzinho de albuquerque posto galp,"2,061 €",2026-05-15_dgeg_postos_raw.csv,54e6d9bf5e824a4f
2026-05-15,2026-05-15 14:31:32,2026-05-11 11:20:00,7be7261d2964e85b,7be7261d2964e85b_diesel_regular,"Varzicoop-Cooperativa Agrícola da Póvoa do Varzim, CRL",GALP,diesel_regular,Gasóleo simples,Outro,1.987,Póvoa de Varzim,Porto,"Rua Comendador Francisco Lima Amorim, 863",Amorim,4495-137,41.40913,-8.740699,"varzicoop-cooperativa agrícola da póvoa do varzim, crl",galp,"rua comendador francisco lima amorim, 863","1,987 €",2026-05-15_dgeg_postos_raw.csv,ba0d01389e4c552f
2026-05-15,2026-05-15 14:31:32,2026-05-11 11:25:00,8e16a77fef8048a7,8e16a77fef8048a7_diesel_regular,OS LINOS - Palhagueiras,GALP,diesel_regular,Gasóleo simples,Outro,2.024,Torres Vedras,Lisboa,Rua do Parque nº2,Palhagueiras,2560-044,39.1356,-9.31163,os linos - palhagueiras,galp,rua do parque nº2,"2,024 €",2026-05-15_dgeg_postos_raw.csv,b3d5b9cab2da9660
2026-05-15,2026-05-15 14:31:32,2026-05-11 11:25:00,8e16a77fef8048a7,8e16a77fef8048a7_gasoline_95,OS LINOS - Palhagueiras,GALP,gasoline_95,Gasolina simples 95,Outro,2.059,Torres Vedras,Lisboa,Rua do Parque nº2,Palhagueiras,2560-044,39.1356,-9.31163,os linos - palhagueiras,galp,rua do parque nº2,"2,059 €",2026-05-15_dgeg_postos_raw.csv,ff79542f9511ff22
2026-05-15,2026-05-15 14:31:32,2026-05-11 11:25:00,41c81b5629340230,41c81b5629340230_diesel_regular,L.P.P.Combustíveis Lda - Repsol Marinhais,REPSOL,diesel_regular,Gasóleo simples,Outro,2.039,Salvaterra de Magos,Santarém,Estrda Nacional 118 Km 54,Marinhais,2125-101,39.05095,-8.731104,l.p.p.combustíveis lda - repsol marinhais,repsol,estrda nacional 118 km 54,"2,039 €",2026-05-15_dgeg_postos_raw.csv,a59fe1b072cc5873
2026-05-15,2026-05-15 14:31:32,2026-05-11 11:25:00,41c81b5629340230,41c81b5629340230_diesel_premium,L.P.P.Combustíveis Lda - Repsol Marinhais,REPSOL,diesel_premium,Gasóleo especial,Outro,2.099,Salvaterra de Magos,Santarém,Estrda Nacional 118 Km 54,Marinhais,2125-101,39.05095,-8.731104,l.p.p.combustíveis lda - repsol marinhais,repsol,estrda nacional 118 km 54,"2,099 €",2026-05-15_dgeg_postos_raw.csv,c069f88eaf7b9c30
2026-05-15,2026-05-15 14:31:32,2026-05-11 11:25:00,41c81b5629340230,41c81b5629340230_gasoline_95,L.P.P.Combustíveis Lda - Repsol Marinhais,REPSOL,gasoline_95,Gasolina simples 95,Outro,2.037,Salvaterra de Magos,Santarém,Estrda Nacional 118 Km 54,Marinhais,2125-101,39.05095,-8.731104,l.p.p.combustíveis lda - repsol marinhais,repsol,estrda nacional 118 km 54,"2,037 €",2026-05-15_dgeg_postos_raw.csv,85418633cd8e4166
2026-05-15,2026-05-15 14:31:32,2026-05-11 11:25:00,6ace5d17efabce00,6ace5d17efabce00_diesel_regular,REPSOL Bombeiros do Seixal,REPSOL,diesel_regular,Gasóleo simples,Outro,2.079,Seixal,Setúbal,Alameda dos Bombeiros Voluntários,Arrentela,2840-213,38.637814,-9.098791,repsol bombeiros do seixal,repsol,alameda dos bombeiros voluntários,"2,079 €",2026-05-15_dgeg_postos_raw.csv,5850c9580fb27e5f
2026-05-15,2026-05-15 14:31:32,2026-05-11 11:25:00,6ace5d17efabce00,6ace5d17efabce00_diesel_premium,REPSOL Bombeiros do Seixal,REPSOL,diesel_premium,Gasóleo especial,Outro,2.149,Seixal,Setúbal,Alameda dos Bombeiros Voluntários,Arrentela,2840-213,38.637814,-9.098791,repsol bombeiros do seixal,repsol,alameda dos bombeiros voluntários,"2,149 €",2026-05-15_dgeg_postos_raw.csv,2629859c197fcb40
2026-05-15,2026-05-15 14:31:32,2026-05-11 11:25:00,6ace5d17efabce00,6ace5d17efabce00_gasoline_95,REPSOL Bombeiros do Seixal,REPSOL,gasoline_95,Gasolina simples 95,Outro,2.067,Seixal,Setúbal,Alameda dos Bombeiros Voluntários,Arrentela,2840-213,38.637814,-9.098791,repsol bombeiros do seixal,repsol,alameda dos bombeiros voluntários,"2,067 €",2026-05-15_dgeg_postos_raw.csv,4ae586da98f22cda
2026-05-15,2026-05-15 14:31:32,2026-05-11 11:25:00,1a4c9ba12b48703b,1a4c9ba12b48703b_diesel_regular,E.S. PERNES,REPSOL,diesel_regular,Gasóleo simples,Outro,2.029,Santarém,Santarém,"EN 3 Km 57,59",Santarém,2000-495,39.37715,-8.66083,e.s. pernes,repsol,"en 3 km 57,59","2,029 €",2026-05-15_dgeg_postos_raw.csv,6c847b2a4daa8ad9
2026-05-15,2026-05-15 14:31:32,2026-05-11 11:25:00,1a4c9ba12b48703b,1a4c9ba12b48703b_diesel_premium,E.S. PERNES,REPSOL,diesel_premium,Gasóleo especial,Outro,2.089,Santarém,Santarém,"EN 3 Km 57,59",Santarém,2000-495,39.37715,-8.66083,e.s. pernes,repsol,"en 3 km 57,59","2,089 €",2026-05-15_dgeg_postos_raw.csv,77dbfdeadd8e3e7d
2026-05-15,2026-05-15 14:31:32,2026-05-11 11:25:00,1a4c9ba12b48703b,1a4c9ba12b48703b_gasoline_95,E.S. PERNES,REPSOL,gasoline_95,Gasolina simples 95,Outro,2.027,Santarém,Santarém,"EN 3 Km 57,59",Santarém,2000-495,39.37715,-8.66083,e.s. pernes,repsol,"en 3 km 57,59","2,027 €",2026-05-15_dgeg_postos_raw.csv,b7a062d0896cdafb
2026-05-15,2026-05-15 14:31:32,2026-05-11 11:25:00,c29e47cfffcfffac,c29e47cfffcfffac_diesel_regular,E.S. OLIVEIRA DE AZEMEIS,REPSOL,diesel_regular,Gasóleo simples,Outro,2.029,Oliveira de Azeméis,Aveiro,Av. D. Maria I 214,Oliveira de Azeméis,3720-919,40.82922,-8.48249,e.s. oliveira de azemeis,repsol,av. d. maria i 214,"2,029 €",2026-05-15_dgeg_postos_raw.csv,65bc5be1bbd4e09f
2026-05-15,2026-05-15 14:31:32,2026-05-11 11:25:00,c29e47cfffcfffac,c29e47cfffcfffac_diesel_premium,E.S. OLIVEIRA DE AZEMEIS,REPSOL,diesel_premium,Gasóleo especial,Outro,2.089,Oliveira de Azeméis,Aveiro,Av. D. Maria I 214,Oliveira de Azeméis,3720-919,40.82922,-8.48249,e.s. oliveira de azemeis,repsol,av. d. maria i 214,"2,089 €",2026-05-15_dgeg_postos_raw.csv,1f21a0a6f94cc33f
2026-05-15,2026-05-15 14:31:32,2026-05-11 11:25:00,c29e47cfffcfffac,c29e47cfffcfffac_gasoline_95,E.S. OLIVEIRA DE AZEMEIS,REPSOL,gasoline_95,Gasolina simples 95,Outro,2.027,Oliveira de Azeméis,Aveiro,Av. D. Maria I 214,Oliveira de Azeméis,3720-919,40.82922,-8.48249,e.s. oliveira de azemeis,repsol,av. d. maria i 214,"2,027 €",2026-05-15_dgeg_postos_raw.csv,b7f7f26074b29c8d
2026-05-15,2026-05-15 14:31:32,2026-05-11 11:25:00,c29e47cfffcfffac,c29e47cfffcfffac_gasoline_98,E.S. OLIVEIRA DE AZEMEIS,REPSOL,gasoline_98,Gasolina especial 98,Outro,2.227,Oliveira de Azeméis,Aveiro,Av. D. Maria I 214,Oliveira de Azeméis,3720-919,40.82922,-8.48249,e.s. oliveira de azemeis,repsol,av. d. maria i 214,"2,227 €",2026-05-15_dgeg_postos_raw.csv,14fc4426b224345c
2026-05-15,2026-05-15 14:31:32,2026-05-11 11:30:00,aa48393e5e2d0f1c,aa48393e5e2d0f1c_diesel_regular,E.S. S. JOAO MADEIRA Z.IND.,REPSOL,diesel_regular,Gasóleo simples,Outro,2.029,São João da Madeira,Aveiro,"Rua Domingos José Oliveira, s/n",São João da Madeira,3700-317,40.89818,-8.479,e.s. s. joao madeira z.ind.,repsol,"rua domingos josé oliveira, s/n","2,029 €",2026-05-15_dgeg_postos_raw.csv,e7ef7a3d78a0d53a
2026-05-15,2026-05-15 14:31:32,2026-05-11 11:30:00,aa48393e5e2d0f1c,aa48393e5e2d0f1c_diesel_premium,E.S. S. JOAO MADEIRA Z.IND.,REPSOL,diesel_premium,Gasóleo especial,Outro,2.089,São João da Madeira,Aveiro,"Rua Domingos José Oliveira, s/n",São João da Madeira,3700-317,40.89818,-8.479,e.s. s. joao madeira z.ind.,repsol,"rua domingos josé oliveira, s/n","2,089 €",2026-05-15_dgeg_postos_raw.csv,235e78c571ecdeaf
2026-05-15,2026-05-15 14:31:32,2026-05-11 11:30:00,aa48393e5e2d0f1c,aa48393e5e2d0f1c_gasoline_95,E.S. S. JOAO MADEIRA Z.IND.,REPSOL,gasoline_95,Gasolina simples 95,Outro,2.027,São João da Madeira,Aveiro,"Rua Domingos José Oliveira, s/n",São João da Madeira,3700-317,40.89818,-8.479,e.s. s. joao madeira z.ind.,repsol,"rua domingos josé oliveira, s/n","2,027 €",2026-05-15_dgeg_postos_raw.csv,cc6807afe1ac275b
2026-05-15,2026-05-15 14:31:32,2026-05-11 11:30:00,aa48393e5e2d0f1c,aa48393e5e2d0f1c_gasoline_98,E.S. S. JOAO MADEIRA Z.IND.,REPSOL,gasoline_98,Gasolina especial 98,Outro,2.217,São João da Madeira,Aveiro,"Rua Domingos José Oliveira, s/n",São João da Madeira,3700-317,40.89818,-8.479,e.s. s. joao madeira z.ind.,repsol,"rua domingos josé oliveira, s/n","2,217 €",2026-05-15_dgeg_postos_raw.csv,c0e87984a478538a
2026-05-15,2026-05-15 14:31:32,2026-05-11 11:30:00,eabebf8cf0191346,eabebf8cf0191346_diesel_regular,ALVALADE - MOEVE,MOEVE,diesel_regular,Gasóleo simples,Outro,2.036,Lisboa,Lisboa,Av. da Igreja nº 37 E,Alvalade,1749-000,38.75275,-9.14479,alvalade - moeve,moeve,av. da igreja nº 37 e,"2,036 €",2026-05-15_dgeg_postos_raw.csv,3519ed1ad5832ad1
2026-05-15,2026-05-15 14:31:32,2026-05-11 11:30:00,eabebf8cf0191346,eabebf8cf0191346_diesel_premium,ALVALADE - MOEVE,MOEVE,diesel_premium,Gasóleo especial,Outro,2.086,Lisboa,Lisboa,Av. da Igreja nº 37 E,Alvalade,1749-000,38.75275,-9.14479,alvalade - moeve,moeve,av. da igreja nº 37 e,"2,086 €",2026-05-15_dgeg_postos_raw.csv,d37a1eec36d2c1fc
2026-05-15,2026-05-15 14:31:32,2026-05-11 11:30:00,eabebf8cf0191346,eabebf8cf0191346_gasoline_95,ALVALADE - MOEVE,MOEVE,gasoline_95,Gasolina simples 95,Outro,2.028,Lisboa,Lisboa,Av. da Igreja nº 37 E,Alvalade,1749-000,38.75275,-9.14479,alvalade - moeve,moeve,av. da igreja nº 37 e,"2,028 €",2026-05-15_dgeg_postos_raw.csv,2e060d4a8a2b498b
2026-05-15,2026-05-15 14:31:32,2026-05-11 11:30:00,eabebf8cf0191346,eabebf8cf0191346_gasoline_98,ALVALADE - MOEVE,MOEVE,gasoline_98,Gasolina especial 98,Outro,2.24,Lisboa,Lisboa,Av. da Igreja nº 37 E,Alvalade,1749-000,38.75275,-9.14479,alvalade - moeve,moeve,av. da igreja nº 37 e,"2,240 €",2026-05-15_dgeg_postos_raw.csv,d7b6fbb2de28adcf
2026-05-15,2026-05-15 14:31:32,2026-05-11 11:30:00,0137e397d56c9e41,0137e397d56c9e41_gasoline_95,PETROVAZ  - S.VICENTE PEREIRA,PETROVAZ,gasoline_95,Gasolina simples 95,Outro,1.939,Santa Maria da Feira,Aveiro,"Rua Adelaide Sofia Oliveira Santos, 196",S. Vicente de Pereira Jusã,3880-810,40.86781,-8.55171,petrovaz - s.vicente pereira,petrovaz,"rua adelaide sofia oliveira santos, 196","1,939 €",2026-05-15_dgeg_postos_raw.csv,645190f9a1dd532c
2026-05-15,2026-05-15 14:31:32,2026-05-11 11:30:00,80426a7993df6f56,80426a7993df6f56_diesel_regular,CASCAIS SHOPPING,MOEVE,diesel_regular,Gasóleo simples,Outro,1.986,Cascais,Lisboa,E.N. 9 - Alcabideche,Cascais,2750-000,38.7405443,-9.395244625,cascais shopping,moeve,e.n. 9 - alcabideche,"1,986 €",2026-05-15_dgeg_postos_raw.csv,3138dd474ca145cf
2026-05-15,2026-05-15 14:31:32,2026-05-11 11:30:00,80426a7993df6f56,80426a7993df6f56_diesel_premium,CASCAIS SHOPPING,MOEVE,diesel_premium,Gasóleo especial,Outro,2.036,Cascais,Lisboa,E.N. 9 - Alcabideche,Cascais,2750-000,38.7405443,-9.395244625,cascais shopping,moeve,e.n. 9 - alcabideche,"2,036 €",2026-05-15_dgeg_postos_raw.csv,9661b8dc8bbc375f
2026-05-15,2026-05-15 14:31:32,2026-05-11 11:30:00,80426a7993df6f56,80426a7993df6f56_gasoline_95,CASCAIS SHOPPING,MOEVE,gasoline_95,Gasolina simples 95,Outro,1.978,Cascais,Lisboa,E.N. 9 - Alcabideche,Cascais,2750-000,38.7405443,-9.395244625,cascais shopping,moeve,e.n. 9 - alcabideche,"1,978 €",2026-05-15_dgeg_postos_raw.csv,a2c1649626b81bd8
2026-05-15,2026-05-15 14:31:32,2026-05-11 11:30:00,80426a7993df6f56,80426a7993df6f56_gasoline_98,CASCAIS SHOPPING,MOEVE,gasoline_98,Gasolina especial 98,Outro,2.19,Cascais,Lisboa,E.N. 9 - Alcabideche,Cascais,2750-000,38.7405443,-9.395244625,cascais shopping,moeve,e.n. 9 - alcabideche,"2,190 €",2026-05-15_dgeg_postos_raw.csv,4ecb7ec42dc91fd8
2026-05-15,2026-05-15 14:31:32,2026-05-11 11:30:00,971288748ed18545,971288748ed18545_diesel_regular,REPSOL Coina,REPSOL,diesel_regular,Gasóleo simples,Outro,2.102,Barreiro,Setúbal,Estrada Nacional 10,Coina,2830-411,38.592712,-9.046671,repsol coina,repsol,estrada nacional 10,"2,102 €",2026-05-15_dgeg_postos_raw.csv,9f52d0077022b283
2026-05-15,2026-05-15 14:31:32,2026-05-11 11:30:00,971288748ed18545,971288748ed18545_diesel_premium,REPSOL Coina,REPSOL,diesel_premium,Gasóleo especial,Outro,2.162,Barreiro,Setúbal,Estrada Nacional 10,Coina,2830-411,38.592712,-9.046671,repsol coina,repsol,estrada nacional 10,"2,162 €",2026-05-15_dgeg_postos_raw.csv,b728aea09042d874
2026-05-15,2026-05-15 14:31:32,2026-05-11 11:30:00,971288748ed18545,971288748ed18545_gasoline_95,REPSOL Coina,REPSOL,gasoline_95,Gasolina simples 95,Outro,2.047,Barreiro,Setúbal,Estrada Nacional 10,Coina,2830-411,38.592712,-9.046671,repsol coina,repsol,estrada nacional 10,"2,047 €",2026-05-15_dgeg_postos_raw.csv,72e811ad4688ecc8
2026-05-15,2026-05-15 14:31:32,2026-05-11 11:30:00,971288748ed18545,971288748ed18545_gasoline_98,REPSOL Coina,REPSOL,gasoline_98,Gasolina especial 98,Outro,2.237,Barreiro,Setúbal,Estrada Nacional 10,Coina,2830-411,38.592712,-9.046671,repsol coina,repsol,estrada nacional 10,"2,237 €",2026-05-15_dgeg_postos_raw.csv,3084cf57e4bb65e2
2026-05-15,2026-05-15 14:31:32,2026-05-11 11:30:00,1571029b6961dc69,1571029b6961dc69_diesel_premium,INTERMARCHÉ São Brás de Alportel,INTERMARCHÉ,diesel_premium,Gasóleo especial,Outro,1.949,São Brás de Alportel,Faro,"Campina, Estrada Nac. 270",São Brás de Alportel,8150-025,37.15241,-7.877694,intermarché são brás de alportel,intermarché,"campina, estrada nac. 270","1,949 €",2026-05-15_dgeg_postos_raw.csv,74b16be96e82bf5b
2026-05-15,2026-05-15 14:31:32,2026-05-11 11:30:00,1571029b6961dc69,1571029b6961dc69_diesel_regular,INTERMARCHÉ São Brás de Alportel,INTERMARCHÉ,diesel_regular,Gasóleo simples,Outro,1.909,São Brás de Alportel,Faro,"Campina, Estrada Nac. 270",São Brás de Alportel,8150-025,37.15241,-7.877694,intermarché são brás de alportel,intermarché,"campina, estrada nac. 270","1,909 €",2026-05-15_dgeg_postos_raw.csv,44286ecf61a8f5fe
2026-05-15,2026-05-15 14:31:32,2026-05-11 11:30:00,1571029b6961dc69,1571029b6961dc69_gasoline_95,INTERMARCHÉ São Brás de Alportel,INTERMARCHÉ,gasoline_95,Gasolina simples 95,Outro,1.909,São Brás de Alportel,Faro,"Campina, Estrada Nac. 270",São Brás de Alportel,8150-025,37.15241,-7.877694,intermarché são brás de alportel,intermarché,"campina, estrada nac. 270","1,909 €",2026-05-15_dgeg_postos_raw.csv,6eacc91573997627
2026-05-15,2026-05-15 14:31:32,2026-05-11 11:30:00,50e22dfb281a4477,50e22dfb281a4477_diesel_regular,FERREIRA &FERREIRA COMBUSTIVEIS LDA - ALVES BANDEIRA,ALVES BANDEIRA,diesel_regular,Gasóleo simples,Outro,2.029,Sever do Vouga,Aveiro,"EN 16 (Rua de Vale de Água), nº 3546",Fontelas do Vouga,3740-015,40.731186,-8.332094,ferreira &ferreira combustiveis lda - alves bandeira,alves bandeira,"en 16 (rua de vale de água), nº 3546","2,029 €",2026-05-15_dgeg_postos_raw.csv,2009a431f9fefa9f
2026-05-15,2026-05-15 14:31:32,2026-05-11 11:30:00,50e22dfb281a4477,50e22dfb281a4477_diesel_premium,FERREIRA &FERREIRA COMBUSTIVEIS LDA - ALVES BANDEIRA,ALVES BANDEIRA,diesel_premium,Gasóleo especial,Outro,2.059,Sever do Vouga,Aveiro,"EN 16 (Rua de Vale de Água), nº 3546",Fontelas do Vouga,3740-015,40.731186,-8.332094,ferreira &ferreira combustiveis lda - alves bandeira,alves bandeira,"en 16 (rua de vale de água), nº 3546","2,059 €",2026-05-15_dgeg_postos_raw.csv,2b410bdbd89d9adf
2026-05-15,2026-05-15 14:31:32,2026-05-11 11:30:00,50e22dfb281a4477,50e22dfb281a4477_gasoline_95,FERREIRA &FERREIRA COMBUSTIVEIS LDA - ALVES BANDEIRA,ALVES BANDEIRA,gasoline_95,Gasolina simples 95,Outro,2.069,Sever do Vouga,Aveiro,"EN 16 (Rua de Vale de Água), nº 3546",Fontelas do Vouga,3740-015,40.731186,-8.332094,ferreira &ferreira combustiveis lda - alves bandeira,alves bandeira,"en 16 (rua de vale de água), nº 3546","2,069 €",2026-05-15_dgeg_postos_raw.csv,3321e4e251b2d6a2
2026-05-15,2026-05-15 14:31:32,2026-05-11 11:30:00,0f7422422084505c,0f7422422084505c_diesel_regular,GAPOR - Pardilhó,GAPOR,diesel_regular,Gasóleo simples,Outro,1.985,Estarreja,Aveiro,"Rua António Maria da Silva Pinho, nº30",Pardilhó,3860-431,40.79308,-8.62239,gapor - pardilhó,gapor,"rua antónio maria da silva pinho, nº30","1,985 €",2026-05-15_dgeg_postos_raw.csv,e200006875f72472
2026-05-15,2026-05-15 14:31:32,2026-05-11 11:30:00,0f7422422084505c,0f7422422084505c_gasoline_95,GAPOR - Pardilhó,GAPOR,gasoline_95,Gasolina simples 95,Outro,1.981,Estarreja,Aveiro,"Rua António Maria da Silva Pinho, nº30",Pardilhó,3860-431,40.79308,-8.62239,gapor - pardilhó,gapor,"rua antónio maria da silva pinho, nº30","1,981 €",2026-05-15_dgeg_postos_raw.csv,6ef482246123c9bd
2026-05-15,2026-05-15 14:31:32,2026-05-11 11:30:00,8e85658e872424ea,8e85658e872424ea_diesel_regular,NOVA LUBRIALTA,Genérico,diesel_regular,Gasóleo simples,Outro,1.89,Viseu,Viseu,"E.N 337, Tondelinha",Tondelinha - Orgens,3510-694,40.65684,-7.95772,nova lubrialta,genérico,"e.n 337, tondelinha","1,890 €",2026-05-15_dgeg_postos_raw.csv,fa8428977d031654
2026-05-15,2026-05-15 14:31:32,2026-05-11 11:30:00,8e85658e872424ea,8e85658e872424ea_gasoline_95,NOVA LUBRIALTA,Genérico,gasoline_95,Gasolina simples 95,Outro,1.947,Viseu,Viseu,"E.N 337, Tondelinha",Tondelinha - Orgens,3510-694,40.65684,-7.95772,nova lubrialta,genérico,"e.n 337, tondelinha","1,947 €",2026-05-15_dgeg_postos_raw.csv,6d9343b59a4da223
2026-05-15,2026-05-15 14:31:32,2026-05-11 11:30:00,8e85658e872424ea,8e85658e872424ea_diesel_premium,NOVA LUBRIALTA,Genérico,diesel_premium,Gasóleo especial,Outro,1.91,Viseu,Viseu,"E.N 337, Tondelinha",Tondelinha - Orgens,3510-694,40.65684,-7.95772,nova lubrialta,genérico,"e.n 337, tondelinha","1,910 €",2026-05-15_dgeg_postos_raw.csv,575a8b285e4614df
2026-05-15,2026-05-15 14:31:32,2026-05-11 11:30:00,0137e397d56c9e41,0137e397d56c9e41_diesel_regular,PETROVAZ  - S.VICENTE PEREIRA,PETROVAZ,diesel_regular,Gasóleo simples,Outro,1.929,Santa Maria da Feira,Aveiro,"Rua Adelaide Sofia Oliveira Santos, 196",S. Vicente de Pereira Jusã,3880-810,40.86781,-8.55171,petrovaz - s.vicente pereira,petrovaz,"rua adelaide sofia oliveira santos, 196","1,929 €",2026-05-15_dgeg_postos_raw.csv,7dac8b7c41a7ca98
2026-05-15,2026-05-15 14:31:32,2026-05-11 11:30:00,c8df84dff23d3279,c8df84dff23d3279_diesel_regular,"ANICETO DE OLIVEIRA GUERRA, HERDEIROS, LDA",PRIO,diesel_regular,Gasóleo simples,Outro,2.019,Pinhel,Guarda,"RUA D. MANUEL I, Nº 1",PINHEL,6400-521,40.77402,-7.059666,"aniceto de oliveira guerra, herdeiros, lda",prio,"rua d. manuel i, nº 1","2,019 €",2026-05-15_dgeg_postos_raw.csv,a237194225501327
2026-05-15,2026-05-15 14:31:32,2026-05-11 11:30:00,c8df84dff23d3279,c8df84dff23d3279_diesel_premium,"ANICETO DE OLIVEIRA GUERRA, HERDEIROS, LDA",PRIO,diesel_premium,Gasóleo especial,Outro,2.019,Pinhel,Guarda,"RUA D. MANUEL I, Nº 1",PINHEL,6400-521,40.77402,-7.059666,"aniceto de oliveira guerra, herdeiros, lda",prio,"rua d. manuel i, nº 1","2,019 €",2026-05-15_dgeg_postos_raw.csv,1c0567ac8aee72b9
2026-05-15,2026-05-15 14:31:32,2026-05-11 11:30:00,c8df84dff23d3279,c8df84dff23d3279_gasoline_95,"ANICETO DE OLIVEIRA GUERRA, HERDEIROS, LDA",PRIO,gasoline_95,Gasolina simples 95,Outro,1.999,Pinhel,Guarda,"RUA D. MANUEL I, Nº 1",PINHEL,6400-521,40.77402,-7.059666,"aniceto de oliveira guerra, herdeiros, lda",prio,"rua d. manuel i, nº 1","1,999 €",2026-05-15_dgeg_postos_raw.csv,9f3104adab162fec
2026-05-15,2026-05-15 14:31:32,2026-05-11 11:30:00,45fac4449c1d676d,45fac4449c1d676d_diesel_regular,PETROVAZ - ARRIFANA,PETROVAZ,diesel_regular,Gasóleo simples,Outro,1.889,Santa Maria da Feira,Aveiro,R. Terras Santa Maria,Arrifana,3700-393,40.92133,-8.50246,petrovaz - arrifana,petrovaz,r. terras santa maria,"1,889 €",2026-05-15_dgeg_postos_raw.csv,1d61d4ef504333a0
2026-05-15,2026-05-15 14:31:32,2026-05-11 11:30:00,45fac4449c1d676d,45fac4449c1d676d_diesel_premium,PETROVAZ - ARRIFANA,PETROVAZ,diesel_premium,Gasóleo especial,Outro,1.919,Santa Maria da Feira,Aveiro,R. Terras Santa Maria,Arrifana,3700-393,40.92133,-8.50246,petrovaz - arrifana,petrovaz,r. terras santa maria,"1,919 €",2026-05-15_dgeg_postos_raw.csv,59241b60374b1ecc
2026-05-15,2026-05-15 14:31:32,2026-05-11 11:30:00,45fac4449c1d676d,45fac4449c1d676d_gasoline_95,PETROVAZ - ARRIFANA,PETROVAZ,gasoline_95,Gasolina simples 95,Outro,1.929,Santa Maria da Feira,Aveiro,R. Terras Santa Maria,Arrifana,3700-393,40.92133,-8.50246,petrovaz - arrifana,petrovaz,r. terras santa maria,"1,929 €",2026-05-15_dgeg_postos_raw.csv,4a7900f9d5cf60bd
2026-05-15,2026-05-15 14:31:32,2026-05-11 11:35:00,b1d9282b45e4a99f,b1d9282b45e4a99f_diesel_regular,Casimiro,REPSOL,diesel_regular,Gasóleo simples,Outro,1.83,Porto de Mós,Leiria,"Rua do Lagar Novo, n.20",Lagar Novo,2480-211,39.52071423,-8.83872115,casimiro,repsol,"rua do lagar novo, n.20","1,830 €",2026-05-15_dgeg_postos_raw.csv,12c7670231866776
2026-05-15,2026-05-15 14:31:32,2026-05-11 11:35:00,b1d9282b45e4a99f,b1d9282b45e4a99f_diesel_premium,Casimiro,REPSOL,diesel_premium,Gasóleo especial,Outro,1.859,Porto de Mós,Leiria,"Rua do Lagar Novo, n.20",Lagar Novo,2480-211,39.52071423,-8.83872115,casimiro,repsol,"rua do lagar novo, n.20","1,859 €",2026-05-15_dgeg_postos_raw.csv,a7abb3cfeabad0cd
2026-05-15,2026-05-15 14:31:32,2026-05-11 11:35:00,b1d9282b45e4a99f,b1d9282b45e4a99f_gasoline_95,Casimiro,REPSOL,gasoline_95,Gasolina simples 95,Outro,1.899,Porto de Mós,Leiria,"Rua do Lagar Novo, n.20",Lagar Novo,2480-211,39.52071423,-8.83872115,casimiro,repsol,"rua do lagar novo, n.20","1,899 €",2026-05-15_dgeg_postos_raw.csv,f1037d463ccf91a5
2026-05-15,2026-05-15 14:31:32,2026-05-11 11:35:00,b1d9282b45e4a99f,b1d9282b45e4a99f_gasoline_98,Casimiro,REPSOL,gasoline_98,Gasolina especial 98,Outro,1.978,Porto de Mós,Leiria,"Rua do Lagar Novo, n.20",Lagar Novo,2480-211,39.52071423,-8.83872115,casimiro,repsol,"rua do lagar novo, n.20","1,978 €",2026-05-15_dgeg_postos_raw.csv,9f649a432679e5a2
2026-05-15,2026-05-15 14:31:32,2026-05-11 11:35:00,fc5798f4abef86b4,fc5798f4abef86b4_diesel_premium,CEPSA Carregal do Sal,CEPSA,diesel_premium,Gasóleo especial,Outro,1.986,Carregal do Sal,Viseu,Arruamento Urbano a Sul da Vila s/nCarregal do Sal,Carregal do Sal,3430-154,40.4311,-7.99496,cepsa carregal do sal,cepsa,arruamento urbano a sul da vila s/ncarregal do sal,"1,986 €",2026-05-15_dgeg_postos_raw.csv,67639263384153f4
2026-05-15,2026-05-15 14:31:32,2026-05-11 11:35:00,fc5798f4abef86b4,fc5798f4abef86b4_diesel_regular,CEPSA Carregal do Sal,CEPSA,diesel_regular,Gasóleo simples,Outro,1.936,Carregal do Sal,Viseu,Arruamento Urbano a Sul da Vila s/nCarregal do Sal,Carregal do Sal,3430-154,40.4311,-7.99496,cepsa carregal do sal,cepsa,arruamento urbano a sul da vila s/ncarregal do sal,"1,936 €",2026-05-15_dgeg_postos_raw.csv,fd9e57374b1e9106
2026-05-15,2026-05-15 14:31:32,2026-05-11 11:35:00,fc5798f4abef86b4,fc5798f4abef86b4_gasoline_95,CEPSA Carregal do Sal,CEPSA,gasoline_95,Gasolina simples 95,Outro,1.928,Carregal do Sal,Viseu,Arruamento Urbano a Sul da Vila s/nCarregal do Sal,Carregal do Sal,3430-154,40.4311,-7.99496,cepsa carregal do sal,cepsa,arruamento urbano a sul da vila s/ncarregal do sal,"1,928 €",2026-05-15_dgeg_postos_raw.csv,e54dec76246ebebe
2026-05-15,2026-05-15 14:31:32,2026-05-11 11:35:00,1c35f8310c4e9358,1c35f8310c4e9358_diesel_regular,CEPSA Canas de Senhorim,CEPSA,diesel_regular,Gasóleo simples,Outro,1.966,Nelas,Viseu,Av. das Pedras Altas,Canas de Senhorim,3525-040,40.49813,-7.89497,cepsa canas de senhorim,cepsa,av. das pedras altas,"1,966 €",2026-05-15_dgeg_postos_raw.csv,479c434252b348c4
2026-05-15,2026-05-15 14:31:32,2026-05-11 11:35:00,1c35f8310c4e9358,1c35f8310c4e9358_diesel_premium,CEPSA Canas de Senhorim,CEPSA,diesel_premium,Gasóleo especial,Outro,2.016,Nelas,Viseu,Av. das Pedras Altas,Canas de Senhorim,3525-040,40.49813,-7.89497,cepsa canas de senhorim,cepsa,av. das pedras altas,"2,016 €",2026-05-15_dgeg_postos_raw.csv,4b849a74759d1475
2026-05-15,2026-05-15 14:31:32,2026-05-11 11:35:00,1c35f8310c4e9358,1c35f8310c4e9358_gasoline_95,CEPSA Canas de Senhorim,CEPSA,gasoline_95,Gasolina simples 95,Outro,1.958,Nelas,Viseu,Av. das Pedras Altas,Canas de Senhorim,3525-040,40.49813,-7.89497,cepsa canas de senhorim,cepsa,av. das pedras altas,"1,958 €",2026-05-15_dgeg_postos_raw.csv,0ca2a89cb1863e1f
2026-05-15,2026-05-15 14:31:32,2026-05-11 11:35:00,713fa20f27214eaa,713fa20f27214eaa_diesel_regular,E.S. VAGOS,REPSOL,diesel_regular,Gasóleo simples,Outro,2.029,Vagos,Aveiro,"Rua Dr. Mendes Correia (Pai), nº 38",Vagos,3840-443,40.55118,-8.67998,e.s. vagos,repsol,"rua dr. mendes correia (pai), nº 38","2,029 €",2026-05-15_dgeg_postos_raw.csv,ec60ac22a27130a1
2026-05-15,2026-05-15 14:31:32,2026-05-11 11:35:00,713fa20f27214eaa,713fa20f27214eaa_diesel_premium,E.S. VAGOS,REPSOL,diesel_premium,Gasóleo especial,Outro,2.089,Vagos,Aveiro,"Rua Dr. Mendes Correia (Pai), nº 38",Vagos,3840-443,40.55118,-8.67998,e.s. vagos,repsol,"rua dr. mendes correia (pai), nº 38","2,089 €",2026-05-15_dgeg_postos_raw.csv,eaba29ff93798700
2026-05-15,2026-05-15 14:31:32,2026-05-11 11:35:00,713fa20f27214eaa,713fa20f27214eaa_gasoline_95,E.S. VAGOS,REPSOL,gasoline_95,Gasolina simples 95,Outro,2.027,Vagos,Aveiro,"Rua Dr. Mendes Correia (Pai), nº 38",Vagos,3840-443,40.55118,-8.67998,e.s. vagos,repsol,"rua dr. mendes correia (pai), nº 38","2,027 €",2026-05-15_dgeg_postos_raw.csv,5262ea20d2ddab62
2026-05-15,2026-05-15 14:31:32,2026-05-11 11:35:00,713fa20f27214eaa,713fa20f27214eaa_gasoline_98,E.S. VAGOS,REPSOL,gasoline_98,Gasolina especial 98,Outro,2.217,Vagos,Aveiro,"Rua Dr. Mendes Correia (Pai), nº 38",Vagos,3840-443,40.55118,-8.67998,e.s. vagos,repsol,"rua dr. mendes correia (pai), nº 38","2,217 €",2026-05-15_dgeg_postos_raw.csv,f28e5e30af8f956c
2026-05-15,2026-05-15 14:31:32,2026-05-11 11:40:00,4f475a6a9da78522,4f475a6a9da78522_diesel_regular,ALVES BANDEIRA Vilarinho do Bairro,ALVES BANDEIRA,diesel_regular,Gasóleo simples,Outro,2.04,Anadia,Aveiro,Rua da Ascenção Nº 2,Vilarinho do Bairro,3780-599,40.42235,-8.532194,alves bandeira vilarinho do bairro,alves bandeira,rua da ascenção nº 2,"2,040 €",2026-05-15_dgeg_postos_raw.csv,5217e75ac08e2a42
2026-05-15,2026-05-15 14:31:32,2026-05-11 11:40:00,4f475a6a9da78522,4f475a6a9da78522_diesel_premium,ALVES BANDEIRA Vilarinho do Bairro,ALVES BANDEIRA,diesel_premium,Gasóleo especial,Outro,2.06,Anadia,Aveiro,Rua da Ascenção Nº 2,Vilarinho do Bairro,3780-599,40.42235,-8.532194,alves bandeira vilarinho do bairro,alves bandeira,rua da ascenção nº 2,"2,060 €",2026-05-15_dgeg_postos_raw.csv,5244cbfd7a119006
2026-05-15,2026-05-15 14:31:32,2026-05-11 11:40:00,4f475a6a9da78522,4f475a6a9da78522_gasoline_95,ALVES BANDEIRA Vilarinho do Bairro,ALVES BANDEIRA,gasoline_95,Gasolina simples 95,Outro,2.046,Anadia,Aveiro,Rua da Ascenção Nº 2,Vilarinho do Bairro,3780-599,40.42235,-8.532194,alves bandeira vilarinho do bairro,alves bandeira,rua da ascenção nº 2,"2,046 €",2026-05-15_dgeg_postos_raw.csv,d5a34b6659b3669e
2026-05-15,2026-05-15 14:31:32,2026-05-11 11:40:00,281ef03df15641c3,281ef03df15641c3_diesel_regular,ALVES BANDEIRA Zibreira,ALVES BANDEIRA,diesel_regular,Gasóleo simples,Outro,2.075,Torres Novas,Santarém,Rua do Conselheiro Real,Zibreira,2350-846,39.481576,-8.610996,alves bandeira zibreira,alves bandeira,rua do conselheiro real,"2,075 €",2026-05-15_dgeg_postos_raw.csv,42d439487bd5575a
2026-05-15,2026-05-15 14:31:32,2026-05-11 11:40:00,281ef03df15641c3,281ef03df15641c3_gasoline_95,ALVES BANDEIRA Zibreira,ALVES BANDEIRA,gasoline_95,Gasolina simples 95,Outro,2.081,Torres Novas,Santarém,Rua do Conselheiro Real,Zibreira,2350-846,39.481576,-8.610996,alves bandeira zibreira,alves bandeira,rua do conselheiro real,"2,081 €",2026-05-15_dgeg_postos_raw.csv,37e429141927dda3
2026-05-15,2026-05-15 14:31:32,2026-05-11 11:40:00,36044945687a1adf,36044945687a1adf_diesel_regular,E.S. ALPIARÇA,REPSOL,diesel_regular,Gasóleo simples,Outro,2.019,Alpiarça,Santarém,Rua José Relvas (Est. Alcanede) nº 417,Alpiarça,2090-212,39.26777,-8.57558,e.s. alpiarça,repsol,rua josé relvas (est. alcanede) nº 417,"2,019 €",2026-05-15_dgeg_postos_raw.csv,dcdfee437041a24d
2026-05-15,2026-05-15 14:31:32,2026-05-11 11:40:00,36044945687a1adf,36044945687a1adf_diesel_premium,E.S. ALPIARÇA,REPSOL,diesel_premium,Gasóleo especial,Outro,2.069,Alpiarça,Santarém,Rua José Relvas (Est. Alcanede) nº 417,Alpiarça,2090-212,39.26777,-8.57558,e.s. alpiarça,repsol,rua josé relvas (est. alcanede) nº 417,"2,069 €",2026-05-15_dgeg_postos_raw.csv,9592f472ffd283e5
2026-05-15,2026-05-15 14:31:32,2026-05-11 11:40:00,36044945687a1adf,36044945687a1adf_gasoline_95,E.S. ALPIARÇA,REPSOL,gasoline_95,Gasolina simples 95,Outro,2.017,Alpiarça,Santarém,Rua José Relvas (Est. Alcanede) nº 417,Alpiarça,2090-212,39.26777,-8.57558,e.s. alpiarça,repsol,rua josé relvas (est. alcanede) nº 417,"2,017 €",2026-05-15_dgeg_postos_raw.csv,864c97154aed5d4d
2026-05-15,2026-05-15 14:31:32,2026-05-11 11:40:00,80e35a7fc53bfb57,80e35a7fc53bfb57_diesel_regular,CEPSA Outeiro de São Miguel - Guarda,CEPSA,diesel_regular,Gasóleo simples,Outro,1.966,Guarda,Guarda,Estrada Nacional nº16 - KM183 - Outeiro São Miguel - Arrifana,Arrifana,6300-035,40.56875,-7.223616,cepsa outeiro de são miguel - guarda,cepsa,estrada nacional nº16 - km183 - outeiro são miguel - arrifana,"1,966 €",2026-05-15_dgeg_postos_raw.csv,487aec825b3ac5cd
2026-05-15,2026-05-15 14:31:32,2026-05-11 11:40:00,80e35a7fc53bfb57,80e35a7fc53bfb57_gasoline_95,CEPSA Outeiro de São Miguel - Guarda,CEPSA,gasoline_95,Gasolina simples 95,Outro,1.958,Guarda,Guarda,Estrada Nacional nº16 - KM183 - Outeiro São Miguel - Arrifana,Arrifana,6300-035,40.56875,-7.223616,cepsa outeiro de são miguel - guarda,cepsa,estrada nacional nº16 - km183 - outeiro são miguel - arrifana,"1,958 €",2026-05-15_dgeg_postos_raw.csv,846639ef19543baa
2026-05-15,2026-05-15 14:31:32,2026-05-11 11:40:00,80e35a7fc53bfb57,80e35a7fc53bfb57_diesel_premium,CEPSA Outeiro de São Miguel - Guarda,CEPSA,diesel_premium,Gasóleo especial,Outro,2.016,Guarda,Guarda,Estrada Nacional nº16 - KM183 - Outeiro São Miguel - Arrifana,Arrifana,6300-035,40.56875,-7.223616,cepsa outeiro de são miguel - guarda,cepsa,estrada nacional nº16 - km183 - outeiro são miguel - arrifana,"2,016 €",2026-05-15_dgeg_postos_raw.csv,02d0395edb166ea7
2026-05-15,2026-05-15 14:31:32,2026-05-11 11:40:00,27c0eb10b209f992,27c0eb10b209f992_diesel_premium,MOEVE - Viseu - São João da Carreira,MOEVE,diesel_premium,Gasóleo especial,Outro,2.016,Viseu,Viseu,"Estrada S. Joao da carreira, 434",Viseu,3500-188,40.66461,-7.897389,moeve - viseu - são joão da carreira,moeve,"estrada s. joao da carreira, 434","2,016 €",2026-05-15_dgeg_postos_raw.csv,7bc0bdf6008081e7
2026-05-15,2026-05-15 14:31:32,2026-05-11 11:40:00,27c0eb10b209f992,27c0eb10b209f992_diesel_regular,MOEVE - Viseu - São João da Carreira,MOEVE,diesel_regular,Gasóleo simples,Outro,1.966,Viseu,Viseu,"Estrada S. Joao da carreira, 434",Viseu,3500-188,40.66461,-7.897389,moeve - viseu - são joão da carreira,moeve,"estrada s. joao da carreira, 434","1,966 €",2026-05-15_dgeg_postos_raw.csv,bf3f2c184e918cf8
2026-05-15,2026-05-15 14:31:32,2026-05-11 11:40:00,27c0eb10b209f992,27c0eb10b209f992_gasoline_95,MOEVE - Viseu - São João da Carreira,MOEVE,gasoline_95,Gasolina simples 95,Outro,1.958,Viseu,Viseu,"Estrada S. Joao da carreira, 434",Viseu,3500-188,40.66461,-7.897389,moeve - viseu - são joão da carreira,moeve,"estrada s. joao da carreira, 434","1,958 €",2026-05-15_dgeg_postos_raw.csv,2ff9b82f7799e29e
2026-05-15,2026-05-15 14:31:32,2026-05-11 11:40:00,ae2cbe257c53cb14,ae2cbe257c53cb14_diesel_regular,PA  de Calde,ALVES BANDEIRA,diesel_regular,Gasóleo simples,Outro,2.059,Viseu,Viseu,Av. das Amoreiras,Calde,3515-726,40.77644,-7.915753,pa de calde,alves bandeira,av. das amoreiras,"2,059 €",2026-05-15_dgeg_postos_raw.csv,edb2a7453330cea1
2026-05-15,2026-05-15 14:31:32,2026-05-11 11:40:00,ae2cbe257c53cb14,ae2cbe257c53cb14_gasoline_95,PA  de Calde,ALVES BANDEIRA,gasoline_95,Gasolina simples 95,Outro,2.077,Viseu,Viseu,Av. das Amoreiras,Calde,3515-726,40.77644,-7.915753,pa de calde,alves bandeira,av. das amoreiras,"2,077 €",2026-05-15_dgeg_postos_raw.csv,b369a40fc85f9aaf
2026-05-15,2026-05-15 14:31:32,2026-05-11 11:40:00,ae2cbe257c53cb14,ae2cbe257c53cb14_diesel_premium,PA  de Calde,ALVES BANDEIRA,diesel_premium,Gasóleo especial,Outro,2.079,Viseu,Viseu,Av. das Amoreiras,Calde,3515-726,40.77644,-7.915753,pa de calde,alves bandeira,av. das amoreiras,"2,079 €",2026-05-15_dgeg_postos_raw.csv,da8d0435af2ae0ae
2026-05-15,2026-05-15 14:31:32,2026-05-11 11:40:00,f8b66dd9078ecaba,f8b66dd9078ecaba_diesel_regular,ALVES BANDEIRA Vilela,ALVES BANDEIRA,diesel_regular,Gasóleo simples,Outro,2.035,Póvoa de Lanhoso,Braga,"EN 310 - Av. de Beche, 516",Vilela,4830-811,41.54851,-8.277106,alves bandeira vilela,alves bandeira,"en 310 - av. de beche, 516","2,035 €",2026-05-15_dgeg_postos_raw.csv,550fe5efaf7e608f
2026-05-15,2026-05-15 14:31:32,2026-05-11 11:40:00,f8b66dd9078ecaba,f8b66dd9078ecaba_diesel_premium,ALVES BANDEIRA Vilela,ALVES BANDEIRA,diesel_premium,Gasóleo especial,Outro,2.055,Póvoa de Lanhoso,Braga,"EN 310 - Av. de Beche, 516",Vilela,4830-811,41.54851,-8.277106,alves bandeira vilela,alves bandeira,"en 310 - av. de beche, 516","2,055 €",2026-05-15_dgeg_postos_raw.csv,b2b25ab8dda6f962
2026-05-15,2026-05-15 14:31:32,2026-05-11 11:40:00,f8b66dd9078ecaba,f8b66dd9078ecaba_gasoline_95,ALVES BANDEIRA Vilela,ALVES BANDEIRA,gasoline_95,Gasolina simples 95,Outro,2.041,Póvoa de Lanhoso,Braga,"EN 310 - Av. de Beche, 516",Vilela,4830-811,41.54851,-8.277106,alves bandeira vilela,alves bandeira,"en 310 - av. de beche, 516","2,041 €",2026-05-15_dgeg_postos_raw.csv,9ed5ea4d0d9f372e
2026-05-15,2026-05-15 14:31:32,2026-05-11 11:45:00,4739593aed9fee03,4739593aed9fee03_diesel_regular,ALVES BANDEIRA Torno,ALVES BANDEIRA,diesel_regular,Gasóleo simples,Outro,2.04,Lousada,Porto,"Lugar de Moinhos, Av. Dos Rios, Nº 561 - Lousada",Torno,4620-771,41.29396,-8.221122,alves bandeira torno,alves bandeira,"lugar de moinhos, av. dos rios, nº 561 - lousada","2,040 €",2026-05-15_dgeg_postos_raw.csv,9e31eef0ed5b72f2
2026-05-15,2026-05-15 14:31:32,2026-05-11 11:45:00,4739593aed9fee03,4739593aed9fee03_diesel_premium,ALVES BANDEIRA Torno,ALVES BANDEIRA,diesel_premium,Gasóleo especial,Outro,2.06,Lousada,Porto,"Lugar de Moinhos, Av. Dos Rios, Nº 561 - Lousada",Torno,4620-771,41.29396,-8.221122,alves bandeira torno,alves bandeira,"lugar de moinhos, av. dos rios, nº 561 - lousada","2,060 €",2026-05-15_dgeg_postos_raw.csv,34dc8e3dff253115
2026-05-15,2026-05-15 14:31:32,2026-05-11 11:45:00,4739593aed9fee03,4739593aed9fee03_gasoline_95,ALVES BANDEIRA Torno,ALVES BANDEIRA,gasoline_95,Gasolina simples 95,Outro,2.046,Lousada,Porto,"Lugar de Moinhos, Av. Dos Rios, Nº 561 - Lousada",Torno,4620-771,41.29396,-8.221122,alves bandeira torno,alves bandeira,"lugar de moinhos, av. dos rios, nº 561 - lousada","2,046 €",2026-05-15_dgeg_postos_raw.csv,d76d3f1476e74a57
2026-05-15,2026-05-15 14:31:32,2026-05-11 11:45:00,24d75f55fe1fb662,24d75f55fe1fb662_diesel_regular,BP GUARDA SÃO MIGUEL,BP,diesel_regular,Gasóleo simples,Outro,2.074,Guarda,Guarda,"AV. SÃO MIGUEL, 15",Guarda,6300-864,40.553337,-7.246619,bp guarda são miguel,bp,"av. são miguel, 15","2,074 €",2026-05-15_dgeg_postos_raw.csv,f9b4bb4078ecc365
2026-05-15,2026-05-15 14:31:32,2026-05-11 11:45:00,24d75f55fe1fb662,24d75f55fe1fb662_diesel_premium,BP GUARDA SÃO MIGUEL,BP,diesel_premium,Gasóleo especial,Outro,2.224,Guarda,Guarda,"AV. SÃO MIGUEL, 15",Guarda,6300-864,40.553337,-7.246619,bp guarda são miguel,bp,"av. são miguel, 15","2,224 €",2026-05-15_dgeg_postos_raw.csv,a83c64d4877dfa39
2026-05-15,2026-05-15 14:31:32,2026-05-11 11:45:00,24d75f55fe1fb662,24d75f55fe1fb662_gasoline_95,BP GUARDA SÃO MIGUEL,BP,gasoline_95,Gasolina simples 95,Outro,2.069,Guarda,Guarda,"AV. SÃO MIGUEL, 15",Guarda,6300-864,40.553337,-7.246619,bp guarda são miguel,bp,"av. são miguel, 15","2,069 €",2026-05-15_dgeg_postos_raw.csv,2315c30b55b33736
2026-05-15,2026-05-15 14:31:32,2026-05-11 11:45:00,a87e6e6183c7cb14,a87e6e6183c7cb14_diesel_regular,BP MANGUALDE REGADINHA,BP,diesel_regular,Gasóleo simples,Outro,2.044,Mangualde,Viseu,AV. MONTES HERMÍNIOS,Mangualde,3530-116,40.588932,-7.764251,bp mangualde regadinha,bp,av. montes hermínios,"2,044 €",2026-05-15_dgeg_postos_raw.csv,cb8343cc3d2bdd40
2026-05-15,2026-05-15 14:31:32,2026-05-11 11:45:00,a87e6e6183c7cb14,a87e6e6183c7cb14_diesel_premium,BP MANGUALDE REGADINHA,BP,diesel_premium,Gasóleo especial,Outro,2.224,Mangualde,Viseu,AV. MONTES HERMÍNIOS,Mangualde,3530-116,40.588932,-7.764251,bp mangualde regadinha,bp,av. montes hermínios,"2,224 €",2026-05-15_dgeg_postos_raw.csv,94e5160c2d058147
2026-05-15,2026-05-15 14:31:32,2026-05-11 11:45:00,a87e6e6183c7cb14,a87e6e6183c7cb14_gasoline_95,BP MANGUALDE REGADINHA,BP,gasoline_95,Gasolina simples 95,Outro,2.039,Mangualde,Viseu,AV. MONTES HERMÍNIOS,Mangualde,3530-116,40.588932,-7.764251,bp mangualde regadinha,bp,av. montes hermínios,"2,039 €",2026-05-15_dgeg_postos_raw.csv,7a85ed7adb46dc11
2026-05-15,2026-05-15 14:31:32,2026-05-11 11:45:00,7b734bc1b453ba60,7b734bc1b453ba60_diesel_regular,BP MANGUALDE AZURARA DA BEIRA,BP,diesel_regular,Gasóleo simples,Outro,2.044,Mangualde,Viseu,"RUA AZURARA DA BEIRA, 475",Mangualde,3530-272,40.608196,-7.727546,bp mangualde azurara da beira,bp,"rua azurara da beira, 475","2,044 €",2026-05-15_dgeg_postos_raw.csv,99aa732645f1a052
2026-05-15,2026-05-15 14:31:32,2026-05-11 11:45:00,7b734bc1b453ba60,7b734bc1b453ba60_diesel_premium,BP MANGUALDE AZURARA DA BEIRA,BP,diesel_premium,Gasóleo especial,Outro,2.224,Mangualde,Viseu,"RUA AZURARA DA BEIRA, 475",Mangualde,3530-272,40.608196,-7.727546,bp mangualde azurara da beira,bp,"rua azurara da beira, 475","2,224 €",2026-05-15_dgeg_postos_raw.csv,7553a0e5094c1875
2026-05-15,2026-05-15 14:31:32,2026-05-11 11:45:00,7b734bc1b453ba60,7b734bc1b453ba60_gasoline_95,BP MANGUALDE AZURARA DA BEIRA,BP,gasoline_95,Gasolina simples 95,Outro,2.039,Mangualde,Viseu,"RUA AZURARA DA BEIRA, 475",Mangualde,3530-272,40.608196,-7.727546,bp mangualde azurara da beira,bp,"rua azurara da beira, 475","2,039 €",2026-05-15_dgeg_postos_raw.csv,76265ae074ef21d7
2026-05-15,2026-05-15 14:31:32,2026-05-11 11:45:00,b3dc0f78142cf2c1,b3dc0f78142cf2c1_diesel_regular,BP - GUARDA VARIANTE,BP,diesel_regular,Gasóleo simples,Outro,2.074,Guarda,Guarda,ROTUNDA VICEG - ACESSO PARQUE INDUSTRIAL,Guarda,6300-625,40.534504,-7.243074,bp - guarda variante,bp,rotunda viceg - acesso parque industrial,"2,074 €",2026-05-15_dgeg_postos_raw.csv,9b4aa0963347a307
2026-05-15,2026-05-15 14:31:32,2026-05-11 11:45:00,b3dc0f78142cf2c1,b3dc0f78142cf2c1_diesel_premium,BP - GUARDA VARIANTE,BP,diesel_premium,Gasóleo especial,Outro,2.224,Guarda,Guarda,ROTUNDA VICEG - ACESSO PARQUE INDUSTRIAL,Guarda,6300-625,40.534504,-7.243074,bp - guarda variante,bp,rotunda viceg - acesso parque industrial,"2,224 €",2026-05-15_dgeg_postos_raw.csv,f053de7b00af28e9
2026-05-15,2026-05-15 14:31:32,2026-05-11 11:45:00,b3dc0f78142cf2c1,b3dc0f78142cf2c1_gasoline_95,BP - GUARDA VARIANTE,BP,gasoline_95,Gasolina simples 95,Outro,2.069,Guarda,Guarda,ROTUNDA VICEG - ACESSO PARQUE INDUSTRIAL,Guarda,6300-625,40.534504,-7.243074,bp - guarda variante,bp,rotunda viceg - acesso parque industrial,"2,069 €",2026-05-15_dgeg_postos_raw.csv,1067df59af9a1eb9
2026-05-15,2026-05-15 14:31:32,2026-05-11 11:45:00,b3dc0f78142cf2c1,b3dc0f78142cf2c1_gasoline_98,BP - GUARDA VARIANTE,BP,gasoline_98,Gasolina especial 98,Outro,2.299,Guarda,Guarda,ROTUNDA VICEG - ACESSO PARQUE INDUSTRIAL,Guarda,6300-625,40.534504,-7.243074,bp - guarda variante,bp,rotunda viceg - acesso parque industrial,"2,299 €",2026-05-15_dgeg_postos_raw.csv,decb01eaf37b0c6c
2026-05-15,2026-05-15 14:31:32,2026-05-11 11:45:00,e10b263f8c914bca,e10b263f8c914bca_diesel_regular,INTERMARCHE FIGUEIRA DA FOZ,INTERMARCHÉ,diesel_regular,Gasóleo simples,Outro,1.898,Figueira da Foz,Coimbra,"EN 109, Châ Tavarede",Figueira da Foz,3080-847,40.16683,-8.83749,intermarche figueira da foz,intermarché,"en 109, châ tavarede","1,898 €",2026-05-15_dgeg_postos_raw.csv,efb6447c79b13029
2026-05-15,2026-05-15 14:31:32,2026-05-11 11:45:00,e10b263f8c914bca,e10b263f8c914bca_diesel_premium,INTERMARCHE FIGUEIRA DA FOZ,INTERMARCHÉ,diesel_premium,Gasóleo especial,Outro,1.928,Figueira da Foz,Coimbra,"EN 109, Châ Tavarede",Figueira da Foz,3080-847,40.16683,-8.83749,intermarche figueira da foz,intermarché,"en 109, châ tavarede","1,928 €",2026-05-15_dgeg_postos_raw.csv,e0e15cef3efb028d
2026-05-15,2026-05-15 14:31:32,2026-05-11 11:45:00,e10b263f8c914bca,e10b263f8c914bca_gasoline_95,INTERMARCHE FIGUEIRA DA FOZ,INTERMARCHÉ,gasoline_95,Gasolina simples 95,Outro,1.898,Figueira da Foz,Coimbra,"EN 109, Châ Tavarede",Figueira da Foz,3080-847,40.16683,-8.83749,intermarche figueira da foz,intermarché,"en 109, châ tavarede","1,898 €",2026-05-15_dgeg_postos_raw.csv,71b9501c53973fe3
2026-05-15,2026-05-15 14:31:32,2026-05-11 11:45:00,fbfa5afd6670ae13,fbfa5afd6670ae13_diesel_regular,"SVA-Serviços de Viaturas Auto, Lda",Genérico,diesel_regular,Gasóleo simples,Outro,1.939,Paredes,Porto,"R. Sta Marinha, n.º 500",Astromil,4585-813,41.19796,-8.41331,"sva-serviços de viaturas auto, lda",genérico,"r. sta marinha, n.º 500","1,939 €",2026-05-15_dgeg_postos_raw.csv,df83f402b9921d57
2026-05-15,2026-05-15 14:31:32,2026-05-11 11:45:00,fbfa5afd6670ae13,fbfa5afd6670ae13_diesel_premium,"SVA-Serviços de Viaturas Auto, Lda",Genérico,diesel_premium,Gasóleo especial,Outro,1.969,Paredes,Porto,"R. Sta Marinha, n.º 500",Astromil,4585-813,41.19796,-8.41331,"sva-serviços de viaturas auto, lda",genérico,"r. sta marinha, n.º 500","1,969 €",2026-05-15_dgeg_postos_raw.csv,af24ad7d75adc358
2026-05-15,2026-05-15 14:31:32,2026-05-11 11:45:00,fbfa5afd6670ae13,fbfa5afd6670ae13_gasoline_95,"SVA-Serviços de Viaturas Auto, Lda",Genérico,gasoline_95,Gasolina simples 95,Outro,1.926,Paredes,Porto,"R. Sta Marinha, n.º 500",Astromil,4585-813,41.19796,-8.41331,"sva-serviços de viaturas auto, lda",genérico,"r. sta marinha, n.º 500","1,926 €",2026-05-15_dgeg_postos_raw.csv,2b1d9657d2840a77
2026-05-15,2026-05-15 14:31:32,2026-05-11 11:45:00,b04ceb8c4149806a,b04ceb8c4149806a_diesel_regular,ALVES BANDEIRA Torre de Moncorvo,ALVES BANDEIRA,diesel_regular,Gasóleo simples,Outro,2.015,Torre de Moncorvo,Bragança,"Avenida das Amendoeiras, Nº 20",Torre de Moncorvo,5160-226,41.174347,-7.048856,alves bandeira torre de moncorvo,alves bandeira,"avenida das amendoeiras, nº 20","2,015 €",2026-05-15_dgeg_postos_raw.csv,54ccc421c5fbdd71
2026-05-15,2026-05-15 14:31:32,2026-05-11 11:45:00,b04ceb8c4149806a,b04ceb8c4149806a_diesel_premium,ALVES BANDEIRA Torre de Moncorvo,ALVES BANDEIRA,diesel_premium,Gasóleo especial,Outro,2.035,Torre de Moncorvo,Bragança,"Avenida das Amendoeiras, Nº 20",Torre de Moncorvo,5160-226,41.174347,-7.048856,alves bandeira torre de moncorvo,alves bandeira,"avenida das amendoeiras, nº 20","2,035 €",2026-05-15_dgeg_postos_raw.csv,114f7378c8ca253f
2026-05-15,2026-05-15 14:31:32,2026-05-11 11:45:00,b04ceb8c4149806a,b04ceb8c4149806a_gasoline_95,ALVES BANDEIRA Torre de Moncorvo,ALVES BANDEIRA,gasoline_95,Gasolina simples 95,Outro,2.021,Torre de Moncorvo,Bragança,"Avenida das Amendoeiras, Nº 20",Torre de Moncorvo,5160-226,41.174347,-7.048856,alves bandeira torre de moncorvo,alves bandeira,"avenida das amendoeiras, nº 20","2,021 €",2026-05-15_dgeg_postos_raw.csv,97c156606d2ad8b0
2026-05-15,2026-05-15 14:31:32,2026-05-11 11:45:00,a87e6e6183c7cb14,a87e6e6183c7cb14_gasoline_98,BP MANGUALDE REGADINHA,BP,gasoline_98,Gasolina especial 98,Outro,2.299,Mangualde,Viseu,AV. MONTES HERMÍNIOS,Mangualde,3530-116,40.588932,-7.764251,bp mangualde regadinha,bp,av. montes hermínios,"2,299 €",2026-05-15_dgeg_postos_raw.csv,6033f155ea96757c
2026-05-15,2026-05-15 14:31:32,2026-05-11 11:45:00,24d75f55fe1fb662,24d75f55fe1fb662_gasoline_98,BP GUARDA SÃO MIGUEL,BP,gasoline_98,Gasolina especial 98,Outro,2.299,Guarda,Guarda,"AV. SÃO MIGUEL, 15",Guarda,6300-864,40.553337,-7.246619,bp guarda são miguel,bp,"av. são miguel, 15","2,299 €",2026-05-15_dgeg_postos_raw.csv,f81afd51269924f1
2026-05-15,2026-05-15 14:31:32,2026-05-11 11:45:00,ff5f145c70ea469e,ff5f145c70ea469e_diesel_regular,ALVES BANDEIRA Vale da Rosa,ALVES BANDEIRA,diesel_regular,Gasóleo simples,Outro,2.015,Setúbal,Setúbal,"Quinta Vale de Rosas, E.M. 536",Setúbal,2910-845,38.539013,-8.831266,alves bandeira vale da rosa,alves bandeira,"quinta vale de rosas, e.m. 536","2,015 €",2026-05-15_dgeg_postos_raw.csv,8595d9c96c8234c5
2026-05-15,2026-05-15 14:31:32,2026-05-11 11:45:00,ff5f145c70ea469e,ff5f145c70ea469e_gasoline_95,ALVES BANDEIRA Vale da Rosa,ALVES BANDEIRA,gasoline_95,Gasolina simples 95,Outro,2.021,Setúbal,Setúbal,"Quinta Vale de Rosas, E.M. 536",Setúbal,2910-845,38.539013,-8.831266,alves bandeira vale da rosa,alves bandeira,"quinta vale de rosas, e.m. 536","2,021 €",2026-05-15_dgeg_postos_raw.csv,022266a3ee49c6b7
2026-05-15,2026-05-15 14:31:32,2026-05-11 11:45:00,ff5f145c70ea469e,ff5f145c70ea469e_diesel_premium,ALVES BANDEIRA Vale da Rosa,ALVES BANDEIRA,diesel_premium,Gasóleo especial,Outro,2.035,Setúbal,Setúbal,"Quinta Vale de Rosas, E.M. 536",Setúbal,2910-845,38.539013,-8.831266,alves bandeira vale da rosa,alves bandeira,"quinta vale de rosas, e.m. 536","2,035 €",2026-05-15_dgeg_postos_raw.csv,a0d0fd0980ec8dc7
2026-05-15,2026-05-15 14:31:32,2026-05-11 11:45:00,10e650e84526b319,10e650e84526b319_diesel_regular,ALVES BANDEIRA Venda Nova,ALVES BANDEIRA,diesel_regular,Gasóleo simples,Outro,2.065,Amadora,Lisboa,Praceta Avelar Brotero,Amadora,2700-310,38.75401,-9.212827,alves bandeira venda nova,alves bandeira,praceta avelar brotero,"2,065 €",2026-05-15_dgeg_postos_raw.csv,5a78303ea8a7956d
2026-05-15,2026-05-15 14:31:32,2026-05-11 11:45:00,10e650e84526b319,10e650e84526b319_gasoline_95,ALVES BANDEIRA Venda Nova,ALVES BANDEIRA,gasoline_95,Gasolina simples 95,Outro,2.071,Amadora,Lisboa,Praceta Avelar Brotero,Amadora,2700-310,38.75401,-9.212827,alves bandeira venda nova,alves bandeira,praceta avelar brotero,"2,071 €",2026-05-15_dgeg_postos_raw.csv,d0a754537a2b2e2e
2026-05-15,2026-05-15 14:31:32,2026-05-11 11:45:00,10e650e84526b319,10e650e84526b319_diesel_premium,ALVES BANDEIRA Venda Nova,ALVES BANDEIRA,diesel_premium,Gasóleo especial,Outro,2.085,Amadora,Lisboa,Praceta Avelar Brotero,Amadora,2700-310,38.75401,-9.212827,alves bandeira venda nova,alves bandeira,praceta avelar brotero,"2,085 €",2026-05-15_dgeg_postos_raw.csv,2ddff994e214aea9
2026-05-15,2026-05-15 14:31:32,2026-05-11 11:45:00,d414468d1915e43a,d414468d1915e43a_diesel_regular,E.S. RIO MAIOR,REPSOL,diesel_regular,Gasóleo simples,Outro,2.029,Rio Maior,Santarém,Estrada Alcanede,Sítio Gato Preto,2040-212,39.33656,-8.92923,e.s. rio maior,repsol,estrada alcanede,"2,029 €",2026-05-15_dgeg_postos_raw.csv,286c5e33140694f5
2026-05-15,2026-05-15 14:31:32,2026-05-11 11:45:00,d414468d1915e43a,d414468d1915e43a_diesel_premium,E.S. RIO MAIOR,REPSOL,diesel_premium,Gasóleo especial,Outro,2.089,Rio Maior,Santarém,Estrada Alcanede,Sítio Gato Preto,2040-212,39.33656,-8.92923,e.s. rio maior,repsol,estrada alcanede,"2,089 €",2026-05-15_dgeg_postos_raw.csv,5a02a09e07367415
2026-05-15,2026-05-15 14:31:32,2026-05-11 11:45:00,d414468d1915e43a,d414468d1915e43a_gasoline_95,E.S. RIO MAIOR,REPSOL,gasoline_95,Gasolina simples 95,Outro,2.027,Rio Maior,Santarém,Estrada Alcanede,Sítio Gato Preto,2040-212,39.33656,-8.92923,e.s. rio maior,repsol,estrada alcanede,"2,027 €",2026-05-15_dgeg_postos_raw.csv,387ac7aded612201
2026-05-15,2026-05-15 14:31:32,2026-05-11 11:45:00,ad9c0f567e1c72c4,ad9c0f567e1c72c4_diesel_regular,ALVES BANDEIRA Vale de Ourém,ALVES BANDEIRA,diesel_regular,Gasóleo simples,Outro,2.074,Batalha,Leiria,E.N. 356 - ESTRADA DA BATALHA,Vale de Ourém,2495-036,39.63865,-8.71554,alves bandeira vale de ourém,alves bandeira,e.n. 356 - estrada da batalha,"2,074 €",2026-05-15_dgeg_postos_raw.csv,6aad42dc84f74e31
2026-05-15,2026-05-15 14:31:32,2026-05-11 11:45:00,ad9c0f567e1c72c4,ad9c0f567e1c72c4_diesel_premium,ALVES BANDEIRA Vale de Ourém,ALVES BANDEIRA,diesel_premium,Gasóleo especial,Outro,2.095,Batalha,Leiria,E.N. 356 - ESTRADA DA BATALHA,Vale de Ourém,2495-036,39.63865,-8.71554,alves bandeira vale de ourém,alves bandeira,e.n. 356 - estrada da batalha,"2,095 €",2026-05-15_dgeg_postos_raw.csv,eb3794ea3c06fe53
2026-05-15,2026-05-15 14:31:32,2026-05-11 11:45:00,ad9c0f567e1c72c4,ad9c0f567e1c72c4_gasoline_95,ALVES BANDEIRA Vale de Ourém,ALVES BANDEIRA,gasoline_95,Gasolina simples 95,Outro,2.07,Batalha,Leiria,E.N. 356 - ESTRADA DA BATALHA,Vale de Ourém,2495-036,39.63865,-8.71554,alves bandeira vale de ourém,alves bandeira,e.n. 356 - estrada da batalha,"2,070 €",2026-05-15_dgeg_postos_raw.csv,cd68f33c1a502225
2026-05-15,2026-05-15 14:31:32,2026-05-11 11:45:00,2a3dc0a1e9f56f7f,2a3dc0a1e9f56f7f_diesel_regular,ALVES BANDEIRA Valongo,ALVES BANDEIRA,diesel_regular,Gasóleo simples,Outro,2.035,Valongo,Porto,"Rua Dom Pedro IV, 900",Valongo,4440-633,41.201315,-8.505475,alves bandeira valongo,alves bandeira,"rua dom pedro iv, 900","2,035 €",2026-05-15_dgeg_postos_raw.csv,05998fcaa3e9dcfd
2026-05-15,2026-05-15 14:31:32,2026-05-11 11:45:00,2a3dc0a1e9f56f7f,2a3dc0a1e9f56f7f_diesel_premium,ALVES BANDEIRA Valongo,ALVES BANDEIRA,diesel_premium,Gasóleo especial,Outro,2.055,Valongo,Porto,"Rua Dom Pedro IV, 900",Valongo,4440-633,41.201315,-8.505475,alves bandeira valongo,alves bandeira,"rua dom pedro iv, 900","2,055 €",2026-05-15_dgeg_postos_raw.csv,6661d291cd0e74a9
2026-05-15,2026-05-15 14:31:32,2026-05-11 11:45:00,2a3dc0a1e9f56f7f,2a3dc0a1e9f56f7f_gasoline_95,ALVES BANDEIRA Valongo,ALVES BANDEIRA,gasoline_95,Gasolina simples 95,Outro,2.041,Valongo,Porto,"Rua Dom Pedro IV, 900",Valongo,4440-633,41.201315,-8.505475,alves bandeira valongo,alves bandeira,"rua dom pedro iv, 900","2,041 €",2026-05-15_dgeg_postos_raw.csv,736ef5dd09d38a2c
2026-05-15,2026-05-15 14:31:32,2026-05-11 11:45:00,a2a24c549060de05,a2a24c549060de05_diesel_regular,ALVES BANDEIRA Vila do Bispo,ALVES BANDEIRA,diesel_regular,Gasóleo simples,Outro,2.075,Vila do Bispo,Faro,"EN 268 (Rua Senhora do Amparo, junto aos Bombeiros Vila do Bispo)",Bombeiros Vila do Bispo,8650-425,37.081463,-8.910547,alves bandeira vila do bispo,alves bandeira,"en 268 (rua senhora do amparo, junto aos bombeiros vila do bispo)","2,075 €",2026-05-15_dgeg_postos_raw.csv,c874429d512482e7
2026-05-15,2026-05-15 14:31:32,2026-05-11 11:45:00,a2a24c549060de05,a2a24c549060de05_diesel_premium,ALVES BANDEIRA Vila do Bispo,ALVES BANDEIRA,diesel_premium,Gasóleo especial,Outro,2.095,Vila do Bispo,Faro,"EN 268 (Rua Senhora do Amparo, junto aos Bombeiros Vila do Bispo)",Bombeiros Vila do Bispo,8650-425,37.081463,-8.910547,alves bandeira vila do bispo,alves bandeira,"en 268 (rua senhora do amparo, junto aos bombeiros vila do bispo)","2,095 €",2026-05-15_dgeg_postos_raw.csv,c72c50283ea5d055
2026-05-15,2026-05-15 14:31:32,2026-05-11 11:45:00,a2a24c549060de05,a2a24c549060de05_gasoline_95,ALVES BANDEIRA Vila do Bispo,ALVES BANDEIRA,gasoline_95,Gasolina simples 95,Outro,2.081,Vila do Bispo,Faro,"EN 268 (Rua Senhora do Amparo, junto aos Bombeiros Vila do Bispo)",Bombeiros Vila do Bispo,8650-425,37.081463,-8.910547,alves bandeira vila do bispo,alves bandeira,"en 268 (rua senhora do amparo, junto aos bombeiros vila do bispo)","2,081 €",2026-05-15_dgeg_postos_raw.csv,b9473694bb65b3a6
2026-05-15,2026-05-15 14:31:32,2026-05-11 11:45:00,d70e57d03bef1177,d70e57d03bef1177_diesel_regular,ALVES BANDEIRA Vale de Vaz,ALVES BANDEIRA,diesel_regular,Gasóleo simples,Outro,2.054,Vila Nova de Poiares,Coimbra,EN17 - Vale de Vaz,Vale de Vaz,3350-110,40.18497,-8.25922,alves bandeira vale de vaz,alves bandeira,en17 - vale de vaz,"2,054 €",2026-05-15_dgeg_postos_raw.csv,efe37abdf4c3f49a
2026-05-15,2026-05-15 14:31:32,2026-05-11 11:45:00,d70e57d03bef1177,d70e57d03bef1177_diesel_premium,ALVES BANDEIRA Vale de Vaz,ALVES BANDEIRA,diesel_premium,Gasóleo especial,Outro,2.095,Vila Nova de Poiares,Coimbra,EN17 - Vale de Vaz,Vale de Vaz,3350-110,40.18497,-8.25922,alves bandeira vale de vaz,alves bandeira,en17 - vale de vaz,"2,095 €",2026-05-15_dgeg_postos_raw.csv,3c94b16a61b999ba
2026-05-15,2026-05-15 14:31:32,2026-05-11 11:45:00,d70e57d03bef1177,d70e57d03bef1177_gasoline_95,ALVES BANDEIRA Vale de Vaz,ALVES BANDEIRA,gasoline_95,Gasolina simples 95,Outro,2.05,Vila Nova de Poiares,Coimbra,EN17 - Vale de Vaz,Vale de Vaz,3350-110,40.18497,-8.25922,alves bandeira vale de vaz,alves bandeira,en17 - vale de vaz,"2,050 €",2026-05-15_dgeg_postos_raw.csv,330aa3e5b9ce606f
2026-05-15,2026-05-15 14:31:32,2026-05-11 11:45:00,3d6a31a25bb1cc17,3d6a31a25bb1cc17_diesel_regular,BP Coop.Condeixa,BP,diesel_regular,Gasóleo simples,Outro,1.934,Condeixa-a-Nova,Coimbra,Quinta Nova,Condeixa,3150-225,40.10623,-8.49046,bp coop.condeixa,bp,quinta nova,"1,934 €",2026-05-15_dgeg_postos_raw.csv,ec32d727f383463a
2026-05-15,2026-05-15 14:31:32,2026-05-11 11:45:00,3d6a31a25bb1cc17,3d6a31a25bb1cc17_gasoline_95,BP Coop.Condeixa,BP,gasoline_95,Gasolina simples 95,Outro,2.034,Condeixa-a-Nova,Coimbra,Quinta Nova,Condeixa,3150-225,40.10623,-8.49046,bp coop.condeixa,bp,quinta nova,"2,034 €",2026-05-15_dgeg_postos_raw.csv,ade0828bcb629deb
2026-05-15,2026-05-15 14:31:32,2026-05-11 11:45:00,d9a20251d119c941,d9a20251d119c941_diesel_regular,ALVES BANDEIRA Vilar dos Prazeres,ALVES BANDEIRA,diesel_regular,Gasóleo simples,Outro,2.074,Ourém,Santarém,Zona Industrial de Lombas - Vila dos Prazeres,Vilar dos Prazeres,2490-742,39.621866,-8.571316,alves bandeira vilar dos prazeres,alves bandeira,zona industrial de lombas - vila dos prazeres,"2,074 €",2026-05-15_dgeg_postos_raw.csv,35532ae5ceb74501
2026-05-15,2026-05-15 14:31:32,2026-05-11 11:45:00,d9a20251d119c941,d9a20251d119c941_diesel_premium,ALVES BANDEIRA Vilar dos Prazeres,ALVES BANDEIRA,diesel_premium,Gasóleo especial,Outro,2.095,Ourém,Santarém,Zona Industrial de Lombas - Vila dos Prazeres,Vilar dos Prazeres,2490-742,39.621866,-8.571316,alves bandeira vilar dos prazeres,alves bandeira,zona industrial de lombas - vila dos prazeres,"2,095 €",2026-05-15_dgeg_postos_raw.csv,517fce0acfd4fa14
2026-05-15,2026-05-15 14:31:32,2026-05-11 11:45:00,d9a20251d119c941,d9a20251d119c941_gasoline_95,ALVES BANDEIRA Vilar dos Prazeres,ALVES BANDEIRA,gasoline_95,Gasolina simples 95,Outro,2.07,Ourém,Santarém,Zona Industrial de Lombas - Vila dos Prazeres,Vilar dos Prazeres,2490-742,39.621866,-8.571316,alves bandeira vilar dos prazeres,alves bandeira,zona industrial de lombas - vila dos prazeres,"2,070 €",2026-05-15_dgeg_postos_raw.csv,70a1a30ab6076702
2026-05-15,2026-05-15 14:31:32,2026-05-11 11:45:00,87f5d90f8792ecfe,87f5d90f8792ecfe_diesel_regular,ALVES BANDEIRA Vila Cã,ALVES BANDEIRA,diesel_regular,Gasóleo simples,Outro,2.055,Pombal,Leiria,Rua Manuel Francisco Freixeira,Vila Chã,3100-835,39.861151,-8.565493,alves bandeira vila cã,alves bandeira,rua manuel francisco freixeira,"2,055 €",2026-05-15_dgeg_postos_raw.csv,a739acbb263e8d55
2026-05-15,2026-05-15 14:31:32,2026-05-11 11:45:00,87f5d90f8792ecfe,87f5d90f8792ecfe_diesel_premium,ALVES BANDEIRA Vila Cã,ALVES BANDEIRA,diesel_premium,Gasóleo especial,Outro,2.075,Pombal,Leiria,Rua Manuel Francisco Freixeira,Vila Chã,3100-835,39.861151,-8.565493,alves bandeira vila cã,alves bandeira,rua manuel francisco freixeira,"2,075 €",2026-05-15_dgeg_postos_raw.csv,9ee6bcf3e1ba6984
2026-05-15,2026-05-15 14:31:32,2026-05-11 11:45:00,87f5d90f8792ecfe,87f5d90f8792ecfe_gasoline_95,ALVES BANDEIRA Vila Cã,ALVES BANDEIRA,gasoline_95,Gasolina simples 95,Outro,2.061,Pombal,Leiria,Rua Manuel Francisco Freixeira,Vila Chã,3100-835,39.861151,-8.565493,alves bandeira vila cã,alves bandeira,rua manuel francisco freixeira,"2,061 €",2026-05-15_dgeg_postos_raw.csv,d5625d8ad5bcf43b
2026-05-15,2026-05-15 14:31:32,2026-05-11 11:45:00,a171a07913555043,a171a07913555043_diesel_regular,ALVES BANDEIRA Travassô,ALVES BANDEIRA,diesel_regular,Gasóleo simples,Outro,2.03,Águeda,Aveiro,Travassô de Cima (EN230),Travassô,3750-755,40.59492,-8.49232,alves bandeira travassô,alves bandeira,travassô de cima (en230),"2,030 €",2026-05-15_dgeg_postos_raw.csv,90a3070c5110685c
2026-05-15,2026-05-15 14:31:32,2026-05-11 11:45:00,a171a07913555043,a171a07913555043_diesel_premium,ALVES BANDEIRA Travassô,ALVES BANDEIRA,diesel_premium,Gasóleo especial,Outro,2.05,Águeda,Aveiro,Travassô de Cima (EN230),Travassô,3750-755,40.59492,-8.49232,alves bandeira travassô,alves bandeira,travassô de cima (en230),"2,050 €",2026-05-15_dgeg_postos_raw.csv,66c6b96c250a501c
2026-05-15,2026-05-15 14:31:32,2026-05-11 11:45:00,a171a07913555043,a171a07913555043_gasoline_95,ALVES BANDEIRA Travassô,ALVES BANDEIRA,gasoline_95,Gasolina simples 95,Outro,2.036,Águeda,Aveiro,Travassô de Cima (EN230),Travassô,3750-755,40.59492,-8.49232,alves bandeira travassô,alves bandeira,travassô de cima (en230),"2,036 €",2026-05-15_dgeg_postos_raw.csv,2873f341e1ae7571
2026-05-15,2026-05-15 14:31:32,2026-05-11 11:45:00,de877c132a463f90,de877c132a463f90_diesel_regular,MOEVE - SANTA COMBA DÃO,MOEVE,diesel_regular,Gasóleo simples,Outro,1.936,Santa Comba Dão,Viseu,Av Santo Estêvão,Santa Comba Dão,3440-323,40.402206,-8.130463,moeve - santa comba dão,moeve,av santo estêvão,"1,936 €",2026-05-15_dgeg_postos_raw.csv,6ae30689a59d9b39
2026-05-15,2026-05-15 14:31:32,2026-05-11 11:45:00,de877c132a463f90,de877c132a463f90_diesel_premium,MOEVE - SANTA COMBA DÃO,MOEVE,diesel_premium,Gasóleo especial,Outro,1.986,Santa Comba Dão,Viseu,Av Santo Estêvão,Santa Comba Dão,3440-323,40.402206,-8.130463,moeve - santa comba dão,moeve,av santo estêvão,"1,986 €",2026-05-15_dgeg_postos_raw.csv,6ab53d82c2a2e289
2026-05-15,2026-05-15 14:31:32,2026-05-11 11:45:00,de877c132a463f90,de877c132a463f90_gasoline_95,MOEVE - SANTA COMBA DÃO,MOEVE,gasoline_95,Gasolina simples 95,Outro,1.928,Santa Comba Dão,Viseu,Av Santo Estêvão,Santa Comba Dão,3440-323,40.402206,-8.130463,moeve - santa comba dão,moeve,av santo estêvão,"1,928 €",2026-05-15_dgeg_postos_raw.csv,a8e86209439c4d92
2026-05-15,2026-05-15 14:31:32,2026-05-11 11:45:00,de877c132a463f90,de877c132a463f90_gasoline_98,MOEVE - SANTA COMBA DÃO,MOEVE,gasoline_98,Gasolina especial 98,Outro,2.14,Santa Comba Dão,Viseu,Av Santo Estêvão,Santa Comba Dão,3440-323,40.402206,-8.130463,moeve - santa comba dão,moeve,av santo estêvão,"2,140 €",2026-05-15_dgeg_postos_raw.csv,1f456c1c5c1a1aa0
2026-05-15,2026-05-15 14:31:32,2026-05-11 11:50:00,b7e8dfeac88e654b,b7e8dfeac88e654b_diesel_regular,E.S. ÁGUEDA,REPSOL,diesel_regular,Gasóleo simples,Outro,2.029,Águeda,Aveiro,Lugar da Barrosinha,Saída Ic2 - Águeda Norte,3754-901,40.595331,-8.465531,e.s. águeda,repsol,lugar da barrosinha,"2,029 €",2026-05-15_dgeg_postos_raw.csv,f102f4e8bd3e3bdf
2026-05-15,2026-05-15 14:31:32,2026-05-11 11:50:00,b7e8dfeac88e654b,b7e8dfeac88e654b_diesel_premium,E.S. ÁGUEDA,REPSOL,diesel_premium,Gasóleo especial,Outro,2.089,Águeda,Aveiro,Lugar da Barrosinha,Saída Ic2 - Águeda Norte,3754-901,40.595331,-8.465531,e.s. águeda,repsol,lugar da barrosinha,"2,089 €",2026-05-15_dgeg_postos_raw.csv,50211aad05daeb12
2026-05-15,2026-05-15 14:31:32,2026-05-11 11:50:00,b7e8dfeac88e654b,b7e8dfeac88e654b_gasoline_95,E.S. ÁGUEDA,REPSOL,gasoline_95,Gasolina simples 95,Outro,2.027,Águeda,Aveiro,Lugar da Barrosinha,Saída Ic2 - Águeda Norte,3754-901,40.595331,-8.465531,e.s. águeda,repsol,lugar da barrosinha,"2,027 €",2026-05-15_dgeg_postos_raw.csv,f0c4194c0db71c92
2026-05-15,2026-05-15 14:31:32,2026-05-11 11:50:00,47d14e789297f019,47d14e789297f019_diesel_regular,GASCOMB PRIO TONDELA,PRIO,diesel_regular,Gasóleo simples,Outro,2.029,Tondela,Viseu,EN2 - Lugar de Naia,Póvoa do Arcediago,3460-016,40.537857,-8.052477,gascomb prio tondela,prio,en2 - lugar de naia,"2,029 €",2026-05-15_dgeg_postos_raw.csv,d5933195c04ba7a1
2026-05-15,2026-05-15 14:31:32,2026-05-11 11:50:00,47d14e789297f019,47d14e789297f019_diesel_premium,GASCOMB PRIO TONDELA,PRIO,diesel_premium,Gasóleo especial,Outro,2.039,Tondela,Viseu,EN2 - Lugar de Naia,Póvoa do Arcediago,3460-016,40.537857,-8.052477,gascomb prio tondela,prio,en2 - lugar de naia,"2,039 €",2026-05-15_dgeg_postos_raw.csv,ade7300af0ea353f
2026-05-15,2026-05-15 14:31:32,2026-05-11 11:50:00,47d14e789297f019,47d14e789297f019_gasoline_95,GASCOMB PRIO TONDELA,PRIO,gasoline_95,Gasolina simples 95,Outro,2.024,Tondela,Viseu,EN2 - Lugar de Naia,Póvoa do Arcediago,3460-016,40.537857,-8.052477,gascomb prio tondela,prio,en2 - lugar de naia,"2,024 €",2026-05-15_dgeg_postos_raw.csv,04aa2df2888acc52
2026-05-15,2026-05-15 14:31:32,2026-05-11 11:50:00,a73e48c5b0143edd,a73e48c5b0143edd_diesel_regular,ALVES BANDEIRA Tomar,ALVES BANDEIRA,diesel_regular,Gasóleo simples,Outro,2.035,Tomar,Santarém,"E. N. 110, km 93,17",Calçadas,2300-329,39.62409,-8.38116,alves bandeira tomar,alves bandeira,"e. n. 110, km 93,17","2,035 €",2026-05-15_dgeg_postos_raw.csv,0657b2b11ea617e5
2026-05-15,2026-05-15 14:31:32,2026-05-11 11:50:00,a73e48c5b0143edd,a73e48c5b0143edd_diesel_premium,ALVES BANDEIRA Tomar,ALVES BANDEIRA,diesel_premium,Gasóleo especial,Outro,2.055,Tomar,Santarém,"E. N. 110, km 93,17",Calçadas,2300-329,39.62409,-8.38116,alves bandeira tomar,alves bandeira,"e. n. 110, km 93,17","2,055 €",2026-05-15_dgeg_postos_raw.csv,2b195ced3ec49635
2026-05-15,2026-05-15 14:31:32,2026-05-11 11:50:00,a73e48c5b0143edd,a73e48c5b0143edd_gasoline_95,ALVES BANDEIRA Tomar,ALVES BANDEIRA,gasoline_95,Gasolina simples 95,Outro,2.041,Tomar,Santarém,"E. N. 110, km 93,17",Calçadas,2300-329,39.62409,-8.38116,alves bandeira tomar,alves bandeira,"e. n. 110, km 93,17","2,041 €",2026-05-15_dgeg_postos_raw.csv,2a42029015a88f5e
2026-05-15,2026-05-15 14:31:32,2026-05-11 11:50:00,9a4158e603a9b087,9a4158e603a9b087_diesel_regular,ALVES BANDEIRA Tentúgal,ALVES BANDEIRA,diesel_regular,Gasóleo simples,Outro,2.054,Montemor-o-Velho,Coimbra,EN111,Tentúgal,3140-563,40.21795,-8.59735,alves bandeira tentúgal,alves bandeira,en111,"2,054 €",2026-05-15_dgeg_postos_raw.csv,22c2d9ba86c21049
2026-05-15,2026-05-15 14:31:32,2026-05-11 11:50:00,9a4158e603a9b087,9a4158e603a9b087_diesel_premium,ALVES BANDEIRA Tentúgal,ALVES BANDEIRA,diesel_premium,Gasóleo especial,Outro,2.095,Montemor-o-Velho,Coimbra,EN111,Tentúgal,3140-563,40.21795,-8.59735,alves bandeira tentúgal,alves bandeira,en111,"2,095 €",2026-05-15_dgeg_postos_raw.csv,37859e73cd44d624
2026-05-15,2026-05-15 14:31:32,2026-05-11 11:50:00,9a4158e603a9b087,9a4158e603a9b087_gasoline_95,ALVES BANDEIRA Tentúgal,ALVES BANDEIRA,gasoline_95,Gasolina simples 95,Outro,2.05,Montemor-o-Velho,Coimbra,EN111,Tentúgal,3140-563,40.21795,-8.59735,alves bandeira tentúgal,alves bandeira,en111,"2,050 €",2026-05-15_dgeg_postos_raw.csv,0bc05eb214d9033e
2026-05-15,2026-05-15 14:31:32,2026-05-11 11:50:00,c0d4a300e0c0d400,c0d4a300e0c0d400_diesel_regular,ALVES BANDEIRA São Bernardo,ALVES BANDEIRA,diesel_regular,Gasóleo simples,Outro,2.025,Aveiro,Aveiro,Rua Cega,Aveiro,3810-232,40.60474,-8.611011,alves bandeira são bernardo,alves bandeira,rua cega,"2,025 €",2026-05-15_dgeg_postos_raw.csv,00cf540355c48d71
2026-05-15,2026-05-15 14:31:32,2026-05-11 11:50:00,c0d4a300e0c0d400,c0d4a300e0c0d400_diesel_premium,ALVES BANDEIRA São Bernardo,ALVES BANDEIRA,diesel_premium,Gasóleo especial,Outro,2.045,Aveiro,Aveiro,Rua Cega,Aveiro,3810-232,40.60474,-8.611011,alves bandeira são bernardo,alves bandeira,rua cega,"2,045 €",2026-05-15_dgeg_postos_raw.csv,7d4cd892954e50b2
2026-05-15,2026-05-15 14:31:32,2026-05-11 11:50:00,c0d4a300e0c0d400,c0d4a300e0c0d400_gasoline_95,ALVES BANDEIRA São Bernardo,ALVES BANDEIRA,gasoline_95,Gasolina simples 95,Outro,2.031,Aveiro,Aveiro,Rua Cega,Aveiro,3810-232,40.60474,-8.611011,alves bandeira são bernardo,alves bandeira,rua cega,"2,031 €",2026-05-15_dgeg_postos_raw.csv,1a934a562726b8d7
2026-05-15,2026-05-15 14:31:32,2026-05-11 11:50:00,d3a94ce86996c495,d3a94ce86996c495_diesel_regular,ALVES BANDEIRA Tábua,ALVES BANDEIRA,diesel_regular,Gasóleo simples,Outro,2.027,Tábua,Coimbra,R. da Indústria - Zona Industrial de Tábua,TÁBUA,3420-316,40.364313,-8.012436,alves bandeira tábua,alves bandeira,r. da indústria - zona industrial de tábua,"2,027 €",2026-05-15_dgeg_postos_raw.csv,4a264a4909c19de5
2026-05-15,2026-05-15 14:31:32,2026-05-11 11:50:00,d3a94ce86996c495,d3a94ce86996c495_diesel_premium,ALVES BANDEIRA Tábua,ALVES BANDEIRA,diesel_premium,Gasóleo especial,Outro,2.055,Tábua,Coimbra,R. da Indústria - Zona Industrial de Tábua,TÁBUA,3420-316,40.364313,-8.012436,alves bandeira tábua,alves bandeira,r. da indústria - zona industrial de tábua,"2,055 €",2026-05-15_dgeg_postos_raw.csv,5eeea3aa1d163465
2026-05-15,2026-05-15 14:31:32,2026-05-11 11:50:00,d3a94ce86996c495,d3a94ce86996c495_gasoline_95,ALVES BANDEIRA Tábua,ALVES BANDEIRA,gasoline_95,Gasolina simples 95,Outro,2.025,Tábua,Coimbra,R. da Indústria - Zona Industrial de Tábua,TÁBUA,3420-316,40.364313,-8.012436,alves bandeira tábua,alves bandeira,r. da indústria - zona industrial de tábua,"2,025 €",2026-05-15_dgeg_postos_raw.csv,2c1f2ab5cda131d4
2026-05-15,2026-05-15 14:31:32,2026-05-11 11:50:00,878f728f149ccb27,878f728f149ccb27_diesel_regular,ALVES BANDEIRA Seia,ALVES BANDEIRA,diesel_regular,Gasóleo simples,Outro,2.015,Seia,Guarda,"Avenida Terras de Sena,Quintela - Zona Industrial Bairro Santa Cruz",Seia,6270-485,40.426766,-7.714758,alves bandeira seia,alves bandeira,"avenida terras de sena,quintela - zona industrial bairro santa cruz","2,015 €",2026-05-15_dgeg_postos_raw.csv,4c9103744931479c
2026-05-15,2026-05-15 14:31:32,2026-05-11 11:50:00,878f728f149ccb27,878f728f149ccb27_diesel_premium,ALVES BANDEIRA Seia,ALVES BANDEIRA,diesel_premium,Gasóleo especial,Outro,2.035,Seia,Guarda,"Avenida Terras de Sena,Quintela - Zona Industrial Bairro Santa Cruz",Seia,6270-485,40.426766,-7.714758,alves bandeira seia,alves bandeira,"avenida terras de sena,quintela - zona industrial bairro santa cruz","2,035 €",2026-05-15_dgeg_postos_raw.csv,fdbc0ef190b97bc7
2026-05-15,2026-05-15 14:31:32,2026-05-11 11:50:00,878f728f149ccb27,878f728f149ccb27_gasoline_95,ALVES BANDEIRA Seia,ALVES BANDEIRA,gasoline_95,Gasolina simples 95,Outro,2.021,Seia,Guarda,"Avenida Terras de Sena,Quintela - Zona Industrial Bairro Santa Cruz",Seia,6270-485,40.426766,-7.714758,alves bandeira seia,alves bandeira,"avenida terras de sena,quintela - zona industrial bairro santa cruz","2,021 €",2026-05-15_dgeg_postos_raw.csv,41ad259b6fad9d98
2026-05-15,2026-05-15 14:31:32,2026-05-11 11:50:00,554d45c2730e777a,554d45c2730e777a_diesel_premium,ALVES BANDEIRA Serroventoso,ALVES BANDEIRA,diesel_premium,Gasóleo especial,Outro,2.095,Soure,Coimbra,Rua Padre Curado nº4 - Samuel,Soure,3130-212,40.09435,-8.716431,alves bandeira serroventoso,alves bandeira,rua padre curado nº4 - samuel,"2,095 €",2026-05-15_dgeg_postos_raw.csv,61d25995751324e3
2026-05-15,2026-05-15 14:31:32,2026-05-11 11:50:00,c91e835770d8ae4a,c91e835770d8ae4a_diesel_premium,MOEVE OLIVEIRA DE BARREIROS,Genérico,diesel_premium,Gasóleo especial,Outro,2.016,Viseu,Viseu,EN 232 - OLIVEIRA DE BARREIROS,Oliveira de Barreiros,3500-892,40.603413,-7.927036,moeve oliveira de barreiros,genérico,en 232 - oliveira de barreiros,"2,016 €",2026-05-15_dgeg_postos_raw.csv,6727c26a41ed1f18
2026-05-15,2026-05-15 14:31:32,2026-05-11 11:50:00,9d83504331c06430,9d83504331c06430_diesel_regular,ALVES BANDEIRA Sardoeira,ALVES BANDEIRA,diesel_regular,Gasóleo simples,Outro,2.035,Vila Real,Vila Real,Estrada Nacional 304 - Lugar da Sardoeira,Torgueda,5000-742,41.28176,-7.85166,alves bandeira sardoeira,alves bandeira,estrada nacional 304 - lugar da sardoeira,"2,035 €",2026-05-15_dgeg_postos_raw.csv,353cf51c1cf7782e
2026-05-15,2026-05-15 14:31:32,2026-05-11 11:50:00,9d83504331c06430,9d83504331c06430_gasoline_95,ALVES BANDEIRA Sardoeira,ALVES BANDEIRA,gasoline_95,Gasolina simples 95,Outro,2.041,Vila Real,Vila Real,Estrada Nacional 304 - Lugar da Sardoeira,Torgueda,5000-742,41.28176,-7.85166,alves bandeira sardoeira,alves bandeira,estrada nacional 304 - lugar da sardoeira,"2,041 €",2026-05-15_dgeg_postos_raw.csv,22d89d5852519308
2026-05-15,2026-05-15 14:31:32,2026-05-11 11:50:00,9d83504331c06430,9d83504331c06430_diesel_premium,ALVES BANDEIRA Sardoeira,ALVES BANDEIRA,diesel_premium,Gasóleo especial,Outro,2.055,Vila Real,Vila Real,Estrada Nacional 304 - Lugar da Sardoeira,Torgueda,5000-742,41.28176,-7.85166,alves bandeira sardoeira,alves bandeira,estrada nacional 304 - lugar da sardoeira,"2,055 €",2026-05-15_dgeg_postos_raw.csv,6cfb1d3241c975c6
2026-05-15,2026-05-15 14:31:32,2026-05-11 11:50:00,8bf1b9ececc8e17c,8bf1b9ececc8e17c_diesel_regular,Elisiário Forte,Genérico,diesel_regular,Gasóleo simples,Outro,2.079,Arruda dos Vinhos,Lisboa,"Rua de Santiago, nº40-D",Santiago dos Velhos,2630-526,38.939647,-9.103673,elisiário forte,genérico,"rua de santiago, nº40-d","2,079 €",2026-05-15_dgeg_postos_raw.csv,ab3bc02cfb11065f
2026-05-15,2026-05-15 14:31:32,2026-05-11 11:50:00,8bf1b9ececc8e17c,8bf1b9ececc8e17c_gasoline_95,Elisiário Forte,Genérico,gasoline_95,Gasolina simples 95,Outro,2.059,Arruda dos Vinhos,Lisboa,"Rua de Santiago, nº40-D",Santiago dos Velhos,2630-526,38.939647,-9.103673,elisiário forte,genérico,"rua de santiago, nº40-d","2,059 €",2026-05-15_dgeg_postos_raw.csv,3ae8a451724cd152
2026-05-15,2026-05-15 14:31:32,2026-05-11 11:50:00,8bf1b9ececc8e17c,8bf1b9ececc8e17c_diesel_premium,Elisiário Forte,Genérico,diesel_premium,Gasóleo especial,Outro,2.114,Arruda dos Vinhos,Lisboa,"Rua de Santiago, nº40-D",Santiago dos Velhos,2630-526,38.939647,-9.103673,elisiário forte,genérico,"rua de santiago, nº40-d","2,114 €",2026-05-15_dgeg_postos_raw.csv,5de96e08d6038641
2026-05-15,2026-05-15 14:31:32,2026-05-11 11:50:00,c9412adc477f317c,c9412adc477f317c_diesel_regular,REPSOL SOURE I,REPSOL,diesel_regular,Gasóleo simples,Outro,2.079,Soure,Coimbra,Cruz-Nova,Soure,3130-200,40.064014,-8.618356,repsol soure i,repsol,cruz-nova,"2,079 €",2026-05-15_dgeg_postos_raw.csv,ad512d09b2e5c6dd
2026-05-15,2026-05-15 14:31:32,2026-05-11 11:50:00,c9412adc477f317c,c9412adc477f317c_diesel_premium,REPSOL SOURE I,REPSOL,diesel_premium,Gasóleo especial,Outro,2.149,Soure,Coimbra,Cruz-Nova,Soure,3130-200,40.064014,-8.618356,repsol soure i,repsol,cruz-nova,"2,149 €",2026-05-15_dgeg_postos_raw.csv,affda68f183bd9f0
2026-05-15,2026-05-15 14:31:32,2026-05-11 11:50:00,c9412adc477f317c,c9412adc477f317c_gasoline_95,REPSOL SOURE I,REPSOL,gasoline_95,Gasolina simples 95,Outro,2.077,Soure,Coimbra,Cruz-Nova,Soure,3130-200,40.064014,-8.618356,repsol soure i,repsol,cruz-nova,"2,077 €",2026-05-15_dgeg_postos_raw.csv,05dc71696d81da22
2026-05-15,2026-05-15 14:31:32,2026-05-11 11:50:00,226a7c535d663ed2,226a7c535d663ed2_diesel_regular,BP VILA CORTÊS DA SERRA,BP,diesel_regular,Gasóleo simples,Outro,2.064,Gouveia,Guarda,"EN 17 Km 116,9",Vila Cortes da Serra,6290-611,40.551796,-7.523635,bp vila cortês da serra,bp,"en 17 km 116,9","2,064 €",2026-05-15_dgeg_postos_raw.csv,49b03613c06d9153
2026-05-15,2026-05-15 14:31:32,2026-05-11 11:50:00,226a7c535d663ed2,226a7c535d663ed2_diesel_premium,BP VILA CORTÊS DA SERRA,BP,diesel_premium,Gasóleo especial,Outro,2.224,Gouveia,Guarda,"EN 17 Km 116,9",Vila Cortes da Serra,6290-611,40.551796,-7.523635,bp vila cortês da serra,bp,"en 17 km 116,9","2,224 €",2026-05-15_dgeg_postos_raw.csv,60504f49479348e0
2026-05-15,2026-05-15 14:31:32,2026-05-11 11:50:00,226a7c535d663ed2,226a7c535d663ed2_gasoline_95,BP VILA CORTÊS DA SERRA,BP,gasoline_95,Gasolina simples 95,Outro,2.059,Gouveia,Guarda,"EN 17 Km 116,9",Vila Cortes da Serra,6290-611,40.551796,-7.523635,bp vila cortês da serra,bp,"en 17 km 116,9","2,059 €",2026-05-15_dgeg_postos_raw.csv,b86ff7cc1daa0037
2026-05-15,2026-05-15 14:31:32,2026-05-11 11:50:00,226a7c535d663ed2,226a7c535d663ed2_gasoline_98,BP VILA CORTÊS DA SERRA,BP,gasoline_98,Gasolina especial 98,Outro,2.299,Gouveia,Guarda,"EN 17 Km 116,9",Vila Cortes da Serra,6290-611,40.551796,-7.523635,bp vila cortês da serra,bp,"en 17 km 116,9","2,299 €",2026-05-15_dgeg_postos_raw.csv,4eb4a64cc0764db4
2026-05-15,2026-05-15 14:31:32,2026-05-11 11:50:00,6ba710009eae6476,6ba710009eae6476_diesel_regular,Posto de Abastecimento CEPSA - Beja,CEPSA,diesel_regular,Gasóleo simples,Outro,1.986,Beja,Beja,Estrada das Apolinárias/EN260; União das Freguesias de Salvador e Santa Maria da Feira,Monte das Lameiras,7800-098,38.020836,-7.847322,posto de abastecimento cepsa - beja,cepsa,estrada das apolinárias/en260; união das freguesias de salvador e santa maria da feira,"1,986 €",2026-05-15_dgeg_postos_raw.csv,69fc9c220f262a51
2026-05-15,2026-05-15 14:31:32,2026-05-11 11:50:00,6ba710009eae6476,6ba710009eae6476_diesel_premium,Posto de Abastecimento CEPSA - Beja,CEPSA,diesel_premium,Gasóleo especial,Outro,2.036,Beja,Beja,Estrada das Apolinárias/EN260; União das Freguesias de Salvador e Santa Maria da Feira,Monte das Lameiras,7800-098,38.020836,-7.847322,posto de abastecimento cepsa - beja,cepsa,estrada das apolinárias/en260; união das freguesias de salvador e santa maria da feira,"2,036 €",2026-05-15_dgeg_postos_raw.csv,38901c808e455fb3
2026-05-15,2026-05-15 14:31:32,2026-05-11 11:50:00,6ba710009eae6476,6ba710009eae6476_gasoline_95,Posto de Abastecimento CEPSA - Beja,CEPSA,gasoline_95,Gasolina simples 95,Outro,1.978,Beja,Beja,Estrada das Apolinárias/EN260; União das Freguesias de Salvador e Santa Maria da Feira,Monte das Lameiras,7800-098,38.020836,-7.847322,posto de abastecimento cepsa - beja,cepsa,estrada das apolinárias/en260; união das freguesias de salvador e santa maria da feira,"1,978 €",2026-05-15_dgeg_postos_raw.csv,1e4b3f75522ff310
2026-05-15,2026-05-15 14:31:32,2026-05-11 11:50:00,644add4ac4eb7ab1,644add4ac4eb7ab1_diesel_regular,E.S. CANAS DE SENHORIM,REPSOL,diesel_regular,Gasóleo simples,Outro,2.079,Nelas,Viseu,Rua da Estação - Lugar da Raposeira,Canas de Senhorim,3525-018,40.4961,-7.9047,e.s. canas de senhorim,repsol,rua da estação - lugar da raposeira,"2,079 €",2026-05-15_dgeg_postos_raw.csv,fbba2627fa2267ed
2026-05-15,2026-05-15 14:31:32,2026-05-11 11:50:00,644add4ac4eb7ab1,644add4ac4eb7ab1_diesel_premium,E.S. CANAS DE SENHORIM,REPSOL,diesel_premium,Gasóleo especial,Outro,2.149,Nelas,Viseu,Rua da Estação - Lugar da Raposeira,Canas de Senhorim,3525-018,40.4961,-7.9047,e.s. canas de senhorim,repsol,rua da estação - lugar da raposeira,"2,149 €",2026-05-15_dgeg_postos_raw.csv,4de000afe546a558
2026-05-15,2026-05-15 14:31:32,2026-05-11 11:50:00,644add4ac4eb7ab1,644add4ac4eb7ab1_gasoline_95,E.S. CANAS DE SENHORIM,REPSOL,gasoline_95,Gasolina simples 95,Outro,2.077,Nelas,Viseu,Rua da Estação - Lugar da Raposeira,Canas de Senhorim,3525-018,40.4961,-7.9047,e.s. canas de senhorim,repsol,rua da estação - lugar da raposeira,"2,077 €",2026-05-15_dgeg_postos_raw.csv,5959698780a608e7
2026-05-15,2026-05-15 14:31:32,2026-05-11 11:50:00,644add4ac4eb7ab1,644add4ac4eb7ab1_gasoline_98,E.S. CANAS DE SENHORIM,REPSOL,gasoline_98,Gasolina especial 98,Outro,2.277,Nelas,Viseu,Rua da Estação - Lugar da Raposeira,Canas de Senhorim,3525-018,40.4961,-7.9047,e.s. canas de senhorim,repsol,rua da estação - lugar da raposeira,"2,277 €",2026-05-15_dgeg_postos_raw.csv,a657ddddf96fe7bd
2026-05-15,2026-05-15 14:31:32,2026-05-11 11:50:00,c91e835770d8ae4a,c91e835770d8ae4a_diesel_regular,MOEVE OLIVEIRA DE BARREIROS,Genérico,diesel_regular,Gasóleo simples,Outro,1.966,Viseu,Viseu,EN 232 - OLIVEIRA DE BARREIROS,Oliveira de Barreiros,3500-892,40.603413,-7.927036,moeve oliveira de barreiros,genérico,en 232 - oliveira de barreiros,"1,966 €",2026-05-15_dgeg_postos_raw.csv,ce11115c3e3dcef3
2026-05-15,2026-05-15 14:31:32,2026-05-11 11:50:00,c91e835770d8ae4a,c91e835770d8ae4a_gasoline_95,MOEVE OLIVEIRA DE BARREIROS,Genérico,gasoline_95,Gasolina simples 95,Outro,1.958,Viseu,Viseu,EN 232 - OLIVEIRA DE BARREIROS,Oliveira de Barreiros,3500-892,40.603413,-7.927036,moeve oliveira de barreiros,genérico,en 232 - oliveira de barreiros,"1,958 €",2026-05-15_dgeg_postos_raw.csv,4191de8b55e04c4c
2026-05-15,2026-05-15 14:31:32,2026-05-11 11:50:00,146bb478e1f1667e,146bb478e1f1667e_diesel_regular,E.S. SANTA COMBA DAO,REPSOL,diesel_regular,Gasóleo simples,Outro,2.079,Santa Comba Dão,Viseu,R. Miguel Neves,Santa Comba Dão,3440-384,40.39775,-8.12854,e.s. santa comba dao,repsol,r. miguel neves,"2,079 €",2026-05-15_dgeg_postos_raw.csv,83c9a71219b2a9ab
2026-05-15,2026-05-15 14:31:32,2026-05-11 11:50:00,146bb478e1f1667e,146bb478e1f1667e_diesel_premium,E.S. SANTA COMBA DAO,REPSOL,diesel_premium,Gasóleo especial,Outro,2.149,Santa Comba Dão,Viseu,R. Miguel Neves,Santa Comba Dão,3440-384,40.39775,-8.12854,e.s. santa comba dao,repsol,r. miguel neves,"2,149 €",2026-05-15_dgeg_postos_raw.csv,911d0e3e74f98017
2026-05-15,2026-05-15 14:31:32,2026-05-11 11:50:00,146bb478e1f1667e,146bb478e1f1667e_gasoline_95,E.S. SANTA COMBA DAO,REPSOL,gasoline_95,Gasolina simples 95,Outro,2.077,Santa Comba Dão,Viseu,R. Miguel Neves,Santa Comba Dão,3440-384,40.39775,-8.12854,e.s. santa comba dao,repsol,r. miguel neves,"2,077 €",2026-05-15_dgeg_postos_raw.csv,1f7e561601348096
2026-05-15,2026-05-15 14:31:32,2026-05-11 11:50:00,146bb478e1f1667e,146bb478e1f1667e_gasoline_98,E.S. SANTA COMBA DAO,REPSOL,gasoline_98,Gasolina especial 98,Outro,2.277,Santa Comba Dão,Viseu,R. Miguel Neves,Santa Comba Dão,3440-384,40.39775,-8.12854,e.s. santa comba dao,repsol,r. miguel neves,"2,277 €",2026-05-15_dgeg_postos_raw.csv,5b7d06e4ab2eb074
2026-05-15,2026-05-15 14:31:32,2026-05-11 11:50:00,2996c048191067de,2996c048191067de_diesel_regular,ALVES BANDEIRA Tamel,ALVES BANDEIRA,diesel_regular,Gasóleo simples,Outro,2.035,Barcelos,Braga,"Av. Joaquim Augusto Falcão 214 (EN 205 Km 26,1)",S. Veríssimo,4750-748,41.54473,-8.59047,alves bandeira tamel,alves bandeira,"av. joaquim augusto falcão 214 (en 205 km 26,1)","2,035 €",2026-05-15_dgeg_postos_raw.csv,826d15925d53051c
2026-05-15,2026-05-15 14:31:32,2026-05-11 11:50:00,2996c048191067de,2996c048191067de_diesel_premium,ALVES BANDEIRA Tamel,ALVES BANDEIRA,diesel_premium,Gasóleo especial,Outro,2.055,Barcelos,Braga,"Av. Joaquim Augusto Falcão 214 (EN 205 Km 26,1)",S. Veríssimo,4750-748,41.54473,-8.59047,alves bandeira tamel,alves bandeira,"av. joaquim augusto falcão 214 (en 205 km 26,1)","2,055 €",2026-05-15_dgeg_postos_raw.csv,db45e409a65ca7bd
2026-05-15,2026-05-15 14:31:32,2026-05-11 11:50:00,2996c048191067de,2996c048191067de_gasoline_95,ALVES BANDEIRA Tamel,ALVES BANDEIRA,gasoline_95,Gasolina simples 95,Outro,2.041,Barcelos,Braga,"Av. Joaquim Augusto Falcão 214 (EN 205 Km 26,1)",S. Veríssimo,4750-748,41.54473,-8.59047,alves bandeira tamel,alves bandeira,"av. joaquim augusto falcão 214 (en 205 km 26,1)","2,041 €",2026-05-15_dgeg_postos_raw.csv,ca7514818265659b
2026-05-15,2026-05-15 14:31:32,2026-05-11 11:50:00,554d45c2730e777a,554d45c2730e777a_diesel_regular,ALVES BANDEIRA Serroventoso,ALVES BANDEIRA,diesel_regular,Gasóleo simples,Outro,2.075,Soure,Coimbra,Rua Padre Curado nº4 - Samuel,Soure,3130-212,40.09435,-8.716431,alves bandeira serroventoso,alves bandeira,rua padre curado nº4 - samuel,"2,075 €",2026-05-15_dgeg_postos_raw.csv,55155671e9c430b9
2026-05-15,2026-05-15 14:31:32,2026-05-11 11:50:00,554d45c2730e777a,554d45c2730e777a_gasoline_95,ALVES BANDEIRA Serroventoso,ALVES BANDEIRA,gasoline_95,Gasolina simples 95,Outro,2.081,Soure,Coimbra,Rua Padre Curado nº4 - Samuel,Soure,3130-212,40.09435,-8.716431,alves bandeira serroventoso,alves bandeira,rua padre curado nº4 - samuel,"2,081 €",2026-05-15_dgeg_postos_raw.csv,e9050908d7f7f3e2
2026-05-15,2026-05-15 14:31:32,2026-05-11 11:50:00,75e65f9e4715af3c,75e65f9e4715af3c_diesel_regular,ALVES BANDEIRA Tavira,ALVES BANDEIRA,diesel_regular,Gasóleo simples,Outro,2.035,Tavira,Faro,Vale Caranguejo,Tavira,8800-225,37.1296,-7.63844,alves bandeira tavira,alves bandeira,vale caranguejo,"2,035 €",2026-05-15_dgeg_postos_raw.csv,eb05f9442ddd0230
2026-05-15,2026-05-15 14:31:32,2026-05-11 11:50:00,75e65f9e4715af3c,75e65f9e4715af3c_diesel_premium,ALVES BANDEIRA Tavira,ALVES BANDEIRA,diesel_premium,Gasóleo especial,Outro,2.055,Tavira,Faro,Vale Caranguejo,Tavira,8800-225,37.1296,-7.63844,alves bandeira tavira,alves bandeira,vale caranguejo,"2,055 €",2026-05-15_dgeg_postos_raw.csv,546444699d12489f
2026-05-15,2026-05-15 14:31:32,2026-05-11 11:50:00,75e65f9e4715af3c,75e65f9e4715af3c_gasoline_95,ALVES BANDEIRA Tavira,ALVES BANDEIRA,gasoline_95,Gasolina simples 95,Outro,2.041,Tavira,Faro,Vale Caranguejo,Tavira,8800-225,37.1296,-7.63844,alves bandeira tavira,alves bandeira,vale caranguejo,"2,041 €",2026-05-15_dgeg_postos_raw.csv,b5ecb1d6e1533e92
2026-05-15,2026-05-15 14:31:32,2026-05-11 11:50:00,c16a337cffdf2b40,c16a337cffdf2b40_diesel_regular,AB Fonseca - Produtos BP,BP,diesel_regular,Gasóleo simples,Outro,1.999,Leiria,Leiria,"Estrada dos Pinheiros, 550",Covinhas - Marrazes,2415-566,39.76685,-8.79344,ab fonseca - produtos bp,bp,"estrada dos pinheiros, 550","1,999 €",2026-05-15_dgeg_postos_raw.csv,30644e9890f8c6f1
2026-05-15,2026-05-15 14:31:32,2026-05-11 11:50:00,c16a337cffdf2b40,c16a337cffdf2b40_diesel_premium,AB Fonseca - Produtos BP,BP,diesel_premium,Gasóleo especial,Outro,2.069,Leiria,Leiria,"Estrada dos Pinheiros, 550",Covinhas - Marrazes,2415-566,39.76685,-8.79344,ab fonseca - produtos bp,bp,"estrada dos pinheiros, 550","2,069 €",2026-05-15_dgeg_postos_raw.csv,426361f7b4969f37
2026-05-15,2026-05-15 14:31:32,2026-05-11 11:50:00,c16a337cffdf2b40,c16a337cffdf2b40_gasoline_95,AB Fonseca - Produtos BP,BP,gasoline_95,Gasolina simples 95,Outro,1.999,Leiria,Leiria,"Estrada dos Pinheiros, 550",Covinhas - Marrazes,2415-566,39.76685,-8.79344,ab fonseca - produtos bp,bp,"estrada dos pinheiros, 550","1,999 €",2026-05-15_dgeg_postos_raw.csv,b0f384cd7e0a6886
2026-05-15,2026-05-15 14:31:32,2026-05-11 11:50:00,7eded4c69ccff33a,7eded4c69ccff33a_diesel_regular,E.S. STA COMBA DAO - CANCELA,REPSOL,diesel_regular,Gasóleo simples,Outro,2.079,Santa Comba Dão,Viseu,"EN234 KM67,7 - CANCELA, SÃO JOAO DA AREIA",STA COMBA DAO,3440-451,40.39214,-8.0899,e.s. sta comba dao - cancela,repsol,"en234 km67,7 - cancela, são joao da areia","2,079 €",2026-05-15_dgeg_postos_raw.csv,8d2c2a8ee4b815bf
2026-05-15,2026-05-15 14:31:32,2026-05-11 11:50:00,7eded4c69ccff33a,7eded4c69ccff33a_diesel_premium,E.S. STA COMBA DAO - CANCELA,REPSOL,diesel_premium,Gasóleo especial,Outro,2.149,Santa Comba Dão,Viseu,"EN234 KM67,7 - CANCELA, SÃO JOAO DA AREIA",STA COMBA DAO,3440-451,40.39214,-8.0899,e.s. sta comba dao - cancela,repsol,"en234 km67,7 - cancela, são joao da areia","2,149 €",2026-05-15_dgeg_postos_raw.csv,23ae60ca0ee80f20
2026-05-15,2026-05-15 14:31:32,2026-05-11 11:50:00,7eded4c69ccff33a,7eded4c69ccff33a_gasoline_95,E.S. STA COMBA DAO - CANCELA,REPSOL,gasoline_95,Gasolina simples 95,Outro,2.077,Santa Comba Dão,Viseu,"EN234 KM67,7 - CANCELA, SÃO JOAO DA AREIA",STA COMBA DAO,3440-451,40.39214,-8.0899,e.s. sta comba dao - cancela,repsol,"en234 km67,7 - cancela, são joao da areia","2,077 €",2026-05-15_dgeg_postos_raw.csv,a875129780edcee5
2026-05-15,2026-05-15 14:31:32,2026-05-11 11:50:00,7eded4c69ccff33a,7eded4c69ccff33a_gasoline_98,E.S. STA COMBA DAO - CANCELA,REPSOL,gasoline_98,Gasolina especial 98,Outro,2.277,Santa Comba Dão,Viseu,"EN234 KM67,7 - CANCELA, SÃO JOAO DA AREIA",STA COMBA DAO,3440-451,40.39214,-8.0899,e.s. sta comba dao - cancela,repsol,"en234 km67,7 - cancela, são joao da areia","2,277 €",2026-05-15_dgeg_postos_raw.csv,d5183436904a4b7c
2026-05-15,2026-05-15 14:31:32,2026-05-11 11:50:00,bc987560fcfabbac,bc987560fcfabbac_diesel_regular,ALVES BANDEIRA Semide,ALVES BANDEIRA,diesel_regular,Gasóleo simples,Outro,2.055,Miranda do Corvo,Coimbra,Rua de S. João,Semide,3220-423,40.15738,-8.33427,alves bandeira semide,alves bandeira,rua de s. joão,"2,055 €",2026-05-15_dgeg_postos_raw.csv,c4ab5761e0742078
2026-05-15,2026-05-15 14:31:32,2026-05-11 11:50:00,bc987560fcfabbac,bc987560fcfabbac_diesel_premium,ALVES BANDEIRA Semide,ALVES BANDEIRA,diesel_premium,Gasóleo especial,Outro,2.095,Miranda do Corvo,Coimbra,Rua de S. João,Semide,3220-423,40.15738,-8.33427,alves bandeira semide,alves bandeira,rua de s. joão,"2,095 €",2026-05-15_dgeg_postos_raw.csv,0b04e4152a6b8e7e
2026-05-15,2026-05-15 14:31:32,2026-05-11 11:50:00,bc987560fcfabbac,bc987560fcfabbac_gasoline_95,ALVES BANDEIRA Semide,ALVES BANDEIRA,gasoline_95,Gasolina simples 95,Outro,2.061,Miranda do Corvo,Coimbra,Rua de S. João,Semide,3220-423,40.15738,-8.33427,alves bandeira semide,alves bandeira,rua de s. joão,"2,061 €",2026-05-15_dgeg_postos_raw.csv,ed8fdc4d52f36628
2026-05-15,2026-05-15 14:31:32,2026-05-11 11:50:00,03b353e0a316d3cf,03b353e0a316d3cf_diesel_regular,E.S. LAMEGO II,REPSOL,diesel_regular,Gasóleo simples,Outro,2.079,Lamego,Viseu,"Rotunda Dr. Fernando Amaral,\nAlmacave",Lamego,5100-201,41.095556,-7.818333,e.s. lamego ii,repsol,"rotunda dr. fernando amaral,\nalmacave","2,079 €",2026-05-15_dgeg_postos_raw.csv,2bf952daaa1eca8e
2026-05-15,2026-05-15 14:31:32,2026-05-11 11:50:00,03b353e0a316d3cf,03b353e0a316d3cf_diesel_premium,E.S. LAMEGO II,REPSOL,diesel_premium,Gasóleo especial,Outro,2.149,Lamego,Viseu,"Rotunda Dr. Fernando Amaral,\nAlmacave",Lamego,5100-201,41.095556,-7.818333,e.s. lamego ii,repsol,"rotunda dr. fernando amaral,\nalmacave","2,149 €",2026-05-15_dgeg_postos_raw.csv,eb16ffa2a1ead881
2026-05-15,2026-05-15 14:31:32,2026-05-11 11:50:00,03b353e0a316d3cf,03b353e0a316d3cf_gasoline_95,E.S. LAMEGO II,REPSOL,gasoline_95,Gasolina simples 95,Outro,2.067,Lamego,Viseu,"Rotunda Dr. Fernando Amaral,\nAlmacave",Lamego,5100-201,41.095556,-7.818333,e.s. lamego ii,repsol,"rotunda dr. fernando amaral,\nalmacave","2,067 €",2026-05-15_dgeg_postos_raw.csv,7e57b25dde081b23
2026-05-15,2026-05-15 14:31:32,2026-05-11 11:50:00,03b353e0a316d3cf,03b353e0a316d3cf_gasoline_98,E.S. LAMEGO II,REPSOL,gasoline_98,Gasolina especial 98,Outro,2.267,Lamego,Viseu,"Rotunda Dr. Fernando Amaral,\nAlmacave",Lamego,5100-201,41.095556,-7.818333,e.s. lamego ii,repsol,"rotunda dr. fernando amaral,\nalmacave","2,267 €",2026-05-15_dgeg_postos_raw.csv,3f69e636d28b609c
2026-05-15,2026-05-15 14:31:32,2026-05-11 11:50:00,c2e7f507b29a0845,c2e7f507b29a0845_diesel_regular,MOEVE FORNOS DE ALGODRES,CEPSA,diesel_regular,Gasóleo simples,Outro,1.986,Fornos de Algodres,Guarda,"EN16, km 136,200 - Zona Industrial, LOTE 5",Fornos de Algodres,6370-128,40.612896,-7.533256,moeve fornos de algodres,cepsa,"en16, km 136,200 - zona industrial, lote 5","1,986 €",2026-05-15_dgeg_postos_raw.csv,eebf4bf16a2f7d9e
2026-05-15,2026-05-15 14:31:32,2026-05-11 11:50:00,c2e7f507b29a0845,c2e7f507b29a0845_diesel_premium,MOEVE FORNOS DE ALGODRES,CEPSA,diesel_premium,Gasóleo especial,Outro,2.036,Fornos de Algodres,Guarda,"EN16, km 136,200 - Zona Industrial, LOTE 5",Fornos de Algodres,6370-128,40.612896,-7.533256,moeve fornos de algodres,cepsa,"en16, km 136,200 - zona industrial, lote 5","2,036 €",2026-05-15_dgeg_postos_raw.csv,f1229220d284fafa
2026-05-15,2026-05-15 14:31:32,2026-05-11 11:50:00,c2e7f507b29a0845,c2e7f507b29a0845_gasoline_95,MOEVE FORNOS DE ALGODRES,CEPSA,gasoline_95,Gasolina simples 95,Outro,1.978,Fornos de Algodres,Guarda,"EN16, km 136,200 - Zona Industrial, LOTE 5",Fornos de Algodres,6370-128,40.612896,-7.533256,moeve fornos de algodres,cepsa,"en16, km 136,200 - zona industrial, lote 5","1,978 €",2026-05-15_dgeg_postos_raw.csv,6e10d78965909a39
2026-05-15,2026-05-15 14:31:32,2026-05-11 11:55:00,62ae8161c15cae23,62ae8161c15cae23_diesel_regular,ALVES BANDEIRA Santa Catarina,ALVES BANDEIRA,diesel_regular,Gasóleo simples,Outro,2.015,Caldas da Rainha,Leiria,"E. N . 360, 54 - Caldas da Rainha",Santa Catarina,2500-171,39.44194,-9.01365,alves bandeira santa catarina,alves bandeira,"e. n . 360, 54 - caldas da rainha","2,015 €",2026-05-15_dgeg_postos_raw.csv,a3d59f11a0a9c9d1
2026-05-15,2026-05-15 14:31:32,2026-05-11 11:55:00,62ae8161c15cae23,62ae8161c15cae23_diesel_premium,ALVES BANDEIRA Santa Catarina,ALVES BANDEIRA,diesel_premium,Gasóleo especial,Outro,2.095,Caldas da Rainha,Leiria,"E. N . 360, 54 - Caldas da Rainha",Santa Catarina,2500-171,39.44194,-9.01365,alves bandeira santa catarina,alves bandeira,"e. n . 360, 54 - caldas da rainha","2,095 €",2026-05-15_dgeg_postos_raw.csv,2b1f0b86dd0e1ea5
2026-05-15,2026-05-15 14:31:32,2026-05-11 11:55:00,62ae8161c15cae23,62ae8161c15cae23_gasoline_95,ALVES BANDEIRA Santa Catarina,ALVES BANDEIRA,gasoline_95,Gasolina simples 95,Outro,2.021,Caldas da Rainha,Leiria,"E. N . 360, 54 - Caldas da Rainha",Santa Catarina,2500-171,39.44194,-9.01365,alves bandeira santa catarina,alves bandeira,"e. n . 360, 54 - caldas da rainha","2,021 €",2026-05-15_dgeg_postos_raw.csv,2b5ba9beb7c4ae82
2026-05-15,2026-05-15 14:31:32,2026-05-11 11:55:00,6a52ad18280f1a69,6a52ad18280f1a69_diesel_regular,E.S. MIRANDA DO CORVO II,REPSOL,diesel_regular,Gasóleo simples,Outro,2.079,Miranda do Corvo,Coimbra,"Rua Casa do GaiatoEN 342 - Km 54,8",Miranda do Corvo,3220-186,40.09596,-8.33002,e.s. miranda do corvo ii,repsol,"rua casa do gaiatoen 342 - km 54,8","2,079 €",2026-05-15_dgeg_postos_raw.csv,dbc03e3c72b44b4d
2026-05-15,2026-05-15 14:31:32,2026-05-11 11:55:00,6a52ad18280f1a69,6a52ad18280f1a69_diesel_premium,E.S. MIRANDA DO CORVO II,REPSOL,diesel_premium,Gasóleo especial,Outro,2.149,Miranda do Corvo,Coimbra,"Rua Casa do GaiatoEN 342 - Km 54,8",Miranda do Corvo,3220-186,40.09596,-8.33002,e.s. miranda do corvo ii,repsol,"rua casa do gaiatoen 342 - km 54,8","2,149 €",2026-05-15_dgeg_postos_raw.csv,da602b7067b57957
2026-05-15,2026-05-15 14:31:32,2026-05-11 11:55:00,6a52ad18280f1a69,6a52ad18280f1a69_gasoline_95,E.S. MIRANDA DO CORVO II,REPSOL,gasoline_95,Gasolina simples 95,Outro,2.077,Miranda do Corvo,Coimbra,"Rua Casa do GaiatoEN 342 - Km 54,8",Miranda do Corvo,3220-186,40.09596,-8.33002,e.s. miranda do corvo ii,repsol,"rua casa do gaiatoen 342 - km 54,8","2,077 €",2026-05-15_dgeg_postos_raw.csv,486f4f488331b4f0
2026-05-15,2026-05-15 14:31:32,2026-05-11 11:55:00,6a52ad18280f1a69,6a52ad18280f1a69_gasoline_98,E.S. MIRANDA DO CORVO II,REPSOL,gasoline_98,Gasolina especial 98,Outro,2.277,Miranda do Corvo,Coimbra,"Rua Casa do GaiatoEN 342 - Km 54,8",Miranda do Corvo,3220-186,40.09596,-8.33002,e.s. miranda do corvo ii,repsol,"rua casa do gaiatoen 342 - km 54,8","2,277 €",2026-05-15_dgeg_postos_raw.csv,e3e56f4979197264
2026-05-15,2026-05-15 14:31:32,2026-05-11 11:55:00,16509e43f020c7a8,16509e43f020c7a8_diesel_regular,ALVES BANDEIRA Santana,ALVES BANDEIRA,diesel_regular,Gasóleo simples,Outro,2.075,Figueira da Foz,Coimbra,"Rua das Cavadas, nº55",Santana,3090-797,40.223127,-8.751183,alves bandeira santana,alves bandeira,"rua das cavadas, nº55","2,075 €",2026-05-15_dgeg_postos_raw.csv,486b8d92c2335525
2026-05-15,2026-05-15 14:31:32,2026-05-11 11:55:00,16509e43f020c7a8,16509e43f020c7a8_gasoline_95,ALVES BANDEIRA Santana,ALVES BANDEIRA,gasoline_95,Gasolina simples 95,Outro,2.081,Figueira da Foz,Coimbra,"Rua das Cavadas, nº55",Santana,3090-797,40.223127,-8.751183,alves bandeira santana,alves bandeira,"rua das cavadas, nº55","2,081 €",2026-05-15_dgeg_postos_raw.csv,8ac16677d7f12e4a
2026-05-15,2026-05-15 14:31:32,2026-05-11 11:55:00,16509e43f020c7a8,16509e43f020c7a8_diesel_premium,ALVES BANDEIRA Santana,ALVES BANDEIRA,diesel_premium,Gasóleo especial,Outro,2.095,Figueira da Foz,Coimbra,"Rua das Cavadas, nº55",Santana,3090-797,40.223127,-8.751183,alves bandeira santana,alves bandeira,"rua das cavadas, nº55","2,095 €",2026-05-15_dgeg_postos_raw.csv,c16d3b40552041a4
2026-05-15,2026-05-15 14:31:32,2026-05-11 11:55:00,a64ec6d666bbff4a,a64ec6d666bbff4a_diesel_regular,ALVES BANDEIRA Santa Cruz do Bispo,ALVES BANDEIRA,diesel_regular,Gasóleo simples,Outro,2.03,Matosinhos,Porto,"Av. Arquiteto Fernando Távora, 1040 - Lugar de Aguiar",Santa Cruz do Bispo,4455-877,41.213566,-8.682849,alves bandeira santa cruz do bispo,alves bandeira,"av. arquiteto fernando távora, 1040 - lugar de aguiar","2,030 €",2026-05-15_dgeg_postos_raw.csv,8a952b8e9194ad81
2026-05-15,2026-05-15 14:31:32,2026-05-11 11:55:00,a64ec6d666bbff4a,a64ec6d666bbff4a_diesel_premium,ALVES BANDEIRA Santa Cruz do Bispo,ALVES BANDEIRA,diesel_premium,Gasóleo especial,Outro,2.05,Matosinhos,Porto,"Av. Arquiteto Fernando Távora, 1040 - Lugar de Aguiar",Santa Cruz do Bispo,4455-877,41.213566,-8.682849,alves bandeira santa cruz do bispo,alves bandeira,"av. arquiteto fernando távora, 1040 - lugar de aguiar","2,050 €",2026-05-15_dgeg_postos_raw.csv,dd766f676828a1f3
2026-05-15,2026-05-15 14:31:32,2026-05-11 11:55:00,a64ec6d666bbff4a,a64ec6d666bbff4a_gasoline_95,ALVES BANDEIRA Santa Cruz do Bispo,ALVES BANDEIRA,gasoline_95,Gasolina simples 95,Outro,2.036,Matosinhos,Porto,"Av. Arquiteto Fernando Távora, 1040 - Lugar de Aguiar",Santa Cruz do Bispo,4455-877,41.213566,-8.682849,alves bandeira santa cruz do bispo,alves bandeira,"av. arquiteto fernando távora, 1040 - lugar de aguiar","2,036 €",2026-05-15_dgeg_postos_raw.csv,bb1bee68b3f8d174
2026-05-15,2026-05-15 14:31:32,2026-05-11 11:55:00,1a24c87538706ccb,1a24c87538706ccb_diesel_regular,REPSOL SOURE II,REPSOL,diesel_regular,Gasóleo simples,Outro,2.079,Soure,Coimbra,QUINTA DA COUTADA,Quinta da Panasqueira,3130-581,40.053387,-8.624198,repsol soure ii,repsol,quinta da coutada,"2,079 €",2026-05-15_dgeg_postos_raw.csv,5964bdbb80682ee3
2026-05-15,2026-05-15 14:31:32,2026-05-11 11:55:00,1a24c87538706ccb,1a24c87538706ccb_diesel_premium,REPSOL SOURE II,REPSOL,diesel_premium,Gasóleo especial,Outro,2.149,Soure,Coimbra,QUINTA DA COUTADA,Quinta da Panasqueira,3130-581,40.053387,-8.624198,repsol soure ii,repsol,quinta da coutada,"2,149 €",2026-05-15_dgeg_postos_raw.csv,c5cdb4dda5de44ff
2026-05-15,2026-05-15 14:31:32,2026-05-11 11:55:00,1a24c87538706ccb,1a24c87538706ccb_gasoline_95,REPSOL SOURE II,REPSOL,gasoline_95,Gasolina simples 95,Outro,2.077,Soure,Coimbra,QUINTA DA COUTADA,Quinta da Panasqueira,3130-581,40.053387,-8.624198,repsol soure ii,repsol,quinta da coutada,"2,077 €",2026-05-15_dgeg_postos_raw.csv,e12fc8c82b6e06bf
2026-05-15,2026-05-15 14:31:32,2026-05-11 11:55:00,1a24c87538706ccb,1a24c87538706ccb_gasoline_98,REPSOL SOURE II,REPSOL,gasoline_98,Gasolina especial 98,Outro,2.277,Soure,Coimbra,QUINTA DA COUTADA,Quinta da Panasqueira,3130-581,40.053387,-8.624198,repsol soure ii,repsol,quinta da coutada,"2,277 €",2026-05-15_dgeg_postos_raw.csv,2c2dc15d9784e45b
2026-05-15,2026-05-15 14:31:32,2026-05-11 11:55:00,433fa15b85bc4f7a,433fa15b85bc4f7a_diesel_premium,ALVES BANDEIRA São Bartolomeu de Messines,ALVES BANDEIRA,diesel_premium,Gasóleo especial,Outro,2.035,Silves,Faro,"Sitio de Corte Pereiro, IC1 KM 713",São Bartolomeu de Messines,8375-030,37.3149,-8.32185,alves bandeira são bartolomeu de messines,alves bandeira,"sitio de corte pereiro, ic1 km 713","2,035 €",2026-05-15_dgeg_postos_raw.csv,53f42d2e770ac45f
2026-05-15,2026-05-15 14:31:32,2026-05-11 11:55:00,433fa15b85bc4f7a,433fa15b85bc4f7a_diesel_regular,ALVES BANDEIRA São Bartolomeu de Messines,ALVES BANDEIRA,diesel_regular,Gasóleo simples,Outro,2.015,Silves,Faro,"Sitio de Corte Pereiro, IC1 KM 713",São Bartolomeu de Messines,8375-030,37.3149,-8.32185,alves bandeira são bartolomeu de messines,alves bandeira,"sitio de corte pereiro, ic1 km 713","2,015 €",2026-05-15_dgeg_postos_raw.csv,4af56dde5b473162
2026-05-15,2026-05-15 14:31:32,2026-05-11 11:55:00,433fa15b85bc4f7a,433fa15b85bc4f7a_gasoline_95,ALVES BANDEIRA São Bartolomeu de Messines,ALVES BANDEIRA,gasoline_95,Gasolina simples 95,Outro,2.021,Silves,Faro,"Sitio de Corte Pereiro, IC1 KM 713",São Bartolomeu de Messines,8375-030,37.3149,-8.32185,alves bandeira são bartolomeu de messines,alves bandeira,"sitio de corte pereiro, ic1 km 713","2,021 €",2026-05-15_dgeg_postos_raw.csv,ea4c2411161e6f45
2026-05-15,2026-05-15 14:31:32,2026-05-11 11:55:00,4927220d235a987b,4927220d235a987b_diesel_regular,E.S. BEMPOSTA,REPSOL,diesel_regular,Gasóleo simples,Outro,2.029,Abrantes,Santarém,Rua Dr. Manuel Rodrigues,Bemposta - Leste,2200-000,39.35264,-8.1393,e.s. bemposta,repsol,rua dr. manuel rodrigues,"2,029 €",2026-05-15_dgeg_postos_raw.csv,4f0e7d507d5213e3
2026-05-15,2026-05-15 14:31:32,2026-05-11 11:55:00,4927220d235a987b,4927220d235a987b_diesel_premium,E.S. BEMPOSTA,REPSOL,diesel_premium,Gasóleo especial,Outro,2.099,Abrantes,Santarém,Rua Dr. Manuel Rodrigues,Bemposta - Leste,2200-000,39.35264,-8.1393,e.s. bemposta,repsol,rua dr. manuel rodrigues,"2,099 €",2026-05-15_dgeg_postos_raw.csv,eeecdeaf67d72062
2026-05-15,2026-05-15 14:31:32,2026-05-11 11:55:00,4927220d235a987b,4927220d235a987b_gasoline_95,E.S. BEMPOSTA,REPSOL,gasoline_95,Gasolina simples 95,Outro,2.027,Abrantes,Santarém,Rua Dr. Manuel Rodrigues,Bemposta - Leste,2200-000,39.35264,-8.1393,e.s. bemposta,repsol,rua dr. manuel rodrigues,"2,027 €",2026-05-15_dgeg_postos_raw.csv,1b9cab1021e7b7c3
2026-05-15,2026-05-15 14:31:32,2026-05-11 11:55:00,4927220d235a987b,4927220d235a987b_gasoline_98,E.S. BEMPOSTA,REPSOL,gasoline_98,Gasolina especial 98,Outro,2.227,Abrantes,Santarém,Rua Dr. Manuel Rodrigues,Bemposta - Leste,2200-000,39.35264,-8.1393,e.s. bemposta,repsol,rua dr. manuel rodrigues,"2,227 €",2026-05-15_dgeg_postos_raw.csv,fd0f3bfb5baf3bab
2026-05-15,2026-05-15 14:31:32,2026-05-11 11:55:00,7b4eb3272e8b242f,7b4eb3272e8b242f_diesel_regular,E.S. REGUA-CENTRO,REPSOL,diesel_regular,Gasóleo simples,Outro,2.079,Peso da Régua,Vila Real,Largo da Estação,Peso da Régua,5050-000,41.16459,-7.79425,e.s. regua-centro,repsol,largo da estação,"2,079 €",2026-05-15_dgeg_postos_raw.csv,d31ecd8ccd6595b0
2026-05-15,2026-05-15 14:31:32,2026-05-11 11:55:00,7b4eb3272e8b242f,7b4eb3272e8b242f_diesel_premium,E.S. REGUA-CENTRO,REPSOL,diesel_premium,Gasóleo especial,Outro,2.149,Peso da Régua,Vila Real,Largo da Estação,Peso da Régua,5050-000,41.16459,-7.79425,e.s. regua-centro,repsol,largo da estação,"2,149 €",2026-05-15_dgeg_postos_raw.csv,9a17b598030038a9
2026-05-15,2026-05-15 14:31:32,2026-05-11 11:55:00,7b4eb3272e8b242f,7b4eb3272e8b242f_gasoline_95,E.S. REGUA-CENTRO,REPSOL,gasoline_95,Gasolina simples 95,Outro,2.067,Peso da Régua,Vila Real,Largo da Estação,Peso da Régua,5050-000,41.16459,-7.79425,e.s. regua-centro,repsol,largo da estação,"2,067 €",2026-05-15_dgeg_postos_raw.csv,6d4f8f14e5c1e7c9
2026-05-15,2026-05-15 14:31:32,2026-05-11 11:55:00,9ef5c8aecd542c65,9ef5c8aecd542c65_diesel_regular,E.S. REGUA-CP,REPSOL,diesel_regular,Gasóleo simples,Outro,2.079,Peso da Régua,Vila Real,Rua da Ferreirinha,Peso da Régua,5050-000,41.15877,-7.78453,e.s. regua-cp,repsol,rua da ferreirinha,"2,079 €",2026-05-15_dgeg_postos_raw.csv,f6d50256587d326f
2026-05-15,2026-05-15 14:31:32,2026-05-11 11:55:00,9ef5c8aecd542c65,9ef5c8aecd542c65_diesel_premium,E.S. REGUA-CP,REPSOL,diesel_premium,Gasóleo especial,Outro,2.149,Peso da Régua,Vila Real,Rua da Ferreirinha,Peso da Régua,5050-000,41.15877,-7.78453,e.s. regua-cp,repsol,rua da ferreirinha,"2,149 €",2026-05-15_dgeg_postos_raw.csv,53c3ea1c97124def
2026-05-15,2026-05-15 14:31:32,2026-05-11 11:55:00,9ef5c8aecd542c65,9ef5c8aecd542c65_gasoline_95,E.S. REGUA-CP,REPSOL,gasoline_95,Gasolina simples 95,Outro,2.067,Peso da Régua,Vila Real,Rua da Ferreirinha,Peso da Régua,5050-000,41.15877,-7.78453,e.s. regua-cp,repsol,rua da ferreirinha,"2,067 €",2026-05-15_dgeg_postos_raw.csv,b24d48fd29b67d82
2026-05-15,2026-05-15 14:31:32,2026-05-11 11:55:00,b20620622072bfb1,b20620622072bfb1_diesel_regular,E.S. MIRANDA DO CORVO,REPSOL,diesel_regular,Gasóleo simples,Outro,2.079,Miranda do Corvo,Coimbra,"Av. Arménio da Costa Simões, 78",Miranda do Corvo,3220-186,40.09558,-8.3315,e.s. miranda do corvo,repsol,"av. arménio da costa simões, 78","2,079 €",2026-05-15_dgeg_postos_raw.csv,596555771740a5b6
2026-05-15,2026-05-15 14:31:32,2026-05-11 11:55:00,b20620622072bfb1,b20620622072bfb1_diesel_premium,E.S. MIRANDA DO CORVO,REPSOL,diesel_premium,Gasóleo especial,Outro,2.149,Miranda do Corvo,Coimbra,"Av. Arménio da Costa Simões, 78",Miranda do Corvo,3220-186,40.09558,-8.3315,e.s. miranda do corvo,repsol,"av. arménio da costa simões, 78","2,149 €",2026-05-15_dgeg_postos_raw.csv,07e43af1b6293e9f
2026-05-15,2026-05-15 14:31:32,2026-05-11 11:55:00,b20620622072bfb1,b20620622072bfb1_gasoline_95,E.S. MIRANDA DO CORVO,REPSOL,gasoline_95,Gasolina simples 95,Outro,2.077,Miranda do Corvo,Coimbra,"Av. Arménio da Costa Simões, 78",Miranda do Corvo,3220-186,40.09558,-8.3315,e.s. miranda do corvo,repsol,"av. arménio da costa simões, 78","2,077 €",2026-05-15_dgeg_postos_raw.csv,acd3986dfb42997b
2026-05-15,2026-05-15 14:31:32,2026-05-11 11:55:00,43690295376a854b,43690295376a854b_diesel_regular,ALVES BANDEIRA Santarém,ALVES BANDEIRA,diesel_regular,Gasóleo simples,Outro,2.035,Santarém,Santarém,"Zona industrial da Várzea, Rua do Matadouro Regional, Lote 22",Santarém,2005-001,39.255163,-8.714092,alves bandeira santarém,alves bandeira,"zona industrial da várzea, rua do matadouro regional, lote 22","2,035 €",2026-05-15_dgeg_postos_raw.csv,1278cc9b6d539048
2026-05-15,2026-05-15 14:31:32,2026-05-11 11:55:00,43690295376a854b,43690295376a854b_gasoline_95,ALVES BANDEIRA Santarém,ALVES BANDEIRA,gasoline_95,Gasolina simples 95,Outro,2.041,Santarém,Santarém,"Zona industrial da Várzea, Rua do Matadouro Regional, Lote 22",Santarém,2005-001,39.255163,-8.714092,alves bandeira santarém,alves bandeira,"zona industrial da várzea, rua do matadouro regional, lote 22","2,041 €",2026-05-15_dgeg_postos_raw.csv,4e3c7abb2abfd0a4
2026-05-15,2026-05-15 14:31:32,2026-05-11 11:55:00,8aede103233fe50b,8aede103233fe50b_diesel_regular,ALVES BANDEIRA Damaia,ALVES BANDEIRA,diesel_regular,Gasóleo simples,Outro,2.029,Amadora,Lisboa,Praceta da Índia - Damaia,Amadora,2720-299,38.74952,-9.212084,alves bandeira damaia,alves bandeira,praceta da índia - damaia,"2,029 €",2026-05-15_dgeg_postos_raw.csv,9a8a71dbfdd25d05
2026-05-15,2026-05-15 14:31:32,2026-05-11 11:55:00,8aede103233fe50b,8aede103233fe50b_gasoline_95,ALVES BANDEIRA Damaia,ALVES BANDEIRA,gasoline_95,Gasolina simples 95,Outro,2.027,Amadora,Lisboa,Praceta da Índia - Damaia,Amadora,2720-299,38.74952,-9.212084,alves bandeira damaia,alves bandeira,praceta da índia - damaia,"2,027 €",2026-05-15_dgeg_postos_raw.csv,38c7345d0127e75a
2026-05-15,2026-05-15 14:31:32,2026-05-11 11:55:00,99af2ce95fe1d2e1,99af2ce95fe1d2e1_diesel_regular,ALVES BANDEIRA Santa Joana,ALVES BANDEIRA,diesel_regular,Gasóleo simples,Outro,2.025,Aveiro,Aveiro,Av. da República - ST Joana (EN230),Santa Joana,3810-156,40.640496,-8.611732,alves bandeira santa joana,alves bandeira,av. da república - st joana (en230),"2,025 €",2026-05-15_dgeg_postos_raw.csv,a2e59e34b9921d80
2026-05-15,2026-05-15 14:31:32,2026-05-11 11:55:00,99af2ce95fe1d2e1,99af2ce95fe1d2e1_diesel_premium,ALVES BANDEIRA Santa Joana,ALVES BANDEIRA,diesel_premium,Gasóleo especial,Outro,2.045,Aveiro,Aveiro,Av. da República - ST Joana (EN230),Santa Joana,3810-156,40.640496,-8.611732,alves bandeira santa joana,alves bandeira,av. da república - st joana (en230),"2,045 €",2026-05-15_dgeg_postos_raw.csv,2f155a73b8fffffd
2026-05-15,2026-05-15 14:31:32,2026-05-11 11:55:00,99af2ce95fe1d2e1,99af2ce95fe1d2e1_gasoline_95,ALVES BANDEIRA Santa Joana,ALVES BANDEIRA,gasoline_95,Gasolina simples 95,Outro,2.031,Aveiro,Aveiro,Av. da República - ST Joana (EN230),Santa Joana,3810-156,40.640496,-8.611732,alves bandeira santa joana,alves bandeira,av. da república - st joana (en230),"2,031 €",2026-05-15_dgeg_postos_raw.csv,c28a84dc54766d37
2026-05-15,2026-05-15 14:31:32,2026-05-11 11:55:00,0c391aa679e58b71,0c391aa679e58b71_diesel_regular,E.S. FROSSOS,REPSOL,diesel_regular,Gasóleo simples,Outro,2.029,Braga,Braga,"EN 201 Km 62,8",Lugar de Carreiro,4700-000,41.56547,-8.45018,e.s. frossos,repsol,"en 201 km 62,8","2,029 €",2026-05-15_dgeg_postos_raw.csv,ac17169e34df03b2
2026-05-15,2026-05-15 14:31:32,2026-05-11 11:55:00,0c391aa679e58b71,0c391aa679e58b71_diesel_premium,E.S. FROSSOS,REPSOL,diesel_premium,Gasóleo especial,Outro,2.089,Braga,Braga,"EN 201 Km 62,8",Lugar de Carreiro,4700-000,41.56547,-8.45018,e.s. frossos,repsol,"en 201 km 62,8","2,089 €",2026-05-15_dgeg_postos_raw.csv,adc1a4b76327f8b9
2026-05-15,2026-05-15 14:31:32,2026-05-11 11:55:00,0c391aa679e58b71,0c391aa679e58b71_gasoline_95,E.S. FROSSOS,REPSOL,gasoline_95,Gasolina simples 95,Outro,2.027,Braga,Braga,"EN 201 Km 62,8",Lugar de Carreiro,4700-000,41.56547,-8.45018,e.s. frossos,repsol,"en 201 km 62,8","2,027 €",2026-05-15_dgeg_postos_raw.csv,b7a710f5ec97221f
2026-05-15,2026-05-15 14:31:32,2026-05-11 11:55:00,61fb164669db792f,61fb164669db792f_diesel_regular,"A.C.M.Nunes, Lda",GALP,diesel_regular,Gasóleo simples,Outro,2.055,Portel,Évora,Rua da Vidigueira 30,Portel,7220-390,38.30623,-7.70905,"a.c.m.nunes, lda",galp,rua da vidigueira 30,"2,055 €",2026-05-15_dgeg_postos_raw.csv,241f690c7cf6e599
2026-05-15,2026-05-15 14:31:32,2026-05-11 11:55:00,61fb164669db792f,61fb164669db792f_diesel_premium,"A.C.M.Nunes, Lda",GALP,diesel_premium,Gasóleo especial,Outro,2.105,Portel,Évora,Rua da Vidigueira 30,Portel,7220-390,38.30623,-7.70905,"a.c.m.nunes, lda",galp,rua da vidigueira 30,"2,105 €",2026-05-15_dgeg_postos_raw.csv,1fde6674f871fb83
2026-05-15,2026-05-15 14:31:32,2026-05-11 11:55:00,61fb164669db792f,61fb164669db792f_gasoline_95,"A.C.M.Nunes, Lda",GALP,gasoline_95,Gasolina simples 95,Outro,2.051,Portel,Évora,Rua da Vidigueira 30,Portel,7220-390,38.30623,-7.70905,"a.c.m.nunes, lda",galp,rua da vidigueira 30,"2,051 €",2026-05-15_dgeg_postos_raw.csv,b716cafb21c559e5
2026-05-15,2026-05-15 14:31:32,2026-05-11 11:55:00,61fb164669db792f,61fb164669db792f_gasoline_98,"A.C.M.Nunes, Lda",GALP,gasoline_98,Gasolina especial 98,Outro,2.261,Portel,Évora,Rua da Vidigueira 30,Portel,7220-390,38.30623,-7.70905,"a.c.m.nunes, lda",galp,rua da vidigueira 30,"2,261 €",2026-05-15_dgeg_postos_raw.csv,792d6d6a52d7211b
2026-05-15,2026-05-15 14:31:32,2026-05-11 12:00:00,d22bb2c92a513e68,d22bb2c92a513e68_diesel_regular,"FERRAZES - COMBUSTIVEIS E ÓLEOS, LDA",GALP,diesel_regular,Gasóleo simples,Outro,2.055,Ourém,Santarém,"EN 106 (Rua dos Combatentes nº 106) Km 0,75",Caxarias,2435-125,39.71315,-8.53857,"ferrazes - combustiveis e óleos, lda",galp,"en 106 (rua dos combatentes nº 106) km 0,75","2,055 €",2026-05-15_dgeg_postos_raw.csv,6b7e27ba1114d4ca
2026-05-15,2026-05-15 14:31:32,2026-05-11 12:00:00,d22bb2c92a513e68,d22bb2c92a513e68_diesel_premium,"FERRAZES - COMBUSTIVEIS E ÓLEOS, LDA",GALP,diesel_premium,Gasóleo especial,Outro,2.115,Ourém,Santarém,"EN 106 (Rua dos Combatentes nº 106) Km 0,75",Caxarias,2435-125,39.71315,-8.53857,"ferrazes - combustiveis e óleos, lda",galp,"en 106 (rua dos combatentes nº 106) km 0,75","2,115 €",2026-05-15_dgeg_postos_raw.csv,75ddac5340f14f35
2026-05-15,2026-05-15 14:31:32,2026-05-11 12:00:00,d22bb2c92a513e68,d22bb2c92a513e68_gasoline_95,"FERRAZES - COMBUSTIVEIS E ÓLEOS, LDA",GALP,gasoline_95,Gasolina simples 95,Outro,2.051,Ourém,Santarém,"EN 106 (Rua dos Combatentes nº 106) Km 0,75",Caxarias,2435-125,39.71315,-8.53857,"ferrazes - combustiveis e óleos, lda",galp,"en 106 (rua dos combatentes nº 106) km 0,75","2,051 €",2026-05-15_dgeg_postos_raw.csv,eacdcf16f41789e2
2026-05-15,2026-05-15 14:31:32,2026-05-11 12:00:00,b8763b239d1e009e,b8763b239d1e009e_diesel_regular,"NOVA - Fontaínhas, Cascais",NOVA,diesel_regular,Gasóleo simples,Outro,1.944,Cascais,Lisboa,Rua de Alvide nº298,Cascais,2750-288,38.709633,-9.420601,"nova - fontaínhas, cascais",nova,rua de alvide nº298,"1,944 €",2026-05-15_dgeg_postos_raw.csv,1ef86f7f720eab46
2026-05-15,2026-05-15 14:31:32,2026-05-11 12:00:00,b8763b239d1e009e,b8763b239d1e009e_diesel_premium,"NOVA - Fontaínhas, Cascais",NOVA,diesel_premium,Gasóleo especial,Outro,1.99,Cascais,Lisboa,Rua de Alvide nº298,Cascais,2750-288,38.709633,-9.420601,"nova - fontaínhas, cascais",nova,rua de alvide nº298,"1,990 €",2026-05-15_dgeg_postos_raw.csv,3fda300460fefa4b
2026-05-15,2026-05-15 14:31:32,2026-05-11 12:00:00,b8763b239d1e009e,b8763b239d1e009e_gasoline_95,"NOVA - Fontaínhas, Cascais",NOVA,gasoline_95,Gasolina simples 95,Outro,1.939,Cascais,Lisboa,Rua de Alvide nº298,Cascais,2750-288,38.709633,-9.420601,"nova - fontaínhas, cascais",nova,rua de alvide nº298,"1,939 €",2026-05-15_dgeg_postos_raw.csv,62c498d68e2efd42
2026-05-15,2026-05-15 14:31:32,2026-05-11 12:00:00,7d617ccd2643257a,7d617ccd2643257a_diesel_regular,ALVES BANDEIRA Quiaios,ALVES BANDEIRA,diesel_regular,Gasóleo simples,Outro,2.075,Figueira da Foz,Coimbra,"R. da Figueira da Foz, 23",Quaios,3080-544,40.20889,-8.84241,alves bandeira quiaios,alves bandeira,"r. da figueira da foz, 23","2,075 €",2026-05-15_dgeg_postos_raw.csv,6f29fc13437e2f67
2026-05-15,2026-05-15 14:31:32,2026-05-11 12:00:00,7d617ccd2643257a,7d617ccd2643257a_diesel_premium,ALVES BANDEIRA Quiaios,ALVES BANDEIRA,diesel_premium,Gasóleo especial,Outro,2.095,Figueira da Foz,Coimbra,"R. da Figueira da Foz, 23",Quaios,3080-544,40.20889,-8.84241,alves bandeira quiaios,alves bandeira,"r. da figueira da foz, 23","2,095 €",2026-05-15_dgeg_postos_raw.csv,9bd854442e562b60
2026-05-15,2026-05-15 14:31:32,2026-05-11 12:00:00,7d617ccd2643257a,7d617ccd2643257a_gasoline_95,ALVES BANDEIRA Quiaios,ALVES BANDEIRA,gasoline_95,Gasolina simples 95,Outro,2.081,Figueira da Foz,Coimbra,"R. da Figueira da Foz, 23",Quaios,3080-544,40.20889,-8.84241,alves bandeira quiaios,alves bandeira,"r. da figueira da foz, 23","2,081 €",2026-05-15_dgeg_postos_raw.csv,3a289e0cbc9d724c
2026-05-15,2026-05-15 14:31:32,2026-05-11 12:00:00,467b7c92bf2db1e9,467b7c92bf2db1e9_diesel_regular,ALVES BANDEIRA Albergaria dos Doze,ALVES BANDEIRA,diesel_regular,Gasóleo simples,Outro,2.035,Pombal,Leiria,Rua Principal,Albergaria dos Doze,3100-081,39.791541,-8.592756,alves bandeira albergaria dos doze,alves bandeira,rua principal,"2,035 €",2026-05-15_dgeg_postos_raw.csv,e37edca21312882a
2026-05-15,2026-05-15 14:31:32,2026-05-11 12:00:00,467b7c92bf2db1e9,467b7c92bf2db1e9_diesel_premium,ALVES BANDEIRA Albergaria dos Doze,ALVES BANDEIRA,diesel_premium,Gasóleo especial,Outro,2.055,Pombal,Leiria,Rua Principal,Albergaria dos Doze,3100-081,39.791541,-8.592756,alves bandeira albergaria dos doze,alves bandeira,rua principal,"2,055 €",2026-05-15_dgeg_postos_raw.csv,e8b0b733ca47d1d3
2026-05-15,2026-05-15 14:31:32,2026-05-11 12:00:00,467b7c92bf2db1e9,467b7c92bf2db1e9_gasoline_95,ALVES BANDEIRA Albergaria dos Doze,ALVES BANDEIRA,gasoline_95,Gasolina simples 95,Outro,2.041,Pombal,Leiria,Rua Principal,Albergaria dos Doze,3100-081,39.791541,-8.592756,alves bandeira albergaria dos doze,alves bandeira,rua principal,"2,041 €",2026-05-15_dgeg_postos_raw.csv,57cf47d77b986354
2026-05-15,2026-05-15 14:31:32,2026-05-11 12:00:00,2a2abbd190f0f052,2a2abbd190f0f052_diesel_regular,ALVES BANDEIRA Riachos,ALVES BANDEIRA,diesel_regular,Gasóleo simples,Outro,2.075,Torres Novas,Santarém,Zona Industrial dos Riachos,Riachos,2350-321,39.43562,-8.497856,alves bandeira riachos,alves bandeira,zona industrial dos riachos,"2,075 €",2026-05-15_dgeg_postos_raw.csv,8fb8a8b2e34dd404
2026-05-15,2026-05-15 14:31:32,2026-05-11 12:00:00,2a2abbd190f0f052,2a2abbd190f0f052_diesel_premium,ALVES BANDEIRA Riachos,ALVES BANDEIRA,diesel_premium,Gasóleo especial,Outro,2.095,Torres Novas,Santarém,Zona Industrial dos Riachos,Riachos,2350-321,39.43562,-8.497856,alves bandeira riachos,alves bandeira,zona industrial dos riachos,"2,095 €",2026-05-15_dgeg_postos_raw.csv,688be91cb18ee506
2026-05-15,2026-05-15 14:31:32,2026-05-11 12:00:00,2a2abbd190f0f052,2a2abbd190f0f052_gasoline_95,ALVES BANDEIRA Riachos,ALVES BANDEIRA,gasoline_95,Gasolina simples 95,Outro,2.081,Torres Novas,Santarém,Zona Industrial dos Riachos,Riachos,2350-321,39.43562,-8.497856,alves bandeira riachos,alves bandeira,zona industrial dos riachos,"2,081 €",2026-05-15_dgeg_postos_raw.csv,b97152a1a2c1671c
2026-05-15,2026-05-15 14:31:32,2026-05-11 12:00:00,96b058784ed67625,96b058784ed67625_diesel_regular,ALVES BANDEIRA Ramalhal,ALVES BANDEIRA,diesel_regular,Gasóleo simples,Outro,2.035,Torres Vedras,Lisboa,"EN 8, Km 55",Ramalhal,2565-646,39.1538,-9.22107,alves bandeira ramalhal,alves bandeira,"en 8, km 55","2,035 €",2026-05-15_dgeg_postos_raw.csv,f20f067df3dfca4e
2026-05-15,2026-05-15 14:31:32,2026-05-11 12:00:00,96b058784ed67625,96b058784ed67625_diesel_premium,ALVES BANDEIRA Ramalhal,ALVES BANDEIRA,diesel_premium,Gasóleo especial,Outro,2.055,Torres Vedras,Lisboa,"EN 8, Km 55",Ramalhal,2565-646,39.1538,-9.22107,alves bandeira ramalhal,alves bandeira,"en 8, km 55","2,055 €",2026-05-15_dgeg_postos_raw.csv,d7135013d43efdb2
2026-05-15,2026-05-15 14:31:32,2026-05-11 12:00:00,96b058784ed67625,96b058784ed67625_gasoline_95,ALVES BANDEIRA Ramalhal,ALVES BANDEIRA,gasoline_95,Gasolina simples 95,Outro,2.041,Torres Vedras,Lisboa,"EN 8, Km 55",Ramalhal,2565-646,39.1538,-9.22107,alves bandeira ramalhal,alves bandeira,"en 8, km 55","2,041 €",2026-05-15_dgeg_postos_raw.csv,4f1e65cbf80b6d1f
2026-05-15,2026-05-15 14:31:32,2026-05-11 12:00:00,e6d085e3ce4ac56e,e6d085e3ce4ac56e_diesel_regular,ALVES BANDEIRA Rio de Couros,ALVES BANDEIRA,diesel_regular,Gasóleo simples,Outro,2.074,Ourém,Santarém,Rua Principal,Rio de Couros,2435-530,39.733496,-8.49312,alves bandeira rio de couros,alves bandeira,rua principal,"2,074 €",2026-05-15_dgeg_postos_raw.csv,9a83ce0e4bf61467
2026-05-15,2026-05-15 14:31:32,2026-05-11 12:00:00,e6d085e3ce4ac56e,e6d085e3ce4ac56e_gasoline_95,ALVES BANDEIRA Rio de Couros,ALVES BANDEIRA,gasoline_95,Gasolina simples 95,Outro,2.07,Ourém,Santarém,Rua Principal,Rio de Couros,2435-530,39.733496,-8.49312,alves bandeira rio de couros,alves bandeira,rua principal,"2,070 €",2026-05-15_dgeg_postos_raw.csv,99c2ee219b56addf
2026-05-15,2026-05-15 14:31:32,2026-05-11 12:00:00,783c1b43e2a01910,783c1b43e2a01910_diesel_regular,ALVES BANDEIRA Pombal,ALVES BANDEIRA,diesel_regular,Gasóleo simples,Outro,2.035,Pombal,Leiria,Av. Arquitecto Rosado Correia,Pombal,3100-532,39.916272,-8.632933,alves bandeira pombal,alves bandeira,av. arquitecto rosado correia,"2,035 €",2026-05-15_dgeg_postos_raw.csv,ec39229d98e75365
2026-05-15,2026-05-15 14:31:32,2026-05-11 12:00:00,783c1b43e2a01910,783c1b43e2a01910_gasoline_95,ALVES BANDEIRA Pombal,ALVES BANDEIRA,gasoline_95,Gasolina simples 95,Outro,2.041,Pombal,Leiria,Av. Arquitecto Rosado Correia,Pombal,3100-532,39.916272,-8.632933,alves bandeira pombal,alves bandeira,av. arquitecto rosado correia,"2,041 €",2026-05-15_dgeg_postos_raw.csv,6497835bf7acc444
2026-05-15,2026-05-15 14:31:32,2026-05-11 12:00:00,918589ab96d7e092,918589ab96d7e092_diesel_regular,E.S. ALMEIRIM,REPSOL,diesel_regular,Gasóleo simples,Outro,2.019,Almeirim,Santarém,Rua Coruche,Frente Paça de Touros,2080-000,39.20197,-8.62803,e.s. almeirim,repsol,rua coruche,"2,019 €",2026-05-15_dgeg_postos_raw.csv,a5f96cacb985ecdd
2026-05-15,2026-05-15 14:31:32,2026-05-11 12:00:00,918589ab96d7e092,918589ab96d7e092_diesel_premium,E.S. ALMEIRIM,REPSOL,diesel_premium,Gasóleo especial,Outro,2.069,Almeirim,Santarém,Rua Coruche,Frente Paça de Touros,2080-000,39.20197,-8.62803,e.s. almeirim,repsol,rua coruche,"2,069 €",2026-05-15_dgeg_postos_raw.csv,4f2f3a2b1b5ef67e
2026-05-15,2026-05-15 14:31:32,2026-05-11 12:00:00,918589ab96d7e092,918589ab96d7e092_gasoline_95,E.S. ALMEIRIM,REPSOL,gasoline_95,Gasolina simples 95,Outro,2.012,Almeirim,Santarém,Rua Coruche,Frente Paça de Touros,2080-000,39.20197,-8.62803,e.s. almeirim,repsol,rua coruche,"2,012 €",2026-05-15_dgeg_postos_raw.csv,7ea7a6c5b2180aed
2026-05-15,2026-05-15 14:31:32,2026-05-11 12:00:00,9fb371cbbd349620,9fb371cbbd349620_gasoline_95,ALVES BANDEIRA Rio de Moinhos,ALVES BANDEIRA,gasoline_95,Gasolina simples 95,Outro,2.081,Borba,Évora,"Sítio da Salgada - E.M. 256, Km 10",Rio de Moinhos,7150-322,38.77577,-7.48465,alves bandeira rio de moinhos,alves bandeira,"sítio da salgada - e.m. 256, km 10","2,081 €",2026-05-15_dgeg_postos_raw.csv,7dd8c61ea44f0a0e
2026-05-15,2026-05-15 14:31:32,2026-05-11 12:00:00,9fb371cbbd349620,9fb371cbbd349620_diesel_regular,ALVES BANDEIRA Rio de Moinhos,ALVES BANDEIRA,diesel_regular,Gasóleo simples,Outro,2.075,Borba,Évora,"Sítio da Salgada - E.M. 256, Km 10",Rio de Moinhos,7150-322,38.77577,-7.48465,alves bandeira rio de moinhos,alves bandeira,"sítio da salgada - e.m. 256, km 10","2,075 €",2026-05-15_dgeg_postos_raw.csv,51d1e115e83e80cb
2026-05-15,2026-05-15 14:31:32,2026-05-11 12:00:00,9fb371cbbd349620,9fb371cbbd349620_diesel_premium,ALVES BANDEIRA Rio de Moinhos,ALVES BANDEIRA,diesel_premium,Gasóleo especial,Outro,2.095,Borba,Évora,"Sítio da Salgada - E.M. 256, Km 10",Rio de Moinhos,7150-322,38.77577,-7.48465,alves bandeira rio de moinhos,alves bandeira,"sítio da salgada - e.m. 256, km 10","2,095 €",2026-05-15_dgeg_postos_raw.csv,8c4d992f3682a5e8
2026-05-15,2026-05-15 14:31:32,2026-05-11 12:00:00,16b86dc21194e419,16b86dc21194e419_diesel_premium,E. LECLERC -  Montijo,LECLERC,diesel_premium,Gasóleo especial,Outro,1.979,Montijo,Setúbal,EN5-Rua Vasco da Gama -Afonsoeiro,Montijo,2870-803,38.7018,-8.960169,e. leclerc - montijo,leclerc,en5-rua vasco da gama -afonsoeiro,"1,979 €",2026-05-15_dgeg_postos_raw.csv,848793745b62c62e
2026-05-15,2026-05-15 14:31:32,2026-05-11 12:00:00,16b86dc21194e419,16b86dc21194e419_diesel_regular,E. LECLERC -  Montijo,LECLERC,diesel_regular,Gasóleo simples,Outro,1.949,Montijo,Setúbal,EN5-Rua Vasco da Gama -Afonsoeiro,Montijo,2870-803,38.7018,-8.960169,e. leclerc - montijo,leclerc,en5-rua vasco da gama -afonsoeiro,"1,949 €",2026-05-15_dgeg_postos_raw.csv,c8bc94cd91bc8aba
2026-05-15,2026-05-15 14:31:32,2026-05-11 12:00:00,16b86dc21194e419,16b86dc21194e419_gasoline_95,E. LECLERC -  Montijo,LECLERC,gasoline_95,Gasolina simples 95,Outro,1.909,Montijo,Setúbal,EN5-Rua Vasco da Gama -Afonsoeiro,Montijo,2870-803,38.7018,-8.960169,e. leclerc - montijo,leclerc,en5-rua vasco da gama -afonsoeiro,"1,909 €",2026-05-15_dgeg_postos_raw.csv,35e821dae7daeca2
2026-05-15,2026-05-15 14:31:32,2026-05-11 12:00:00,5c44f292418c3af2,5c44f292418c3af2_diesel_regular,ALVES BANDEIRA Pinhal do Norte,ALVES BANDEIRA,diesel_regular,Gasóleo simples,Outro,2.015,Carrazeda de Ansiães,Bragança,Lugar de Queda d'Asna - EN 314,Pinhal do Norte,5140-205,41.30137,-7.341855,alves bandeira pinhal do norte,alves bandeira,lugar de queda d'asna - en 314,"2,015 €",2026-05-15_dgeg_postos_raw.csv,2a35958376bb2b2e
2026-05-15,2026-05-15 14:31:32,2026-05-11 12:00:00,5c44f292418c3af2,5c44f292418c3af2_gasoline_95,ALVES BANDEIRA Pinhal do Norte,ALVES BANDEIRA,gasoline_95,Gasolina simples 95,Outro,2.021,Carrazeda de Ansiães,Bragança,Lugar de Queda d'Asna - EN 314,Pinhal do Norte,5140-205,41.30137,-7.341855,alves bandeira pinhal do norte,alves bandeira,lugar de queda d'asna - en 314,"2,021 €",2026-05-15_dgeg_postos_raw.csv,fab8f38d5c1e15d4
2026-05-15,2026-05-15 14:31:32,2026-05-11 12:00:00,c7871158a37de0dc,c7871158a37de0dc_diesel_regular,ALVES BANDEIRA Fundão,ALVES BANDEIRA,diesel_regular,Gasóleo simples,Outro,2.054,Fundão,Castelo Branco,"Zona Industrial do Fundão, Lote 72",Fundão,6230-483,40.173374,-7.493131,alves bandeira fundão,alves bandeira,"zona industrial do fundão, lote 72","2,054 €",2026-05-15_dgeg_postos_raw.csv,e70e252c7165f4fe
2026-05-15,2026-05-15 14:31:32,2026-05-11 12:00:00,c7871158a37de0dc,c7871158a37de0dc_diesel_premium,ALVES BANDEIRA Fundão,ALVES BANDEIRA,diesel_premium,Gasóleo especial,Outro,2.095,Fundão,Castelo Branco,"Zona Industrial do Fundão, Lote 72",Fundão,6230-483,40.173374,-7.493131,alves bandeira fundão,alves bandeira,"zona industrial do fundão, lote 72","2,095 €",2026-05-15_dgeg_postos_raw.csv,ae401c5b25b938d4
2026-05-15,2026-05-15 14:31:32,2026-05-11 12:00:00,c7871158a37de0dc,c7871158a37de0dc_gasoline_95,ALVES BANDEIRA Fundão,ALVES BANDEIRA,gasoline_95,Gasolina simples 95,Outro,2.05,Fundão,Castelo Branco,"Zona Industrial do Fundão, Lote 72",Fundão,6230-483,40.173374,-7.493131,alves bandeira fundão,alves bandeira,"zona industrial do fundão, lote 72","2,050 €",2026-05-15_dgeg_postos_raw.csv,f5574a7ae45ce3b1
2026-05-15,2026-05-15 14:31:32,2026-05-11 12:00:00,9322cbcffc6eaa8f,9322cbcffc6eaa8f_gasoline_95,ALVES BANDEIRA Albergaria-a-Velha (Urgeiras),ALVES BANDEIRA,gasoline_95,Gasolina simples 95,Outro,2.021,Albergaria-a-Velha,Aveiro,Zona Industrial de Urgueiras - Lugar de Coito,Albergaria-a-Velha,3850-280,40.70629,-8.482127,alves bandeira albergaria-a-velha (urgeiras),alves bandeira,zona industrial de urgueiras - lugar de coito,"2,021 €",2026-05-15_dgeg_postos_raw.csv,703adcc1fd0f6975
2026-05-15,2026-05-15 14:31:32,2026-05-11 12:00:00,9322cbcffc6eaa8f,9322cbcffc6eaa8f_diesel_regular,ALVES BANDEIRA Albergaria-a-Velha (Urgeiras),ALVES BANDEIRA,diesel_regular,Gasóleo simples,Outro,2.015,Albergaria-a-Velha,Aveiro,Zona Industrial de Urgueiras - Lugar de Coito,Albergaria-a-Velha,3850-280,40.70629,-8.482127,alves bandeira albergaria-a-velha (urgeiras),alves bandeira,zona industrial de urgueiras - lugar de coito,"2,015 €",2026-05-15_dgeg_postos_raw.csv,da47fb06eb4f4d0e
2026-05-15,2026-05-15 14:31:32,2026-05-11 12:00:00,9322cbcffc6eaa8f,9322cbcffc6eaa8f_diesel_premium,ALVES BANDEIRA Albergaria-a-Velha (Urgeiras),ALVES BANDEIRA,diesel_premium,Gasóleo especial,Outro,2.035,Albergaria-a-Velha,Aveiro,Zona Industrial de Urgueiras - Lugar de Coito,Albergaria-a-Velha,3850-280,40.70629,-8.482127,alves bandeira albergaria-a-velha (urgeiras),alves bandeira,zona industrial de urgueiras - lugar de coito,"2,035 €",2026-05-15_dgeg_postos_raw.csv,2754676c94ea214d
2026-05-15,2026-05-15 14:31:32,2026-05-11 12:00:00,db4b6283fd33bbc7,db4b6283fd33bbc7_diesel_regular,ALVES BANDEIRA Raimonda,ALVES BANDEIRA,diesel_regular,Gasóleo simples,Outro,2.04,Paços de Ferreira,Porto,"Rua da Igreja, nº13",Raimonda,4590-680,41.317451,-8.33413,alves bandeira raimonda,alves bandeira,"rua da igreja, nº13","2,040 €",2026-05-15_dgeg_postos_raw.csv,a27cc4faeb50c151
2026-05-15,2026-05-15 14:31:32,2026-05-11 12:00:00,db4b6283fd33bbc7,db4b6283fd33bbc7_gasoline_95,ALVES BANDEIRA Raimonda,ALVES BANDEIRA,gasoline_95,Gasolina simples 95,Outro,2.046,Paços de Ferreira,Porto,"Rua da Igreja, nº13",Raimonda,4590-680,41.317451,-8.33413,alves bandeira raimonda,alves bandeira,"rua da igreja, nº13","2,046 €",2026-05-15_dgeg_postos_raw.csv,b9d44301ec426e0a
2026-05-15,2026-05-15 14:31:32,2026-05-11 12:00:00,70c54a2e4b21cf4e,70c54a2e4b21cf4e_diesel_regular,ALVES BANDEIRA Romeira,ALVES BANDEIRA,diesel_regular,Gasóleo simples,Outro,2.035,Santarém,Santarém,"EN 362 Km 46,2",Romeira,2005-076,39.316476,-8.733828,alves bandeira romeira,alves bandeira,"en 362 km 46,2","2,035 €",2026-05-15_dgeg_postos_raw.csv,1d86268bf4ed3c7a
2026-05-15,2026-05-15 14:31:32,2026-05-11 12:00:00,70c54a2e4b21cf4e,70c54a2e4b21cf4e_diesel_premium,ALVES BANDEIRA Romeira,ALVES BANDEIRA,diesel_premium,Gasóleo especial,Outro,2.055,Santarém,Santarém,"EN 362 Km 46,2",Romeira,2005-076,39.316476,-8.733828,alves bandeira romeira,alves bandeira,"en 362 km 46,2","2,055 €",2026-05-15_dgeg_postos_raw.csv,396ce91690a22ea7
2026-05-15,2026-05-15 14:31:32,2026-05-11 12:00:00,70c54a2e4b21cf4e,70c54a2e4b21cf4e_gasoline_95,ALVES BANDEIRA Romeira,ALVES BANDEIRA,gasoline_95,Gasolina simples 95,Outro,2.041,Santarém,Santarém,"EN 362 Km 46,2",Romeira,2005-076,39.316476,-8.733828,alves bandeira romeira,alves bandeira,"en 362 km 46,2","2,041 €",2026-05-15_dgeg_postos_raw.csv,4e407e5af0223817
2026-05-15,2026-05-15 14:31:32,2026-05-11 12:00:00,98f144171b9c6b6c,98f144171b9c6b6c_diesel_regular,ALVES BANDEIRA Recarei,ALVES BANDEIRA,diesel_regular,Gasóleo simples,Outro,2.035,Paredes,Porto,Rua João Paulo II (EN 15-3),Lugar de Terronhas - Recarei,4585-640,41.165243,-8.433051,alves bandeira recarei,alves bandeira,rua joão paulo ii (en 15-3),"2,035 €",2026-05-15_dgeg_postos_raw.csv,1af920b5ab9357da
2026-05-15,2026-05-15 14:31:32,2026-05-11 12:00:00,98f144171b9c6b6c,98f144171b9c6b6c_diesel_premium,ALVES BANDEIRA Recarei,ALVES BANDEIRA,diesel_premium,Gasóleo especial,Outro,2.055,Paredes,Porto,Rua João Paulo II (EN 15-3),Lugar de Terronhas - Recarei,4585-640,41.165243,-8.433051,alves bandeira recarei,alves bandeira,rua joão paulo ii (en 15-3),"2,055 €",2026-05-15_dgeg_postos_raw.csv,5a682051c97c77d6
2026-05-15,2026-05-15 14:31:32,2026-05-11 12:00:00,98f144171b9c6b6c,98f144171b9c6b6c_gasoline_95,ALVES BANDEIRA Recarei,ALVES BANDEIRA,gasoline_95,Gasolina simples 95,Outro,2.041,Paredes,Porto,Rua João Paulo II (EN 15-3),Lugar de Terronhas - Recarei,4585-640,41.165243,-8.433051,alves bandeira recarei,alves bandeira,rua joão paulo ii (en 15-3),"2,041 €",2026-05-15_dgeg_postos_raw.csv,a169a1d32f03e263
2026-05-15,2026-05-15 14:31:32,2026-05-11 12:00:00,6078bd6e965fa32f,6078bd6e965fa32f_diesel_regular,ALVES BANDEIRA Ponderosa,ALVES BANDEIRA,diesel_regular,Gasóleo simples,Outro,2.075,Azambuja,Lisboa,"Estrada Nacional nº 1 km 57,3",Ponderosa,2065-047,39.220308,-8.973561,alves bandeira ponderosa,alves bandeira,"estrada nacional nº 1 km 57,3","2,075 €",2026-05-15_dgeg_postos_raw.csv,db3f170498b99146
2026-05-15,2026-05-15 14:31:32,2026-05-11 12:00:00,6078bd6e965fa32f,6078bd6e965fa32f_diesel_premium,ALVES BANDEIRA Ponderosa,ALVES BANDEIRA,diesel_premium,Gasóleo especial,Outro,2.095,Azambuja,Lisboa,"Estrada Nacional nº 1 km 57,3",Ponderosa,2065-047,39.220308,-8.973561,alves bandeira ponderosa,alves bandeira,"estrada nacional nº 1 km 57,3","2,095 €",2026-05-15_dgeg_postos_raw.csv,4b6995b8afb4ff77
2026-05-15,2026-05-15 14:31:32,2026-05-11 12:00:00,6078bd6e965fa32f,6078bd6e965fa32f_gasoline_95,ALVES BANDEIRA Ponderosa,ALVES BANDEIRA,gasoline_95,Gasolina simples 95,Outro,2.081,Azambuja,Lisboa,"Estrada Nacional nº 1 km 57,3",Ponderosa,2065-047,39.220308,-8.973561,alves bandeira ponderosa,alves bandeira,"estrada nacional nº 1 km 57,3","2,081 €",2026-05-15_dgeg_postos_raw.csv,fe9e2c53cd229c9c
2026-05-15,2026-05-15 14:31:32,2026-05-11 12:00:00,c163f1106546d9e9,c163f1106546d9e9_diesel_regular,ALVES BANDEIRA Ribeirão,ALVES BANDEIRA,diesel_regular,Gasóleo simples,Outro,2.03,Vila Nova de Famalicão,Braga,"Av. Indústria, 539",Ribeirão - Lugar de Sam,4760-725,41.34998,-8.58199,alves bandeira ribeirão,alves bandeira,"av. indústria, 539","2,030 €",2026-05-15_dgeg_postos_raw.csv,0b07148d13c973e4
2026-05-15,2026-05-15 14:31:32,2026-05-11 12:00:00,c163f1106546d9e9,c163f1106546d9e9_gasoline_95,ALVES BANDEIRA Ribeirão,ALVES BANDEIRA,gasoline_95,Gasolina simples 95,Outro,2.036,Vila Nova de Famalicão,Braga,"Av. Indústria, 539",Ribeirão - Lugar de Sam,4760-725,41.34998,-8.58199,alves bandeira ribeirão,alves bandeira,"av. indústria, 539","2,036 €",2026-05-15_dgeg_postos_raw.csv,c1f87a545d6ddb08
2026-05-15,2026-05-15 14:31:32,2026-05-11 12:05:00,171a2c1372bdf184,171a2c1372bdf184_diesel_regular,ALVES BANDEIRA Muro,ALVES BANDEIRA,diesel_regular,Gasóleo simples,Outro,2.035,Trofa,Porto,"R. José Moura Coutinho Benemérito, s/n",Muro,4745-330,41.30616,-8.58595,alves bandeira muro,alves bandeira,"r. josé moura coutinho benemérito, s/n","2,035 €",2026-05-15_dgeg_postos_raw.csv,d05d13850c922f56
2026-05-15,2026-05-15 14:31:32,2026-05-11 12:05:00,171a2c1372bdf184,171a2c1372bdf184_gasoline_95,ALVES BANDEIRA Muro,ALVES BANDEIRA,gasoline_95,Gasolina simples 95,Outro,2.041,Trofa,Porto,"R. José Moura Coutinho Benemérito, s/n",Muro,4745-330,41.30616,-8.58595,alves bandeira muro,alves bandeira,"r. josé moura coutinho benemérito, s/n","2,041 €",2026-05-15_dgeg_postos_raw.csv,cdf459e7429a4c42
2026-05-15,2026-05-15 14:31:32,2026-05-11 12:05:00,761a5f12aa711ad6,761a5f12aa711ad6_diesel_regular,ALVES BANDEIRA Óbidos,ALVES BANDEIRA,diesel_regular,Gasóleo simples,Outro,2.035,Óbidos,Leiria,"E.N. 8, km 86, Casal das Caxinas",Óbidos,2510-123,39.37015,-9.14273,alves bandeira óbidos,alves bandeira,"e.n. 8, km 86, casal das caxinas","2,035 €",2026-05-15_dgeg_postos_raw.csv,1534d31618381a5d
2026-05-15,2026-05-15 14:31:32,2026-05-11 12:05:00,761a5f12aa711ad6,761a5f12aa711ad6_gasoline_95,ALVES BANDEIRA Óbidos,ALVES BANDEIRA,gasoline_95,Gasolina simples 95,Outro,2.041,Óbidos,Leiria,"E.N. 8, km 86, Casal das Caxinas",Óbidos,2510-123,39.37015,-9.14273,alves bandeira óbidos,alves bandeira,"e.n. 8, km 86, casal das caxinas","2,041 €",2026-05-15_dgeg_postos_raw.csv,b21162e3fd1a2c73
2026-05-15,2026-05-15 14:31:32,2026-05-11 12:05:00,29847c5e323fe12d,29847c5e323fe12d_diesel_regular,ALVES BANDEIRA Alhadas,ALVES BANDEIRA,diesel_regular,Gasóleo simples,Outro,2.075,Figueira da Foz,Coimbra,Rua do Ateneu nº38,Alhadas de Baixo,3090-401,40.192828,-8.786804,alves bandeira alhadas,alves bandeira,rua do ateneu nº38,"2,075 €",2026-05-15_dgeg_postos_raw.csv,d5834ccbe95b778c
2026-05-15,2026-05-15 14:31:32,2026-05-11 12:05:00,29847c5e323fe12d,29847c5e323fe12d_diesel_premium,ALVES BANDEIRA Alhadas,ALVES BANDEIRA,diesel_premium,Gasóleo especial,Outro,2.095,Figueira da Foz,Coimbra,Rua do Ateneu nº38,Alhadas de Baixo,3090-401,40.192828,-8.786804,alves bandeira alhadas,alves bandeira,rua do ateneu nº38,"2,095 €",2026-05-15_dgeg_postos_raw.csv,202b75753deb6f53
2026-05-15,2026-05-15 14:31:32,2026-05-11 12:05:00,29847c5e323fe12d,29847c5e323fe12d_gasoline_95,ALVES BANDEIRA Alhadas,ALVES BANDEIRA,gasoline_95,Gasolina simples 95,Outro,2.081,Figueira da Foz,Coimbra,Rua do Ateneu nº38,Alhadas de Baixo,3090-401,40.192828,-8.786804,alves bandeira alhadas,alves bandeira,rua do ateneu nº38,"2,081 €",2026-05-15_dgeg_postos_raw.csv,7c8347c1fa2907ed
2026-05-15,2026-05-15 14:31:32,2026-05-11 12:05:00,01d181606605dc39,01d181606605dc39_diesel_regular,ALVES BANDEIRA Penacova,ALVES BANDEIRA,diesel_regular,Gasóleo simples,Outro,2.054,Penacova,Coimbra,Largo Dona Amélia,Penacova,3360-321,40.274047,-8.283875,alves bandeira penacova,alves bandeira,largo dona amélia,"2,054 €",2026-05-15_dgeg_postos_raw.csv,d0fc345a0c64cec0
2026-05-15,2026-05-15 14:31:32,2026-05-11 12:05:00,01d181606605dc39,01d181606605dc39_diesel_premium,ALVES BANDEIRA Penacova,ALVES BANDEIRA,diesel_premium,Gasóleo especial,Outro,2.095,Penacova,Coimbra,Largo Dona Amélia,Penacova,3360-321,40.274047,-8.283875,alves bandeira penacova,alves bandeira,largo dona amélia,"2,095 €",2026-05-15_dgeg_postos_raw.csv,f0661519c90eabda
2026-05-15,2026-05-15 14:31:32,2026-05-11 12:05:00,01d181606605dc39,01d181606605dc39_gasoline_95,ALVES BANDEIRA Penacova,ALVES BANDEIRA,gasoline_95,Gasolina simples 95,Outro,2.05,Penacova,Coimbra,Largo Dona Amélia,Penacova,3360-321,40.274047,-8.283875,alves bandeira penacova,alves bandeira,largo dona amélia,"2,050 €",2026-05-15_dgeg_postos_raw.csv,6b744384b65f31fa
2026-05-15,2026-05-15 14:31:32,2026-05-11 12:05:00,64f4ade208f70228,64f4ade208f70228_diesel_regular,ALVES BANDEIRA Alcantarilha,ALVES BANDEIRA,diesel_regular,Gasóleo simples,Outro,1.955,Silves,Faro,"Quintas do Rogel, Sudoeste Retail Park",Parque Industrial do Rogel,8365-307,37.131233,-8.359711,alves bandeira alcantarilha,alves bandeira,"quintas do rogel, sudoeste retail park","1,955 €",2026-05-15_dgeg_postos_raw.csv,a42f0c2311e0c65a
2026-05-15,2026-05-15 14:31:32,2026-05-11 12:05:00,64f4ade208f70228,64f4ade208f70228_diesel_premium,ALVES BANDEIRA Alcantarilha,ALVES BANDEIRA,diesel_premium,Gasóleo especial,Outro,1.975,Silves,Faro,"Quintas do Rogel, Sudoeste Retail Park",Parque Industrial do Rogel,8365-307,37.131233,-8.359711,alves bandeira alcantarilha,alves bandeira,"quintas do rogel, sudoeste retail park","1,975 €",2026-05-15_dgeg_postos_raw.csv,59c0b0de52541aee
2026-05-15,2026-05-15 14:31:32,2026-05-11 12:05:00,64f4ade208f70228,64f4ade208f70228_gasoline_95,ALVES BANDEIRA Alcantarilha,ALVES BANDEIRA,gasoline_95,Gasolina simples 95,Outro,1.961,Silves,Faro,"Quintas do Rogel, Sudoeste Retail Park",Parque Industrial do Rogel,8365-307,37.131233,-8.359711,alves bandeira alcantarilha,alves bandeira,"quintas do rogel, sudoeste retail park","1,961 €",2026-05-15_dgeg_postos_raw.csv,74e22dabe3ae4087
2026-05-15,2026-05-15 14:31:32,2026-05-11 12:05:00,761a5f12aa711ad6,761a5f12aa711ad6_diesel_premium,ALVES BANDEIRA Óbidos,ALVES BANDEIRA,diesel_premium,Gasóleo especial,Outro,2.095,Óbidos,Leiria,"E.N. 8, km 86, Casal das Caxinas",Óbidos,2510-123,39.37015,-9.14273,alves bandeira óbidos,alves bandeira,"e.n. 8, km 86, casal das caxinas","2,095 €",2026-05-15_dgeg_postos_raw.csv,d0750b963eab5d63
2026-05-15,2026-05-15 14:31:32,2026-05-11 12:05:00,089fd8666f80676d,089fd8666f80676d_diesel_regular,ALVES BANDEIRA Alfena,ALVES BANDEIRA,diesel_regular,Gasóleo simples,Outro,2.035,Valongo,Porto,"Rua Dom Afonso Henriques, N.º 221",Alfena,4445-085,41.234573,-8.535571,alves bandeira alfena,alves bandeira,"rua dom afonso henriques, n.º 221","2,035 €",2026-05-15_dgeg_postos_raw.csv,2ffb90cf7af8f373
2026-05-15,2026-05-15 14:31:32,2026-05-11 12:05:00,089fd8666f80676d,089fd8666f80676d_gasoline_95,ALVES BANDEIRA Alfena,ALVES BANDEIRA,gasoline_95,Gasolina simples 95,Outro,2.041,Valongo,Porto,"Rua Dom Afonso Henriques, N.º 221",Alfena,4445-085,41.234573,-8.535571,alves bandeira alfena,alves bandeira,"rua dom afonso henriques, n.º 221","2,041 €",2026-05-15_dgeg_postos_raw.csv,bcd612ed1fc4151d
2026-05-15,2026-05-15 14:31:32,2026-05-11 12:05:00,089fd8666f80676d,089fd8666f80676d_diesel_premium,ALVES BANDEIRA Alfena,ALVES BANDEIRA,diesel_premium,Gasóleo especial,Outro,2.055,Valongo,Porto,"Rua Dom Afonso Henriques, N.º 221",Alfena,4445-085,41.234573,-8.535571,alves bandeira alfena,alves bandeira,"rua dom afonso henriques, n.º 221","2,055 €",2026-05-15_dgeg_postos_raw.csv,42a8a90892a06238
2026-05-15,2026-05-15 14:31:32,2026-05-11 12:05:00,c5262a9044d88aa4,c5262a9044d88aa4_diesel_regular,E.S. SAMORA CORREIA,REPSOL,diesel_regular,Gasóleo simples,Outro,2.029,Benavente,Santarém,Estrada da Murteira,Zona Industrial,2135-000,38.9198,-8.85242,e.s. samora correia,repsol,estrada da murteira,"2,029 €",2026-05-15_dgeg_postos_raw.csv,9a6fe339895e719d
2026-05-15,2026-05-15 14:31:32,2026-05-11 12:05:00,c5262a9044d88aa4,c5262a9044d88aa4_diesel_premium,E.S. SAMORA CORREIA,REPSOL,diesel_premium,Gasóleo especial,Outro,2.089,Benavente,Santarém,Estrada da Murteira,Zona Industrial,2135-000,38.9198,-8.85242,e.s. samora correia,repsol,estrada da murteira,"2,089 €",2026-05-15_dgeg_postos_raw.csv,1829b88df481b163
2026-05-15,2026-05-15 14:31:32,2026-05-11 12:05:00,c5262a9044d88aa4,c5262a9044d88aa4_gasoline_95,E.S. SAMORA CORREIA,REPSOL,gasoline_95,Gasolina simples 95,Outro,2.027,Benavente,Santarém,Estrada da Murteira,Zona Industrial,2135-000,38.9198,-8.85242,e.s. samora correia,repsol,estrada da murteira,"2,027 €",2026-05-15_dgeg_postos_raw.csv,9e752364144969ec
2026-05-15,2026-05-15 14:31:32,2026-05-11 12:05:00,c5262a9044d88aa4,c5262a9044d88aa4_gasoline_98,E.S. SAMORA CORREIA,REPSOL,gasoline_98,Gasolina especial 98,Outro,2.217,Benavente,Santarém,Estrada da Murteira,Zona Industrial,2135-000,38.9198,-8.85242,e.s. samora correia,repsol,estrada da murteira,"2,217 €",2026-05-15_dgeg_postos_raw.csv,fc63b932a9873280
2026-05-15,2026-05-15 14:31:32,2026-05-11 12:05:00,92e68ed4f703a10f,92e68ed4f703a10f_diesel_regular,ALVES BANDEIRA Olival,ALVES BANDEIRA,diesel_regular,Gasóleo simples,Outro,2.035,Vila Nova de Gaia,Porto,"Rua Central do Olival, nº 4162",Olival,4415-727,41.053402,-8.517333,alves bandeira olival,alves bandeira,"rua central do olival, nº 4162","2,035 €",2026-05-15_dgeg_postos_raw.csv,c026d499cc5e154d
2026-05-15,2026-05-15 14:31:32,2026-05-11 12:05:00,92e68ed4f703a10f,92e68ed4f703a10f_gasoline_95,ALVES BANDEIRA Olival,ALVES BANDEIRA,gasoline_95,Gasolina simples 95,Outro,2.041,Vila Nova de Gaia,Porto,"Rua Central do Olival, nº 4162",Olival,4415-727,41.053402,-8.517333,alves bandeira olival,alves bandeira,"rua central do olival, nº 4162","2,041 €",2026-05-15_dgeg_postos_raw.csv,739ac107065da06e
2026-05-15,2026-05-15 14:31:32,2026-05-11 12:05:00,74b7c9b4a694e325,74b7c9b4a694e325_diesel_regular,ALVES BANDEIRA Alcains,ALVES BANDEIRA,diesel_regular,Gasóleo simples,Outro,2.03,Castelo Branco,Castelo Branco,"Zona Industrial de Alcains, Lote 3E.N. 18",Alcains,6005-118,39.913347,-7.472142,alves bandeira alcains,alves bandeira,"zona industrial de alcains, lote 3e.n. 18","2,030 €",2026-05-15_dgeg_postos_raw.csv,731dad75116e25aa
2026-05-15,2026-05-15 14:31:32,2026-05-11 12:05:00,74b7c9b4a694e325,74b7c9b4a694e325_diesel_premium,ALVES BANDEIRA Alcains,ALVES BANDEIRA,diesel_premium,Gasóleo especial,Outro,2.05,Castelo Branco,Castelo Branco,"Zona Industrial de Alcains, Lote 3E.N. 18",Alcains,6005-118,39.913347,-7.472142,alves bandeira alcains,alves bandeira,"zona industrial de alcains, lote 3e.n. 18","2,050 €",2026-05-15_dgeg_postos_raw.csv,1f317763d4c3809d
2026-05-15,2026-05-15 14:31:32,2026-05-11 12:05:00,74b7c9b4a694e325,74b7c9b4a694e325_gasoline_95,ALVES BANDEIRA Alcains,ALVES BANDEIRA,gasoline_95,Gasolina simples 95,Outro,2.036,Castelo Branco,Castelo Branco,"Zona Industrial de Alcains, Lote 3E.N. 18",Alcains,6005-118,39.913347,-7.472142,alves bandeira alcains,alves bandeira,"zona industrial de alcains, lote 3e.n. 18","2,036 €",2026-05-15_dgeg_postos_raw.csv,77292be8ff7a5943
2026-05-15,2026-05-15 14:31:32,2026-05-11 12:05:00,56afa3914566b14d,56afa3914566b14d_diesel_regular,ALVES BANDEIRA Passil,ALVES BANDEIRA,diesel_regular,Gasóleo simples,Outro,2.075,Alcochete,Setúbal,"E. N. 4, km 18 - Alcochete",Passil,2890-182,38.708055,-8.90257,alves bandeira passil,alves bandeira,"e. n. 4, km 18 - alcochete","2,075 €",2026-05-15_dgeg_postos_raw.csv,36cd556118d2f06e
2026-05-15,2026-05-15 14:31:32,2026-05-11 12:05:00,56afa3914566b14d,56afa3914566b14d_diesel_premium,ALVES BANDEIRA Passil,ALVES BANDEIRA,diesel_premium,Gasóleo especial,Outro,2.095,Alcochete,Setúbal,"E. N. 4, km 18 - Alcochete",Passil,2890-182,38.708055,-8.90257,alves bandeira passil,alves bandeira,"e. n. 4, km 18 - alcochete","2,095 €",2026-05-15_dgeg_postos_raw.csv,dd6b4c4ed4fdab4f
2026-05-15,2026-05-15 14:31:32,2026-05-11 12:05:00,56afa3914566b14d,56afa3914566b14d_gasoline_95,ALVES BANDEIRA Passil,ALVES BANDEIRA,gasoline_95,Gasolina simples 95,Outro,2.081,Alcochete,Setúbal,"E. N. 4, km 18 - Alcochete",Passil,2890-182,38.708055,-8.90257,alves bandeira passil,alves bandeira,"e. n. 4, km 18 - alcochete","2,081 €",2026-05-15_dgeg_postos_raw.csv,456800482f20657b
2026-05-15,2026-05-15 14:31:32,2026-05-11 12:05:00,0afbe554ddd4b095,0afbe554ddd4b095_diesel_regular,ALVES BANDEIRA Oliveira de Hospital,ALVES BANDEIRA,diesel_regular,Gasóleo simples,Outro,2.025,Oliveira do Hospital,Coimbra,Zona Industrial  Oliveira de Hospital,Oliveira do Hospital,3400-060,40.35358,-7.82528,alves bandeira oliveira de hospital,alves bandeira,zona industrial oliveira de hospital,"2,025 €",2026-05-15_dgeg_postos_raw.csv,32f0cbdd50dc43b9
2026-05-15,2026-05-15 14:31:32,2026-05-11 12:05:00,0afbe554ddd4b095,0afbe554ddd4b095_diesel_premium,ALVES BANDEIRA Oliveira de Hospital,ALVES BANDEIRA,diesel_premium,Gasóleo especial,Outro,2.045,Oliveira do Hospital,Coimbra,Zona Industrial  Oliveira de Hospital,Oliveira do Hospital,3400-060,40.35358,-7.82528,alves bandeira oliveira de hospital,alves bandeira,zona industrial oliveira de hospital,"2,045 €",2026-05-15_dgeg_postos_raw.csv,d98c57f412e9dec8
2026-05-15,2026-05-15 14:31:32,2026-05-11 12:05:00,0afbe554ddd4b095,0afbe554ddd4b095_gasoline_95,ALVES BANDEIRA Oliveira de Hospital,ALVES BANDEIRA,gasoline_95,Gasolina simples 95,Outro,2.031,Oliveira do Hospital,Coimbra,Zona Industrial  Oliveira de Hospital,Oliveira do Hospital,3400-060,40.35358,-7.82528,alves bandeira oliveira de hospital,alves bandeira,zona industrial oliveira de hospital,"2,031 €",2026-05-15_dgeg_postos_raw.csv,228254fb78a0f444
2026-05-15,2026-05-15 14:31:32,2026-05-11 12:05:00,c5068cb10b2dd096,c5068cb10b2dd096_diesel_regular,ALVES BANDEIRA Pampilhosa,ALVES BANDEIRA,diesel_regular,Gasóleo simples,Outro,2.054,Mealhada,Aveiro,Rua Santo António,Pampilhosa do Botão,3050-456,40.330099,-8.427795,alves bandeira pampilhosa,alves bandeira,rua santo antónio,"2,054 €",2026-05-15_dgeg_postos_raw.csv,e35cc67a5d4a05c1
2026-05-15,2026-05-15 14:31:32,2026-05-11 12:05:00,c5068cb10b2dd096,c5068cb10b2dd096_diesel_premium,ALVES BANDEIRA Pampilhosa,ALVES BANDEIRA,diesel_premium,Gasóleo especial,Outro,2.095,Mealhada,Aveiro,Rua Santo António,Pampilhosa do Botão,3050-456,40.330099,-8.427795,alves bandeira pampilhosa,alves bandeira,rua santo antónio,"2,095 €",2026-05-15_dgeg_postos_raw.csv,02ee0c974b126735
2026-05-15,2026-05-15 14:31:32,2026-05-11 12:05:00,c5068cb10b2dd096,c5068cb10b2dd096_gasoline_95,ALVES BANDEIRA Pampilhosa,ALVES BANDEIRA,gasoline_95,Gasolina simples 95,Outro,2.05,Mealhada,Aveiro,Rua Santo António,Pampilhosa do Botão,3050-456,40.330099,-8.427795,alves bandeira pampilhosa,alves bandeira,rua santo antónio,"2,050 €",2026-05-15_dgeg_postos_raw.csv,b1c762ad94ed1d97
2026-05-15,2026-05-15 14:31:32,2026-05-11 12:05:00,878aec017ffd775f,878aec017ffd775f_diesel_regular,ALVES BANDEIRA Pena,ALVES BANDEIRA,diesel_regular,Gasóleo simples,Outro,2.054,Cantanhede,Coimbra,EN234-1 - Pena,Portunhos,3060-522,40.30646,-8.546525,alves bandeira pena,alves bandeira,en234-1 - pena,"2,054 €",2026-05-15_dgeg_postos_raw.csv,c9b28e5bb6f9926a
2026-05-15,2026-05-15 14:31:32,2026-05-11 12:05:00,878aec017ffd775f,878aec017ffd775f_diesel_premium,ALVES BANDEIRA Pena,ALVES BANDEIRA,diesel_premium,Gasóleo especial,Outro,2.095,Cantanhede,Coimbra,EN234-1 - Pena,Portunhos,3060-522,40.30646,-8.546525,alves bandeira pena,alves bandeira,en234-1 - pena,"2,095 €",2026-05-15_dgeg_postos_raw.csv,f25d78baa9d1b5cc
2026-05-15,2026-05-15 14:31:32,2026-05-11 12:05:00,878aec017ffd775f,878aec017ffd775f_gasoline_95,ALVES BANDEIRA Pena,ALVES BANDEIRA,gasoline_95,Gasolina simples 95,Outro,2.05,Cantanhede,Coimbra,EN234-1 - Pena,Portunhos,3060-522,40.30646,-8.546525,alves bandeira pena,alves bandeira,en234-1 - pena,"2,050 €",2026-05-15_dgeg_postos_raw.csv,df1c06352346a24c
2026-05-15,2026-05-15 14:31:32,2026-05-11 12:05:00,4921173e3139dd38,4921173e3139dd38_diesel_regular,ALVES BANDEIRA Oliveira do Bairro,ALVES BANDEIRA,diesel_regular,Gasóleo simples,Outro,2.025,Oliveira do Bairro,Aveiro,Estrada Municipal 596,Vila Verde,3770-305,40.509633,-8.526739,alves bandeira oliveira do bairro,alves bandeira,estrada municipal 596,"2,025 €",2026-05-15_dgeg_postos_raw.csv,bd82d683e518de2f
2026-05-15,2026-05-15 14:31:32,2026-05-11 12:05:00,4921173e3139dd38,4921173e3139dd38_diesel_premium,ALVES BANDEIRA Oliveira do Bairro,ALVES BANDEIRA,diesel_premium,Gasóleo especial,Outro,2.045,Oliveira do Bairro,Aveiro,Estrada Municipal 596,Vila Verde,3770-305,40.509633,-8.526739,alves bandeira oliveira do bairro,alves bandeira,estrada municipal 596,"2,045 €",2026-05-15_dgeg_postos_raw.csv,ef46a714bef5d603
2026-05-15,2026-05-15 14:31:32,2026-05-11 12:05:00,4921173e3139dd38,4921173e3139dd38_gasoline_95,ALVES BANDEIRA Oliveira do Bairro,ALVES BANDEIRA,gasoline_95,Gasolina simples 95,Outro,2.031,Oliveira do Bairro,Aveiro,Estrada Municipal 596,Vila Verde,3770-305,40.509633,-8.526739,alves bandeira oliveira do bairro,alves bandeira,estrada municipal 596,"2,031 €",2026-05-15_dgeg_postos_raw.csv,bfe5842e5b9b4ee5
2026-05-15,2026-05-15 14:31:32,2026-05-11 12:05:00,cccf8d277b8d9921,cccf8d277b8d9921_diesel_regular,ALVES BANDEIRA Palhaça,ALVES BANDEIRA,diesel_regular,Gasóleo simples,Outro,2.035,Oliveira do Bairro,Aveiro,Rua do Roque nº 2,Palhaça,3770-355,40.527253,-8.59986,alves bandeira palhaça,alves bandeira,rua do roque nº 2,"2,035 €",2026-05-15_dgeg_postos_raw.csv,fe1b4c86b42ce174
2026-05-15,2026-05-15 14:31:32,2026-05-11 12:05:00,cccf8d277b8d9921,cccf8d277b8d9921_diesel_premium,ALVES BANDEIRA Palhaça,ALVES BANDEIRA,diesel_premium,Gasóleo especial,Outro,2.055,Oliveira do Bairro,Aveiro,Rua do Roque nº 2,Palhaça,3770-355,40.527253,-8.59986,alves bandeira palhaça,alves bandeira,rua do roque nº 2,"2,055 €",2026-05-15_dgeg_postos_raw.csv,047938ab861cec7b
2026-05-15,2026-05-15 14:31:32,2026-05-11 12:05:00,cccf8d277b8d9921,cccf8d277b8d9921_gasoline_95,ALVES BANDEIRA Palhaça,ALVES BANDEIRA,gasoline_95,Gasolina simples 95,Outro,2.041,Oliveira do Bairro,Aveiro,Rua do Roque nº 2,Palhaça,3770-355,40.527253,-8.59986,alves bandeira palhaça,alves bandeira,rua do roque nº 2,"2,041 €",2026-05-15_dgeg_postos_raw.csv,3d21355f54c1b10d
2026-05-15,2026-05-15 14:31:32,2026-05-11 12:10:00,8635ea7c93032c70,8635ea7c93032c70_diesel_regular,ALVES BANDEIRA Montemor-o-Velho B,ALVES BANDEIRA,diesel_regular,Gasóleo simples,Outro,2.035,Montemor-o-Velho,Coimbra,ESTRADA NACIONAL 111,Montemor-o-Velho,3140-274,40.18119,-8.67621,alves bandeira montemor-o-velho b,alves bandeira,estrada nacional 111,"2,035 €",2026-05-15_dgeg_postos_raw.csv,04b42e303355ae5f
2026-05-15,2026-05-15 14:31:32,2026-05-11 12:10:00,8635ea7c93032c70,8635ea7c93032c70_diesel_premium,ALVES BANDEIRA Montemor-o-Velho B,ALVES BANDEIRA,diesel_premium,Gasóleo especial,Outro,2.055,Montemor-o-Velho,Coimbra,ESTRADA NACIONAL 111,Montemor-o-Velho,3140-274,40.18119,-8.67621,alves bandeira montemor-o-velho b,alves bandeira,estrada nacional 111,"2,055 €",2026-05-15_dgeg_postos_raw.csv,510be0af9467ee83
2026-05-15,2026-05-15 14:31:32,2026-05-11 12:10:00,8635ea7c93032c70,8635ea7c93032c70_gasoline_95,ALVES BANDEIRA Montemor-o-Velho B,ALVES BANDEIRA,gasoline_95,Gasolina simples 95,Outro,2.041,Montemor-o-Velho,Coimbra,ESTRADA NACIONAL 111,Montemor-o-Velho,3140-274,40.18119,-8.67621,alves bandeira montemor-o-velho b,alves bandeira,estrada nacional 111,"2,041 €",2026-05-15_dgeg_postos_raw.csv,cdc20ef0f784c1ea
2026-05-15,2026-05-15 14:31:32,2026-05-11 12:10:00,016af6fac3c0d725,016af6fac3c0d725_diesel_regular,ALVES BANDEIRA Anadia,ALVES BANDEIRA,diesel_regular,Gasóleo simples,Outro,2.069,Anadia,Aveiro,Rua Dr. Rodrigues Lapa,Anadia,3780-203,40.436054,-8.442171,alves bandeira anadia,alves bandeira,rua dr. rodrigues lapa,"2,069 €",2026-05-15_dgeg_postos_raw.csv,8ec1f883a2c9548b
2026-05-15,2026-05-15 14:31:32,2026-05-11 12:10:00,016af6fac3c0d725,016af6fac3c0d725_diesel_premium,ALVES BANDEIRA Anadia,ALVES BANDEIRA,diesel_premium,Gasóleo especial,Outro,2.095,Anadia,Aveiro,Rua Dr. Rodrigues Lapa,Anadia,3780-203,40.436054,-8.442171,alves bandeira anadia,alves bandeira,rua dr. rodrigues lapa,"2,095 €",2026-05-15_dgeg_postos_raw.csv,aa90dae78ba5b77c
2026-05-15,2026-05-15 14:31:32,2026-05-11 12:10:00,016af6fac3c0d725,016af6fac3c0d725_gasoline_95,ALVES BANDEIRA Anadia,ALVES BANDEIRA,gasoline_95,Gasolina simples 95,Outro,2.06,Anadia,Aveiro,Rua Dr. Rodrigues Lapa,Anadia,3780-203,40.436054,-8.442171,alves bandeira anadia,alves bandeira,rua dr. rodrigues lapa,"2,060 €",2026-05-15_dgeg_postos_raw.csv,3e397464edad3004
2026-05-15,2026-05-15 14:31:32,2026-05-11 12:10:00,e9eeef470fdf440c,e9eeef470fdf440c_diesel_regular,ALVES BANDEIRA Amoreira da Gândara,ALVES BANDEIRA,diesel_regular,Gasóleo simples,Outro,2.075,Anadia,Aveiro,"Rua António Joaquim Rodrigues, n.76",Amoreira da Gândara,3780-011,40.474735,-8.530867,alves bandeira amoreira da gândara,alves bandeira,"rua antónio joaquim rodrigues, n.76","2,075 €",2026-05-15_dgeg_postos_raw.csv,465ec2d6af67b068
2026-05-15,2026-05-15 14:31:32,2026-05-11 12:10:00,e9eeef470fdf440c,e9eeef470fdf440c_diesel_premium,ALVES BANDEIRA Amoreira da Gândara,ALVES BANDEIRA,diesel_premium,Gasóleo especial,Outro,2.095,Anadia,Aveiro,"Rua António Joaquim Rodrigues, n.76",Amoreira da Gândara,3780-011,40.474735,-8.530867,alves bandeira amoreira da gândara,alves bandeira,"rua antónio joaquim rodrigues, n.76","2,095 €",2026-05-15_dgeg_postos_raw.csv,b882991cb3f8d31a
2026-05-15,2026-05-15 14:31:32,2026-05-11 12:10:00,e9eeef470fdf440c,e9eeef470fdf440c_gasoline_95,ALVES BANDEIRA Amoreira da Gândara,ALVES BANDEIRA,gasoline_95,Gasolina simples 95,Outro,2.081,Anadia,Aveiro,"Rua António Joaquim Rodrigues, n.76",Amoreira da Gândara,3780-011,40.474735,-8.530867,alves bandeira amoreira da gândara,alves bandeira,"rua antónio joaquim rodrigues, n.76","2,081 €",2026-05-15_dgeg_postos_raw.csv,1f70444468bd8e33
2026-05-15,2026-05-15 14:31:32,2026-05-11 12:10:00,6b64da3846c10c9f,6b64da3846c10c9f_diesel_regular,ALVES BANDEIRA Alter do Chão,ALVES BANDEIRA,diesel_regular,Gasóleo simples,Outro,2.015,Alter do Chão,Portalegre,Estrada Nacional 369,Alter do Chão,7440-162,39.19553,-7.662051,alves bandeira alter do chão,alves bandeira,estrada nacional 369,"2,015 €",2026-05-15_dgeg_postos_raw.csv,8955d8714daef904
2026-05-15,2026-05-15 14:31:32,2026-05-11 12:10:00,6b64da3846c10c9f,6b64da3846c10c9f_diesel_premium,ALVES BANDEIRA Alter do Chão,ALVES BANDEIRA,diesel_premium,Gasóleo especial,Outro,2.035,Alter do Chão,Portalegre,Estrada Nacional 369,Alter do Chão,7440-162,39.19553,-7.662051,alves bandeira alter do chão,alves bandeira,estrada nacional 369,"2,035 €",2026-05-15_dgeg_postos_raw.csv,195cf96a9a3835b1
2026-05-15,2026-05-15 14:31:32,2026-05-11 12:10:00,6b64da3846c10c9f,6b64da3846c10c9f_gasoline_95,ALVES BANDEIRA Alter do Chão,ALVES BANDEIRA,gasoline_95,Gasolina simples 95,Outro,2.036,Alter do Chão,Portalegre,Estrada Nacional 369,Alter do Chão,7440-162,39.19553,-7.662051,alves bandeira alter do chão,alves bandeira,estrada nacional 369,"2,036 €",2026-05-15_dgeg_postos_raw.csv,a7cfb6d09e61479c
2026-05-15,2026-05-15 14:31:32,2026-05-11 12:10:00,efd348bb81d29ca0,efd348bb81d29ca0_diesel_regular,ALVES BANDEIRA Alvega,ALVES BANDEIRA,diesel_regular,Gasóleo simples,Outro,2.074,Ourém,Santarém,Estrada Municipal de Alvega - Ourém,S.Sebastião,2490-093,39.642859,-8.618712,alves bandeira alvega,alves bandeira,estrada municipal de alvega - ourém,"2,074 €",2026-05-15_dgeg_postos_raw.csv,abd148e534f3fb7f
2026-05-15,2026-05-15 14:31:32,2026-05-11 12:10:00,efd348bb81d29ca0,efd348bb81d29ca0_diesel_premium,ALVES BANDEIRA Alvega,ALVES BANDEIRA,diesel_premium,Gasóleo especial,Outro,2.095,Ourém,Santarém,Estrada Municipal de Alvega - Ourém,S.Sebastião,2490-093,39.642859,-8.618712,alves bandeira alvega,alves bandeira,estrada municipal de alvega - ourém,"2,095 €",2026-05-15_dgeg_postos_raw.csv,a3f471ad0f4634cb
2026-05-15,2026-05-15 14:31:32,2026-05-11 12:10:00,efd348bb81d29ca0,efd348bb81d29ca0_gasoline_95,ALVES BANDEIRA Alvega,ALVES BANDEIRA,gasoline_95,Gasolina simples 95,Outro,2.07,Ourém,Santarém,Estrada Municipal de Alvega - Ourém,S.Sebastião,2490-093,39.642859,-8.618712,alves bandeira alvega,alves bandeira,estrada municipal de alvega - ourém,"2,070 €",2026-05-15_dgeg_postos_raw.csv,f130319e048886ea
2026-05-15,2026-05-15 14:31:32,2026-05-11 12:10:00,482b98e77d2c86da,482b98e77d2c86da_diesel_regular,ALVES BANDEIRA Arrouquelas,ALVES BANDEIRA,diesel_regular,Gasóleo simples,Outro,2.035,Rio Maior,Santarém,"Rua Principal, S/N",Arrouquelas,2040-031,39.25912,-8.90054,alves bandeira arrouquelas,alves bandeira,"rua principal, s/n","2,035 €",2026-05-15_dgeg_postos_raw.csv,f6b296e397b5b87f
2026-05-15,2026-05-15 14:31:32,2026-05-11 12:10:00,482b98e77d2c86da,482b98e77d2c86da_diesel_premium,ALVES BANDEIRA Arrouquelas,ALVES BANDEIRA,diesel_premium,Gasóleo especial,Outro,2.055,Rio Maior,Santarém,"Rua Principal, S/N",Arrouquelas,2040-031,39.25912,-8.90054,alves bandeira arrouquelas,alves bandeira,"rua principal, s/n","2,055 €",2026-05-15_dgeg_postos_raw.csv,81842474fbce708b
2026-05-15,2026-05-15 14:31:32,2026-05-11 12:10:00,482b98e77d2c86da,482b98e77d2c86da_gasoline_95,ALVES BANDEIRA Arrouquelas,ALVES BANDEIRA,gasoline_95,Gasolina simples 95,Outro,2.041,Rio Maior,Santarém,"Rua Principal, S/N",Arrouquelas,2040-031,39.25912,-8.90054,alves bandeira arrouquelas,alves bandeira,"rua principal, s/n","2,041 €",2026-05-15_dgeg_postos_raw.csv,9bb6b48b028c1778
2026-05-15,2026-05-15 14:31:32,2026-05-11 12:10:00,deeb6f6aa5d7ca60,deeb6f6aa5d7ca60_diesel_regular,ALVES BANDEIRA Alhandra A,ALVES BANDEIRA,diesel_regular,Gasóleo simples,Outro,2.075,Vila Franca de Xira,Lisboa,EN 10,Alhandra,2600-464,38.927485,-9.010969,alves bandeira alhandra a,alves bandeira,en 10,"2,075 €",2026-05-15_dgeg_postos_raw.csv,5bf683df9f61b7da
2026-05-15,2026-05-15 14:31:32,2026-05-11 12:10:00,deeb6f6aa5d7ca60,deeb6f6aa5d7ca60_diesel_premium,ALVES BANDEIRA Alhandra A,ALVES BANDEIRA,diesel_premium,Gasóleo especial,Outro,2.095,Vila Franca de Xira,Lisboa,EN 10,Alhandra,2600-464,38.927485,-9.010969,alves bandeira alhandra a,alves bandeira,en 10,"2,095 €",2026-05-15_dgeg_postos_raw.csv,f3e2f618bc96c6aa
2026-05-15,2026-05-15 14:31:32,2026-05-11 12:10:00,deeb6f6aa5d7ca60,deeb6f6aa5d7ca60_gasoline_95,ALVES BANDEIRA Alhandra A,ALVES BANDEIRA,gasoline_95,Gasolina simples 95,Outro,2.081,Vila Franca de Xira,Lisboa,EN 10,Alhandra,2600-464,38.927485,-9.010969,alves bandeira alhandra a,alves bandeira,en 10,"2,081 €",2026-05-15_dgeg_postos_raw.csv,5b2ffee3ecab3322
2026-05-15,2026-05-15 14:31:32,2026-05-11 12:10:00,b2097d7a34f2edf0,b2097d7a34f2edf0_diesel_regular,ALVES BANDEIRA Maceda,ALVES BANDEIRA,diesel_regular,Gasóleo simples,Outro,2.035,Ovar,Aveiro,RUA DE S.PEDRO - LUGAR DE ESTRADA,Maceda,3885-769,40.929297,-8.616342,alves bandeira maceda,alves bandeira,rua de s.pedro - lugar de estrada,"2,035 €",2026-05-15_dgeg_postos_raw.csv,d920d7c45684910d
2026-05-15,2026-05-15 14:31:32,2026-05-11 12:10:00,b2097d7a34f2edf0,b2097d7a34f2edf0_diesel_premium,ALVES BANDEIRA Maceda,ALVES BANDEIRA,diesel_premium,Gasóleo especial,Outro,2.055,Ovar,Aveiro,RUA DE S.PEDRO - LUGAR DE ESTRADA,Maceda,3885-769,40.929297,-8.616342,alves bandeira maceda,alves bandeira,rua de s.pedro - lugar de estrada,"2,055 €",2026-05-15_dgeg_postos_raw.csv,031d5aa95e8bbd63
2026-05-15,2026-05-15 14:31:32,2026-05-11 12:10:00,b2097d7a34f2edf0,b2097d7a34f2edf0_gasoline_95,ALVES BANDEIRA Maceda,ALVES BANDEIRA,gasoline_95,Gasolina simples 95,Outro,2.041,Ovar,Aveiro,RUA DE S.PEDRO - LUGAR DE ESTRADA,Maceda,3885-769,40.929297,-8.616342,alves bandeira maceda,alves bandeira,rua de s.pedro - lugar de estrada,"2,041 €",2026-05-15_dgeg_postos_raw.csv,07b5de7110b0237b
2026-05-15,2026-05-15 14:31:32,2026-05-11 12:10:00,5feaeb85a838657e,5feaeb85a838657e_diesel_regular,ALVES BANDEIRA Alhandra B,ALVES BANDEIRA,diesel_regular,Gasóleo simples,Outro,2.075,Vila Franca de Xira,Lisboa,ESTRADA NACIONAL 10,Alhandra,2600-464,38.927257,-9.010797,alves bandeira alhandra b,alves bandeira,estrada nacional 10,"2,075 €",2026-05-15_dgeg_postos_raw.csv,3288f06d8f2c0e6e
2026-05-15,2026-05-15 14:31:32,2026-05-11 12:10:00,5feaeb85a838657e,5feaeb85a838657e_diesel_premium,ALVES BANDEIRA Alhandra B,ALVES BANDEIRA,diesel_premium,Gasóleo especial,Outro,2.095,Vila Franca de Xira,Lisboa,ESTRADA NACIONAL 10,Alhandra,2600-464,38.927257,-9.010797,alves bandeira alhandra b,alves bandeira,estrada nacional 10,"2,095 €",2026-05-15_dgeg_postos_raw.csv,27bfb28328cce557
2026-05-15,2026-05-15 14:31:32,2026-05-11 12:10:00,5feaeb85a838657e,5feaeb85a838657e_gasoline_95,ALVES BANDEIRA Alhandra B,ALVES BANDEIRA,gasoline_95,Gasolina simples 95,Outro,2.081,Vila Franca de Xira,Lisboa,ESTRADA NACIONAL 10,Alhandra,2600-464,38.927257,-9.010797,alves bandeira alhandra b,alves bandeira,estrada nacional 10,"2,081 €",2026-05-15_dgeg_postos_raw.csv,121d7cb487835508
2026-05-15,2026-05-15 14:31:32,2026-05-11 12:10:00,21743d14200a3d98,21743d14200a3d98_diesel_regular,ALVES BANDEIRA Arazede,ALVES BANDEIRA,diesel_regular,Gasóleo simples,Outro,2.054,Montemor-o-Velho,Coimbra,R. da Academia - Arazede,Arazede,3140-022,40.28086,-8.65274,alves bandeira arazede,alves bandeira,r. da academia - arazede,"2,054 €",2026-05-15_dgeg_postos_raw.csv,7eebeef881010a8c
2026-05-15,2026-05-15 14:31:32,2026-05-11 12:10:00,21743d14200a3d98,21743d14200a3d98_diesel_premium,ALVES BANDEIRA Arazede,ALVES BANDEIRA,diesel_premium,Gasóleo especial,Outro,2.095,Montemor-o-Velho,Coimbra,R. da Academia - Arazede,Arazede,3140-022,40.28086,-8.65274,alves bandeira arazede,alves bandeira,r. da academia - arazede,"2,095 €",2026-05-15_dgeg_postos_raw.csv,9bc5fbd13a2c0316
2026-05-15,2026-05-15 14:31:32,2026-05-11 12:10:00,21743d14200a3d98,21743d14200a3d98_gasoline_95,ALVES BANDEIRA Arazede,ALVES BANDEIRA,gasoline_95,Gasolina simples 95,Outro,2.05,Montemor-o-Velho,Coimbra,R. da Academia - Arazede,Arazede,3140-022,40.28086,-8.65274,alves bandeira arazede,alves bandeira,r. da academia - arazede,"2,050 €",2026-05-15_dgeg_postos_raw.csv,0d4e5bc28972aa0d
2026-05-15,2026-05-15 14:31:32,2026-05-11 12:10:00,677129a549b9963e,677129a549b9963e_diesel_regular,ALVES BANDEIRA Montemor-o-Velho A,ALVES BANDEIRA,diesel_regular,Gasóleo simples,Outro,2.035,Montemor-o-Velho,Coimbra,EN111,Montemor-o-Velho,3140-274,40.18091,-8.676023,alves bandeira montemor-o-velho a,alves bandeira,en111,"2,035 €",2026-05-15_dgeg_postos_raw.csv,b513d6bdb985ef5a
2026-05-15,2026-05-15 14:31:32,2026-05-11 12:10:00,677129a549b9963e,677129a549b9963e_diesel_premium,ALVES BANDEIRA Montemor-o-Velho A,ALVES BANDEIRA,diesel_premium,Gasóleo especial,Outro,2.055,Montemor-o-Velho,Coimbra,EN111,Montemor-o-Velho,3140-274,40.18091,-8.676023,alves bandeira montemor-o-velho a,alves bandeira,en111,"2,055 €",2026-05-15_dgeg_postos_raw.csv,35d3abf37d111d23
2026-05-15,2026-05-15 14:31:32,2026-05-11 12:10:00,677129a549b9963e,677129a549b9963e_gasoline_95,ALVES BANDEIRA Montemor-o-Velho A,ALVES BANDEIRA,gasoline_95,Gasolina simples 95,Outro,2.041,Montemor-o-Velho,Coimbra,EN111,Montemor-o-Velho,3140-274,40.18091,-8.676023,alves bandeira montemor-o-velho a,alves bandeira,en111,"2,041 €",2026-05-15_dgeg_postos_raw.csv,d4e9bfabdf0ddb94
2026-05-15,2026-05-15 14:31:32,2026-05-11 12:10:00,2acd14342b34be82,2acd14342b34be82_diesel_regular,ALVES BANDEIRA Lourosa A (Sul-Norte),ALVES BANDEIRA,diesel_regular,Gasóleo simples,Outro,2.03,Santa Maria da Feira,Aveiro,"E.N. 1 - AV. PRINCIPAL, Nº 110",Lourosa,4535-090,40.998318,-8.540978,alves bandeira lourosa a (sul-norte),alves bandeira,"e.n. 1 - av. principal, nº 110","2,030 €",2026-05-15_dgeg_postos_raw.csv,98a2a67644cac8e8
2026-05-15,2026-05-15 14:31:32,2026-05-11 12:10:00,2acd14342b34be82,2acd14342b34be82_gasoline_95,ALVES BANDEIRA Lourosa A (Sul-Norte),ALVES BANDEIRA,gasoline_95,Gasolina simples 95,Outro,2.036,Santa Maria da Feira,Aveiro,"E.N. 1 - AV. PRINCIPAL, Nº 110",Lourosa,4535-090,40.998318,-8.540978,alves bandeira lourosa a (sul-norte),alves bandeira,"e.n. 1 - av. principal, nº 110","2,036 €",2026-05-15_dgeg_postos_raw.csv,8bef62ce7490e3d2
2026-05-15,2026-05-15 14:31:32,2026-05-11 12:10:00,37f649e2b43ebdda,37f649e2b43ebdda_diesel_regular,ALVES BANDEIRA Lourosa B (Norte-Sul),ALVES BANDEIRA,diesel_regular,Gasóleo simples,Outro,2.03,Santa Maria da Feira,Aveiro,"E.N. 1 - AV. PRINCIPAL, Nº 110",Lourosa,4535-090,40.99839,-8.540699,alves bandeira lourosa b (norte-sul),alves bandeira,"e.n. 1 - av. principal, nº 110","2,030 €",2026-05-15_dgeg_postos_raw.csv,307c60bf4266de46
2026-05-15,2026-05-15 14:31:32,2026-05-11 12:10:00,37f649e2b43ebdda,37f649e2b43ebdda_gasoline_95,ALVES BANDEIRA Lourosa B (Norte-Sul),ALVES BANDEIRA,gasoline_95,Gasolina simples 95,Outro,2.036,Santa Maria da Feira,Aveiro,"E.N. 1 - AV. PRINCIPAL, Nº 110",Lourosa,4535-090,40.99839,-8.540699,alves bandeira lourosa b (norte-sul),alves bandeira,"e.n. 1 - av. principal, nº 110","2,036 €",2026-05-15_dgeg_postos_raw.csv,5422d8fc98ada105
2026-05-15,2026-05-15 14:31:32,2026-05-11 12:10:00,2acd14342b34be82,2acd14342b34be82_diesel_premium,ALVES BANDEIRA Lourosa A (Sul-Norte),ALVES BANDEIRA,diesel_premium,Gasóleo especial,Outro,2.05,Santa Maria da Feira,Aveiro,"E.N. 1 - AV. PRINCIPAL, Nº 110",Lourosa,4535-090,40.998318,-8.540978,alves bandeira lourosa a (sul-norte),alves bandeira,"e.n. 1 - av. principal, nº 110","2,050 €",2026-05-15_dgeg_postos_raw.csv,4115b134d656f7fa
2026-05-15,2026-05-15 14:31:32,2026-05-11 12:10:00,dec0ee4d098e0f24,dec0ee4d098e0f24_diesel_regular,ALVES BANDEIRA Mitrena (Setúbal),ALVES BANDEIRA,diesel_regular,Gasóleo simples,Outro,2.015,Setúbal,Setúbal,"Av. do Rio Douro, Lote 26 - Parque Industrial Sapec Bay",Mitrena,2910-567,38.49543,-8.827963,alves bandeira mitrena (setúbal),alves bandeira,"av. do rio douro, lote 26 - parque industrial sapec bay","2,015 €",2026-05-15_dgeg_postos_raw.csv,d7e8269978f9710b
2026-05-15,2026-05-15 14:31:32,2026-05-11 12:10:00,dec0ee4d098e0f24,dec0ee4d098e0f24_gasoline_95,ALVES BANDEIRA Mitrena (Setúbal),ALVES BANDEIRA,gasoline_95,Gasolina simples 95,Outro,2.021,Setúbal,Setúbal,"Av. do Rio Douro, Lote 26 - Parque Industrial Sapec Bay",Mitrena,2910-567,38.49543,-8.827963,alves bandeira mitrena (setúbal),alves bandeira,"av. do rio douro, lote 26 - parque industrial sapec bay","2,021 €",2026-05-15_dgeg_postos_raw.csv,8c51be68eb4c2546
2026-05-15,2026-05-15 14:31:32,2026-05-11 12:10:00,11243ee36451c743,11243ee36451c743_diesel_regular,ALVES BANDEIRA Maia,ALVES BANDEIRA,diesel_regular,Gasóleo simples,Outro,2.035,Maia,Porto,"Rua Engenheiro Frederico Ulrich, n.º 2150 - Moreira",Maia,4470-605,41.259392,-8.637973,alves bandeira maia,alves bandeira,"rua engenheiro frederico ulrich, n.º 2150 - moreira","2,035 €",2026-05-15_dgeg_postos_raw.csv,2e5702d0f5e4ba3a
2026-05-15,2026-05-15 14:31:32,2026-05-11 12:10:00,11243ee36451c743,11243ee36451c743_gasoline_95,ALVES BANDEIRA Maia,ALVES BANDEIRA,gasoline_95,Gasolina simples 95,Outro,2.041,Maia,Porto,"Rua Engenheiro Frederico Ulrich, n.º 2150 - Moreira",Maia,4470-605,41.259392,-8.637973,alves bandeira maia,alves bandeira,"rua engenheiro frederico ulrich, n.º 2150 - moreira","2,041 €",2026-05-15_dgeg_postos_raw.csv,970097afc2d55200
2026-05-15,2026-05-15 14:31:32,2026-05-11 12:10:00,11243ee36451c743,11243ee36451c743_diesel_premium,ALVES BANDEIRA Maia,ALVES BANDEIRA,diesel_premium,Gasóleo especial,Outro,2.055,Maia,Porto,"Rua Engenheiro Frederico Ulrich, n.º 2150 - Moreira",Maia,4470-605,41.259392,-8.637973,alves bandeira maia,alves bandeira,"rua engenheiro frederico ulrich, n.º 2150 - moreira","2,055 €",2026-05-15_dgeg_postos_raw.csv,b39d39e76ddb281f
2026-05-15,2026-05-15 14:31:32,2026-05-11 12:10:00,44efaed02878b329,44efaed02878b329_diesel_regular,ALVES BANDEIRA Montemor-o-Novo,ALVES BANDEIRA,diesel_regular,Gasóleo simples,Outro,2.075,Montemor-o-Novo,Évora,"Quinta de São Pedro, Rosenta, Nossa Senhora do Bispo",Montemor-O-Novo,7050-346,38.64908,-8.262158,alves bandeira montemor-o-novo,alves bandeira,"quinta de são pedro, rosenta, nossa senhora do bispo","2,075 €",2026-05-15_dgeg_postos_raw.csv,1de454eb551c3f30
2026-05-15,2026-05-15 14:31:32,2026-05-11 12:10:00,44efaed02878b329,44efaed02878b329_diesel_premium,ALVES BANDEIRA Montemor-o-Novo,ALVES BANDEIRA,diesel_premium,Gasóleo especial,Outro,2.095,Montemor-o-Novo,Évora,"Quinta de São Pedro, Rosenta, Nossa Senhora do Bispo",Montemor-O-Novo,7050-346,38.64908,-8.262158,alves bandeira montemor-o-novo,alves bandeira,"quinta de são pedro, rosenta, nossa senhora do bispo","2,095 €",2026-05-15_dgeg_postos_raw.csv,f08790783378d040
2026-05-15,2026-05-15 14:31:32,2026-05-11 12:10:00,7e71ddbd9ce4e4d8,7e71ddbd9ce4e4d8_diesel_regular,ALVES BANDEIRA Leiria,ALVES BANDEIRA,diesel_regular,Gasóleo simples,Outro,2.035,Leiria,Leiria,"Rua da Escola Nº 245 - Aguadinha - Marinheiros, Marrazes",Leiria,2415-449,39.758722,-8.791704,alves bandeira leiria,alves bandeira,"rua da escola nº 245 - aguadinha - marinheiros, marrazes","2,035 €",2026-05-15_dgeg_postos_raw.csv,c01bc2e1dac6a5bb
2026-05-15,2026-05-15 14:31:32,2026-05-11 12:10:00,7e71ddbd9ce4e4d8,7e71ddbd9ce4e4d8_diesel_premium,ALVES BANDEIRA Leiria,ALVES BANDEIRA,diesel_premium,Gasóleo especial,Outro,2.055,Leiria,Leiria,"Rua da Escola Nº 245 - Aguadinha - Marinheiros, Marrazes",Leiria,2415-449,39.758722,-8.791704,alves bandeira leiria,alves bandeira,"rua da escola nº 245 - aguadinha - marinheiros, marrazes","2,055 €",2026-05-15_dgeg_postos_raw.csv,d82366f1101a9470
2026-05-15,2026-05-15 14:31:32,2026-05-11 12:10:00,7e71ddbd9ce4e4d8,7e71ddbd9ce4e4d8_gasoline_95,ALVES BANDEIRA Leiria,ALVES BANDEIRA,gasoline_95,Gasolina simples 95,Outro,2.041,Leiria,Leiria,"Rua da Escola Nº 245 - Aguadinha - Marinheiros, Marrazes",Leiria,2415-449,39.758722,-8.791704,alves bandeira leiria,alves bandeira,"rua da escola nº 245 - aguadinha - marinheiros, marrazes","2,041 €",2026-05-15_dgeg_postos_raw.csv,a8738efe249e4ada
2026-05-15,2026-05-15 14:31:32,2026-05-11 12:10:00,955df69db6a7db2c,955df69db6a7db2c_diesel_regular,ALVES BANDEIRA Almeirim,ALVES BANDEIRA,diesel_regular,Gasóleo simples,Outro,2.015,Almeirim,Santarém,"Zona Industrial de Almeirim, Rua D - Lote 19",Almeirim,2080-221,39.194502,-8.624692,alves bandeira almeirim,alves bandeira,"zona industrial de almeirim, rua d - lote 19","2,015 €",2026-05-15_dgeg_postos_raw.csv,6bb62f853ce65ff2
2026-05-15,2026-05-15 14:31:32,2026-05-11 12:10:00,955df69db6a7db2c,955df69db6a7db2c_gasoline_95,ALVES BANDEIRA Almeirim,ALVES BANDEIRA,gasoline_95,Gasolina simples 95,Outro,2.021,Almeirim,Santarém,"Zona Industrial de Almeirim, Rua D - Lote 19",Almeirim,2080-221,39.194502,-8.624692,alves bandeira almeirim,alves bandeira,"zona industrial de almeirim, rua d - lote 19","2,021 €",2026-05-15_dgeg_postos_raw.csv,16ff27282556dab1
2026-05-15,2026-05-15 14:31:32,2026-05-11 12:10:00,b3c5bb4b5e112cea,b3c5bb4b5e112cea_diesel_premium,ALVES BANDEIRA Macedo de Cavaleiros,ALVES BANDEIRA,diesel_premium,Gasóleo especial,Outro,2.095,Macedo de Cavaleiros,Bragança,"EN 102 Km 3,85",Lugar da Ribeirinha,5340-292,41.551348,-6.952464,alves bandeira macedo de cavaleiros,alves bandeira,"en 102 km 3,85","2,095 €",2026-05-15_dgeg_postos_raw.csv,c3bba6702aaea18e
2026-05-15,2026-05-15 14:31:32,2026-05-11 12:10:00,b3c5bb4b5e112cea,b3c5bb4b5e112cea_diesel_regular,ALVES BANDEIRA Macedo de Cavaleiros,ALVES BANDEIRA,diesel_regular,Gasóleo simples,Outro,2.075,Macedo de Cavaleiros,Bragança,"EN 102 Km 3,85",Lugar da Ribeirinha,5340-292,41.551348,-6.952464,alves bandeira macedo de cavaleiros,alves bandeira,"en 102 km 3,85","2,075 €",2026-05-15_dgeg_postos_raw.csv,dfe3258a49c9d284
2026-05-15,2026-05-15 14:31:32,2026-05-11 12:10:00,b3c5bb4b5e112cea,b3c5bb4b5e112cea_gasoline_95,ALVES BANDEIRA Macedo de Cavaleiros,ALVES BANDEIRA,gasoline_95,Gasolina simples 95,Outro,2.081,Macedo de Cavaleiros,Bragança,"EN 102 Km 3,85",Lugar da Ribeirinha,5340-292,41.551348,-6.952464,alves bandeira macedo de cavaleiros,alves bandeira,"en 102 km 3,85","2,081 €",2026-05-15_dgeg_postos_raw.csv,2dccc8616a87db7b
2026-05-15,2026-05-15 14:31:32,2026-05-11 12:10:00,7d7b4ff1ef4d562f,7d7b4ff1ef4d562f_diesel_regular,ALVES BANDEIRA Moita,ALVES BANDEIRA,diesel_regular,Gasóleo simples,Outro,2.03,Marinha Grande,Leiria,"ESTRADA NACIONAL Nº242, km 18",Moita,2445-630,39.697165,-8.953801,alves bandeira moita,alves bandeira,"estrada nacional nº242, km 18","2,030 €",2026-05-15_dgeg_postos_raw.csv,be0910daebb5e8bc
2026-05-15,2026-05-15 14:31:32,2026-05-11 12:10:00,7d7b4ff1ef4d562f,7d7b4ff1ef4d562f_gasoline_95,ALVES BANDEIRA Moita,ALVES BANDEIRA,gasoline_95,Gasolina simples 95,Outro,2.036,Marinha Grande,Leiria,"ESTRADA NACIONAL Nº242, km 18",Moita,2445-630,39.697165,-8.953801,alves bandeira moita,alves bandeira,"estrada nacional nº242, km 18","2,036 €",2026-05-15_dgeg_postos_raw.csv,d26e81f457aac399
2026-05-15,2026-05-15 14:31:32,2026-05-11 12:10:00,653fc1a14bc14c25,653fc1a14bc14c25_diesel_regular,ALVES BANDEIRA Mercado Abastecedor Braga,ALVES BANDEIRA,diesel_regular,Gasóleo simples,Outro,2.025,Braga,Braga,Av. De Trezeste - Celeirós,Celeirós,4709-001,41.505315,-8.456421,alves bandeira mercado abastecedor braga,alves bandeira,av. de trezeste - celeirós,"2,025 €",2026-05-15_dgeg_postos_raw.csv,d6558d028dc0c0cd
2026-05-15,2026-05-15 14:31:32,2026-05-11 12:10:00,660cc3a39af8b4aa,660cc3a39af8b4aa_diesel_regular,ALVES BANDEIRA Mercado Abastecedor Famalicão,PETROIBÉRICA,diesel_regular,Gasóleo simples,Outro,1.975,Vila Nova de Famalicão,Braga,Rua do Comércio,Vilarinho das Cambas,4760-739,41.37565,-8.54617,alves bandeira mercado abastecedor famalicão,petroibérica,rua do comércio,"1,975 €",2026-05-15_dgeg_postos_raw.csv,67e4abbaa7e69f19
2026-05-15,2026-05-15 14:31:32,2026-05-11 12:10:00,9d7b6f84fb25cf45,9d7b6f84fb25cf45_diesel_regular,ES-AMEAL,REPSOL,diesel_regular,Gasóleo simples,Outro,2.019,Coimbra,Coimbra,"EN 341 Km 41,5",Vila Pouca do Campo,3045-315,40.193051,-8.521859,es-ameal,repsol,"en 341 km 41,5","2,019 €",2026-05-15_dgeg_postos_raw.csv,3d00509b30009ac9
2026-05-15,2026-05-15 14:31:32,2026-05-11 12:10:00,9d7b6f84fb25cf45,9d7b6f84fb25cf45_diesel_premium,ES-AMEAL,REPSOL,diesel_premium,Gasóleo especial,Outro,2.089,Coimbra,Coimbra,"EN 341 Km 41,5",Vila Pouca do Campo,3045-315,40.193051,-8.521859,es-ameal,repsol,"en 341 km 41,5","2,089 €",2026-05-15_dgeg_postos_raw.csv,8ce623fbc390aa1d
2026-05-15,2026-05-15 14:31:32,2026-05-11 12:10:00,9d7b6f84fb25cf45,9d7b6f84fb25cf45_gasoline_95,ES-AMEAL,REPSOL,gasoline_95,Gasolina simples 95,Outro,2.017,Coimbra,Coimbra,"EN 341 Km 41,5",Vila Pouca do Campo,3045-315,40.193051,-8.521859,es-ameal,repsol,"en 341 km 41,5","2,017 €",2026-05-15_dgeg_postos_raw.csv,1c105e4433d05ff2
2026-05-15,2026-05-15 14:31:32,2026-05-11 12:10:00,9d7b6f84fb25cf45,9d7b6f84fb25cf45_gasoline_98,ES-AMEAL,REPSOL,gasoline_98,Gasolina especial 98,Outro,2.217,Coimbra,Coimbra,"EN 341 Km 41,5",Vila Pouca do Campo,3045-315,40.193051,-8.521859,es-ameal,repsol,"en 341 km 41,5","2,217 €",2026-05-15_dgeg_postos_raw.csv,5cb8e96fb65e5877
2026-05-15,2026-05-15 14:31:32,2026-05-11 12:10:00,60faa29e591b3330,60faa29e591b3330_diesel_regular,ALVES BANDEIRA Mealhada,ALVES BANDEIRA,diesel_regular,Gasóleo simples,Outro,2.035,Mealhada,Aveiro,"Zona Industrial da Pedrulha, Lote 10",Casal Comba,3050-183,40.370058,-8.483442,alves bandeira mealhada,alves bandeira,"zona industrial da pedrulha, lote 10","2,035 €",2026-05-15_dgeg_postos_raw.csv,c244e2c3defdce83
2026-05-15,2026-05-15 14:31:32,2026-05-11 12:10:00,60faa29e591b3330,60faa29e591b3330_diesel_premium,ALVES BANDEIRA Mealhada,ALVES BANDEIRA,diesel_premium,Gasóleo especial,Outro,2.055,Mealhada,Aveiro,"Zona Industrial da Pedrulha, Lote 10",Casal Comba,3050-183,40.370058,-8.483442,alves bandeira mealhada,alves bandeira,"zona industrial da pedrulha, lote 10","2,055 €",2026-05-15_dgeg_postos_raw.csv,14845cfd40a1af85
2026-05-15,2026-05-15 14:31:32,2026-05-11 12:10:00,60faa29e591b3330,60faa29e591b3330_gasoline_95,ALVES BANDEIRA Mealhada,ALVES BANDEIRA,gasoline_95,Gasolina simples 95,Outro,2.041,Mealhada,Aveiro,"Zona Industrial da Pedrulha, Lote 10",Casal Comba,3050-183,40.370058,-8.483442,alves bandeira mealhada,alves bandeira,"zona industrial da pedrulha, lote 10","2,041 €",2026-05-15_dgeg_postos_raw.csv,431fd022914669d2
2026-05-15,2026-05-15 14:31:32,2026-05-11 12:15:00,27dbd80fcbe142e0,27dbd80fcbe142e0_diesel_regular,ALVES BANDEIRA Landim,ALVES BANDEIRA,diesel_regular,Gasóleo simples,Outro,2.035,Vila Nova de Famalicão,Braga,"Rua da Est Nacional 204/5, Nº 2035",Landim,4770-309,41.379173,-8.451441,alves bandeira landim,alves bandeira,"rua da est nacional 204/5, nº 2035","2,035 €",2026-05-15_dgeg_postos_raw.csv,87af6838d45d021e
2026-05-15,2026-05-15 14:31:32,2026-05-11 12:15:00,27dbd80fcbe142e0,27dbd80fcbe142e0_gasoline_95,ALVES BANDEIRA Landim,ALVES BANDEIRA,gasoline_95,Gasolina simples 95,Outro,2.041,Vila Nova de Famalicão,Braga,"Rua da Est Nacional 204/5, Nº 2035",Landim,4770-309,41.379173,-8.451441,alves bandeira landim,alves bandeira,"rua da est nacional 204/5, nº 2035","2,041 €",2026-05-15_dgeg_postos_raw.csv,07b3e6a000bf7d6e
2026-05-15,2026-05-15 14:31:32,2026-05-11 12:15:00,6ca114b911205072,6ca114b911205072_diesel_regular,ALVES BANDEIRA Barrosas,ALVES BANDEIRA,diesel_regular,Gasóleo simples,Outro,2.04,Lousada,Porto,"Lugar da Mata, nº9",Barrosas,4620-615,41.32985,-8.2673,alves bandeira barrosas,alves bandeira,"lugar da mata, nº9","2,040 €",2026-05-15_dgeg_postos_raw.csv,a25456af09ee8a86
2026-05-15,2026-05-15 14:31:32,2026-05-11 12:15:00,6ca114b911205072,6ca114b911205072_gasoline_95,ALVES BANDEIRA Barrosas,ALVES BANDEIRA,gasoline_95,Gasolina simples 95,Outro,2.046,Lousada,Porto,"Lugar da Mata, nº9",Barrosas,4620-615,41.32985,-8.2673,alves bandeira barrosas,alves bandeira,"lugar da mata, nº9","2,046 €",2026-05-15_dgeg_postos_raw.csv,3766d3dba0d58d39
2026-05-15,2026-05-15 14:31:32,2026-05-11 12:15:00,c6ecdbd5d967ddb7,c6ecdbd5d967ddb7_diesel_regular,ALVES BANDEIRA Avelar,ALVES BANDEIRA,diesel_regular,Gasóleo simples,Outro,2.035,Ansião,Leiria,"Largo 12 de Novembro, Cabeça Gorda",Avelar,3240-302,39.91759,-8.36151,alves bandeira avelar,alves bandeira,"largo 12 de novembro, cabeça gorda","2,035 €",2026-05-15_dgeg_postos_raw.csv,c3aed7b6c469ee0d
2026-05-15,2026-05-15 14:31:32,2026-05-11 12:15:00,c6ecdbd5d967ddb7,c6ecdbd5d967ddb7_diesel_premium,ALVES BANDEIRA Avelar,ALVES BANDEIRA,diesel_premium,Gasóleo especial,Outro,2.055,Ansião,Leiria,"Largo 12 de Novembro, Cabeça Gorda",Avelar,3240-302,39.91759,-8.36151,alves bandeira avelar,alves bandeira,"largo 12 de novembro, cabeça gorda","2,055 €",2026-05-15_dgeg_postos_raw.csv,caebf28f64e750b3
2026-05-15,2026-05-15 14:31:32,2026-05-11 12:15:00,c6ecdbd5d967ddb7,c6ecdbd5d967ddb7_gasoline_95,ALVES BANDEIRA Avelar,ALVES BANDEIRA,gasoline_95,Gasolina simples 95,Outro,2.041,Ansião,Leiria,"Largo 12 de Novembro, Cabeça Gorda",Avelar,3240-302,39.91759,-8.36151,alves bandeira avelar,alves bandeira,"largo 12 de novembro, cabeça gorda","2,041 €",2026-05-15_dgeg_postos_raw.csv,9a431b77d621063d
2026-05-15,2026-05-15 14:31:32,2026-05-11 12:15:00,2b168fd5e093acfc,2b168fd5e093acfc_diesel_regular,Palace Garage Campo Pequeno,GALP,diesel_regular,Gasóleo simples,Outro,2.08,Lisboa,Lisboa,Av. António Serpa 22-28,Lisboa,1050-027,38.74325,-9.14816,palace garage campo pequeno,galp,av. antónio serpa 22-28,"2,080 €",2026-05-15_dgeg_postos_raw.csv,e3db4f1555b89e96
2026-05-15,2026-05-15 14:31:32,2026-05-11 12:15:00,2b168fd5e093acfc,2b168fd5e093acfc_diesel_premium,Palace Garage Campo Pequeno,GALP,diesel_premium,Gasóleo especial,Outro,2.14,Lisboa,Lisboa,Av. António Serpa 22-28,Lisboa,1050-027,38.74325,-9.14816,palace garage campo pequeno,galp,av. antónio serpa 22-28,"2,140 €",2026-05-15_dgeg_postos_raw.csv,dcb92baee109c9d6
2026-05-15,2026-05-15 14:31:32,2026-05-11 12:15:00,2b168fd5e093acfc,2b168fd5e093acfc_gasoline_95,Palace Garage Campo Pequeno,GALP,gasoline_95,Gasolina simples 95,Outro,2.076,Lisboa,Lisboa,Av. António Serpa 22-28,Lisboa,1050-027,38.74325,-9.14816,palace garage campo pequeno,galp,av. antónio serpa 22-28,"2,076 €",2026-05-15_dgeg_postos_raw.csv,c96615644702214a
2026-05-15,2026-05-15 14:31:32,2026-05-11 12:15:00,f81ddcf79102c13c,f81ddcf79102c13c_diesel_regular,"Carlos Rufino Combustíveis, Lda.",CREIXOAUTO,diesel_regular,Gasóleo simples,Outro,1.994,Póvoa de Lanhoso,Braga,Rua do Cais nº 21Fontarcada,Lugar do Cruzeiro-Fontarcada,4830-345,41.57648,-8.24357,"carlos rufino combustíveis, lda.",creixoauto,rua do cais nº 21fontarcada,"1,994 €",2026-05-15_dgeg_postos_raw.csv,2f778495c253f157
2026-05-15,2026-05-15 14:31:32,2026-05-11 12:15:00,f81ddcf79102c13c,f81ddcf79102c13c_diesel_premium,"Carlos Rufino Combustíveis, Lda.",CREIXOAUTO,diesel_premium,Gasóleo especial,Outro,2.024,Póvoa de Lanhoso,Braga,Rua do Cais nº 21Fontarcada,Lugar do Cruzeiro-Fontarcada,4830-345,41.57648,-8.24357,"carlos rufino combustíveis, lda.",creixoauto,rua do cais nº 21fontarcada,"2,024 €",2026-05-15_dgeg_postos_raw.csv,205a7e2737de8916
2026-05-15,2026-05-15 14:31:32,2026-05-11 12:15:00,f81ddcf79102c13c,f81ddcf79102c13c_gasoline_95,"Carlos Rufino Combustíveis, Lda.",CREIXOAUTO,gasoline_95,Gasolina simples 95,Outro,1.999,Póvoa de Lanhoso,Braga,Rua do Cais nº 21Fontarcada,Lugar do Cruzeiro-Fontarcada,4830-345,41.57648,-8.24357,"carlos rufino combustíveis, lda.",creixoauto,rua do cais nº 21fontarcada,"1,999 €",2026-05-15_dgeg_postos_raw.csv,c18f75d8b9b0fe6f
2026-05-15,2026-05-15 14:31:32,2026-05-11 12:15:00,0368f6bab40ed4b8,0368f6bab40ed4b8_diesel_regular,ALVES BANDEIRA Carregueira,ALVES BANDEIRA,diesel_regular,Gasóleo simples,Outro,2.059,Chamusca,Santarém,Rua Direita (EN 118),Chamusca,2140-656,39.42561,-8.41214,alves bandeira carregueira,alves bandeira,rua direita (en 118),"2,059 €",2026-05-15_dgeg_postos_raw.csv,7c4afbe92c444a66
2026-05-15,2026-05-15 14:31:32,2026-05-11 12:15:00,0368f6bab40ed4b8,0368f6bab40ed4b8_diesel_premium,ALVES BANDEIRA Carregueira,ALVES BANDEIRA,diesel_premium,Gasóleo especial,Outro,2.095,Chamusca,Santarém,Rua Direita (EN 118),Chamusca,2140-656,39.42561,-8.41214,alves bandeira carregueira,alves bandeira,rua direita (en 118),"2,095 €",2026-05-15_dgeg_postos_raw.csv,123a29152155e033
2026-05-15,2026-05-15 14:31:32,2026-05-11 12:15:00,0368f6bab40ed4b8,0368f6bab40ed4b8_gasoline_95,ALVES BANDEIRA Carregueira,ALVES BANDEIRA,gasoline_95,Gasolina simples 95,Outro,2.055,Chamusca,Santarém,Rua Direita (EN 118),Chamusca,2140-656,39.42561,-8.41214,alves bandeira carregueira,alves bandeira,rua direita (en 118),"2,055 €",2026-05-15_dgeg_postos_raw.csv,54c51bc212ea7147
2026-05-15,2026-05-15 14:31:32,2026-05-11 12:15:00,1ecdd899baa66a8f,1ecdd899baa66a8f_diesel_regular,ALVES BANDEIRA Barqueiros,ALVES BANDEIRA,diesel_regular,Gasóleo simples,Outro,2.035,Barcelos,Braga,"EN 205, Lugar das Cruzinhas",Barqueiros,4740-684,41.470827,-8.723468,alves bandeira barqueiros,alves bandeira,"en 205, lugar das cruzinhas","2,035 €",2026-05-15_dgeg_postos_raw.csv,90f30181c42afc06
2026-05-15,2026-05-15 14:31:32,2026-05-11 12:15:00,1ecdd899baa66a8f,1ecdd899baa66a8f_diesel_premium,ALVES BANDEIRA Barqueiros,ALVES BANDEIRA,diesel_premium,Gasóleo especial,Outro,2.055,Barcelos,Braga,"EN 205, Lugar das Cruzinhas",Barqueiros,4740-684,41.470827,-8.723468,alves bandeira barqueiros,alves bandeira,"en 205, lugar das cruzinhas","2,055 €",2026-05-15_dgeg_postos_raw.csv,4f286a072473fa49
2026-05-15,2026-05-15 14:31:32,2026-05-11 12:15:00,1ecdd899baa66a8f,1ecdd899baa66a8f_gasoline_95,ALVES BANDEIRA Barqueiros,ALVES BANDEIRA,gasoline_95,Gasolina simples 95,Outro,2.041,Barcelos,Braga,"EN 205, Lugar das Cruzinhas",Barqueiros,4740-684,41.470827,-8.723468,alves bandeira barqueiros,alves bandeira,"en 205, lugar das cruzinhas","2,041 €",2026-05-15_dgeg_postos_raw.csv,f3b43b90f8397584
2026-05-15,2026-05-15 14:31:32,2026-05-11 12:15:00,4a1a3df9e43c75ed,4a1a3df9e43c75ed_diesel_regular,ALVES BANDEIRA Alqueva,ALVES BANDEIRA,diesel_regular,Gasóleo simples,Outro,2.075,Portel,Évora,"Estrada Regional 255, S/N",Alqueva,7220-021,38.21371,-7.54008,alves bandeira alqueva,alves bandeira,"estrada regional 255, s/n","2,075 €",2026-05-15_dgeg_postos_raw.csv,97190493d7e5a87f
2026-05-15,2026-05-15 14:31:32,2026-05-11 12:15:00,4a1a3df9e43c75ed,4a1a3df9e43c75ed_gasoline_95,ALVES BANDEIRA Alqueva,ALVES BANDEIRA,gasoline_95,Gasolina simples 95,Outro,2.081,Portel,Évora,"Estrada Regional 255, S/N",Alqueva,7220-021,38.21371,-7.54008,alves bandeira alqueva,alves bandeira,"estrada regional 255, s/n","2,081 €",2026-05-15_dgeg_postos_raw.csv,793e115d81604bd0
2026-05-15,2026-05-15 14:31:32,2026-05-11 12:15:00,0f4317af7be3499f,0f4317af7be3499f_diesel_regular,ALVES BANDEIRA Beja,ALVES BANDEIRA,diesel_regular,Gasóleo simples,Outro,2.075,Beja,Beja,"Estrada Nacional 121, km 71,100, Monte Olival do Outeiro",Beja,7800-006,38.035454,-7.902474,alves bandeira beja,alves bandeira,"estrada nacional 121, km 71,100, monte olival do outeiro","2,075 €",2026-05-15_dgeg_postos_raw.csv,222b257338d91a0c
2026-05-15,2026-05-15 14:31:32,2026-05-11 12:15:00,ad8d3140e488243d,ad8d3140e488243d_diesel_regular,ALVES BANDEIRA Canelas,ALVES BANDEIRA,diesel_regular,Gasóleo simples,Outro,2.015,Vila Nova de Gaia,Porto,"Rua da Urtigueira, nº 605",Canelas,4410-304,41.09022,-8.603661,alves bandeira canelas,alves bandeira,"rua da urtigueira, nº 605","2,015 €",2026-05-15_dgeg_postos_raw.csv,cc52250bee68badf
2026-05-15,2026-05-15 14:31:32,2026-05-11 12:15:00,ad8d3140e488243d,ad8d3140e488243d_gasoline_95,ALVES BANDEIRA Canelas,ALVES BANDEIRA,gasoline_95,Gasolina simples 95,Outro,2.021,Vila Nova de Gaia,Porto,"Rua da Urtigueira, nº 605",Canelas,4410-304,41.09022,-8.603661,alves bandeira canelas,alves bandeira,"rua da urtigueira, nº 605","2,021 €",2026-05-15_dgeg_postos_raw.csv,d3828fd6acc6c280
2026-05-15,2026-05-15 14:31:32,2026-05-11 12:15:00,ad8d3140e488243d,ad8d3140e488243d_diesel_premium,ALVES BANDEIRA Canelas,ALVES BANDEIRA,diesel_premium,Gasóleo especial,Outro,2.035,Vila Nova de Gaia,Porto,"Rua da Urtigueira, nº 605",Canelas,4410-304,41.09022,-8.603661,alves bandeira canelas,alves bandeira,"rua da urtigueira, nº 605","2,035 €",2026-05-15_dgeg_postos_raw.csv,d616c1bac387c33d
2026-05-15,2026-05-15 14:31:32,2026-05-11 12:15:00,19927e1ff71b3517,19927e1ff71b3517_diesel_premium,ALVES BANDEIRA Assequins,ALVES BANDEIRA,diesel_premium,Gasóleo especial,Outro,2.055,Águeda,Aveiro,E. N. 333 - km 23.700 D - Lugar de Assequins,Lugar de Assequins,3750-304,40.580919,-8.417112,alves bandeira assequins,alves bandeira,e. n. 333 - km 23.700 d - lugar de assequins,"2,055 €",2026-05-15_dgeg_postos_raw.csv,05ac061bb2812d7d
2026-05-15,2026-05-15 14:31:32,2026-05-11 12:15:00,19927e1ff71b3517,19927e1ff71b3517_diesel_regular,ALVES BANDEIRA Assequins,ALVES BANDEIRA,diesel_regular,Gasóleo simples,Outro,2.035,Águeda,Aveiro,E. N. 333 - km 23.700 D - Lugar de Assequins,Lugar de Assequins,3750-304,40.580919,-8.417112,alves bandeira assequins,alves bandeira,e. n. 333 - km 23.700 d - lugar de assequins,"2,035 €",2026-05-15_dgeg_postos_raw.csv,24b5fcf3059e0c2f
2026-05-15,2026-05-15 14:31:32,2026-05-11 12:15:00,19927e1ff71b3517,19927e1ff71b3517_gasoline_95,ALVES BANDEIRA Assequins,ALVES BANDEIRA,gasoline_95,Gasolina simples 95,Outro,2.041,Águeda,Aveiro,E. N. 333 - km 23.700 D - Lugar de Assequins,Lugar de Assequins,3750-304,40.580919,-8.417112,alves bandeira assequins,alves bandeira,e. n. 333 - km 23.700 d - lugar de assequins,"2,041 €",2026-05-15_dgeg_postos_raw.csv,e3fe8c1563582730
2026-05-15,2026-05-15 14:31:32,2026-05-11 12:15:00,fa45abf161b86e12,fa45abf161b86e12_diesel_regular,ALVES BANDEIRA Bombarral,REPSOL,diesel_regular,Gasóleo simples,Outro,2.079,Bombarral,Leiria,"Rua Mouzinho de Albuquerque, nº 6",Bombarral,2540-127,39.262657,-9.156108,alves bandeira bombarral,repsol,"rua mouzinho de albuquerque, nº 6","2,079 €",2026-05-15_dgeg_postos_raw.csv,e0c0edc218ba77e3
2026-05-15,2026-05-15 14:31:32,2026-05-11 12:15:00,fa45abf161b86e12,fa45abf161b86e12_diesel_premium,ALVES BANDEIRA Bombarral,REPSOL,diesel_premium,Gasóleo especial,Outro,2.149,Bombarral,Leiria,"Rua Mouzinho de Albuquerque, nº 6",Bombarral,2540-127,39.262657,-9.156108,alves bandeira bombarral,repsol,"rua mouzinho de albuquerque, nº 6","2,149 €",2026-05-15_dgeg_postos_raw.csv,8a534f85fb9450c6
2026-05-15,2026-05-15 14:31:32,2026-05-11 12:15:00,fa45abf161b86e12,fa45abf161b86e12_gasoline_95,ALVES BANDEIRA Bombarral,REPSOL,gasoline_95,Gasolina simples 95,Outro,2.067,Bombarral,Leiria,"Rua Mouzinho de Albuquerque, nº 6",Bombarral,2540-127,39.262657,-9.156108,alves bandeira bombarral,repsol,"rua mouzinho de albuquerque, nº 6","2,067 €",2026-05-15_dgeg_postos_raw.csv,0232dff226c63094
2026-05-15,2026-05-15 14:31:32,2026-05-11 12:15:00,fa45abf161b86e12,fa45abf161b86e12_gasoline_98,ALVES BANDEIRA Bombarral,REPSOL,gasoline_98,Gasolina especial 98,Outro,2.267,Bombarral,Leiria,"Rua Mouzinho de Albuquerque, nº 6",Bombarral,2540-127,39.262657,-9.156108,alves bandeira bombarral,repsol,"rua mouzinho de albuquerque, nº 6","2,267 €",2026-05-15_dgeg_postos_raw.csv,f7bb4a80b479f76d
2026-05-15,2026-05-15 14:31:32,2026-05-11 12:15:00,29abdba9a15885a3,29abdba9a15885a3_diesel_regular,ALVES BANDEIRA Avenida,ALVES BANDEIRA,diesel_regular,Gasóleo simples,Outro,2.054,Vila Nova de Poiares,Coimbra,Av. Manuel Carvalho Coelho,Vila Nova de Poiares,3350-154,40.20674,-8.24982,alves bandeira avenida,alves bandeira,av. manuel carvalho coelho,"2,054 €",2026-05-15_dgeg_postos_raw.csv,66daa2154210984c
2026-05-15,2026-05-15 14:31:32,2026-05-11 12:15:00,29abdba9a15885a3,29abdba9a15885a3_diesel_premium,ALVES BANDEIRA Avenida,ALVES BANDEIRA,diesel_premium,Gasóleo especial,Outro,2.095,Vila Nova de Poiares,Coimbra,Av. Manuel Carvalho Coelho,Vila Nova de Poiares,3350-154,40.20674,-8.24982,alves bandeira avenida,alves bandeira,av. manuel carvalho coelho,"2,095 €",2026-05-15_dgeg_postos_raw.csv,ec57d0111e980247
2026-05-15,2026-05-15 14:31:32,2026-05-11 12:15:00,29abdba9a15885a3,29abdba9a15885a3_gasoline_95,ALVES BANDEIRA Avenida,ALVES BANDEIRA,gasoline_95,Gasolina simples 95,Outro,2.05,Vila Nova de Poiares,Coimbra,Av. Manuel Carvalho Coelho,Vila Nova de Poiares,3350-154,40.20674,-8.24982,alves bandeira avenida,alves bandeira,av. manuel carvalho coelho,"2,050 €",2026-05-15_dgeg_postos_raw.csv,662a64e96dbfd7a4
2026-05-15,2026-05-15 14:31:32,2026-05-11 12:15:00,07df97ff565ca525,07df97ff565ca525_diesel_regular,ALVES BANDEIRA Canas de Santa Maria,ALVES BANDEIRA,diesel_regular,Gasóleo simples,Outro,2.035,Tondela,Viseu,Av. da Igreja - Canas Santa Maria - Tondela,Tondela,3460-000,40.55441,-8.03513,alves bandeira canas de santa maria,alves bandeira,av. da igreja - canas santa maria - tondela,"2,035 €",2026-05-15_dgeg_postos_raw.csv,5cc7aff5c6164919
2026-05-15,2026-05-15 14:31:32,2026-05-11 12:15:00,07df97ff565ca525,07df97ff565ca525_diesel_premium,ALVES BANDEIRA Canas de Santa Maria,ALVES BANDEIRA,diesel_premium,Gasóleo especial,Outro,2.055,Tondela,Viseu,Av. da Igreja - Canas Santa Maria - Tondela,Tondela,3460-000,40.55441,-8.03513,alves bandeira canas de santa maria,alves bandeira,av. da igreja - canas santa maria - tondela,"2,055 €",2026-05-15_dgeg_postos_raw.csv,1d23f78cbfacab3b
2026-05-15,2026-05-15 14:31:32,2026-05-11 12:15:00,07df97ff565ca525,07df97ff565ca525_gasoline_95,ALVES BANDEIRA Canas de Santa Maria,ALVES BANDEIRA,gasoline_95,Gasolina simples 95,Outro,2.041,Tondela,Viseu,Av. da Igreja - Canas Santa Maria - Tondela,Tondela,3460-000,40.55441,-8.03513,alves bandeira canas de santa maria,alves bandeira,av. da igreja - canas santa maria - tondela,"2,041 €",2026-05-15_dgeg_postos_raw.csv,6970acfd50e9ee33
2026-05-15,2026-05-15 14:31:32,2026-05-11 12:15:00,80bbca0b06158ea7,80bbca0b06158ea7_diesel_regular,ALVES BANDEIRA Leça da Palmeira,ALVES BANDEIRA,diesel_regular,Gasóleo simples,Outro,1.915,Matosinhos,Porto,"Av. Dr. Antunes Guimarães, Nº.433",Leça da Palmeira,4450-620,41.1891,-8.69737,alves bandeira leça da palmeira,alves bandeira,"av. dr. antunes guimarães, nº.433","1,915 €",2026-05-15_dgeg_postos_raw.csv,4b6cdce7f6e2350b
2026-05-15,2026-05-15 14:31:32,2026-05-11 12:15:00,80bbca0b06158ea7,80bbca0b06158ea7_diesel_premium,ALVES BANDEIRA Leça da Palmeira,ALVES BANDEIRA,diesel_premium,Gasóleo especial,Outro,1.935,Matosinhos,Porto,"Av. Dr. Antunes Guimarães, Nº.433",Leça da Palmeira,4450-620,41.1891,-8.69737,alves bandeira leça da palmeira,alves bandeira,"av. dr. antunes guimarães, nº.433","1,935 €",2026-05-15_dgeg_postos_raw.csv,b6f8fc3e5d69e6ee
2026-05-15,2026-05-15 14:31:32,2026-05-11 12:15:00,80bbca0b06158ea7,80bbca0b06158ea7_gasoline_95,ALVES BANDEIRA Leça da Palmeira,ALVES BANDEIRA,gasoline_95,Gasolina simples 95,Outro,1.921,Matosinhos,Porto,"Av. Dr. Antunes Guimarães, Nº.433",Leça da Palmeira,4450-620,41.1891,-8.69737,alves bandeira leça da palmeira,alves bandeira,"av. dr. antunes guimarães, nº.433","1,921 €",2026-05-15_dgeg_postos_raw.csv,dd4d0dbbfa3c475d
2026-05-15,2026-05-15 14:31:32,2026-05-11 12:15:00,0ea9d74c777b8e7c,0ea9d74c777b8e7c_diesel_regular,ALVES BANDEIRA Lanheses,ALVES BANDEIRA,diesel_regular,Gasóleo simples,Outro,2.035,Viana do Castelo,Viana do Castelo,Largo da Feira - E.N. 202,Lanheses,4925-411,41.734606,-8.675111,alves bandeira lanheses,alves bandeira,largo da feira - e.n. 202,"2,035 €",2026-05-15_dgeg_postos_raw.csv,508015f061890ced
2026-05-15,2026-05-15 14:31:32,2026-05-11 12:15:00,0ea9d74c777b8e7c,0ea9d74c777b8e7c_diesel_premium,ALVES BANDEIRA Lanheses,ALVES BANDEIRA,diesel_premium,Gasóleo especial,Outro,2.055,Viana do Castelo,Viana do Castelo,Largo da Feira - E.N. 202,Lanheses,4925-411,41.734606,-8.675111,alves bandeira lanheses,alves bandeira,largo da feira - e.n. 202,"2,055 €",2026-05-15_dgeg_postos_raw.csv,6f745802939457ca
2026-05-15,2026-05-15 14:31:32,2026-05-11 12:15:00,0ea9d74c777b8e7c,0ea9d74c777b8e7c_gasoline_95,ALVES BANDEIRA Lanheses,ALVES BANDEIRA,gasoline_95,Gasolina simples 95,Outro,2.041,Viana do Castelo,Viana do Castelo,Largo da Feira - E.N. 202,Lanheses,4925-411,41.734606,-8.675111,alves bandeira lanheses,alves bandeira,largo da feira - e.n. 202,"2,041 €",2026-05-15_dgeg_postos_raw.csv,274feb57bcde50fc
2026-05-15,2026-05-15 14:31:32,2026-05-11 12:15:00,b4674f0607c47772,b4674f0607c47772_diesel_regular,Intermarche Rio maior,INTERMARCHÉ,diesel_regular,Gasóleo simples,Outro,1.905,Rio Maior,Santarém,Av. de Portugal,Rio Maior,2040-349,39.34136,-8.93941,intermarche rio maior,intermarché,av. de portugal,"1,905 €",2026-05-15_dgeg_postos_raw.csv,4a624c285f3ecc46
2026-05-15,2026-05-15 14:31:32,2026-05-11 12:15:00,b4674f0607c47772,b4674f0607c47772_diesel_premium,Intermarche Rio maior,INTERMARCHÉ,diesel_premium,Gasóleo especial,Outro,1.935,Rio Maior,Santarém,Av. de Portugal,Rio Maior,2040-349,39.34136,-8.93941,intermarche rio maior,intermarché,av. de portugal,"1,935 €",2026-05-15_dgeg_postos_raw.csv,b4126cd0c6b638fe
2026-05-15,2026-05-15 14:31:32,2026-05-11 12:15:00,b4674f0607c47772,b4674f0607c47772_gasoline_95,Intermarche Rio maior,INTERMARCHÉ,gasoline_95,Gasolina simples 95,Outro,1.899,Rio Maior,Santarém,Av. de Portugal,Rio Maior,2040-349,39.34136,-8.93941,intermarche rio maior,intermarché,av. de portugal,"1,899 €",2026-05-15_dgeg_postos_raw.csv,0ddba9d5fbe12300
2026-05-15,2026-05-15 14:31:32,2026-05-11 12:15:00,99eae0cea50fd190,99eae0cea50fd190_diesel_regular,ALVES BANDEIRA Benavente,ALVES BANDEIRA,diesel_regular,Gasóleo simples,Outro,2.025,Benavente,Santarém,"Rua de António Gonçalo Sousa Dias, E. N. 118 km 40,6",Benavente,2130-000,38.971764,-8.816324,alves bandeira benavente,alves bandeira,"rua de antónio gonçalo sousa dias, e. n. 118 km 40,6","2,025 €",2026-05-15_dgeg_postos_raw.csv,da96c3ff763de9f8
2026-05-15,2026-05-15 14:31:32,2026-05-11 12:15:00,99eae0cea50fd190,99eae0cea50fd190_diesel_premium,ALVES BANDEIRA Benavente,ALVES BANDEIRA,diesel_premium,Gasóleo especial,Outro,2.045,Benavente,Santarém,"Rua de António Gonçalo Sousa Dias, E. N. 118 km 40,6",Benavente,2130-000,38.971764,-8.816324,alves bandeira benavente,alves bandeira,"rua de antónio gonçalo sousa dias, e. n. 118 km 40,6","2,045 €",2026-05-15_dgeg_postos_raw.csv,0418514eb2d4dcf4
2026-05-15,2026-05-15 14:31:32,2026-05-11 12:15:00,99eae0cea50fd190,99eae0cea50fd190_gasoline_95,ALVES BANDEIRA Benavente,ALVES BANDEIRA,gasoline_95,Gasolina simples 95,Outro,2.031,Benavente,Santarém,"Rua de António Gonçalo Sousa Dias, E. N. 118 km 40,6",Benavente,2130-000,38.971764,-8.816324,alves bandeira benavente,alves bandeira,"rua de antónio gonçalo sousa dias, e. n. 118 km 40,6","2,031 €",2026-05-15_dgeg_postos_raw.csv,c2acd9cc04cb7cbc
2026-05-15,2026-05-15 14:31:32,2026-05-11 12:15:00,4029ed1339417ea8,4029ed1339417ea8_diesel_regular,ALVES BANDEIRA Belmonte,ALVES BANDEIRA,diesel_regular,Gasóleo simples,Outro,2.03,Belmonte,Castelo Branco,Sítio do Ginjal  Acesso da EN 18,Belmonte,6250-079,40.370665,-7.344731,alves bandeira belmonte,alves bandeira,sítio do ginjal acesso da en 18,"2,030 €",2026-05-15_dgeg_postos_raw.csv,8ee25ac39bb7bc31
2026-05-15,2026-05-15 14:31:32,2026-05-11 12:15:00,4029ed1339417ea8,4029ed1339417ea8_diesel_premium,ALVES BANDEIRA Belmonte,ALVES BANDEIRA,diesel_premium,Gasóleo especial,Outro,2.05,Belmonte,Castelo Branco,Sítio do Ginjal  Acesso da EN 18,Belmonte,6250-079,40.370665,-7.344731,alves bandeira belmonte,alves bandeira,sítio do ginjal acesso da en 18,"2,050 €",2026-05-15_dgeg_postos_raw.csv,e4d028f15dc74a25
2026-05-15,2026-05-15 14:31:32,2026-05-11 12:15:00,4029ed1339417ea8,4029ed1339417ea8_gasoline_95,ALVES BANDEIRA Belmonte,ALVES BANDEIRA,gasoline_95,Gasolina simples 95,Outro,2.036,Belmonte,Castelo Branco,Sítio do Ginjal  Acesso da EN 18,Belmonte,6250-079,40.370665,-7.344731,alves bandeira belmonte,alves bandeira,sítio do ginjal acesso da en 18,"2,036 €",2026-05-15_dgeg_postos_raw.csv,fd380a77bd84a475
2026-05-15,2026-05-15 14:31:32,2026-05-11 12:20:00,86a9a5d62ab23cf5,86a9a5d62ab23cf5_diesel_regular,ALVES BANDEIRA Ceira B,ALVES BANDEIRA,diesel_regular,Gasóleo simples,Outro,2.045,Coimbra,Coimbra,Estrada da Beira - EN17,Ceira,3030-853,40.17415,-8.38569,alves bandeira ceira b,alves bandeira,estrada da beira - en17,"2,045 €",2026-05-15_dgeg_postos_raw.csv,ebee71a544c897cb
2026-05-15,2026-05-15 14:31:32,2026-05-11 12:20:00,86a9a5d62ab23cf5,86a9a5d62ab23cf5_diesel_premium,ALVES BANDEIRA Ceira B,ALVES BANDEIRA,diesel_premium,Gasóleo especial,Outro,2.095,Coimbra,Coimbra,Estrada da Beira - EN17,Ceira,3030-853,40.17415,-8.38569,alves bandeira ceira b,alves bandeira,estrada da beira - en17,"2,095 €",2026-05-15_dgeg_postos_raw.csv,312c24379b14486f
2026-05-15,2026-05-15 14:31:32,2026-05-11 12:20:00,86a9a5d62ab23cf5,86a9a5d62ab23cf5_gasoline_95,ALVES BANDEIRA Ceira B,ALVES BANDEIRA,gasoline_95,Gasolina simples 95,Outro,2.051,Coimbra,Coimbra,Estrada da Beira - EN17,Ceira,3030-853,40.17415,-8.38569,alves bandeira ceira b,alves bandeira,estrada da beira - en17,"2,051 €",2026-05-15_dgeg_postos_raw.csv,6fedd7029fa4786c
2026-05-15,2026-05-15 14:31:32,2026-05-11 12:20:00,038081b6e99489b6,038081b6e99489b6_diesel_regular,ALVES BANDEIRA Carvalhais,ALVES BANDEIRA,diesel_regular,Gasóleo simples,Outro,2.075,Figueira da Foz,Coimbra,R. de Santa Bárbara,Carvalhais,3090-455,40.07293,-8.81931,alves bandeira carvalhais,alves bandeira,r. de santa bárbara,"2,075 €",2026-05-15_dgeg_postos_raw.csv,c639c75d9ffb6afb
2026-05-15,2026-05-15 14:31:32,2026-05-11 12:20:00,038081b6e99489b6,038081b6e99489b6_diesel_premium,ALVES BANDEIRA Carvalhais,ALVES BANDEIRA,diesel_premium,Gasóleo especial,Outro,2.095,Figueira da Foz,Coimbra,R. de Santa Bárbara,Carvalhais,3090-455,40.07293,-8.81931,alves bandeira carvalhais,alves bandeira,r. de santa bárbara,"2,095 €",2026-05-15_dgeg_postos_raw.csv,0324d96aa078309c
2026-05-15,2026-05-15 14:31:32,2026-05-11 12:20:00,038081b6e99489b6,038081b6e99489b6_gasoline_95,ALVES BANDEIRA Carvalhais,ALVES BANDEIRA,gasoline_95,Gasolina simples 95,Outro,2.081,Figueira da Foz,Coimbra,R. de Santa Bárbara,Carvalhais,3090-455,40.07293,-8.81931,alves bandeira carvalhais,alves bandeira,r. de santa bárbara,"2,081 €",2026-05-15_dgeg_postos_raw.csv,6477ffafbe667d58
2026-05-15,2026-05-15 14:31:32,2026-05-11 12:20:00,85726cacac66ecf6,85726cacac66ecf6_diesel_regular,ALVES BANDEIRA Ceira A,ALVES BANDEIRA,diesel_regular,Gasóleo simples,Outro,2.045,Coimbra,Coimbra,Rua da Beira,Ceira,3030-853,40.1737,-8.3857,alves bandeira ceira a,alves bandeira,rua da beira,"2,045 €",2026-05-15_dgeg_postos_raw.csv,db797a76e1534c6f
2026-05-15,2026-05-15 14:31:32,2026-05-11 12:20:00,85726cacac66ecf6,85726cacac66ecf6_diesel_premium,ALVES BANDEIRA Ceira A,ALVES BANDEIRA,diesel_premium,Gasóleo especial,Outro,2.095,Coimbra,Coimbra,Rua da Beira,Ceira,3030-853,40.1737,-8.3857,alves bandeira ceira a,alves bandeira,rua da beira,"2,095 €",2026-05-15_dgeg_postos_raw.csv,286df2d4535e1b10
2026-05-15,2026-05-15 14:31:32,2026-05-11 12:20:00,85726cacac66ecf6,85726cacac66ecf6_gasoline_95,ALVES BANDEIRA Ceira A,ALVES BANDEIRA,gasoline_95,Gasolina simples 95,Outro,2.051,Coimbra,Coimbra,Rua da Beira,Ceira,3030-853,40.1737,-8.3857,alves bandeira ceira a,alves bandeira,rua da beira,"2,051 €",2026-05-15_dgeg_postos_raw.csv,454077688ad3d2c7
2026-05-15,2026-05-15 14:31:32,2026-05-11 12:20:00,42d9f198f5445737,42d9f198f5445737_diesel_regular,ALVES BANDEIRA Coimbrões,ALVES BANDEIRA,diesel_regular,Gasóleo simples,Outro,2.035,Viseu,Viseu,"PARQUE IND.COIMBRÕES,LT E",Coimbrões,3500-886,40.62806,-7.882917,alves bandeira coimbrões,alves bandeira,"parque ind.coimbrões,lt e","2,035 €",2026-05-15_dgeg_postos_raw.csv,14cd628005c8de8e
2026-05-15,2026-05-15 14:31:32,2026-05-11 12:20:00,42d9f198f5445737,42d9f198f5445737_diesel_premium,ALVES BANDEIRA Coimbrões,ALVES BANDEIRA,diesel_premium,Gasóleo especial,Outro,2.055,Viseu,Viseu,"PARQUE IND.COIMBRÕES,LT E",Coimbrões,3500-886,40.62806,-7.882917,alves bandeira coimbrões,alves bandeira,"parque ind.coimbrões,lt e","2,055 €",2026-05-15_dgeg_postos_raw.csv,a8a2280aa3faccb6
2026-05-15,2026-05-15 14:31:32,2026-05-11 12:20:00,42d9f198f5445737,42d9f198f5445737_gasoline_95,ALVES BANDEIRA Coimbrões,ALVES BANDEIRA,gasoline_95,Gasolina simples 95,Outro,2.041,Viseu,Viseu,"PARQUE IND.COIMBRÕES,LT E",Coimbrões,3500-886,40.62806,-7.882917,alves bandeira coimbrões,alves bandeira,"parque ind.coimbrões,lt e","2,041 €",2026-05-15_dgeg_postos_raw.csv,60fb84fc18a1bc42
2026-05-15,2026-05-15 14:31:32,2026-05-11 12:20:00,266a01370a232a4b,266a01370a232a4b_diesel_regular,ALVES BANDEIRA Carriço,ALVES BANDEIRA,diesel_regular,Gasóleo simples,Outro,2.075,Pombal,Leiria,ESTRADA NACIONAL Nº109,Carriço,3105-057,39.99002,-8.80177,alves bandeira carriço,alves bandeira,estrada nacional nº109,"2,075 €",2026-05-15_dgeg_postos_raw.csv,a653de2165dd111c
2026-05-15,2026-05-15 14:31:32,2026-05-11 12:20:00,266a01370a232a4b,266a01370a232a4b_diesel_premium,ALVES BANDEIRA Carriço,ALVES BANDEIRA,diesel_premium,Gasóleo especial,Outro,2.095,Pombal,Leiria,ESTRADA NACIONAL Nº109,Carriço,3105-057,39.99002,-8.80177,alves bandeira carriço,alves bandeira,estrada nacional nº109,"2,095 €",2026-05-15_dgeg_postos_raw.csv,ef800dc95c291eca
2026-05-15,2026-05-15 14:31:32,2026-05-11 12:20:00,266a01370a232a4b,266a01370a232a4b_gasoline_95,ALVES BANDEIRA Carriço,ALVES BANDEIRA,gasoline_95,Gasolina simples 95,Outro,2.081,Pombal,Leiria,ESTRADA NACIONAL Nº109,Carriço,3105-057,39.99002,-8.80177,alves bandeira carriço,alves bandeira,estrada nacional nº109,"2,081 €",2026-05-15_dgeg_postos_raw.csv,b18c5fe1ad275ba9
2026-05-15,2026-05-15 14:31:32,2026-05-11 12:20:00,af8de4b0c14c76e3,af8de4b0c14c76e3_diesel_regular,ALVES BANDEIRA Coja,ALVES BANDEIRA,diesel_regular,Gasóleo simples,Outro,2.075,Arganil,Coimbra,R.FRANCISCO ALMEIDA FILIPE,Coja,3305-145,40.268345,-7.979317,alves bandeira coja,alves bandeira,r.francisco almeida filipe,"2,075 €",2026-05-15_dgeg_postos_raw.csv,54ff1eb7fcf4dfe8
2026-05-15,2026-05-15 14:31:32,2026-05-11 12:20:00,af8de4b0c14c76e3,af8de4b0c14c76e3_diesel_premium,ALVES BANDEIRA Coja,ALVES BANDEIRA,diesel_premium,Gasóleo especial,Outro,2.095,Arganil,Coimbra,R.FRANCISCO ALMEIDA FILIPE,Coja,3305-145,40.268345,-7.979317,alves bandeira coja,alves bandeira,r.francisco almeida filipe,"2,095 €",2026-05-15_dgeg_postos_raw.csv,bcb85b5598011d6c
2026-05-15,2026-05-15 14:31:32,2026-05-11 12:20:00,af8de4b0c14c76e3,af8de4b0c14c76e3_gasoline_95,ALVES BANDEIRA Coja,ALVES BANDEIRA,gasoline_95,Gasolina simples 95,Outro,2.081,Arganil,Coimbra,R.FRANCISCO ALMEIDA FILIPE,Coja,3305-145,40.268345,-7.979317,alves bandeira coja,alves bandeira,r.francisco almeida filipe,"2,081 €",2026-05-15_dgeg_postos_raw.csv,c3669a22ea04d1c0
2026-05-15,2026-05-15 14:31:32,2026-05-11 12:20:00,aaf081c98285fc23,aaf081c98285fc23_diesel_regular,ALVES BANDEIRA Casal Novo,ALVES BANDEIRA,diesel_regular,Gasóleo simples,Outro,2.035,Figueira da Foz,Coimbra,"Estrada Nacional 109, Km 107.900 E",Casal Novo,3080-511,40.2296,-8.800427,alves bandeira casal novo,alves bandeira,"estrada nacional 109, km 107.900 e","2,035 €",2026-05-15_dgeg_postos_raw.csv,6e0aca78c3d9819e
2026-05-15,2026-05-15 14:31:32,2026-05-11 12:20:00,aaf081c98285fc23,aaf081c98285fc23_diesel_premium,ALVES BANDEIRA Casal Novo,ALVES BANDEIRA,diesel_premium,Gasóleo especial,Outro,2.055,Figueira da Foz,Coimbra,"Estrada Nacional 109, Km 107.900 E",Casal Novo,3080-511,40.2296,-8.800427,alves bandeira casal novo,alves bandeira,"estrada nacional 109, km 107.900 e","2,055 €",2026-05-15_dgeg_postos_raw.csv,f3eb7ba2bde5c99b
2026-05-15,2026-05-15 14:31:32,2026-05-11 12:20:00,aaf081c98285fc23,aaf081c98285fc23_gasoline_95,ALVES BANDEIRA Casal Novo,ALVES BANDEIRA,gasoline_95,Gasolina simples 95,Outro,2.041,Figueira da Foz,Coimbra,"Estrada Nacional 109, Km 107.900 E",Casal Novo,3080-511,40.2296,-8.800427,alves bandeira casal novo,alves bandeira,"estrada nacional 109, km 107.900 e","2,041 €",2026-05-15_dgeg_postos_raw.csv,545f3bd6d30f8e75
2026-05-15,2026-05-15 14:31:32,2026-05-11 12:20:00,ef2a79391da710e1,ef2a79391da710e1_diesel_regular,Alves Bandeira - Frutas Russo,ALVES BANDEIRA,diesel_regular,Gasóleo simples,Outro,2.049,Ferreira do Zêzere,Santarém,"EN 238, Vale Serrão, Dornes",Dornes,2240-628,39.77264,-8.24835,alves bandeira - frutas russo,alves bandeira,"en 238, vale serrão, dornes","2,049 €",2026-05-15_dgeg_postos_raw.csv,f474644e51ea58cd
2026-05-15,2026-05-15 14:31:32,2026-05-11 12:20:00,ef2a79391da710e1,ef2a79391da710e1_diesel_premium,Alves Bandeira - Frutas Russo,ALVES BANDEIRA,diesel_premium,Gasóleo especial,Outro,2.089,Ferreira do Zêzere,Santarém,"EN 238, Vale Serrão, Dornes",Dornes,2240-628,39.77264,-8.24835,alves bandeira - frutas russo,alves bandeira,"en 238, vale serrão, dornes","2,089 €",2026-05-15_dgeg_postos_raw.csv,4c5d708a090dc866
2026-05-15,2026-05-15 14:31:32,2026-05-11 12:20:00,ef2a79391da710e1,ef2a79391da710e1_gasoline_95,Alves Bandeira - Frutas Russo,ALVES BANDEIRA,gasoline_95,Gasolina simples 95,Outro,2.049,Ferreira do Zêzere,Santarém,"EN 238, Vale Serrão, Dornes",Dornes,2240-628,39.77264,-8.24835,alves bandeira - frutas russo,alves bandeira,"en 238, vale serrão, dornes","2,049 €",2026-05-15_dgeg_postos_raw.csv,829ee2b32452224c
2026-05-15,2026-05-15 14:31:32,2026-05-11 12:20:00,0b246cf365a3a1a6,0b246cf365a3a1a6_gasoline_95,ALVES BANDEIRA Castanheira de Pera,ALVES BANDEIRA,gasoline_95,Gasolina simples 95,Outro,2.055,Castanheira de Pêra,Leiria,"Rua João Bebiano, N.º 44",Castanheira de Pera,3280-041,40.002608,-8.209339,alves bandeira castanheira de pera,alves bandeira,"rua joão bebiano, n.º 44","2,055 €",2026-05-15_dgeg_postos_raw.csv,51207bf9489502a2
2026-05-15,2026-05-15 14:31:32,2026-05-11 12:20:00,0b246cf365a3a1a6,0b246cf365a3a1a6_diesel_regular,ALVES BANDEIRA Castanheira de Pera,ALVES BANDEIRA,diesel_regular,Gasóleo simples,Outro,2.059,Castanheira de Pêra,Leiria,"Rua João Bebiano, N.º 44",Castanheira de Pera,3280-041,40.002608,-8.209339,alves bandeira castanheira de pera,alves bandeira,"rua joão bebiano, n.º 44","2,059 €",2026-05-15_dgeg_postos_raw.csv,0919986dc8f62bda
2026-05-15,2026-05-15 14:31:32,2026-05-11 12:20:00,0b246cf365a3a1a6,0b246cf365a3a1a6_diesel_premium,ALVES BANDEIRA Castanheira de Pera,ALVES BANDEIRA,diesel_premium,Gasóleo especial,Outro,2.095,Castanheira de Pêra,Leiria,"Rua João Bebiano, N.º 44",Castanheira de Pera,3280-041,40.002608,-8.209339,alves bandeira castanheira de pera,alves bandeira,"rua joão bebiano, n.º 44","2,095 €",2026-05-15_dgeg_postos_raw.csv,0b40659d049be145
2026-05-15,2026-05-15 14:31:32,2026-05-11 12:20:00,09750d379154a850,09750d379154a850_diesel_regular,ALVES BANDEIRA Cortes,ALVES BANDEIRA,diesel_regular,Gasóleo simples,Outro,2.035,Leiria,Leiria,Estrada de Cortes nº169 (EN 356),Ponte de Cavaleiro,2410-854,39.714536,-8.789052,alves bandeira cortes,alves bandeira,estrada de cortes nº169 (en 356),"2,035 €",2026-05-15_dgeg_postos_raw.csv,004007923a1fb8df
2026-05-15,2026-05-15 14:31:32,2026-05-11 12:20:00,09750d379154a850,09750d379154a850_diesel_premium,ALVES BANDEIRA Cortes,ALVES BANDEIRA,diesel_premium,Gasóleo especial,Outro,2.055,Leiria,Leiria,Estrada de Cortes nº169 (EN 356),Ponte de Cavaleiro,2410-854,39.714536,-8.789052,alves bandeira cortes,alves bandeira,estrada de cortes nº169 (en 356),"2,055 €",2026-05-15_dgeg_postos_raw.csv,b18ca85d96542207
2026-05-15,2026-05-15 14:31:32,2026-05-11 12:20:00,09750d379154a850,09750d379154a850_gasoline_95,ALVES BANDEIRA Cortes,ALVES BANDEIRA,gasoline_95,Gasolina simples 95,Outro,2.041,Leiria,Leiria,Estrada de Cortes nº169 (EN 356),Ponte de Cavaleiro,2410-854,39.714536,-8.789052,alves bandeira cortes,alves bandeira,estrada de cortes nº169 (en 356),"2,041 €",2026-05-15_dgeg_postos_raw.csv,a1c44b1a8e7eb3d7
2026-05-15,2026-05-15 14:31:32,2026-05-11 12:20:00,4134b24ea4a2344e,4134b24ea4a2344e_diesel_regular,ALVES BANDEIRA Chafé,ALVES BANDEIRA,diesel_regular,Gasóleo simples,Outro,2.035,Viana do Castelo,Viana do Castelo,Estrada da Amorosa,Lugar de Lordelo,4935-587,41.64213,-8.80478,alves bandeira chafé,alves bandeira,estrada da amorosa,"2,035 €",2026-05-15_dgeg_postos_raw.csv,8fbcbac34e53c288
2026-05-15,2026-05-15 14:31:32,2026-05-11 12:20:00,4134b24ea4a2344e,4134b24ea4a2344e_diesel_premium,ALVES BANDEIRA Chafé,ALVES BANDEIRA,diesel_premium,Gasóleo especial,Outro,2.055,Viana do Castelo,Viana do Castelo,Estrada da Amorosa,Lugar de Lordelo,4935-587,41.64213,-8.80478,alves bandeira chafé,alves bandeira,estrada da amorosa,"2,055 €",2026-05-15_dgeg_postos_raw.csv,9ffe4a66c0cc41ff
2026-05-15,2026-05-15 14:31:32,2026-05-11 12:20:00,4134b24ea4a2344e,4134b24ea4a2344e_gasoline_95,ALVES BANDEIRA Chafé,ALVES BANDEIRA,gasoline_95,Gasolina simples 95,Outro,2.041,Viana do Castelo,Viana do Castelo,Estrada da Amorosa,Lugar de Lordelo,4935-587,41.64213,-8.80478,alves bandeira chafé,alves bandeira,estrada da amorosa,"2,041 €",2026-05-15_dgeg_postos_raw.csv,1337adba90ab1ed6
2026-05-15,2026-05-15 14:31:32,2026-05-11 12:25:00,b598317f711c87b3,b598317f711c87b3_diesel_regular,ALVES BANDEIRA Dois Portos,ALVES BANDEIRA,diesel_regular,Gasóleo simples,Outro,2.04,Torres Vedras,Lisboa,"Av. 25 de Abril, n.º77 A",Dois Portos,2565-206,39.040105,-9.183761,alves bandeira dois portos,alves bandeira,"av. 25 de abril, n.º77 a","2,040 €",2026-05-15_dgeg_postos_raw.csv,9a63d28e223bfc8b
2026-05-15,2026-05-15 14:31:32,2026-05-11 12:25:00,b598317f711c87b3,b598317f711c87b3_gasoline_95,ALVES BANDEIRA Dois Portos,ALVES BANDEIRA,gasoline_95,Gasolina simples 95,Outro,2.046,Torres Vedras,Lisboa,"Av. 25 de Abril, n.º77 A",Dois Portos,2565-206,39.040105,-9.183761,alves bandeira dois portos,alves bandeira,"av. 25 de abril, n.º77 a","2,046 €",2026-05-15_dgeg_postos_raw.csv,df0a2bb430c9b260
2026-05-15,2026-05-15 14:31:32,2026-05-11 12:25:00,42645b359527ec43,42645b359527ec43_diesel_regular,E.S. S. PEDRO DA CADEIRA,REPSOL,diesel_regular,Gasóleo simples,Outro,2.029,Torres Vedras,Lisboa,"E.N.-9 ao Km 53, 700- D",São Pedro da Cadeira,2560-200,39.06445,-9.37107,e.s. s. pedro da cadeira,repsol,"e.n.-9 ao km 53, 700- d","2,029 €",2026-05-15_dgeg_postos_raw.csv,85804ab3ea3ae187
2026-05-15,2026-05-15 14:31:32,2026-05-11 12:25:00,42645b359527ec43,42645b359527ec43_diesel_premium,E.S. S. PEDRO DA CADEIRA,REPSOL,diesel_premium,Gasóleo especial,Outro,2.089,Torres Vedras,Lisboa,"E.N.-9 ao Km 53, 700- D",São Pedro da Cadeira,2560-200,39.06445,-9.37107,e.s. s. pedro da cadeira,repsol,"e.n.-9 ao km 53, 700- d","2,089 €",2026-05-15_dgeg_postos_raw.csv,660aa448412c4ba5
2026-05-15,2026-05-15 14:31:32,2026-05-11 12:25:00,42645b359527ec43,42645b359527ec43_gasoline_95,E.S. S. PEDRO DA CADEIRA,REPSOL,gasoline_95,Gasolina simples 95,Outro,2.027,Torres Vedras,Lisboa,"E.N.-9 ao Km 53, 700- D",São Pedro da Cadeira,2560-200,39.06445,-9.37107,e.s. s. pedro da cadeira,repsol,"e.n.-9 ao km 53, 700- d","2,027 €",2026-05-15_dgeg_postos_raw.csv,36d816334a7e301e
2026-05-15,2026-05-15 14:31:32,2026-05-11 12:25:00,2b4d3548a2556429,2b4d3548a2556429_diesel_regular,ALVES BANDEIRA Cortiçô da Serra (Celorico da Beira),ALVES BANDEIRA,diesel_regular,Gasóleo simples,Outro,2.035,Celorico da Beira,Guarda,"EN 17 (Estrada da Beira), km 124,622",Cortiçô da Serra,6360-050,40.584876,-7.447959,alves bandeira cortiçô da serra (celorico da beira),alves bandeira,"en 17 (estrada da beira), km 124,622","2,035 €",2026-05-15_dgeg_postos_raw.csv,1b95ded53a6cc885
2026-05-15,2026-05-15 14:31:32,2026-05-11 12:25:00,2b4d3548a2556429,2b4d3548a2556429_diesel_premium,ALVES BANDEIRA Cortiçô da Serra (Celorico da Beira),ALVES BANDEIRA,diesel_premium,Gasóleo especial,Outro,2.055,Celorico da Beira,Guarda,"EN 17 (Estrada da Beira), km 124,622",Cortiçô da Serra,6360-050,40.584876,-7.447959,alves bandeira cortiçô da serra (celorico da beira),alves bandeira,"en 17 (estrada da beira), km 124,622","2,055 €",2026-05-15_dgeg_postos_raw.csv,1eca78eac57106da
2026-05-15,2026-05-15 14:31:32,2026-05-11 12:25:00,2b4d3548a2556429,2b4d3548a2556429_gasoline_95,ALVES BANDEIRA Cortiçô da Serra (Celorico da Beira),ALVES BANDEIRA,gasoline_95,Gasolina simples 95,Outro,2.041,Celorico da Beira,Guarda,"EN 17 (Estrada da Beira), km 124,622",Cortiçô da Serra,6360-050,40.584876,-7.447959,alves bandeira cortiçô da serra (celorico da beira),alves bandeira,"en 17 (estrada da beira), km 124,622","2,041 €",2026-05-15_dgeg_postos_raw.csv,636cb7539dc6bb74
2026-05-15,2026-05-15 14:31:32,2026-05-11 12:25:00,9942056d16a69679,9942056d16a69679_diesel_regular,ALVES BANDEIRA Foros de Salvaterra,ALVES BANDEIRA,diesel_regular,Gasóleo simples,Outro,2.025,Salvaterra de Magos,Santarém,"E. N. 114-3 Km 19,6 - Foros de Salvaterra",Foros de Salvaterra,2120-194,38.997406,-8.733295,alves bandeira foros de salvaterra,alves bandeira,"e. n. 114-3 km 19,6 - foros de salvaterra","2,025 €",2026-05-15_dgeg_postos_raw.csv,218e7739405145e7
2026-05-15,2026-05-15 14:31:32,2026-05-11 12:25:00,9942056d16a69679,9942056d16a69679_diesel_premium,ALVES BANDEIRA Foros de Salvaterra,ALVES BANDEIRA,diesel_premium,Gasóleo especial,Outro,2.045,Salvaterra de Magos,Santarém,"E. N. 114-3 Km 19,6 - Foros de Salvaterra",Foros de Salvaterra,2120-194,38.997406,-8.733295,alves bandeira foros de salvaterra,alves bandeira,"e. n. 114-3 km 19,6 - foros de salvaterra","2,045 €",2026-05-15_dgeg_postos_raw.csv,ebebe6fb1cb44763
2026-05-15,2026-05-15 14:31:32,2026-05-11 12:25:00,9942056d16a69679,9942056d16a69679_gasoline_95,ALVES BANDEIRA Foros de Salvaterra,ALVES BANDEIRA,gasoline_95,Gasolina simples 95,Outro,2.031,Salvaterra de Magos,Santarém,"E. N. 114-3 Km 19,6 - Foros de Salvaterra",Foros de Salvaterra,2120-194,38.997406,-8.733295,alves bandeira foros de salvaterra,alves bandeira,"e. n. 114-3 km 19,6 - foros de salvaterra","2,031 €",2026-05-15_dgeg_postos_raw.csv,8c4d5ea88cea2c4f
2026-05-15,2026-05-15 14:31:32,2026-05-11 12:25:00,c328bdf7518ce690,c328bdf7518ce690_diesel_regular,ALVES BANDEIRA Esporão,ALVES BANDEIRA,diesel_regular,Gasóleo simples,Outro,2.075,Góis,Coimbra,Esporão,Esporão,3330-240,40.124055,-8.122733,alves bandeira esporão,alves bandeira,esporão,"2,075 €",2026-05-15_dgeg_postos_raw.csv,9eb545485dd172a8
2026-05-15,2026-05-15 14:31:32,2026-05-11 12:25:00,c328bdf7518ce690,c328bdf7518ce690_diesel_premium,ALVES BANDEIRA Esporão,ALVES BANDEIRA,diesel_premium,Gasóleo especial,Outro,2.095,Góis,Coimbra,Esporão,Esporão,3330-240,40.124055,-8.122733,alves bandeira esporão,alves bandeira,esporão,"2,095 €",2026-05-15_dgeg_postos_raw.csv,c074d83e0da5108f
2026-05-15,2026-05-15 14:31:32,2026-05-11 12:25:00,c328bdf7518ce690,c328bdf7518ce690_gasoline_95,ALVES BANDEIRA Esporão,ALVES BANDEIRA,gasoline_95,Gasolina simples 95,Outro,2.081,Góis,Coimbra,Esporão,Esporão,3330-240,40.124055,-8.122733,alves bandeira esporão,alves bandeira,esporão,"2,081 €",2026-05-15_dgeg_postos_raw.csv,3ae35bf549e174f3
2026-05-15,2026-05-15 14:31:32,2026-05-11 12:25:00,beecb4e6027f0c86,beecb4e6027f0c86_diesel_regular,ALVES BANDEIRA Espinhosa,ALVES BANDEIRA,diesel_regular,Gasóleo simples,Outro,2.035,Maia,Porto,"Rua da Espinhosa, Nº 530",Maia,4475-699,41.27824,-8.606833,alves bandeira espinhosa,alves bandeira,"rua da espinhosa, nº 530","2,035 €",2026-05-15_dgeg_postos_raw.csv,571726579f7aeb1b
2026-05-15,2026-05-15 14:31:32,2026-05-11 12:25:00,beecb4e6027f0c86,beecb4e6027f0c86_diesel_premium,ALVES BANDEIRA Espinhosa,ALVES BANDEIRA,diesel_premium,Gasóleo especial,Outro,2.055,Maia,Porto,"Rua da Espinhosa, Nº 530",Maia,4475-699,41.27824,-8.606833,alves bandeira espinhosa,alves bandeira,"rua da espinhosa, nº 530","2,055 €",2026-05-15_dgeg_postos_raw.csv,f56dd20ae75335ce
2026-05-15,2026-05-15 14:31:32,2026-05-11 12:25:00,beecb4e6027f0c86,beecb4e6027f0c86_gasoline_95,ALVES BANDEIRA Espinhosa,ALVES BANDEIRA,gasoline_95,Gasolina simples 95,Outro,2.041,Maia,Porto,"Rua da Espinhosa, Nº 530",Maia,4475-699,41.27824,-8.606833,alves bandeira espinhosa,alves bandeira,"rua da espinhosa, nº 530","2,041 €",2026-05-15_dgeg_postos_raw.csv,39da09801dc79ee4
2026-05-15,2026-05-15 14:31:32,2026-05-11 12:25:00,f167cccd8c0728eb,f167cccd8c0728eb_diesel_premium,"Petro Baulhe Combustíveis, Lda",FREITAS,diesel_premium,Gasóleo especial,Outro,2.049,Cabeceiras de Basto,Braga,"Parque Industrial de Lameiros, nº114",Refojos,4860-330,41.49412,-7.98348,"petro baulhe combustíveis, lda",freitas,"parque industrial de lameiros, nº114","2,049 €",2026-05-15_dgeg_postos_raw.csv,2eb62c90c5ae316c
2026-05-15,2026-05-15 14:31:32,2026-05-11 12:25:00,6f62a64b747663cb,6f62a64b747663cb_diesel_regular,ALVES BANDEIRA Covilhã,ALVES BANDEIRA,diesel_regular,Gasóleo simples,Outro,2.03,Covilhã,Castelo Branco,Quinta das Amendoeiras - Eixo TCT,Covilhã,6200-190,40.253975,-7.506749,alves bandeira covilhã,alves bandeira,quinta das amendoeiras - eixo tct,"2,030 €",2026-05-15_dgeg_postos_raw.csv,82268597c6f7c696
2026-05-15,2026-05-15 14:31:32,2026-05-11 12:25:00,6f62a64b747663cb,6f62a64b747663cb_diesel_premium,ALVES BANDEIRA Covilhã,ALVES BANDEIRA,diesel_premium,Gasóleo especial,Outro,2.05,Covilhã,Castelo Branco,Quinta das Amendoeiras - Eixo TCT,Covilhã,6200-190,40.253975,-7.506749,alves bandeira covilhã,alves bandeira,quinta das amendoeiras - eixo tct,"2,050 €",2026-05-15_dgeg_postos_raw.csv,899ee676e24ad15d
2026-05-15,2026-05-15 14:31:32,2026-05-11 12:25:00,6f62a64b747663cb,6f62a64b747663cb_gasoline_95,ALVES BANDEIRA Covilhã,ALVES BANDEIRA,gasoline_95,Gasolina simples 95,Outro,2.036,Covilhã,Castelo Branco,Quinta das Amendoeiras - Eixo TCT,Covilhã,6200-190,40.253975,-7.506749,alves bandeira covilhã,alves bandeira,quinta das amendoeiras - eixo tct,"2,036 €",2026-05-15_dgeg_postos_raw.csv,ba8e517daf5a51e9
2026-05-15,2026-05-15 14:31:32,2026-05-11 12:25:00,1bb2e7e3df00ff6b,1bb2e7e3df00ff6b_diesel_regular,ALVES BANDEIRA Formoselha,ALVES BANDEIRA,diesel_regular,Gasóleo simples,Outro,2.035,Montemor-o-Velho,Coimbra,"EN341, N.16",Formoselha,3140-390,40.173036,-8.618255,alves bandeira formoselha,alves bandeira,"en341, n.16","2,035 €",2026-05-15_dgeg_postos_raw.csv,d4a99fee1dfe0219
2026-05-15,2026-05-15 14:31:32,2026-05-11 12:25:00,1bb2e7e3df00ff6b,1bb2e7e3df00ff6b_diesel_premium,ALVES BANDEIRA Formoselha,ALVES BANDEIRA,diesel_premium,Gasóleo especial,Outro,2.055,Montemor-o-Velho,Coimbra,"EN341, N.16",Formoselha,3140-390,40.173036,-8.618255,alves bandeira formoselha,alves bandeira,"en341, n.16","2,055 €",2026-05-15_dgeg_postos_raw.csv,6f26468a34596826
2026-05-15,2026-05-15 14:31:32,2026-05-11 12:25:00,1bb2e7e3df00ff6b,1bb2e7e3df00ff6b_gasoline_95,ALVES BANDEIRA Formoselha,ALVES BANDEIRA,gasoline_95,Gasolina simples 95,Outro,2.041,Montemor-o-Velho,Coimbra,"EN341, N.16",Formoselha,3140-390,40.173036,-8.618255,alves bandeira formoselha,alves bandeira,"en341, n.16","2,041 €",2026-05-15_dgeg_postos_raw.csv,b9862fee01c041c4
2026-05-15,2026-05-15 14:31:32,2026-05-11 12:25:00,f167cccd8c0728eb,f167cccd8c0728eb_diesel_regular,"Petro Baulhe Combustíveis, Lda",FREITAS,diesel_regular,Gasóleo simples,Outro,2.029,Cabeceiras de Basto,Braga,"Parque Industrial de Lameiros, nº114",Refojos,4860-330,41.49412,-7.98348,"petro baulhe combustíveis, lda",freitas,"parque industrial de lameiros, nº114","2,029 €",2026-05-15_dgeg_postos_raw.csv,735577bfa25e59cc
2026-05-15,2026-05-15 14:31:32,2026-05-11 12:25:00,f167cccd8c0728eb,f167cccd8c0728eb_gasoline_95,"Petro Baulhe Combustíveis, Lda",FREITAS,gasoline_95,Gasolina simples 95,Outro,2.042,Cabeceiras de Basto,Braga,"Parque Industrial de Lameiros, nº114",Refojos,4860-330,41.49412,-7.98348,"petro baulhe combustíveis, lda",freitas,"parque industrial de lameiros, nº114","2,042 €",2026-05-15_dgeg_postos_raw.csv,ae82dd1eeac3246c
2026-05-15,2026-05-15 14:31:32,2026-05-11 12:30:00,035f680d192b2a97,035f680d192b2a97_diesel_regular,ALVES BANDEIRA Gavinhos,ALVES BANDEIRA,diesel_regular,Gasóleo simples,Outro,2.075,Penacova,Coimbra,R. da Portela da Fonte,Gavinhos,3360-054,40.2884,-8.32906,alves bandeira gavinhos,alves bandeira,r. da portela da fonte,"2,075 €",2026-05-15_dgeg_postos_raw.csv,b9efc6ad112de82f
2026-05-15,2026-05-15 14:31:32,2026-05-11 12:30:00,035f680d192b2a97,035f680d192b2a97_diesel_premium,ALVES BANDEIRA Gavinhos,ALVES BANDEIRA,diesel_premium,Gasóleo especial,Outro,2.095,Penacova,Coimbra,R. da Portela da Fonte,Gavinhos,3360-054,40.2884,-8.32906,alves bandeira gavinhos,alves bandeira,r. da portela da fonte,"2,095 €",2026-05-15_dgeg_postos_raw.csv,113be2828353ce22
2026-05-15,2026-05-15 14:31:32,2026-05-11 12:30:00,035f680d192b2a97,035f680d192b2a97_gasoline_95,ALVES BANDEIRA Gavinhos,ALVES BANDEIRA,gasoline_95,Gasolina simples 95,Outro,2.081,Penacova,Coimbra,R. da Portela da Fonte,Gavinhos,3360-054,40.2884,-8.32906,alves bandeira gavinhos,alves bandeira,r. da portela da fonte,"2,081 €",2026-05-15_dgeg_postos_raw.csv,608e2fbf1a0d528f
2026-05-15,2026-05-15 14:31:32,2026-05-11 12:30:00,320cfdc252ac1812,320cfdc252ac1812_diesel_regular,ALVES BANDEIRA Gouveia,ALVES BANDEIRA,diesel_regular,Gasóleo simples,Outro,2.03,Gouveia,Guarda,EN232 - ZONA INDUSTRIAL - NESPEREIRA,Gouveia,6290-311,40.508835,-7.625196,alves bandeira gouveia,alves bandeira,en232 - zona industrial - nespereira,"2,030 €",2026-05-15_dgeg_postos_raw.csv,17295d69c408e979
2026-05-15,2026-05-15 14:31:32,2026-05-11 12:30:00,320cfdc252ac1812,320cfdc252ac1812_gasoline_95,ALVES BANDEIRA Gouveia,ALVES BANDEIRA,gasoline_95,Gasolina simples 95,Outro,2.036,Gouveia,Guarda,EN232 - ZONA INDUSTRIAL - NESPEREIRA,Gouveia,6290-311,40.508835,-7.625196,alves bandeira gouveia,alves bandeira,en232 - zona industrial - nespereira,"2,036 €",2026-05-15_dgeg_postos_raw.csv,e725c478efab8556
2026-05-15,2026-05-15 14:31:32,2026-05-11 12:30:00,9b42fcdc236cc918,9b42fcdc236cc918_diesel_regular,ALVES BANDEIRA Góis,ALVES BANDEIRA,diesel_regular,Gasóleo simples,Outro,2.075,Góis,Coimbra,Estrada da Beira - Bairro S. Paulo,Góis,3330-304,40.15536,-8.11415,alves bandeira góis,alves bandeira,estrada da beira - bairro s. paulo,"2,075 €",2026-05-15_dgeg_postos_raw.csv,d573935d71f61879
2026-05-15,2026-05-15 14:31:32,2026-05-11 12:30:00,9b42fcdc236cc918,9b42fcdc236cc918_gasoline_95,ALVES BANDEIRA Góis,ALVES BANDEIRA,gasoline_95,Gasolina simples 95,Outro,2.081,Góis,Coimbra,Estrada da Beira - Bairro S. Paulo,Góis,3330-304,40.15536,-8.11415,alves bandeira góis,alves bandeira,estrada da beira - bairro s. paulo,"2,081 €",2026-05-15_dgeg_postos_raw.csv,d5c8a806684274a9
2026-05-15,2026-05-15 14:31:32,2026-05-11 12:30:00,7cc42220677fe6ce,7cc42220677fe6ce_diesel_regular,E.S. MALVEIRA,REPSOL,diesel_regular,Gasóleo simples,Outro,2.029,Mafra,Lisboa,"EN 8 Km 22,9",Lagoa,2675-258,38.939603,-9.251492,e.s. malveira,repsol,"en 8 km 22,9","2,029 €",2026-05-15_dgeg_postos_raw.csv,1c0e52c4f87d8d6c
2026-05-15,2026-05-15 14:31:32,2026-05-11 12:30:00,7cc42220677fe6ce,7cc42220677fe6ce_diesel_premium,E.S. MALVEIRA,REPSOL,diesel_premium,Gasóleo especial,Outro,2.089,Mafra,Lisboa,"EN 8 Km 22,9",Lagoa,2675-258,38.939603,-9.251492,e.s. malveira,repsol,"en 8 km 22,9","2,089 €",2026-05-15_dgeg_postos_raw.csv,77f6758414b95ded
2026-05-15,2026-05-15 14:31:32,2026-05-11 12:30:00,7cc42220677fe6ce,7cc42220677fe6ce_gasoline_95,E.S. MALVEIRA,REPSOL,gasoline_95,Gasolina simples 95,Outro,2.027,Mafra,Lisboa,"EN 8 Km 22,9",Lagoa,2675-258,38.939603,-9.251492,e.s. malveira,repsol,"en 8 km 22,9","2,027 €",2026-05-15_dgeg_postos_raw.csv,3d407d9759e2bb5e
2026-05-15,2026-05-15 14:31:32,2026-05-11 12:30:00,69562fa10c429e38,69562fa10c429e38_diesel_regular,Cooperativa Agrícola Sobral Monte Agraço Posto Merceana,GALP,diesel_regular,Gasóleo simples,Outro,1.979,Alenquer,Lisboa,"EN 9, Km 83.000",Merceana,2580-087,39.092332,-9.110679,cooperativa agrícola sobral monte agraço posto merceana,galp,"en 9, km 83.000","1,979 €",2026-05-15_dgeg_postos_raw.csv,0c01b4bc92a5ea7a
2026-05-15,2026-05-15 14:31:32,2026-05-11 12:30:00,69562fa10c429e38,69562fa10c429e38_diesel_premium,Cooperativa Agrícola Sobral Monte Agraço Posto Merceana,GALP,diesel_premium,Gasóleo especial,Outro,1.999,Alenquer,Lisboa,"EN 9, Km 83.000",Merceana,2580-087,39.092332,-9.110679,cooperativa agrícola sobral monte agraço posto merceana,galp,"en 9, km 83.000","1,999 €",2026-05-15_dgeg_postos_raw.csv,b42d79d227b2b9ce
2026-05-15,2026-05-15 14:31:32,2026-05-11 12:30:00,69562fa10c429e38,69562fa10c429e38_gasoline_95,Cooperativa Agrícola Sobral Monte Agraço Posto Merceana,GALP,gasoline_95,Gasolina simples 95,Outro,1.969,Alenquer,Lisboa,"EN 9, Km 83.000",Merceana,2580-087,39.092332,-9.110679,cooperativa agrícola sobral monte agraço posto merceana,galp,"en 9, km 83.000","1,969 €",2026-05-15_dgeg_postos_raw.csv,953f432f2ab73238
2026-05-15,2026-05-15 14:31:32,2026-05-11 12:30:00,e1a08e25df206d58,e1a08e25df206d58_diesel_regular,CIRCUNSTÂNCIA AZUL 1 - PA Serra de Santo António,Genérico,diesel_regular,Gasóleo simples,Outro,1.969,Alcanena,Santarém,Rua João Assunção nº34,Serra de Santo António,2380-608,39.51232,-8.730577,circunstância azul 1 - pa serra de santo antónio,genérico,rua joão assunção nº34,"1,969 €",2026-05-15_dgeg_postos_raw.csv,8fd89c0a6f59229c
2026-05-15,2026-05-15 14:31:32,2026-05-11 12:30:00,e1a08e25df206d58,e1a08e25df206d58_gasoline_95,CIRCUNSTÂNCIA AZUL 1 - PA Serra de Santo António,Genérico,gasoline_95,Gasolina simples 95,Outro,1.999,Alcanena,Santarém,Rua João Assunção nº34,Serra de Santo António,2380-608,39.51232,-8.730577,circunstância azul 1 - pa serra de santo antónio,genérico,rua joão assunção nº34,"1,999 €",2026-05-15_dgeg_postos_raw.csv,633eb444ce2a97d6
2026-05-15,2026-05-15 14:31:32,2026-05-11 12:30:00,03253caf02566bd8,03253caf02566bd8_diesel_regular,ES PÉ DA PEDREIRA,Genérico,diesel_regular,Gasóleo simples,Outro,2.094,Santarém,Santarém,Estrada 5 de Outubro nº 3,Pé da Pedreira,2025-161,39.44869,-8.82382,es pé da pedreira,genérico,estrada 5 de outubro nº 3,"2,094 €",2026-05-15_dgeg_postos_raw.csv,86a45b52916a0d87
2026-05-15,2026-05-15 14:31:32,2026-05-11 12:30:00,03253caf02566bd8,03253caf02566bd8_diesel_premium,ES PÉ DA PEDREIRA,Genérico,diesel_premium,Gasóleo especial,Outro,2.114,Santarém,Santarém,Estrada 5 de Outubro nº 3,Pé da Pedreira,2025-161,39.44869,-8.82382,es pé da pedreira,genérico,estrada 5 de outubro nº 3,"2,114 €",2026-05-15_dgeg_postos_raw.csv,26aa46e8c7268c6b
2026-05-15,2026-05-15 14:31:32,2026-05-11 12:30:00,03253caf02566bd8,03253caf02566bd8_gasoline_95,ES PÉ DA PEDREIRA,Genérico,gasoline_95,Gasolina simples 95,Outro,2.084,Santarém,Santarém,Estrada 5 de Outubro nº 3,Pé da Pedreira,2025-161,39.44869,-8.82382,es pé da pedreira,genérico,estrada 5 de outubro nº 3,"2,084 €",2026-05-15_dgeg_postos_raw.csv,79ef7260e686254e
2026-05-15,2026-05-15 14:31:32,2026-05-11 12:30:00,4fd7765420748979,4fd7765420748979_diesel_premium,PAC INTERMARCHE LOURINHA,INTERMARCHÉ,diesel_premium,Gasóleo especial,Outro,2.019,Lourinhã,Lisboa,"Rua Ildo Hermogenes da Silva Marques,1",Lourinha,2530-320,39.25118,-9.31306,pac intermarche lourinha,intermarché,"rua ildo hermogenes da silva marques,1","2,019 €",2026-05-15_dgeg_postos_raw.csv,c47d40ced228e263
2026-05-15,2026-05-15 14:31:32,2026-05-11 12:30:00,4fd7765420748979,4fd7765420748979_diesel_regular,PAC INTERMARCHE LOURINHA,INTERMARCHÉ,diesel_regular,Gasóleo simples,Outro,1.959,Lourinhã,Lisboa,"Rua Ildo Hermogenes da Silva Marques,1",Lourinha,2530-320,39.25118,-9.31306,pac intermarche lourinha,intermarché,"rua ildo hermogenes da silva marques,1","1,959 €",2026-05-15_dgeg_postos_raw.csv,2bd433b64d45fe99
2026-05-15,2026-05-15 14:31:32,2026-05-11 12:30:00,4fd7765420748979,4fd7765420748979_gasoline_95,PAC INTERMARCHE LOURINHA,INTERMARCHÉ,gasoline_95,Gasolina simples 95,Outro,1.959,Lourinhã,Lisboa,"Rua Ildo Hermogenes da Silva Marques,1",Lourinha,2530-320,39.25118,-9.31306,pac intermarche lourinha,intermarché,"rua ildo hermogenes da silva marques,1","1,959 €",2026-05-15_dgeg_postos_raw.csv,d2311d7eaee54612
2026-05-15,2026-05-15 14:31:32,2026-05-11 12:30:00,44bc48049f8d2845,44bc48049f8d2845_diesel_regular,Posição 19508 GALP - QUINTÃS,GALP,diesel_regular,Gasóleo simples,Outro,2.129,Aveiro,Aveiro,"E.N.335-Km 5,550 - Rua Direita, 123",Oliveirinha,3810-839,40.58352,-8.619071,posição 19508 galp - quintãs,galp,"e.n.335-km 5,550 - rua direita, 123","2,129 €",2026-05-15_dgeg_postos_raw.csv,c0569dfe7f6a13ed
2026-05-15,2026-05-15 14:31:32,2026-05-11 12:30:00,44bc48049f8d2845,44bc48049f8d2845_diesel_premium,Posição 19508 GALP - QUINTÃS,GALP,diesel_premium,Gasóleo especial,Outro,2.179,Aveiro,Aveiro,"E.N.335-Km 5,550 - Rua Direita, 123",Oliveirinha,3810-839,40.58352,-8.619071,posição 19508 galp - quintãs,galp,"e.n.335-km 5,550 - rua direita, 123","2,179 €",2026-05-15_dgeg_postos_raw.csv,1f92bce91ceb7507
2026-05-15,2026-05-15 14:31:32,2026-05-11 12:30:00,44bc48049f8d2845,44bc48049f8d2845_gasoline_95,Posição 19508 GALP - QUINTÃS,GALP,gasoline_95,Gasolina simples 95,Outro,2.066,Aveiro,Aveiro,"E.N.335-Km 5,550 - Rua Direita, 123",Oliveirinha,3810-839,40.58352,-8.619071,posição 19508 galp - quintãs,galp,"e.n.335-km 5,550 - rua direita, 123","2,066 €",2026-05-15_dgeg_postos_raw.csv,b6019112d70cd489
2026-05-15,2026-05-15 14:31:32,2026-05-11 12:30:00,98b2fdb10205ce0e,98b2fdb10205ce0e_diesel_regular,ALVES BANDEIRA Gondomar (São Pedro da Cova),ALVES BANDEIRA,diesel_regular,Gasóleo simples,Outro,2.015,Gondomar,Porto,"Estrada D. Miguel, Lote 5A",São Pedro da Cova,4510-243,41.152486,-8.516297,alves bandeira gondomar (são pedro da cova),alves bandeira,"estrada d. miguel, lote 5a","2,015 €",2026-05-15_dgeg_postos_raw.csv,f7840f0259a9220d
2026-05-15,2026-05-15 14:31:32,2026-05-11 12:30:00,98b2fdb10205ce0e,98b2fdb10205ce0e_diesel_premium,ALVES BANDEIRA Gondomar (São Pedro da Cova),ALVES BANDEIRA,diesel_premium,Gasóleo especial,Outro,2.035,Gondomar,Porto,"Estrada D. Miguel, Lote 5A",São Pedro da Cova,4510-243,41.152486,-8.516297,alves bandeira gondomar (são pedro da cova),alves bandeira,"estrada d. miguel, lote 5a","2,035 €",2026-05-15_dgeg_postos_raw.csv,271e21dc6aba0355
2026-05-15,2026-05-15 14:31:32,2026-05-11 12:30:00,98b2fdb10205ce0e,98b2fdb10205ce0e_gasoline_95,ALVES BANDEIRA Gondomar (São Pedro da Cova),ALVES BANDEIRA,gasoline_95,Gasolina simples 95,Outro,2.021,Gondomar,Porto,"Estrada D. Miguel, Lote 5A",São Pedro da Cova,4510-243,41.152486,-8.516297,alves bandeira gondomar (são pedro da cova),alves bandeira,"estrada d. miguel, lote 5a","2,021 €",2026-05-15_dgeg_postos_raw.csv,12fc92b5102e5964
2026-05-15,2026-05-15 14:31:32,2026-05-11 12:30:00,c1817d082b58b6aa,c1817d082b58b6aa_diesel_regular,Posição 16013 GALP - BRANCA,GALP,diesel_regular,Gasóleo simples,Outro,2.102,Albergaria-a-Velha,Aveiro,"AV CENTRAL, 357 - IC2 / EN1 - Escusa, Km 255,200",Escusa,3850-570,40.76126,-8.483898,posição 16013 galp - branca,galp,"av central, 357 - ic2 / en1 - escusa, km 255,200","2,102 €",2026-05-15_dgeg_postos_raw.csv,82803ff65f2ca2b6
2026-05-15,2026-05-15 14:31:32,2026-05-11 12:30:00,c1817d082b58b6aa,c1817d082b58b6aa_diesel_premium,Posição 16013 GALP - BRANCA,GALP,diesel_premium,Gasóleo especial,Outro,2.152,Albergaria-a-Velha,Aveiro,"AV CENTRAL, 357 - IC2 / EN1 - Escusa, Km 255,200",Escusa,3850-570,40.76126,-8.483898,posição 16013 galp - branca,galp,"av central, 357 - ic2 / en1 - escusa, km 255,200","2,152 €",2026-05-15_dgeg_postos_raw.csv,dce7470a1a83c2e6
2026-05-15,2026-05-15 14:31:32,2026-05-11 12:30:00,c1817d082b58b6aa,c1817d082b58b6aa_gasoline_95,Posição 16013 GALP - BRANCA,GALP,gasoline_95,Gasolina simples 95,Outro,2.026,Albergaria-a-Velha,Aveiro,"AV CENTRAL, 357 - IC2 / EN1 - Escusa, Km 255,200",Escusa,3850-570,40.76126,-8.483898,posição 16013 galp - branca,galp,"av central, 357 - ic2 / en1 - escusa, km 255,200","2,026 €",2026-05-15_dgeg_postos_raw.csv,07f30fc686008bb5
2026-05-15,2026-05-15 14:31:32,2026-05-11 12:30:00,c1817d082b58b6aa,c1817d082b58b6aa_gasoline_98,Posição 16013 GALP - BRANCA,GALP,gasoline_98,Gasolina especial 98,Outro,2.236,Albergaria-a-Velha,Aveiro,"AV CENTRAL, 357 - IC2 / EN1 - Escusa, Km 255,200",Escusa,3850-570,40.76126,-8.483898,posição 16013 galp - branca,galp,"av central, 357 - ic2 / en1 - escusa, km 255,200","2,236 €",2026-05-15_dgeg_postos_raw.csv,1d488b9fe5fd56c1
2026-05-15,2026-05-15 14:31:32,2026-05-11 12:30:00,320cfdc252ac1812,320cfdc252ac1812_diesel_premium,ALVES BANDEIRA Gouveia,ALVES BANDEIRA,diesel_premium,Gasóleo especial,Outro,2.05,Gouveia,Guarda,EN232 - ZONA INDUSTRIAL - NESPEREIRA,Gouveia,6290-311,40.508835,-7.625196,alves bandeira gouveia,alves bandeira,en232 - zona industrial - nespereira,"2,050 €",2026-05-15_dgeg_postos_raw.csv,e6efec51f39efcf1
2026-05-15,2026-05-15 14:31:32,2026-05-11 12:35:00,5f21b69949e7c6a0,5f21b69949e7c6a0_diesel_regular,PA Coop Maia - Vermoin,Genérico,diesel_regular,Gasóleo simples,Outro,1.879,Maia,Porto,"Rua Agra da Portela, 25 (Rua Padre Luís Campos)",Maia,4470-227,41.239815,-8.615753,pa coop maia - vermoin,genérico,"rua agra da portela, 25 (rua padre luís campos)","1,879 €",2026-05-15_dgeg_postos_raw.csv,4dcce854da213cb6
2026-05-15,2026-05-15 14:31:32,2026-05-11 12:35:00,5f21b69949e7c6a0,5f21b69949e7c6a0_gasoline_95,PA Coop Maia - Vermoin,Genérico,gasoline_95,Gasolina simples 95,Outro,1.887,Maia,Porto,"Rua Agra da Portela, 25 (Rua Padre Luís Campos)",Maia,4470-227,41.239815,-8.615753,pa coop maia - vermoin,genérico,"rua agra da portela, 25 (rua padre luís campos)","1,887 €",2026-05-15_dgeg_postos_raw.csv,2be4fabca52e6d64
2026-05-15,2026-05-15 14:31:32,2026-05-11 12:35:00,5f21b69949e7c6a0,5f21b69949e7c6a0_diesel_premium,PA Coop Maia - Vermoin,Genérico,diesel_premium,Gasóleo especial,Outro,1.899,Maia,Porto,"Rua Agra da Portela, 25 (Rua Padre Luís Campos)",Maia,4470-227,41.239815,-8.615753,pa coop maia - vermoin,genérico,"rua agra da portela, 25 (rua padre luís campos)","1,899 €",2026-05-15_dgeg_postos_raw.csv,360b8d36301ae189
2026-05-15,2026-05-15 14:31:32,2026-05-11 12:35:00,f7411b77a1a45e7f,f7411b77a1a45e7f_diesel_regular,GALP Sazes de Lorvão -Espinheira,GALP,diesel_regular,Gasóleo simples,Outro,2.019,Penacova,Coimbra,Lugar de Espinheira,Espinheira,3360-287,40.304897,-8.321902,galp sazes de lorvão -espinheira,galp,lugar de espinheira,"2,019 €",2026-05-15_dgeg_postos_raw.csv,3f142b5a65283a29
2026-05-15,2026-05-15 14:31:32,2026-05-11 12:35:00,f7411b77a1a45e7f,f7411b77a1a45e7f_diesel_premium,GALP Sazes de Lorvão -Espinheira,GALP,diesel_premium,Gasóleo especial,Outro,2.019,Penacova,Coimbra,Lugar de Espinheira,Espinheira,3360-287,40.304897,-8.321902,galp sazes de lorvão -espinheira,galp,lugar de espinheira,"2,019 €",2026-05-15_dgeg_postos_raw.csv,aa6a552f9b2bdb8a
2026-05-15,2026-05-15 14:31:32,2026-05-11 12:35:00,f7411b77a1a45e7f,f7411b77a1a45e7f_gasoline_95,GALP Sazes de Lorvão -Espinheira,GALP,gasoline_95,Gasolina simples 95,Outro,2.042,Penacova,Coimbra,Lugar de Espinheira,Espinheira,3360-287,40.304897,-8.321902,galp sazes de lorvão -espinheira,galp,lugar de espinheira,"2,042 €",2026-05-15_dgeg_postos_raw.csv,bcab5edecd24bdf7
2026-05-15,2026-05-15 14:31:32,2026-05-11 12:35:00,38cf83825439e0e5,38cf83825439e0e5_diesel_regular,Posição 12429 GALP - BRANCA,GALP,diesel_regular,Gasóleo simples,Outro,2.028,Albergaria-a-Velha,Aveiro,"AV CENTRAL, 268 - EN 1/IC2 KM 254.83",Escusa,3850-570,40.75756,-8.485052,posição 12429 galp - branca,galp,"av central, 268 - en 1/ic2 km 254.83","2,028 €",2026-05-15_dgeg_postos_raw.csv,c30b21ddbfc2954b
2026-05-15,2026-05-15 14:31:32,2026-05-11 12:35:00,38cf83825439e0e5,38cf83825439e0e5_diesel_premium,Posição 12429 GALP - BRANCA,GALP,diesel_premium,Gasóleo especial,Outro,2.078,Albergaria-a-Velha,Aveiro,"AV CENTRAL, 268 - EN 1/IC2 KM 254.83",Escusa,3850-570,40.75756,-8.485052,posição 12429 galp - branca,galp,"av central, 268 - en 1/ic2 km 254.83","2,078 €",2026-05-15_dgeg_postos_raw.csv,cc266b0ed6d920ea
2026-05-15,2026-05-15 14:31:32,2026-05-11 12:35:00,38cf83825439e0e5,38cf83825439e0e5_gasoline_95,Posição 12429 GALP - BRANCA,GALP,gasoline_95,Gasolina simples 95,Outro,2.026,Albergaria-a-Velha,Aveiro,"AV CENTRAL, 268 - EN 1/IC2 KM 254.83",Escusa,3850-570,40.75756,-8.485052,posição 12429 galp - branca,galp,"av central, 268 - en 1/ic2 km 254.83","2,026 €",2026-05-15_dgeg_postos_raw.csv,b2cbbcb6015e9c80
2026-05-15,2026-05-15 14:31:32,2026-05-11 12:35:00,38cf83825439e0e5,38cf83825439e0e5_gasoline_98,Posição 12429 GALP - BRANCA,GALP,gasoline_98,Gasolina especial 98,Outro,2.236,Albergaria-a-Velha,Aveiro,"AV CENTRAL, 268 - EN 1/IC2 KM 254.83",Escusa,3850-570,40.75756,-8.485052,posição 12429 galp - branca,galp,"av central, 268 - en 1/ic2 km 254.83","2,236 €",2026-05-15_dgeg_postos_raw.csv,08c570d2b205a3fd
2026-05-15,2026-05-15 14:31:32,2026-05-11 12:35:00,d6e545765e5a44e0,d6e545765e5a44e0_diesel_regular,E.S. PRAÇA DE LONDRES,REPSOL,diesel_regular,Gasóleo simples,Outro,2.079,Lisboa,Lisboa,Av. Marconi nº 6 A e C,Lisboa,1000-205,38.7416027777778,-9.13851944444444,e.s. praça de londres,repsol,av. marconi nº 6 a e c,"2,079 €",2026-05-15_dgeg_postos_raw.csv,71a30093fa5d9ab1
2026-05-15,2026-05-15 14:31:32,2026-05-11 12:35:00,d6e545765e5a44e0,d6e545765e5a44e0_diesel_premium,E.S. PRAÇA DE LONDRES,REPSOL,diesel_premium,Gasóleo especial,Outro,2.149,Lisboa,Lisboa,Av. Marconi nº 6 A e C,Lisboa,1000-205,38.7416027777778,-9.13851944444444,e.s. praça de londres,repsol,av. marconi nº 6 a e c,"2,149 €",2026-05-15_dgeg_postos_raw.csv,22a70400b78b07f3
2026-05-15,2026-05-15 14:31:32,2026-05-11 12:35:00,d6e545765e5a44e0,d6e545765e5a44e0_gasoline_95,E.S. PRAÇA DE LONDRES,REPSOL,gasoline_95,Gasolina simples 95,Outro,2.067,Lisboa,Lisboa,Av. Marconi nº 6 A e C,Lisboa,1000-205,38.7416027777778,-9.13851944444444,e.s. praça de londres,repsol,av. marconi nº 6 a e c,"2,067 €",2026-05-15_dgeg_postos_raw.csv,b5ca17098120b6a5
2026-05-15,2026-05-15 14:31:32,2026-05-11 12:40:00,a6be454ac8bbe513,a6be454ac8bbe513_diesel_regular,Posição 16769 GALP - CACIA,GALP,diesel_regular,Gasóleo simples,Outro,2.025,Aveiro,Aveiro,"AV EUROPA, 393",Cacia,3800-533,40.665974,-8.609513,posição 16769 galp - cacia,galp,"av europa, 393","2,025 €",2026-05-15_dgeg_postos_raw.csv,7a3eca976aaecb01
2026-05-15,2026-05-15 14:31:32,2026-05-11 12:40:00,a6be454ac8bbe513,a6be454ac8bbe513_diesel_premium,Posição 16769 GALP - CACIA,GALP,diesel_premium,Gasóleo especial,Outro,2.076,Aveiro,Aveiro,"AV EUROPA, 393",Cacia,3800-533,40.665974,-8.609513,posição 16769 galp - cacia,galp,"av europa, 393","2,076 €",2026-05-15_dgeg_postos_raw.csv,52b61b120c491497
2026-05-15,2026-05-15 14:31:32,2026-05-11 12:40:00,a6be454ac8bbe513,a6be454ac8bbe513_gasoline_95,Posição 16769 GALP - CACIA,GALP,gasoline_95,Gasolina simples 95,Outro,2.021,Aveiro,Aveiro,"AV EUROPA, 393",Cacia,3800-533,40.665974,-8.609513,posição 16769 galp - cacia,galp,"av europa, 393","2,021 €",2026-05-15_dgeg_postos_raw.csv,877e7524593e60ba
2026-05-15,2026-05-15 14:31:32,2026-05-11 12:40:00,848355866e617a3e,848355866e617a3e_diesel_regular,Posição 19531 GALP - TORREIRA (1),GALP,diesel_regular,Gasóleo simples,Outro,2.085,Murtosa,Aveiro,"QUINTAS DO NORTE-EN 327, Km 39,360",Torreira,3870-303,40.789845,-8.677521,posição 19531 galp - torreira (1),galp,"quintas do norte-en 327, km 39,360","2,085 €",2026-05-15_dgeg_postos_raw.csv,3a76e6605cde118d
2026-05-15,2026-05-15 14:31:32,2026-05-11 12:40:00,848355866e617a3e,848355866e617a3e_diesel_premium,Posição 19531 GALP - TORREIRA (1),GALP,diesel_premium,Gasóleo especial,Outro,2.115,Murtosa,Aveiro,"QUINTAS DO NORTE-EN 327, Km 39,360",Torreira,3870-303,40.789845,-8.677521,posição 19531 galp - torreira (1),galp,"quintas do norte-en 327, km 39,360","2,115 €",2026-05-15_dgeg_postos_raw.csv,d61651c75dbb3cef
2026-05-15,2026-05-15 14:31:32,2026-05-11 12:40:00,848355866e617a3e,848355866e617a3e_gasoline_95,Posição 19531 GALP - TORREIRA (1),GALP,gasoline_95,Gasolina simples 95,Outro,2.061,Murtosa,Aveiro,"QUINTAS DO NORTE-EN 327, Km 39,360",Torreira,3870-303,40.789845,-8.677521,posição 19531 galp - torreira (1),galp,"quintas do norte-en 327, km 39,360","2,061 €",2026-05-15_dgeg_postos_raw.csv,f9b250d997b116a0
2026-05-15,2026-05-15 14:31:32,2026-05-11 12:40:00,a5b7fbb3b51207e4,a5b7fbb3b51207e4_diesel_regular,Posição 16022 GALP - CACIA,GALP,diesel_regular,Gasóleo simples,Outro,2.025,Aveiro,Aveiro,EN 109 - VARIANTE DE CACIA,Cacia,3800-533,40.664658,-8.610926,posição 16022 galp - cacia,galp,en 109 - variante de cacia,"2,025 €",2026-05-15_dgeg_postos_raw.csv,db85a6cb5f93d065
2026-05-15,2026-05-15 14:31:32,2026-05-11 12:40:00,a5b7fbb3b51207e4,a5b7fbb3b51207e4_diesel_premium,Posição 16022 GALP - CACIA,GALP,diesel_premium,Gasóleo especial,Outro,2.08,Aveiro,Aveiro,EN 109 - VARIANTE DE CACIA,Cacia,3800-533,40.664658,-8.610926,posição 16022 galp - cacia,galp,en 109 - variante de cacia,"2,080 €",2026-05-15_dgeg_postos_raw.csv,314c310ea9bfeb64
2026-05-15,2026-05-15 14:31:32,2026-05-11 12:40:00,a5b7fbb3b51207e4,a5b7fbb3b51207e4_gasoline_95,Posição 16022 GALP - CACIA,GALP,gasoline_95,Gasolina simples 95,Outro,2.021,Aveiro,Aveiro,EN 109 - VARIANTE DE CACIA,Cacia,3800-533,40.664658,-8.610926,posição 16022 galp - cacia,galp,en 109 - variante de cacia,"2,021 €",2026-05-15_dgeg_postos_raw.csv,167329c8605601b2
2026-05-15,2026-05-15 14:31:32,2026-05-11 12:40:00,a5b7fbb3b51207e4,a5b7fbb3b51207e4_gasoline_98,Posição 16022 GALP - CACIA,GALP,gasoline_98,Gasolina especial 98,Outro,2.231,Aveiro,Aveiro,EN 109 - VARIANTE DE CACIA,Cacia,3800-533,40.664658,-8.610926,posição 16022 galp - cacia,galp,en 109 - variante de cacia,"2,231 €",2026-05-15_dgeg_postos_raw.csv,3e0edb7ab63335e3
2026-05-15,2026-05-15 14:31:32,2026-05-11 12:40:00,bcd078bc93dd29de,bcd078bc93dd29de_diesel_regular,Posição 16021 GALP - CUCUJÃES,GALP,diesel_regular,Gasóleo simples,Outro,2.028,Oliveira de Azeméis,Aveiro,"Rua do Mosteiro, 838 - Igreja",Cucujães,3720-350,40.867565,-8.494293,posição 16021 galp - cucujães,galp,"rua do mosteiro, 838 - igreja","2,028 €",2026-05-15_dgeg_postos_raw.csv,8c3d6289ea88a8cf
2026-05-15,2026-05-15 14:31:32,2026-05-11 12:40:00,bcd078bc93dd29de,bcd078bc93dd29de_diesel_premium,Posição 16021 GALP - CUCUJÃES,GALP,diesel_premium,Gasóleo especial,Outro,2.078,Oliveira de Azeméis,Aveiro,"Rua do Mosteiro, 838 - Igreja",Cucujães,3720-350,40.867565,-8.494293,posição 16021 galp - cucujães,galp,"rua do mosteiro, 838 - igreja","2,078 €",2026-05-15_dgeg_postos_raw.csv,7088e50628952bc9
2026-05-15,2026-05-15 14:31:32,2026-05-11 12:40:00,bcd078bc93dd29de,bcd078bc93dd29de_gasoline_95,Posição 16021 GALP - CUCUJÃES,GALP,gasoline_95,Gasolina simples 95,Outro,2.026,Oliveira de Azeméis,Aveiro,"Rua do Mosteiro, 838 - Igreja",Cucujães,3720-350,40.867565,-8.494293,posição 16021 galp - cucujães,galp,"rua do mosteiro, 838 - igreja","2,026 €",2026-05-15_dgeg_postos_raw.csv,fa26eea9f179ec0a
2026-05-15,2026-05-15 14:31:32,2026-05-11 12:45:00,010839215601d9ba,010839215601d9ba_diesel_regular,E.S. ABRANTES,REPSOL,diesel_regular,Gasóleo simples,Outro,2.029,Abrantes,Santarém,AV. D. JOÃO I 3,ABRANTES,2200-494,39.472078,-8.195447,e.s. abrantes,repsol,av. d. joão i 3,"2,029 €",2026-05-15_dgeg_postos_raw.csv,0e00959372604779
2026-05-15,2026-05-15 14:31:32,2026-05-11 12:45:00,010839215601d9ba,010839215601d9ba_diesel_premium,E.S. ABRANTES,REPSOL,diesel_premium,Gasóleo especial,Outro,2.089,Abrantes,Santarém,AV. D. JOÃO I 3,ABRANTES,2200-494,39.472078,-8.195447,e.s. abrantes,repsol,av. d. joão i 3,"2,089 €",2026-05-15_dgeg_postos_raw.csv,11da024f7422678a
2026-05-15,2026-05-15 14:31:32,2026-05-11 12:45:00,010839215601d9ba,010839215601d9ba_gasoline_95,E.S. ABRANTES,REPSOL,gasoline_95,Gasolina simples 95,Outro,2.027,Abrantes,Santarém,AV. D. JOÃO I 3,ABRANTES,2200-494,39.472078,-8.195447,e.s. abrantes,repsol,av. d. joão i 3,"2,027 €",2026-05-15_dgeg_postos_raw.csv,5af07ae3365abea2
2026-05-15,2026-05-15 14:31:32,2026-05-11 12:45:00,010839215601d9ba,010839215601d9ba_gasoline_98,E.S. ABRANTES,REPSOL,gasoline_98,Gasolina especial 98,Outro,2.217,Abrantes,Santarém,AV. D. JOÃO I 3,ABRANTES,2200-494,39.472078,-8.195447,e.s. abrantes,repsol,av. d. joão i 3,"2,217 €",2026-05-15_dgeg_postos_raw.csv,42ef0f21d414369b
2026-05-15,2026-05-15 14:31:32,2026-05-11 12:45:00,ca4526dbe75c7d13,ca4526dbe75c7d13_diesel_regular,"Petroiberica - Edmundo e Almeida Domingos, Lda",PETROIBÉRICA,diesel_regular,Gasóleo simples,Outro,2.015,Almeirim,Santarém,Rua 1º de Maio,Benfica do Ribatejo - Foros de Benfica,2080-400,39.12413,-8.65862,"petroiberica - edmundo e almeida domingos, lda",petroibérica,rua 1º de maio,"2,015 €",2026-05-15_dgeg_postos_raw.csv,476d965a59b22234
2026-05-15,2026-05-15 14:31:32,2026-05-11 12:45:00,ca4526dbe75c7d13,ca4526dbe75c7d13_gasoline_95,"Petroiberica - Edmundo e Almeida Domingos, Lda",PETROIBÉRICA,gasoline_95,Gasolina simples 95,Outro,2.016,Almeirim,Santarém,Rua 1º de Maio,Benfica do Ribatejo - Foros de Benfica,2080-400,39.12413,-8.65862,"petroiberica - edmundo e almeida domingos, lda",petroibérica,rua 1º de maio,"2,016 €",2026-05-15_dgeg_postos_raw.csv,88ecf450bc64e81e
2026-05-15,2026-05-15 14:31:32,2026-05-11 12:45:00,268b08098d91b7a8,268b08098d91b7a8_diesel_regular,CEPSA Silves - Estádio,CEPSA,diesel_regular,Gasóleo simples,Outro,1.986,Silves,Faro,"Rua Cruz da Palmeira, E.N.124 Km 17.936",Silves,8300-149,37.185936,-8.443151,cepsa silves - estádio,cepsa,"rua cruz da palmeira, e.n.124 km 17.936","1,986 €",2026-05-15_dgeg_postos_raw.csv,e208f43f8f010362
2026-05-15,2026-05-15 14:31:32,2026-05-11 12:45:00,268b08098d91b7a8,268b08098d91b7a8_diesel_premium,CEPSA Silves - Estádio,CEPSA,diesel_premium,Gasóleo especial,Outro,2.036,Silves,Faro,"Rua Cruz da Palmeira, E.N.124 Km 17.936",Silves,8300-149,37.185936,-8.443151,cepsa silves - estádio,cepsa,"rua cruz da palmeira, e.n.124 km 17.936","2,036 €",2026-05-15_dgeg_postos_raw.csv,e78cd891c96369eb
2026-05-15,2026-05-15 14:31:32,2026-05-11 12:45:00,268b08098d91b7a8,268b08098d91b7a8_gasoline_95,CEPSA Silves - Estádio,CEPSA,gasoline_95,Gasolina simples 95,Outro,1.978,Silves,Faro,"Rua Cruz da Palmeira, E.N.124 Km 17.936",Silves,8300-149,37.185936,-8.443151,cepsa silves - estádio,cepsa,"rua cruz da palmeira, e.n.124 km 17.936","1,978 €",2026-05-15_dgeg_postos_raw.csv,e6380905d1b9eee5
2026-05-15,2026-05-15 14:31:32,2026-05-11 12:45:00,2a12c79806793dc5,2a12c79806793dc5_diesel_regular,E.S. BREJOS AZEITAO A,REPSOL,diesel_regular,Gasóleo simples,Outro,2.029,Setúbal,Setúbal,EN 10 - Km24 - Norte-Sul,Azeitão,2925-742,38.530392,-9.021092,e.s. brejos azeitao a,repsol,en 10 - km24 - norte-sul,"2,029 €",2026-05-15_dgeg_postos_raw.csv,205a19b6f3a75e2c
2026-05-15,2026-05-15 14:31:32,2026-05-11 12:45:00,2a12c79806793dc5,2a12c79806793dc5_diesel_premium,E.S. BREJOS AZEITAO A,REPSOL,diesel_premium,Gasóleo especial,Outro,2.089,Setúbal,Setúbal,EN 10 - Km24 - Norte-Sul,Azeitão,2925-742,38.530392,-9.021092,e.s. brejos azeitao a,repsol,en 10 - km24 - norte-sul,"2,089 €",2026-05-15_dgeg_postos_raw.csv,0ac4db1a364d6478
2026-05-15,2026-05-15 14:31:32,2026-05-11 12:45:00,2a12c79806793dc5,2a12c79806793dc5_gasoline_95,E.S. BREJOS AZEITAO A,REPSOL,gasoline_95,Gasolina simples 95,Outro,2.027,Setúbal,Setúbal,EN 10 - Km24 - Norte-Sul,Azeitão,2925-742,38.530392,-9.021092,e.s. brejos azeitao a,repsol,en 10 - km24 - norte-sul,"2,027 €",2026-05-15_dgeg_postos_raw.csv,847e4be031c44d55
2026-05-15,2026-05-15 14:31:32,2026-05-11 12:45:00,2a12c79806793dc5,2a12c79806793dc5_gasoline_98,E.S. BREJOS AZEITAO A,REPSOL,gasoline_98,Gasolina especial 98,Outro,2.217,Setúbal,Setúbal,EN 10 - Km24 - Norte-Sul,Azeitão,2925-742,38.530392,-9.021092,e.s. brejos azeitao a,repsol,en 10 - km24 - norte-sul,"2,217 €",2026-05-15_dgeg_postos_raw.csv,dca83fd8f2303748
2026-05-15,2026-05-15 14:31:32,2026-05-11 12:45:00,64ad5ff59f2d083c,64ad5ff59f2d083c_diesel_regular,E.S. BREJOS AZEITAO B,REPSOL,diesel_regular,Gasóleo simples,Outro,2.029,Setúbal,Setúbal,EN 10 - Km24 - Sul-Norte,Azeitão,2925-742,38.530658,-9.020781,e.s. brejos azeitao b,repsol,en 10 - km24 - sul-norte,"2,029 €",2026-05-15_dgeg_postos_raw.csv,01b2abdfd6d769bc
2026-05-15,2026-05-15 14:31:32,2026-05-11 12:45:00,64ad5ff59f2d083c,64ad5ff59f2d083c_gasoline_95,E.S. BREJOS AZEITAO B,REPSOL,gasoline_95,Gasolina simples 95,Outro,2.027,Setúbal,Setúbal,EN 10 - Km24 - Sul-Norte,Azeitão,2925-742,38.530658,-9.020781,e.s. brejos azeitao b,repsol,en 10 - km24 - sul-norte,"2,027 €",2026-05-15_dgeg_postos_raw.csv,5abb2027108db03c
2026-05-15,2026-05-15 14:31:32,2026-05-11 12:45:00,3365a2dd2e68338b,3365a2dd2e68338b_diesel_regular,E.S. VILA CHA,REPSOL,diesel_regular,Gasóleo simples,Outro,2.029,Barreiro,Setúbal,EM 510,Lugar Vila Chã,2835-490,38.636239,-9.044358,e.s. vila cha,repsol,em 510,"2,029 €",2026-05-15_dgeg_postos_raw.csv,5a935174a33e7805
2026-05-15,2026-05-15 14:31:32,2026-05-11 12:45:00,3365a2dd2e68338b,3365a2dd2e68338b_diesel_premium,E.S. VILA CHA,REPSOL,diesel_premium,Gasóleo especial,Outro,2.089,Barreiro,Setúbal,EM 510,Lugar Vila Chã,2835-490,38.636239,-9.044358,e.s. vila cha,repsol,em 510,"2,089 €",2026-05-15_dgeg_postos_raw.csv,b37bd37e54a53c34
2026-05-15,2026-05-15 14:31:32,2026-05-11 12:45:00,3365a2dd2e68338b,3365a2dd2e68338b_gasoline_95,E.S. VILA CHA,REPSOL,gasoline_95,Gasolina simples 95,Outro,2.027,Barreiro,Setúbal,EM 510,Lugar Vila Chã,2835-490,38.636239,-9.044358,e.s. vila cha,repsol,em 510,"2,027 €",2026-05-15_dgeg_postos_raw.csv,0344e628cb5609a4
2026-05-15,2026-05-15 14:31:32,2026-05-11 12:45:00,3365a2dd2e68338b,3365a2dd2e68338b_gasoline_98,E.S. VILA CHA,REPSOL,gasoline_98,Gasolina especial 98,Outro,2.217,Barreiro,Setúbal,EM 510,Lugar Vila Chã,2835-490,38.636239,-9.044358,e.s. vila cha,repsol,em 510,"2,217 €",2026-05-15_dgeg_postos_raw.csv,0a6228b8f1a14707
2026-05-15,2026-05-15 14:31:32,2026-05-11 12:45:00,e1f5aecd980bddc9,e1f5aecd980bddc9_diesel_regular,E.S. FAIAS,REPSOL,diesel_regular,Gasóleo simples,Outro,2.029,Montijo,Setúbal,EN 4 Km 30,Faias,2985-000,38.69393,-8.77066,e.s. faias,repsol,en 4 km 30,"2,029 €",2026-05-15_dgeg_postos_raw.csv,32b34bada30f86fa
2026-05-15,2026-05-15 14:31:32,2026-05-11 12:45:00,e1f5aecd980bddc9,e1f5aecd980bddc9_diesel_premium,E.S. FAIAS,REPSOL,diesel_premium,Gasóleo especial,Outro,2.089,Montijo,Setúbal,EN 4 Km 30,Faias,2985-000,38.69393,-8.77066,e.s. faias,repsol,en 4 km 30,"2,089 €",2026-05-15_dgeg_postos_raw.csv,82ed70fb874b8a8b
2026-05-15,2026-05-15 14:31:32,2026-05-11 12:45:00,e1f5aecd980bddc9,e1f5aecd980bddc9_gasoline_95,E.S. FAIAS,REPSOL,gasoline_95,Gasolina simples 95,Outro,2.027,Montijo,Setúbal,EN 4 Km 30,Faias,2985-000,38.69393,-8.77066,e.s. faias,repsol,en 4 km 30,"2,027 €",2026-05-15_dgeg_postos_raw.csv,a9eb72d59236c559
2026-05-15,2026-05-15 14:31:32,2026-05-11 12:45:00,84055e0dd1082b77,84055e0dd1082b77_diesel_regular,E.S. MAKRO-PALMELA,REPSOL,diesel_regular,Gasóleo simples,Outro,2.029,Palmela,Setúbal,Quinta da Marquesa CABANAS - Quinta do Anjo,Palmela,2950-001,38.57845,-9.0067,e.s. makro-palmela,repsol,quinta da marquesa cabanas - quinta do anjo,"2,029 €",2026-05-15_dgeg_postos_raw.csv,a8c87446adbad528
2026-05-15,2026-05-15 14:31:32,2026-05-11 12:45:00,84055e0dd1082b77,84055e0dd1082b77_diesel_premium,E.S. MAKRO-PALMELA,REPSOL,diesel_premium,Gasóleo especial,Outro,2.089,Palmela,Setúbal,Quinta da Marquesa CABANAS - Quinta do Anjo,Palmela,2950-001,38.57845,-9.0067,e.s. makro-palmela,repsol,quinta da marquesa cabanas - quinta do anjo,"2,089 €",2026-05-15_dgeg_postos_raw.csv,88c217aae417388a
2026-05-15,2026-05-15 14:31:32,2026-05-11 12:45:00,84055e0dd1082b77,84055e0dd1082b77_gasoline_95,E.S. MAKRO-PALMELA,REPSOL,gasoline_95,Gasolina simples 95,Outro,2.027,Palmela,Setúbal,Quinta da Marquesa CABANAS - Quinta do Anjo,Palmela,2950-001,38.57845,-9.0067,e.s. makro-palmela,repsol,quinta da marquesa cabanas - quinta do anjo,"2,027 €",2026-05-15_dgeg_postos_raw.csv,1b5c6abfc6638db4
2026-05-15,2026-05-15 14:31:32,2026-05-11 12:45:00,567b338d3a1db0ce,567b338d3a1db0ce_diesel_regular,CEPSA - LAGOS MARGINAL,CEPSA,diesel_regular,Gasóleo simples,Outro,1.986,Lagos,Faro,Av. dos Descobrimentos,Lagos,8600-645,37.109971,-8.676679,cepsa - lagos marginal,cepsa,av. dos descobrimentos,"1,986 €",2026-05-15_dgeg_postos_raw.csv,336283ae5cf0cf57
2026-05-15,2026-05-15 14:31:32,2026-05-11 12:45:00,567b338d3a1db0ce,567b338d3a1db0ce_diesel_premium,CEPSA - LAGOS MARGINAL,CEPSA,diesel_premium,Gasóleo especial,Outro,2.036,Lagos,Faro,Av. dos Descobrimentos,Lagos,8600-645,37.109971,-8.676679,cepsa - lagos marginal,cepsa,av. dos descobrimentos,"2,036 €",2026-05-15_dgeg_postos_raw.csv,a82088495e8e7477
2026-05-15,2026-05-15 14:31:32,2026-05-11 12:45:00,567b338d3a1db0ce,567b338d3a1db0ce_gasoline_98,CEPSA - LAGOS MARGINAL,CEPSA,gasoline_98,Gasolina especial 98,Outro,2.19,Lagos,Faro,Av. dos Descobrimentos,Lagos,8600-645,37.109971,-8.676679,cepsa - lagos marginal,cepsa,av. dos descobrimentos,"2,190 €",2026-05-15_dgeg_postos_raw.csv,1f22ab7c8a6e186f
2026-05-15,2026-05-15 14:31:32,2026-05-11 12:45:00,143a97f1c5a6ec23,143a97f1c5a6ec23_diesel_regular,PA SILVES,CEPSA,diesel_regular,Gasóleo simples,Outro,1.966,Silves,Faro,EN 269,Silves - Figueiral,8300-027,37.17244,-8.41137,pa silves,cepsa,en 269,"1,966 €",2026-05-15_dgeg_postos_raw.csv,cb4af5cd00df9da0
2026-05-15,2026-05-15 14:31:32,2026-05-11 12:45:00,143a97f1c5a6ec23,143a97f1c5a6ec23_diesel_premium,PA SILVES,CEPSA,diesel_premium,Gasóleo especial,Outro,2.016,Silves,Faro,EN 269,Silves - Figueiral,8300-027,37.17244,-8.41137,pa silves,cepsa,en 269,"2,016 €",2026-05-15_dgeg_postos_raw.csv,c7df3a1676a431a0
2026-05-15,2026-05-15 14:31:32,2026-05-11 12:45:00,143a97f1c5a6ec23,143a97f1c5a6ec23_gasoline_95,PA SILVES,CEPSA,gasoline_95,Gasolina simples 95,Outro,1.958,Silves,Faro,EN 269,Silves - Figueiral,8300-027,37.17244,-8.41137,pa silves,cepsa,en 269,"1,958 €",2026-05-15_dgeg_postos_raw.csv,f7dee4c5e96dee76
2026-05-15,2026-05-15 14:31:32,2026-05-11 12:45:00,143a97f1c5a6ec23,143a97f1c5a6ec23_gasoline_98,PA SILVES,CEPSA,gasoline_98,Gasolina especial 98,Outro,2.17,Silves,Faro,EN 269,Silves - Figueiral,8300-027,37.17244,-8.41137,pa silves,cepsa,en 269,"2,170 €",2026-05-15_dgeg_postos_raw.csv,add90bff4c373e51
2026-05-15,2026-05-15 14:31:32,2026-05-11 12:50:00,567b338d3a1db0ce,567b338d3a1db0ce_gasoline_95,CEPSA - LAGOS MARGINAL,CEPSA,gasoline_95,Gasolina simples 95,Outro,1.978,Lagos,Faro,Av. dos Descobrimentos,Lagos,8600-645,37.109971,-8.676679,cepsa - lagos marginal,cepsa,av. dos descobrimentos,"1,978 €",2026-05-15_dgeg_postos_raw.csv,199845b5062ecfae
2026-05-15,2026-05-15 14:31:32,2026-05-11 12:50:00,637be7c4733df731,637be7c4733df731_diesel_regular,PORTIMÃO,CEPSA,diesel_regular,Gasóleo simples,Outro,1.936,Portimão,Faro,EN 124,Poço Seco-Cardosas,8500-338,37.150304,-8.539973,portimão,cepsa,en 124,"1,936 €",2026-05-15_dgeg_postos_raw.csv,64c151c4d48923ee
2026-05-15,2026-05-15 14:31:32,2026-05-11 12:50:00,637be7c4733df731,637be7c4733df731_diesel_premium,PORTIMÃO,CEPSA,diesel_premium,Gasóleo especial,Outro,1.986,Portimão,Faro,EN 124,Poço Seco-Cardosas,8500-338,37.150304,-8.539973,portimão,cepsa,en 124,"1,986 €",2026-05-15_dgeg_postos_raw.csv,4d90d9679c1a9fb6
2026-05-15,2026-05-15 14:31:32,2026-05-11 12:50:00,637be7c4733df731,637be7c4733df731_gasoline_95,PORTIMÃO,CEPSA,gasoline_95,Gasolina simples 95,Outro,1.928,Portimão,Faro,EN 124,Poço Seco-Cardosas,8500-338,37.150304,-8.539973,portimão,cepsa,en 124,"1,928 €",2026-05-15_dgeg_postos_raw.csv,f5fca6a5cbba274f
2026-05-15,2026-05-15 14:31:32,2026-05-11 12:50:00,637be7c4733df731,637be7c4733df731_gasoline_98,PORTIMÃO,CEPSA,gasoline_98,Gasolina especial 98,Outro,2.14,Portimão,Faro,EN 124,Poço Seco-Cardosas,8500-338,37.150304,-8.539973,portimão,cepsa,en 124,"2,140 €",2026-05-15_dgeg_postos_raw.csv,cadb7e44b2388e72
2026-05-15,2026-05-15 14:31:32,2026-05-11 12:50:00,050542b92eed1523,050542b92eed1523_diesel_regular,E.S. CUMEIRA DE CIMA,REPSOL,diesel_regular,Gasóleo simples,Outro,2.029,Porto de Mós,Leiria,EN 8 Km 126,Cumeira de Cima,2480-071,39.58834,-8.89127,e.s. cumeira de cima,repsol,en 8 km 126,"2,029 €",2026-05-15_dgeg_postos_raw.csv,c5c4fe7fb9e3bfb8
2026-05-15,2026-05-15 14:31:32,2026-05-11 12:50:00,050542b92eed1523,050542b92eed1523_diesel_premium,E.S. CUMEIRA DE CIMA,REPSOL,diesel_premium,Gasóleo especial,Outro,2.089,Porto de Mós,Leiria,EN 8 Km 126,Cumeira de Cima,2480-071,39.58834,-8.89127,e.s. cumeira de cima,repsol,en 8 km 126,"2,089 €",2026-05-15_dgeg_postos_raw.csv,4fb5d538b1038533
2026-05-15,2026-05-15 14:31:32,2026-05-11 12:50:00,050542b92eed1523,050542b92eed1523_gasoline_95,E.S. CUMEIRA DE CIMA,REPSOL,gasoline_95,Gasolina simples 95,Outro,2.027,Porto de Mós,Leiria,EN 8 Km 126,Cumeira de Cima,2480-071,39.58834,-8.89127,e.s. cumeira de cima,repsol,en 8 km 126,"2,027 €",2026-05-15_dgeg_postos_raw.csv,05f216809ef3fa28
2026-05-15,2026-05-15 14:31:32,2026-05-11 12:50:00,cc5548db80d557ce,cc5548db80d557ce_diesel_regular,E.S. ALCOBAÇA,REPSOL,diesel_regular,Gasóleo simples,Outro,2.079,Alcobaça,Leiria,Quinta da Cova da Onça,Alcobaça,2460-059,39.54948,-8.97085,e.s. alcobaça,repsol,quinta da cova da onça,"2,079 €",2026-05-15_dgeg_postos_raw.csv,54b19001da688a93
2026-05-15,2026-05-15 14:31:32,2026-05-11 12:50:00,cc5548db80d557ce,cc5548db80d557ce_diesel_premium,E.S. ALCOBAÇA,REPSOL,diesel_premium,Gasóleo especial,Outro,2.149,Alcobaça,Leiria,Quinta da Cova da Onça,Alcobaça,2460-059,39.54948,-8.97085,e.s. alcobaça,repsol,quinta da cova da onça,"2,149 €",2026-05-15_dgeg_postos_raw.csv,65a5d7540c3d6bfd
2026-05-15,2026-05-15 14:31:32,2026-05-11 12:50:00,cc5548db80d557ce,cc5548db80d557ce_gasoline_95,E.S. ALCOBAÇA,REPSOL,gasoline_95,Gasolina simples 95,Outro,2.067,Alcobaça,Leiria,Quinta da Cova da Onça,Alcobaça,2460-059,39.54948,-8.97085,e.s. alcobaça,repsol,quinta da cova da onça,"2,067 €",2026-05-15_dgeg_postos_raw.csv,18f554be719ec5d9
2026-05-15,2026-05-15 14:31:32,2026-05-11 12:50:00,28ed045febd76fba,28ed045febd76fba_diesel_regular,E.S. PAREDE,REPSOL,diesel_regular,Gasóleo simples,Outro,2.079,Cascais,Lisboa,Av. Maristas,Parede,2775-000,38.69204,-9.34819,e.s. parede,repsol,av. maristas,"2,079 €",2026-05-15_dgeg_postos_raw.csv,9be1ccdd4573e1a9
2026-05-15,2026-05-15 14:31:32,2026-05-11 12:50:00,28ed045febd76fba,28ed045febd76fba_diesel_premium,E.S. PAREDE,REPSOL,diesel_premium,Gasóleo especial,Outro,2.149,Cascais,Lisboa,Av. Maristas,Parede,2775-000,38.69204,-9.34819,e.s. parede,repsol,av. maristas,"2,149 €",2026-05-15_dgeg_postos_raw.csv,bb39c476883347b3
2026-05-15,2026-05-15 14:31:32,2026-05-11 12:50:00,28ed045febd76fba,28ed045febd76fba_gasoline_95,E.S. PAREDE,REPSOL,gasoline_95,Gasolina simples 95,Outro,2.067,Cascais,Lisboa,Av. Maristas,Parede,2775-000,38.69204,-9.34819,e.s. parede,repsol,av. maristas,"2,067 €",2026-05-15_dgeg_postos_raw.csv,115aeb2a49d20e96
2026-05-15,2026-05-15 14:31:32,2026-05-11 12:50:00,28ed045febd76fba,28ed045febd76fba_gasoline_98,E.S. PAREDE,REPSOL,gasoline_98,Gasolina especial 98,Outro,2.267,Cascais,Lisboa,Av. Maristas,Parede,2775-000,38.69204,-9.34819,e.s. parede,repsol,av. maristas,"2,267 €",2026-05-15_dgeg_postos_raw.csv,6fbd3144a39bd0b9
2026-05-15,2026-05-15 14:31:32,2026-05-11 12:50:00,42b42749092729fb,42b42749092729fb_diesel_regular,E.S. CELA N8,REPSOL,diesel_regular,Gasóleo simples,Outro,2.029,Alcobaça,Leiria,E.N. 8 Casal Jorge Dias,Cela,2460-347,39.508614,-9.065107,e.s. cela n8,repsol,e.n. 8 casal jorge dias,"2,029 €",2026-05-15_dgeg_postos_raw.csv,b247197655b3fa88
2026-05-15,2026-05-15 14:31:32,2026-05-11 12:50:00,42b42749092729fb,42b42749092729fb_diesel_premium,E.S. CELA N8,REPSOL,diesel_premium,Gasóleo especial,Outro,2.089,Alcobaça,Leiria,E.N. 8 Casal Jorge Dias,Cela,2460-347,39.508614,-9.065107,e.s. cela n8,repsol,e.n. 8 casal jorge dias,"2,089 €",2026-05-15_dgeg_postos_raw.csv,9492de5168f8c1f5
2026-05-15,2026-05-15 14:31:32,2026-05-11 12:50:00,42b42749092729fb,42b42749092729fb_gasoline_95,E.S. CELA N8,REPSOL,gasoline_95,Gasolina simples 95,Outro,2.027,Alcobaça,Leiria,E.N. 8 Casal Jorge Dias,Cela,2460-347,39.508614,-9.065107,e.s. cela n8,repsol,e.n. 8 casal jorge dias,"2,027 €",2026-05-15_dgeg_postos_raw.csv,e2cd0385884c3d09
2026-05-15,2026-05-15 14:31:32,2026-05-11 12:55:00,33ae78f2bb54a7bf,33ae78f2bb54a7bf_diesel_regular,Posto BP Paredes,BP,diesel_regular,Gasóleo simples,Outro,2.044,Paredes,Porto,"R. Dr. José Magalhães, 121",Paredes,4580-133,41.209702,-8.328676,posto bp paredes,bp,"r. dr. josé magalhães, 121","2,044 €",2026-05-15_dgeg_postos_raw.csv,39de22f41c70dee1
2026-05-15,2026-05-15 14:31:32,2026-05-11 12:55:00,33ae78f2bb54a7bf,33ae78f2bb54a7bf_diesel_premium,Posto BP Paredes,BP,diesel_premium,Gasóleo especial,Outro,2.224,Paredes,Porto,"R. Dr. José Magalhães, 121",Paredes,4580-133,41.209702,-8.328676,posto bp paredes,bp,"r. dr. josé magalhães, 121","2,224 €",2026-05-15_dgeg_postos_raw.csv,4756c4aaf8218d8e
2026-05-15,2026-05-15 14:31:32,2026-05-11 12:55:00,33ae78f2bb54a7bf,33ae78f2bb54a7bf_gasoline_95,Posto BP Paredes,BP,gasoline_95,Gasolina simples 95,Outro,2.039,Paredes,Porto,"R. Dr. José Magalhães, 121",Paredes,4580-133,41.209702,-8.328676,posto bp paredes,bp,"r. dr. josé magalhães, 121","2,039 €",2026-05-15_dgeg_postos_raw.csv,18f29bc9aef8ec63
2026-05-15,2026-05-15 14:31:32,2026-05-11 12:55:00,33ae78f2bb54a7bf,33ae78f2bb54a7bf_gasoline_98,Posto BP Paredes,BP,gasoline_98,Gasolina especial 98,Outro,2.299,Paredes,Porto,"R. Dr. José Magalhães, 121",Paredes,4580-133,41.209702,-8.328676,posto bp paredes,bp,"r. dr. josé magalhães, 121","2,299 €",2026-05-15_dgeg_postos_raw.csv,9ba09260192a7b1e
2026-05-15,2026-05-15 14:31:32,2026-05-11 12:55:00,dd42d16a5403fc64,dd42d16a5403fc64_diesel_regular,ECOBRENT SANTARÉM FAST,ECOBRENT,diesel_regular,Gasóleo simples,Outro,1.919,Santarém,Santarém,"R. Zeferino Silva 15,",Santarém,2005-321,39.240597,-8.702569,ecobrent santarém fast,ecobrent,"r. zeferino silva 15,","1,919 €",2026-05-15_dgeg_postos_raw.csv,027ed8592656d2e4
2026-05-15,2026-05-15 14:31:32,2026-05-11 12:55:00,dd42d16a5403fc64,dd42d16a5403fc64_diesel_premium,ECOBRENT SANTARÉM FAST,ECOBRENT,diesel_premium,Gasóleo especial,Outro,1.949,Santarém,Santarém,"R. Zeferino Silva 15,",Santarém,2005-321,39.240597,-8.702569,ecobrent santarém fast,ecobrent,"r. zeferino silva 15,","1,949 €",2026-05-15_dgeg_postos_raw.csv,418e72dd1c07542e
2026-05-15,2026-05-15 14:31:32,2026-05-11 12:55:00,dd42d16a5403fc64,dd42d16a5403fc64_gasoline_95,ECOBRENT SANTARÉM FAST,ECOBRENT,gasoline_95,Gasolina simples 95,Outro,1.919,Santarém,Santarém,"R. Zeferino Silva 15,",Santarém,2005-321,39.240597,-8.702569,ecobrent santarém fast,ecobrent,"r. zeferino silva 15,","1,919 €",2026-05-15_dgeg_postos_raw.csv,ad069b7a57075347
2026-05-15,2026-05-15 14:31:32,2026-05-11 13:00:00,546e1c21bb8c84e7,546e1c21bb8c84e7_diesel_regular,Cepsa Lagos saida para Sagres,CEPSA,diesel_regular,Gasóleo simples,Outro,1.986,Lagos,Faro,"Urbanização Pedra Alçada, Lote 17",Lagos,8600-546,37.10181,-8.69289,cepsa lagos saida para sagres,cepsa,"urbanização pedra alçada, lote 17","1,986 €",2026-05-15_dgeg_postos_raw.csv,7e2b193a64f09066
2026-05-15,2026-05-15 14:31:32,2026-05-11 13:00:00,546e1c21bb8c84e7,546e1c21bb8c84e7_diesel_premium,Cepsa Lagos saida para Sagres,CEPSA,diesel_premium,Gasóleo especial,Outro,2.036,Lagos,Faro,"Urbanização Pedra Alçada, Lote 17",Lagos,8600-546,37.10181,-8.69289,cepsa lagos saida para sagres,cepsa,"urbanização pedra alçada, lote 17","2,036 €",2026-05-15_dgeg_postos_raw.csv,f36c49b328129edf
2026-05-15,2026-05-15 14:31:32,2026-05-11 13:00:00,546e1c21bb8c84e7,546e1c21bb8c84e7_gasoline_95,Cepsa Lagos saida para Sagres,CEPSA,gasoline_95,Gasolina simples 95,Outro,1.978,Lagos,Faro,"Urbanização Pedra Alçada, Lote 17",Lagos,8600-546,37.10181,-8.69289,cepsa lagos saida para sagres,cepsa,"urbanização pedra alçada, lote 17","1,978 €",2026-05-15_dgeg_postos_raw.csv,38e70da148babf15
2026-05-15,2026-05-15 14:31:32,2026-05-11 13:00:00,546e1c21bb8c84e7,546e1c21bb8c84e7_gasoline_98,Cepsa Lagos saida para Sagres,CEPSA,gasoline_98,Gasolina especial 98,Outro,2.19,Lagos,Faro,"Urbanização Pedra Alçada, Lote 17",Lagos,8600-546,37.10181,-8.69289,cepsa lagos saida para sagres,cepsa,"urbanização pedra alçada, lote 17","2,190 €",2026-05-15_dgeg_postos_raw.csv,4470d47064e1f54b
2026-05-15,2026-05-15 14:31:32,2026-05-11 13:00:00,8c82ac7e4af36b38,8c82ac7e4af36b38_diesel_regular,INTERMARCHE CANEDO,INTERMARCHÉ,diesel_regular,Gasóleo simples,Outro,1.889,Santa Maria da Feira,Aveiro,R. Principal Lugar do Mosteiro,Canedo,4525-189,41.0057,-8.46624,intermarche canedo,intermarché,r. principal lugar do mosteiro,"1,889 €",2026-05-15_dgeg_postos_raw.csv,4a73cc064fef7ff4
2026-05-15,2026-05-15 14:31:32,2026-05-11 13:00:00,8c82ac7e4af36b38,8c82ac7e4af36b38_diesel_premium,INTERMARCHE CANEDO,INTERMARCHÉ,diesel_premium,Gasóleo especial,Outro,1.929,Santa Maria da Feira,Aveiro,R. Principal Lugar do Mosteiro,Canedo,4525-189,41.0057,-8.46624,intermarche canedo,intermarché,r. principal lugar do mosteiro,"1,929 €",2026-05-15_dgeg_postos_raw.csv,045e4c184228dac3
2026-05-15,2026-05-15 14:31:32,2026-05-11 13:00:00,8c82ac7e4af36b38,8c82ac7e4af36b38_gasoline_95,INTERMARCHE CANEDO,INTERMARCHÉ,gasoline_95,Gasolina simples 95,Outro,1.889,Santa Maria da Feira,Aveiro,R. Principal Lugar do Mosteiro,Canedo,4525-189,41.0057,-8.46624,intermarche canedo,intermarché,r. principal lugar do mosteiro,"1,889 €",2026-05-15_dgeg_postos_raw.csv,99f6f7f1bda5b5b3
2026-05-15,2026-05-15 14:31:32,2026-05-11 13:00:00,480989930b2d225d,480989930b2d225d_diesel_regular,js e sf,Genérico,diesel_regular,Gasóleo simples,Outro,1.994,Penafiel,Porto,"Av. de São Mamede,1974",São Mamede de Recezinhos,4560-800,41.2329,-8.22747,js e sf,genérico,"av. de são mamede,1974","1,994 €",2026-05-15_dgeg_postos_raw.csv,8c55d1bf27a70ab8
2026-05-15,2026-05-15 14:31:32,2026-05-11 13:00:00,480989930b2d225d,480989930b2d225d_diesel_premium,js e sf,Genérico,diesel_premium,Gasóleo especial,Outro,2.019,Penafiel,Porto,"Av. de São Mamede,1974",São Mamede de Recezinhos,4560-800,41.2329,-8.22747,js e sf,genérico,"av. de são mamede,1974","2,019 €",2026-05-15_dgeg_postos_raw.csv,d6f7b1f292f8c538
2026-05-15,2026-05-15 14:31:32,2026-05-11 13:00:00,480989930b2d225d,480989930b2d225d_gasoline_95,js e sf,Genérico,gasoline_95,Gasolina simples 95,Outro,2.002,Penafiel,Porto,"Av. de São Mamede,1974",São Mamede de Recezinhos,4560-800,41.2329,-8.22747,js e sf,genérico,"av. de são mamede,1974","2,002 €",2026-05-15_dgeg_postos_raw.csv,df0b6cbc5067288a
2026-05-15,2026-05-15 14:31:32,2026-05-11 13:00:00,8045227a6260ac53,8045227a6260ac53_diesel_regular,SANTA MARIA DE LAMAS,REPSOL,diesel_regular,Gasóleo simples,Outro,2.019,Santa Maria da Feira,Aveiro,Rua da Ribeirinha,S. Maria de Lamas,4535-366,40.97654,-8.56826,santa maria de lamas,repsol,rua da ribeirinha,"2,019 €",2026-05-15_dgeg_postos_raw.csv,fbf415c427001611
2026-05-15,2026-05-15 14:31:32,2026-05-11 13:00:00,8045227a6260ac53,8045227a6260ac53_diesel_premium,SANTA MARIA DE LAMAS,REPSOL,diesel_premium,Gasóleo especial,Outro,2.089,Santa Maria da Feira,Aveiro,Rua da Ribeirinha,S. Maria de Lamas,4535-366,40.97654,-8.56826,santa maria de lamas,repsol,rua da ribeirinha,"2,089 €",2026-05-15_dgeg_postos_raw.csv,807e7bfddc5bf115
2026-05-15,2026-05-15 14:31:32,2026-05-11 13:00:00,8045227a6260ac53,8045227a6260ac53_gasoline_95,SANTA MARIA DE LAMAS,REPSOL,gasoline_95,Gasolina simples 95,Outro,2.017,Santa Maria da Feira,Aveiro,Rua da Ribeirinha,S. Maria de Lamas,4535-366,40.97654,-8.56826,santa maria de lamas,repsol,rua da ribeirinha,"2,017 €",2026-05-15_dgeg_postos_raw.csv,ea9536e605f0a482
2026-05-15,2026-05-15 14:31:32,2026-05-11 13:00:00,e5cc309664dccf45,e5cc309664dccf45_diesel_regular,INTERMARCHÉ DE ALIJÓ,INTERMARCHÉ,diesel_regular,Gasóleo simples,Outro,1.929,Alijó,Vila Real,Lugar da Tapada - Apartado 22,Alijó,5070-050,41.2694,-7.47572,intermarché de alijó,intermarché,lugar da tapada - apartado 22,"1,929 €",2026-05-15_dgeg_postos_raw.csv,6b1f3239f01f4962
2026-05-15,2026-05-15 14:31:32,2026-05-11 13:00:00,e5cc309664dccf45,e5cc309664dccf45_diesel_premium,INTERMARCHÉ DE ALIJÓ,INTERMARCHÉ,diesel_premium,Gasóleo especial,Outro,1.959,Alijó,Vila Real,Lugar da Tapada - Apartado 22,Alijó,5070-050,41.2694,-7.47572,intermarché de alijó,intermarché,lugar da tapada - apartado 22,"1,959 €",2026-05-15_dgeg_postos_raw.csv,5eae9943fb49a73f
2026-05-15,2026-05-15 14:31:32,2026-05-11 13:00:00,e5cc309664dccf45,e5cc309664dccf45_gasoline_95,INTERMARCHÉ DE ALIJÓ,INTERMARCHÉ,gasoline_95,Gasolina simples 95,Outro,1.919,Alijó,Vila Real,Lugar da Tapada - Apartado 22,Alijó,5070-050,41.2694,-7.47572,intermarché de alijó,intermarché,lugar da tapada - apartado 22,"1,919 €",2026-05-15_dgeg_postos_raw.csv,3488d0a9c53fe640
2026-05-15,2026-05-15 14:31:32,2026-05-11 13:00:00,c990584282bf0b48,c990584282bf0b48_diesel_regular,GASPE Vinhais,GASPE,diesel_regular,Gasóleo simples,Outro,2.059,Vinhais,Bragança,Bairro Souto Covo,Vinhais,5320-316,41.8373,-6.9958,gaspe vinhais,gaspe,bairro souto covo,"2,059 €",2026-05-15_dgeg_postos_raw.csv,f9e038ad37b78c5e
2026-05-15,2026-05-15 14:31:32,2026-05-11 13:00:00,c990584282bf0b48,c990584282bf0b48_diesel_premium,GASPE Vinhais,GASPE,diesel_premium,Gasóleo especial,Outro,2.079,Vinhais,Bragança,Bairro Souto Covo,Vinhais,5320-316,41.8373,-6.9958,gaspe vinhais,gaspe,bairro souto covo,"2,079 €",2026-05-15_dgeg_postos_raw.csv,cda7223d27f842b9
2026-05-15,2026-05-15 14:31:32,2026-05-11 13:00:00,c990584282bf0b48,c990584282bf0b48_gasoline_95,GASPE Vinhais,GASPE,gasoline_95,Gasolina simples 95,Outro,2.062,Vinhais,Bragança,Bairro Souto Covo,Vinhais,5320-316,41.8373,-6.9958,gaspe vinhais,gaspe,bairro souto covo,"2,062 €",2026-05-15_dgeg_postos_raw.csv,1dc7636cc1a413bd
2026-05-15,2026-05-15 14:31:32,2026-05-11 13:00:00,3344a9000e1d0faf,3344a9000e1d0faf_diesel_regular,E.S. STA. MARIA DA FEIRA,REPSOL,diesel_regular,Gasóleo simples,Outro,2.019,Santa Maria da Feira,Aveiro,Lugar Da Cruz,Santa Maria da Feira,4520-195,40.921489,-8.5633,e.s. sta. maria da feira,repsol,lugar da cruz,"2,019 €",2026-05-15_dgeg_postos_raw.csv,3a0d13423374ae72
2026-05-15,2026-05-15 14:31:32,2026-05-11 13:00:00,3344a9000e1d0faf,3344a9000e1d0faf_diesel_premium,E.S. STA. MARIA DA FEIRA,REPSOL,diesel_premium,Gasóleo especial,Outro,2.069,Santa Maria da Feira,Aveiro,Lugar Da Cruz,Santa Maria da Feira,4520-195,40.921489,-8.5633,e.s. sta. maria da feira,repsol,lugar da cruz,"2,069 €",2026-05-15_dgeg_postos_raw.csv,29bd6fabb6ae4227
2026-05-15,2026-05-15 14:31:32,2026-05-11 13:00:00,3344a9000e1d0faf,3344a9000e1d0faf_gasoline_95,E.S. STA. MARIA DA FEIRA,REPSOL,gasoline_95,Gasolina simples 95,Outro,2.017,Santa Maria da Feira,Aveiro,Lugar Da Cruz,Santa Maria da Feira,4520-195,40.921489,-8.5633,e.s. sta. maria da feira,repsol,lugar da cruz,"2,017 €",2026-05-15_dgeg_postos_raw.csv,068a3141e454cd83
2026-05-15,2026-05-15 14:31:32,2026-05-11 13:00:00,4046036ef519c86b,4046036ef519c86b_diesel_regular,PASV LDA Centro,ALVES BANDEIRA,diesel_regular,Gasóleo simples,Outro,2.075,Manteigas,Guarda,Lugar de Valazedo,Manteigas,6260-000,40.40255,-7.53731,pasv lda centro,alves bandeira,lugar de valazedo,"2,075 €",2026-05-15_dgeg_postos_raw.csv,a3c215120f655fee
2026-05-15,2026-05-15 14:31:32,2026-05-11 13:00:00,4046036ef519c86b,4046036ef519c86b_diesel_premium,PASV LDA Centro,ALVES BANDEIRA,diesel_premium,Gasóleo especial,Outro,2.095,Manteigas,Guarda,Lugar de Valazedo,Manteigas,6260-000,40.40255,-7.53731,pasv lda centro,alves bandeira,lugar de valazedo,"2,095 €",2026-05-15_dgeg_postos_raw.csv,0f64c0960cfba06b
2026-05-15,2026-05-15 14:31:32,2026-05-11 13:00:00,4046036ef519c86b,4046036ef519c86b_gasoline_95,PASV LDA Centro,ALVES BANDEIRA,gasoline_95,Gasolina simples 95,Outro,2.081,Manteigas,Guarda,Lugar de Valazedo,Manteigas,6260-000,40.40255,-7.53731,pasv lda centro,alves bandeira,lugar de valazedo,"2,081 €",2026-05-15_dgeg_postos_raw.csv,d693c31daa802680
2026-05-15,2026-05-15 14:31:32,2026-05-11 13:00:00,9facdde2bccbed9b,9facdde2bccbed9b_diesel_regular,E.S. AVEIRO - Z. INDUSTRIAL,REPSOL,diesel_regular,Gasóleo simples,Outro,2.029,Aveiro,Aveiro,"Rua República nº 101 (EN 230 Km 2,18)",Esgueira-Alagoas,3810-158,40.6401,-8.60939,e.s. aveiro - z. industrial,repsol,"rua república nº 101 (en 230 km 2,18)","2,029 €",2026-05-15_dgeg_postos_raw.csv,7457f705fca16856
2026-05-15,2026-05-15 14:31:32,2026-05-11 13:00:00,9facdde2bccbed9b,9facdde2bccbed9b_diesel_premium,E.S. AVEIRO - Z. INDUSTRIAL,REPSOL,diesel_premium,Gasóleo especial,Outro,2.089,Aveiro,Aveiro,"Rua República nº 101 (EN 230 Km 2,18)",Esgueira-Alagoas,3810-158,40.6401,-8.60939,e.s. aveiro - z. industrial,repsol,"rua república nº 101 (en 230 km 2,18)","2,089 €",2026-05-15_dgeg_postos_raw.csv,58e48cd25dfb2b96
2026-05-15,2026-05-15 14:31:32,2026-05-11 13:00:00,9facdde2bccbed9b,9facdde2bccbed9b_gasoline_95,E.S. AVEIRO - Z. INDUSTRIAL,REPSOL,gasoline_95,Gasolina simples 95,Outro,2.027,Aveiro,Aveiro,"Rua República nº 101 (EN 230 Km 2,18)",Esgueira-Alagoas,3810-158,40.6401,-8.60939,e.s. aveiro - z. industrial,repsol,"rua república nº 101 (en 230 km 2,18)","2,027 €",2026-05-15_dgeg_postos_raw.csv,c897069937ccc442
2026-05-15,2026-05-15 14:31:32,2026-05-11 13:00:00,7e140f04312cd88b,7e140f04312cd88b_diesel_premium,"PA- PRIO-AMIAIS DE BAIXO  MANUEL MORGADO,LDA",PRIO,diesel_premium,Gasóleo especial,Outro,2.029,Santarém,Santarém,"Av.25 de Abril ,nº11",Amiais de Baixo,2025-301,39.44527,-8.724578,"pa- prio-amiais de baixo manuel morgado,lda",prio,"av.25 de abril ,nº11","2,029 €",2026-05-15_dgeg_postos_raw.csv,3d188660b18e5d61
2026-05-15,2026-05-15 14:31:32,2026-05-11 13:00:00,7e140f04312cd88b,7e140f04312cd88b_gasoline_95,"PA- PRIO-AMIAIS DE BAIXO  MANUEL MORGADO,LDA",PRIO,gasoline_95,Gasolina simples 95,Outro,2.049,Santarém,Santarém,"Av.25 de Abril ,nº11",Amiais de Baixo,2025-301,39.44527,-8.724578,"pa- prio-amiais de baixo manuel morgado,lda",prio,"av.25 de abril ,nº11","2,049 €",2026-05-15_dgeg_postos_raw.csv,fc7284e0899e5a85
2026-05-15,2026-05-15 14:31:32,2026-05-11 13:05:00,5c4fe51b2dc69619,5c4fe51b2dc69619_diesel_regular,E.S. BARRO ZI,REPSOL,diesel_regular,Gasóleo simples,Outro,2.029,Águeda,Aveiro,Zona Industrial,Barrô,3750-353,40.53712,-8.45097,e.s. barro zi,repsol,zona industrial,"2,029 €",2026-05-15_dgeg_postos_raw.csv,85ead4a9fe4a8bcd
2026-05-15,2026-05-15 14:31:32,2026-05-11 13:05:00,5c4fe51b2dc69619,5c4fe51b2dc69619_diesel_premium,E.S. BARRO ZI,REPSOL,diesel_premium,Gasóleo especial,Outro,2.089,Águeda,Aveiro,Zona Industrial,Barrô,3750-353,40.53712,-8.45097,e.s. barro zi,repsol,zona industrial,"2,089 €",2026-05-15_dgeg_postos_raw.csv,f66a3de8cac99ab3
2026-05-15,2026-05-15 14:31:32,2026-05-11 13:05:00,5c4fe51b2dc69619,5c4fe51b2dc69619_gasoline_95,E.S. BARRO ZI,REPSOL,gasoline_95,Gasolina simples 95,Outro,2.027,Águeda,Aveiro,Zona Industrial,Barrô,3750-353,40.53712,-8.45097,e.s. barro zi,repsol,zona industrial,"2,027 €",2026-05-15_dgeg_postos_raw.csv,b34608ea40aad040
2026-05-15,2026-05-15 14:31:32,2026-05-11 13:10:00,21427a3e2b5af18d,21427a3e2b5af18d_diesel_regular,"Somelgas-Sociedade de Electrodomesticos Gas e Energias, Lda",Genérico,diesel_regular,Gasóleo simples,Outro,1.999,Oliveira de Frades,Viseu,Zona Industrial de Oliveira de Frades,Zona Industrial,3680-323,40.71449,-8.19116,"somelgas-sociedade de electrodomesticos gas e energias, lda",genérico,zona industrial de oliveira de frades,"1,999 €",2026-05-15_dgeg_postos_raw.csv,d7e5d4e3912687cb
2026-05-15,2026-05-15 14:31:32,2026-05-11 13:10:00,21427a3e2b5af18d,21427a3e2b5af18d_gasoline_95,"Somelgas-Sociedade de Electrodomesticos Gas e Energias, Lda",Genérico,gasoline_95,Gasolina simples 95,Outro,1.998,Oliveira de Frades,Viseu,Zona Industrial de Oliveira de Frades,Zona Industrial,3680-323,40.71449,-8.19116,"somelgas-sociedade de electrodomesticos gas e energias, lda",genérico,zona industrial de oliveira de frades,"1,998 €",2026-05-15_dgeg_postos_raw.csv,688f8fd5f9a80bb8
2026-05-15,2026-05-15 14:31:32,2026-05-11 13:10:00,50cbe30596d24873,50cbe30596d24873_diesel_regular,"Agro Mondego Representações Agrícolas, Lda - PA Alqueidão",Genérico,diesel_regular,Gasóleo simples,Outro,2.059,Figueira da Foz,Coimbra,"Rua da Filarmónica, 24",Alqueidão,3090-431,40.094643,-8.771996,"agro mondego representações agrícolas, lda - pa alqueidão",genérico,"rua da filarmónica, 24","2,059 €",2026-05-15_dgeg_postos_raw.csv,a3a6d5af8a9494cb
2026-05-15,2026-05-15 14:31:32,2026-05-11 13:10:00,50cbe30596d24873,50cbe30596d24873_gasoline_95,"Agro Mondego Representações Agrícolas, Lda - PA Alqueidão",Genérico,gasoline_95,Gasolina simples 95,Outro,2.062,Figueira da Foz,Coimbra,"Rua da Filarmónica, 24",Alqueidão,3090-431,40.094643,-8.771996,"agro mondego representações agrícolas, lda - pa alqueidão",genérico,"rua da filarmónica, 24","2,062 €",2026-05-15_dgeg_postos_raw.csv,af9b0148c70c28f8
2026-05-15,2026-05-15 14:31:32,2026-05-11 13:10:00,8e8febf77426c206,8e8febf77426c206_diesel_regular,REPSOL Dornelas do Vouga - Sever do Vouga,REPSOL,diesel_regular,Gasóleo simples,Outro,2.029,Sever do Vouga,Aveiro,"EN 328 km 8,3 D. Dornelas",Dornelas do Vouga,3740-419,40.797375,-8.390672,repsol dornelas do vouga - sever do vouga,repsol,"en 328 km 8,3 d. dornelas","2,029 €",2026-05-15_dgeg_postos_raw.csv,3671f4a175edbab8
2026-05-15,2026-05-15 14:31:32,2026-05-11 13:10:00,8e8febf77426c206,8e8febf77426c206_diesel_premium,REPSOL Dornelas do Vouga - Sever do Vouga,REPSOL,diesel_premium,Gasóleo especial,Outro,2.089,Sever do Vouga,Aveiro,"EN 328 km 8,3 D. Dornelas",Dornelas do Vouga,3740-419,40.797375,-8.390672,repsol dornelas do vouga - sever do vouga,repsol,"en 328 km 8,3 d. dornelas","2,089 €",2026-05-15_dgeg_postos_raw.csv,dabcc2e4a6725a20
2026-05-15,2026-05-15 14:31:32,2026-05-11 13:10:00,8e8febf77426c206,8e8febf77426c206_gasoline_95,REPSOL Dornelas do Vouga - Sever do Vouga,REPSOL,gasoline_95,Gasolina simples 95,Outro,2.027,Sever do Vouga,Aveiro,"EN 328 km 8,3 D. Dornelas",Dornelas do Vouga,3740-419,40.797375,-8.390672,repsol dornelas do vouga - sever do vouga,repsol,"en 328 km 8,3 d. dornelas","2,027 €",2026-05-15_dgeg_postos_raw.csv,b482ac5e0483a554
2026-05-15,2026-05-15 14:31:32,2026-05-11 13:10:00,19088c759beaf5d8,19088c759beaf5d8_diesel_regular,Repsol Santa Eulália -  Arouca,REPSOL,diesel_regular,Gasóleo simples,Outro,2.029,Arouca,Aveiro,"Lugar do Areeiro - EN 224 ao km 32,360 E - Lado Esquerdo",Santa Eulália,4540-751,40.928314,-8.277171,repsol santa eulália - arouca,repsol,"lugar do areeiro - en 224 ao km 32,360 e - lado esquerdo","2,029 €",2026-05-15_dgeg_postos_raw.csv,eac4b6021077ce0d
2026-05-15,2026-05-15 14:31:32,2026-05-11 13:10:00,19088c759beaf5d8,19088c759beaf5d8_diesel_premium,Repsol Santa Eulália -  Arouca,REPSOL,diesel_premium,Gasóleo especial,Outro,2.089,Arouca,Aveiro,"Lugar do Areeiro - EN 224 ao km 32,360 E - Lado Esquerdo",Santa Eulália,4540-751,40.928314,-8.277171,repsol santa eulália - arouca,repsol,"lugar do areeiro - en 224 ao km 32,360 e - lado esquerdo","2,089 €",2026-05-15_dgeg_postos_raw.csv,97b7ea81d7b90a0f
2026-05-15,2026-05-15 14:31:32,2026-05-11 13:10:00,19088c759beaf5d8,19088c759beaf5d8_gasoline_95,Repsol Santa Eulália -  Arouca,REPSOL,gasoline_95,Gasolina simples 95,Outro,2.027,Arouca,Aveiro,"Lugar do Areeiro - EN 224 ao km 32,360 E - Lado Esquerdo",Santa Eulália,4540-751,40.928314,-8.277171,repsol santa eulália - arouca,repsol,"lugar do areeiro - en 224 ao km 32,360 e - lado esquerdo","2,027 €",2026-05-15_dgeg_postos_raw.csv,bc420c34a1a9e298
2026-05-15,2026-05-15 14:31:32,2026-05-11 13:10:00,7a0d48951102ecba,7a0d48951102ecba_diesel_regular,REPSOL  Anadia,REPSOL,diesel_regular,Gasóleo simples,Outro,2.059,Anadia,Aveiro,Praça do municipio,Anadia,3780-215,40.442287,-8.436901,repsol anadia,repsol,praça do municipio,"2,059 €",2026-05-15_dgeg_postos_raw.csv,f0745c213f8187de
2026-05-15,2026-05-15 14:31:32,2026-05-11 13:10:00,7a0d48951102ecba,7a0d48951102ecba_diesel_premium,REPSOL  Anadia,REPSOL,diesel_premium,Gasóleo especial,Outro,2.119,Anadia,Aveiro,Praça do municipio,Anadia,3780-215,40.442287,-8.436901,repsol anadia,repsol,praça do municipio,"2,119 €",2026-05-15_dgeg_postos_raw.csv,51129402368ae464
2026-05-15,2026-05-15 14:31:32,2026-05-11 13:10:00,7a0d48951102ecba,7a0d48951102ecba_gasoline_95,REPSOL  Anadia,REPSOL,gasoline_95,Gasolina simples 95,Outro,2.057,Anadia,Aveiro,Praça do municipio,Anadia,3780-215,40.442287,-8.436901,repsol anadia,repsol,praça do municipio,"2,057 €",2026-05-15_dgeg_postos_raw.csv,1e3bf55ca4206011
2026-05-15,2026-05-15 14:31:32,2026-05-11 13:10:00,7a0d48951102ecba,7a0d48951102ecba_gasoline_98,REPSOL  Anadia,REPSOL,gasoline_98,Gasolina especial 98,Outro,2.247,Anadia,Aveiro,Praça do municipio,Anadia,3780-215,40.442287,-8.436901,repsol anadia,repsol,praça do municipio,"2,247 €",2026-05-15_dgeg_postos_raw.csv,a4fddfb3e961486c
2026-05-15,2026-05-15 14:31:32,2026-05-11 13:15:00,9671e8ba474f82fe,9671e8ba474f82fe_diesel_regular,BP  NOGUEIRA LOUSADA,BP,diesel_regular,Gasóleo simples,Outro,2.054,Lousada,Porto,Estrada Carreira da Areia,Nogueira,4620-462,41.28532,-8.27292,bp nogueira lousada,bp,estrada carreira da areia,"2,054 €",2026-05-15_dgeg_postos_raw.csv,ed58b80b902e3c7f
2026-05-15,2026-05-15 14:31:32,2026-05-11 13:15:00,9671e8ba474f82fe,9671e8ba474f82fe_diesel_premium,BP  NOGUEIRA LOUSADA,BP,diesel_premium,Gasóleo especial,Outro,2.224,Lousada,Porto,Estrada Carreira da Areia,Nogueira,4620-462,41.28532,-8.27292,bp nogueira lousada,bp,estrada carreira da areia,"2,224 €",2026-05-15_dgeg_postos_raw.csv,cea3a6b24b13351c
2026-05-15,2026-05-15 14:31:32,2026-05-11 13:15:00,9671e8ba474f82fe,9671e8ba474f82fe_gasoline_95,BP  NOGUEIRA LOUSADA,BP,gasoline_95,Gasolina simples 95,Outro,2.049,Lousada,Porto,Estrada Carreira da Areia,Nogueira,4620-462,41.28532,-8.27292,bp nogueira lousada,bp,estrada carreira da areia,"2,049 €",2026-05-15_dgeg_postos_raw.csv,60407cbe751e6a82
2026-05-15,2026-05-15 14:31:32,2026-05-11 13:15:00,9671e8ba474f82fe,9671e8ba474f82fe_gasoline_98,BP  NOGUEIRA LOUSADA,BP,gasoline_98,Gasolina especial 98,Outro,2.299,Lousada,Porto,Estrada Carreira da Areia,Nogueira,4620-462,41.28532,-8.27292,bp nogueira lousada,bp,estrada carreira da areia,"2,299 €",2026-05-15_dgeg_postos_raw.csv,6816c906c19290cc
2026-05-15,2026-05-15 14:31:32,2026-05-11 13:15:00,d167c1da347b3a04,d167c1da347b3a04_diesel_premium,E.S. FATIMA,REPSOL,diesel_premium,Gasóleo especial,Outro,2.149,Ourém,Santarém,"Estrada de Leiria, n.º148 - Lugar de Barradas",Fátima,2495-407,39.64321,-8.68515,e.s. fatima,repsol,"estrada de leiria, n.º148 - lugar de barradas","2,149 €",2026-05-15_dgeg_postos_raw.csv,f3390633979e925e
2026-05-15,2026-05-15 14:31:32,2026-05-11 13:15:00,d167c1da347b3a04,d167c1da347b3a04_gasoline_95,E.S. FATIMA,REPSOL,gasoline_95,Gasolina simples 95,Outro,2.077,Ourém,Santarém,"Estrada de Leiria, n.º148 - Lugar de Barradas",Fátima,2495-407,39.64321,-8.68515,e.s. fatima,repsol,"estrada de leiria, n.º148 - lugar de barradas","2,077 €",2026-05-15_dgeg_postos_raw.csv,d2e4e679cfe0a7c9
2026-05-15,2026-05-15 14:31:32,2026-05-11 13:15:00,d167c1da347b3a04,d167c1da347b3a04_diesel_regular,E.S. FATIMA,REPSOL,diesel_regular,Gasóleo simples,Outro,2.079,Ourém,Santarém,"Estrada de Leiria, n.º148 - Lugar de Barradas",Fátima,2495-407,39.64321,-8.68515,e.s. fatima,repsol,"estrada de leiria, n.º148 - lugar de barradas","2,079 €",2026-05-15_dgeg_postos_raw.csv,8319f98fc4ca3755
2026-05-15,2026-05-15 14:31:32,2026-05-11 13:15:00,5fd4b3c6d4ce1d7d,5fd4b3c6d4ce1d7d_diesel_regular,E.S. LOUREIRA,REPSOL,diesel_regular,Gasóleo simples,Outro,2.079,Leiria,Leiria,Rua Central nº 65,Santa Catarina Serra,2495-000,39.664119,-8.686198,e.s. loureira,repsol,rua central nº 65,"2,079 €",2026-05-15_dgeg_postos_raw.csv,23a3ff8a8cc14478
2026-05-15,2026-05-15 14:31:32,2026-05-11 13:15:00,5fd4b3c6d4ce1d7d,5fd4b3c6d4ce1d7d_diesel_premium,E.S. LOUREIRA,REPSOL,diesel_premium,Gasóleo especial,Outro,2.149,Leiria,Leiria,Rua Central nº 65,Santa Catarina Serra,2495-000,39.664119,-8.686198,e.s. loureira,repsol,rua central nº 65,"2,149 €",2026-05-15_dgeg_postos_raw.csv,cf42dfdaa3222ba6
2026-05-15,2026-05-15 14:31:32,2026-05-11 13:15:00,5fd4b3c6d4ce1d7d,5fd4b3c6d4ce1d7d_gasoline_95,E.S. LOUREIRA,REPSOL,gasoline_95,Gasolina simples 95,Outro,2.077,Leiria,Leiria,Rua Central nº 65,Santa Catarina Serra,2495-000,39.664119,-8.686198,e.s. loureira,repsol,rua central nº 65,"2,077 €",2026-05-15_dgeg_postos_raw.csv,e245063f7d19a565
2026-05-15,2026-05-15 14:31:32,2026-05-11 13:15:00,5fd4b3c6d4ce1d7d,5fd4b3c6d4ce1d7d_gasoline_98,E.S. LOUREIRA,REPSOL,gasoline_98,Gasolina especial 98,Outro,2.277,Leiria,Leiria,Rua Central nº 65,Santa Catarina Serra,2495-000,39.664119,-8.686198,e.s. loureira,repsol,rua central nº 65,"2,277 €",2026-05-15_dgeg_postos_raw.csv,6d46c4ce95abc916
2026-05-15,2026-05-15 14:31:32,2026-05-11 13:20:00,6185869cc82b3724,6185869cc82b3724_diesel_regular,"Petromendes, Lda. - Meirinhas",Genérico,diesel_regular,Gasóleo simples,Outro,1.969,Pombal,Leiria,"Rua da Igreja, nº47",Meirinhas,3105-245,39.846783,-8.698533,"petromendes, lda. - meirinhas",genérico,"rua da igreja, nº47","1,969 €",2026-05-15_dgeg_postos_raw.csv,3d601134ca7a2d9b
2026-05-15,2026-05-15 14:31:32,2026-05-11 13:20:00,6185869cc82b3724,6185869cc82b3724_gasoline_95,"Petromendes, Lda. - Meirinhas",Genérico,gasoline_95,Gasolina simples 95,Outro,1.969,Pombal,Leiria,"Rua da Igreja, nº47",Meirinhas,3105-245,39.846783,-8.698533,"petromendes, lda. - meirinhas",genérico,"rua da igreja, nº47","1,969 €",2026-05-15_dgeg_postos_raw.csv,fbe97bf7d87f29c8
2026-05-15,2026-05-15 14:31:32,2026-05-11 13:25:00,f9bd805b7c309955,f9bd805b7c309955_diesel_regular,"Petromendes, Lda. - Santiago de Litém",Genérico,diesel_regular,Gasóleo simples,Outro,1.969,Pombal,Leiria,E.N. 1-6-KM 8,Catelaria,3100-648,39.847218,-8.603571,"petromendes, lda. - santiago de litém",genérico,e.n. 1-6-km 8,"1,969 €",2026-05-15_dgeg_postos_raw.csv,a32cd9f2eca47ff8
2026-05-15,2026-05-15 14:31:32,2026-05-11 13:25:00,f9bd805b7c309955,f9bd805b7c309955_gasoline_95,"Petromendes, Lda. - Santiago de Litém",Genérico,gasoline_95,Gasolina simples 95,Outro,1.969,Pombal,Leiria,E.N. 1-6-KM 8,Catelaria,3100-648,39.847218,-8.603571,"petromendes, lda. - santiago de litém",genérico,e.n. 1-6-km 8,"1,969 €",2026-05-15_dgeg_postos_raw.csv,d85d349db5c51fda
2026-05-15,2026-05-15 14:31:32,2026-05-11 13:25:00,f9bd805b7c309955,f9bd805b7c309955_diesel_premium,"Petromendes, Lda. - Santiago de Litém",Genérico,diesel_premium,Gasóleo especial,Outro,1.999,Pombal,Leiria,E.N. 1-6-KM 8,Catelaria,3100-648,39.847218,-8.603571,"petromendes, lda. - santiago de litém",genérico,e.n. 1-6-km 8,"1,999 €",2026-05-15_dgeg_postos_raw.csv,bf3c0e0182c5917e
2026-05-15,2026-05-15 14:31:32,2026-05-11 13:30:00,61ac3eb7481dcd5c,61ac3eb7481dcd5c_diesel_regular,PA Igrejinha -  J A Sandes da Silva,Genérico,diesel_regular,Gasóleo simples,Outro,2.079,Arraiolos,Évora,Courela - Vale Couvo,Igrejinha,7040-221,38.70443,-7.897712,pa igrejinha - j a sandes da silva,genérico,courela - vale couvo,"2,079 €",2026-05-15_dgeg_postos_raw.csv,ff2800aa7c553b78
2026-05-15,2026-05-15 14:31:32,2026-05-11 13:30:00,61ac3eb7481dcd5c,61ac3eb7481dcd5c_gasoline_95,PA Igrejinha -  J A Sandes da Silva,Genérico,gasoline_95,Gasolina simples 95,Outro,2.069,Arraiolos,Évora,Courela - Vale Couvo,Igrejinha,7040-221,38.70443,-7.897712,pa igrejinha - j a sandes da silva,genérico,courela - vale couvo,"2,069 €",2026-05-15_dgeg_postos_raw.csv,2d21ba8e69b9a29c
2026-05-15,2026-05-15 14:31:32,2026-05-11 13:30:00,61ac3eb7481dcd5c,61ac3eb7481dcd5c_diesel_premium,PA Igrejinha -  J A Sandes da Silva,Genérico,diesel_premium,Gasóleo especial,Outro,2.159,Arraiolos,Évora,Courela - Vale Couvo,Igrejinha,7040-221,38.70443,-7.897712,pa igrejinha - j a sandes da silva,genérico,courela - vale couvo,"2,159 €",2026-05-15_dgeg_postos_raw.csv,9426f0cabe5e92e4
2026-05-15,2026-05-15 14:31:32,2026-05-11 13:30:00,f1309b0e03149311,f1309b0e03149311_diesel_regular,Cooperativa dos Viticultores e Olivicultores de Freixo de Numão,PETROIBÉRICA,diesel_regular,Gasóleo simples,Outro,2.039,Vila Nova de Foz Côa,Guarda,EN 324,Freixo de Numão,5155-203,41.06956,-7.21952,cooperativa dos viticultores e olivicultores de freixo de numão,petroibérica,en 324,"2,039 €",2026-05-15_dgeg_postos_raw.csv,53f11a733b9a3cdf
2026-05-15,2026-05-15 14:31:32,2026-05-11 13:30:00,f1309b0e03149311,f1309b0e03149311_gasoline_95,Cooperativa dos Viticultores e Olivicultores de Freixo de Numão,PETROIBÉRICA,gasoline_95,Gasolina simples 95,Outro,2.022,Vila Nova de Foz Côa,Guarda,EN 324,Freixo de Numão,5155-203,41.06956,-7.21952,cooperativa dos viticultores e olivicultores de freixo de numão,petroibérica,en 324,"2,022 €",2026-05-15_dgeg_postos_raw.csv,92c3d71523cb8530
2026-05-15,2026-05-15 14:31:32,2026-05-11 14:00:00,1a97affbefde9f33,1a97affbefde9f33_diesel_regular,"Bombagás - Combustíveis e Lubrificantes, Lda",BOMBAGÁS,diesel_regular,Gasóleo simples,Outro,1.975,Vila Verde,Braga,"EN 201 - Km47,540",Monte Aforado,4730-282,41.676675,-8.524435,"bombagás - combustíveis e lubrificantes, lda",bombagás,"en 201 - km47,540","1,975 €",2026-05-15_dgeg_postos_raw.csv,71e90c93ca1a5374
2026-05-15,2026-05-15 14:31:32,2026-05-11 14:00:00,1a97affbefde9f33,1a97affbefde9f33_gasoline_95,"Bombagás - Combustíveis e Lubrificantes, Lda",BOMBAGÁS,gasoline_95,Gasolina simples 95,Outro,1.986,Vila Verde,Braga,"EN 201 - Km47,540",Monte Aforado,4730-282,41.676675,-8.524435,"bombagás - combustíveis e lubrificantes, lda",bombagás,"en 201 - km47,540","1,986 €",2026-05-15_dgeg_postos_raw.csv,775c48e145700b3f
2026-05-15,2026-05-15 14:31:32,2026-05-11 14:00:00,fa330dda8f966122,fa330dda8f966122_diesel_regular,RAPEL,Genérico,diesel_regular,Gasóleo simples,Outro,1.979,Amarante,Porto,Rua da Cruz 406 - Real,Real,4605-359,41.259719,-8.176487,rapel,genérico,rua da cruz 406 - real,"1,979 €",2026-05-15_dgeg_postos_raw.csv,bdd8b5fafcf01150
2026-05-15,2026-05-15 14:31:32,2026-05-11 14:00:00,fa330dda8f966122,fa330dda8f966122_diesel_premium,RAPEL,Genérico,diesel_premium,Gasóleo especial,Outro,1.999,Amarante,Porto,Rua da Cruz 406 - Real,Real,4605-359,41.259719,-8.176487,rapel,genérico,rua da cruz 406 - real,"1,999 €",2026-05-15_dgeg_postos_raw.csv,efaf5729970bc775
2026-05-15,2026-05-15 14:31:32,2026-05-11 14:00:00,fa330dda8f966122,fa330dda8f966122_gasoline_95,RAPEL,Genérico,gasoline_95,Gasolina simples 95,Outro,1.982,Amarante,Porto,Rua da Cruz 406 - Real,Real,4605-359,41.259719,-8.176487,rapel,genérico,rua da cruz 406 - real,"1,982 €",2026-05-15_dgeg_postos_raw.csv,2b6b11900b96216f
2026-05-15,2026-05-15 14:31:32,2026-05-11 14:00:00,528192f2aa35198a,528192f2aa35198a_diesel_regular,BOMBAGAS COMBUSTIVEIS E LUBRIFICANTES LDA,BOMBAGÁS,diesel_regular,Gasóleo simples,Outro,1.975,Vila Verde,Braga,EN 201,Marrancos-Arcozelo- Lugar do Monte Afurado,4731-000,41.67685,-8.52491,bombagas combustiveis e lubrificantes lda,bombagás,en 201,"1,975 €",2026-05-15_dgeg_postos_raw.csv,4a6e71c98e37a3c9
2026-05-15,2026-05-15 14:31:32,2026-05-11 14:00:00,528192f2aa35198a,528192f2aa35198a_gasoline_95,BOMBAGAS COMBUSTIVEIS E LUBRIFICANTES LDA,BOMBAGÁS,gasoline_95,Gasolina simples 95,Outro,1.986,Vila Verde,Braga,EN 201,Marrancos-Arcozelo- Lugar do Monte Afurado,4731-000,41.67685,-8.52491,bombagas combustiveis e lubrificantes lda,bombagás,en 201,"1,986 €",2026-05-15_dgeg_postos_raw.csv,554bcb3394088520
2026-05-15,2026-05-15 14:31:32,2026-05-11 14:00:00,b690cd5cd16e51ab,b690cd5cd16e51ab_diesel_premium,Posto de Abastecimento Seixo -  Mira,Genérico,diesel_premium,Gasóleo especial,Outro,1.959,Mira,Coimbra,"Rua do Cemitério, 207",Cabeças Verdes,3070-533,40.45344,-8.715679,posto de abastecimento seixo - mira,genérico,"rua do cemitério, 207","1,959 €",2026-05-15_dgeg_postos_raw.csv,ef4fa1353dee3f6b
2026-05-15,2026-05-15 14:31:32,2026-05-11 14:00:00,b690cd5cd16e51ab,b690cd5cd16e51ab_diesel_regular,Posto de Abastecimento Seixo -  Mira,Genérico,diesel_regular,Gasóleo simples,Outro,1.939,Mira,Coimbra,"Rua do Cemitério, 207",Cabeças Verdes,3070-533,40.45344,-8.715679,posto de abastecimento seixo - mira,genérico,"rua do cemitério, 207","1,939 €",2026-05-15_dgeg_postos_raw.csv,c778709d73dae8c7
2026-05-15,2026-05-15 14:31:32,2026-05-11 14:00:00,b690cd5cd16e51ab,b690cd5cd16e51ab_gasoline_95,Posto de Abastecimento Seixo -  Mira,Genérico,gasoline_95,Gasolina simples 95,Outro,1.939,Mira,Coimbra,"Rua do Cemitério, 207",Cabeças Verdes,3070-533,40.45344,-8.715679,posto de abastecimento seixo - mira,genérico,"rua do cemitério, 207","1,939 €",2026-05-15_dgeg_postos_raw.csv,284e4762c33efe5f
2026-05-15,2026-05-15 14:31:32,2026-05-11 14:00:00,528192f2aa35198a,528192f2aa35198a_diesel_premium,BOMBAGAS COMBUSTIVEIS E LUBRIFICANTES LDA,BOMBAGÁS,diesel_premium,Gasóleo especial,Outro,2.04,Vila Verde,Braga,EN 201,Marrancos-Arcozelo- Lugar do Monte Afurado,4731-000,41.67685,-8.52491,bombagas combustiveis e lubrificantes lda,bombagás,en 201,"2,040 €",2026-05-15_dgeg_postos_raw.csv,724e580a8f6a328a
2026-05-15,2026-05-15 14:31:32,2026-05-11 14:00:00,1a97affbefde9f33,1a97affbefde9f33_diesel_premium,"Bombagás - Combustíveis e Lubrificantes, Lda",BOMBAGÁS,diesel_premium,Gasóleo especial,Outro,2.04,Vila Verde,Braga,"EN 201 - Km47,540",Monte Aforado,4730-282,41.676675,-8.524435,"bombagás - combustíveis e lubrificantes, lda",bombagás,"en 201 - km47,540","2,040 €",2026-05-15_dgeg_postos_raw.csv,2b08ea091d5d9045
2026-05-15,2026-05-15 14:31:32,2026-05-11 14:00:00,ea3024c4830df167,ea3024c4830df167_diesel_regular,"Bombas Cooperativa Agricola dos Lavradores do Vale do Mondego, CRL",GALP,diesel_regular,Gasóleo simples,Outro,2.009,Figueira da Foz,Coimbra,"Rua de Santa Eulália, n.º 1",Azenha a Nova,3090-446,40.237877,-8.738884,"bombas cooperativa agricola dos lavradores do vale do mondego, crl",galp,"rua de santa eulália, n.º 1","2,009 €",2026-05-15_dgeg_postos_raw.csv,4232b570cb2d8e40
2026-05-15,2026-05-15 14:31:32,2026-05-11 14:00:00,ea3024c4830df167,ea3024c4830df167_diesel_premium,"Bombas Cooperativa Agricola dos Lavradores do Vale do Mondego, CRL",GALP,diesel_premium,Gasóleo especial,Outro,2.029,Figueira da Foz,Coimbra,"Rua de Santa Eulália, n.º 1",Azenha a Nova,3090-446,40.237877,-8.738884,"bombas cooperativa agricola dos lavradores do vale do mondego, crl",galp,"rua de santa eulália, n.º 1","2,029 €",2026-05-15_dgeg_postos_raw.csv,bb90daaaf56ae7c4
2026-05-15,2026-05-15 14:31:32,2026-05-11 14:00:00,ea3024c4830df167,ea3024c4830df167_gasoline_95,"Bombas Cooperativa Agricola dos Lavradores do Vale do Mondego, CRL",GALP,gasoline_95,Gasolina simples 95,Outro,2.012,Figueira da Foz,Coimbra,"Rua de Santa Eulália, n.º 1",Azenha a Nova,3090-446,40.237877,-8.738884,"bombas cooperativa agricola dos lavradores do vale do mondego, crl",galp,"rua de santa eulália, n.º 1","2,012 €",2026-05-15_dgeg_postos_raw.csv,b345299bf76ab7b3
2026-05-15,2026-05-15 14:31:32,2026-05-11 14:00:00,fc5102d8d214e720,fc5102d8d214e720_diesel_regular,Intermache Santa Comba Dão,INTERMARCHÉ,diesel_regular,Gasóleo simples,Outro,1.899,Santa Comba Dão,Viseu,Av. Santo Estevão nº20 \r\n,Santa Comba Dão,3440-323,40.40342,-8.12875,intermache santa comba dão,intermarché,av. santo estevão nº20 \r\n,"1,899 €",2026-05-15_dgeg_postos_raw.csv,0218986249bf1993
2026-05-15,2026-05-15 14:31:32,2026-05-11 14:00:00,fc5102d8d214e720,fc5102d8d214e720_diesel_premium,Intermache Santa Comba Dão,INTERMARCHÉ,diesel_premium,Gasóleo especial,Outro,1.949,Santa Comba Dão,Viseu,Av. Santo Estevão nº20 \r\n,Santa Comba Dão,3440-323,40.40342,-8.12875,intermache santa comba dão,intermarché,av. santo estevão nº20 \r\n,"1,949 €",2026-05-15_dgeg_postos_raw.csv,202ec2180ea019d4
2026-05-15,2026-05-15 14:31:32,2026-05-11 14:00:00,fc5102d8d214e720,fc5102d8d214e720_gasoline_95,Intermache Santa Comba Dão,INTERMARCHÉ,gasoline_95,Gasolina simples 95,Outro,1.899,Santa Comba Dão,Viseu,Av. Santo Estevão nº20 \r\n,Santa Comba Dão,3440-323,40.40342,-8.12875,intermache santa comba dão,intermarché,av. santo estevão nº20 \r\n,"1,899 €",2026-05-15_dgeg_postos_raw.csv,2ffaf683bb782faf
2026-05-15,2026-05-15 14:31:32,2026-05-11 14:00:00,3b06923f68b80948,3b06923f68b80948_diesel_regular,E.S. MOGEGE,REPSOL,diesel_regular,Gasóleo simples,Outro,2.039,Vila Nova de Famalicão,Braga,Margem Nascente da VIM,Pedome,4765-167,41.41959,-8.39843,e.s. mogege,repsol,margem nascente da vim,"2,039 €",2026-05-15_dgeg_postos_raw.csv,1ddf92e6baa93826
2026-05-15,2026-05-15 14:31:32,2026-05-11 14:00:00,3b06923f68b80948,3b06923f68b80948_diesel_premium,E.S. MOGEGE,REPSOL,diesel_premium,Gasóleo especial,Outro,2.089,Vila Nova de Famalicão,Braga,Margem Nascente da VIM,Pedome,4765-167,41.41959,-8.39843,e.s. mogege,repsol,margem nascente da vim,"2,089 €",2026-05-15_dgeg_postos_raw.csv,235aa06b3fb85adb
2026-05-15,2026-05-15 14:31:32,2026-05-11 14:00:00,3b06923f68b80948,3b06923f68b80948_gasoline_95,E.S. MOGEGE,REPSOL,gasoline_95,Gasolina simples 95,Outro,2.037,Vila Nova de Famalicão,Braga,Margem Nascente da VIM,Pedome,4765-167,41.41959,-8.39843,e.s. mogege,repsol,margem nascente da vim,"2,037 €",2026-05-15_dgeg_postos_raw.csv,60bd9d3d89bec688
2026-05-15,2026-05-15 14:31:32,2026-05-11 14:05:00,a37dd82ba5b65bce,a37dd82ba5b65bce_diesel_regular,E.S. SANTAREM,REPSOL,diesel_regular,Gasóleo simples,Outro,2.029,Santarém,Santarém,Rua O,Variante E.N 114,2000-630,39.24329,-8.69662,e.s. santarem,repsol,rua o,"2,029 €",2026-05-15_dgeg_postos_raw.csv,69de23a21d259178
2026-05-15,2026-05-15 14:31:32,2026-05-11 14:05:00,a37dd82ba5b65bce,a37dd82ba5b65bce_diesel_premium,E.S. SANTAREM,REPSOL,diesel_premium,Gasóleo especial,Outro,2.089,Santarém,Santarém,Rua O,Variante E.N 114,2000-630,39.24329,-8.69662,e.s. santarem,repsol,rua o,"2,089 €",2026-05-15_dgeg_postos_raw.csv,cf6063d06fe03dcb
2026-05-15,2026-05-15 14:31:32,2026-05-11 14:05:00,a37dd82ba5b65bce,a37dd82ba5b65bce_gasoline_95,E.S. SANTAREM,REPSOL,gasoline_95,Gasolina simples 95,Outro,2.027,Santarém,Santarém,Rua O,Variante E.N 114,2000-630,39.24329,-8.69662,e.s. santarem,repsol,rua o,"2,027 €",2026-05-15_dgeg_postos_raw.csv,e6b139fdd6b7ae44
2026-05-15,2026-05-15 14:31:32,2026-05-11 14:10:00,647be3fe592a2a2f,647be3fe592a2a2f_diesel_regular,GASPE Bragança,GASPE,diesel_regular,Gasóleo simples,Outro,2.059,Bragança,Bragança,Estrada Vale de Álvaro,Bragança,5300-274,41.81918,-6.75501,gaspe bragança,gaspe,estrada vale de álvaro,"2,059 €",2026-05-15_dgeg_postos_raw.csv,a536e2d6596d2efd
2026-05-15,2026-05-15 14:31:32,2026-05-11 14:10:00,647be3fe592a2a2f,647be3fe592a2a2f_diesel_premium,GASPE Bragança,GASPE,diesel_premium,Gasóleo especial,Outro,2.079,Bragança,Bragança,Estrada Vale de Álvaro,Bragança,5300-274,41.81918,-6.75501,gaspe bragança,gaspe,estrada vale de álvaro,"2,079 €",2026-05-15_dgeg_postos_raw.csv,bb39657b805524b7
2026-05-15,2026-05-15 14:31:32,2026-05-11 14:10:00,647be3fe592a2a2f,647be3fe592a2a2f_gasoline_95,GASPE Bragança,GASPE,gasoline_95,Gasolina simples 95,Outro,2.062,Bragança,Bragança,Estrada Vale de Álvaro,Bragança,5300-274,41.81918,-6.75501,gaspe bragança,gaspe,estrada vale de álvaro,"2,062 €",2026-05-15_dgeg_postos_raw.csv,0f080d58b1256427
2026-05-15,2026-05-15 14:31:32,2026-05-11 14:10:00,61218bde8eaa0556,61218bde8eaa0556_diesel_regular,"DIGUIPNEUS, LDA - Cardosos",Genérico,diesel_regular,Gasóleo simples,Outro,1.929,Leiria,Leiria,VARIANTE DA CARANGUEJEIRA,Cardosos,2420-020,39.721138,-8.713781,"diguipneus, lda - cardosos",genérico,variante da caranguejeira,"1,929 €",2026-05-15_dgeg_postos_raw.csv,cd54c6d418acb978
2026-05-15,2026-05-15 14:31:32,2026-05-11 14:10:00,61218bde8eaa0556,61218bde8eaa0556_diesel_premium,"DIGUIPNEUS, LDA - Cardosos",Genérico,diesel_premium,Gasóleo especial,Outro,1.949,Leiria,Leiria,VARIANTE DA CARANGUEJEIRA,Cardosos,2420-020,39.721138,-8.713781,"diguipneus, lda - cardosos",genérico,variante da caranguejeira,"1,949 €",2026-05-15_dgeg_postos_raw.csv,489afa3e9a8dd6d4
2026-05-15,2026-05-15 14:31:32,2026-05-11 14:10:00,61218bde8eaa0556,61218bde8eaa0556_gasoline_95,"DIGUIPNEUS, LDA - Cardosos",Genérico,gasoline_95,Gasolina simples 95,Outro,1.922,Leiria,Leiria,VARIANTE DA CARANGUEJEIRA,Cardosos,2420-020,39.721138,-8.713781,"diguipneus, lda - cardosos",genérico,variante da caranguejeira,"1,922 €",2026-05-15_dgeg_postos_raw.csv,a28debacaf96e3a4
2026-05-15,2026-05-15 14:31:32,2026-05-11 14:10:00,10ae0b06279fa1c1,10ae0b06279fa1c1_diesel_regular,PA Repsol - Posto B - 1081 (Cardosos - Leiria),REPSOL,diesel_regular,Gasóleo simples,Outro,2.079,Leiria,Leiria,"Rua de Tomar, nº 51",Cardosos,2420-020,39.718887,-8.714809,pa repsol - posto b - 1081 (cardosos - leiria),repsol,"rua de tomar, nº 51","2,079 €",2026-05-15_dgeg_postos_raw.csv,fe74b8b90fe715d0
2026-05-15,2026-05-15 14:31:32,2026-05-11 14:10:00,10ae0b06279fa1c1,10ae0b06279fa1c1_diesel_premium,PA Repsol - Posto B - 1081 (Cardosos - Leiria),REPSOL,diesel_premium,Gasóleo especial,Outro,2.149,Leiria,Leiria,"Rua de Tomar, nº 51",Cardosos,2420-020,39.718887,-8.714809,pa repsol - posto b - 1081 (cardosos - leiria),repsol,"rua de tomar, nº 51","2,149 €",2026-05-15_dgeg_postos_raw.csv,737431bb8468a374
2026-05-15,2026-05-15 14:31:32,2026-05-11 14:10:00,10ae0b06279fa1c1,10ae0b06279fa1c1_gasoline_95,PA Repsol - Posto B - 1081 (Cardosos - Leiria),REPSOL,gasoline_95,Gasolina simples 95,Outro,2.077,Leiria,Leiria,"Rua de Tomar, nº 51",Cardosos,2420-020,39.718887,-8.714809,pa repsol - posto b - 1081 (cardosos - leiria),repsol,"rua de tomar, nº 51","2,077 €",2026-05-15_dgeg_postos_raw.csv,25f6a03c78e10656
2026-05-15,2026-05-15 14:31:32,2026-05-11 14:10:00,fd8f7e227672cc1d,fd8f7e227672cc1d_diesel_regular,GALP Massamá Sul-Av. 25 Abril,GALP,diesel_regular,Gasóleo simples,Outro,2.055,Sintra,Lisboa,"Av. 25 de Abril, 208",Queluz,2745-000,38.75634,-9.288737,galp massamá sul-av. 25 abril,galp,"av. 25 de abril, 208","2,055 €",2026-05-15_dgeg_postos_raw.csv,197f715678bf81a4
2026-05-15,2026-05-15 14:31:32,2026-05-11 14:10:00,fd8f7e227672cc1d,fd8f7e227672cc1d_diesel_premium,GALP Massamá Sul-Av. 25 Abril,GALP,diesel_premium,Gasóleo especial,Outro,2.105,Sintra,Lisboa,"Av. 25 de Abril, 208",Queluz,2745-000,38.75634,-9.288737,galp massamá sul-av. 25 abril,galp,"av. 25 de abril, 208","2,105 €",2026-05-15_dgeg_postos_raw.csv,47694ba35f4d011e
2026-05-15,2026-05-15 14:31:32,2026-05-11 14:10:00,fd8f7e227672cc1d,fd8f7e227672cc1d_gasoline_95,GALP Massamá Sul-Av. 25 Abril,GALP,gasoline_95,Gasolina simples 95,Outro,2.051,Sintra,Lisboa,"Av. 25 de Abril, 208",Queluz,2745-000,38.75634,-9.288737,galp massamá sul-av. 25 abril,galp,"av. 25 de abril, 208","2,051 €",2026-05-15_dgeg_postos_raw.csv,77042c36149f4fbe
2026-05-15,2026-05-15 14:31:32,2026-05-11 14:10:00,dddbab28d5a9cb2d,dddbab28d5a9cb2d_diesel_regular,GALP - Massamá Norte,GALP,diesel_regular,Gasóleo simples,Outro,2.055,Sintra,Lisboa,"Rua D. Carlota Joaquina, 1  - Massamá Norte",Belas,2605-219,38.761368,-9.279237,galp - massamá norte,galp,"rua d. carlota joaquina, 1 - massamá norte","2,055 €",2026-05-15_dgeg_postos_raw.csv,eab242494219d599
2026-05-15,2026-05-15 14:31:32,2026-05-11 14:10:00,dddbab28d5a9cb2d,dddbab28d5a9cb2d_diesel_premium,GALP - Massamá Norte,GALP,diesel_premium,Gasóleo especial,Outro,2.105,Sintra,Lisboa,"Rua D. Carlota Joaquina, 1  - Massamá Norte",Belas,2605-219,38.761368,-9.279237,galp - massamá norte,galp,"rua d. carlota joaquina, 1 - massamá norte","2,105 €",2026-05-15_dgeg_postos_raw.csv,2b14ca226fb30d80
2026-05-15,2026-05-15 14:31:32,2026-05-11 14:10:00,dddbab28d5a9cb2d,dddbab28d5a9cb2d_gasoline_95,GALP - Massamá Norte,GALP,gasoline_95,Gasolina simples 95,Outro,2.051,Sintra,Lisboa,"Rua D. Carlota Joaquina, 1  - Massamá Norte",Belas,2605-219,38.761368,-9.279237,galp - massamá norte,galp,"rua d. carlota joaquina, 1 - massamá norte","2,051 €",2026-05-15_dgeg_postos_raw.csv,9acc9b7c6386addb
2026-05-15,2026-05-15 14:31:32,2026-05-11 14:15:00,e28110bb2bd700a8,e28110bb2bd700a8_diesel_regular,BP Avanca (N-S),BP,diesel_regular,Gasóleo simples,Outro,2.104,Estarreja,Aveiro,RUA DO FALCÃO - EN109 - 44.3KM,Avanca,3860-060,40.78546,-8.566339,bp avanca (n-s),bp,rua do falcão - en109 - 44.3km,"2,104 €",2026-05-15_dgeg_postos_raw.csv,106ce687707ec47c
2026-05-15,2026-05-15 14:31:32,2026-05-11 14:15:00,e28110bb2bd700a8,e28110bb2bd700a8_gasoline_95,BP Avanca (N-S),BP,gasoline_95,Gasolina simples 95,Outro,2.099,Estarreja,Aveiro,RUA DO FALCÃO - EN109 - 44.3KM,Avanca,3860-060,40.78546,-8.566339,bp avanca (n-s),bp,rua do falcão - en109 - 44.3km,"2,099 €",2026-05-15_dgeg_postos_raw.csv,1f46b9662ed542e6
2026-05-15,2026-05-15 14:31:32,2026-05-11 14:15:00,e28110bb2bd700a8,e28110bb2bd700a8_diesel_premium,BP Avanca (N-S),BP,diesel_premium,Gasóleo especial,Outro,2.224,Estarreja,Aveiro,RUA DO FALCÃO - EN109 - 44.3KM,Avanca,3860-060,40.78546,-8.566339,bp avanca (n-s),bp,rua do falcão - en109 - 44.3km,"2,224 €",2026-05-15_dgeg_postos_raw.csv,77d59b1972e60c1b
2026-05-15,2026-05-15 14:31:32,2026-05-11 14:15:00,e28110bb2bd700a8,e28110bb2bd700a8_gasoline_98,BP Avanca (N-S),BP,gasoline_98,Gasolina especial 98,Outro,2.299,Estarreja,Aveiro,RUA DO FALCÃO - EN109 - 44.3KM,Avanca,3860-060,40.78546,-8.566339,bp avanca (n-s),bp,rua do falcão - en109 - 44.3km,"2,299 €",2026-05-15_dgeg_postos_raw.csv,b004093f19b0fcbe
2026-05-15,2026-05-15 14:31:32,2026-05-11 14:15:00,5bef17984bd4fc86,5bef17984bd4fc86_diesel_regular,CEPSA - CACHOPO,CEPSA,diesel_regular,Gasóleo simples,Outro,2.017,Tavira,Faro,EN 397,Cachopo,8800-014,37.33115,-7.81261,cepsa - cachopo,cepsa,en 397,"2,017 €",2026-05-15_dgeg_postos_raw.csv,2cf055470530f408
2026-05-15,2026-05-15 14:31:32,2026-05-11 14:15:00,5bef17984bd4fc86,5bef17984bd4fc86_gasoline_95,CEPSA - CACHOPO,CEPSA,gasoline_95,Gasolina simples 95,Outro,1.989,Tavira,Faro,EN 397,Cachopo,8800-014,37.33115,-7.81261,cepsa - cachopo,cepsa,en 397,"1,989 €",2026-05-15_dgeg_postos_raw.csv,4ed502fbc1422b16
2026-05-15,2026-05-15 14:31:32,2026-05-11 14:15:00,5bef17984bd4fc86,5bef17984bd4fc86_gasoline_98,CEPSA - CACHOPO,CEPSA,gasoline_98,Gasolina especial 98,Outro,2.19,Tavira,Faro,EN 397,Cachopo,8800-014,37.33115,-7.81261,cepsa - cachopo,cepsa,en 397,"2,190 €",2026-05-15_dgeg_postos_raw.csv,f0b4162c1f5da55a
2026-05-15,2026-05-15 14:31:32,2026-05-11 14:15:00,c525224bf5b7e055,c525224bf5b7e055_diesel_regular,GALP Mangualde,GALP,diesel_regular,Gasóleo simples,Outro,2.028,Mangualde,Viseu,"EN 16, Km 109,800 - Avenida dos Capitães",Mangualde,3530-114,40.60447,-7.769239,galp mangualde,galp,"en 16, km 109,800 - avenida dos capitães","2,028 €",2026-05-15_dgeg_postos_raw.csv,fd99c0b88c95e223
2026-05-15,2026-05-15 14:31:32,2026-05-11 14:15:00,c525224bf5b7e055,c525224bf5b7e055_diesel_premium,GALP Mangualde,GALP,diesel_premium,Gasóleo especial,Outro,2.078,Mangualde,Viseu,"EN 16, Km 109,800 - Avenida dos Capitães",Mangualde,3530-114,40.60447,-7.769239,galp mangualde,galp,"en 16, km 109,800 - avenida dos capitães","2,078 €",2026-05-15_dgeg_postos_raw.csv,b52ccf33b3ce5811
2026-05-15,2026-05-15 14:31:32,2026-05-11 14:15:00,c525224bf5b7e055,c525224bf5b7e055_gasoline_95,GALP Mangualde,GALP,gasoline_95,Gasolina simples 95,Outro,2.026,Mangualde,Viseu,"EN 16, Km 109,800 - Avenida dos Capitães",Mangualde,3530-114,40.60447,-7.769239,galp mangualde,galp,"en 16, km 109,800 - avenida dos capitães","2,026 €",2026-05-15_dgeg_postos_raw.csv,0414ee00950ff174
2026-05-15,2026-05-15 14:31:32,2026-05-11 14:15:00,b184496e85143cdc,b184496e85143cdc_diesel_regular,INTERMARCHE GAFANHA DA NAZARE,INTERMARCHÉ,diesel_regular,Gasóleo simples,Outro,1.955,Ílhavo,Aveiro,R. Maria da Luz Rocha,Gafanha da Nazaré,3830-793,40.627495,-8.722008,intermarche gafanha da nazare,intermarché,r. maria da luz rocha,"1,955 €",2026-05-15_dgeg_postos_raw.csv,27d9db29de42c271
2026-05-15,2026-05-15 14:31:32,2026-05-11 14:15:00,b184496e85143cdc,b184496e85143cdc_diesel_premium,INTERMARCHE GAFANHA DA NAZARE,INTERMARCHÉ,diesel_premium,Gasóleo especial,Outro,1.959,Ílhavo,Aveiro,R. Maria da Luz Rocha,Gafanha da Nazaré,3830-793,40.627495,-8.722008,intermarche gafanha da nazare,intermarché,r. maria da luz rocha,"1,959 €",2026-05-15_dgeg_postos_raw.csv,317e2b84e7f3b2f8
2026-05-15,2026-05-15 14:31:32,2026-05-11 14:15:00,b184496e85143cdc,b184496e85143cdc_gasoline_95,INTERMARCHE GAFANHA DA NAZARE,INTERMARCHÉ,gasoline_95,Gasolina simples 95,Outro,1.879,Ílhavo,Aveiro,R. Maria da Luz Rocha,Gafanha da Nazaré,3830-793,40.627495,-8.722008,intermarche gafanha da nazare,intermarché,r. maria da luz rocha,"1,879 €",2026-05-15_dgeg_postos_raw.csv,d6888fdc5355a824
2026-05-15,2026-05-15 14:31:32,2026-05-11 14:20:00,39948db06daec439,39948db06daec439_diesel_regular,"António Almeida & Lourenço, Lda",Genérico,diesel_regular,Gasóleo simples,Outro,2.055,Castelo Branco,Castelo Branco,"Bairro Novo, 2",Pousafoles,6000-703,39.913292,-7.680331,"antónio almeida & lourenço, lda",genérico,"bairro novo, 2","2,055 €",2026-05-15_dgeg_postos_raw.csv,86ca66184d02f6ad
2026-05-15,2026-05-15 14:31:32,2026-05-11 14:20:00,39948db06daec439,39948db06daec439_gasoline_95,"António Almeida & Lourenço, Lda",Genérico,gasoline_95,Gasolina simples 95,Outro,2.061,Castelo Branco,Castelo Branco,"Bairro Novo, 2",Pousafoles,6000-703,39.913292,-7.680331,"antónio almeida & lourenço, lda",genérico,"bairro novo, 2","2,061 €",2026-05-15_dgeg_postos_raw.csv,99e3b749776b2342
2026-05-15,2026-05-15 14:31:32,2026-05-11 14:20:00,b1ee997ea51698b0,b1ee997ea51698b0_diesel_regular,GALP Casal do Arqueiro - Batalha,GALP,diesel_regular,Gasóleo simples,Outro,2.059,Batalha,Leiria,"Estrada Nacional 356, nº9",Casal do Arqueiro,2440-019,39.669327,-8.865885,galp casal do arqueiro - batalha,galp,"estrada nacional 356, nº9","2,059 €",2026-05-15_dgeg_postos_raw.csv,c69c290ea57535f6
2026-05-15,2026-05-15 14:31:32,2026-05-11 14:20:00,b1ee997ea51698b0,b1ee997ea51698b0_gasoline_95,GALP Casal do Arqueiro - Batalha,GALP,gasoline_95,Gasolina simples 95,Outro,2.062,Batalha,Leiria,"Estrada Nacional 356, nº9",Casal do Arqueiro,2440-019,39.669327,-8.865885,galp casal do arqueiro - batalha,galp,"estrada nacional 356, nº9","2,062 €",2026-05-15_dgeg_postos_raw.csv,52cc2e5dd70355e3
2026-05-15,2026-05-15 14:31:32,2026-05-11 14:20:00,b1ee997ea51698b0,b1ee997ea51698b0_diesel_premium,GALP Casal do Arqueiro - Batalha,GALP,diesel_premium,Gasóleo especial,Outro,2.079,Batalha,Leiria,"Estrada Nacional 356, nº9",Casal do Arqueiro,2440-019,39.669327,-8.865885,galp casal do arqueiro - batalha,galp,"estrada nacional 356, nº9","2,079 €",2026-05-15_dgeg_postos_raw.csv,85553927e0ac64b5
2026-05-15,2026-05-15 14:31:32,2026-05-11 14:20:00,15236cd43be0b6dc,15236cd43be0b6dc_diesel_regular,CEPSA Covilhã,CEPSA,diesel_regular,Gasóleo simples,Outro,2.008,Covilhã,Castelo Branco,Alameda Pêro da Covilhã,Covilhã,6200-507,40.26658,-7.495633,cepsa covilhã,cepsa,alameda pêro da covilhã,"2,008 €",2026-05-15_dgeg_postos_raw.csv,9547defbdf6127e4
2026-05-15,2026-05-15 14:31:32,2026-05-11 14:20:00,15236cd43be0b6dc,15236cd43be0b6dc_gasoline_95,CEPSA Covilhã,CEPSA,gasoline_95,Gasolina simples 95,Outro,1.958,Covilhã,Castelo Branco,Alameda Pêro da Covilhã,Covilhã,6200-507,40.26658,-7.495633,cepsa covilhã,cepsa,alameda pêro da covilhã,"1,958 €",2026-05-15_dgeg_postos_raw.csv,1f622769324a72ff
2026-05-15,2026-05-15 14:31:32,2026-05-11 14:20:00,15236cd43be0b6dc,15236cd43be0b6dc_diesel_premium,CEPSA Covilhã,CEPSA,diesel_premium,Gasóleo especial,Outro,2.016,Covilhã,Castelo Branco,Alameda Pêro da Covilhã,Covilhã,6200-507,40.26658,-7.495633,cepsa covilhã,cepsa,alameda pêro da covilhã,"2,016 €",2026-05-15_dgeg_postos_raw.csv,6cc3981194709ad5
2026-05-15,2026-05-15 14:31:32,2026-05-11 14:20:00,8e4c48fb37ea1fd9,8e4c48fb37ea1fd9_diesel_premium,BP Avanca (S-N),BP,diesel_premium,Gasóleo especial,Outro,2.224,Estarreja,Aveiro,"R. do Falcão, E.N. 109 - Km 44.3",Avanca,3860-060,40.785388,-8.566024,bp avanca (s-n),bp,"r. do falcão, e.n. 109 - km 44.3","2,224 €",2026-05-15_dgeg_postos_raw.csv,cf9fd97fea1df446
2026-05-15,2026-05-15 14:31:32,2026-05-11 14:20:00,8e4c48fb37ea1fd9,8e4c48fb37ea1fd9_diesel_regular,BP Avanca (S-N),BP,diesel_regular,Gasóleo simples,Outro,2.104,Estarreja,Aveiro,"R. do Falcão, E.N. 109 - Km 44.3",Avanca,3860-060,40.785388,-8.566024,bp avanca (s-n),bp,"r. do falcão, e.n. 109 - km 44.3","2,104 €",2026-05-15_dgeg_postos_raw.csv,01a22eef270f9fac
2026-05-15,2026-05-15 14:31:32,2026-05-11 14:20:00,8e4c48fb37ea1fd9,8e4c48fb37ea1fd9_gasoline_95,BP Avanca (S-N),BP,gasoline_95,Gasolina simples 95,Outro,2.099,Estarreja,Aveiro,"R. do Falcão, E.N. 109 - Km 44.3",Avanca,3860-060,40.785388,-8.566024,bp avanca (s-n),bp,"r. do falcão, e.n. 109 - km 44.3","2,099 €",2026-05-15_dgeg_postos_raw.csv,26f34ecb60c050b5
2026-05-15,2026-05-15 14:31:32,2026-05-11 14:20:00,8e4c48fb37ea1fd9,8e4c48fb37ea1fd9_gasoline_98,BP Avanca (S-N),BP,gasoline_98,Gasolina especial 98,Outro,2.299,Estarreja,Aveiro,"R. do Falcão, E.N. 109 - Km 44.3",Avanca,3860-060,40.785388,-8.566024,bp avanca (s-n),bp,"r. do falcão, e.n. 109 - km 44.3","2,299 €",2026-05-15_dgeg_postos_raw.csv,c06cab0e3b158299
2026-05-15,2026-05-15 14:31:32,2026-05-11 14:25:00,40f2e34b65a2c1eb,40f2e34b65a2c1eb_diesel_regular,REPSOL Neiva A (Porto-Viana),Genérico,diesel_regular,Gasóleo simples,Outro,2.029,Viana do Castelo,Viana do Castelo,Lugar da Queimada,Chafé,4935-585,41.6457,-8.77184,repsol neiva a (porto-viana),genérico,lugar da queimada,"2,029 €",2026-05-15_dgeg_postos_raw.csv,d0808a288cfacedc
2026-05-15,2026-05-15 14:31:32,2026-05-11 14:25:00,40f2e34b65a2c1eb,40f2e34b65a2c1eb_diesel_premium,REPSOL Neiva A (Porto-Viana),Genérico,diesel_premium,Gasóleo especial,Outro,2.089,Viana do Castelo,Viana do Castelo,Lugar da Queimada,Chafé,4935-585,41.6457,-8.77184,repsol neiva a (porto-viana),genérico,lugar da queimada,"2,089 €",2026-05-15_dgeg_postos_raw.csv,97a645b0f8b2d0d5
2026-05-15,2026-05-15 14:31:32,2026-05-11 14:25:00,40f2e34b65a2c1eb,40f2e34b65a2c1eb_gasoline_95,REPSOL Neiva A (Porto-Viana),Genérico,gasoline_95,Gasolina simples 95,Outro,2.027,Viana do Castelo,Viana do Castelo,Lugar da Queimada,Chafé,4935-585,41.6457,-8.77184,repsol neiva a (porto-viana),genérico,lugar da queimada,"2,027 €",2026-05-15_dgeg_postos_raw.csv,2074f33d9fc17c40
2026-05-15,2026-05-15 14:31:32,2026-05-11 14:25:00,e2d59e241025af8d,e2d59e241025af8d_diesel_regular,REPSOL Viana do Castelo - Av. Cap. Gaspar Castro,Genérico,diesel_regular,Gasóleo simples,Outro,2.039,Viana do Castelo,Viana do Castelo,Av. Capitão Gaspar Castro,Viana do Castelo,4900-462,41.70079,-8.82319,repsol viana do castelo - av. cap. gaspar castro,genérico,av. capitão gaspar castro,"2,039 €",2026-05-15_dgeg_postos_raw.csv,deaf42b2e782082a
2026-05-15,2026-05-15 14:31:32,2026-05-11 14:25:00,e2d59e241025af8d,e2d59e241025af8d_diesel_premium,REPSOL Viana do Castelo - Av. Cap. Gaspar Castro,Genérico,diesel_premium,Gasóleo especial,Outro,2.099,Viana do Castelo,Viana do Castelo,Av. Capitão Gaspar Castro,Viana do Castelo,4900-462,41.70079,-8.82319,repsol viana do castelo - av. cap. gaspar castro,genérico,av. capitão gaspar castro,"2,099 €",2026-05-15_dgeg_postos_raw.csv,a92870af54fcd0bd
2026-05-15,2026-05-15 14:31:32,2026-05-11 14:25:00,e2d59e241025af8d,e2d59e241025af8d_gasoline_95,REPSOL Viana do Castelo - Av. Cap. Gaspar Castro,Genérico,gasoline_95,Gasolina simples 95,Outro,2.037,Viana do Castelo,Viana do Castelo,Av. Capitão Gaspar Castro,Viana do Castelo,4900-462,41.70079,-8.82319,repsol viana do castelo - av. cap. gaspar castro,genérico,av. capitão gaspar castro,"2,037 €",2026-05-15_dgeg_postos_raw.csv,98d64ac0366ec921
2026-05-15,2026-05-15 14:31:32,2026-05-11 14:25:00,e2d59e241025af8d,e2d59e241025af8d_gasoline_98,REPSOL Viana do Castelo - Av. Cap. Gaspar Castro,Genérico,gasoline_98,Gasolina especial 98,Outro,2.227,Viana do Castelo,Viana do Castelo,Av. Capitão Gaspar Castro,Viana do Castelo,4900-462,41.70079,-8.82319,repsol viana do castelo - av. cap. gaspar castro,genérico,av. capitão gaspar castro,"2,227 €",2026-05-15_dgeg_postos_raw.csv,5eb4d09432419b0b
2026-05-15,2026-05-15 14:31:32,2026-05-11 14:25:00,ecb3375cc766a191,ecb3375cc766a191_diesel_regular,PA Telhado VNF (PETROTELHADO),Genérico,diesel_regular,Gasóleo simples,Outro,1.989,Vila Nova de Famalicão,Braga,"AVENIDA PRINCIPAL,467",Telhado,4770-709,41.453075,-8.454824,pa telhado vnf (petrotelhado),genérico,"avenida principal,467","1,989 €",2026-05-15_dgeg_postos_raw.csv,263114c2aff74365
2026-05-15,2026-05-15 14:31:32,2026-05-11 14:25:00,ecb3375cc766a191,ecb3375cc766a191_gasoline_95,PA Telhado VNF (PETROTELHADO),Genérico,gasoline_95,Gasolina simples 95,Outro,1.959,Vila Nova de Famalicão,Braga,"AVENIDA PRINCIPAL,467",Telhado,4770-709,41.453075,-8.454824,pa telhado vnf (petrotelhado),genérico,"avenida principal,467","1,959 €",2026-05-15_dgeg_postos_raw.csv,965c430dbc5b9c56
2026-05-15,2026-05-15 14:31:32,2026-05-11 14:30:00,da84f4861ef80def,da84f4861ef80def_diesel_regular,REPSOL Neiva B (Viana-Porto),Genérico,diesel_regular,Gasóleo simples,Outro,2.029,Viana do Castelo,Viana do Castelo,LUGAR DE QUEIMADA,Chafé,4935-585,41.64555,-8.77214,repsol neiva b (viana-porto),genérico,lugar de queimada,"2,029 €",2026-05-15_dgeg_postos_raw.csv,519fd35faa9538a8
2026-05-15,2026-05-15 14:31:32,2026-05-11 14:30:00,da84f4861ef80def,da84f4861ef80def_diesel_premium,REPSOL Neiva B (Viana-Porto),Genérico,diesel_premium,Gasóleo especial,Outro,2.089,Viana do Castelo,Viana do Castelo,LUGAR DE QUEIMADA,Chafé,4935-585,41.64555,-8.77214,repsol neiva b (viana-porto),genérico,lugar de queimada,"2,089 €",2026-05-15_dgeg_postos_raw.csv,683a16bc7d091e1b
2026-05-15,2026-05-15 14:31:32,2026-05-11 14:30:00,da84f4861ef80def,da84f4861ef80def_gasoline_95,REPSOL Neiva B (Viana-Porto),Genérico,gasoline_95,Gasolina simples 95,Outro,2.027,Viana do Castelo,Viana do Castelo,LUGAR DE QUEIMADA,Chafé,4935-585,41.64555,-8.77214,repsol neiva b (viana-porto),genérico,lugar de queimada,"2,027 €",2026-05-15_dgeg_postos_raw.csv,73327fb80ef32c3c
2026-05-15,2026-05-15 14:31:32,2026-05-11 14:30:00,da84f4861ef80def,da84f4861ef80def_gasoline_98,REPSOL Neiva B (Viana-Porto),Genérico,gasoline_98,Gasolina especial 98,Outro,2.217,Viana do Castelo,Viana do Castelo,LUGAR DE QUEIMADA,Chafé,4935-585,41.64555,-8.77214,repsol neiva b (viana-porto),genérico,lugar de queimada,"2,217 €",2026-05-15_dgeg_postos_raw.csv,962a8f8e0982130d
2026-05-15,2026-05-15 14:31:32,2026-05-11 14:30:00,aa6a355f9edcb12e,aa6a355f9edcb12e_diesel_regular,PA PAURUI Carvalhal,Genérico,diesel_regular,Gasóleo simples,Outro,2.02,Abrantes,Santarém,E.N 358 km 33.5 Vale de cerejeira  Carvalhal,Abrantes,2200-481,39.561714,-8.210517,pa paurui carvalhal,genérico,e.n 358 km 33.5 vale de cerejeira carvalhal,"2,020 €",2026-05-15_dgeg_postos_raw.csv,c485e632b8aef20f
2026-05-15,2026-05-15 14:31:32,2026-05-11 14:30:00,aa6a355f9edcb12e,aa6a355f9edcb12e_gasoline_95,PA PAURUI Carvalhal,Genérico,gasoline_95,Gasolina simples 95,Outro,2.03,Abrantes,Santarém,E.N 358 km 33.5 Vale de cerejeira  Carvalhal,Abrantes,2200-481,39.561714,-8.210517,pa paurui carvalhal,genérico,e.n 358 km 33.5 vale de cerejeira carvalhal,"2,030 €",2026-05-15_dgeg_postos_raw.csv,b852df1f9be896b1
2026-05-15,2026-05-15 14:31:32,2026-05-11 14:30:00,aa6a355f9edcb12e,aa6a355f9edcb12e_diesel_premium,PA PAURUI Carvalhal,Genérico,diesel_premium,Gasóleo especial,Outro,2.04,Abrantes,Santarém,E.N 358 km 33.5 Vale de cerejeira  Carvalhal,Abrantes,2200-481,39.561714,-8.210517,pa paurui carvalhal,genérico,e.n 358 km 33.5 vale de cerejeira carvalhal,"2,040 €",2026-05-15_dgeg_postos_raw.csv,ed7685071c461397
2026-05-15,2026-05-15 14:31:32,2026-05-11 14:30:00,1947145fe34e0f45,1947145fe34e0f45_diesel_premium,NOVA  Silveira,NOVA,diesel_premium,Gasóleo especial,Outro,1.925,Torres Vedras,Lisboa,Estrada Municipal Silveira - Coutada,Casal Alto dos Moinhos,2560-401,39.10602,-9.365894,nova silveira,nova,estrada municipal silveira - coutada,"1,925 €",2026-05-15_dgeg_postos_raw.csv,47cd99f83f8a3298
2026-05-15,2026-05-15 14:31:32,2026-05-11 14:30:00,1947145fe34e0f45,1947145fe34e0f45_diesel_regular,NOVA  Silveira,NOVA,diesel_regular,Gasóleo simples,Outro,1.899,Torres Vedras,Lisboa,Estrada Municipal Silveira - Coutada,Casal Alto dos Moinhos,2560-401,39.10602,-9.365894,nova silveira,nova,estrada municipal silveira - coutada,"1,899 €",2026-05-15_dgeg_postos_raw.csv,f0fdc79285f92ecb
2026-05-15,2026-05-15 14:31:32,2026-05-11 14:30:00,1947145fe34e0f45,1947145fe34e0f45_gasoline_95,NOVA  Silveira,NOVA,gasoline_95,Gasolina simples 95,Outro,1.929,Torres Vedras,Lisboa,Estrada Municipal Silveira - Coutada,Casal Alto dos Moinhos,2560-401,39.10602,-9.365894,nova silveira,nova,estrada municipal silveira - coutada,"1,929 €",2026-05-15_dgeg_postos_raw.csv,44ca42c2e9987efd
2026-05-15,2026-05-15 14:31:32,2026-05-11 14:30:00,68eb690c1fa106c0,68eb690c1fa106c0_diesel_premium,Posto de Sobral de Monte Agraço,GALP,diesel_premium,Gasóleo especial,Outro,1.999,Sobral de Monte Agraço,Lisboa,Av. 1º de Maio,Sobral de Monte Agraço,2590-001,39.02191,-9.14838,posto de sobral de monte agraço,galp,av. 1º de maio,"1,999 €",2026-05-15_dgeg_postos_raw.csv,db34759980cc614a
2026-05-15,2026-05-15 14:31:32,2026-05-11 14:30:00,f3e54a6d5bc8c693,f3e54a6d5bc8c693_diesel_regular,BP VISEU ABRAVESES,BP,diesel_regular,Gasóleo simples,Outro,2.054,Viseu,Viseu,RIBEIRA DE MIDE - VISEU,Viseu,3515-419,40.68089,-7.926881,bp viseu abraveses,bp,ribeira de mide - viseu,"2,054 €",2026-05-15_dgeg_postos_raw.csv,6c3e70473da9a357
2026-05-15,2026-05-15 14:31:32,2026-05-11 14:30:00,f3e54a6d5bc8c693,f3e54a6d5bc8c693_diesel_premium,BP VISEU ABRAVESES,BP,diesel_premium,Gasóleo especial,Outro,2.224,Viseu,Viseu,RIBEIRA DE MIDE - VISEU,Viseu,3515-419,40.68089,-7.926881,bp viseu abraveses,bp,ribeira de mide - viseu,"2,224 €",2026-05-15_dgeg_postos_raw.csv,f3bbbae5635496c0
2026-05-15,2026-05-15 14:31:32,2026-05-11 14:30:00,f3e54a6d5bc8c693,f3e54a6d5bc8c693_gasoline_95,BP VISEU ABRAVESES,BP,gasoline_95,Gasolina simples 95,Outro,2.049,Viseu,Viseu,RIBEIRA DE MIDE - VISEU,Viseu,3515-419,40.68089,-7.926881,bp viseu abraveses,bp,ribeira de mide - viseu,"2,049 €",2026-05-15_dgeg_postos_raw.csv,373a4318f8b06b12
2026-05-15,2026-05-15 14:31:32,2026-05-11 14:30:00,f3e54a6d5bc8c693,f3e54a6d5bc8c693_gasoline_98,BP VISEU ABRAVESES,BP,gasoline_98,Gasolina especial 98,Outro,2.299,Viseu,Viseu,RIBEIRA DE MIDE - VISEU,Viseu,3515-419,40.68089,-7.926881,bp viseu abraveses,bp,ribeira de mide - viseu,"2,299 €",2026-05-15_dgeg_postos_raw.csv,a82ebec02edf77a4
2026-05-15,2026-05-15 14:31:32,2026-05-11 14:30:00,d91dfe15ae399d18,d91dfe15ae399d18_diesel_premium,POSTO DA RAIVA,ALVES BANDEIRA,diesel_premium,Gasóleo especial,Outro,2.095,Castelo de Paiva,Aveiro,Lugar da Estação,Raiva,4550-596,41.04179,-8.36181,posto da raiva,alves bandeira,lugar da estação,"2,095 €",2026-05-15_dgeg_postos_raw.csv,42037ac9aa1f0fe4
2026-05-15,2026-05-15 14:31:32,2026-05-11 14:30:00,0c36cde3e9e82f46,0c36cde3e9e82f46_diesel_premium,PA Feitos -Barcelos,Genérico,diesel_premium,Gasóleo especial,Outro,2.014,Barcelos,Braga,"Rua da Estrada Nacional 103, km 12,100",Feitos,4750-442,41.57053,-8.685565,pa feitos -barcelos,genérico,"rua da estrada nacional 103, km 12,100","2,014 €",2026-05-15_dgeg_postos_raw.csv,7dda7315c89953ee
2026-05-15,2026-05-15 14:31:32,2026-05-11 14:30:00,0c36cde3e9e82f46,0c36cde3e9e82f46_diesel_regular,PA Feitos -Barcelos,Genérico,diesel_regular,Gasóleo simples,Outro,1.983,Barcelos,Braga,"Rua da Estrada Nacional 103, km 12,100",Feitos,4750-442,41.57053,-8.685565,pa feitos -barcelos,genérico,"rua da estrada nacional 103, km 12,100","1,983 €",2026-05-15_dgeg_postos_raw.csv,69ad845666f08851
2026-05-15,2026-05-15 14:31:32,2026-05-11 14:30:00,0c36cde3e9e82f46,0c36cde3e9e82f46_gasoline_95,PA Feitos -Barcelos,Genérico,gasoline_95,Gasolina simples 95,Outro,2.041,Barcelos,Braga,"Rua da Estrada Nacional 103, km 12,100",Feitos,4750-442,41.57053,-8.685565,pa feitos -barcelos,genérico,"rua da estrada nacional 103, km 12,100","2,041 €",2026-05-15_dgeg_postos_raw.csv,d640fcd333d35fe5
2026-05-15,2026-05-15 14:31:32,2026-05-11 14:30:00,5d3c9729e76bc2fd,5d3c9729e76bc2fd_diesel_premium,FERREIRA COMBUSTíVEIS,Genérico,diesel_premium,Gasóleo especial,Outro,1.989,Bombarral,Leiria,Rua Coronel Nicolau Trante nº1,Roliça,2540-659,39.31142,-9.18555,ferreira combustíveis,genérico,rua coronel nicolau trante nº1,"1,989 €",2026-05-15_dgeg_postos_raw.csv,a24381a319e7d4a6
2026-05-15,2026-05-15 14:31:32,2026-05-11 14:30:00,d91dfe15ae399d18,d91dfe15ae399d18_diesel_regular,POSTO DA RAIVA,ALVES BANDEIRA,diesel_regular,Gasóleo simples,Outro,2.075,Castelo de Paiva,Aveiro,Lugar da Estação,Raiva,4550-596,41.04179,-8.36181,posto da raiva,alves bandeira,lugar da estação,"2,075 €",2026-05-15_dgeg_postos_raw.csv,4ac98b6a97362ac7
2026-05-15,2026-05-15 14:31:32,2026-05-11 14:30:00,d91dfe15ae399d18,d91dfe15ae399d18_gasoline_95,POSTO DA RAIVA,ALVES BANDEIRA,gasoline_95,Gasolina simples 95,Outro,2.081,Castelo de Paiva,Aveiro,Lugar da Estação,Raiva,4550-596,41.04179,-8.36181,posto da raiva,alves bandeira,lugar da estação,"2,081 €",2026-05-15_dgeg_postos_raw.csv,3c3eaa8d10dd4110
2026-05-15,2026-05-15 14:31:32,2026-05-11 14:30:00,a5089ffb288201aa,a5089ffb288201aa_diesel_regular,"Irmãos Teixeira, Lda. (Cadima) - PA Alves Bandeira Cadima",ALVES BANDEIRA,diesel_regular,Gasóleo simples,Outro,2.075,Cantanhede,Coimbra,"E.R. 335 - 1, KM 4,60",Corgo Encheiro,3060-803,40.3232,-8.677436,"irmãos teixeira, lda. (cadima) - pa alves bandeira cadima",alves bandeira,"e.r. 335 - 1, km 4,60","2,075 €",2026-05-15_dgeg_postos_raw.csv,f486c0970367d59a
2026-05-15,2026-05-15 14:31:32,2026-05-11 14:30:00,a5089ffb288201aa,a5089ffb288201aa_diesel_premium,"Irmãos Teixeira, Lda. (Cadima) - PA Alves Bandeira Cadima",ALVES BANDEIRA,diesel_premium,Gasóleo especial,Outro,2.095,Cantanhede,Coimbra,"E.R. 335 - 1, KM 4,60",Corgo Encheiro,3060-803,40.3232,-8.677436,"irmãos teixeira, lda. (cadima) - pa alves bandeira cadima",alves bandeira,"e.r. 335 - 1, km 4,60","2,095 €",2026-05-15_dgeg_postos_raw.csv,52ba9420d1b568d1
2026-05-15,2026-05-15 14:31:32,2026-05-11 14:30:00,a5089ffb288201aa,a5089ffb288201aa_gasoline_95,"Irmãos Teixeira, Lda. (Cadima) - PA Alves Bandeira Cadima",ALVES BANDEIRA,gasoline_95,Gasolina simples 95,Outro,2.081,Cantanhede,Coimbra,"E.R. 335 - 1, KM 4,60",Corgo Encheiro,3060-803,40.3232,-8.677436,"irmãos teixeira, lda. (cadima) - pa alves bandeira cadima",alves bandeira,"e.r. 335 - 1, km 4,60","2,081 €",2026-05-15_dgeg_postos_raw.csv,b9742045c0b8811d
2026-05-15,2026-05-15 14:31:32,2026-05-11 14:30:00,5d3c9729e76bc2fd,5d3c9729e76bc2fd_diesel_regular,FERREIRA COMBUSTíVEIS,Genérico,diesel_regular,Gasóleo simples,Outro,1.969,Bombarral,Leiria,Rua Coronel Nicolau Trante nº1,Roliça,2540-659,39.31142,-9.18555,ferreira combustíveis,genérico,rua coronel nicolau trante nº1,"1,969 €",2026-05-15_dgeg_postos_raw.csv,ed47eaa12a053e5a
2026-05-15,2026-05-15 14:31:32,2026-05-11 14:30:00,5d3c9729e76bc2fd,5d3c9729e76bc2fd_gasoline_95,FERREIRA COMBUSTíVEIS,Genérico,gasoline_95,Gasolina simples 95,Outro,1.992,Bombarral,Leiria,Rua Coronel Nicolau Trante nº1,Roliça,2540-659,39.31142,-9.18555,ferreira combustíveis,genérico,rua coronel nicolau trante nº1,"1,992 €",2026-05-15_dgeg_postos_raw.csv,4c42e0579c9ce952
2026-05-15,2026-05-15 14:31:32,2026-05-11 14:30:00,292cde606b779095,292cde606b779095_diesel_regular,BP,BP,diesel_regular,Gasóleo simples,Outro,2.104,Mondim de Basto,Vila Real,EN 304,Lugar da Lapinha,4880-183,41.40387,-7.95699,bp,bp,en 304,"2,104 €",2026-05-15_dgeg_postos_raw.csv,85a1a243ae4b4624
2026-05-15,2026-05-15 14:31:32,2026-05-11 14:30:00,292cde606b779095,292cde606b779095_diesel_premium,BP,BP,diesel_premium,Gasóleo especial,Outro,2.224,Mondim de Basto,Vila Real,EN 304,Lugar da Lapinha,4880-183,41.40387,-7.95699,bp,bp,en 304,"2,224 €",2026-05-15_dgeg_postos_raw.csv,ee78adec955da1ca
2026-05-15,2026-05-15 14:31:32,2026-05-11 14:30:00,292cde606b779095,292cde606b779095_gasoline_95,BP,BP,gasoline_95,Gasolina simples 95,Outro,2.099,Mondim de Basto,Vila Real,EN 304,Lugar da Lapinha,4880-183,41.40387,-7.95699,bp,bp,en 304,"2,099 €",2026-05-15_dgeg_postos_raw.csv,c183d23d2994d455
2026-05-15,2026-05-15 14:31:32,2026-05-11 14:30:00,1365841e19294d43,1365841e19294d43_diesel_regular,MANUEL JOSÉ BATISTA CORREIA - PA AB Sanguedo,ALVES BANDEIRA,diesel_regular,Gasóleo simples,Outro,2.0,Santa Maria da Feira,Aveiro,Rua Principal n.º 1448,Sanguedo,4505-645,41.008484,-8.515641,manuel josé batista correia - pa ab sanguedo,alves bandeira,rua principal n.º 1448,"2,000 €",2026-05-15_dgeg_postos_raw.csv,d5546e8a4d53a10d
2026-05-15,2026-05-15 14:31:32,2026-05-11 14:30:00,1365841e19294d43,1365841e19294d43_diesel_premium,MANUEL JOSÉ BATISTA CORREIA - PA AB Sanguedo,ALVES BANDEIRA,diesel_premium,Gasóleo especial,Outro,2.02,Santa Maria da Feira,Aveiro,Rua Principal n.º 1448,Sanguedo,4505-645,41.008484,-8.515641,manuel josé batista correia - pa ab sanguedo,alves bandeira,rua principal n.º 1448,"2,020 €",2026-05-15_dgeg_postos_raw.csv,09d33268bb4274af
2026-05-15,2026-05-15 14:31:32,2026-05-11 14:30:00,1365841e19294d43,1365841e19294d43_gasoline_95,MANUEL JOSÉ BATISTA CORREIA - PA AB Sanguedo,ALVES BANDEIRA,gasoline_95,Gasolina simples 95,Outro,2.001,Santa Maria da Feira,Aveiro,Rua Principal n.º 1448,Sanguedo,4505-645,41.008484,-8.515641,manuel josé batista correia - pa ab sanguedo,alves bandeira,rua principal n.º 1448,"2,001 €",2026-05-15_dgeg_postos_raw.csv,989ca98ae7c79f58
2026-05-15,2026-05-15 14:31:32,2026-05-11 14:30:00,68eb690c1fa106c0,68eb690c1fa106c0_diesel_regular,Posto de Sobral de Monte Agraço,GALP,diesel_regular,Gasóleo simples,Outro,1.979,Sobral de Monte Agraço,Lisboa,Av. 1º de Maio,Sobral de Monte Agraço,2590-001,39.02191,-9.14838,posto de sobral de monte agraço,galp,av. 1º de maio,"1,979 €",2026-05-15_dgeg_postos_raw.csv,ae5702a1eed0196e
2026-05-15,2026-05-15 14:31:32,2026-05-11 14:30:00,68eb690c1fa106c0,68eb690c1fa106c0_gasoline_95,Posto de Sobral de Monte Agraço,GALP,gasoline_95,Gasolina simples 95,Outro,1.969,Sobral de Monte Agraço,Lisboa,Av. 1º de Maio,Sobral de Monte Agraço,2590-001,39.02191,-9.14838,posto de sobral de monte agraço,galp,av. 1º de maio,"1,969 €",2026-05-15_dgeg_postos_raw.csv,c0d6359bcf913d8d
2026-05-15,2026-05-15 14:31:32,2026-05-11 14:35:00,b4ccd29173175972,b4ccd29173175972_diesel_regular,Posto Energil,BP,diesel_regular,Gasóleo simples,Outro,2.034,Mafra,Lisboa,EN 9,Encarnação,2640-203,39.037023,-9.367671,posto energil,bp,en 9,"2,034 €",2026-05-15_dgeg_postos_raw.csv,f10d786d21566011
2026-05-15,2026-05-15 14:31:32,2026-05-11 14:35:00,b4ccd29173175972,b4ccd29173175972_diesel_premium,Posto Energil,BP,diesel_premium,Gasóleo especial,Outro,2.084,Mafra,Lisboa,EN 9,Encarnação,2640-203,39.037023,-9.367671,posto energil,bp,en 9,"2,084 €",2026-05-15_dgeg_postos_raw.csv,09462bd587a87b79
2026-05-15,2026-05-15 14:31:32,2026-05-11 14:35:00,b4ccd29173175972,b4ccd29173175972_gasoline_95,Posto Energil,BP,gasoline_95,Gasolina simples 95,Outro,2.024,Mafra,Lisboa,EN 9,Encarnação,2640-203,39.037023,-9.367671,posto energil,bp,en 9,"2,024 €",2026-05-15_dgeg_postos_raw.csv,f53f7a66ed641014
2026-05-15,2026-05-15 14:31:32,2026-05-11 14:35:00,e41c0dbd2aad3f0b,e41c0dbd2aad3f0b_diesel_regular,INTERMARCHE FREAMUNDE,INTERMARCHÉ,diesel_regular,Gasóleo simples,Outro,1.929,Paços de Ferreira,Porto,RUA PROFESSOR ALBINO DE MATOS,FREAMUNDE,4590-356,41.286051,-8.344943,intermarche freamunde,intermarché,rua professor albino de matos,"1,929 €",2026-05-15_dgeg_postos_raw.csv,1a430006d9009e0e
2026-05-15,2026-05-15 14:31:32,2026-05-11 14:35:00,e41c0dbd2aad3f0b,e41c0dbd2aad3f0b_diesel_premium,INTERMARCHE FREAMUNDE,INTERMARCHÉ,diesel_premium,Gasóleo especial,Outro,1.959,Paços de Ferreira,Porto,RUA PROFESSOR ALBINO DE MATOS,FREAMUNDE,4590-356,41.286051,-8.344943,intermarche freamunde,intermarché,rua professor albino de matos,"1,959 €",2026-05-15_dgeg_postos_raw.csv,4b200b4a7b3a6441
2026-05-15,2026-05-15 14:31:32,2026-05-11 14:35:00,e41c0dbd2aad3f0b,e41c0dbd2aad3f0b_gasoline_95,INTERMARCHE FREAMUNDE,INTERMARCHÉ,gasoline_95,Gasolina simples 95,Outro,1.929,Paços de Ferreira,Porto,RUA PROFESSOR ALBINO DE MATOS,FREAMUNDE,4590-356,41.286051,-8.344943,intermarche freamunde,intermarché,rua professor albino de matos,"1,929 €",2026-05-15_dgeg_postos_raw.csv,e4e729d8fda4a20d
2026-05-15,2026-05-15 14:31:32,2026-05-11 14:35:00,5e1aed52de41af5f,5e1aed52de41af5f_diesel_regular,E.S. MANGUALDE,REPSOL,diesel_regular,Gasóleo simples,Outro,2.029,Mangualde,Viseu,IP 5,Lavandeira,3530-000,40.61653,-7.75982,e.s. mangualde,repsol,ip 5,"2,029 €",2026-05-15_dgeg_postos_raw.csv,7bb998c862040f8f
2026-05-15,2026-05-15 14:31:32,2026-05-11 14:35:00,5e1aed52de41af5f,5e1aed52de41af5f_diesel_premium,E.S. MANGUALDE,REPSOL,diesel_premium,Gasóleo especial,Outro,2.089,Mangualde,Viseu,IP 5,Lavandeira,3530-000,40.61653,-7.75982,e.s. mangualde,repsol,ip 5,"2,089 €",2026-05-15_dgeg_postos_raw.csv,adae0b39bf495b1f
2026-05-15,2026-05-15 14:31:32,2026-05-11 14:35:00,5e1aed52de41af5f,5e1aed52de41af5f_gasoline_95,E.S. MANGUALDE,REPSOL,gasoline_95,Gasolina simples 95,Outro,2.027,Mangualde,Viseu,IP 5,Lavandeira,3530-000,40.61653,-7.75982,e.s. mangualde,repsol,ip 5,"2,027 €",2026-05-15_dgeg_postos_raw.csv,25f71c35a973dc6e
2026-05-15,2026-05-15 14:31:32,2026-05-11 14:35:00,5e1aed52de41af5f,5e1aed52de41af5f_gasoline_98,E.S. MANGUALDE,REPSOL,gasoline_98,Gasolina especial 98,Outro,2.217,Mangualde,Viseu,IP 5,Lavandeira,3530-000,40.61653,-7.75982,e.s. mangualde,repsol,ip 5,"2,217 €",2026-05-15_dgeg_postos_raw.csv,d5de6d9c333025b6
2026-05-15,2026-05-15 14:31:32,2026-05-11 14:35:00,d8f63e91d71fb4be,d8f63e91d71fb4be_diesel_regular,"GALP  - AUTO FASCINANTE, LDA.",GALP,diesel_regular,Gasóleo simples,Outro,2.055,Lisboa,Lisboa,Estrada dos Arneiros nº 40 A-C,Benfica,1500-052,38.75553,-9.1992,"galp - auto fascinante, lda.",galp,estrada dos arneiros nº 40 a-c,"2,055 €",2026-05-15_dgeg_postos_raw.csv,7c5d8fce4f751f41
2026-05-15,2026-05-15 14:31:32,2026-05-11 14:35:00,d8f63e91d71fb4be,d8f63e91d71fb4be_diesel_premium,"GALP  - AUTO FASCINANTE, LDA.",GALP,diesel_premium,Gasóleo especial,Outro,2.105,Lisboa,Lisboa,Estrada dos Arneiros nº 40 A-C,Benfica,1500-052,38.75553,-9.1992,"galp - auto fascinante, lda.",galp,estrada dos arneiros nº 40 a-c,"2,105 €",2026-05-15_dgeg_postos_raw.csv,77be4c3718a27465
2026-05-15,2026-05-15 14:31:32,2026-05-11 14:35:00,d8f63e91d71fb4be,d8f63e91d71fb4be_gasoline_95,"GALP  - AUTO FASCINANTE, LDA.",GALP,gasoline_95,Gasolina simples 95,Outro,2.051,Lisboa,Lisboa,Estrada dos Arneiros nº 40 A-C,Benfica,1500-052,38.75553,-9.1992,"galp - auto fascinante, lda.",galp,estrada dos arneiros nº 40 a-c,"2,051 €",2026-05-15_dgeg_postos_raw.csv,9f3f583fc044109c
2026-05-15,2026-05-15 14:31:32,2026-05-11 14:50:00,587684b338c7131c,587684b338c7131c_diesel_regular,E.S. ENTRADAS-IP2,REPSOL,diesel_regular,Gasóleo simples,Outro,2.039,Castro Verde,Beja,Rua da Lavoura,Entradas,7780-323,37.77887,-8.0103,e.s. entradas-ip2,repsol,rua da lavoura,"2,039 €",2026-05-15_dgeg_postos_raw.csv,92ff7acfb412facc
2026-05-15,2026-05-15 14:31:32,2026-05-11 14:50:00,587684b338c7131c,587684b338c7131c_diesel_premium,E.S. ENTRADAS-IP2,REPSOL,diesel_premium,Gasóleo especial,Outro,2.099,Castro Verde,Beja,Rua da Lavoura,Entradas,7780-323,37.77887,-8.0103,e.s. entradas-ip2,repsol,rua da lavoura,"2,099 €",2026-05-15_dgeg_postos_raw.csv,401daae690afbe28
2026-05-15,2026-05-15 14:31:32,2026-05-11 14:50:00,587684b338c7131c,587684b338c7131c_gasoline_95,E.S. ENTRADAS-IP2,REPSOL,gasoline_95,Gasolina simples 95,Outro,2.037,Castro Verde,Beja,Rua da Lavoura,Entradas,7780-323,37.77887,-8.0103,e.s. entradas-ip2,repsol,rua da lavoura,"2,037 €",2026-05-15_dgeg_postos_raw.csv,419e8721912ab4d7
2026-05-15,2026-05-15 14:31:32,2026-05-11 14:50:00,b907b673fc5854e0,b907b673fc5854e0_diesel_regular,PA Amarante - Petrofregim,PRIO,diesel_regular,Gasóleo simples,Outro,2.072,Amarante,Porto,Rua Antonio Carneiro nº. 251,Amarante,4600-049,41.266052,-8.070321,pa amarante - petrofregim,prio,rua antonio carneiro nº. 251,"2,072 €",2026-05-15_dgeg_postos_raw.csv,811aa3e8a91575c8
2026-05-15,2026-05-15 14:31:32,2026-05-11 14:50:00,b907b673fc5854e0,b907b673fc5854e0_diesel_premium,PA Amarante - Petrofregim,PRIO,diesel_premium,Gasóleo especial,Outro,2.002,Amarante,Porto,Rua Antonio Carneiro nº. 251,Amarante,4600-049,41.266052,-8.070321,pa amarante - petrofregim,prio,rua antonio carneiro nº. 251,"2,002 €",2026-05-15_dgeg_postos_raw.csv,8fb324757cee929f
2026-05-15,2026-05-15 14:31:32,2026-05-11 14:50:00,b907b673fc5854e0,b907b673fc5854e0_gasoline_95,PA Amarante - Petrofregim,PRIO,gasoline_95,Gasolina simples 95,Outro,2.035,Amarante,Porto,Rua Antonio Carneiro nº. 251,Amarante,4600-049,41.266052,-8.070321,pa amarante - petrofregim,prio,rua antonio carneiro nº. 251,"2,035 €",2026-05-15_dgeg_postos_raw.csv,4d79784ab25fe758
2026-05-15,2026-05-15 14:31:32,2026-05-11 14:50:00,75482ea465d57099,75482ea465d57099_diesel_regular,COMBSANTOS VOUZELA,CEPSA,diesel_regular,Gasóleo simples,Outro,1.986,Vouzela,Viseu,Paredes Velhas (E.N.333-3)\r\n,Vouzela,3670-049,40.691599,-8.187932,combsantos vouzela,cepsa,paredes velhas (e.n.333-3)\r\n,"1,986 €",2026-05-15_dgeg_postos_raw.csv,3bc50f6f2f95e61c
2026-05-15,2026-05-15 14:31:32,2026-05-11 14:50:00,75482ea465d57099,75482ea465d57099_diesel_premium,COMBSANTOS VOUZELA,CEPSA,diesel_premium,Gasóleo especial,Outro,2.036,Vouzela,Viseu,Paredes Velhas (E.N.333-3)\r\n,Vouzela,3670-049,40.691599,-8.187932,combsantos vouzela,cepsa,paredes velhas (e.n.333-3)\r\n,"2,036 €",2026-05-15_dgeg_postos_raw.csv,2167fd1939bc726a
2026-05-15,2026-05-15 14:31:32,2026-05-11 14:50:00,75482ea465d57099,75482ea465d57099_gasoline_95,COMBSANTOS VOUZELA,CEPSA,gasoline_95,Gasolina simples 95,Outro,1.978,Vouzela,Viseu,Paredes Velhas (E.N.333-3)\r\n,Vouzela,3670-049,40.691599,-8.187932,combsantos vouzela,cepsa,paredes velhas (e.n.333-3)\r\n,"1,978 €",2026-05-15_dgeg_postos_raw.csv,e6b87c353438179d
2026-05-15,2026-05-15 14:31:32,2026-05-11 14:50:00,75482ea465d57099,75482ea465d57099_gasoline_98,COMBSANTOS VOUZELA,CEPSA,gasoline_98,Gasolina especial 98,Outro,2.19,Vouzela,Viseu,Paredes Velhas (E.N.333-3)\r\n,Vouzela,3670-049,40.691599,-8.187932,combsantos vouzela,cepsa,paredes velhas (e.n.333-3)\r\n,"2,190 €",2026-05-15_dgeg_postos_raw.csv,3588ecf5ef263b39
2026-05-15,2026-05-15 14:31:32,2026-05-11 14:50:00,a7f814b43a4ccd30,a7f814b43a4ccd30_diesel_regular,PETRODEMO,FREITAS,diesel_regular,Gasóleo simples,Outro,2.062,Moimenta da Beira,Viseu,EN 323,Baldos - Ladeiras,3620-085,40.985801,-7.56649,petrodemo,freitas,en 323,"2,062 €",2026-05-15_dgeg_postos_raw.csv,a49baa15c921388a
2026-05-15,2026-05-15 14:31:32,2026-05-11 14:50:00,a7f814b43a4ccd30,a7f814b43a4ccd30_gasoline_95,PETRODEMO,FREITAS,gasoline_95,Gasolina simples 95,Outro,2.064,Moimenta da Beira,Viseu,EN 323,Baldos - Ladeiras,3620-085,40.985801,-7.56649,petrodemo,freitas,en 323,"2,064 €",2026-05-15_dgeg_postos_raw.csv,d7170398a5367bce
2026-05-15,2026-05-15 14:31:32,2026-05-11 14:50:00,4ad7cf74174822bb,4ad7cf74174822bb_diesel_regular,REPSOL Fogueteiro,REPSOL,diesel_regular,Gasóleo simples,Outro,2.079,Seixal,Setúbal,Rua Oliveira Martins,Paivas,2845-381,38.617588,-9.116368,repsol fogueteiro,repsol,rua oliveira martins,"2,079 €",2026-05-15_dgeg_postos_raw.csv,9db947574237ec6d
2026-05-15,2026-05-15 14:31:32,2026-05-11 14:50:00,4ad7cf74174822bb,4ad7cf74174822bb_diesel_premium,REPSOL Fogueteiro,REPSOL,diesel_premium,Gasóleo especial,Outro,2.149,Seixal,Setúbal,Rua Oliveira Martins,Paivas,2845-381,38.617588,-9.116368,repsol fogueteiro,repsol,rua oliveira martins,"2,149 €",2026-05-15_dgeg_postos_raw.csv,58466973b9f61431
2026-05-15,2026-05-15 14:31:32,2026-05-11 14:50:00,4ad7cf74174822bb,4ad7cf74174822bb_gasoline_95,REPSOL Fogueteiro,REPSOL,gasoline_95,Gasolina simples 95,Outro,2.067,Seixal,Setúbal,Rua Oliveira Martins,Paivas,2845-381,38.617588,-9.116368,repsol fogueteiro,repsol,rua oliveira martins,"2,067 €",2026-05-15_dgeg_postos_raw.csv,13350ec740e04247
2026-05-15,2026-05-15 14:31:32,2026-05-11 14:50:00,e421a0501fda4b51,e421a0501fda4b51_diesel_regular,Repsol Aires A,REPSOL,diesel_regular,Gasóleo simples,Outro,2.019,Palmela,Setúbal,"EN 252 Km 14,8",Palmela,2950-439,38.567417,-8.888158,repsol aires a,repsol,"en 252 km 14,8","2,019 €",2026-05-15_dgeg_postos_raw.csv,cf90b16ded5c5e6c
2026-05-15,2026-05-15 14:31:32,2026-05-11 14:50:00,e421a0501fda4b51,e421a0501fda4b51_diesel_premium,Repsol Aires A,REPSOL,diesel_premium,Gasóleo especial,Outro,2.069,Palmela,Setúbal,"EN 252 Km 14,8",Palmela,2950-439,38.567417,-8.888158,repsol aires a,repsol,"en 252 km 14,8","2,069 €",2026-05-15_dgeg_postos_raw.csv,7ed539e394d583f0
2026-05-15,2026-05-15 14:31:32,2026-05-11 14:50:00,e421a0501fda4b51,e421a0501fda4b51_gasoline_95,Repsol Aires A,REPSOL,gasoline_95,Gasolina simples 95,Outro,2.017,Palmela,Setúbal,"EN 252 Km 14,8",Palmela,2950-439,38.567417,-8.888158,repsol aires a,repsol,"en 252 km 14,8","2,017 €",2026-05-15_dgeg_postos_raw.csv,5dc9440556826ae2
2026-05-15,2026-05-15 14:31:32,2026-05-11 14:50:00,a7f814b43a4ccd30,a7f814b43a4ccd30_diesel_premium,PETRODEMO,FREITAS,diesel_premium,Gasóleo especial,Outro,2.086,Moimenta da Beira,Viseu,EN 323,Baldos - Ladeiras,3620-085,40.985801,-7.56649,petrodemo,freitas,en 323,"2,086 €",2026-05-15_dgeg_postos_raw.csv,c07bbb543f415ee6
2026-05-15,2026-05-15 14:31:32,2026-05-11 14:55:00,1d0c2267a2143c41,1d0c2267a2143c41_diesel_regular,POSTO DO CAVALINHO,Genérico,diesel_regular,Gasóleo simples,Outro,1.982,Amarante,Porto,"Rua de Palmazões, EN 101",Lugar do Cavalinho,4600-001,41.2455,-8.03583,posto do cavalinho,genérico,"rua de palmazões, en 101","1,982 €",2026-05-15_dgeg_postos_raw.csv,b709e6c7edd26330
2026-05-15,2026-05-15 14:31:32,2026-05-11 14:55:00,1d0c2267a2143c41,1d0c2267a2143c41_gasoline_95,POSTO DO CAVALINHO,Genérico,gasoline_95,Gasolina simples 95,Outro,1.995,Amarante,Porto,"Rua de Palmazões, EN 101",Lugar do Cavalinho,4600-001,41.2455,-8.03583,posto do cavalinho,genérico,"rua de palmazões, en 101","1,995 €",2026-05-15_dgeg_postos_raw.csv,60e1c880a74a0428
2026-05-15,2026-05-15 14:31:32,2026-05-11 14:55:00,61f7ecd30c0edd01,61f7ecd30c0edd01_diesel_regular,Miranda do Douro - EN 218,CEPSA,diesel_regular,Gasóleo simples,Outro,1.949,Miranda do Douro,Bragança,"EN 128 Km 84,36",Miranda do Douro,5210-000,41.499283,-6.273413,miranda do douro - en 218,cepsa,"en 128 km 84,36","1,949 €",2026-05-15_dgeg_postos_raw.csv,f47299b8899b6598
2026-05-15,2026-05-15 14:31:32,2026-05-11 14:55:00,61f7ecd30c0edd01,61f7ecd30c0edd01_gasoline_95,Miranda do Douro - EN 218,CEPSA,gasoline_95,Gasolina simples 95,Outro,1.921,Miranda do Douro,Bragança,"EN 128 Km 84,36",Miranda do Douro,5210-000,41.499283,-6.273413,miranda do douro - en 218,cepsa,"en 128 km 84,36","1,921 €",2026-05-15_dgeg_postos_raw.csv,16b2b4f8174c106c
2026-05-15,2026-05-15 14:31:32,2026-05-11 14:55:00,cf3a535ca8536769,cf3a535ca8536769_diesel_regular,REPSOL Aires  B,REPSOL,diesel_regular,Gasóleo simples,Outro,2.019,Palmela,Setúbal,"EN 252 Km 50,460",Palmela,2950-439,38.561623,-8.887839,repsol aires b,repsol,"en 252 km 50,460","2,019 €",2026-05-15_dgeg_postos_raw.csv,c697599df5118d7e
2026-05-15,2026-05-15 14:31:32,2026-05-11 14:55:00,cf3a535ca8536769,cf3a535ca8536769_diesel_premium,REPSOL Aires  B,REPSOL,diesel_premium,Gasóleo especial,Outro,2.069,Palmela,Setúbal,"EN 252 Km 50,460",Palmela,2950-439,38.561623,-8.887839,repsol aires b,repsol,"en 252 km 50,460","2,069 €",2026-05-15_dgeg_postos_raw.csv,65510dfe011bdf49
2026-05-15,2026-05-15 14:31:32,2026-05-11 14:55:00,cf3a535ca8536769,cf3a535ca8536769_gasoline_95,REPSOL Aires  B,REPSOL,gasoline_95,Gasolina simples 95,Outro,2.017,Palmela,Setúbal,"EN 252 Km 50,460",Palmela,2950-439,38.561623,-8.887839,repsol aires b,repsol,"en 252 km 50,460","2,017 €",2026-05-15_dgeg_postos_raw.csv,36d688d9d304f2ce
2026-05-15,2026-05-15 14:31:32,2026-05-11 14:55:00,c53cf65f98221c9e,c53cf65f98221c9e_diesel_regular,PA Famalicão - Santa Maria Oliveira,Genérico,diesel_regular,Gasóleo simples,Outro,1.902,Vila Nova de Famalicão,Braga,"Av. 25 de Abril, 1020",Santa Maria Oliveira,4765-801,41.40331,-8.405636,pa famalicão - santa maria oliveira,genérico,"av. 25 de abril, 1020","1,902 €",2026-05-15_dgeg_postos_raw.csv,c6990c25670c2e48
2026-05-15,2026-05-15 14:31:32,2026-05-11 14:55:00,c53cf65f98221c9e,c53cf65f98221c9e_gasoline_95,PA Famalicão - Santa Maria Oliveira,Genérico,gasoline_95,Gasolina simples 95,Outro,1.925,Vila Nova de Famalicão,Braga,"Av. 25 de Abril, 1020",Santa Maria Oliveira,4765-801,41.40331,-8.405636,pa famalicão - santa maria oliveira,genérico,"av. 25 de abril, 1020","1,925 €",2026-05-15_dgeg_postos_raw.csv,216e3a3843b06b13
2026-05-15,2026-05-15 14:31:32,2026-05-11 14:55:00,1d0c2267a2143c41,1d0c2267a2143c41_diesel_premium,POSTO DO CAVALINHO,Genérico,diesel_premium,Gasóleo especial,Outro,2.022,Amarante,Porto,"Rua de Palmazões, EN 101",Lugar do Cavalinho,4600-001,41.2455,-8.03583,posto do cavalinho,genérico,"rua de palmazões, en 101","2,022 €",2026-05-15_dgeg_postos_raw.csv,8d18fae83542c029
2026-05-15,2026-05-15 14:31:32,2026-05-11 14:55:00,c53cf65f98221c9e,c53cf65f98221c9e_diesel_premium,PA Famalicão - Santa Maria Oliveira,Genérico,diesel_premium,Gasóleo especial,Outro,1.922,Vila Nova de Famalicão,Braga,"Av. 25 de Abril, 1020",Santa Maria Oliveira,4765-801,41.40331,-8.405636,pa famalicão - santa maria oliveira,genérico,"av. 25 de abril, 1020","1,922 €",2026-05-15_dgeg_postos_raw.csv,2949b5d463733136
2026-05-15,2026-05-15 14:31:32,2026-05-11 14:55:00,091042d3b0a09cde,091042d3b0a09cde_diesel_regular,"BARAÇAS COMBUSTIVEIS,LDA. PINHEL",Genérico,diesel_regular,Gasóleo simples,Outro,1.979,Pinhel,Guarda,EN 221,Pinhel,6400-417,40.756977,-7.080938,"baraças combustiveis,lda. pinhel",genérico,en 221,"1,979 €",2026-05-15_dgeg_postos_raw.csv,092151e8d0b5840e
2026-05-15,2026-05-15 14:31:32,2026-05-11 14:55:00,091042d3b0a09cde,091042d3b0a09cde_gasoline_95,"BARAÇAS COMBUSTIVEIS,LDA. PINHEL",Genérico,gasoline_95,Gasolina simples 95,Outro,1.959,Pinhel,Guarda,EN 221,Pinhel,6400-417,40.756977,-7.080938,"baraças combustiveis,lda. pinhel",genérico,en 221,"1,959 €",2026-05-15_dgeg_postos_raw.csv,ff3563ab37f0d42c
2026-05-15,2026-05-15 14:31:32,2026-05-11 14:55:00,091042d3b0a09cde,091042d3b0a09cde_diesel_premium,"BARAÇAS COMBUSTIVEIS,LDA. PINHEL",Genérico,diesel_premium,Gasóleo especial,Outro,2.019,Pinhel,Guarda,EN 221,Pinhel,6400-417,40.756977,-7.080938,"baraças combustiveis,lda. pinhel",genérico,en 221,"2,019 €",2026-05-15_dgeg_postos_raw.csv,ea9d412220eb0bb1
2026-05-15,2026-05-15 14:31:32,2026-05-11 14:55:00,61f7ecd30c0edd01,61f7ecd30c0edd01_diesel_premium,Miranda do Douro - EN 218,CEPSA,diesel_premium,Gasóleo especial,Outro,1.999,Miranda do Douro,Bragança,"EN 128 Km 84,36",Miranda do Douro,5210-000,41.499283,-6.273413,miranda do douro - en 218,cepsa,"en 128 km 84,36","1,999 €",2026-05-15_dgeg_postos_raw.csv,0deecb8d35f5f490
2026-05-15,2026-05-15 14:31:32,2026-05-11 15:00:00,4f9178022661ecd5,4f9178022661ecd5_diesel_regular,Intermarché Paços de Ferreira,INTERMARCHÉ,diesel_regular,Gasóleo simples,Outro,1.929,Paços de Ferreira,Porto,Lugar do Marco Meixomil,Paços de Ferreira,4595-225,41.283917,-8.385947,intermarché paços de ferreira,intermarché,lugar do marco meixomil,"1,929 €",2026-05-15_dgeg_postos_raw.csv,38a3f44a2f4342fc
2026-05-15,2026-05-15 14:31:32,2026-05-11 15:00:00,4f9178022661ecd5,4f9178022661ecd5_diesel_premium,Intermarché Paços de Ferreira,INTERMARCHÉ,diesel_premium,Gasóleo especial,Outro,1.959,Paços de Ferreira,Porto,Lugar do Marco Meixomil,Paços de Ferreira,4595-225,41.283917,-8.385947,intermarché paços de ferreira,intermarché,lugar do marco meixomil,"1,959 €",2026-05-15_dgeg_postos_raw.csv,49b3ae1cd11cecd5
2026-05-15,2026-05-15 14:31:32,2026-05-11 15:00:00,4f9178022661ecd5,4f9178022661ecd5_gasoline_95,Intermarché Paços de Ferreira,INTERMARCHÉ,gasoline_95,Gasolina simples 95,Outro,1.929,Paços de Ferreira,Porto,Lugar do Marco Meixomil,Paços de Ferreira,4595-225,41.283917,-8.385947,intermarché paços de ferreira,intermarché,lugar do marco meixomil,"1,929 €",2026-05-15_dgeg_postos_raw.csv,85c977acaedc122d
2026-05-15,2026-05-15 14:31:32,2026-05-11 15:00:00,7cd9d1a33bc7758e,7cd9d1a33bc7758e_diesel_regular,Amadeu Gonçalves Cura,ALVES BANDEIRA,diesel_regular,Gasóleo simples,Outro,2.037,Oliveira do Hospital,Coimbra,Variante de Lagares da Beira,Lagares da Beira,3405-155,40.39781,-7.84929,amadeu gonçalves cura,alves bandeira,variante de lagares da beira,"2,037 €",2026-05-15_dgeg_postos_raw.csv,745c6df483fe44a2
2026-05-15,2026-05-15 14:31:32,2026-05-11 15:00:00,7cd9d1a33bc7758e,7cd9d1a33bc7758e_diesel_premium,Amadeu Gonçalves Cura,ALVES BANDEIRA,diesel_premium,Gasóleo especial,Outro,2.057,Oliveira do Hospital,Coimbra,Variante de Lagares da Beira,Lagares da Beira,3405-155,40.39781,-7.84929,amadeu gonçalves cura,alves bandeira,variante de lagares da beira,"2,057 €",2026-05-15_dgeg_postos_raw.csv,5e4d59afaac93591
2026-05-15,2026-05-15 14:31:32,2026-05-11 15:00:00,7cd9d1a33bc7758e,7cd9d1a33bc7758e_gasoline_95,Amadeu Gonçalves Cura,ALVES BANDEIRA,gasoline_95,Gasolina simples 95,Outro,2.049,Oliveira do Hospital,Coimbra,Variante de Lagares da Beira,Lagares da Beira,3405-155,40.39781,-7.84929,amadeu gonçalves cura,alves bandeira,variante de lagares da beira,"2,049 €",2026-05-15_dgeg_postos_raw.csv,48b02f8f7067d149
2026-05-15,2026-05-15 14:31:32,2026-05-11 15:00:00,59ac85a73a12bdc1,59ac85a73a12bdc1_diesel_regular,Posto de Abastecimento de Almagreira,ALVES BANDEIRA,diesel_regular,Gasóleo simples,Outro,2.035,Pombal,Leiria,Rua Padre Manuel Marques nº 10,Almagreira,3105-004,39.99181,-8.65831,posto de abastecimento de almagreira,alves bandeira,rua padre manuel marques nº 10,"2,035 €",2026-05-15_dgeg_postos_raw.csv,563346e7225f94a4
2026-05-15,2026-05-15 14:31:32,2026-05-11 15:00:00,59ac85a73a12bdc1,59ac85a73a12bdc1_gasoline_95,Posto de Abastecimento de Almagreira,ALVES BANDEIRA,gasoline_95,Gasolina simples 95,Outro,2.041,Pombal,Leiria,Rua Padre Manuel Marques nº 10,Almagreira,3105-004,39.99181,-8.65831,posto de abastecimento de almagreira,alves bandeira,rua padre manuel marques nº 10,"2,041 €",2026-05-15_dgeg_postos_raw.csv,aa7824ab262ef89e
2026-05-15,2026-05-15 14:31:32,2026-05-11 15:00:00,1c9805fbd3c8072e,1c9805fbd3c8072e_diesel_regular,E.S. CAVERNAES A,REPSOL,diesel_regular,Gasóleo simples,Outro,2.019,Viseu,Viseu,Cavernães,Viseu,3500-000,40.716339,-7.831411,e.s. cavernaes a,repsol,cavernães,"2,019 €",2026-05-15_dgeg_postos_raw.csv,272746b0e9cfd231
2026-05-15,2026-05-15 14:31:32,2026-05-11 15:00:00,1c9805fbd3c8072e,1c9805fbd3c8072e_diesel_premium,E.S. CAVERNAES A,REPSOL,diesel_premium,Gasóleo especial,Outro,2.079,Viseu,Viseu,Cavernães,Viseu,3500-000,40.716339,-7.831411,e.s. cavernaes a,repsol,cavernães,"2,079 €",2026-05-15_dgeg_postos_raw.csv,e23a5de94f7b6553
2026-05-15,2026-05-15 14:31:32,2026-05-11 15:00:00,1c9805fbd3c8072e,1c9805fbd3c8072e_gasoline_95,E.S. CAVERNAES A,REPSOL,gasoline_95,Gasolina simples 95,Outro,2.017,Viseu,Viseu,Cavernães,Viseu,3500-000,40.716339,-7.831411,e.s. cavernaes a,repsol,cavernães,"2,017 €",2026-05-15_dgeg_postos_raw.csv,50cc3e222932edba
2026-05-15,2026-05-15 14:31:32,2026-05-11 15:00:00,1c9805fbd3c8072e,1c9805fbd3c8072e_gasoline_98,E.S. CAVERNAES A,REPSOL,gasoline_98,Gasolina especial 98,Outro,2.197,Viseu,Viseu,Cavernães,Viseu,3500-000,40.716339,-7.831411,e.s. cavernaes a,repsol,cavernães,"2,197 €",2026-05-15_dgeg_postos_raw.csv,06828f6699f70e2b
2026-05-15,2026-05-15 14:31:32,2026-05-11 15:00:00,1fa99575a0f1beab,1fa99575a0f1beab_diesel_regular,E.S. CAVERNAES B,REPSOL,diesel_regular,Gasóleo simples,Outro,2.019,Viseu,Viseu,Cavernães,Viseu,3500-000,40.716869,-7.831481,e.s. cavernaes b,repsol,cavernães,"2,019 €",2026-05-15_dgeg_postos_raw.csv,eb4ff44e6dc7c17e
2026-05-15,2026-05-15 14:31:32,2026-05-11 15:00:00,1fa99575a0f1beab,1fa99575a0f1beab_diesel_premium,E.S. CAVERNAES B,REPSOL,diesel_premium,Gasóleo especial,Outro,2.079,Viseu,Viseu,Cavernães,Viseu,3500-000,40.716869,-7.831481,e.s. cavernaes b,repsol,cavernães,"2,079 €",2026-05-15_dgeg_postos_raw.csv,ac325cfcd084cbc0
2026-05-15,2026-05-15 14:31:32,2026-05-11 15:00:00,1fa99575a0f1beab,1fa99575a0f1beab_gasoline_95,E.S. CAVERNAES B,REPSOL,gasoline_95,Gasolina simples 95,Outro,2.017,Viseu,Viseu,Cavernães,Viseu,3500-000,40.716869,-7.831481,e.s. cavernaes b,repsol,cavernães,"2,017 €",2026-05-15_dgeg_postos_raw.csv,51c85246c9b4d9c4
2026-05-15,2026-05-15 14:31:32,2026-05-11 15:00:00,3998d0cea602a0d0,3998d0cea602a0d0_diesel_regular,"Combustiveis Carvalho, Lda",Genérico,diesel_regular,Gasóleo simples,Outro,1.948,Vila Nova de Famalicão,Braga,"Av Conde Arnoso, 1902",Santa Maria de Arnoso,4770-526,41.47191,-8.487272,"combustiveis carvalho, lda",genérico,"av conde arnoso, 1902","1,948 €",2026-05-15_dgeg_postos_raw.csv,3c605e30460fa6ba
2026-05-15,2026-05-15 14:31:32,2026-05-11 15:00:00,3998d0cea602a0d0,3998d0cea602a0d0_gasoline_95,"Combustiveis Carvalho, Lda",Genérico,gasoline_95,Gasolina simples 95,Outro,1.947,Vila Nova de Famalicão,Braga,"Av Conde Arnoso, 1902",Santa Maria de Arnoso,4770-526,41.47191,-8.487272,"combustiveis carvalho, lda",genérico,"av conde arnoso, 1902","1,947 €",2026-05-15_dgeg_postos_raw.csv,6b4fa2828d76bf14
2026-05-15,2026-05-15 14:31:32,2026-05-11 15:00:00,faadf30c20318f99,faadf30c20318f99_diesel_regular,REPSOL Matosinhos - IP4,REPSOL,diesel_regular,Gasóleo simples,Outro,2.049,Matosinhos,Porto,"PROLONGAMENTO DA AVENIDA REPÚBLICA, S/N",Matosinhos,4450-130,41.18254,-8.676889,repsol matosinhos - ip4,repsol,"prolongamento da avenida república, s/n","2,049 €",2026-05-15_dgeg_postos_raw.csv,fb5602f5709effbb
2026-05-15,2026-05-15 14:31:32,2026-05-11 15:00:00,faadf30c20318f99,faadf30c20318f99_diesel_premium,REPSOL Matosinhos - IP4,REPSOL,diesel_premium,Gasóleo especial,Outro,2.119,Matosinhos,Porto,"PROLONGAMENTO DA AVENIDA REPÚBLICA, S/N",Matosinhos,4450-130,41.18254,-8.676889,repsol matosinhos - ip4,repsol,"prolongamento da avenida república, s/n","2,119 €",2026-05-15_dgeg_postos_raw.csv,7b07e6ff8355ea6c
2026-05-15,2026-05-15 14:31:32,2026-05-11 15:00:00,faadf30c20318f99,faadf30c20318f99_gasoline_95,REPSOL Matosinhos - IP4,REPSOL,gasoline_95,Gasolina simples 95,Outro,2.047,Matosinhos,Porto,"PROLONGAMENTO DA AVENIDA REPÚBLICA, S/N",Matosinhos,4450-130,41.18254,-8.676889,repsol matosinhos - ip4,repsol,"prolongamento da avenida república, s/n","2,047 €",2026-05-15_dgeg_postos_raw.csv,ca7945bb724d4e62
2026-05-15,2026-05-15 14:31:32,2026-05-11 15:00:00,5b136267b19cd016,5b136267b19cd016_diesel_regular,PA de Bordeiro,ALVES BANDEIRA,diesel_regular,Gasóleo simples,Outro,2.075,Góis,Coimbra,Bordeiro,Bordeiro,3330-221,40.178173,-8.096597,pa de bordeiro,alves bandeira,bordeiro,"2,075 €",2026-05-15_dgeg_postos_raw.csv,7ea39f5feffad657
2026-05-15,2026-05-15 14:31:32,2026-05-11 15:00:00,5b136267b19cd016,5b136267b19cd016_gasoline_95,PA de Bordeiro,ALVES BANDEIRA,gasoline_95,Gasolina simples 95,Outro,2.081,Góis,Coimbra,Bordeiro,Bordeiro,3330-221,40.178173,-8.096597,pa de bordeiro,alves bandeira,bordeiro,"2,081 €",2026-05-15_dgeg_postos_raw.csv,ce625547a77161fe
2026-05-15,2026-05-15 14:31:32,2026-05-11 15:00:00,fe34566142642917,fe34566142642917_diesel_premium,POSTO DE FREGIM,Genérico,diesel_premium,Gasóleo especial,Outro,2.022,Amarante,Porto,Rua da Boavista nº1730,Fregim,4600-593,41.2661,-8.11844,posto de fregim,genérico,rua da boavista nº1730,"2,022 €",2026-05-15_dgeg_postos_raw.csv,43df052757aaa454
2026-05-15,2026-05-15 14:31:32,2026-05-11 15:00:00,1f41669e6abcf151,1f41669e6abcf151_diesel_regular,Galp Sernancelhe,GALP,diesel_regular,Gasóleo simples,Outro,2.055,Sernancelhe,Viseu,Bairro do Sulminheiro,Sernancelhe,3640-229,40.898415,-7.485933,galp sernancelhe,galp,bairro do sulminheiro,"2,055 €",2026-05-15_dgeg_postos_raw.csv,e7f6d9b747727b20
2026-05-15,2026-05-15 14:31:32,2026-05-11 15:00:00,8aaba9a14d088ac4,8aaba9a14d088ac4_diesel_premium,PETROIZEDA,CEPSA,diesel_premium,Gasóleo especial,Outro,2.099,Bragança,Bragança,R. Central S/N,Izeda,5300-598,41.56198,-6.72663,petroizeda,cepsa,r. central s/n,"2,099 €",2026-05-15_dgeg_postos_raw.csv,e4e6653417175243
2026-05-15,2026-05-15 14:31:32,2026-05-11 15:00:00,8aaba9a14d088ac4,8aaba9a14d088ac4_diesel_regular,PETROIZEDA,CEPSA,diesel_regular,Gasóleo simples,Outro,2.079,Bragança,Bragança,R. Central S/N,Izeda,5300-598,41.56198,-6.72663,petroizeda,cepsa,r. central s/n,"2,079 €",2026-05-15_dgeg_postos_raw.csv,4b5625069bf69030
2026-05-15,2026-05-15 14:31:32,2026-05-11 15:00:00,8aaba9a14d088ac4,8aaba9a14d088ac4_gasoline_95,PETROIZEDA,CEPSA,gasoline_95,Gasolina simples 95,Outro,2.069,Bragança,Bragança,R. Central S/N,Izeda,5300-598,41.56198,-6.72663,petroizeda,cepsa,r. central s/n,"2,069 €",2026-05-15_dgeg_postos_raw.csv,ad4f12dd22077c95
2026-05-15,2026-05-15 14:31:32,2026-05-11 15:00:00,be32de261aaed0a4,be32de261aaed0a4_diesel_premium,AB Carregal do Sal,ALVES BANDEIRA,diesel_premium,Gasóleo especial,Outro,2.075,Carregal do Sal,Viseu,"Av. Nª Srª das Febres, 34",Carregal do Sal,3430-039,40.43128,-8.00802,ab carregal do sal,alves bandeira,"av. nª srª das febres, 34","2,075 €",2026-05-15_dgeg_postos_raw.csv,4d1c1bcf8430f5b8
2026-05-15,2026-05-15 14:31:32,2026-05-11 15:00:00,be32de261aaed0a4,be32de261aaed0a4_diesel_regular,AB Carregal do Sal,ALVES BANDEIRA,diesel_regular,Gasóleo simples,Outro,2.025,Carregal do Sal,Viseu,"Av. Nª Srª das Febres, 34",Carregal do Sal,3430-039,40.43128,-8.00802,ab carregal do sal,alves bandeira,"av. nª srª das febres, 34","2,025 €",2026-05-15_dgeg_postos_raw.csv,f83c068cef090d36
2026-05-15,2026-05-15 14:31:32,2026-05-11 15:00:00,be32de261aaed0a4,be32de261aaed0a4_gasoline_95,AB Carregal do Sal,ALVES BANDEIRA,gasoline_95,Gasolina simples 95,Outro,2.031,Carregal do Sal,Viseu,"Av. Nª Srª das Febres, 34",Carregal do Sal,3430-039,40.43128,-8.00802,ab carregal do sal,alves bandeira,"av. nª srª das febres, 34","2,031 €",2026-05-15_dgeg_postos_raw.csv,7d31b3829c95cc8b
2026-05-15,2026-05-15 14:31:32,2026-05-11 15:00:00,4133a53147ef0ddf,4133a53147ef0ddf_diesel_regular,"MOTOPAL - PAULO LOURENÇO, UNIP,LDA",ALVES BANDEIRA,diesel_regular,Gasóleo simples,Outro,2.025,Oliveira de Frades,Viseu,R. Principal Cajadães,SÃO VICENTE DE LAFÕES,3680-281,40.706636,-8.168476,"motopal - paulo lourenço, unip,lda",alves bandeira,r. principal cajadães,"2,025 €",2026-05-15_dgeg_postos_raw.csv,cb40f937669ca5b9
2026-05-15,2026-05-15 14:31:32,2026-05-11 15:00:00,4133a53147ef0ddf,4133a53147ef0ddf_gasoline_95,"MOTOPAL - PAULO LOURENÇO, UNIP,LDA",ALVES BANDEIRA,gasoline_95,Gasolina simples 95,Outro,2.031,Oliveira de Frades,Viseu,R. Principal Cajadães,SÃO VICENTE DE LAFÕES,3680-281,40.706636,-8.168476,"motopal - paulo lourenço, unip,lda",alves bandeira,r. principal cajadães,"2,031 €",2026-05-15_dgeg_postos_raw.csv,71c76b7452738fe1
2026-05-15,2026-05-15 14:31:32,2026-05-11 15:00:00,c413e68bee59b151,c413e68bee59b151_diesel_regular,Posto de Lageosa do Dão,ALVES BANDEIRA,diesel_regular,Gasóleo simples,Outro,2.025,Tondela,Viseu,Av. do Areeiro nº1608,Lageosa do Dão,3460-153,40.54424,-7.98026,posto de lageosa do dão,alves bandeira,av. do areeiro nº1608,"2,025 €",2026-05-15_dgeg_postos_raw.csv,d14e768aaec0c816
2026-05-15,2026-05-15 14:31:32,2026-05-11 15:00:00,8807e4f97264f7e7,8807e4f97264f7e7_diesel_regular,ALVES BANDEIRA Turquel,ALVES BANDEIRA,diesel_regular,Gasóleo simples,Outro,2.02,Alcobaça,Leiria,"R. José Diogo Ribeiro, EN 8/6",Turquel,2460-815,39.46772,-8.98081,alves bandeira turquel,alves bandeira,"r. josé diogo ribeiro, en 8/6","2,020 €",2026-05-15_dgeg_postos_raw.csv,b3efea23d5354938
2026-05-15,2026-05-15 14:31:32,2026-05-11 15:00:00,8807e4f97264f7e7,8807e4f97264f7e7_diesel_premium,ALVES BANDEIRA Turquel,ALVES BANDEIRA,diesel_premium,Gasóleo especial,Outro,2.04,Alcobaça,Leiria,"R. José Diogo Ribeiro, EN 8/6",Turquel,2460-815,39.46772,-8.98081,alves bandeira turquel,alves bandeira,"r. josé diogo ribeiro, en 8/6","2,040 €",2026-05-15_dgeg_postos_raw.csv,fd6281657aba3f2a
2026-05-15,2026-05-15 14:31:32,2026-05-11 15:00:00,8807e4f97264f7e7,8807e4f97264f7e7_gasoline_95,ALVES BANDEIRA Turquel,ALVES BANDEIRA,gasoline_95,Gasolina simples 95,Outro,2.026,Alcobaça,Leiria,"R. José Diogo Ribeiro, EN 8/6",Turquel,2460-815,39.46772,-8.98081,alves bandeira turquel,alves bandeira,"r. josé diogo ribeiro, en 8/6","2,026 €",2026-05-15_dgeg_postos_raw.csv,7f35b3b3954979b8
2026-05-15,2026-05-15 14:31:32,2026-05-11 15:00:00,9ac7d42850d76aab,9ac7d42850d76aab_diesel_regular,Petrofregim Lixa,PRIO,diesel_regular,Gasóleo simples,Outro,2.002,Felgueiras,Porto,R. Pinhal Basto,Macieira da Lixa,4615-380,41.340066,-8.156962,petrofregim lixa,prio,r. pinhal basto,"2,002 €",2026-05-15_dgeg_postos_raw.csv,f2e356ef4fa16024
2026-05-15,2026-05-15 14:31:32,2026-05-11 15:00:00,9ac7d42850d76aab,9ac7d42850d76aab_diesel_premium,Petrofregim Lixa,PRIO,diesel_premium,Gasóleo especial,Outro,2.082,Felgueiras,Porto,R. Pinhal Basto,Macieira da Lixa,4615-380,41.340066,-8.156962,petrofregim lixa,prio,r. pinhal basto,"2,082 €",2026-05-15_dgeg_postos_raw.csv,accb0d67e4bfdee0
2026-05-15,2026-05-15 14:31:32,2026-05-11 15:00:00,9ac7d42850d76aab,9ac7d42850d76aab_gasoline_95,Petrofregim Lixa,PRIO,gasoline_95,Gasolina simples 95,Outro,2.025,Felgueiras,Porto,R. Pinhal Basto,Macieira da Lixa,4615-380,41.340066,-8.156962,petrofregim lixa,prio,r. pinhal basto,"2,025 €",2026-05-15_dgeg_postos_raw.csv,00550f52aff7ef5d
2026-05-15,2026-05-15 14:31:32,2026-05-11 15:00:00,05a343f4da7e4267,05a343f4da7e4267_diesel_regular,RAPEL - PONTE DE LIMA,Genérico,diesel_regular,Gasóleo simples,Outro,1.929,Ponte de Lima,Viana do Castelo,"R. Lebre, Nº 5",PONTE DE LIMA,4990-374,41.771694,-8.574915,rapel - ponte de lima,genérico,"r. lebre, nº 5","1,929 €",2026-05-15_dgeg_postos_raw.csv,59b0ca9413db79c8
2026-05-15,2026-05-15 14:31:32,2026-05-11 15:00:00,05a343f4da7e4267,05a343f4da7e4267_diesel_premium,RAPEL - PONTE DE LIMA,Genérico,diesel_premium,Gasóleo especial,Outro,1.939,Ponte de Lima,Viana do Castelo,"R. Lebre, Nº 5",PONTE DE LIMA,4990-374,41.771694,-8.574915,rapel - ponte de lima,genérico,"r. lebre, nº 5","1,939 €",2026-05-15_dgeg_postos_raw.csv,fa0a0a1c13dccd83
2026-05-15,2026-05-15 14:31:32,2026-05-11 15:00:00,05a343f4da7e4267,05a343f4da7e4267_gasoline_95,RAPEL - PONTE DE LIMA,Genérico,gasoline_95,Gasolina simples 95,Outro,1.932,Ponte de Lima,Viana do Castelo,"R. Lebre, Nº 5",PONTE DE LIMA,4990-374,41.771694,-8.574915,rapel - ponte de lima,genérico,"r. lebre, nº 5","1,932 €",2026-05-15_dgeg_postos_raw.csv,3b071396c1457ff9
2026-05-15,2026-05-15 14:31:32,2026-05-11 15:00:00,b2e46c7be0a7f359,b2e46c7be0a7f359_diesel_regular,INTERMARCHE LORDELO,INTERMARCHÉ,diesel_regular,Gasóleo simples,Outro,1.929,Paredes,Porto,Av. Adelino Amaro da Costa S/N,Lordelo,4580-503,41.23821,-8.41311,intermarche lordelo,intermarché,av. adelino amaro da costa s/n,"1,929 €",2026-05-15_dgeg_postos_raw.csv,566c289f757cc836
2026-05-15,2026-05-15 14:31:32,2026-05-11 15:00:00,b2e46c7be0a7f359,b2e46c7be0a7f359_diesel_premium,INTERMARCHE LORDELO,INTERMARCHÉ,diesel_premium,Gasóleo especial,Outro,1.959,Paredes,Porto,Av. Adelino Amaro da Costa S/N,Lordelo,4580-503,41.23821,-8.41311,intermarche lordelo,intermarché,av. adelino amaro da costa s/n,"1,959 €",2026-05-15_dgeg_postos_raw.csv,f6b5f9c29059b5c8
2026-05-15,2026-05-15 14:31:32,2026-05-11 15:00:00,b2e46c7be0a7f359,b2e46c7be0a7f359_gasoline_95,INTERMARCHE LORDELO,INTERMARCHÉ,gasoline_95,Gasolina simples 95,Outro,1.929,Paredes,Porto,Av. Adelino Amaro da Costa S/N,Lordelo,4580-503,41.23821,-8.41311,intermarche lordelo,intermarché,av. adelino amaro da costa s/n,"1,929 €",2026-05-15_dgeg_postos_raw.csv,cb01f3570abb99ea
2026-05-15,2026-05-15 14:31:32,2026-05-11 15:00:00,1f41669e6abcf151,1f41669e6abcf151_diesel_premium,Galp Sernancelhe,GALP,diesel_premium,Gasóleo especial,Outro,2.105,Sernancelhe,Viseu,Bairro do Sulminheiro,Sernancelhe,3640-229,40.898415,-7.485933,galp sernancelhe,galp,bairro do sulminheiro,"2,105 €",2026-05-15_dgeg_postos_raw.csv,05cc6104259d1aa6
2026-05-15,2026-05-15 14:31:32,2026-05-11 15:00:00,1f41669e6abcf151,1f41669e6abcf151_gasoline_95,Galp Sernancelhe,GALP,gasoline_95,Gasolina simples 95,Outro,2.051,Sernancelhe,Viseu,Bairro do Sulminheiro,Sernancelhe,3640-229,40.898415,-7.485933,galp sernancelhe,galp,bairro do sulminheiro,"2,051 €",2026-05-15_dgeg_postos_raw.csv,cf68c3acb062edbe
2026-05-15,2026-05-15 14:31:32,2026-05-11 15:00:00,98d3ec1a21dd74a8,98d3ec1a21dd74a8_diesel_regular,FREIXAUTO,ALVES BANDEIRA,diesel_regular,Gasóleo simples,Outro,2.075,Torres Vedras,Lisboa,EN 8 nº 40,Freixofeira,2565-773,39.024929,-9.279333,freixauto,alves bandeira,en 8 nº 40,"2,075 €",2026-05-15_dgeg_postos_raw.csv,af4562fb01a3a65f
2026-05-15,2026-05-15 14:31:32,2026-05-11 15:00:00,98d3ec1a21dd74a8,98d3ec1a21dd74a8_gasoline_95,FREIXAUTO,ALVES BANDEIRA,gasoline_95,Gasolina simples 95,Outro,2.081,Torres Vedras,Lisboa,EN 8 nº 40,Freixofeira,2565-773,39.024929,-9.279333,freixauto,alves bandeira,en 8 nº 40,"2,081 €",2026-05-15_dgeg_postos_raw.csv,dafd493e4a78d6a3
2026-05-15,2026-05-15 14:31:32,2026-05-11 15:00:00,c413e68bee59b151,c413e68bee59b151_diesel_premium,Posto de Lageosa do Dão,ALVES BANDEIRA,diesel_premium,Gasóleo especial,Outro,2.07,Tondela,Viseu,Av. do Areeiro nº1608,Lageosa do Dão,3460-153,40.54424,-7.98026,posto de lageosa do dão,alves bandeira,av. do areeiro nº1608,"2,070 €",2026-05-15_dgeg_postos_raw.csv,090f9ccaf0e3a126
2026-05-15,2026-05-15 14:31:32,2026-05-11 15:00:00,c413e68bee59b151,c413e68bee59b151_gasoline_95,Posto de Lageosa do Dão,ALVES BANDEIRA,gasoline_95,Gasolina simples 95,Outro,2.031,Tondela,Viseu,Av. do Areeiro nº1608,Lageosa do Dão,3460-153,40.54424,-7.98026,posto de lageosa do dão,alves bandeira,av. do areeiro nº1608,"2,031 €",2026-05-15_dgeg_postos_raw.csv,187a2634c5cf0014
2026-05-15,2026-05-15 14:31:32,2026-05-11 15:00:00,fe34566142642917,fe34566142642917_diesel_regular,POSTO DE FREGIM,Genérico,diesel_regular,Gasóleo simples,Outro,1.982,Amarante,Porto,Rua da Boavista nº1730,Fregim,4600-593,41.2661,-8.11844,posto de fregim,genérico,rua da boavista nº1730,"1,982 €",2026-05-15_dgeg_postos_raw.csv,eab74510f9d179c2
2026-05-15,2026-05-15 14:31:32,2026-05-11 15:00:00,fe34566142642917,fe34566142642917_gasoline_95,POSTO DE FREGIM,Genérico,gasoline_95,Gasolina simples 95,Outro,1.995,Amarante,Porto,Rua da Boavista nº1730,Fregim,4600-593,41.2661,-8.11844,posto de fregim,genérico,rua da boavista nº1730,"1,995 €",2026-05-15_dgeg_postos_raw.csv,d7a9a519af799500
2026-05-15,2026-05-15 14:31:32,2026-05-11 15:00:00,f9f83b030d8932b4,f9f83b030d8932b4_diesel_regular,Carbudaire  Bairro-Ourém,ALVES BANDEIRA,diesel_regular,Gasóleo simples,Outro,2.075,Ourém,Santarém,"Estrada de Torres Novas, nº16 , Bairro",Bairro,2490-216,39.57279,-8.603006,carbudaire bairro-ourém,alves bandeira,"estrada de torres novas, nº16 , bairro","2,075 €",2026-05-15_dgeg_postos_raw.csv,53b955ab9d2bf6ed
2026-05-15,2026-05-15 14:31:32,2026-05-11 15:00:00,f9f83b030d8932b4,f9f83b030d8932b4_diesel_premium,Carbudaire  Bairro-Ourém,ALVES BANDEIRA,diesel_premium,Gasóleo especial,Outro,2.1,Ourém,Santarém,"Estrada de Torres Novas, nº16 , Bairro",Bairro,2490-216,39.57279,-8.603006,carbudaire bairro-ourém,alves bandeira,"estrada de torres novas, nº16 , bairro","2,100 €",2026-05-15_dgeg_postos_raw.csv,40516217927ef123
2026-05-15,2026-05-15 14:31:32,2026-05-11 15:00:00,f9f83b030d8932b4,f9f83b030d8932b4_gasoline_95,Carbudaire  Bairro-Ourém,ALVES BANDEIRA,gasoline_95,Gasolina simples 95,Outro,2.081,Ourém,Santarém,"Estrada de Torres Novas, nº16 , Bairro",Bairro,2490-216,39.57279,-8.603006,carbudaire bairro-ourém,alves bandeira,"estrada de torres novas, nº16 , bairro","2,081 €",2026-05-15_dgeg_postos_raw.csv,a98c9060eab49eed
2026-05-15,2026-05-15 14:31:32,2026-05-11 15:00:00,562af82df47c9ba7,562af82df47c9ba7_diesel_regular,"ARRANHA FONTINHAS, LDA",ALVES BANDEIRA,diesel_regular,Gasóleo simples,Outro,2.075,Castro Verde,Beja,EN 2,Castro Verde,7780-171,37.686544,-8.084354,"arranha fontinhas, lda",alves bandeira,en 2,"2,075 €",2026-05-15_dgeg_postos_raw.csv,2d49889025bde4a4
2026-05-15,2026-05-15 14:31:32,2026-05-11 15:00:00,562af82df47c9ba7,562af82df47c9ba7_diesel_premium,"ARRANHA FONTINHAS, LDA",ALVES BANDEIRA,diesel_premium,Gasóleo especial,Outro,2.095,Castro Verde,Beja,EN 2,Castro Verde,7780-171,37.686544,-8.084354,"arranha fontinhas, lda",alves bandeira,en 2,"2,095 €",2026-05-15_dgeg_postos_raw.csv,81c63744348d61a3
2026-05-15,2026-05-15 14:31:32,2026-05-11 15:00:00,562af82df47c9ba7,562af82df47c9ba7_gasoline_95,"ARRANHA FONTINHAS, LDA",ALVES BANDEIRA,gasoline_95,Gasolina simples 95,Outro,2.081,Castro Verde,Beja,EN 2,Castro Verde,7780-171,37.686544,-8.084354,"arranha fontinhas, lda",alves bandeira,en 2,"2,081 €",2026-05-15_dgeg_postos_raw.csv,1989fe7e22fdeb70
2026-05-15,2026-05-15 14:31:32,2026-05-11 15:00:00,3607dbc296adc4ac,3607dbc296adc4ac_diesel_regular,POETA & QUENTAL,ALVES BANDEIRA,diesel_regular,Gasóleo simples,Outro,2.075,Oliveira de Frades,Viseu,EN 227,Conlela de São João da Serra,3680-262,40.78334,-8.25148,poeta & quental,alves bandeira,en 227,"2,075 €",2026-05-15_dgeg_postos_raw.csv,c1e69d05c4136486
2026-05-15,2026-05-15 14:31:32,2026-05-11 15:00:00,3607dbc296adc4ac,3607dbc296adc4ac_diesel_premium,POETA & QUENTAL,ALVES BANDEIRA,diesel_premium,Gasóleo especial,Outro,2.095,Oliveira de Frades,Viseu,EN 227,Conlela de São João da Serra,3680-262,40.78334,-8.25148,poeta & quental,alves bandeira,en 227,"2,095 €",2026-05-15_dgeg_postos_raw.csv,2713e3f9283c5937
2026-05-15,2026-05-15 14:31:32,2026-05-11 15:00:00,3607dbc296adc4ac,3607dbc296adc4ac_gasoline_95,POETA & QUENTAL,ALVES BANDEIRA,gasoline_95,Gasolina simples 95,Outro,2.081,Oliveira de Frades,Viseu,EN 227,Conlela de São João da Serra,3680-262,40.78334,-8.25148,poeta & quental,alves bandeira,en 227,"2,081 €",2026-05-15_dgeg_postos_raw.csv,d72c04b8652721ef
2026-05-15,2026-05-15 14:31:32,2026-05-11 15:00:00,098d99e280c7ece5,098d99e280c7ece5_diesel_regular,AB Louriçal,ALVES BANDEIRA,diesel_regular,Gasóleo simples,Outro,2.075,Pombal,Leiria,"Rua Sociedade Filarmónica, nº75",Louriçal,3105-165,40.00582,-8.73685,ab louriçal,alves bandeira,"rua sociedade filarmónica, nº75","2,075 €",2026-05-15_dgeg_postos_raw.csv,ab89507fa4bf30ff
2026-05-15,2026-05-15 14:31:32,2026-05-11 15:00:00,098d99e280c7ece5,098d99e280c7ece5_diesel_premium,AB Louriçal,ALVES BANDEIRA,diesel_premium,Gasóleo especial,Outro,2.095,Pombal,Leiria,"Rua Sociedade Filarmónica, nº75",Louriçal,3105-165,40.00582,-8.73685,ab louriçal,alves bandeira,"rua sociedade filarmónica, nº75","2,095 €",2026-05-15_dgeg_postos_raw.csv,9b7a6b61cae0b353
2026-05-15,2026-05-15 14:31:32,2026-05-11 15:00:00,098d99e280c7ece5,098d99e280c7ece5_gasoline_95,AB Louriçal,ALVES BANDEIRA,gasoline_95,Gasolina simples 95,Outro,2.081,Pombal,Leiria,"Rua Sociedade Filarmónica, nº75",Louriçal,3105-165,40.00582,-8.73685,ab louriçal,alves bandeira,"rua sociedade filarmónica, nº75","2,081 €",2026-05-15_dgeg_postos_raw.csv,263fa33208930cfd
2026-05-15,2026-05-15 14:31:32,2026-05-11 15:05:00,fc0c613a68be6d92,fc0c613a68be6d92_diesel_regular,E.S. SOBROSA-PAREDES,REPSOL,diesel_regular,Gasóleo simples,Outro,2.029,Paredes,Porto,"E.N. 319, Km 20 - Matas de Fontes (Futura Av. de Fontes)",Sobrosa,4580-607,41.24129,-8.36309,e.s. sobrosa-paredes,repsol,"e.n. 319, km 20 - matas de fontes (futura av. de fontes)","2,029 €",2026-05-15_dgeg_postos_raw.csv,8c72de1e1eb3f715
2026-05-15,2026-05-15 14:31:32,2026-05-11 15:05:00,fc0c613a68be6d92,fc0c613a68be6d92_diesel_premium,E.S. SOBROSA-PAREDES,REPSOL,diesel_premium,Gasóleo especial,Outro,2.089,Paredes,Porto,"E.N. 319, Km 20 - Matas de Fontes (Futura Av. de Fontes)",Sobrosa,4580-607,41.24129,-8.36309,e.s. sobrosa-paredes,repsol,"e.n. 319, km 20 - matas de fontes (futura av. de fontes)","2,089 €",2026-05-15_dgeg_postos_raw.csv,d18adc2f671c6a33
2026-05-15,2026-05-15 14:31:32,2026-05-11 15:05:00,fc0c613a68be6d92,fc0c613a68be6d92_gasoline_95,E.S. SOBROSA-PAREDES,REPSOL,gasoline_95,Gasolina simples 95,Outro,2.027,Paredes,Porto,"E.N. 319, Km 20 - Matas de Fontes (Futura Av. de Fontes)",Sobrosa,4580-607,41.24129,-8.36309,e.s. sobrosa-paredes,repsol,"e.n. 319, km 20 - matas de fontes (futura av. de fontes)","2,027 €",2026-05-15_dgeg_postos_raw.csv,ddf01e08f5752424
2026-05-15,2026-05-15 14:31:32,2026-05-11 15:05:00,fc0c613a68be6d92,fc0c613a68be6d92_gasoline_98,E.S. SOBROSA-PAREDES,REPSOL,gasoline_98,Gasolina especial 98,Outro,2.217,Paredes,Porto,"E.N. 319, Km 20 - Matas de Fontes (Futura Av. de Fontes)",Sobrosa,4580-607,41.24129,-8.36309,e.s. sobrosa-paredes,repsol,"e.n. 319, km 20 - matas de fontes (futura av. de fontes)","2,217 €",2026-05-15_dgeg_postos_raw.csv,dabe969b0a4f87c2
2026-05-15,2026-05-15 14:31:32,2026-05-11 15:05:00,318bec2f7bf970dd,318bec2f7bf970dd_diesel_regular,E.S. S. PEDRO DO SUL -  OLIVEIRA,REPSOL,diesel_regular,Gasóleo simples,Outro,2.029,São Pedro do Sul,Viseu,"RUA DA ABENEIRA - OLIVEIRA, SUL",SÃO PEDRO DO SUL,3660-625,40.82102,-8.04564,e.s. s. pedro do sul - oliveira,repsol,"rua da abeneira - oliveira, sul","2,029 €",2026-05-15_dgeg_postos_raw.csv,1ef189eb2b656d4e
2026-05-15,2026-05-15 14:31:32,2026-05-11 15:05:00,318bec2f7bf970dd,318bec2f7bf970dd_diesel_premium,E.S. S. PEDRO DO SUL -  OLIVEIRA,REPSOL,diesel_premium,Gasóleo especial,Outro,2.089,São Pedro do Sul,Viseu,"RUA DA ABENEIRA - OLIVEIRA, SUL",SÃO PEDRO DO SUL,3660-625,40.82102,-8.04564,e.s. s. pedro do sul - oliveira,repsol,"rua da abeneira - oliveira, sul","2,089 €",2026-05-15_dgeg_postos_raw.csv,4eeaa9356e4c09fc
2026-05-15,2026-05-15 14:31:32,2026-05-11 15:05:00,318bec2f7bf970dd,318bec2f7bf970dd_gasoline_95,E.S. S. PEDRO DO SUL -  OLIVEIRA,REPSOL,gasoline_95,Gasolina simples 95,Outro,2.027,São Pedro do Sul,Viseu,"RUA DA ABENEIRA - OLIVEIRA, SUL",SÃO PEDRO DO SUL,3660-625,40.82102,-8.04564,e.s. s. pedro do sul - oliveira,repsol,"rua da abeneira - oliveira, sul","2,027 €",2026-05-15_dgeg_postos_raw.csv,a88d55f07aca6155
2026-05-15,2026-05-15 14:31:32,2026-05-11 15:05:00,64bcdba49e259fa9,64bcdba49e259fa9_diesel_regular,E.S. PAREDES DA BEIRA,REPSOL,diesel_regular,Gasóleo simples,Outro,2.029,São João da Pesqueira,Viseu,"EN 505, BAIRRO DO CRUZEIRO 57",Paredes da Beira,5130-272,41.05134,-7.46969,e.s. paredes da beira,repsol,"en 505, bairro do cruzeiro 57","2,029 €",2026-05-15_dgeg_postos_raw.csv,fd7ceb238ce79973
2026-05-15,2026-05-15 14:31:32,2026-05-11 15:05:00,64bcdba49e259fa9,64bcdba49e259fa9_diesel_premium,E.S. PAREDES DA BEIRA,REPSOL,diesel_premium,Gasóleo especial,Outro,2.089,São João da Pesqueira,Viseu,"EN 505, BAIRRO DO CRUZEIRO 57",Paredes da Beira,5130-272,41.05134,-7.46969,e.s. paredes da beira,repsol,"en 505, bairro do cruzeiro 57","2,089 €",2026-05-15_dgeg_postos_raw.csv,61192cde2ec19254
2026-05-15,2026-05-15 14:31:32,2026-05-11 15:05:00,64bcdba49e259fa9,64bcdba49e259fa9_gasoline_95,E.S. PAREDES DA BEIRA,REPSOL,gasoline_95,Gasolina simples 95,Outro,2.027,São João da Pesqueira,Viseu,"EN 505, BAIRRO DO CRUZEIRO 57",Paredes da Beira,5130-272,41.05134,-7.46969,e.s. paredes da beira,repsol,"en 505, bairro do cruzeiro 57","2,027 €",2026-05-15_dgeg_postos_raw.csv,743e07f5bfbcefcb
2026-05-15,2026-05-15 14:31:32,2026-05-11 15:05:00,285a60e90c6ba73d,285a60e90c6ba73d_diesel_regular,Posto Vila Caiz,Genérico,diesel_regular,Gasóleo simples,Outro,1.982,Amarante,Porto,Rua Padre Alvaro da Silva barbosa,Vila Caiz,4600-782,41.23029,-8.134625,posto vila caiz,genérico,rua padre alvaro da silva barbosa,"1,982 €",2026-05-15_dgeg_postos_raw.csv,2a370204fbfa5e11
2026-05-15,2026-05-15 14:31:32,2026-05-11 15:05:00,285a60e90c6ba73d,285a60e90c6ba73d_diesel_premium,Posto Vila Caiz,Genérico,diesel_premium,Gasóleo especial,Outro,2.022,Amarante,Porto,Rua Padre Alvaro da Silva barbosa,Vila Caiz,4600-782,41.23029,-8.134625,posto vila caiz,genérico,rua padre alvaro da silva barbosa,"2,022 €",2026-05-15_dgeg_postos_raw.csv,df492c64b81c2ef8
2026-05-15,2026-05-15 14:31:32,2026-05-11 15:05:00,285a60e90c6ba73d,285a60e90c6ba73d_gasoline_95,Posto Vila Caiz,Genérico,gasoline_95,Gasolina simples 95,Outro,1.995,Amarante,Porto,Rua Padre Alvaro da Silva barbosa,Vila Caiz,4600-782,41.23029,-8.134625,posto vila caiz,genérico,rua padre alvaro da silva barbosa,"1,995 €",2026-05-15_dgeg_postos_raw.csv,56536145f677bc76
2026-05-15,2026-05-15 14:31:32,2026-05-11 15:05:00,bdb01e0c2a28ee6e,bdb01e0c2a28ee6e_diesel_regular,E.S. TABUA,REPSOL,diesel_regular,Gasóleo simples,Outro,2.029,Tábua,Coimbra,R. da CERAMICA,TABUA,3420-316,40.36283,-8.03134,e.s. tabua,repsol,r. da ceramica,"2,029 €",2026-05-15_dgeg_postos_raw.csv,3bb79f5c6d4e3bd6
2026-05-15,2026-05-15 14:31:32,2026-05-11 15:05:00,bdb01e0c2a28ee6e,bdb01e0c2a28ee6e_gasoline_95,E.S. TABUA,REPSOL,gasoline_95,Gasolina simples 95,Outro,2.027,Tábua,Coimbra,R. da CERAMICA,TABUA,3420-316,40.36283,-8.03134,e.s. tabua,repsol,r. da ceramica,"2,027 €",2026-05-15_dgeg_postos_raw.csv,d6c1a0a450d12622
2026-05-15,2026-05-15 14:31:32,2026-05-11 15:05:00,bdb01e0c2a28ee6e,bdb01e0c2a28ee6e_gasoline_98,E.S. TABUA,REPSOL,gasoline_98,Gasolina especial 98,Outro,2.217,Tábua,Coimbra,R. da CERAMICA,TABUA,3420-316,40.36283,-8.03134,e.s. tabua,repsol,r. da ceramica,"2,217 €",2026-05-15_dgeg_postos_raw.csv,9b763601c2897dd4
2026-05-15,2026-05-15 14:31:32,2026-05-11 15:05:00,bdb01e0c2a28ee6e,bdb01e0c2a28ee6e_diesel_premium,E.S. TABUA,REPSOL,diesel_premium,Gasóleo especial,Outro,2.089,Tábua,Coimbra,R. da CERAMICA,TABUA,3420-316,40.36283,-8.03134,e.s. tabua,repsol,r. da ceramica,"2,089 €",2026-05-15_dgeg_postos_raw.csv,07ab0c6c44a7ea7f
2026-05-15,2026-05-15 14:31:32,2026-05-11 15:05:00,907b047acd97bbca,907b047acd97bbca_gasoline_95,"União dos Fruticultores da Cova da Beira, Lda",REPSOL,gasoline_95,Gasolina simples 95,Outro,1.995,Covilhã,Castelo Branco,Ponte Pedrinha,Ferro,6200-570,40.235985,-7.486086,"união dos fruticultores da cova da beira, lda",repsol,ponte pedrinha,"1,995 €",2026-05-15_dgeg_postos_raw.csv,34e4d337bf870d2f
2026-05-15,2026-05-15 14:31:32,2026-05-11 15:05:00,907b047acd97bbca,907b047acd97bbca_diesel_premium,"União dos Fruticultores da Cova da Beira, Lda",REPSOL,diesel_premium,Gasóleo especial,Outro,1.999,Covilhã,Castelo Branco,Ponte Pedrinha,Ferro,6200-570,40.235985,-7.486086,"união dos fruticultores da cova da beira, lda",repsol,ponte pedrinha,"1,999 €",2026-05-15_dgeg_postos_raw.csv,df159349c7a688b7
2026-05-15,2026-05-15 14:31:32,2026-05-11 15:05:00,907b047acd97bbca,907b047acd97bbca_diesel_regular,"União dos Fruticultores da Cova da Beira, Lda",REPSOL,diesel_regular,Gasóleo simples,Outro,1.969,Covilhã,Castelo Branco,Ponte Pedrinha,Ferro,6200-570,40.235985,-7.486086,"união dos fruticultores da cova da beira, lda",repsol,ponte pedrinha,"1,969 €",2026-05-15_dgeg_postos_raw.csv,794de2fcf7493d96
2026-05-15,2026-05-15 14:31:32,2026-05-11 15:05:00,c70dca9aa23b47c6,c70dca9aa23b47c6_diesel_regular,E.S. CABECA SANTA,REPSOL,diesel_regular,Gasóleo simples,Outro,2.049,Penafiel,Porto,AV CABECA SANTA 449,Penafiel,4575-122,41.13445,-8.29381,e.s. cabeca santa,repsol,av cabeca santa 449,"2,049 €",2026-05-15_dgeg_postos_raw.csv,9b4a49c3bfe684de
2026-05-15,2026-05-15 14:31:32,2026-05-11 15:05:00,c70dca9aa23b47c6,c70dca9aa23b47c6_diesel_premium,E.S. CABECA SANTA,REPSOL,diesel_premium,Gasóleo especial,Outro,2.089,Penafiel,Porto,AV CABECA SANTA 449,Penafiel,4575-122,41.13445,-8.29381,e.s. cabeca santa,repsol,av cabeca santa 449,"2,089 €",2026-05-15_dgeg_postos_raw.csv,52b8d999a9394262
2026-05-15,2026-05-15 14:31:32,2026-05-11 15:05:00,c70dca9aa23b47c6,c70dca9aa23b47c6_gasoline_95,E.S. CABECA SANTA,REPSOL,gasoline_95,Gasolina simples 95,Outro,2.047,Penafiel,Porto,AV CABECA SANTA 449,Penafiel,4575-122,41.13445,-8.29381,e.s. cabeca santa,repsol,av cabeca santa 449,"2,047 €",2026-05-15_dgeg_postos_raw.csv,78538c13450e601b
2026-05-15,2026-05-15 14:31:32,2026-05-11 15:05:00,c70dca9aa23b47c6,c70dca9aa23b47c6_gasoline_98,E.S. CABECA SANTA,REPSOL,gasoline_98,Gasolina especial 98,Outro,2.217,Penafiel,Porto,AV CABECA SANTA 449,Penafiel,4575-122,41.13445,-8.29381,e.s. cabeca santa,repsol,av cabeca santa 449,"2,217 €",2026-05-15_dgeg_postos_raw.csv,3eb82509372e5a0b
2026-05-15,2026-05-15 14:31:32,2026-05-11 15:05:00,d82e86d833bd2b9c,d82e86d833bd2b9c_diesel_regular,E.S. CETE - PAREDES,REPSOL,diesel_regular,Gasóleo simples,Outro,2.039,Paredes,Porto,AV PONTE DE AREIAS,Paredes,4580-311,41.172362,-8.349902,e.s. cete - paredes,repsol,av ponte de areias,"2,039 €",2026-05-15_dgeg_postos_raw.csv,9a371cc520455579
2026-05-15,2026-05-15 14:31:32,2026-05-11 15:05:00,d82e86d833bd2b9c,d82e86d833bd2b9c_diesel_premium,E.S. CETE - PAREDES,REPSOL,diesel_premium,Gasóleo especial,Outro,2.099,Paredes,Porto,AV PONTE DE AREIAS,Paredes,4580-311,41.172362,-8.349902,e.s. cete - paredes,repsol,av ponte de areias,"2,099 €",2026-05-15_dgeg_postos_raw.csv,d312c9ff1279fc23
2026-05-15,2026-05-15 14:31:32,2026-05-11 15:05:00,d82e86d833bd2b9c,d82e86d833bd2b9c_gasoline_95,E.S. CETE - PAREDES,REPSOL,gasoline_95,Gasolina simples 95,Outro,2.037,Paredes,Porto,AV PONTE DE AREIAS,Paredes,4580-311,41.172362,-8.349902,e.s. cete - paredes,repsol,av ponte de areias,"2,037 €",2026-05-15_dgeg_postos_raw.csv,5f769659ad80bb3a
2026-05-15,2026-05-15 14:31:32,2026-05-11 15:05:00,d82e86d833bd2b9c,d82e86d833bd2b9c_gasoline_98,E.S. CETE - PAREDES,REPSOL,gasoline_98,Gasolina especial 98,Outro,2.227,Paredes,Porto,AV PONTE DE AREIAS,Paredes,4580-311,41.172362,-8.349902,e.s. cete - paredes,repsol,av ponte de areias,"2,227 €",2026-05-15_dgeg_postos_raw.csv,7c095a6ccc7ab61a
2026-05-15,2026-05-15 14:31:32,2026-05-11 15:05:00,5f112416c51ab400,5f112416c51ab400_diesel_regular,E.S. PINDELO DOS MILAGRES,REPSOL,diesel_regular,Gasóleo simples,Outro,2.019,São Pedro do Sul,Viseu,Rua da Liberdade Nº47,Pindelo dos Milagres,3660-174,40.80609,-7.9638,e.s. pindelo dos milagres,repsol,rua da liberdade nº47,"2,019 €",2026-05-15_dgeg_postos_raw.csv,9fc9b71d2f255538
2026-05-15,2026-05-15 14:31:32,2026-05-11 15:05:00,5f112416c51ab400,5f112416c51ab400_diesel_premium,E.S. PINDELO DOS MILAGRES,REPSOL,diesel_premium,Gasóleo especial,Outro,2.079,São Pedro do Sul,Viseu,Rua da Liberdade Nº47,Pindelo dos Milagres,3660-174,40.80609,-7.9638,e.s. pindelo dos milagres,repsol,rua da liberdade nº47,"2,079 €",2026-05-15_dgeg_postos_raw.csv,8321e325006e3612
2026-05-15,2026-05-15 14:31:32,2026-05-11 15:05:00,5f112416c51ab400,5f112416c51ab400_gasoline_95,E.S. PINDELO DOS MILAGRES,REPSOL,gasoline_95,Gasolina simples 95,Outro,2.017,São Pedro do Sul,Viseu,Rua da Liberdade Nº47,Pindelo dos Milagres,3660-174,40.80609,-7.9638,e.s. pindelo dos milagres,repsol,rua da liberdade nº47,"2,017 €",2026-05-15_dgeg_postos_raw.csv,3ace5056f20642c1
2026-05-15,2026-05-15 14:31:32,2026-05-11 15:05:00,b56944a08e774190,b56944a08e774190_diesel_regular,Calculo Triunfal - PA PRIO Rebordosa,PRIO,diesel_regular,Gasóleo simples,Outro,1.982,Paredes,Porto,PRAÇA DE VALES Nº. 28,Rebordosa,4585-532,41.21197,-8.418401,calculo triunfal - pa prio rebordosa,prio,praça de vales nº. 28,"1,982 €",2026-05-15_dgeg_postos_raw.csv,442d8a24aa1b2ec5
2026-05-15,2026-05-15 14:31:32,2026-05-11 15:05:00,b56944a08e774190,b56944a08e774190_diesel_premium,Calculo Triunfal - PA PRIO Rebordosa,PRIO,diesel_premium,Gasóleo especial,Outro,2.072,Paredes,Porto,PRAÇA DE VALES Nº. 28,Rebordosa,4585-532,41.21197,-8.418401,calculo triunfal - pa prio rebordosa,prio,praça de vales nº. 28,"2,072 €",2026-05-15_dgeg_postos_raw.csv,d64f2bb7d52a6602
2026-05-15,2026-05-15 14:31:32,2026-05-11 15:05:00,b56944a08e774190,b56944a08e774190_gasoline_95,Calculo Triunfal - PA PRIO Rebordosa,PRIO,gasoline_95,Gasolina simples 95,Outro,2.005,Paredes,Porto,PRAÇA DE VALES Nº. 28,Rebordosa,4585-532,41.21197,-8.418401,calculo triunfal - pa prio rebordosa,prio,praça de vales nº. 28,"2,005 €",2026-05-15_dgeg_postos_raw.csv,77f4d3b2149cd690
2026-05-15,2026-05-15 14:31:32,2026-05-11 15:10:00,9b46ece8cfdd7506,9b46ece8cfdd7506_diesel_regular,PA São Luís - Odemira,MOEVE,diesel_regular,Gasóleo simples,Outro,1.986,Odemira,Beja,Estrada Municipal 532 - Corte Pinheiro,São Luís,7630-496,37.71869,-8.66728,pa são luís - odemira,moeve,estrada municipal 532 - corte pinheiro,"1,986 €",2026-05-15_dgeg_postos_raw.csv,1bf896ee1b1bc6ea
2026-05-15,2026-05-15 14:31:32,2026-05-11 15:10:00,9b46ece8cfdd7506,9b46ece8cfdd7506_diesel_premium,PA São Luís - Odemira,MOEVE,diesel_premium,Gasóleo especial,Outro,2.036,Odemira,Beja,Estrada Municipal 532 - Corte Pinheiro,São Luís,7630-496,37.71869,-8.66728,pa são luís - odemira,moeve,estrada municipal 532 - corte pinheiro,"2,036 €",2026-05-15_dgeg_postos_raw.csv,67c206a0bd144433
2026-05-15,2026-05-15 14:31:32,2026-05-11 15:10:00,9b46ece8cfdd7506,9b46ece8cfdd7506_gasoline_95,PA São Luís - Odemira,MOEVE,gasoline_95,Gasolina simples 95,Outro,1.978,Odemira,Beja,Estrada Municipal 532 - Corte Pinheiro,São Luís,7630-496,37.71869,-8.66728,pa são luís - odemira,moeve,estrada municipal 532 - corte pinheiro,"1,978 €",2026-05-15_dgeg_postos_raw.csv,82632d298f7c2cfb
2026-05-15,2026-05-15 14:31:32,2026-05-11 15:10:00,b1a8e0ca2bbad11c,b1a8e0ca2bbad11c_gasoline_95,POSTO SHELL - PASCOAL,SHELL,gasoline_95,Gasolina simples 95,Outro,2.024,Viseu,Viseu,AVª. ALTO DE ABRAVESES - EN16,VISEU,3515-828,40.693032,-7.929335,posto shell - pascoal,shell,avª. alto de abraveses - en16,"2,024 €",2026-05-15_dgeg_postos_raw.csv,7084e35010f99c87
2026-05-15,2026-05-15 14:31:32,2026-05-11 15:10:00,b1a8e0ca2bbad11c,b1a8e0ca2bbad11c_diesel_premium,POSTO SHELL - PASCOAL,SHELL,diesel_premium,Gasóleo especial,Outro,2.119,Viseu,Viseu,AVª. ALTO DE ABRAVESES - EN16,VISEU,3515-828,40.693032,-7.929335,posto shell - pascoal,shell,avª. alto de abraveses - en16,"2,119 €",2026-05-15_dgeg_postos_raw.csv,77f5dd1b82aa24c8
2026-05-15,2026-05-15 14:31:32,2026-05-11 15:10:00,b1a8e0ca2bbad11c,b1a8e0ca2bbad11c_diesel_regular,POSTO SHELL - PASCOAL,SHELL,diesel_regular,Gasóleo simples,Outro,2.039,Viseu,Viseu,AVª. ALTO DE ABRAVESES - EN16,VISEU,3515-828,40.693032,-7.929335,posto shell - pascoal,shell,avª. alto de abraveses - en16,"2,039 €",2026-05-15_dgeg_postos_raw.csv,e263ae40ed38307a
2026-05-15,2026-05-15 14:31:32,2026-05-11 15:10:00,8d0cedef6fe88d1c,8d0cedef6fe88d1c_gasoline_95,"PETROIL, São João da Pesqueira",CEPSA,gasoline_95,Gasolina simples 95,Outro,1.978,São João da Pesqueira,Viseu,"EN 222 - KM 168, 45AV. MARQUÊS SOVERAL N.69",São João da Pesqueira,5130-321,41.14701,-7.406998,"petroil, são joão da pesqueira",cepsa,"en 222 - km 168, 45av. marquês soveral n.69","1,978 €",2026-05-15_dgeg_postos_raw.csv,7dbc9e22cb218f7b
2026-05-15,2026-05-15 14:31:32,2026-05-11 15:10:00,8d0cedef6fe88d1c,8d0cedef6fe88d1c_diesel_premium,"PETROIL, São João da Pesqueira",CEPSA,diesel_premium,Gasóleo especial,Outro,2.036,São João da Pesqueira,Viseu,"EN 222 - KM 168, 45AV. MARQUÊS SOVERAL N.69",São João da Pesqueira,5130-321,41.14701,-7.406998,"petroil, são joão da pesqueira",cepsa,"en 222 - km 168, 45av. marquês soveral n.69","2,036 €",2026-05-15_dgeg_postos_raw.csv,5201541db5fffeda
2026-05-15,2026-05-15 14:31:32,2026-05-11 15:10:00,8d0cedef6fe88d1c,8d0cedef6fe88d1c_diesel_regular,"PETROIL, São João da Pesqueira",CEPSA,diesel_regular,Gasóleo simples,Outro,1.986,São João da Pesqueira,Viseu,"EN 222 - KM 168, 45AV. MARQUÊS SOVERAL N.69",São João da Pesqueira,5130-321,41.14701,-7.406998,"petroil, são joão da pesqueira",cepsa,"en 222 - km 168, 45av. marquês soveral n.69","1,986 €",2026-05-15_dgeg_postos_raw.csv,0cc586e305dbad23
2026-05-15,2026-05-15 14:31:32,2026-05-11 15:10:00,b1a8e0ca2bbad11c,b1a8e0ca2bbad11c_gasoline_98,POSTO SHELL - PASCOAL,SHELL,gasoline_98,Gasolina especial 98,Outro,2.204,Viseu,Viseu,AVª. ALTO DE ABRAVESES - EN16,VISEU,3515-828,40.693032,-7.929335,posto shell - pascoal,shell,avª. alto de abraveses - en16,"2,204 €",2026-05-15_dgeg_postos_raw.csv,5ff2f997a70c05c7
2026-05-15,2026-05-15 14:31:32,2026-05-11 15:15:00,9fb28956e6ae0014,9fb28956e6ae0014_diesel_regular,GASAUTO - REPSOL Sapataria,REPSOL,diesel_regular,Gasóleo simples,Outro,2.029,Sobral de Monte Agraço,Lisboa,"Avª Nossa Srª Purificação,67",Casal Novo,2590-430,38.971996,-9.197373,gasauto - repsol sapataria,repsol,"avª nossa srª purificação,67","2,029 €",2026-05-15_dgeg_postos_raw.csv,2443a99fe038f808
2026-05-15,2026-05-15 14:31:32,2026-05-11 15:15:00,9fb28956e6ae0014,9fb28956e6ae0014_diesel_premium,GASAUTO - REPSOL Sapataria,REPSOL,diesel_premium,Gasóleo especial,Outro,2.099,Sobral de Monte Agraço,Lisboa,"Avª Nossa Srª Purificação,67",Casal Novo,2590-430,38.971996,-9.197373,gasauto - repsol sapataria,repsol,"avª nossa srª purificação,67","2,099 €",2026-05-15_dgeg_postos_raw.csv,cd8682adb0144ff7
2026-05-15,2026-05-15 14:31:32,2026-05-11 15:15:00,9fb28956e6ae0014,9fb28956e6ae0014_gasoline_95,GASAUTO - REPSOL Sapataria,REPSOL,gasoline_95,Gasolina simples 95,Outro,2.027,Sobral de Monte Agraço,Lisboa,"Avª Nossa Srª Purificação,67",Casal Novo,2590-430,38.971996,-9.197373,gasauto - repsol sapataria,repsol,"avª nossa srª purificação,67","2,027 €",2026-05-15_dgeg_postos_raw.csv,b974668139b85a64
2026-05-15,2026-05-15 14:31:32,2026-05-11 15:15:00,4290d165279f7f8b,4290d165279f7f8b_diesel_regular,INTERMARCHÉ PINHAL NOVO,INTERMARCHÉ,diesel_regular,Gasóleo simples,Outro,1.876,Palmela,Setúbal,Estrada da Lagoa da Palha,Lagoa da Palha,2955-047,38.63557,-8.89905,intermarché pinhal novo,intermarché,estrada da lagoa da palha,"1,876 €",2026-05-15_dgeg_postos_raw.csv,8f52a8ebac22e771
2026-05-15,2026-05-15 14:31:32,2026-05-11 15:15:00,4290d165279f7f8b,4290d165279f7f8b_diesel_premium,INTERMARCHÉ PINHAL NOVO,INTERMARCHÉ,diesel_premium,Gasóleo especial,Outro,1.926,Palmela,Setúbal,Estrada da Lagoa da Palha,Lagoa da Palha,2955-047,38.63557,-8.89905,intermarché pinhal novo,intermarché,estrada da lagoa da palha,"1,926 €",2026-05-15_dgeg_postos_raw.csv,fd2945352474e997
2026-05-15,2026-05-15 14:31:32,2026-05-11 15:15:00,4290d165279f7f8b,4290d165279f7f8b_gasoline_95,INTERMARCHÉ PINHAL NOVO,INTERMARCHÉ,gasoline_95,Gasolina simples 95,Outro,1.868,Palmela,Setúbal,Estrada da Lagoa da Palha,Lagoa da Palha,2955-047,38.63557,-8.89905,intermarché pinhal novo,intermarché,estrada da lagoa da palha,"1,868 €",2026-05-15_dgeg_postos_raw.csv,6bf2c4a432e8e540
2026-05-15,2026-05-15 14:31:32,2026-05-11 15:15:00,b7df411beee2e605,b7df411beee2e605_diesel_regular,E.S. SILVADE,REPSOL,diesel_regular,Gasóleo simples,Outro,2.049,Espinho,Aveiro,"EN 109 Km 19,5 (Saída Sul de Espinho)",Silvade,4500-647,40.99221,-8.63026,e.s. silvade,repsol,"en 109 km 19,5 (saída sul de espinho)","2,049 €",2026-05-15_dgeg_postos_raw.csv,75ec75b1d2f8b214
2026-05-15,2026-05-15 14:31:32,2026-05-11 15:15:00,b7df411beee2e605,b7df411beee2e605_diesel_premium,E.S. SILVADE,REPSOL,diesel_premium,Gasóleo especial,Outro,2.099,Espinho,Aveiro,"EN 109 Km 19,5 (Saída Sul de Espinho)",Silvade,4500-647,40.99221,-8.63026,e.s. silvade,repsol,"en 109 km 19,5 (saída sul de espinho)","2,099 €",2026-05-15_dgeg_postos_raw.csv,4eb74beb56636fd6
2026-05-15,2026-05-15 14:31:32,2026-05-11 15:15:00,b7df411beee2e605,b7df411beee2e605_gasoline_95,E.S. SILVADE,REPSOL,gasoline_95,Gasolina simples 95,Outro,2.047,Espinho,Aveiro,"EN 109 Km 19,5 (Saída Sul de Espinho)",Silvade,4500-647,40.99221,-8.63026,e.s. silvade,repsol,"en 109 km 19,5 (saída sul de espinho)","2,047 €",2026-05-15_dgeg_postos_raw.csv,bbfcd869606d95c5
2026-05-15,2026-05-15 14:31:32,2026-05-11 15:15:00,cda13c0230b8d8b3,cda13c0230b8d8b3_diesel_regular,E.S. CASTELO BRANCO,REPSOL,diesel_regular,Gasóleo simples,Outro,1.999,Castelo Branco,Castelo Branco,Rua do Terminal nº 6,Montalvão,6000-198,39.806209,-7.512566,e.s. castelo branco,repsol,rua do terminal nº 6,"1,999 €",2026-05-15_dgeg_postos_raw.csv,4b5286b60321b7b3
2026-05-15,2026-05-15 14:31:32,2026-05-11 15:15:00,cda13c0230b8d8b3,cda13c0230b8d8b3_diesel_premium,E.S. CASTELO BRANCO,REPSOL,diesel_premium,Gasóleo especial,Outro,2.069,Castelo Branco,Castelo Branco,Rua do Terminal nº 6,Montalvão,6000-198,39.806209,-7.512566,e.s. castelo branco,repsol,rua do terminal nº 6,"2,069 €",2026-05-15_dgeg_postos_raw.csv,09be4211018555fd
2026-05-15,2026-05-15 14:31:32,2026-05-11 15:15:00,cda13c0230b8d8b3,cda13c0230b8d8b3_gasoline_95,E.S. CASTELO BRANCO,REPSOL,gasoline_95,Gasolina simples 95,Outro,1.997,Castelo Branco,Castelo Branco,Rua do Terminal nº 6,Montalvão,6000-198,39.806209,-7.512566,e.s. castelo branco,repsol,rua do terminal nº 6,"1,997 €",2026-05-15_dgeg_postos_raw.csv,167739ad0d9d1946
2026-05-15,2026-05-15 14:31:32,2026-05-11 15:15:00,cda13c0230b8d8b3,cda13c0230b8d8b3_gasoline_98,E.S. CASTELO BRANCO,REPSOL,gasoline_98,Gasolina especial 98,Outro,2.197,Castelo Branco,Castelo Branco,Rua do Terminal nº 6,Montalvão,6000-198,39.806209,-7.512566,e.s. castelo branco,repsol,rua do terminal nº 6,"2,197 €",2026-05-15_dgeg_postos_raw.csv,532a9ac07845a7ad
2026-05-15,2026-05-15 14:31:32,2026-05-11 15:15:00,1631bddc5b7843dd,1631bddc5b7843dd_diesel_regular,Cepsa- Jesuíno Felisberto Guerreiro,CEPSA,diesel_regular,Gasóleo simples,Outro,2.036,Odemira,Beja,"Rua Nova, nº.2",Colos,7630-329,37.73454,-8.46329,cepsa- jesuíno felisberto guerreiro,cepsa,"rua nova, nº.2","2,036 €",2026-05-15_dgeg_postos_raw.csv,7a49988952816812
2026-05-15,2026-05-15 14:31:32,2026-05-11 15:15:00,1631bddc5b7843dd,1631bddc5b7843dd_diesel_premium,Cepsa- Jesuíno Felisberto Guerreiro,CEPSA,diesel_premium,Gasóleo especial,Outro,2.086,Odemira,Beja,"Rua Nova, nº.2",Colos,7630-329,37.73454,-8.46329,cepsa- jesuíno felisberto guerreiro,cepsa,"rua nova, nº.2","2,086 €",2026-05-15_dgeg_postos_raw.csv,4ed6b9993942713d
2026-05-15,2026-05-15 14:31:32,2026-05-11 15:15:00,1631bddc5b7843dd,1631bddc5b7843dd_gasoline_95,Cepsa- Jesuíno Felisberto Guerreiro,CEPSA,gasoline_95,Gasolina simples 95,Outro,2.028,Odemira,Beja,"Rua Nova, nº.2",Colos,7630-329,37.73454,-8.46329,cepsa- jesuíno felisberto guerreiro,cepsa,"rua nova, nº.2","2,028 €",2026-05-15_dgeg_postos_raw.csv,89327f0b6847eea0
2026-05-15,2026-05-15 14:31:32,2026-05-11 15:15:00,aecaabd9035f4b90,aecaabd9035f4b90_diesel_regular,E.S. FREIXIAL,REPSOL,diesel_regular,Gasóleo simples,Outro,2.029,Loures,Lisboa,"EN 116 Km 24,5",Bucelas,2670-676,38.903325,-9.155217,e.s. freixial,repsol,"en 116 km 24,5","2,029 €",2026-05-15_dgeg_postos_raw.csv,e5e141723190961d
2026-05-15,2026-05-15 14:31:32,2026-05-11 15:15:00,aecaabd9035f4b90,aecaabd9035f4b90_diesel_premium,E.S. FREIXIAL,REPSOL,diesel_premium,Gasóleo especial,Outro,2.099,Loures,Lisboa,"EN 116 Km 24,5",Bucelas,2670-676,38.903325,-9.155217,e.s. freixial,repsol,"en 116 km 24,5","2,099 €",2026-05-15_dgeg_postos_raw.csv,9ae689689af7cb0c
2026-05-15,2026-05-15 14:31:32,2026-05-11 15:15:00,aecaabd9035f4b90,aecaabd9035f4b90_gasoline_95,E.S. FREIXIAL,REPSOL,gasoline_95,Gasolina simples 95,Outro,2.027,Loures,Lisboa,"EN 116 Km 24,5",Bucelas,2670-676,38.903325,-9.155217,e.s. freixial,repsol,"en 116 km 24,5","2,027 €",2026-05-15_dgeg_postos_raw.csv,b2faa62757ea8616
2026-05-15,2026-05-15 14:31:32,2026-05-11 15:20:00,3b6ff81736ee512d,3b6ff81736ee512d_diesel_regular,BP CABÊDA,BP,diesel_regular,Gasóleo simples,Outro,2.039,Valongo,Porto,Rua de Cabêda nº 1300,Alfena,4445-049,41.214199,-8.524769,bp cabêda,bp,rua de cabêda nº 1300,"2,039 €",2026-05-15_dgeg_postos_raw.csv,af85690461b24b67
2026-05-15,2026-05-15 14:31:32,2026-05-11 15:20:00,3b6ff81736ee512d,3b6ff81736ee512d_diesel_premium,BP CABÊDA,BP,diesel_premium,Gasóleo especial,Outro,2.189,Valongo,Porto,Rua de Cabêda nº 1300,Alfena,4445-049,41.214199,-8.524769,bp cabêda,bp,rua de cabêda nº 1300,"2,189 €",2026-05-15_dgeg_postos_raw.csv,0acee71b76ec38b3
2026-05-15,2026-05-15 14:31:32,2026-05-11 15:20:00,3b6ff81736ee512d,3b6ff81736ee512d_gasoline_95,BP CABÊDA,BP,gasoline_95,Gasolina simples 95,Outro,2.029,Valongo,Porto,Rua de Cabêda nº 1300,Alfena,4445-049,41.214199,-8.524769,bp cabêda,bp,rua de cabêda nº 1300,"2,029 €",2026-05-15_dgeg_postos_raw.csv,17ed9e9c3e6d37cb
2026-05-15,2026-05-15 14:31:32,2026-05-11 15:20:00,3b6ff81736ee512d,3b6ff81736ee512d_gasoline_98,BP CABÊDA,BP,gasoline_98,Gasolina especial 98,Outro,2.259,Valongo,Porto,Rua de Cabêda nº 1300,Alfena,4445-049,41.214199,-8.524769,bp cabêda,bp,rua de cabêda nº 1300,"2,259 €",2026-05-15_dgeg_postos_raw.csv,7836eb1da1a1efe7
2026-05-15,2026-05-15 14:31:32,2026-05-11 15:25:00,c3a803598fa6a94e,c3a803598fa6a94e_diesel_regular,PA Pega,Genérico,diesel_regular,Gasóleo simples,Outro,2.025,Guarda,Guarda,"EN 233, km 16,850",Monte Vasco,6300-155,40.425278,-7.145428,pa pega,genérico,"en 233, km 16,850","2,025 €",2026-05-15_dgeg_postos_raw.csv,53dc94e7f5cfaec1
2026-05-15,2026-05-15 14:31:32,2026-05-11 15:25:00,c3a803598fa6a94e,c3a803598fa6a94e_diesel_premium,PA Pega,Genérico,diesel_premium,Gasóleo especial,Outro,2.045,Guarda,Guarda,"EN 233, km 16,850",Monte Vasco,6300-155,40.425278,-7.145428,pa pega,genérico,"en 233, km 16,850","2,045 €",2026-05-15_dgeg_postos_raw.csv,daf1ee0b8c33b924
2026-05-15,2026-05-15 14:31:32,2026-05-11 15:25:00,c3a803598fa6a94e,c3a803598fa6a94e_gasoline_95,PA Pega,Genérico,gasoline_95,Gasolina simples 95,Outro,2.031,Guarda,Guarda,"EN 233, km 16,850",Monte Vasco,6300-155,40.425278,-7.145428,pa pega,genérico,"en 233, km 16,850","2,031 €",2026-05-15_dgeg_postos_raw.csv,0c2420cda4a96731
2026-05-15,2026-05-15 14:31:32,2026-05-11 15:25:00,7e0607d3c7e3f00b,7e0607d3c7e3f00b_diesel_regular,INTERMARCHÉ DE ARRAIOLOS,INTERMARCHÉ,diesel_regular,Gasóleo simples,Outro,1.939,Arraiolos,Évora,Rua dos Almocreves nº 2,Arraiolos,7040-058,38.724361,-7.990762,intermarché de arraiolos,intermarché,rua dos almocreves nº 2,"1,939 €",2026-05-15_dgeg_postos_raw.csv,3a30736c219d08ef
2026-05-15,2026-05-15 14:31:32,2026-05-11 15:25:00,7e0607d3c7e3f00b,7e0607d3c7e3f00b_diesel_premium,INTERMARCHÉ DE ARRAIOLOS,INTERMARCHÉ,diesel_premium,Gasóleo especial,Outro,1.544,Arraiolos,Évora,Rua dos Almocreves nº 2,Arraiolos,7040-058,38.724361,-7.990762,intermarché de arraiolos,intermarché,rua dos almocreves nº 2,"1,544 €",2026-05-15_dgeg_postos_raw.csv,615adbe856b10954
2026-05-15,2026-05-15 14:31:32,2026-05-11 15:25:00,7e0607d3c7e3f00b,7e0607d3c7e3f00b_gasoline_95,INTERMARCHÉ DE ARRAIOLOS,INTERMARCHÉ,gasoline_95,Gasolina simples 95,Outro,1.859,Arraiolos,Évora,Rua dos Almocreves nº 2,Arraiolos,7040-058,38.724361,-7.990762,intermarché de arraiolos,intermarché,rua dos almocreves nº 2,"1,859 €",2026-05-15_dgeg_postos_raw.csv,69ecd355fe841ebd
2026-05-15,2026-05-15 14:31:32,2026-05-11 15:25:00,048e0f5d06ae19a7,048e0f5d06ae19a7_diesel_regular,E.S. MOIMENTA,REPSOL,diesel_regular,Gasóleo simples,Outro,2.029,Moimenta da Beira,Viseu,Av. 25 de Abril nº 25 A,Moimenta da Beira,3620-000,40.9777,-7.61265,e.s. moimenta,repsol,av. 25 de abril nº 25 a,"2,029 €",2026-05-15_dgeg_postos_raw.csv,813f1839c77f5184
2026-05-15,2026-05-15 14:31:32,2026-05-11 15:25:00,048e0f5d06ae19a7,048e0f5d06ae19a7_diesel_premium,E.S. MOIMENTA,REPSOL,diesel_premium,Gasóleo especial,Outro,2.149,Moimenta da Beira,Viseu,Av. 25 de Abril nº 25 A,Moimenta da Beira,3620-000,40.9777,-7.61265,e.s. moimenta,repsol,av. 25 de abril nº 25 a,"2,149 €",2026-05-15_dgeg_postos_raw.csv,b02fac7b7857fa01
2026-05-15,2026-05-15 14:31:32,2026-05-11 15:25:00,048e0f5d06ae19a7,048e0f5d06ae19a7_gasoline_95,E.S. MOIMENTA,REPSOL,gasoline_95,Gasolina simples 95,Outro,2.027,Moimenta da Beira,Viseu,Av. 25 de Abril nº 25 A,Moimenta da Beira,3620-000,40.9777,-7.61265,e.s. moimenta,repsol,av. 25 de abril nº 25 a,"2,027 €",2026-05-15_dgeg_postos_raw.csv,3a850435cc90fa27
2026-05-15,2026-05-15 14:31:32,2026-05-11 15:25:00,048e0f5d06ae19a7,048e0f5d06ae19a7_gasoline_98,E.S. MOIMENTA,REPSOL,gasoline_98,Gasolina especial 98,Outro,2.277,Moimenta da Beira,Viseu,Av. 25 de Abril nº 25 A,Moimenta da Beira,3620-000,40.9777,-7.61265,e.s. moimenta,repsol,av. 25 de abril nº 25 a,"2,277 €",2026-05-15_dgeg_postos_raw.csv,63801a94e396477d
2026-05-15,2026-05-15 14:31:32,2026-05-11 15:30:00,ad3c7a3107fc50a0,ad3c7a3107fc50a0_diesel_regular,E.S. VISEU-AV CAP H RIBEIRO,REPSOL,diesel_regular,Gasóleo simples,Outro,2.019,Viseu,Viseu,Av. Capitão Homem Ribeiro,Viseu,3500-000,40.66386,-7.91913,e.s. viseu-av cap h ribeiro,repsol,av. capitão homem ribeiro,"2,019 €",2026-05-15_dgeg_postos_raw.csv,7a35fa37f91d631b
2026-05-15,2026-05-15 14:31:32,2026-05-11 15:30:00,ad3c7a3107fc50a0,ad3c7a3107fc50a0_diesel_premium,E.S. VISEU-AV CAP H RIBEIRO,REPSOL,diesel_premium,Gasóleo especial,Outro,2.079,Viseu,Viseu,Av. Capitão Homem Ribeiro,Viseu,3500-000,40.66386,-7.91913,e.s. viseu-av cap h ribeiro,repsol,av. capitão homem ribeiro,"2,079 €",2026-05-15_dgeg_postos_raw.csv,1da5974f44ae150f
2026-05-15,2026-05-15 14:31:32,2026-05-11 15:30:00,ad3c7a3107fc50a0,ad3c7a3107fc50a0_gasoline_95,E.S. VISEU-AV CAP H RIBEIRO,REPSOL,gasoline_95,Gasolina simples 95,Outro,2.017,Viseu,Viseu,Av. Capitão Homem Ribeiro,Viseu,3500-000,40.66386,-7.91913,e.s. viseu-av cap h ribeiro,repsol,av. capitão homem ribeiro,"2,017 €",2026-05-15_dgeg_postos_raw.csv,d24850950ab9252b
2026-05-15,2026-05-15 14:31:32,2026-05-11 15:30:00,ad3c7a3107fc50a0,ad3c7a3107fc50a0_gasoline_98,E.S. VISEU-AV CAP H RIBEIRO,REPSOL,gasoline_98,Gasolina especial 98,Outro,2.197,Viseu,Viseu,Av. Capitão Homem Ribeiro,Viseu,3500-000,40.66386,-7.91913,e.s. viseu-av cap h ribeiro,repsol,av. capitão homem ribeiro,"2,197 €",2026-05-15_dgeg_postos_raw.csv,38ade97aad2cf913
2026-05-15,2026-05-15 14:31:32,2026-05-11 15:30:00,f73707063c2a94fe,f73707063c2a94fe_diesel_regular,E.S. REDONDO,REPSOL,diesel_regular,Gasóleo simples,Outro,2.029,Redondo,Évora,"Rua Manuel da Fonseca, Lote C 10",Redondo,7170-072,38.65026,-7.54986,e.s. redondo,repsol,"rua manuel da fonseca, lote c 10","2,029 €",2026-05-15_dgeg_postos_raw.csv,022253eb1d6b7be1
2026-05-15,2026-05-15 14:31:32,2026-05-11 15:30:00,f73707063c2a94fe,f73707063c2a94fe_diesel_premium,E.S. REDONDO,REPSOL,diesel_premium,Gasóleo especial,Outro,2.089,Redondo,Évora,"Rua Manuel da Fonseca, Lote C 10",Redondo,7170-072,38.65026,-7.54986,e.s. redondo,repsol,"rua manuel da fonseca, lote c 10","2,089 €",2026-05-15_dgeg_postos_raw.csv,9d472e149224f459
2026-05-15,2026-05-15 14:31:32,2026-05-11 15:30:00,f73707063c2a94fe,f73707063c2a94fe_gasoline_95,E.S. REDONDO,REPSOL,gasoline_95,Gasolina simples 95,Outro,2.027,Redondo,Évora,"Rua Manuel da Fonseca, Lote C 10",Redondo,7170-072,38.65026,-7.54986,e.s. redondo,repsol,"rua manuel da fonseca, lote c 10","2,027 €",2026-05-15_dgeg_postos_raw.csv,0d615122198407d5
2026-05-15,2026-05-15 14:31:32,2026-05-11 15:30:00,c3aa01ac81e27ea0,c3aa01ac81e27ea0_diesel_regular,BRAGA - RUA DO CAIRES,CEPSA,diesel_regular,Gasóleo simples,Outro,1.966,Braga,Braga,Rua do Caires,Maximinos,4700-228,41.54841,-8.43383,braga - rua do caires,cepsa,rua do caires,"1,966 €",2026-05-15_dgeg_postos_raw.csv,7ff4b902ebf0fd02
2026-05-15,2026-05-15 14:31:32,2026-05-11 15:30:00,c3aa01ac81e27ea0,c3aa01ac81e27ea0_diesel_premium,BRAGA - RUA DO CAIRES,CEPSA,diesel_premium,Gasóleo especial,Outro,2.016,Braga,Braga,Rua do Caires,Maximinos,4700-228,41.54841,-8.43383,braga - rua do caires,cepsa,rua do caires,"2,016 €",2026-05-15_dgeg_postos_raw.csv,963130e1d3fe8f3b
2026-05-15,2026-05-15 14:31:32,2026-05-11 15:30:00,c3aa01ac81e27ea0,c3aa01ac81e27ea0_gasoline_95,BRAGA - RUA DO CAIRES,CEPSA,gasoline_95,Gasolina simples 95,Outro,1.958,Braga,Braga,Rua do Caires,Maximinos,4700-228,41.54841,-8.43383,braga - rua do caires,cepsa,rua do caires,"1,958 €",2026-05-15_dgeg_postos_raw.csv,30ae06f7886d07cd
2026-05-15,2026-05-15 14:31:32,2026-05-11 15:30:00,760c822b619197e5,760c822b619197e5_diesel_premium,PRIO Faro - Conceição,PRIO,diesel_premium,Gasóleo especial,Outro,1.949,Faro,Faro,Paço Branco - Conceição,Paço Branco,8005-508,37.063602,-7.920634,prio faro - conceição,prio,paço branco - conceição,"1,949 €",2026-05-15_dgeg_postos_raw.csv,2ff0468d589f1071
2026-05-15,2026-05-15 14:31:32,2026-05-11 15:30:00,760c822b619197e5,760c822b619197e5_gasoline_95,PRIO Faro - Conceição,PRIO,gasoline_95,Gasolina simples 95,Outro,1.919,Faro,Faro,Paço Branco - Conceição,Paço Branco,8005-508,37.063602,-7.920634,prio faro - conceição,prio,paço branco - conceição,"1,919 €",2026-05-15_dgeg_postos_raw.csv,90488daf2f5f4b0b
2026-05-15,2026-05-15 14:31:32,2026-05-11 15:30:00,0cf8a1fc0882089e,0cf8a1fc0882089e_diesel_regular,FERREIRA ALENTEJO,INTERMARCHÉ,diesel_regular,Gasóleo simples,Outro,1.935,Ferreira do Alentejo,Beja,EN 121,Ferreira do Alentejo,7900-000,38.059094,-8.108497,ferreira alentejo,intermarché,en 121,"1,935 €",2026-05-15_dgeg_postos_raw.csv,1e1eb00490e0fd24
2026-05-15,2026-05-15 14:31:32,2026-05-11 15:30:00,0cf8a1fc0882089e,0cf8a1fc0882089e_gasoline_95,FERREIRA ALENTEJO,INTERMARCHÉ,gasoline_95,Gasolina simples 95,Outro,1.949,Ferreira do Alentejo,Beja,EN 121,Ferreira do Alentejo,7900-000,38.059094,-8.108497,ferreira alentejo,intermarché,en 121,"1,949 €",2026-05-15_dgeg_postos_raw.csv,153f5ff494f42952
2026-05-15,2026-05-15 14:31:32,2026-05-11 15:30:00,0cf8a1fc0882089e,0cf8a1fc0882089e_diesel_premium,FERREIRA ALENTEJO,INTERMARCHÉ,diesel_premium,Gasóleo especial,Outro,1.904,Ferreira do Alentejo,Beja,EN 121,Ferreira do Alentejo,7900-000,38.059094,-8.108497,ferreira alentejo,intermarché,en 121,"1,904 €",2026-05-15_dgeg_postos_raw.csv,03609e0d7d5ad3c7
2026-05-15,2026-05-15 14:31:32,2026-05-11 15:30:00,fba15ccfdbd8d107,fba15ccfdbd8d107_diesel_regular,INTERMARCHÉ de Santiago do Cacém,INTERMARCHÉ,diesel_regular,Gasóleo simples,Outro,1.929,Santiago do Cacém,Setúbal,BAIRRO DO FIDALGO,Santiago do Cacém,7540-113,38.00778,-8.69343,intermarché de santiago do cacém,intermarché,bairro do fidalgo,"1,929 €",2026-05-15_dgeg_postos_raw.csv,acb2a69c662739cb
2026-05-15,2026-05-15 14:31:32,2026-05-11 15:30:00,fba15ccfdbd8d107,fba15ccfdbd8d107_gasoline_95,INTERMARCHÉ de Santiago do Cacém,INTERMARCHÉ,gasoline_95,Gasolina simples 95,Outro,1.939,Santiago do Cacém,Setúbal,BAIRRO DO FIDALGO,Santiago do Cacém,7540-113,38.00778,-8.69343,intermarché de santiago do cacém,intermarché,bairro do fidalgo,"1,939 €",2026-05-15_dgeg_postos_raw.csv,6f22a655dd417db2
2026-05-15,2026-05-15 14:31:32,2026-05-11 15:30:00,fba15ccfdbd8d107,fba15ccfdbd8d107_diesel_premium,INTERMARCHÉ de Santiago do Cacém,INTERMARCHÉ,diesel_premium,Gasóleo especial,Outro,1.959,Santiago do Cacém,Setúbal,BAIRRO DO FIDALGO,Santiago do Cacém,7540-113,38.00778,-8.69343,intermarché de santiago do cacém,intermarché,bairro do fidalgo,"1,959 €",2026-05-15_dgeg_postos_raw.csv,8fdf3367f59429e8
2026-05-15,2026-05-15 14:31:32,2026-05-11 15:30:00,e6ccbc87f97e290c,e6ccbc87f97e290c_diesel_premium,"Hélder & Céu Oliveira, Lda - PA Lorvão",Genérico,diesel_premium,Gasóleo especial,Outro,2.114,Penacova,Coimbra,Rua Principal nº1,Aveleira,3360-101,40.261974,-8.349717,"hélder & céu oliveira, lda - pa lorvão",genérico,rua principal nº1,"2,114 €",2026-05-15_dgeg_postos_raw.csv,463c7e9f7cbd178a
2026-05-15,2026-05-15 14:31:32,2026-05-11 15:30:00,2e667c278059980f,2e667c278059980f_diesel_regular,NOVA Oiã,NOVA,diesel_regular,Gasóleo simples,Outro,1.987,Oliveira do Bairro,Aveiro,Rua 30 de Junho,Oiã,3770-059,40.54418,-8.53602,nova oiã,nova,rua 30 de junho,"1,987 €",2026-05-15_dgeg_postos_raw.csv,ad4f278623608a1f
2026-05-15,2026-05-15 14:31:32,2026-05-11 15:30:00,2e667c278059980f,2e667c278059980f_diesel_premium,NOVA Oiã,NOVA,diesel_premium,Gasóleo especial,Outro,2.017,Oliveira do Bairro,Aveiro,Rua 30 de Junho,Oiã,3770-059,40.54418,-8.53602,nova oiã,nova,rua 30 de junho,"2,017 €",2026-05-15_dgeg_postos_raw.csv,692605e0745cdca7
2026-05-15,2026-05-15 14:31:32,2026-05-11 15:30:00,2e667c278059980f,2e667c278059980f_gasoline_95,NOVA Oiã,NOVA,gasoline_95,Gasolina simples 95,Outro,2.029,Oliveira do Bairro,Aveiro,Rua 30 de Junho,Oiã,3770-059,40.54418,-8.53602,nova oiã,nova,rua 30 de junho,"2,029 €",2026-05-15_dgeg_postos_raw.csv,d9fade0ca48e6a4f
2026-05-15,2026-05-15 14:31:32,2026-05-11 15:30:00,e6ccbc87f97e290c,e6ccbc87f97e290c_diesel_regular,"Hélder & Céu Oliveira, Lda - PA Lorvão",Genérico,diesel_regular,Gasóleo simples,Outro,2.079,Penacova,Coimbra,Rua Principal nº1,Aveleira,3360-101,40.261974,-8.349717,"hélder & céu oliveira, lda - pa lorvão",genérico,rua principal nº1,"2,079 €",2026-05-15_dgeg_postos_raw.csv,c82bffd2c4a798ab
2026-05-15,2026-05-15 14:31:32,2026-05-11 15:30:00,e6ccbc87f97e290c,e6ccbc87f97e290c_gasoline_95,"Hélder & Céu Oliveira, Lda - PA Lorvão",Genérico,gasoline_95,Gasolina simples 95,Outro,2.067,Penacova,Coimbra,Rua Principal nº1,Aveleira,3360-101,40.261974,-8.349717,"hélder & céu oliveira, lda - pa lorvão",genérico,rua principal nº1,"2,067 €",2026-05-15_dgeg_postos_raw.csv,e1a7e904f28451e5
2026-05-15,2026-05-15 14:31:32,2026-05-11 15:35:00,0e5e99e572d8bc1f,0e5e99e572d8bc1f_diesel_regular,Barreirinho - Abraveses,Genérico,diesel_regular,Gasóleo simples,Outro,1.889,Viseu,Viseu,"Av. Tenente Coronel Silva Simões, 156",Abraveses,3515-150,40.68313,-7.91929,barreirinho - abraveses,genérico,"av. tenente coronel silva simões, 156","1,889 €",2026-05-15_dgeg_postos_raw.csv,6ef2d7ed6f1b4ead
2026-05-15,2026-05-15 14:31:32,2026-05-11 15:35:00,0e5e99e572d8bc1f,0e5e99e572d8bc1f_gasoline_95,Barreirinho - Abraveses,Genérico,gasoline_95,Gasolina simples 95,Outro,1.947,Viseu,Viseu,"Av. Tenente Coronel Silva Simões, 156",Abraveses,3515-150,40.68313,-7.91929,barreirinho - abraveses,genérico,"av. tenente coronel silva simões, 156","1,947 €",2026-05-15_dgeg_postos_raw.csv,36ed8d14159cc47b
2026-05-15,2026-05-15 14:31:32,2026-05-11 15:35:00,f567d44504a3bef7,f567d44504a3bef7_diesel_regular,Barreirinho - Sátão,Genérico,diesel_regular,Gasóleo simples,Outro,1.919,Sátão,Viseu,"EN 229,2 Km 13,1",Sequeiros - S. Miguel de Vila Boa,3560-125,40.69249,-7.7466,barreirinho - sátão,genérico,"en 229,2 km 13,1","1,919 €",2026-05-15_dgeg_postos_raw.csv,175d321f4121d7ab
2026-05-15,2026-05-15 14:31:32,2026-05-11 15:35:00,f567d44504a3bef7,f567d44504a3bef7_gasoline_95,Barreirinho - Sátão,Genérico,gasoline_95,Gasolina simples 95,Outro,1.967,Sátão,Viseu,"EN 229,2 Km 13,1",Sequeiros - S. Miguel de Vila Boa,3560-125,40.69249,-7.7466,barreirinho - sátão,genérico,"en 229,2 km 13,1","1,967 €",2026-05-15_dgeg_postos_raw.csv,540a7b4860c731d9
2026-05-15,2026-05-15 14:31:32,2026-05-11 15:35:00,042278958d058abe,042278958d058abe_diesel_regular,Barreirinho - Pascoal,Genérico,diesel_regular,Gasóleo simples,Outro,1.889,Viseu,Viseu,Avenida do alto de Abraveses - EN 16  Pascoal,Pascoal,3515-828,40.688106,-7.927116,barreirinho - pascoal,genérico,avenida do alto de abraveses - en 16 pascoal,"1,889 €",2026-05-15_dgeg_postos_raw.csv,dcae5e1553918248
2026-05-15,2026-05-15 14:31:32,2026-05-11 15:35:00,042278958d058abe,042278958d058abe_diesel_premium,Barreirinho - Pascoal,Genérico,diesel_premium,Gasóleo especial,Outro,1.889,Viseu,Viseu,Avenida do alto de Abraveses - EN 16  Pascoal,Pascoal,3515-828,40.688106,-7.927116,barreirinho - pascoal,genérico,avenida do alto de abraveses - en 16 pascoal,"1,889 €",2026-05-15_dgeg_postos_raw.csv,4b0411ee17641657
2026-05-15,2026-05-15 14:31:32,2026-05-11 15:35:00,042278958d058abe,042278958d058abe_gasoline_95,Barreirinho - Pascoal,Genérico,gasoline_95,Gasolina simples 95,Outro,1.947,Viseu,Viseu,Avenida do alto de Abraveses - EN 16  Pascoal,Pascoal,3515-828,40.688106,-7.927116,barreirinho - pascoal,genérico,avenida do alto de abraveses - en 16 pascoal,"1,947 €",2026-05-15_dgeg_postos_raw.csv,b20b5ba3a783a708
2026-05-15,2026-05-15 14:31:32,2026-05-11 15:35:00,0e5e99e572d8bc1f,0e5e99e572d8bc1f_diesel_premium,Barreirinho - Abraveses,Genérico,diesel_premium,Gasóleo especial,Outro,1.889,Viseu,Viseu,"Av. Tenente Coronel Silva Simões, 156",Abraveses,3515-150,40.68313,-7.91929,barreirinho - abraveses,genérico,"av. tenente coronel silva simões, 156","1,889 €",2026-05-15_dgeg_postos_raw.csv,76af716f4d192ade
2026-05-15,2026-05-15 14:31:32,2026-05-11 15:35:00,f567d44504a3bef7,f567d44504a3bef7_diesel_premium,Barreirinho - Sátão,Genérico,diesel_premium,Gasóleo especial,Outro,1.939,Sátão,Viseu,"EN 229,2 Km 13,1",Sequeiros - S. Miguel de Vila Boa,3560-125,40.69249,-7.7466,barreirinho - sátão,genérico,"en 229,2 km 13,1","1,939 €",2026-05-15_dgeg_postos_raw.csv,b9cfb4b0348db0b0
2026-05-15,2026-05-15 14:31:32,2026-05-11 15:35:00,bff97687d4f37369,bff97687d4f37369_diesel_regular,PA BARREIRINHO Travassós,Genérico,diesel_regular,Gasóleo simples,Outro,1.889,Viseu,Viseu,São João da Carreira,Travassos,3505-361,40.667889,-7.891063,pa barreirinho travassós,genérico,são joão da carreira,"1,889 €",2026-05-15_dgeg_postos_raw.csv,7dd4d59c19d77114
2026-05-15,2026-05-15 14:31:32,2026-05-11 15:35:00,bff97687d4f37369,bff97687d4f37369_gasoline_95,PA BARREIRINHO Travassós,Genérico,gasoline_95,Gasolina simples 95,Outro,1.947,Viseu,Viseu,São João da Carreira,Travassos,3505-361,40.667889,-7.891063,pa barreirinho travassós,genérico,são joão da carreira,"1,947 €",2026-05-15_dgeg_postos_raw.csv,77151323f534b621
2026-05-15,2026-05-15 14:31:32,2026-05-11 15:35:00,bff97687d4f37369,bff97687d4f37369_diesel_premium,PA BARREIRINHO Travassós,Genérico,diesel_premium,Gasóleo especial,Outro,1.889,Viseu,Viseu,São João da Carreira,Travassos,3505-361,40.667889,-7.891063,pa barreirinho travassós,genérico,são joão da carreira,"1,889 €",2026-05-15_dgeg_postos_raw.csv,25ca6cd6b6e33363
2026-05-15,2026-05-15 14:31:32,2026-05-11 15:35:00,53a4b112e6b96c36,53a4b112e6b96c36_diesel_regular,CEPSA S. Julião do Freixo,CEPSA,diesel_regular,Gasóleo simples,Outro,1.986,Ponte de Lima,Viana do Castelo,Largo Domingos Pereira de Araújo,Freixo,4990-445,41.654131,-8.584361,cepsa s. julião do freixo,cepsa,largo domingos pereira de araújo,"1,986 €",2026-05-15_dgeg_postos_raw.csv,18b8fae7c8439eeb
2026-05-15,2026-05-15 14:31:32,2026-05-11 15:35:00,53a4b112e6b96c36,53a4b112e6b96c36_diesel_premium,CEPSA S. Julião do Freixo,CEPSA,diesel_premium,Gasóleo especial,Outro,2.036,Ponte de Lima,Viana do Castelo,Largo Domingos Pereira de Araújo,Freixo,4990-445,41.654131,-8.584361,cepsa s. julião do freixo,cepsa,largo domingos pereira de araújo,"2,036 €",2026-05-15_dgeg_postos_raw.csv,7748e124da81ab37
2026-05-15,2026-05-15 14:31:32,2026-05-11 15:35:00,53a4b112e6b96c36,53a4b112e6b96c36_gasoline_95,CEPSA S. Julião do Freixo,CEPSA,gasoline_95,Gasolina simples 95,Outro,1.978,Ponte de Lima,Viana do Castelo,Largo Domingos Pereira de Araújo,Freixo,4990-445,41.654131,-8.584361,cepsa s. julião do freixo,cepsa,largo domingos pereira de araújo,"1,978 €",2026-05-15_dgeg_postos_raw.csv,9d43eb2716dcb98a
2026-05-15,2026-05-15 14:31:32,2026-05-11 15:35:00,e9314f9bc4226bfb,e9314f9bc4226bfb_diesel_regular,CEPSA Cavadas,CEPSA,diesel_regular,Gasóleo simples,Outro,1.986,Fafe,Braga,EN 206 (Via Circular)\r\n,Cavadas - Quinchães,4820-587,41.446447,-8.163153,cepsa cavadas,cepsa,en 206 (via circular)\r\n,"1,986 €",2026-05-15_dgeg_postos_raw.csv,2cffdf14405ae533
2026-05-15,2026-05-15 14:31:32,2026-05-11 15:35:00,e9314f9bc4226bfb,e9314f9bc4226bfb_diesel_premium,CEPSA Cavadas,CEPSA,diesel_premium,Gasóleo especial,Outro,2.036,Fafe,Braga,EN 206 (Via Circular)\r\n,Cavadas - Quinchães,4820-587,41.446447,-8.163153,cepsa cavadas,cepsa,en 206 (via circular)\r\n,"2,036 €",2026-05-15_dgeg_postos_raw.csv,2020d41384c0d0ca
2026-05-15,2026-05-15 14:31:32,2026-05-11 15:35:00,e9314f9bc4226bfb,e9314f9bc4226bfb_gasoline_95,CEPSA Cavadas,CEPSA,gasoline_95,Gasolina simples 95,Outro,1.978,Fafe,Braga,EN 206 (Via Circular)\r\n,Cavadas - Quinchães,4820-587,41.446447,-8.163153,cepsa cavadas,cepsa,en 206 (via circular)\r\n,"1,978 €",2026-05-15_dgeg_postos_raw.csv,ccaa58919fd92e2b
2026-05-15,2026-05-15 14:31:32,2026-05-11 15:35:00,ff0ab04c51b4f34c,ff0ab04c51b4f34c_diesel_regular,CEPSA Sequeade,CEPSA,diesel_regular,Gasóleo simples,Outro,1.966,Barcelos,Braga,"Avenida de Sequeade, 39",SEQUEADE,4755-516,41.50221,-8.5341,cepsa sequeade,cepsa,"avenida de sequeade, 39","1,966 €",2026-05-15_dgeg_postos_raw.csv,8768f436a7fa400f
2026-05-15,2026-05-15 14:31:32,2026-05-11 15:35:00,ff0ab04c51b4f34c,ff0ab04c51b4f34c_diesel_premium,CEPSA Sequeade,CEPSA,diesel_premium,Gasóleo especial,Outro,2.016,Barcelos,Braga,"Avenida de Sequeade, 39",SEQUEADE,4755-516,41.50221,-8.5341,cepsa sequeade,cepsa,"avenida de sequeade, 39","2,016 €",2026-05-15_dgeg_postos_raw.csv,193f5030ffd12182
2026-05-15,2026-05-15 14:31:32,2026-05-11 15:35:00,ff0ab04c51b4f34c,ff0ab04c51b4f34c_gasoline_95,CEPSA Sequeade,CEPSA,gasoline_95,Gasolina simples 95,Outro,1.958,Barcelos,Braga,"Avenida de Sequeade, 39",SEQUEADE,4755-516,41.50221,-8.5341,cepsa sequeade,cepsa,"avenida de sequeade, 39","1,958 €",2026-05-15_dgeg_postos_raw.csv,4e78b0d3140f674e
2026-05-15,2026-05-15 14:31:32,2026-05-11 15:35:00,d5bd88896a0b3afa,d5bd88896a0b3afa_diesel_regular,E.S. CARREGAL DO SAL,REPSOL,diesel_regular,Gasóleo simples,Outro,2.029,Carregal do Sal,Viseu,Av. Nª Srª das Febres - EN 234,Currelos,3430-039,40.42621,-8.01439,e.s. carregal do sal,repsol,av. nª srª das febres - en 234,"2,029 €",2026-05-15_dgeg_postos_raw.csv,ac5c5a73630f814d
2026-05-15,2026-05-15 14:31:32,2026-05-11 15:35:00,d5bd88896a0b3afa,d5bd88896a0b3afa_diesel_premium,E.S. CARREGAL DO SAL,REPSOL,diesel_premium,Gasóleo especial,Outro,2.089,Carregal do Sal,Viseu,Av. Nª Srª das Febres - EN 234,Currelos,3430-039,40.42621,-8.01439,e.s. carregal do sal,repsol,av. nª srª das febres - en 234,"2,089 €",2026-05-15_dgeg_postos_raw.csv,d596e6ceea99f6b7
2026-05-15,2026-05-15 14:31:32,2026-05-11 15:35:00,d5bd88896a0b3afa,d5bd88896a0b3afa_gasoline_95,E.S. CARREGAL DO SAL,REPSOL,gasoline_95,Gasolina simples 95,Outro,2.027,Carregal do Sal,Viseu,Av. Nª Srª das Febres - EN 234,Currelos,3430-039,40.42621,-8.01439,e.s. carregal do sal,repsol,av. nª srª das febres - en 234,"2,027 €",2026-05-15_dgeg_postos_raw.csv,81563e8454e7bb16
2026-05-15,2026-05-15 14:31:32,2026-05-11 15:35:00,9af9fae9849e207d,9af9fae9849e207d_diesel_regular,E.S. CARRIÇA,REPSOL,diesel_regular,Gasóleo simples,Outro,2.019,Viseu,Viseu,E.N. 337,Carriça,3510-899,40.65532,-7.98769,e.s. carriça,repsol,e.n. 337,"2,019 €",2026-05-15_dgeg_postos_raw.csv,472c6f313203f491
2026-05-15,2026-05-15 14:31:32,2026-05-11 15:35:00,9af9fae9849e207d,9af9fae9849e207d_diesel_premium,E.S. CARRIÇA,REPSOL,diesel_premium,Gasóleo especial,Outro,2.079,Viseu,Viseu,E.N. 337,Carriça,3510-899,40.65532,-7.98769,e.s. carriça,repsol,e.n. 337,"2,079 €",2026-05-15_dgeg_postos_raw.csv,de638fbb8a9c1418
2026-05-15,2026-05-15 14:31:32,2026-05-11 15:35:00,9af9fae9849e207d,9af9fae9849e207d_gasoline_95,E.S. CARRIÇA,REPSOL,gasoline_95,Gasolina simples 95,Outro,2.017,Viseu,Viseu,E.N. 337,Carriça,3510-899,40.65532,-7.98769,e.s. carriça,repsol,e.n. 337,"2,017 €",2026-05-15_dgeg_postos_raw.csv,0566b0a0e57a9a4d
2026-05-15,2026-05-15 14:31:32,2026-05-11 15:35:00,9af9fae9849e207d,9af9fae9849e207d_gasoline_98,E.S. CARRIÇA,REPSOL,gasoline_98,Gasolina especial 98,Outro,2.197,Viseu,Viseu,E.N. 337,Carriça,3510-899,40.65532,-7.98769,e.s. carriça,repsol,e.n. 337,"2,197 €",2026-05-15_dgeg_postos_raw.csv,b95f350fb98b1e7f
2026-05-15,2026-05-15 14:31:32,2026-05-11 15:40:00,e0f5948455251813,e0f5948455251813_diesel_regular,VILAR DO PINHEIRO,CEPSA,diesel_regular,Gasóleo simples,Outro,1.966,Vila do Conde,Porto,E.N. 13 - Lugar da Igreja - Vilar Pinheiro\r\n,Vila do Conde,4485-860,41.27038709,-8.67019644,vilar do pinheiro,cepsa,e.n. 13 - lugar da igreja - vilar pinheiro\r\n,"1,966 €",2026-05-15_dgeg_postos_raw.csv,c69457db12de00a7
2026-05-15,2026-05-15 14:31:32,2026-05-11 15:40:00,e0f5948455251813,e0f5948455251813_diesel_premium,VILAR DO PINHEIRO,CEPSA,diesel_premium,Gasóleo especial,Outro,2.016,Vila do Conde,Porto,E.N. 13 - Lugar da Igreja - Vilar Pinheiro\r\n,Vila do Conde,4485-860,41.27038709,-8.67019644,vilar do pinheiro,cepsa,e.n. 13 - lugar da igreja - vilar pinheiro\r\n,"2,016 €",2026-05-15_dgeg_postos_raw.csv,e2b54b908d231681
2026-05-15,2026-05-15 14:31:32,2026-05-11 15:40:00,e0f5948455251813,e0f5948455251813_gasoline_95,VILAR DO PINHEIRO,CEPSA,gasoline_95,Gasolina simples 95,Outro,1.958,Vila do Conde,Porto,E.N. 13 - Lugar da Igreja - Vilar Pinheiro\r\n,Vila do Conde,4485-860,41.27038709,-8.67019644,vilar do pinheiro,cepsa,e.n. 13 - lugar da igreja - vilar pinheiro\r\n,"1,958 €",2026-05-15_dgeg_postos_raw.csv,a236c2dabc62c303
2026-05-15,2026-05-15 14:31:32,2026-05-11 15:45:00,6cb0565d032b833d,6cb0565d032b833d_diesel_regular,Santos da Cunha 6 - Ribeirão,GALP,diesel_regular,Gasóleo simples,Outro,2.015,Vila Nova de Famalicão,Braga,"Parque Comercial Lago Discount,\r\nLugar do Xisto,\r\nRibeirão\r\n                   \r\n",Ribeirão,4760-727,41.36581,-8.5459,santos da cunha 6 - ribeirão,galp,"parque comercial lago discount,\r\nlugar do xisto,\r\nribeirão\r\n \r\n","2,015 €",2026-05-15_dgeg_postos_raw.csv,7e039f361fbd23f1
2026-05-15,2026-05-15 14:31:32,2026-05-11 15:45:00,6cb0565d032b833d,6cb0565d032b833d_diesel_premium,Santos da Cunha 6 - Ribeirão,GALP,diesel_premium,Gasóleo especial,Outro,2.065,Vila Nova de Famalicão,Braga,"Parque Comercial Lago Discount,\r\nLugar do Xisto,\r\nRibeirão\r\n                   \r\n",Ribeirão,4760-727,41.36581,-8.5459,santos da cunha 6 - ribeirão,galp,"parque comercial lago discount,\r\nlugar do xisto,\r\nribeirão\r\n \r\n","2,065 €",2026-05-15_dgeg_postos_raw.csv,23a0853f0b94cb3b
2026-05-15,2026-05-15 14:31:32,2026-05-11 15:45:00,6cb0565d032b833d,6cb0565d032b833d_gasoline_95,Santos da Cunha 6 - Ribeirão,GALP,gasoline_95,Gasolina simples 95,Outro,2.011,Vila Nova de Famalicão,Braga,"Parque Comercial Lago Discount,\r\nLugar do Xisto,\r\nRibeirão\r\n                   \r\n",Ribeirão,4760-727,41.36581,-8.5459,santos da cunha 6 - ribeirão,galp,"parque comercial lago discount,\r\nlugar do xisto,\r\nribeirão\r\n \r\n","2,011 €",2026-05-15_dgeg_postos_raw.csv,30fa0ca50db7dd98
2026-05-15,2026-05-15 14:31:32,2026-05-11 15:45:00,0124a58f46099768,0124a58f46099768_diesel_regular,"Continente - Braga, Minho Center",GALP,diesel_regular,Gasóleo simples,Outro,2.015,Braga,Braga,Av. Robert Smith,Braga,4710-249,41.540028,-8.403577,"continente - braga, minho center",galp,av. robert smith,"2,015 €",2026-05-15_dgeg_postos_raw.csv,1319f073f8c33c23
2026-05-15,2026-05-15 14:31:32,2026-05-11 15:45:00,0124a58f46099768,0124a58f46099768_diesel_premium,"Continente - Braga, Minho Center",GALP,diesel_premium,Gasóleo especial,Outro,2.065,Braga,Braga,Av. Robert Smith,Braga,4710-249,41.540028,-8.403577,"continente - braga, minho center",galp,av. robert smith,"2,065 €",2026-05-15_dgeg_postos_raw.csv,f3d917d3be3f368e
2026-05-15,2026-05-15 14:31:32,2026-05-11 15:45:00,0124a58f46099768,0124a58f46099768_gasoline_95,"Continente - Braga, Minho Center",GALP,gasoline_95,Gasolina simples 95,Outro,2.011,Braga,Braga,Av. Robert Smith,Braga,4710-249,41.540028,-8.403577,"continente - braga, minho center",galp,av. robert smith,"2,011 €",2026-05-15_dgeg_postos_raw.csv,05ea3899cfcfea35
2026-05-15,2026-05-15 14:31:32,2026-05-11 15:50:00,f46f95b16e4b5ce4,f46f95b16e4b5ce4_diesel_regular,BP MORTÁGUA,BP,diesel_regular,Gasóleo simples,Outro,2.074,Mortágua,Viseu,EN 234 Km 52,Mortágua - Gandarada,3450-153,40.403808,-8.231257,bp mortágua,bp,en 234 km 52,"2,074 €",2026-05-15_dgeg_postos_raw.csv,f3d17d260de932b5
2026-05-15,2026-05-15 14:31:32,2026-05-11 15:50:00,f46f95b16e4b5ce4,f46f95b16e4b5ce4_diesel_premium,BP MORTÁGUA,BP,diesel_premium,Gasóleo especial,Outro,2.224,Mortágua,Viseu,EN 234 Km 52,Mortágua - Gandarada,3450-153,40.403808,-8.231257,bp mortágua,bp,en 234 km 52,"2,224 €",2026-05-15_dgeg_postos_raw.csv,d7703607badcc3f8
2026-05-15,2026-05-15 14:31:32,2026-05-11 15:50:00,f46f95b16e4b5ce4,f46f95b16e4b5ce4_gasoline_95,BP MORTÁGUA,BP,gasoline_95,Gasolina simples 95,Outro,2.069,Mortágua,Viseu,EN 234 Km 52,Mortágua - Gandarada,3450-153,40.403808,-8.231257,bp mortágua,bp,en 234 km 52,"2,069 €",2026-05-15_dgeg_postos_raw.csv,ac7c85cbdf7bd1d5
2026-05-15,2026-05-15 14:31:32,2026-05-11 15:50:00,f46f95b16e4b5ce4,f46f95b16e4b5ce4_gasoline_98,BP MORTÁGUA,BP,gasoline_98,Gasolina especial 98,Outro,2.299,Mortágua,Viseu,EN 234 Km 52,Mortágua - Gandarada,3450-153,40.403808,-8.231257,bp mortágua,bp,en 234 km 52,"2,299 €",2026-05-15_dgeg_postos_raw.csv,206c2397c7db1854
2026-05-15,2026-05-15 14:31:32,2026-05-11 15:50:00,daa4e7d033d94203,daa4e7d033d94203_diesel_regular,E.S. BENAFIM,REPSOL,diesel_regular,Gasóleo simples,Outro,2.079,Loulé,Faro,Rua António Provisório nº 9\r\nBairro Novo,Bairro Novo Benafim,8100-351,37.23298,-8.12158,e.s. benafim,repsol,rua antónio provisório nº 9\r\nbairro novo,"2,079 €",2026-05-15_dgeg_postos_raw.csv,fdeb69e934447e13
2026-05-15,2026-05-15 14:31:32,2026-05-11 15:50:00,daa4e7d033d94203,daa4e7d033d94203_diesel_premium,E.S. BENAFIM,REPSOL,diesel_premium,Gasóleo especial,Outro,2.149,Loulé,Faro,Rua António Provisório nº 9\r\nBairro Novo,Bairro Novo Benafim,8100-351,37.23298,-8.12158,e.s. benafim,repsol,rua antónio provisório nº 9\r\nbairro novo,"2,149 €",2026-05-15_dgeg_postos_raw.csv,92ec8644384e9208
2026-05-15,2026-05-15 14:31:32,2026-05-11 15:50:00,daa4e7d033d94203,daa4e7d033d94203_gasoline_95,E.S. BENAFIM,REPSOL,gasoline_95,Gasolina simples 95,Outro,2.077,Loulé,Faro,Rua António Provisório nº 9\r\nBairro Novo,Bairro Novo Benafim,8100-351,37.23298,-8.12158,e.s. benafim,repsol,rua antónio provisório nº 9\r\nbairro novo,"2,077 €",2026-05-15_dgeg_postos_raw.csv,fe4eb922ed21ced8
2026-05-15,2026-05-15 14:31:32,2026-05-11 15:50:00,daa4e7d033d94203,daa4e7d033d94203_gasoline_98,E.S. BENAFIM,REPSOL,gasoline_98,Gasolina especial 98,Outro,2.277,Loulé,Faro,Rua António Provisório nº 9\r\nBairro Novo,Bairro Novo Benafim,8100-351,37.23298,-8.12158,e.s. benafim,repsol,rua antónio provisório nº 9\r\nbairro novo,"2,277 €",2026-05-15_dgeg_postos_raw.csv,ac7c368826334404
2026-05-15,2026-05-15 14:31:32,2026-05-11 15:50:00,dba8f145ed5e1efe,dba8f145ed5e1efe_diesel_premium,OZ ENERGIA-PEGO,OZ Energia,diesel_premium,Gasóleo especial,Outro,1.959,Abrantes,Santarém,"EN 118 - Km 139,8",Pego,2205-324,39.458656,-8.140687,oz energia-pego,oz energia,"en 118 - km 139,8","1,959 €",2026-05-15_dgeg_postos_raw.csv,344adec65e6138f4
2026-05-15,2026-05-15 14:31:32,2026-05-11 15:50:00,dba8f145ed5e1efe,dba8f145ed5e1efe_diesel_regular,OZ ENERGIA-PEGO,OZ Energia,diesel_regular,Gasóleo simples,Outro,1.999,Abrantes,Santarém,"EN 118 - Km 139,8",Pego,2205-324,39.458656,-8.140687,oz energia-pego,oz energia,"en 118 - km 139,8","1,999 €",2026-05-15_dgeg_postos_raw.csv,76d45df71420e4fb
2026-05-15,2026-05-15 14:31:32,2026-05-11 15:50:00,dba8f145ed5e1efe,dba8f145ed5e1efe_gasoline_95,OZ ENERGIA-PEGO,OZ Energia,gasoline_95,Gasolina simples 95,Outro,1.969,Abrantes,Santarém,"EN 118 - Km 139,8",Pego,2205-324,39.458656,-8.140687,oz energia-pego,oz energia,"en 118 - km 139,8","1,969 €",2026-05-15_dgeg_postos_raw.csv,7d109ed8fe9bc705
2026-05-15,2026-05-15 14:31:32,2026-05-11 15:50:00,97ffb5968b8aa138,97ffb5968b8aa138_diesel_premium,OZ ENERGIA -  SANTA CATARINA,OZ Energia,diesel_premium,Gasóleo especial,Outro,1.904,Tavira,Faro,"EN 270 - Km 52,4",Alcaria Fria,8800-166,37.153225,-7.791646,oz energia - santa catarina,oz energia,"en 270 - km 52,4","1,904 €",2026-05-15_dgeg_postos_raw.csv,49122413db4371d6
2026-05-15,2026-05-15 14:31:32,2026-05-11 15:50:00,97ffb5968b8aa138,97ffb5968b8aa138_diesel_regular,OZ ENERGIA -  SANTA CATARINA,OZ Energia,diesel_regular,Gasóleo simples,Outro,1.944,Tavira,Faro,"EN 270 - Km 52,4",Alcaria Fria,8800-166,37.153225,-7.791646,oz energia - santa catarina,oz energia,"en 270 - km 52,4","1,944 €",2026-05-15_dgeg_postos_raw.csv,2f980d88c5680353
2026-05-15,2026-05-15 14:31:32,2026-05-11 15:50:00,97ffb5968b8aa138,97ffb5968b8aa138_gasoline_95,OZ ENERGIA -  SANTA CATARINA,OZ Energia,gasoline_95,Gasolina simples 95,Outro,1.914,Tavira,Faro,"EN 270 - Km 52,4",Alcaria Fria,8800-166,37.153225,-7.791646,oz energia - santa catarina,oz energia,"en 270 - km 52,4","1,914 €",2026-05-15_dgeg_postos_raw.csv,cb526c2a688910c6
2026-05-15,2026-05-15 14:31:32,2026-05-11 15:50:00,1d120cbe1ff24343,1d120cbe1ff24343_diesel_regular,OZ ENERGIA - GRAÇA,OZ Energia,diesel_regular,Gasóleo simples,Outro,1.989,Lisboa,Lisboa,Rua da Graça 2-D,Lisboa,1170-169,38.72117,-9.13015,oz energia - graça,oz energia,rua da graça 2-d,"1,989 €",2026-05-15_dgeg_postos_raw.csv,e5cffee0818b7817
2026-05-15,2026-05-15 14:31:32,2026-05-11 15:50:00,1d120cbe1ff24343,1d120cbe1ff24343_gasoline_95,OZ ENERGIA - GRAÇA,OZ Energia,gasoline_95,Gasolina simples 95,Outro,1.969,Lisboa,Lisboa,Rua da Graça 2-D,Lisboa,1170-169,38.72117,-9.13015,oz energia - graça,oz energia,rua da graça 2-d,"1,969 €",2026-05-15_dgeg_postos_raw.csv,0c1497c572a596c5
2026-05-15,2026-05-15 14:31:32,2026-05-11 15:50:00,79a75a071b25984d,79a75a071b25984d_diesel_premium,OZ ENERGIA-SANFINS,OZ Energia,diesel_premium,Gasóleo especial,Outro,1.929,Paços de Ferreira,Porto,"Rua das Quintães, 15",Sanfins,4595-379,41.319046,-8.372126,oz energia-sanfins,oz energia,"rua das quintães, 15","1,929 €",2026-05-15_dgeg_postos_raw.csv,7eaff6a70e08368c
2026-05-15,2026-05-15 14:31:32,2026-05-11 15:50:00,79a75a071b25984d,79a75a071b25984d_diesel_regular,OZ ENERGIA-SANFINS,OZ Energia,diesel_regular,Gasóleo simples,Outro,1.969,Paços de Ferreira,Porto,"Rua das Quintães, 15",Sanfins,4595-379,41.319046,-8.372126,oz energia-sanfins,oz energia,"rua das quintães, 15","1,969 €",2026-05-15_dgeg_postos_raw.csv,1ac71ca974f7c6e6
2026-05-15,2026-05-15 14:31:32,2026-05-11 15:50:00,79a75a071b25984d,79a75a071b25984d_gasoline_95,OZ ENERGIA-SANFINS,OZ Energia,gasoline_95,Gasolina simples 95,Outro,1.929,Paços de Ferreira,Porto,"Rua das Quintães, 15",Sanfins,4595-379,41.319046,-8.372126,oz energia-sanfins,oz energia,"rua das quintães, 15","1,929 €",2026-05-15_dgeg_postos_raw.csv,dc31a1fb0c80c2eb
2026-05-15,2026-05-15 14:31:32,2026-05-11 15:50:00,6101d4c66f01ec5f,6101d4c66f01ec5f_diesel_regular,OZ ENERGIA - CASTILHO,OZ Energia,diesel_regular,Gasóleo simples,Outro,2.049,Lisboa,Lisboa,"Rua Castilho, 209-A",São Sebastião da Pedreira,1070-051,38.72861,-9.15684,oz energia - castilho,oz energia,"rua castilho, 209-a","2,049 €",2026-05-15_dgeg_postos_raw.csv,d297fff5a7167630
2026-05-15,2026-05-15 14:31:32,2026-05-11 15:50:00,6101d4c66f01ec5f,6101d4c66f01ec5f_gasoline_95,OZ ENERGIA - CASTILHO,OZ Energia,gasoline_95,Gasolina simples 95,Outro,2.019,Lisboa,Lisboa,"Rua Castilho, 209-A",São Sebastião da Pedreira,1070-051,38.72861,-9.15684,oz energia - castilho,oz energia,"rua castilho, 209-a","2,019 €",2026-05-15_dgeg_postos_raw.csv,90d09433a751fcbb
2026-05-15,2026-05-15 14:31:32,2026-05-11 15:50:00,1fe0e13cbe025f2a,1fe0e13cbe025f2a_diesel_premium,OZ ENERGIA-ALVALADE DO SADO,OZ Energia,diesel_premium,Gasóleo especial,Outro,1.949,Santiago do Cacém,Setúbal,"E.N.261, KM 78.30 - ZONA INDUSTRIAL LIGEIRA - ALVALADE DO SADO",Alvalade,7565-011,37.93674,-8.388021,oz energia-alvalade do sado,oz energia,"e.n.261, km 78.30 - zona industrial ligeira - alvalade do sado","1,949 €",2026-05-15_dgeg_postos_raw.csv,b37a4a1d73ede29a
2026-05-15,2026-05-15 14:31:32,2026-05-11 15:50:00,1fe0e13cbe025f2a,1fe0e13cbe025f2a_diesel_regular,OZ ENERGIA-ALVALADE DO SADO,OZ Energia,diesel_regular,Gasóleo simples,Outro,1.989,Santiago do Cacém,Setúbal,"E.N.261, KM 78.30 - ZONA INDUSTRIAL LIGEIRA - ALVALADE DO SADO",Alvalade,7565-011,37.93674,-8.388021,oz energia-alvalade do sado,oz energia,"e.n.261, km 78.30 - zona industrial ligeira - alvalade do sado","1,989 €",2026-05-15_dgeg_postos_raw.csv,98a4c56dccbd8f76
2026-05-15,2026-05-15 14:31:32,2026-05-11 15:50:00,1fe0e13cbe025f2a,1fe0e13cbe025f2a_gasoline_95,OZ ENERGIA-ALVALADE DO SADO,OZ Energia,gasoline_95,Gasolina simples 95,Outro,1.969,Santiago do Cacém,Setúbal,"E.N.261, KM 78.30 - ZONA INDUSTRIAL LIGEIRA - ALVALADE DO SADO",Alvalade,7565-011,37.93674,-8.388021,oz energia-alvalade do sado,oz energia,"e.n.261, km 78.30 - zona industrial ligeira - alvalade do sado","1,969 €",2026-05-15_dgeg_postos_raw.csv,a8c9106c517b48c5
2026-05-15,2026-05-15 14:31:32,2026-05-11 15:50:00,49eeefd9b73fbbd0,49eeefd9b73fbbd0_diesel_premium,OZ ENERGIA -   ERMIDAS DO SADO,OZ Energia,diesel_premium,Gasóleo especial,Outro,1.969,Santiago do Cacém,Setúbal,EN 121 - Junto NO da Z.I.L.,Ermidas do Sado,7565-201,38.00872,-8.406139,oz energia - ermidas do sado,oz energia,en 121 - junto no da z.i.l.,"1,969 €",2026-05-15_dgeg_postos_raw.csv,6fee315a61178afc
2026-05-15,2026-05-15 14:31:32,2026-05-11 15:50:00,49eeefd9b73fbbd0,49eeefd9b73fbbd0_diesel_regular,OZ ENERGIA -   ERMIDAS DO SADO,OZ Energia,diesel_regular,Gasóleo simples,Outro,2.009,Santiago do Cacém,Setúbal,EN 121 - Junto NO da Z.I.L.,Ermidas do Sado,7565-201,38.00872,-8.406139,oz energia - ermidas do sado,oz energia,en 121 - junto no da z.i.l.,"2,009 €",2026-05-15_dgeg_postos_raw.csv,e196fc7a9669ca5b
2026-05-15,2026-05-15 14:31:32,2026-05-11 15:50:00,49eeefd9b73fbbd0,49eeefd9b73fbbd0_gasoline_95,OZ ENERGIA -   ERMIDAS DO SADO,OZ Energia,gasoline_95,Gasolina simples 95,Outro,1.989,Santiago do Cacém,Setúbal,EN 121 - Junto NO da Z.I.L.,Ermidas do Sado,7565-201,38.00872,-8.406139,oz energia - ermidas do sado,oz energia,en 121 - junto no da z.i.l.,"1,989 €",2026-05-15_dgeg_postos_raw.csv,ca91ffae512f10b1
2026-05-15,2026-05-15 14:31:32,2026-05-11 15:50:00,9f9629ddabeff25a,9f9629ddabeff25a_diesel_premium,OZ ENERGIA-MARATECA,OZ Energia,diesel_premium,Gasóleo especial,Outro,1.919,Palmela,Setúbal,"Estrada Nacional 10, Km 62,98",Águas de Moura,2965-520,38.61228,-8.658873,oz energia-marateca,oz energia,"estrada nacional 10, km 62,98","1,919 €",2026-05-15_dgeg_postos_raw.csv,340fd0df5f69b9f5
2026-05-15,2026-05-15 14:31:32,2026-05-11 15:50:00,9f9629ddabeff25a,9f9629ddabeff25a_diesel_regular,OZ ENERGIA-MARATECA,OZ Energia,diesel_regular,Gasóleo simples,Outro,1.959,Palmela,Setúbal,"Estrada Nacional 10, Km 62,98",Águas de Moura,2965-520,38.61228,-8.658873,oz energia-marateca,oz energia,"estrada nacional 10, km 62,98","1,959 €",2026-05-15_dgeg_postos_raw.csv,008f9cee0cb233fe
2026-05-15,2026-05-15 14:31:32,2026-05-11 15:50:00,9f9629ddabeff25a,9f9629ddabeff25a_gasoline_95,OZ ENERGIA-MARATECA,OZ Energia,gasoline_95,Gasolina simples 95,Outro,1.939,Palmela,Setúbal,"Estrada Nacional 10, Km 62,98",Águas de Moura,2965-520,38.61228,-8.658873,oz energia-marateca,oz energia,"estrada nacional 10, km 62,98","1,939 €",2026-05-15_dgeg_postos_raw.csv,e77c8cb17d22efd0
2026-05-15,2026-05-15 14:31:32,2026-05-11 15:50:00,d96d3d561f536b7e,d96d3d561f536b7e_diesel_regular,OZ ENERGIA  - TRAFARIA,OZ Energia,diesel_regular,Gasóleo simples,Outro,2.089,Almada,Setúbal,Rua 1º de Maio - Quinta dos Buxos - Murfacém,Murfacém,2825-836,38.673623,-9.225445,oz energia - trafaria,oz energia,rua 1º de maio - quinta dos buxos - murfacém,"2,089 €",2026-05-15_dgeg_postos_raw.csv,708063d52064b77e
2026-05-15,2026-05-15 14:31:32,2026-05-11 15:50:00,76d6cbe34e33e7cc,76d6cbe34e33e7cc_diesel_premium,OZ ENERGIA-SOBROSA,OZ Energia,diesel_premium,Gasóleo especial,Outro,1.949,Paredes,Porto,"Rua Ramiro Pinto de Meireles, 136",Sobrosa,4580-725,41.25681,-8.350072,oz energia-sobrosa,oz energia,"rua ramiro pinto de meireles, 136","1,949 €",2026-05-15_dgeg_postos_raw.csv,3a0501199ea32333
2026-05-15,2026-05-15 14:31:32,2026-05-11 15:50:00,76d6cbe34e33e7cc,76d6cbe34e33e7cc_diesel_regular,OZ ENERGIA-SOBROSA,OZ Energia,diesel_regular,Gasóleo simples,Outro,1.989,Paredes,Porto,"Rua Ramiro Pinto de Meireles, 136",Sobrosa,4580-725,41.25681,-8.350072,oz energia-sobrosa,oz energia,"rua ramiro pinto de meireles, 136","1,989 €",2026-05-15_dgeg_postos_raw.csv,a8f428168ab5db0c
2026-05-15,2026-05-15 14:31:32,2026-05-11 15:50:00,76d6cbe34e33e7cc,76d6cbe34e33e7cc_gasoline_95,OZ ENERGIA-SOBROSA,OZ Energia,gasoline_95,Gasolina simples 95,Outro,1.959,Paredes,Porto,"Rua Ramiro Pinto de Meireles, 136",Sobrosa,4580-725,41.25681,-8.350072,oz energia-sobrosa,oz energia,"rua ramiro pinto de meireles, 136","1,959 €",2026-05-15_dgeg_postos_raw.csv,01babb23ccb81d51
2026-05-15,2026-05-15 14:31:32,2026-05-11 15:50:00,814c88bcbb8a9bdd,814c88bcbb8a9bdd_diesel_premium,OZ ENERGIA-SINES,OZ Energia,diesel_premium,Gasóleo especial,Outro,1.949,Sines,Setúbal,ZIL 2 - Lote 1026 A,Zona Industrial Ligeira 2,7520-309,37.95917,-8.846805,oz energia-sines,oz energia,zil 2 - lote 1026 a,"1,949 €",2026-05-15_dgeg_postos_raw.csv,b77b080cb3403271
2026-05-15,2026-05-15 14:31:32,2026-05-11 15:50:00,814c88bcbb8a9bdd,814c88bcbb8a9bdd_diesel_regular,OZ ENERGIA-SINES,OZ Energia,diesel_regular,Gasóleo simples,Outro,1.989,Sines,Setúbal,ZIL 2 - Lote 1026 A,Zona Industrial Ligeira 2,7520-309,37.95917,-8.846805,oz energia-sines,oz energia,zil 2 - lote 1026 a,"1,989 €",2026-05-15_dgeg_postos_raw.csv,2dfb1ea7f8919035
2026-05-15,2026-05-15 14:31:32,2026-05-11 15:50:00,814c88bcbb8a9bdd,814c88bcbb8a9bdd_gasoline_95,OZ ENERGIA-SINES,OZ Energia,gasoline_95,Gasolina simples 95,Outro,1.949,Sines,Setúbal,ZIL 2 - Lote 1026 A,Zona Industrial Ligeira 2,7520-309,37.95917,-8.846805,oz energia-sines,oz energia,zil 2 - lote 1026 a,"1,949 €",2026-05-15_dgeg_postos_raw.csv,8dea3d61df2e6d54
2026-05-15,2026-05-15 14:31:32,2026-05-11 15:50:00,2c1543a7fcfac7fa,2c1543a7fcfac7fa_diesel_premium,OZ ENERGIA-PENAFIEL,OZ Energia,diesel_premium,Gasóleo especial,Outro,1.904,Penafiel,Porto,"Av. Central de Guilhufe, nº388",Guilhufe,4560-131,41.19515,-8.305677,oz energia-penafiel,oz energia,"av. central de guilhufe, nº388","1,904 €",2026-05-15_dgeg_postos_raw.csv,5e2a93cd05d9c3fb
2026-05-15,2026-05-15 14:31:32,2026-05-11 15:50:00,2c1543a7fcfac7fa,2c1543a7fcfac7fa_diesel_regular,OZ ENERGIA-PENAFIEL,OZ Energia,diesel_regular,Gasóleo simples,Outro,1.944,Penafiel,Porto,"Av. Central de Guilhufe, nº388",Guilhufe,4560-131,41.19515,-8.305677,oz energia-penafiel,oz energia,"av. central de guilhufe, nº388","1,944 €",2026-05-15_dgeg_postos_raw.csv,0450b3f027cbad37
2026-05-15,2026-05-15 14:31:32,2026-05-11 15:50:00,2c1543a7fcfac7fa,2c1543a7fcfac7fa_gasoline_95,OZ ENERGIA-PENAFIEL,OZ Energia,gasoline_95,Gasolina simples 95,Outro,1.914,Penafiel,Porto,"Av. Central de Guilhufe, nº388",Guilhufe,4560-131,41.19515,-8.305677,oz energia-penafiel,oz energia,"av. central de guilhufe, nº388","1,914 €",2026-05-15_dgeg_postos_raw.csv,fb5889c8911e6649
2026-05-15,2026-05-15 14:31:32,2026-05-11 15:50:00,f0129463d343283f,f0129463d343283f_diesel_premium,OZ ENERGIA - ODECEIXE,OZ Energia,diesel_premium,Gasóleo especial,Outro,1.969,Aljezur,Faro,EN 120 - KM 130+340,Odeceixe,8670-320,37.418903,-8.766456,oz energia - odeceixe,oz energia,en 120 - km 130+340,"1,969 €",2026-05-15_dgeg_postos_raw.csv,f76db4588223fe07
2026-05-15,2026-05-15 14:31:32,2026-05-11 15:50:00,f0129463d343283f,f0129463d343283f_diesel_regular,OZ ENERGIA - ODECEIXE,OZ Energia,diesel_regular,Gasóleo simples,Outro,2.009,Aljezur,Faro,EN 120 - KM 130+340,Odeceixe,8670-320,37.418903,-8.766456,oz energia - odeceixe,oz energia,en 120 - km 130+340,"2,009 €",2026-05-15_dgeg_postos_raw.csv,db1092c019f11e72
2026-05-15,2026-05-15 14:31:32,2026-05-11 15:50:00,f0129463d343283f,f0129463d343283f_gasoline_95,OZ ENERGIA - ODECEIXE,OZ Energia,gasoline_95,Gasolina simples 95,Outro,1.979,Aljezur,Faro,EN 120 - KM 130+340,Odeceixe,8670-320,37.418903,-8.766456,oz energia - odeceixe,oz energia,en 120 - km 130+340,"1,979 €",2026-05-15_dgeg_postos_raw.csv,cf4b88ca5c327e01
2026-05-15,2026-05-15 14:31:32,2026-05-11 15:50:00,52d5c452d1c7c9d5,52d5c452d1c7c9d5_diesel_premium,OZ ENERGIA  - BARQUEIROS,OZ Energia,diesel_premium,Gasóleo especial,Outro,1.919,Barcelos,Braga,Estrada Nacional 205 - km 9,Barqueiros,4740-694,41.45777,-8.71975,oz energia - barqueiros,oz energia,estrada nacional 205 - km 9,"1,919 €",2026-05-15_dgeg_postos_raw.csv,27e0c4a5d191dc19
2026-05-15,2026-05-15 14:31:32,2026-05-11 15:50:00,52d5c452d1c7c9d5,52d5c452d1c7c9d5_diesel_regular,OZ ENERGIA  - BARQUEIROS,OZ Energia,diesel_regular,Gasóleo simples,Outro,1.959,Barcelos,Braga,Estrada Nacional 205 - km 9,Barqueiros,4740-694,41.45777,-8.71975,oz energia - barqueiros,oz energia,estrada nacional 205 - km 9,"1,959 €",2026-05-15_dgeg_postos_raw.csv,22f97bbe946d9803
2026-05-15,2026-05-15 14:31:32,2026-05-11 15:50:00,52d5c452d1c7c9d5,52d5c452d1c7c9d5_gasoline_95,OZ ENERGIA  - BARQUEIROS,OZ Energia,gasoline_95,Gasolina simples 95,Outro,1.959,Barcelos,Braga,Estrada Nacional 205 - km 9,Barqueiros,4740-694,41.45777,-8.71975,oz energia - barqueiros,oz energia,estrada nacional 205 - km 9,"1,959 €",2026-05-15_dgeg_postos_raw.csv,6b78e15dd37abe92
2026-05-15,2026-05-15 14:31:32,2026-05-11 15:50:00,4aa365f60dec0b70,4aa365f60dec0b70_diesel_regular,E.S. BOLIQUEIME N125,REPSOL,diesel_regular,Gasóleo simples,Outro,2.079,Loulé,Faro,"ESTRADA NACIONAL 125, KM 79 - FONTE DE BOLIQUEIME",BOLIQUEIME,8100-070,37.128482,-8.155026,e.s. boliqueime n125,repsol,"estrada nacional 125, km 79 - fonte de boliqueime","2,079 €",2026-05-15_dgeg_postos_raw.csv,6a847070c13fa226
2026-05-15,2026-05-15 14:31:32,2026-05-11 15:50:00,4aa365f60dec0b70,4aa365f60dec0b70_diesel_premium,E.S. BOLIQUEIME N125,REPSOL,diesel_premium,Gasóleo especial,Outro,2.149,Loulé,Faro,"ESTRADA NACIONAL 125, KM 79 - FONTE DE BOLIQUEIME",BOLIQUEIME,8100-070,37.128482,-8.155026,e.s. boliqueime n125,repsol,"estrada nacional 125, km 79 - fonte de boliqueime","2,149 €",2026-05-15_dgeg_postos_raw.csv,a62c450160382af3
2026-05-15,2026-05-15 14:31:32,2026-05-11 15:50:00,4aa365f60dec0b70,4aa365f60dec0b70_gasoline_95,E.S. BOLIQUEIME N125,REPSOL,gasoline_95,Gasolina simples 95,Outro,2.077,Loulé,Faro,"ESTRADA NACIONAL 125, KM 79 - FONTE DE BOLIQUEIME",BOLIQUEIME,8100-070,37.128482,-8.155026,e.s. boliqueime n125,repsol,"estrada nacional 125, km 79 - fonte de boliqueime","2,077 €",2026-05-15_dgeg_postos_raw.csv,a8170d110cebafb1
2026-05-15,2026-05-15 14:31:32,2026-05-11 15:50:00,e7a4c0330d3fd8b0,e7a4c0330d3fd8b0_diesel_regular,OZ ENERGIA - MURTOSA,OZ Energia,diesel_regular,Gasóleo simples,Outro,1.944,Murtosa,Aveiro,Lugar de Levegada de Sedouros - Estrada de Sedouros,Agro,3870-011,40.757984,-8.651978,oz energia - murtosa,oz energia,lugar de levegada de sedouros - estrada de sedouros,"1,944 €",2026-05-15_dgeg_postos_raw.csv,14e16695fcd86813
2026-05-15,2026-05-15 14:31:32,2026-05-11 15:50:00,e7a4c0330d3fd8b0,e7a4c0330d3fd8b0_gasoline_95,OZ ENERGIA - MURTOSA,OZ Energia,gasoline_95,Gasolina simples 95,Outro,1.914,Murtosa,Aveiro,Lugar de Levegada de Sedouros - Estrada de Sedouros,Agro,3870-011,40.757984,-8.651978,oz energia - murtosa,oz energia,lugar de levegada de sedouros - estrada de sedouros,"1,914 €",2026-05-15_dgeg_postos_raw.csv,0413b53056638b8a
2026-05-15,2026-05-15 14:31:32,2026-05-11 15:55:00,9a803dfb2f642e2f,9a803dfb2f642e2f_diesel_regular,AB Outão,ALVES BANDEIRA,diesel_regular,Gasóleo simples,Outro,2.055,Pedrógão Grande,Leiria,RUA DO CARREGAL N52,Outão,3270-026,39.917717,-8.218467,ab outão,alves bandeira,rua do carregal n52,"2,055 €",2026-05-15_dgeg_postos_raw.csv,a298d95f4a951f20
2026-05-15,2026-05-15 14:31:32,2026-05-11 15:55:00,9a803dfb2f642e2f,9a803dfb2f642e2f_diesel_premium,AB Outão,ALVES BANDEIRA,diesel_premium,Gasóleo especial,Outro,2.095,Pedrógão Grande,Leiria,RUA DO CARREGAL N52,Outão,3270-026,39.917717,-8.218467,ab outão,alves bandeira,rua do carregal n52,"2,095 €",2026-05-15_dgeg_postos_raw.csv,b230c1dfead88359
2026-05-15,2026-05-15 14:31:32,2026-05-11 15:55:00,9a803dfb2f642e2f,9a803dfb2f642e2f_gasoline_95,AB Outão,ALVES BANDEIRA,gasoline_95,Gasolina simples 95,Outro,2.061,Pedrógão Grande,Leiria,RUA DO CARREGAL N52,Outão,3270-026,39.917717,-8.218467,ab outão,alves bandeira,rua do carregal n52,"2,061 €",2026-05-15_dgeg_postos_raw.csv,8d801e20c5ee5758
2026-05-15,2026-05-15 14:31:32,2026-05-11 15:55:00,cc4ed4a3db5ab7a2,cc4ed4a3db5ab7a2_diesel_regular,AB  Ribeira de Vide,ALVES BANDEIRA,diesel_regular,Gasóleo simples,Outro,2.075,Seia,Guarda,Ribeira de Vide (Restaurante Delícias da Serra),Ribeira,6285-072,40.278267,-7.754942,ab ribeira de vide,alves bandeira,ribeira de vide (restaurante delícias da serra),"2,075 €",2026-05-15_dgeg_postos_raw.csv,6945924ea9d81bb5
2026-05-15,2026-05-15 14:31:32,2026-05-11 15:55:00,cc4ed4a3db5ab7a2,cc4ed4a3db5ab7a2_gasoline_95,AB  Ribeira de Vide,ALVES BANDEIRA,gasoline_95,Gasolina simples 95,Outro,2.081,Seia,Guarda,Ribeira de Vide (Restaurante Delícias da Serra),Ribeira,6285-072,40.278267,-7.754942,ab ribeira de vide,alves bandeira,ribeira de vide (restaurante delícias da serra),"2,081 €",2026-05-15_dgeg_postos_raw.csv,192fad17f6e7ec57
2026-05-15,2026-05-15 14:31:32,2026-05-11 16:00:00,66544d4eb0d3a197,66544d4eb0d3a197_gasoline_98,ATEI COMBUSTIVEIS E LUBRIFICANTES UNIPESSOAL LDA,GASPE,gasoline_98,Gasolina especial 98,Outro,2.339,Mondim de Basto,Vila Real,Lugar do Meirão,Vilarinho,4880-318,41.41532,-7.8797,atei combustiveis e lubrificantes unipessoal lda,gaspe,lugar do meirão,"2,339 €",2026-05-15_dgeg_postos_raw.csv,8cad6727557b47ed
2026-05-15,2026-05-15 14:31:32,2026-05-11 16:00:00,063d2f85aca3a8b9,063d2f85aca3a8b9_diesel_regular,GASPE Pedra Vedra,GASPE,diesel_regular,Gasóleo simples,Outro,2.198,Mondim de Basto,Vila Real,EN 312 - Vale do Conde - Pedra Vedra,Pedra Vedra,4880-191,41.421528,-7.937484,gaspe pedra vedra,gaspe,en 312 - vale do conde - pedra vedra,"2,198 €",2026-05-15_dgeg_postos_raw.csv,0e586c48d6d44411
2026-05-15,2026-05-15 14:31:32,2026-05-11 16:00:00,063d2f85aca3a8b9,063d2f85aca3a8b9_diesel_premium,GASPE Pedra Vedra,GASPE,diesel_premium,Gasóleo especial,Outro,2.208,Mondim de Basto,Vila Real,EN 312 - Vale do Conde - Pedra Vedra,Pedra Vedra,4880-191,41.421528,-7.937484,gaspe pedra vedra,gaspe,en 312 - vale do conde - pedra vedra,"2,208 €",2026-05-15_dgeg_postos_raw.csv,91beb6e77ceabb2d
2026-05-15,2026-05-15 14:31:32,2026-05-11 16:00:00,063d2f85aca3a8b9,063d2f85aca3a8b9_gasoline_95,GASPE Pedra Vedra,GASPE,gasoline_95,Gasolina simples 95,Outro,2.139,Mondim de Basto,Vila Real,EN 312 - Vale do Conde - Pedra Vedra,Pedra Vedra,4880-191,41.421528,-7.937484,gaspe pedra vedra,gaspe,en 312 - vale do conde - pedra vedra,"2,139 €",2026-05-15_dgeg_postos_raw.csv,fa90f6f4041c072a
2026-05-15,2026-05-15 14:31:32,2026-05-11 16:00:00,063d2f85aca3a8b9,063d2f85aca3a8b9_gasoline_98,GASPE Pedra Vedra,GASPE,gasoline_98,Gasolina especial 98,Outro,2.339,Mondim de Basto,Vila Real,EN 312 - Vale do Conde - Pedra Vedra,Pedra Vedra,4880-191,41.421528,-7.937484,gaspe pedra vedra,gaspe,en 312 - vale do conde - pedra vedra,"2,339 €",2026-05-15_dgeg_postos_raw.csv,0f0631acf33839f5
2026-05-15,2026-05-15 14:31:32,2026-05-11 16:00:00,5a545902c3972074,5a545902c3972074_diesel_regular,Posto de Abastecimento de Trinta,ALVES BANDEIRA,diesel_regular,Gasóleo simples,Outro,2.075,Guarda,Guarda,Cova do Barro nº 36,Trinta-Guarda,6300-225,40.50596,-7.35946,posto de abastecimento de trinta,alves bandeira,cova do barro nº 36,"2,075 €",2026-05-15_dgeg_postos_raw.csv,ba10ade9c547b4e9
2026-05-15,2026-05-15 14:31:32,2026-05-11 16:00:00,5a545902c3972074,5a545902c3972074_diesel_premium,Posto de Abastecimento de Trinta,ALVES BANDEIRA,diesel_premium,Gasóleo especial,Outro,2.095,Guarda,Guarda,Cova do Barro nº 36,Trinta-Guarda,6300-225,40.50596,-7.35946,posto de abastecimento de trinta,alves bandeira,cova do barro nº 36,"2,095 €",2026-05-15_dgeg_postos_raw.csv,688ca0d513f5e7a0
2026-05-15,2026-05-15 14:31:32,2026-05-11 16:00:00,5a545902c3972074,5a545902c3972074_gasoline_95,Posto de Abastecimento de Trinta,ALVES BANDEIRA,gasoline_95,Gasolina simples 95,Outro,2.081,Guarda,Guarda,Cova do Barro nº 36,Trinta-Guarda,6300-225,40.50596,-7.35946,posto de abastecimento de trinta,alves bandeira,cova do barro nº 36,"2,081 €",2026-05-15_dgeg_postos_raw.csv,5e6f70882fc2074b
2026-05-15,2026-05-15 14:31:32,2026-05-11 16:00:00,66544d4eb0d3a197,66544d4eb0d3a197_diesel_regular,ATEI COMBUSTIVEIS E LUBRIFICANTES UNIPESSOAL LDA,GASPE,diesel_regular,Gasóleo simples,Outro,2.198,Mondim de Basto,Vila Real,Lugar do Meirão,Vilarinho,4880-318,41.41532,-7.8797,atei combustiveis e lubrificantes unipessoal lda,gaspe,lugar do meirão,"2,198 €",2026-05-15_dgeg_postos_raw.csv,e5176729488716be
2026-05-15,2026-05-15 14:31:32,2026-05-11 16:00:00,66544d4eb0d3a197,66544d4eb0d3a197_diesel_premium,ATEI COMBUSTIVEIS E LUBRIFICANTES UNIPESSOAL LDA,GASPE,diesel_premium,Gasóleo especial,Outro,2.208,Mondim de Basto,Vila Real,Lugar do Meirão,Vilarinho,4880-318,41.41532,-7.8797,atei combustiveis e lubrificantes unipessoal lda,gaspe,lugar do meirão,"2,208 €",2026-05-15_dgeg_postos_raw.csv,03bab5631ac22d1b
2026-05-15,2026-05-15 14:31:32,2026-05-11 16:00:00,66544d4eb0d3a197,66544d4eb0d3a197_gasoline_95,ATEI COMBUSTIVEIS E LUBRIFICANTES UNIPESSOAL LDA,GASPE,gasoline_95,Gasolina simples 95,Outro,2.139,Mondim de Basto,Vila Real,Lugar do Meirão,Vilarinho,4880-318,41.41532,-7.8797,atei combustiveis e lubrificantes unipessoal lda,gaspe,lugar do meirão,"2,139 €",2026-05-15_dgeg_postos_raw.csv,3cf123f598a7fd48
2026-05-15,2026-05-15 14:31:32,2026-05-11 16:00:00,8f4478b0e1fd6848,8f4478b0e1fd6848_diesel_regular,PETROPOSTOS COMERCIO DE COMBUSTIVEIS LDA,GALP,diesel_regular,Gasóleo simples,Outro,2.055,Coimbra,Coimbra,Circular Externa de Coimbra,Coimbra- Ribeira de Coselhas,3000-125,40.22189,-8.43117,petropostos comercio de combustiveis lda,galp,circular externa de coimbra,"2,055 €",2026-05-15_dgeg_postos_raw.csv,feed91c30aadab1e
2026-05-15,2026-05-15 14:31:32,2026-05-11 16:00:00,8f4478b0e1fd6848,8f4478b0e1fd6848_diesel_premium,PETROPOSTOS COMERCIO DE COMBUSTIVEIS LDA,GALP,diesel_premium,Gasóleo especial,Outro,2.105,Coimbra,Coimbra,Circular Externa de Coimbra,Coimbra- Ribeira de Coselhas,3000-125,40.22189,-8.43117,petropostos comercio de combustiveis lda,galp,circular externa de coimbra,"2,105 €",2026-05-15_dgeg_postos_raw.csv,36585d65b9631c31
2026-05-15,2026-05-15 14:31:32,2026-05-11 16:00:00,8f4478b0e1fd6848,8f4478b0e1fd6848_gasoline_95,PETROPOSTOS COMERCIO DE COMBUSTIVEIS LDA,GALP,gasoline_95,Gasolina simples 95,Outro,2.061,Coimbra,Coimbra,Circular Externa de Coimbra,Coimbra- Ribeira de Coselhas,3000-125,40.22189,-8.43117,petropostos comercio de combustiveis lda,galp,circular externa de coimbra,"2,061 €",2026-05-15_dgeg_postos_raw.csv,5e6782f087717562
2026-05-15,2026-05-15 14:31:32,2026-05-11 16:00:00,8f4478b0e1fd6848,8f4478b0e1fd6848_gasoline_98,PETROPOSTOS COMERCIO DE COMBUSTIVEIS LDA,GALP,gasoline_98,Gasolina especial 98,Outro,2.271,Coimbra,Coimbra,Circular Externa de Coimbra,Coimbra- Ribeira de Coselhas,3000-125,40.22189,-8.43117,petropostos comercio de combustiveis lda,galp,circular externa de coimbra,"2,271 €",2026-05-15_dgeg_postos_raw.csv,1307b31bf5d288ba
2026-05-15,2026-05-15 14:31:32,2026-05-11 16:05:00,b404ce56269d96d1,b404ce56269d96d1_diesel_regular,E.S. SINES,REPSOL,diesel_regular,Gasóleo simples,Outro,2.079,Sines,Setúbal,Av. General Humberto Delgado M-N-O,Sines,7520-000,37.95812,-8.86573,e.s. sines,repsol,av. general humberto delgado m-n-o,"2,079 €",2026-05-15_dgeg_postos_raw.csv,e6794a59639704ec
2026-05-15,2026-05-15 14:31:32,2026-05-11 16:05:00,b404ce56269d96d1,b404ce56269d96d1_diesel_premium,E.S. SINES,REPSOL,diesel_premium,Gasóleo especial,Outro,2.149,Sines,Setúbal,Av. General Humberto Delgado M-N-O,Sines,7520-000,37.95812,-8.86573,e.s. sines,repsol,av. general humberto delgado m-n-o,"2,149 €",2026-05-15_dgeg_postos_raw.csv,690188f9f9939a75
2026-05-15,2026-05-15 14:31:32,2026-05-11 16:05:00,b404ce56269d96d1,b404ce56269d96d1_gasoline_95,E.S. SINES,REPSOL,gasoline_95,Gasolina simples 95,Outro,2.067,Sines,Setúbal,Av. General Humberto Delgado M-N-O,Sines,7520-000,37.95812,-8.86573,e.s. sines,repsol,av. general humberto delgado m-n-o,"2,067 €",2026-05-15_dgeg_postos_raw.csv,9121fddd5f074ff6
2026-05-15,2026-05-15 14:31:32,2026-05-11 16:05:00,776b5bd8bc4957e1,776b5bd8bc4957e1_diesel_regular,Galp MONTE DE FRALÃES  (VIATODOS),GALP,diesel_regular,Gasóleo simples,Outro,2.055,Barcelos,Braga,RUA DE SÃO PEDRO N 201,Monte de Fralães,4775-177,41.457577,-8.566654,galp monte de fralães (viatodos),galp,rua de são pedro n 201,"2,055 €",2026-05-15_dgeg_postos_raw.csv,960a587d9b32e5c7
2026-05-15,2026-05-15 14:31:32,2026-05-11 16:05:00,776b5bd8bc4957e1,776b5bd8bc4957e1_diesel_premium,Galp MONTE DE FRALÃES  (VIATODOS),GALP,diesel_premium,Gasóleo especial,Outro,2.105,Barcelos,Braga,RUA DE SÃO PEDRO N 201,Monte de Fralães,4775-177,41.457577,-8.566654,galp monte de fralães (viatodos),galp,rua de são pedro n 201,"2,105 €",2026-05-15_dgeg_postos_raw.csv,31104577efdf2268
2026-05-15,2026-05-15 14:31:32,2026-05-11 16:05:00,776b5bd8bc4957e1,776b5bd8bc4957e1_gasoline_95,Galp MONTE DE FRALÃES  (VIATODOS),GALP,gasoline_95,Gasolina simples 95,Outro,2.051,Barcelos,Braga,RUA DE SÃO PEDRO N 201,Monte de Fralães,4775-177,41.457577,-8.566654,galp monte de fralães (viatodos),galp,rua de são pedro n 201,"2,051 €",2026-05-15_dgeg_postos_raw.csv,8c90e9ba43eb1328
2026-05-15,2026-05-15 14:31:32,2026-05-11 16:05:00,0fb8961c4a4c9452,0fb8961c4a4c9452_diesel_regular,Empolgante Motriz,Genérico,diesel_regular,Gasóleo simples,Outro,2.074,Mação,Santarém,"R. das Industrias, 280",Carvoeiro,6120-313,39.62224,-7.91705,empolgante motriz,genérico,"r. das industrias, 280","2,074 €",2026-05-15_dgeg_postos_raw.csv,3608b7d6d5f4543f
2026-05-15,2026-05-15 14:31:32,2026-05-11 16:05:00,0fb8961c4a4c9452,0fb8961c4a4c9452_diesel_premium,Empolgante Motriz,Genérico,diesel_premium,Gasóleo especial,Outro,2.034,Mação,Santarém,"R. das Industrias, 280",Carvoeiro,6120-313,39.62224,-7.91705,empolgante motriz,genérico,"r. das industrias, 280","2,034 €",2026-05-15_dgeg_postos_raw.csv,c035bf650d671b8c
2026-05-15,2026-05-15 14:31:32,2026-05-11 16:05:00,0fb8961c4a4c9452,0fb8961c4a4c9452_gasoline_95,Empolgante Motriz,Genérico,gasoline_95,Gasolina simples 95,Outro,2.0,Mação,Santarém,"R. das Industrias, 280",Carvoeiro,6120-313,39.62224,-7.91705,empolgante motriz,genérico,"r. das industrias, 280","2,000 €",2026-05-15_dgeg_postos_raw.csv,5eb256267219ef3d
2026-05-15,2026-05-15 14:31:32,2026-05-11 16:10:00,3fa0ffdba7322df0,3fa0ffdba7322df0_diesel_regular,Intermarché São Bartolomeu de Messines,INTERMARCHÉ,diesel_regular,Gasóleo simples,Outro,1.939,Silves,Faro,R. João de Deus\n,São Bartolomeu de Messines,8375-127,37.26026,-8.29281,intermarché são bartolomeu de messines,intermarché,r. joão de deus\n,"1,939 €",2026-05-15_dgeg_postos_raw.csv,3c8312bba0a734c2
2026-05-15,2026-05-15 14:31:32,2026-05-11 16:10:00,3fa0ffdba7322df0,3fa0ffdba7322df0_diesel_premium,Intermarché São Bartolomeu de Messines,INTERMARCHÉ,diesel_premium,Gasóleo especial,Outro,1.959,Silves,Faro,R. João de Deus\n,São Bartolomeu de Messines,8375-127,37.26026,-8.29281,intermarché são bartolomeu de messines,intermarché,r. joão de deus\n,"1,959 €",2026-05-15_dgeg_postos_raw.csv,fcfddcaaf7abb864
2026-05-15,2026-05-15 14:31:32,2026-05-11 16:10:00,3fa0ffdba7322df0,3fa0ffdba7322df0_gasoline_95,Intermarché São Bartolomeu de Messines,INTERMARCHÉ,gasoline_95,Gasolina simples 95,Outro,1.949,Silves,Faro,R. João de Deus\n,São Bartolomeu de Messines,8375-127,37.26026,-8.29281,intermarché são bartolomeu de messines,intermarché,r. joão de deus\n,"1,949 €",2026-05-15_dgeg_postos_raw.csv,fb6fc63785cbd019
2026-05-15,2026-05-15 14:31:32,2026-05-11 16:10:00,84bda456383a6b9d,84bda456383a6b9d_diesel_premium,BP Infias,BP,diesel_premium,Gasóleo especial,Outro,2.224,Vizela,Braga,EN 106 nº236,Infias,4815-071,41.39069,-8.31796,bp infias,bp,en 106 nº236,"2,224 €",2026-05-15_dgeg_postos_raw.csv,4515135f3cefa540
2026-05-15,2026-05-15 14:31:32,2026-05-11 16:10:00,84bda456383a6b9d,84bda456383a6b9d_diesel_regular,BP Infias,BP,diesel_regular,Gasóleo simples,Outro,2.064,Vizela,Braga,EN 106 nº236,Infias,4815-071,41.39069,-8.31796,bp infias,bp,en 106 nº236,"2,064 €",2026-05-15_dgeg_postos_raw.csv,6824def04ea30a76
2026-05-15,2026-05-15 14:31:32,2026-05-11 16:10:00,84bda456383a6b9d,84bda456383a6b9d_gasoline_95,BP Infias,BP,gasoline_95,Gasolina simples 95,Outro,2.059,Vizela,Braga,EN 106 nº236,Infias,4815-071,41.39069,-8.31796,bp infias,bp,en 106 nº236,"2,059 €",2026-05-15_dgeg_postos_raw.csv,1d8ac01755c7608e
2026-05-15,2026-05-15 14:31:32,2026-05-11 16:10:00,df6559a34d3940e2,df6559a34d3940e2_diesel_premium,GASPE Mogo de Ansiães,GASPE,diesel_premium,Gasóleo especial,Outro,2.079,Carrazeda de Ansiães,Bragança,Belver,Mogo de Ansiães,5140-031,41.26413,-7.25504,gaspe mogo de ansiães,gaspe,belver,"2,079 €",2026-05-15_dgeg_postos_raw.csv,759e736b4fefdd55
2026-05-15,2026-05-15 14:31:32,2026-05-11 16:10:00,c104bd1ae7107410,c104bd1ae7107410_diesel_regular,Boxoil,BP,diesel_regular,Gasóleo simples,Outro,2.064,Vizela,Braga,Rua Guilherme Caldas Peixoto 183,Vizela,4815-000,41.37069,-8.31226,boxoil,bp,rua guilherme caldas peixoto 183,"2,064 €",2026-05-15_dgeg_postos_raw.csv,a1d7a44d092a5a28
2026-05-15,2026-05-15 14:31:32,2026-05-11 16:10:00,c104bd1ae7107410,c104bd1ae7107410_diesel_premium,Boxoil,BP,diesel_premium,Gasóleo especial,Outro,2.224,Vizela,Braga,Rua Guilherme Caldas Peixoto 183,Vizela,4815-000,41.37069,-8.31226,boxoil,bp,rua guilherme caldas peixoto 183,"2,224 €",2026-05-15_dgeg_postos_raw.csv,5fa1df62492030cd
2026-05-15,2026-05-15 14:31:32,2026-05-11 16:10:00,c104bd1ae7107410,c104bd1ae7107410_gasoline_95,Boxoil,BP,gasoline_95,Gasolina simples 95,Outro,2.059,Vizela,Braga,Rua Guilherme Caldas Peixoto 183,Vizela,4815-000,41.37069,-8.31226,boxoil,bp,rua guilherme caldas peixoto 183,"2,059 €",2026-05-15_dgeg_postos_raw.csv,07a1adfc0f42592a
2026-05-15,2026-05-15 14:31:32,2026-05-11 16:10:00,df6559a34d3940e2,df6559a34d3940e2_gasoline_98,GASPE Mogo de Ansiães,GASPE,gasoline_98,Gasolina especial 98,Outro,2.242,Carrazeda de Ansiães,Bragança,Belver,Mogo de Ansiães,5140-031,41.26413,-7.25504,gaspe mogo de ansiães,gaspe,belver,"2,242 €",2026-05-15_dgeg_postos_raw.csv,80474c8f79ed3e06
2026-05-15,2026-05-15 14:31:32,2026-05-11 16:10:00,84bda456383a6b9d,84bda456383a6b9d_gasoline_98,BP Infias,BP,gasoline_98,Gasolina especial 98,Outro,2.299,Vizela,Braga,EN 106 nº236,Infias,4815-071,41.39069,-8.31796,bp infias,bp,en 106 nº236,"2,299 €",2026-05-15_dgeg_postos_raw.csv,943cfc4464a60dc9
2026-05-15,2026-05-15 14:31:32,2026-05-11 16:10:00,26ac1745eeabe2d5,26ac1745eeabe2d5_gasoline_95,BP Martim,BP,gasoline_95,Gasolina simples 95,Outro,2.039,Barcelos,Braga,"EN 103 Km 32,6","Avenida de Martim, n.º 971 - Martim",4755-313,41.53333,-8.50978,bp martim,bp,"en 103 km 32,6","2,039 €",2026-05-15_dgeg_postos_raw.csv,7a1ebce353e2d11a
2026-05-15,2026-05-15 14:31:32,2026-05-11 16:10:00,26ac1745eeabe2d5,26ac1745eeabe2d5_diesel_regular,BP Martim,BP,diesel_regular,Gasóleo simples,Outro,2.049,Barcelos,Braga,"EN 103 Km 32,6","Avenida de Martim, n.º 971 - Martim",4755-313,41.53333,-8.50978,bp martim,bp,"en 103 km 32,6","2,049 €",2026-05-15_dgeg_postos_raw.csv,d83bb3d92d0deb2f
2026-05-15,2026-05-15 14:31:32,2026-05-11 16:10:00,26ac1745eeabe2d5,26ac1745eeabe2d5_gasoline_98,BP Martim,BP,gasoline_98,Gasolina especial 98,Outro,2.299,Barcelos,Braga,"EN 103 Km 32,6","Avenida de Martim, n.º 971 - Martim",4755-313,41.53333,-8.50978,bp martim,bp,"en 103 km 32,6","2,299 €",2026-05-15_dgeg_postos_raw.csv,07cc124c9679fd8c
2026-05-15,2026-05-15 14:31:32,2026-05-11 16:10:00,26ac1745eeabe2d5,26ac1745eeabe2d5_diesel_premium,BP Martim,BP,diesel_premium,Gasóleo especial,Outro,2.229,Barcelos,Braga,"EN 103 Km 32,6","Avenida de Martim, n.º 971 - Martim",4755-313,41.53333,-8.50978,bp martim,bp,"en 103 km 32,6","2,229 €",2026-05-15_dgeg_postos_raw.csv,637d06c7477233fa
2026-05-15,2026-05-15 14:31:32,2026-05-11 16:10:00,df6559a34d3940e2,df6559a34d3940e2_diesel_regular,GASPE Mogo de Ansiães,GASPE,diesel_regular,Gasóleo simples,Outro,2.059,Carrazeda de Ansiães,Bragança,Belver,Mogo de Ansiães,5140-031,41.26413,-7.25504,gaspe mogo de ansiães,gaspe,belver,"2,059 €",2026-05-15_dgeg_postos_raw.csv,c7b6f3e51b2eb7a7
2026-05-15,2026-05-15 14:31:32,2026-05-11 16:10:00,df6559a34d3940e2,df6559a34d3940e2_gasoline_95,GASPE Mogo de Ansiães,GASPE,gasoline_95,Gasolina simples 95,Outro,2.062,Carrazeda de Ansiães,Bragança,Belver,Mogo de Ansiães,5140-031,41.26413,-7.25504,gaspe mogo de ansiães,gaspe,belver,"2,062 €",2026-05-15_dgeg_postos_raw.csv,6aada23da746611b
2026-05-15,2026-05-15 14:31:32,2026-05-11 16:15:00,15a6bc25d9f4273b,15a6bc25d9f4273b_diesel_regular,BP Vizela Norte,BP,diesel_regular,Gasóleo simples,Outro,2.064,Vizela,Braga,"EN 106, 925",Infias,4815-093,41.39664,-8.31958,bp vizela norte,bp,"en 106, 925","2,064 €",2026-05-15_dgeg_postos_raw.csv,cfa26965cd245d95
2026-05-15,2026-05-15 14:31:32,2026-05-11 16:15:00,15a6bc25d9f4273b,15a6bc25d9f4273b_diesel_premium,BP Vizela Norte,BP,diesel_premium,Gasóleo especial,Outro,2.224,Vizela,Braga,"EN 106, 925",Infias,4815-093,41.39664,-8.31958,bp vizela norte,bp,"en 106, 925","2,224 €",2026-05-15_dgeg_postos_raw.csv,2f2d60fcba22134c
2026-05-15,2026-05-15 14:31:32,2026-05-11 16:15:00,15a6bc25d9f4273b,15a6bc25d9f4273b_gasoline_95,BP Vizela Norte,BP,gasoline_95,Gasolina simples 95,Outro,2.059,Vizela,Braga,"EN 106, 925",Infias,4815-093,41.39664,-8.31958,bp vizela norte,bp,"en 106, 925","2,059 €",2026-05-15_dgeg_postos_raw.csv,496b321ff8f8703b
2026-05-15,2026-05-15 14:31:32,2026-05-11 16:15:00,15a6bc25d9f4273b,15a6bc25d9f4273b_gasoline_98,BP Vizela Norte,BP,gasoline_98,Gasolina especial 98,Outro,2.299,Vizela,Braga,"EN 106, 925",Infias,4815-093,41.39664,-8.31958,bp vizela norte,bp,"en 106, 925","2,299 €",2026-05-15_dgeg_postos_raw.csv,ce9e4b3f8e2e28ce
2026-05-15,2026-05-15 14:31:32,2026-05-11 16:15:00,1c75e966c671de97,1c75e966c671de97_diesel_regular,Oz Terrugem (Petrosintra),OZ Energia,diesel_regular,Gasóleo simples,Outro,1.944,Sintra,Lisboa,"Av. 29 de Agosto, 16/18",Terrugem,2705-869,38.84008,-9.37349,oz terrugem (petrosintra),oz energia,"av. 29 de agosto, 16/18","1,944 €",2026-05-15_dgeg_postos_raw.csv,82170256904a9a0e
2026-05-15,2026-05-15 14:31:32,2026-05-11 16:15:00,1c75e966c671de97,1c75e966c671de97_diesel_premium,Oz Terrugem (Petrosintra),OZ Energia,diesel_premium,Gasóleo especial,Outro,1.904,Sintra,Lisboa,"Av. 29 de Agosto, 16/18",Terrugem,2705-869,38.84008,-9.37349,oz terrugem (petrosintra),oz energia,"av. 29 de agosto, 16/18","1,904 €",2026-05-15_dgeg_postos_raw.csv,d6edac0c20d10d7c
2026-05-15,2026-05-15 14:31:32,2026-05-11 16:15:00,1c75e966c671de97,1c75e966c671de97_gasoline_95,Oz Terrugem (Petrosintra),OZ Energia,gasoline_95,Gasolina simples 95,Outro,1.914,Sintra,Lisboa,"Av. 29 de Agosto, 16/18",Terrugem,2705-869,38.84008,-9.37349,oz terrugem (petrosintra),oz energia,"av. 29 de agosto, 16/18","1,914 €",2026-05-15_dgeg_postos_raw.csv,52714490b0a320b1
2026-05-15,2026-05-15 14:31:32,2026-05-11 16:20:00,1d1447f75199d4c3,1d1447f75199d4c3_gasoline_98,GASPE-Eduardo A Gonçalves Lda,GASPE,gasoline_98,Gasolina especial 98,Outro,2.202,Mirandela,Bragança,EN15 - Lugar do Espinheiral - Saida Mirandela Oeste,Mirandela,5370-552,41.47887,-7.20499,gaspe-eduardo a gonçalves lda,gaspe,en15 - lugar do espinheiral - saida mirandela oeste,"2,202 €",2026-05-15_dgeg_postos_raw.csv,bf935d35f4046f35
2026-05-15,2026-05-15 14:31:32,2026-05-11 16:20:00,1d1447f75199d4c3,1d1447f75199d4c3_diesel_premium,GASPE-Eduardo A Gonçalves Lda,GASPE,diesel_premium,Gasóleo especial,Outro,2.039,Mirandela,Bragança,EN15 - Lugar do Espinheiral - Saida Mirandela Oeste,Mirandela,5370-552,41.47887,-7.20499,gaspe-eduardo a gonçalves lda,gaspe,en15 - lugar do espinheiral - saida mirandela oeste,"2,039 €",2026-05-15_dgeg_postos_raw.csv,3ec9b2849d839084
2026-05-15,2026-05-15 14:31:32,2026-05-11 16:20:00,1d1447f75199d4c3,1d1447f75199d4c3_diesel_regular,GASPE-Eduardo A Gonçalves Lda,GASPE,diesel_regular,Gasóleo simples,Outro,2.019,Mirandela,Bragança,EN15 - Lugar do Espinheiral - Saida Mirandela Oeste,Mirandela,5370-552,41.47887,-7.20499,gaspe-eduardo a gonçalves lda,gaspe,en15 - lugar do espinheiral - saida mirandela oeste,"2,019 €",2026-05-15_dgeg_postos_raw.csv,3317056a9ad95593
2026-05-15,2026-05-15 14:31:32,2026-05-11 16:20:00,1d1447f75199d4c3,1d1447f75199d4c3_gasoline_95,GASPE-Eduardo A Gonçalves Lda,GASPE,gasoline_95,Gasolina simples 95,Outro,2.022,Mirandela,Bragança,EN15 - Lugar do Espinheiral - Saida Mirandela Oeste,Mirandela,5370-552,41.47887,-7.20499,gaspe-eduardo a gonçalves lda,gaspe,en15 - lugar do espinheiral - saida mirandela oeste,"2,022 €",2026-05-15_dgeg_postos_raw.csv,d087a0ebd7e48749
2026-05-15,2026-05-15 14:31:32,2026-05-11 16:20:00,fd8eb9a5c675ebb6,fd8eb9a5c675ebb6_diesel_regular,"Posto BP Castro Daire, Grupo Bezerras",BP,diesel_regular,Gasóleo simples,Outro,2.069,Castro Daire,Viseu,"Av. General Humberto Delgado, n.º53",Castro Daire,3600-187,40.90167,-7.93316,"posto bp castro daire, grupo bezerras",bp,"av. general humberto delgado, n.º53","2,069 €",2026-05-15_dgeg_postos_raw.csv,a40095477c44bada
2026-05-15,2026-05-15 14:31:32,2026-05-11 16:20:00,fd8eb9a5c675ebb6,fd8eb9a5c675ebb6_diesel_premium,"Posto BP Castro Daire, Grupo Bezerras",BP,diesel_premium,Gasóleo especial,Outro,2.229,Castro Daire,Viseu,"Av. General Humberto Delgado, n.º53",Castro Daire,3600-187,40.90167,-7.93316,"posto bp castro daire, grupo bezerras",bp,"av. general humberto delgado, n.º53","2,229 €",2026-05-15_dgeg_postos_raw.csv,afb938c72a967b4d
2026-05-15,2026-05-15 14:31:32,2026-05-11 16:20:00,fd8eb9a5c675ebb6,fd8eb9a5c675ebb6_gasoline_95,"Posto BP Castro Daire, Grupo Bezerras",BP,gasoline_95,Gasolina simples 95,Outro,2.059,Castro Daire,Viseu,"Av. General Humberto Delgado, n.º53",Castro Daire,3600-187,40.90167,-7.93316,"posto bp castro daire, grupo bezerras",bp,"av. general humberto delgado, n.º53","2,059 €",2026-05-15_dgeg_postos_raw.csv,23e6b1c0f92f7820
2026-05-15,2026-05-15 14:31:32,2026-05-11 16:20:00,fd8eb9a5c675ebb6,fd8eb9a5c675ebb6_gasoline_98,"Posto BP Castro Daire, Grupo Bezerras",BP,gasoline_98,Gasolina especial 98,Outro,2.299,Castro Daire,Viseu,"Av. General Humberto Delgado, n.º53",Castro Daire,3600-187,40.90167,-7.93316,"posto bp castro daire, grupo bezerras",bp,"av. general humberto delgado, n.º53","2,299 €",2026-05-15_dgeg_postos_raw.csv,e3bf235070d7026b
2026-05-15,2026-05-15 14:31:32,2026-05-11 16:25:00,01a95c27631e6179,01a95c27631e6179_diesel_regular,PAC Pampilhosa - Conforlux,Genérico,diesel_regular,Gasóleo simples,Outro,2.014,Pampilhosa da Serra,Coimbra,Alameda Dra. Helena Fernandes Barateiro,Pampilhosa da Serra,3320-244,40.04459,-7.947893,pac pampilhosa - conforlux,genérico,alameda dra. helena fernandes barateiro,"2,014 €",2026-05-15_dgeg_postos_raw.csv,1c358f219f1a8d85
2026-05-15,2026-05-15 14:31:32,2026-05-11 16:25:00,01a95c27631e6179,01a95c27631e6179_diesel_premium,PAC Pampilhosa - Conforlux,Genérico,diesel_premium,Gasóleo especial,Outro,2.034,Pampilhosa da Serra,Coimbra,Alameda Dra. Helena Fernandes Barateiro,Pampilhosa da Serra,3320-244,40.04459,-7.947893,pac pampilhosa - conforlux,genérico,alameda dra. helena fernandes barateiro,"2,034 €",2026-05-15_dgeg_postos_raw.csv,661b2ea4a930470a
2026-05-15,2026-05-15 14:31:32,2026-05-11 16:25:00,01a95c27631e6179,01a95c27631e6179_gasoline_95,PAC Pampilhosa - Conforlux,Genérico,gasoline_95,Gasolina simples 95,Outro,2.019,Pampilhosa da Serra,Coimbra,Alameda Dra. Helena Fernandes Barateiro,Pampilhosa da Serra,3320-244,40.04459,-7.947893,pac pampilhosa - conforlux,genérico,alameda dra. helena fernandes barateiro,"2,019 €",2026-05-15_dgeg_postos_raw.csv,cfa6551b67a7f700
2026-05-15,2026-05-15 14:31:32,2026-05-11 16:25:00,0e13c60b7cb73441,0e13c60b7cb73441_diesel_regular,BP - R. Serpa Pinto,BP,diesel_regular,Gasóleo simples,Outro,2.109,Loulé,Faro,Av.andrade Sousa,Loulé,8100-714,37.138224,-8.028659,bp - r. serpa pinto,bp,av.andrade sousa,"2,109 €",2026-05-15_dgeg_postos_raw.csv,549b87270f9d8c9a
2026-05-15,2026-05-15 14:31:32,2026-05-11 16:25:00,0e13c60b7cb73441,0e13c60b7cb73441_diesel_premium,BP - R. Serpa Pinto,BP,diesel_premium,Gasóleo especial,Outro,2.229,Loulé,Faro,Av.andrade Sousa,Loulé,8100-714,37.138224,-8.028659,bp - r. serpa pinto,bp,av.andrade sousa,"2,229 €",2026-05-15_dgeg_postos_raw.csv,de9e1bc03135461f
2026-05-15,2026-05-15 14:31:32,2026-05-11 16:25:00,0e13c60b7cb73441,0e13c60b7cb73441_gasoline_95,BP - R. Serpa Pinto,BP,gasoline_95,Gasolina simples 95,Outro,2.099,Loulé,Faro,Av.andrade Sousa,Loulé,8100-714,37.138224,-8.028659,bp - r. serpa pinto,bp,av.andrade sousa,"2,099 €",2026-05-15_dgeg_postos_raw.csv,fc6319e372759e1a
2026-05-15,2026-05-15 14:31:32,2026-05-11 16:25:00,0e13c60b7cb73441,0e13c60b7cb73441_gasoline_98,BP - R. Serpa Pinto,BP,gasoline_98,Gasolina especial 98,Outro,2.299,Loulé,Faro,Av.andrade Sousa,Loulé,8100-714,37.138224,-8.028659,bp - r. serpa pinto,bp,av.andrade sousa,"2,299 €",2026-05-15_dgeg_postos_raw.csv,f4a904f0b570696b
2026-05-15,2026-05-15 14:31:32,2026-05-11 16:25:00,1eaefb951cd12abf,1eaefb951cd12abf_diesel_premium,"INTERCALENDARIO,SUPERMERCADOS LDA",INTERMARCHÉ,diesel_premium,Gasóleo especial,Outro,1.939,Vila Nova de Famalicão,Braga,"Rua S. Julião, n.º 831",Calendário,4760-384,41.40016,-8.52512,"intercalendario,supermercados lda",intermarché,"rua s. julião, n.º 831","1,939 €",2026-05-15_dgeg_postos_raw.csv,88fb57f3ae3e2ff9
2026-05-15,2026-05-15 14:31:32,2026-05-11 16:25:00,2927adf576d8a52d,2927adf576d8a52d_diesel_regular,Febres_cantanhede,Genérico,diesel_regular,Gasóleo simples,Outro,1.956,Cantanhede,Coimbra,R. Doutor Américo de Oliveira,Febres,3060-354,40.40116,-8.62371,febres_cantanhede,genérico,r. doutor américo de oliveira,"1,956 €",2026-05-15_dgeg_postos_raw.csv,59972d652383496a
2026-05-15,2026-05-15 14:31:32,2026-05-11 16:25:00,2927adf576d8a52d,2927adf576d8a52d_diesel_premium,Febres_cantanhede,Genérico,diesel_premium,Gasóleo especial,Outro,1.966,Cantanhede,Coimbra,R. Doutor Américo de Oliveira,Febres,3060-354,40.40116,-8.62371,febres_cantanhede,genérico,r. doutor américo de oliveira,"1,966 €",2026-05-15_dgeg_postos_raw.csv,596cee7b4bf343b2
2026-05-15,2026-05-15 14:31:32,2026-05-11 16:25:00,2927adf576d8a52d,2927adf576d8a52d_gasoline_95,Febres_cantanhede,Genérico,gasoline_95,Gasolina simples 95,Outro,1.944,Cantanhede,Coimbra,R. Doutor Américo de Oliveira,Febres,3060-354,40.40116,-8.62371,febres_cantanhede,genérico,r. doutor américo de oliveira,"1,944 €",2026-05-15_dgeg_postos_raw.csv,d41958aa768eb94f
2026-05-15,2026-05-15 14:31:32,2026-05-11 16:25:00,1eaefb951cd12abf,1eaefb951cd12abf_diesel_regular,"INTERCALENDARIO,SUPERMERCADOS LDA",INTERMARCHÉ,diesel_regular,Gasóleo simples,Outro,1.909,Vila Nova de Famalicão,Braga,"Rua S. Julião, n.º 831",Calendário,4760-384,41.40016,-8.52512,"intercalendario,supermercados lda",intermarché,"rua s. julião, n.º 831","1,909 €",2026-05-15_dgeg_postos_raw.csv,111c75ffb8b95556
2026-05-15,2026-05-15 14:31:32,2026-05-11 16:25:00,1eaefb951cd12abf,1eaefb951cd12abf_gasoline_95,"INTERCALENDARIO,SUPERMERCADOS LDA",INTERMARCHÉ,gasoline_95,Gasolina simples 95,Outro,1.879,Vila Nova de Famalicão,Braga,"Rua S. Julião, n.º 831",Calendário,4760-384,41.40016,-8.52512,"intercalendario,supermercados lda",intermarché,"rua s. julião, n.º 831","1,879 €",2026-05-15_dgeg_postos_raw.csv,982636d74aaacd16
2026-05-15,2026-05-15 14:31:32,2026-05-11 16:30:00,0fb3473623ddb374,0fb3473623ddb374_gasoline_98,PAREDES DE COURA,CEPSA,gasoline_98,Gasolina especial 98,Outro,2.19,Paredes de Coura,Viana do Castelo,EN 303 (Rua Conselheiro Miguel Dantas),Paredes de Coura,4940-540,41.912867,-8.564675,paredes de coura,cepsa,en 303 (rua conselheiro miguel dantas),"2,190 €",2026-05-15_dgeg_postos_raw.csv,b347e594cdd24e97
2026-05-15,2026-05-15 14:31:32,2026-05-11 16:30:00,0fb3473623ddb374,0fb3473623ddb374_gasoline_95,PAREDES DE COURA,CEPSA,gasoline_95,Gasolina simples 95,Outro,1.978,Paredes de Coura,Viana do Castelo,EN 303 (Rua Conselheiro Miguel Dantas),Paredes de Coura,4940-540,41.912867,-8.564675,paredes de coura,cepsa,en 303 (rua conselheiro miguel dantas),"1,978 €",2026-05-15_dgeg_postos_raw.csv,8f54dd3f53afb4a9
2026-05-15,2026-05-15 14:31:32,2026-05-11 16:30:00,0fb3473623ddb374,0fb3473623ddb374_diesel_regular,PAREDES DE COURA,CEPSA,diesel_regular,Gasóleo simples,Outro,1.986,Paredes de Coura,Viana do Castelo,EN 303 (Rua Conselheiro Miguel Dantas),Paredes de Coura,4940-540,41.912867,-8.564675,paredes de coura,cepsa,en 303 (rua conselheiro miguel dantas),"1,986 €",2026-05-15_dgeg_postos_raw.csv,2bd7a4762efedd38
2026-05-15,2026-05-15 14:31:32,2026-05-11 16:30:00,0fb3473623ddb374,0fb3473623ddb374_diesel_premium,PAREDES DE COURA,CEPSA,diesel_premium,Gasóleo especial,Outro,2.036,Paredes de Coura,Viana do Castelo,EN 303 (Rua Conselheiro Miguel Dantas),Paredes de Coura,4940-540,41.912867,-8.564675,paredes de coura,cepsa,en 303 (rua conselheiro miguel dantas),"2,036 €",2026-05-15_dgeg_postos_raw.csv,9d3e3a5a5ced74b2
2026-05-15,2026-05-15 14:31:32,2026-05-11 16:30:00,3f087c148e828611,3f087c148e828611_diesel_regular,BRAGA - F. NOVA,CEPSA,diesel_regular,Gasóleo simples,Outro,1.986,Braga,Braga,Av. Padre Júlio Fragata,"S. Vitor, Quinta dos Congregados (Feira Nova)",4700-427,41.55827,-8.40696,braga - f. nova,cepsa,av. padre júlio fragata,"1,986 €",2026-05-15_dgeg_postos_raw.csv,c90383af1fe6dbe3
2026-05-15,2026-05-15 14:31:32,2026-05-11 16:30:00,3f087c148e828611,3f087c148e828611_diesel_premium,BRAGA - F. NOVA,CEPSA,diesel_premium,Gasóleo especial,Outro,2.046,Braga,Braga,Av. Padre Júlio Fragata,"S. Vitor, Quinta dos Congregados (Feira Nova)",4700-427,41.55827,-8.40696,braga - f. nova,cepsa,av. padre júlio fragata,"2,046 €",2026-05-15_dgeg_postos_raw.csv,f7fa0e8134a09f1a
2026-05-15,2026-05-15 14:31:32,2026-05-11 16:30:00,3f087c148e828611,3f087c148e828611_gasoline_95,BRAGA - F. NOVA,CEPSA,gasoline_95,Gasolina simples 95,Outro,1.978,Braga,Braga,Av. Padre Júlio Fragata,"S. Vitor, Quinta dos Congregados (Feira Nova)",4700-427,41.55827,-8.40696,braga - f. nova,cepsa,av. padre júlio fragata,"1,978 €",2026-05-15_dgeg_postos_raw.csv,87f4895f28569bff
2026-05-15,2026-05-15 14:31:32,2026-05-11 16:30:00,50a69de36013807c,50a69de36013807c_diesel_regular,"JOÃO MOURA DUARTE - COMBUSTIVEIS, LDA",ALVES BANDEIRA,diesel_regular,Gasóleo simples,Outro,2.035,Vila Nova de Famalicão,Braga,"Av. Cidade Abreu e Lima, 2",Riba de Ave,4765-181,41.39481,-8.3902,"joão moura duarte - combustiveis, lda",alves bandeira,"av. cidade abreu e lima, 2","2,035 €",2026-05-15_dgeg_postos_raw.csv,d7a778bb06e54c03
2026-05-15,2026-05-15 14:31:32,2026-05-11 16:30:00,50a69de36013807c,50a69de36013807c_diesel_premium,"JOÃO MOURA DUARTE - COMBUSTIVEIS, LDA",ALVES BANDEIRA,diesel_premium,Gasóleo especial,Outro,2.055,Vila Nova de Famalicão,Braga,"Av. Cidade Abreu e Lima, 2",Riba de Ave,4765-181,41.39481,-8.3902,"joão moura duarte - combustiveis, lda",alves bandeira,"av. cidade abreu e lima, 2","2,055 €",2026-05-15_dgeg_postos_raw.csv,2e0d052d4aa86059
2026-05-15,2026-05-15 14:31:32,2026-05-11 16:30:00,50a69de36013807c,50a69de36013807c_gasoline_95,"JOÃO MOURA DUARTE - COMBUSTIVEIS, LDA",ALVES BANDEIRA,gasoline_95,Gasolina simples 95,Outro,2.041,Vila Nova de Famalicão,Braga,"Av. Cidade Abreu e Lima, 2",Riba de Ave,4765-181,41.39481,-8.3902,"joão moura duarte - combustiveis, lda",alves bandeira,"av. cidade abreu e lima, 2","2,041 €",2026-05-15_dgeg_postos_raw.csv,74afd349520852c0
2026-05-15,2026-05-15 14:31:32,2026-05-11 16:35:00,570c0ada1cc0fe5f,570c0ada1cc0fe5f_diesel_regular,FORJÃES,CEPSA,diesel_regular,Gasóleo simples,Outro,1.986,Esposende,Braga,Lugar da Igreja - EN103 Barcelos/Viana (Av. Rodrigues de Faria),Esposende,4740-438,41.602937,-8.740943,forjães,cepsa,lugar da igreja - en103 barcelos/viana (av. rodrigues de faria),"1,986 €",2026-05-15_dgeg_postos_raw.csv,ff0ead03e0bc5f68
2026-05-15,2026-05-15 14:31:32,2026-05-11 16:35:00,570c0ada1cc0fe5f,570c0ada1cc0fe5f_diesel_premium,FORJÃES,CEPSA,diesel_premium,Gasóleo especial,Outro,2.036,Esposende,Braga,Lugar da Igreja - EN103 Barcelos/Viana (Av. Rodrigues de Faria),Esposende,4740-438,41.602937,-8.740943,forjães,cepsa,lugar da igreja - en103 barcelos/viana (av. rodrigues de faria),"2,036 €",2026-05-15_dgeg_postos_raw.csv,869762c9b428d2f3
2026-05-15,2026-05-15 14:31:32,2026-05-11 16:35:00,62c3ace473f70307,62c3ace473f70307_diesel_regular,AB BUCELAS,ALVES BANDEIRA,diesel_regular,Gasóleo simples,Outro,2.03,Loures,Lisboa,"E.N 116 Km 29,250",Bucelas,2670-000,38.90236,-9.10253,ab bucelas,alves bandeira,"e.n 116 km 29,250","2,030 €",2026-05-15_dgeg_postos_raw.csv,f2be488d986350fe
2026-05-15,2026-05-15 14:31:32,2026-05-11 16:35:00,62c3ace473f70307,62c3ace473f70307_diesel_premium,AB BUCELAS,ALVES BANDEIRA,diesel_premium,Gasóleo especial,Outro,2.055,Loures,Lisboa,"E.N 116 Km 29,250",Bucelas,2670-000,38.90236,-9.10253,ab bucelas,alves bandeira,"e.n 116 km 29,250","2,055 €",2026-05-15_dgeg_postos_raw.csv,50db55e427c492c2
2026-05-15,2026-05-15 14:31:32,2026-05-11 16:35:00,62c3ace473f70307,62c3ace473f70307_gasoline_95,AB BUCELAS,ALVES BANDEIRA,gasoline_95,Gasolina simples 95,Outro,2.031,Loures,Lisboa,"E.N 116 Km 29,250",Bucelas,2670-000,38.90236,-9.10253,ab bucelas,alves bandeira,"e.n 116 km 29,250","2,031 €",2026-05-15_dgeg_postos_raw.csv,ba7b21ee3323854b
2026-05-15,2026-05-15 14:31:32,2026-05-11 16:35:00,adc35a27f57e217f,adc35a27f57e217f_diesel_regular,INTERMARCHÉ ALCÁCER DO SAL,INTERMARCHÉ,diesel_regular,Gasóleo simples,Outro,1.929,Alcácer do Sal,Setúbal,Cerrado das Majapoas,Alcácer do Sal,7580-054,38.38147,-8.514054,intermarché alcácer do sal,intermarché,cerrado das majapoas,"1,929 €",2026-05-15_dgeg_postos_raw.csv,703079e4296ea2f0
2026-05-15,2026-05-15 14:31:32,2026-05-11 16:35:00,adc35a27f57e217f,adc35a27f57e217f_diesel_premium,INTERMARCHÉ ALCÁCER DO SAL,INTERMARCHÉ,diesel_premium,Gasóleo especial,Outro,1.969,Alcácer do Sal,Setúbal,Cerrado das Majapoas,Alcácer do Sal,7580-054,38.38147,-8.514054,intermarché alcácer do sal,intermarché,cerrado das majapoas,"1,969 €",2026-05-15_dgeg_postos_raw.csv,7e3e3425ca1d4548
2026-05-15,2026-05-15 14:31:32,2026-05-11 16:35:00,adc35a27f57e217f,adc35a27f57e217f_gasoline_95,INTERMARCHÉ ALCÁCER DO SAL,INTERMARCHÉ,gasoline_95,Gasolina simples 95,Outro,1.939,Alcácer do Sal,Setúbal,Cerrado das Majapoas,Alcácer do Sal,7580-054,38.38147,-8.514054,intermarché alcácer do sal,intermarché,cerrado das majapoas,"1,939 €",2026-05-15_dgeg_postos_raw.csv,cc7688490eff6e1d
2026-05-15,2026-05-15 14:31:32,2026-05-11 16:35:00,570c0ada1cc0fe5f,570c0ada1cc0fe5f_gasoline_95,FORJÃES,CEPSA,gasoline_95,Gasolina simples 95,Outro,1.978,Esposende,Braga,Lugar da Igreja - EN103 Barcelos/Viana (Av. Rodrigues de Faria),Esposende,4740-438,41.602937,-8.740943,forjães,cepsa,lugar da igreja - en103 barcelos/viana (av. rodrigues de faria),"1,978 €",2026-05-15_dgeg_postos_raw.csv,ad5a6271b8f18ab2
2026-05-15,2026-05-15 14:31:32,2026-05-11 16:35:00,6f62d443bdf6d52f,6f62d443bdf6d52f_diesel_regular,INTERMARCHÉ   MAZAREFES,INTERMARCHÉ,diesel_regular,Gasóleo simples,Outro,1.919,Viana do Castelo,Viana do Castelo,Mazarefes (EN 203),Conchada,4935-443,41.68043,-8.7667,intermarché mazarefes,intermarché,mazarefes (en 203),"1,919 €",2026-05-15_dgeg_postos_raw.csv,68c021b74b976a6d
2026-05-15,2026-05-15 14:31:32,2026-05-11 16:35:00,6f62d443bdf6d52f,6f62d443bdf6d52f_diesel_premium,INTERMARCHÉ   MAZAREFES,INTERMARCHÉ,diesel_premium,Gasóleo especial,Outro,1.949,Viana do Castelo,Viana do Castelo,Mazarefes (EN 203),Conchada,4935-443,41.68043,-8.7667,intermarché mazarefes,intermarché,mazarefes (en 203),"1,949 €",2026-05-15_dgeg_postos_raw.csv,2421deabeace8616
2026-05-15,2026-05-15 14:31:32,2026-05-11 16:35:00,6f62d443bdf6d52f,6f62d443bdf6d52f_gasoline_95,INTERMARCHÉ   MAZAREFES,INTERMARCHÉ,gasoline_95,Gasolina simples 95,Outro,1.919,Viana do Castelo,Viana do Castelo,Mazarefes (EN 203),Conchada,4935-443,41.68043,-8.7667,intermarché mazarefes,intermarché,mazarefes (en 203),"1,919 €",2026-05-15_dgeg_postos_raw.csv,1ebba6d45eec08da
2026-05-15,2026-05-15 14:31:32,2026-05-11 16:40:00,5f7e99642e0ab1d1,5f7e99642e0ab1d1_diesel_premium,Repsol Ourém - GT Petro,REPSOL,diesel_premium,Gasóleo especial,Outro,2.089,Ourém,Santarém,"Rua 1º de Dezembro, n.º 232",Ourém,2490-506,39.66291,-8.57091,repsol ourém - gt petro,repsol,"rua 1º de dezembro, n.º 232","2,089 €",2026-05-15_dgeg_postos_raw.csv,feefdae3191679c9
2026-05-15,2026-05-15 14:31:32,2026-05-11 16:40:00,5f7e99642e0ab1d1,5f7e99642e0ab1d1_diesel_regular,Repsol Ourém - GT Petro,REPSOL,diesel_regular,Gasóleo simples,Outro,2.029,Ourém,Santarém,"Rua 1º de Dezembro, n.º 232",Ourém,2490-506,39.66291,-8.57091,repsol ourém - gt petro,repsol,"rua 1º de dezembro, n.º 232","2,029 €",2026-05-15_dgeg_postos_raw.csv,181143f35bb91b3e
2026-05-15,2026-05-15 14:31:32,2026-05-11 16:40:00,5f7e99642e0ab1d1,5f7e99642e0ab1d1_gasoline_98,Repsol Ourém - GT Petro,REPSOL,gasoline_98,Gasolina especial 98,Outro,2.217,Ourém,Santarém,"Rua 1º de Dezembro, n.º 232",Ourém,2490-506,39.66291,-8.57091,repsol ourém - gt petro,repsol,"rua 1º de dezembro, n.º 232","2,217 €",2026-05-15_dgeg_postos_raw.csv,5195dc81fc348c67
2026-05-15,2026-05-15 14:31:32,2026-05-11 16:40:00,5f7e99642e0ab1d1,5f7e99642e0ab1d1_gasoline_95,Repsol Ourém - GT Petro,REPSOL,gasoline_95,Gasolina simples 95,Outro,2.027,Ourém,Santarém,"Rua 1º de Dezembro, n.º 232",Ourém,2490-506,39.66291,-8.57091,repsol ourém - gt petro,repsol,"rua 1º de dezembro, n.º 232","2,027 €",2026-05-15_dgeg_postos_raw.csv,9b62e3a8926a99d7
2026-05-15,2026-05-15 14:31:32,2026-05-11 16:45:00,1656ee942f1cd374,1656ee942f1cd374_gasoline_95,GERÊS,CEPSA,gasoline_95,Gasolina simples 95,Outro,2.028,Terras de Bouro,Braga,EN 308 Km 75,Algueirão - Vilar de Veiga,4845-062,41.679344,-8.17505,gerês,cepsa,en 308 km 75,"2,028 €",2026-05-15_dgeg_postos_raw.csv,08cab739b81a5c97
2026-05-15,2026-05-15 14:31:32,2026-05-11 16:45:00,1656ee942f1cd374,1656ee942f1cd374_diesel_regular,GERÊS,CEPSA,diesel_regular,Gasóleo simples,Outro,2.036,Terras de Bouro,Braga,EN 308 Km 75,Algueirão - Vilar de Veiga,4845-062,41.679344,-8.17505,gerês,cepsa,en 308 km 75,"2,036 €",2026-05-15_dgeg_postos_raw.csv,21bdb1bd55937409
2026-05-15,2026-05-15 14:31:32,2026-05-11 16:45:00,1656ee942f1cd374,1656ee942f1cd374_diesel_premium,GERÊS,CEPSA,diesel_premium,Gasóleo especial,Outro,2.086,Terras de Bouro,Braga,EN 308 Km 75,Algueirão - Vilar de Veiga,4845-062,41.679344,-8.17505,gerês,cepsa,en 308 km 75,"2,086 €",2026-05-15_dgeg_postos_raw.csv,69a0a170fc7a641f
2026-05-15,2026-05-15 14:31:32,2026-05-11 16:45:00,1656ee942f1cd374,1656ee942f1cd374_gasoline_98,GERÊS,CEPSA,gasoline_98,Gasolina especial 98,Outro,2.24,Terras de Bouro,Braga,EN 308 Km 75,Algueirão - Vilar de Veiga,4845-062,41.679344,-8.17505,gerês,cepsa,en 308 km 75,"2,240 €",2026-05-15_dgeg_postos_raw.csv,b1c3b5ff11821c2b
2026-05-15,2026-05-15 14:31:32,2026-05-11 16:45:00,8ad83d27aea2e55e,8ad83d27aea2e55e_diesel_regular,CEPSA LAVRA,CEPSA,diesel_regular,Gasóleo simples,Outro,1.966,Matosinhos,Porto,"Rua Dr. José Domingos Santos, 775",Matosinhos,4450-008,41.24595,-8.70072,cepsa lavra,cepsa,"rua dr. josé domingos santos, 775","1,966 €",2026-05-15_dgeg_postos_raw.csv,824cedbc25b23f96
2026-05-15,2026-05-15 14:31:32,2026-05-11 16:45:00,8ad83d27aea2e55e,8ad83d27aea2e55e_diesel_premium,CEPSA LAVRA,CEPSA,diesel_premium,Gasóleo especial,Outro,2.016,Matosinhos,Porto,"Rua Dr. José Domingos Santos, 775",Matosinhos,4450-008,41.24595,-8.70072,cepsa lavra,cepsa,"rua dr. josé domingos santos, 775","2,016 €",2026-05-15_dgeg_postos_raw.csv,f5af6a703e3724bd
2026-05-15,2026-05-15 14:31:32,2026-05-11 16:45:00,8ad83d27aea2e55e,8ad83d27aea2e55e_gasoline_95,CEPSA LAVRA,CEPSA,gasoline_95,Gasolina simples 95,Outro,1.958,Matosinhos,Porto,"Rua Dr. José Domingos Santos, 775",Matosinhos,4450-008,41.24595,-8.70072,cepsa lavra,cepsa,"rua dr. josé domingos santos, 775","1,958 €",2026-05-15_dgeg_postos_raw.csv,3f2ae458c103bc52
2026-05-15,2026-05-15 14:31:32,2026-05-11 16:50:00,ad587d62f1896374,ad587d62f1896374_diesel_regular,REPSOL  Biscainho B,REPSOL,diesel_regular,Gasóleo simples,Outro,2.039,Coruche,Santarém,"Estrada Nacional 119, Km 34.4",Biscainho,2100-651,38.90139,-8.636429,repsol biscainho b,repsol,"estrada nacional 119, km 34.4","2,039 €",2026-05-15_dgeg_postos_raw.csv,4c6ea4aafc12e958
2026-05-15,2026-05-15 14:31:32,2026-05-11 16:50:00,ad587d62f1896374,ad587d62f1896374_diesel_premium,REPSOL  Biscainho B,REPSOL,diesel_premium,Gasóleo especial,Outro,2.099,Coruche,Santarém,"Estrada Nacional 119, Km 34.4",Biscainho,2100-651,38.90139,-8.636429,repsol biscainho b,repsol,"estrada nacional 119, km 34.4","2,099 €",2026-05-15_dgeg_postos_raw.csv,8778d948abeb2b2a
2026-05-15,2026-05-15 14:31:32,2026-05-11 16:50:00,ad587d62f1896374,ad587d62f1896374_gasoline_95,REPSOL  Biscainho B,REPSOL,gasoline_95,Gasolina simples 95,Outro,2.047,Coruche,Santarém,"Estrada Nacional 119, Km 34.4",Biscainho,2100-651,38.90139,-8.636429,repsol biscainho b,repsol,"estrada nacional 119, km 34.4","2,047 €",2026-05-15_dgeg_postos_raw.csv,177d2f29e6dff256
2026-05-15,2026-05-15 14:31:32,2026-05-11 16:50:00,ad587d62f1896374,ad587d62f1896374_gasoline_98,REPSOL  Biscainho B,REPSOL,gasoline_98,Gasolina especial 98,Outro,2.237,Coruche,Santarém,"Estrada Nacional 119, Km 34.4",Biscainho,2100-651,38.90139,-8.636429,repsol biscainho b,repsol,"estrada nacional 119, km 34.4","2,237 €",2026-05-15_dgeg_postos_raw.csv,2f7da42d2d1fb27a
2026-05-15,2026-05-15 14:31:32,2026-05-11 16:55:00,052916538557a97b,052916538557a97b_diesel_regular,REPSOL SANTAREM N3,REPSOL,diesel_regular,Gasóleo simples,Outro,2.029,Santarém,Santarém,"Av Dr Francisco Sá Carneiro, E.N. 3, Senhora da Guia",Santarém,2005-355,39.247772,-8.693279,repsol santarem n3,repsol,"av dr francisco sá carneiro, e.n. 3, senhora da guia","2,029 €",2026-05-15_dgeg_postos_raw.csv,09cc68966892f0ea
2026-05-15,2026-05-15 14:31:32,2026-05-11 16:55:00,052916538557a97b,052916538557a97b_diesel_premium,REPSOL SANTAREM N3,REPSOL,diesel_premium,Gasóleo especial,Outro,2.089,Santarém,Santarém,"Av Dr Francisco Sá Carneiro, E.N. 3, Senhora da Guia",Santarém,2005-355,39.247772,-8.693279,repsol santarem n3,repsol,"av dr francisco sá carneiro, e.n. 3, senhora da guia","2,089 €",2026-05-15_dgeg_postos_raw.csv,2562afb5c4fda430
2026-05-15,2026-05-15 14:31:32,2026-05-11 16:55:00,052916538557a97b,052916538557a97b_gasoline_95,REPSOL SANTAREM N3,REPSOL,gasoline_95,Gasolina simples 95,Outro,2.027,Santarém,Santarém,"Av Dr Francisco Sá Carneiro, E.N. 3, Senhora da Guia",Santarém,2005-355,39.247772,-8.693279,repsol santarem n3,repsol,"av dr francisco sá carneiro, e.n. 3, senhora da guia","2,027 €",2026-05-15_dgeg_postos_raw.csv,974d4da5b73b3fd0
2026-05-15,2026-05-15 14:31:32,2026-05-11 16:55:00,cf1be50277da3b3d,cf1be50277da3b3d_diesel_regular,PA Mazedo - FG Combustíveis,Genérico,diesel_regular,Gasóleo simples,Outro,1.989,Monção,Viana do Castelo,Estrada de Mazedo 2137,Mazedo,4950-276,42.060314,-8.488322,pa mazedo - fg combustíveis,genérico,estrada de mazedo 2137,"1,989 €",2026-05-15_dgeg_postos_raw.csv,e33afc0942534edf
2026-05-15,2026-05-15 14:31:32,2026-05-11 16:55:00,cf1be50277da3b3d,cf1be50277da3b3d_diesel_premium,PA Mazedo - FG Combustíveis,Genérico,diesel_premium,Gasóleo especial,Outro,2.049,Monção,Viana do Castelo,Estrada de Mazedo 2137,Mazedo,4950-276,42.060314,-8.488322,pa mazedo - fg combustíveis,genérico,estrada de mazedo 2137,"2,049 €",2026-05-15_dgeg_postos_raw.csv,52dfb1e424bb0c98
2026-05-15,2026-05-15 14:31:32,2026-05-11 16:55:00,cf1be50277da3b3d,cf1be50277da3b3d_gasoline_95,PA Mazedo - FG Combustíveis,Genérico,gasoline_95,Gasolina simples 95,Outro,2.027,Monção,Viana do Castelo,Estrada de Mazedo 2137,Mazedo,4950-276,42.060314,-8.488322,pa mazedo - fg combustíveis,genérico,estrada de mazedo 2137,"2,027 €",2026-05-15_dgeg_postos_raw.csv,86211ef2190538f5
2026-05-15,2026-05-15 14:31:32,2026-05-11 16:55:00,fa9668f3e270dd86,fa9668f3e270dd86_diesel_regular,E.S. BISCAINHO A,REPSOL,diesel_regular,Gasóleo simples,Outro,2.039,Coruche,Santarém,"EN 119 Km 34,4",Biscainho,2100-000,38.902192,-8.636213,e.s. biscainho a,repsol,"en 119 km 34,4","2,039 €",2026-05-15_dgeg_postos_raw.csv,790bb4a95d69c46c
2026-05-15,2026-05-15 14:31:32,2026-05-11 16:55:00,fa9668f3e270dd86,fa9668f3e270dd86_diesel_premium,E.S. BISCAINHO A,REPSOL,diesel_premium,Gasóleo especial,Outro,2.099,Coruche,Santarém,"EN 119 Km 34,4",Biscainho,2100-000,38.902192,-8.636213,e.s. biscainho a,repsol,"en 119 km 34,4","2,099 €",2026-05-15_dgeg_postos_raw.csv,2e9914a4f8074f63
2026-05-15,2026-05-15 14:31:32,2026-05-11 16:55:00,fa9668f3e270dd86,fa9668f3e270dd86_gasoline_95,E.S. BISCAINHO A,REPSOL,gasoline_95,Gasolina simples 95,Outro,2.047,Coruche,Santarém,"EN 119 Km 34,4",Biscainho,2100-000,38.902192,-8.636213,e.s. biscainho a,repsol,"en 119 km 34,4","2,047 €",2026-05-15_dgeg_postos_raw.csv,5cd354a76f081a5f
2026-05-15,2026-05-15 14:31:32,2026-05-11 16:55:00,399a3064dc2c1ad0,399a3064dc2c1ad0_diesel_regular,E.S. ALTO DO VALE,REPSOL,diesel_regular,Gasóleo simples,Outro,2.029,Santarém,Santarém,EN 3,Alto do Vale,2005-050,39.18865,-8.74745,e.s. alto do vale,repsol,en 3,"2,029 €",2026-05-15_dgeg_postos_raw.csv,71393857aa22b00a
2026-05-15,2026-05-15 14:31:32,2026-05-11 16:55:00,399a3064dc2c1ad0,399a3064dc2c1ad0_diesel_premium,E.S. ALTO DO VALE,REPSOL,diesel_premium,Gasóleo especial,Outro,2.089,Santarém,Santarém,EN 3,Alto do Vale,2005-050,39.18865,-8.74745,e.s. alto do vale,repsol,en 3,"2,089 €",2026-05-15_dgeg_postos_raw.csv,89f6273f3ce07464
2026-05-15,2026-05-15 14:31:32,2026-05-11 16:55:00,399a3064dc2c1ad0,399a3064dc2c1ad0_gasoline_95,E.S. ALTO DO VALE,REPSOL,gasoline_95,Gasolina simples 95,Outro,2.027,Santarém,Santarém,EN 3,Alto do Vale,2005-050,39.18865,-8.74745,e.s. alto do vale,repsol,en 3,"2,027 €",2026-05-15_dgeg_postos_raw.csv,a13f20f14489b818
2026-05-15,2026-05-15 14:31:32,2026-05-11 16:55:00,516d93bd89762fff,516d93bd89762fff_diesel_regular,E.S. S. PEDRO SANTAREM,REPSOL,diesel_regular,Gasóleo simples,Outro,2.039,Santarém,Santarém,EN3 Rua 16 de Abril,S. Pedro Santarém,2005-337,39.249939,-8.695081,e.s. s. pedro santarem,repsol,en3 rua 16 de abril,"2,039 €",2026-05-15_dgeg_postos_raw.csv,ee8e9009081ca66f
2026-05-15,2026-05-15 14:31:32,2026-05-11 16:55:00,516d93bd89762fff,516d93bd89762fff_diesel_premium,E.S. S. PEDRO SANTAREM,REPSOL,diesel_premium,Gasóleo especial,Outro,2.099,Santarém,Santarém,EN3 Rua 16 de Abril,S. Pedro Santarém,2005-337,39.249939,-8.695081,e.s. s. pedro santarem,repsol,en3 rua 16 de abril,"2,099 €",2026-05-15_dgeg_postos_raw.csv,0fec4f8fded7a292
2026-05-15,2026-05-15 14:31:32,2026-05-11 16:55:00,516d93bd89762fff,516d93bd89762fff_gasoline_95,E.S. S. PEDRO SANTAREM,REPSOL,gasoline_95,Gasolina simples 95,Outro,2.037,Santarém,Santarém,EN3 Rua 16 de Abril,S. Pedro Santarém,2005-337,39.249939,-8.695081,e.s. s. pedro santarem,repsol,en3 rua 16 de abril,"2,037 €",2026-05-15_dgeg_postos_raw.csv,6a8b72e5d8cd1ab5
2026-05-15,2026-05-15 14:31:32,2026-05-11 16:55:00,516d93bd89762fff,516d93bd89762fff_gasoline_98,E.S. S. PEDRO SANTAREM,REPSOL,gasoline_98,Gasolina especial 98,Outro,2.227,Santarém,Santarém,EN3 Rua 16 de Abril,S. Pedro Santarém,2005-337,39.249939,-8.695081,e.s. s. pedro santarem,repsol,en3 rua 16 de abril,"2,227 €",2026-05-15_dgeg_postos_raw.csv,89b270474be9560d
2026-05-15,2026-05-15 14:31:32,2026-05-11 16:55:00,940f6a1beccaa0a0,940f6a1beccaa0a0_diesel_regular,E.S. MALVEIRA II,REPSOL,diesel_regular,Gasóleo simples,Outro,2.029,Mafra,Lisboa,Bairro Miguel Ferreira,Malveira,2665-000,38.9293111111111,-9.25033055555556,e.s. malveira ii,repsol,bairro miguel ferreira,"2,029 €",2026-05-15_dgeg_postos_raw.csv,d306c0e0b8f71e82
2026-05-15,2026-05-15 14:31:32,2026-05-11 16:55:00,940f6a1beccaa0a0,940f6a1beccaa0a0_diesel_premium,E.S. MALVEIRA II,REPSOL,diesel_premium,Gasóleo especial,Outro,2.089,Mafra,Lisboa,Bairro Miguel Ferreira,Malveira,2665-000,38.9293111111111,-9.25033055555556,e.s. malveira ii,repsol,bairro miguel ferreira,"2,089 €",2026-05-15_dgeg_postos_raw.csv,e8b44fab1291aaf1
2026-05-15,2026-05-15 14:31:32,2026-05-11 16:55:00,940f6a1beccaa0a0,940f6a1beccaa0a0_gasoline_95,E.S. MALVEIRA II,REPSOL,gasoline_95,Gasolina simples 95,Outro,2.027,Mafra,Lisboa,Bairro Miguel Ferreira,Malveira,2665-000,38.9293111111111,-9.25033055555556,e.s. malveira ii,repsol,bairro miguel ferreira,"2,027 €",2026-05-15_dgeg_postos_raw.csv,cf834ba26561751d
2026-05-15,2026-05-15 14:31:32,2026-05-11 16:55:00,940f6a1beccaa0a0,940f6a1beccaa0a0_gasoline_98,E.S. MALVEIRA II,REPSOL,gasoline_98,Gasolina especial 98,Outro,2.217,Mafra,Lisboa,Bairro Miguel Ferreira,Malveira,2665-000,38.9293111111111,-9.25033055555556,e.s. malveira ii,repsol,bairro miguel ferreira,"2,217 €",2026-05-15_dgeg_postos_raw.csv,f91623eed467b585
2026-05-15,2026-05-15 14:31:32,2026-05-11 16:55:00,0c991f079039d4cb,0c991f079039d4cb_diesel_regular,E.S. AVEIRAS A,REPSOL,diesel_regular,Gasóleo simples,Outro,2.039,Azambuja,Lisboa,EN 366 Km 20 SITIO DOS POÇOS,AVEIRAS DE CIMA,2050-145,39.155494,-8.912158,e.s. aveiras a,repsol,en 366 km 20 sitio dos poços,"2,039 €",2026-05-15_dgeg_postos_raw.csv,8094774df7845ef2
2026-05-15,2026-05-15 14:31:32,2026-05-11 16:55:00,0c991f079039d4cb,0c991f079039d4cb_diesel_premium,E.S. AVEIRAS A,REPSOL,diesel_premium,Gasóleo especial,Outro,2.099,Azambuja,Lisboa,EN 366 Km 20 SITIO DOS POÇOS,AVEIRAS DE CIMA,2050-145,39.155494,-8.912158,e.s. aveiras a,repsol,en 366 km 20 sitio dos poços,"2,099 €",2026-05-15_dgeg_postos_raw.csv,8b04b211b6febf04
2026-05-15,2026-05-15 14:31:32,2026-05-11 16:55:00,0c991f079039d4cb,0c991f079039d4cb_gasoline_95,E.S. AVEIRAS A,REPSOL,gasoline_95,Gasolina simples 95,Outro,2.037,Azambuja,Lisboa,EN 366 Km 20 SITIO DOS POÇOS,AVEIRAS DE CIMA,2050-145,39.155494,-8.912158,e.s. aveiras a,repsol,en 366 km 20 sitio dos poços,"2,037 €",2026-05-15_dgeg_postos_raw.csv,c6a63db22cf7b980
2026-05-15,2026-05-15 14:31:32,2026-05-11 16:55:00,81d85fe3d7e42e60,81d85fe3d7e42e60_diesel_regular,E.S. AVEIRAS B,REPSOL,diesel_regular,Gasóleo simples,Outro,2.039,Azambuja,Lisboa,EN 366 Km 20 SITIO DOS POÇOS,AVEIRAS DE CIMA,2050-145,39.157917,-8.914294,e.s. aveiras b,repsol,en 366 km 20 sitio dos poços,"2,039 €",2026-05-15_dgeg_postos_raw.csv,0ffe639eca8ab4c6
2026-05-15,2026-05-15 14:31:32,2026-05-11 16:55:00,81d85fe3d7e42e60,81d85fe3d7e42e60_diesel_premium,E.S. AVEIRAS B,REPSOL,diesel_premium,Gasóleo especial,Outro,2.099,Azambuja,Lisboa,EN 366 Km 20 SITIO DOS POÇOS,AVEIRAS DE CIMA,2050-145,39.157917,-8.914294,e.s. aveiras b,repsol,en 366 km 20 sitio dos poços,"2,099 €",2026-05-15_dgeg_postos_raw.csv,3aab517a9a783699
2026-05-15,2026-05-15 14:31:32,2026-05-11 16:55:00,81d85fe3d7e42e60,81d85fe3d7e42e60_gasoline_95,E.S. AVEIRAS B,REPSOL,gasoline_95,Gasolina simples 95,Outro,2.037,Azambuja,Lisboa,EN 366 Km 20 SITIO DOS POÇOS,AVEIRAS DE CIMA,2050-145,39.157917,-8.914294,e.s. aveiras b,repsol,en 366 km 20 sitio dos poços,"2,037 €",2026-05-15_dgeg_postos_raw.csv,1b1ab1ae6ffad33a
2026-05-15,2026-05-15 14:31:32,2026-05-11 17:00:00,7b8a6f23fe1452e9,7b8a6f23fe1452e9_diesel_regular,QUATRO ESTRADAS SUL,BP,diesel_regular,Gasóleo simples,Outro,2.109,Loulé,Faro,"EN 125, Km 89",Quatro Estradas,8100-321,37.09987,-8.05833,quatro estradas sul,bp,"en 125, km 89","2,109 €",2026-05-15_dgeg_postos_raw.csv,5c136b7ac0fe7792
2026-05-15,2026-05-15 14:31:32,2026-05-11 17:00:00,7b8a6f23fe1452e9,7b8a6f23fe1452e9_diesel_premium,QUATRO ESTRADAS SUL,BP,diesel_premium,Gasóleo especial,Outro,2.229,Loulé,Faro,"EN 125, Km 89",Quatro Estradas,8100-321,37.09987,-8.05833,quatro estradas sul,bp,"en 125, km 89","2,229 €",2026-05-15_dgeg_postos_raw.csv,7299dfc519f23098
2026-05-15,2026-05-15 14:31:32,2026-05-11 17:00:00,7b8a6f23fe1452e9,7b8a6f23fe1452e9_gasoline_95,QUATRO ESTRADAS SUL,BP,gasoline_95,Gasolina simples 95,Outro,2.099,Loulé,Faro,"EN 125, Km 89",Quatro Estradas,8100-321,37.09987,-8.05833,quatro estradas sul,bp,"en 125, km 89","2,099 €",2026-05-15_dgeg_postos_raw.csv,cb4fa2270174dc63
2026-05-15,2026-05-15 14:31:32,2026-05-11 17:00:00,7b8a6f23fe1452e9,7b8a6f23fe1452e9_gasoline_98,QUATRO ESTRADAS SUL,BP,gasoline_98,Gasolina especial 98,Outro,2.299,Loulé,Faro,"EN 125, Km 89",Quatro Estradas,8100-321,37.09987,-8.05833,quatro estradas sul,bp,"en 125, km 89","2,299 €",2026-05-15_dgeg_postos_raw.csv,b7dd0fa98c57b056
2026-05-15,2026-05-15 14:31:32,2026-05-11 17:00:00,e410db7ceffe92a0,e410db7ceffe92a0_diesel_regular,SERRA D'EL REI,CEPSA,diesel_regular,Gasóleo simples,Outro,1.986,Peniche,Leiria,EN 114 (Av. da Liberdade nº 115),Serra d'el Rei,2520-801,39.32999,-9.27818,serra d'el rei,cepsa,en 114 (av. da liberdade nº 115),"1,986 €",2026-05-15_dgeg_postos_raw.csv,d9b71b10d1a032ab
2026-05-15,2026-05-15 14:31:32,2026-05-11 17:00:00,e410db7ceffe92a0,e410db7ceffe92a0_gasoline_95,SERRA D'EL REI,CEPSA,gasoline_95,Gasolina simples 95,Outro,1.978,Peniche,Leiria,EN 114 (Av. da Liberdade nº 115),Serra d'el Rei,2520-801,39.32999,-9.27818,serra d'el rei,cepsa,en 114 (av. da liberdade nº 115),"1,978 €",2026-05-15_dgeg_postos_raw.csv,834b0b420b6ba54f
2026-05-15,2026-05-15 14:31:32,2026-05-11 17:00:00,aabfa55d81d91082,aabfa55d81d91082_diesel_regular,CEPSA S. Martinho do Porto,CEPSA,diesel_regular,Gasóleo simples,Outro,1.986,Alcobaça,Leiria,RUA CONDE DE AVELAR,São Martinho do Porto,2460-642,39.50601,-9.13132,cepsa s. martinho do porto,cepsa,rua conde de avelar,"1,986 €",2026-05-15_dgeg_postos_raw.csv,b888ef47520c49f0
2026-05-15,2026-05-15 14:31:32,2026-05-11 17:00:00,aabfa55d81d91082,aabfa55d81d91082_diesel_premium,CEPSA S. Martinho do Porto,CEPSA,diesel_premium,Gasóleo especial,Outro,2.036,Alcobaça,Leiria,RUA CONDE DE AVELAR,São Martinho do Porto,2460-642,39.50601,-9.13132,cepsa s. martinho do porto,cepsa,rua conde de avelar,"2,036 €",2026-05-15_dgeg_postos_raw.csv,e91edbeff2ed179b
2026-05-15,2026-05-15 14:31:32,2026-05-11 17:00:00,aabfa55d81d91082,aabfa55d81d91082_gasoline_98,CEPSA S. Martinho do Porto,CEPSA,gasoline_98,Gasolina especial 98,Outro,2.19,Alcobaça,Leiria,RUA CONDE DE AVELAR,São Martinho do Porto,2460-642,39.50601,-9.13132,cepsa s. martinho do porto,cepsa,rua conde de avelar,"2,190 €",2026-05-15_dgeg_postos_raw.csv,33c8f92bf2ee9e66
2026-05-15,2026-05-15 14:31:32,2026-05-11 17:00:00,e410db7ceffe92a0,e410db7ceffe92a0_diesel_premium,SERRA D'EL REI,CEPSA,diesel_premium,Gasóleo especial,Outro,2.036,Peniche,Leiria,EN 114 (Av. da Liberdade nº 115),Serra d'el Rei,2520-801,39.32999,-9.27818,serra d'el rei,cepsa,en 114 (av. da liberdade nº 115),"2,036 €",2026-05-15_dgeg_postos_raw.csv,9c76d95462093732
2026-05-15,2026-05-15 14:31:32,2026-05-11 17:05:00,9ac6507b4e5fa148,9ac6507b4e5fa148_diesel_regular,NJBFERREIRA - Comércio de GALP FREIRIA,GALP,diesel_regular,Gasóleo simples,Outro,2.028,Rio Maior,Santarém,"E.N.1 ao Km.73,200 Freiria",Freiria,2040-114,39.34091,-8.949353,njbferreira - comércio de galp freiria,galp,"e.n.1 ao km.73,200 freiria","2,028 €",2026-05-15_dgeg_postos_raw.csv,9c48983e609e0cc2
2026-05-15,2026-05-15 14:31:32,2026-05-11 17:05:00,9ac6507b4e5fa148,9ac6507b4e5fa148_diesel_premium,NJBFERREIRA - Comércio de GALP FREIRIA,GALP,diesel_premium,Gasóleo especial,Outro,2.078,Rio Maior,Santarém,"E.N.1 ao Km.73,200 Freiria",Freiria,2040-114,39.34091,-8.949353,njbferreira - comércio de galp freiria,galp,"e.n.1 ao km.73,200 freiria","2,078 €",2026-05-15_dgeg_postos_raw.csv,d56fc104db28d17e
2026-05-15,2026-05-15 14:31:32,2026-05-11 17:05:00,9ac6507b4e5fa148,9ac6507b4e5fa148_gasoline_95,NJBFERREIRA - Comércio de GALP FREIRIA,GALP,gasoline_95,Gasolina simples 95,Outro,2.026,Rio Maior,Santarém,"E.N.1 ao Km.73,200 Freiria",Freiria,2040-114,39.34091,-8.949353,njbferreira - comércio de galp freiria,galp,"e.n.1 ao km.73,200 freiria","2,026 €",2026-05-15_dgeg_postos_raw.csv,5581d51ad6066a76
2026-05-15,2026-05-15 14:31:32,2026-05-11 17:05:00,aabfa55d81d91082,aabfa55d81d91082_gasoline_95,CEPSA S. Martinho do Porto,CEPSA,gasoline_95,Gasolina simples 95,Outro,1.978,Alcobaça,Leiria,RUA CONDE DE AVELAR,São Martinho do Porto,2460-642,39.50601,-9.13132,cepsa s. martinho do porto,cepsa,rua conde de avelar,"1,978 €",2026-05-15_dgeg_postos_raw.csv,4027a6c0a5ac4eea
2026-05-15,2026-05-15 14:31:32,2026-05-11 17:05:00,23803990bc92ed34,23803990bc92ed34_diesel_regular,BP- VERMIL,BP,diesel_regular,Gasóleo simples,Outro,2.064,Guimarães,Braga,Rua da Portela nº1005,Vermil,4805-546,41.445744,-8.400159,bp- vermil,bp,rua da portela nº1005,"2,064 €",2026-05-15_dgeg_postos_raw.csv,b7cdece1232e2fd9
2026-05-15,2026-05-15 14:31:32,2026-05-11 17:05:00,23803990bc92ed34,23803990bc92ed34_diesel_premium,BP- VERMIL,BP,diesel_premium,Gasóleo especial,Outro,2.224,Guimarães,Braga,Rua da Portela nº1005,Vermil,4805-546,41.445744,-8.400159,bp- vermil,bp,rua da portela nº1005,"2,224 €",2026-05-15_dgeg_postos_raw.csv,7e0e26afc45d2ac2
2026-05-15,2026-05-15 14:31:32,2026-05-11 17:05:00,23803990bc92ed34,23803990bc92ed34_gasoline_95,BP- VERMIL,BP,gasoline_95,Gasolina simples 95,Outro,2.059,Guimarães,Braga,Rua da Portela nº1005,Vermil,4805-546,41.445744,-8.400159,bp- vermil,bp,rua da portela nº1005,"2,059 €",2026-05-15_dgeg_postos_raw.csv,45c7502d253ddcf3
2026-05-15,2026-05-15 14:31:32,2026-05-11 17:05:00,4ed59741f217ed73,4ed59741f217ed73_diesel_regular,MAIA - ZONA INDUSTRIAL,CEPSA,diesel_regular,Gasóleo simples,Outro,1.966,Maia,Porto,Via Eng. Belmiro de Azevedo - Z.I. Maia - Germunde,Maia,4475-401,41.2582417,-8.624805513,maia - zona industrial,cepsa,via eng. belmiro de azevedo - z.i. maia - germunde,"1,966 €",2026-05-15_dgeg_postos_raw.csv,e5141a8df3c61411
2026-05-15,2026-05-15 14:31:32,2026-05-11 17:05:00,4ed59741f217ed73,4ed59741f217ed73_diesel_premium,MAIA - ZONA INDUSTRIAL,CEPSA,diesel_premium,Gasóleo especial,Outro,2.016,Maia,Porto,Via Eng. Belmiro de Azevedo - Z.I. Maia - Germunde,Maia,4475-401,41.2582417,-8.624805513,maia - zona industrial,cepsa,via eng. belmiro de azevedo - z.i. maia - germunde,"2,016 €",2026-05-15_dgeg_postos_raw.csv,f549e1098b453630
2026-05-15,2026-05-15 14:31:32,2026-05-11 17:05:00,4ed59741f217ed73,4ed59741f217ed73_gasoline_95,MAIA - ZONA INDUSTRIAL,CEPSA,gasoline_95,Gasolina simples 95,Outro,1.958,Maia,Porto,Via Eng. Belmiro de Azevedo - Z.I. Maia - Germunde,Maia,4475-401,41.2582417,-8.624805513,maia - zona industrial,cepsa,via eng. belmiro de azevedo - z.i. maia - germunde,"1,958 €",2026-05-15_dgeg_postos_raw.csv,0c1c07d3cd956f2a
2026-05-15,2026-05-15 14:31:32,2026-05-11 17:05:00,3c541304d6a759fb,3c541304d6a759fb_diesel_regular,Mercado Abastecedor,CEPSA,diesel_regular,Gasóleo simples,Outro,1.916,Porto,Porto,"Rua Chaves Oliveira, nº 139 e 165 da Freguesia de Campanhã",Porto,4000-005,41.16172,-8.57794,mercado abastecedor,cepsa,"rua chaves oliveira, nº 139 e 165 da freguesia de campanhã","1,916 €",2026-05-15_dgeg_postos_raw.csv,e3d6cc8ad8765543
2026-05-15,2026-05-15 14:31:32,2026-05-11 17:05:00,3c541304d6a759fb,3c541304d6a759fb_diesel_premium,Mercado Abastecedor,CEPSA,diesel_premium,Gasóleo especial,Outro,1.966,Porto,Porto,"Rua Chaves Oliveira, nº 139 e 165 da Freguesia de Campanhã",Porto,4000-005,41.16172,-8.57794,mercado abastecedor,cepsa,"rua chaves oliveira, nº 139 e 165 da freguesia de campanhã","1,966 €",2026-05-15_dgeg_postos_raw.csv,d468faa1ce42f863
2026-05-15,2026-05-15 14:31:32,2026-05-11 17:05:00,3c541304d6a759fb,3c541304d6a759fb_gasoline_95,Mercado Abastecedor,CEPSA,gasoline_95,Gasolina simples 95,Outro,1.908,Porto,Porto,"Rua Chaves Oliveira, nº 139 e 165 da Freguesia de Campanhã",Porto,4000-005,41.16172,-8.57794,mercado abastecedor,cepsa,"rua chaves oliveira, nº 139 e 165 da freguesia de campanhã","1,908 €",2026-05-15_dgeg_postos_raw.csv,2fac5796bb99cbfa
2026-05-15,2026-05-15 14:31:32,2026-05-11 17:05:00,3c541304d6a759fb,3c541304d6a759fb_gasoline_98,Mercado Abastecedor,CEPSA,gasoline_98,Gasolina especial 98,Outro,2.12,Porto,Porto,"Rua Chaves Oliveira, nº 139 e 165 da Freguesia de Campanhã",Porto,4000-005,41.16172,-8.57794,mercado abastecedor,cepsa,"rua chaves oliveira, nº 139 e 165 da freguesia de campanhã","2,120 €",2026-05-15_dgeg_postos_raw.csv,f81ce621d1e7b40f
2026-05-15,2026-05-15 14:31:32,2026-05-11 17:10:00,afb2dcd24bc8b9c6,afb2dcd24bc8b9c6_diesel_regular,Melgaço,CEPSA,diesel_regular,Gasóleo simples,Outro,2.036,Melgaço,Viana do Castelo,Corsães - Roussas,Roussas,4960-355,42.10617,-8.25716,melgaço,cepsa,corsães - roussas,"2,036 €",2026-05-15_dgeg_postos_raw.csv,f70979dc35391166
2026-05-15,2026-05-15 14:31:32,2026-05-11 17:10:00,afb2dcd24bc8b9c6,afb2dcd24bc8b9c6_gasoline_95,Melgaço,CEPSA,gasoline_95,Gasolina simples 95,Outro,2.028,Melgaço,Viana do Castelo,Corsães - Roussas,Roussas,4960-355,42.10617,-8.25716,melgaço,cepsa,corsães - roussas,"2,028 €",2026-05-15_dgeg_postos_raw.csv,7a04de71d4cad524
2026-05-15,2026-05-15 14:31:32,2026-05-11 17:10:00,afb2dcd24bc8b9c6,afb2dcd24bc8b9c6_diesel_premium,Melgaço,CEPSA,diesel_premium,Gasóleo especial,Outro,2.086,Melgaço,Viana do Castelo,Corsães - Roussas,Roussas,4960-355,42.10617,-8.25716,melgaço,cepsa,corsães - roussas,"2,086 €",2026-05-15_dgeg_postos_raw.csv,318c53bdf7407b93
2026-05-15,2026-05-15 14:31:32,2026-05-11 17:10:00,afb2dcd24bc8b9c6,afb2dcd24bc8b9c6_gasoline_98,Melgaço,CEPSA,gasoline_98,Gasolina especial 98,Outro,2.24,Melgaço,Viana do Castelo,Corsães - Roussas,Roussas,4960-355,42.10617,-8.25716,melgaço,cepsa,corsães - roussas,"2,240 €",2026-05-15_dgeg_postos_raw.csv,ad26a819fde4f859
2026-05-15,2026-05-15 14:31:32,2026-05-11 17:15:00,ffc73c189d3a6794,ffc73c189d3a6794_diesel_regular,INTERMARCHE ALCOCHETE,INTERMARCHÉ,diesel_regular,Gasóleo simples,Outro,1.949,Alcochete,Setúbal,RUA DO LAPARO S/N,Alcochete,2890-551,38.75143,-8.95717,intermarche alcochete,intermarché,rua do laparo s/n,"1,949 €",2026-05-15_dgeg_postos_raw.csv,cfd9901ac430117a
2026-05-15,2026-05-15 14:31:32,2026-05-11 17:15:00,ffc73c189d3a6794,ffc73c189d3a6794_gasoline_95,INTERMARCHE ALCOCHETE,INTERMARCHÉ,gasoline_95,Gasolina simples 95,Outro,1.909,Alcochete,Setúbal,RUA DO LAPARO S/N,Alcochete,2890-551,38.75143,-8.95717,intermarche alcochete,intermarché,rua do laparo s/n,"1,909 €",2026-05-15_dgeg_postos_raw.csv,e75e5f8d9674cbe8
2026-05-15,2026-05-15 14:31:32,2026-05-11 17:15:00,15ebf5c51c81ab55,15ebf5c51c81ab55_diesel_regular,BP Casal do Marco (NORTE),BP,diesel_regular,Gasóleo simples,Outro,2.064,Seixal,Setúbal,"EN 10 Km 11,735",Arrentela,2840-547,38.607984,-9.099206,bp casal do marco (norte),bp,"en 10 km 11,735","2,064 €",2026-05-15_dgeg_postos_raw.csv,1fbf6c02e3bd4745
2026-05-15,2026-05-15 14:31:32,2026-05-11 17:15:00,15ebf5c51c81ab55,15ebf5c51c81ab55_diesel_premium,BP Casal do Marco (NORTE),BP,diesel_premium,Gasóleo especial,Outro,2.224,Seixal,Setúbal,"EN 10 Km 11,735",Arrentela,2840-547,38.607984,-9.099206,bp casal do marco (norte),bp,"en 10 km 11,735","2,224 €",2026-05-15_dgeg_postos_raw.csv,139fa19a84069475
2026-05-15,2026-05-15 14:31:32,2026-05-11 17:15:00,15ebf5c51c81ab55,15ebf5c51c81ab55_gasoline_95,BP Casal do Marco (NORTE),BP,gasoline_95,Gasolina simples 95,Outro,2.069,Seixal,Setúbal,"EN 10 Km 11,735",Arrentela,2840-547,38.607984,-9.099206,bp casal do marco (norte),bp,"en 10 km 11,735","2,069 €",2026-05-15_dgeg_postos_raw.csv,a37d1101968b8e38
2026-05-15,2026-05-15 14:31:32,2026-05-11 17:20:00,7d83facf6f788e3e,7d83facf6f788e3e_diesel_regular,BP Casal do Marco (SUL),BP,diesel_regular,Gasóleo simples,Outro,2.069,Seixal,Setúbal,EN 10 Km 11.735,Arrentela - Casal do Marco,2840-547,38.607561,-9.099054,bp casal do marco (sul),bp,en 10 km 11.735,"2,069 €",2026-05-15_dgeg_postos_raw.csv,581f84833a6d51aa
2026-05-15,2026-05-15 14:31:32,2026-05-11 17:20:00,7d83facf6f788e3e,7d83facf6f788e3e_diesel_premium,BP Casal do Marco (SUL),BP,diesel_premium,Gasóleo especial,Outro,2.229,Seixal,Setúbal,EN 10 Km 11.735,Arrentela - Casal do Marco,2840-547,38.607561,-9.099054,bp casal do marco (sul),bp,en 10 km 11.735,"2,229 €",2026-05-15_dgeg_postos_raw.csv,73d9df40f52024e6
2026-05-15,2026-05-15 14:31:32,2026-05-11 17:20:00,7d83facf6f788e3e,7d83facf6f788e3e_gasoline_95,BP Casal do Marco (SUL),BP,gasoline_95,Gasolina simples 95,Outro,2.069,Seixal,Setúbal,EN 10 Km 11.735,Arrentela - Casal do Marco,2840-547,38.607561,-9.099054,bp casal do marco (sul),bp,en 10 km 11.735,"2,069 €",2026-05-15_dgeg_postos_raw.csv,5045c413eb76fcef
2026-05-15,2026-05-15 14:31:32,2026-05-11 17:25:00,1665199a8d0aa741,1665199a8d0aa741_diesel_premium,PA Matas AUTO POÇAS,Genérico,diesel_premium,Gasóleo especial,Outro,1.979,Ourém,Santarém,Rua 1º de Janeiro 647 - Poças,Matas,2435-391,39.734165,-8.657657,pa matas auto poças,genérico,rua 1º de janeiro 647 - poças,"1,979 €",2026-05-15_dgeg_postos_raw.csv,199953705581ad42
2026-05-15,2026-05-15 14:31:32,2026-05-11 17:25:00,1665199a8d0aa741,1665199a8d0aa741_gasoline_95,PA Matas AUTO POÇAS,Genérico,gasoline_95,Gasolina simples 95,Outro,1.947,Ourém,Santarém,Rua 1º de Janeiro 647 - Poças,Matas,2435-391,39.734165,-8.657657,pa matas auto poças,genérico,rua 1º de janeiro 647 - poças,"1,947 €",2026-05-15_dgeg_postos_raw.csv,289ca224521b45b5
2026-05-15,2026-05-15 14:31:32,2026-05-11 17:25:00,1665199a8d0aa741,1665199a8d0aa741_diesel_regular,PA Matas AUTO POÇAS,Genérico,diesel_regular,Gasóleo simples,Outro,1.946,Ourém,Santarém,Rua 1º de Janeiro 647 - Poças,Matas,2435-391,39.734165,-8.657657,pa matas auto poças,genérico,rua 1º de janeiro 647 - poças,"1,946 €",2026-05-15_dgeg_postos_raw.csv,cd8c0d2d57cd2e32
2026-05-15,2026-05-15 14:31:32,2026-05-11 17:30:00,266bfcdd8bd03ab7,266bfcdd8bd03ab7_diesel_premium,INTERMARCHÉ BELMONTE,INTERMARCHÉ,diesel_premium,Gasóleo especial,Outro,1.899,Belmonte,Castelo Branco,Varanda de Pilatos,Belmonte,6250-020,40.36175,-7.34262,intermarché belmonte,intermarché,varanda de pilatos,"1,899 €",2026-05-15_dgeg_postos_raw.csv,51d96ae3ce24c31b
2026-05-15,2026-05-15 14:31:32,2026-05-11 17:30:00,58659df5a616f951,58659df5a616f951_diesel_regular,"Borrego Leonor & Irmão, S.A.",PETROIBÉRICA,diesel_regular,Gasóleo simples,Outro,1.975,Almeirim,Santarém,Rua de Santarém 33-35,Almeirim,2080-099,39.21126,-8.633,"borrego leonor & irmão, s.a.",petroibérica,rua de santarém 33-35,"1,975 €",2026-05-15_dgeg_postos_raw.csv,a497f0917a844ab8
2026-05-15,2026-05-15 14:31:32,2026-05-11 17:30:00,88474fa056768422,88474fa056768422_diesel_regular,OS PALMAS,GALP,diesel_regular,Gasóleo simples,Outro,1.978,Beja,Beja,Av. 25 de Abril,Salvada,7800-671,37.93674,-7.77632,os palmas,galp,av. 25 de abril,"1,978 €",2026-05-15_dgeg_postos_raw.csv,a25a3b96200ea244
2026-05-15,2026-05-15 14:31:32,2026-05-11 17:30:00,88474fa056768422,88474fa056768422_gasoline_95,OS PALMAS,GALP,gasoline_95,Gasolina simples 95,Outro,1.968,Beja,Beja,Av. 25 de Abril,Salvada,7800-671,37.93674,-7.77632,os palmas,galp,av. 25 de abril,"1,968 €",2026-05-15_dgeg_postos_raw.csv,c187b742effee66e
2026-05-15,2026-05-15 14:31:32,2026-05-11 17:30:00,266bfcdd8bd03ab7,266bfcdd8bd03ab7_diesel_regular,INTERMARCHÉ BELMONTE,INTERMARCHÉ,diesel_regular,Gasóleo simples,Outro,1.869,Belmonte,Castelo Branco,Varanda de Pilatos,Belmonte,6250-020,40.36175,-7.34262,intermarché belmonte,intermarché,varanda de pilatos,"1,869 €",2026-05-15_dgeg_postos_raw.csv,dda800d5fd8a3ea9
2026-05-15,2026-05-15 14:31:32,2026-05-11 17:30:00,266bfcdd8bd03ab7,266bfcdd8bd03ab7_gasoline_95,INTERMARCHÉ BELMONTE,INTERMARCHÉ,gasoline_95,Gasolina simples 95,Outro,1.859,Belmonte,Castelo Branco,Varanda de Pilatos,Belmonte,6250-020,40.36175,-7.34262,intermarché belmonte,intermarché,varanda de pilatos,"1,859 €",2026-05-15_dgeg_postos_raw.csv,265d7f1e27960e7b
2026-05-15,2026-05-15 14:31:32,2026-05-11 17:35:00,f0dd9fbae26d9ebe,f0dd9fbae26d9ebe_diesel_regular,Intermarché de Marco de Canaveses,INTERMARCHÉ,diesel_regular,Gasóleo simples,Outro,1.839,Marco de Canaveses,Porto,Rua Maria Gil -  Zona Industrial,Tuías,4634-909,41.17485,-8.15165,intermarché de marco de canaveses,intermarché,rua maria gil - zona industrial,"1,839 €",2026-05-15_dgeg_postos_raw.csv,4e5efa1450e6c9aa
2026-05-15,2026-05-15 14:31:32,2026-05-11 17:35:00,f0dd9fbae26d9ebe,f0dd9fbae26d9ebe_diesel_premium,Intermarché de Marco de Canaveses,INTERMARCHÉ,diesel_premium,Gasóleo especial,Outro,1.866,Marco de Canaveses,Porto,Rua Maria Gil -  Zona Industrial,Tuías,4634-909,41.17485,-8.15165,intermarché de marco de canaveses,intermarché,rua maria gil - zona industrial,"1,866 €",2026-05-15_dgeg_postos_raw.csv,6e63d780e6fd6e4a
2026-05-15,2026-05-15 14:31:32,2026-05-11 17:35:00,f0dd9fbae26d9ebe,f0dd9fbae26d9ebe_gasoline_95,Intermarché de Marco de Canaveses,INTERMARCHÉ,gasoline_95,Gasolina simples 95,Outro,1.911,Marco de Canaveses,Porto,Rua Maria Gil -  Zona Industrial,Tuías,4634-909,41.17485,-8.15165,intermarché de marco de canaveses,intermarché,rua maria gil - zona industrial,"1,911 €",2026-05-15_dgeg_postos_raw.csv,2fe5e4bcc176729e
2026-05-15,2026-05-15 14:31:32,2026-05-11 17:35:00,23a01208d1452848,23a01208d1452848_diesel_regular,"Auto Pneus Aranha, lda / Petrin",PETRIN,diesel_regular,Gasóleo simples,Outro,1.964,Torres Vedras,Lisboa,Rua do Aranha nº8,Azenha Velha,2560-192,39.078846,-9.375063,"auto pneus aranha, lda / petrin",petrin,rua do aranha nº8,"1,964 €",2026-05-15_dgeg_postos_raw.csv,7a3eda8fe236554a
2026-05-15,2026-05-15 14:31:32,2026-05-11 17:35:00,23a01208d1452848,23a01208d1452848_diesel_premium,"Auto Pneus Aranha, lda / Petrin",PETRIN,diesel_premium,Gasóleo especial,Outro,2.049,Torres Vedras,Lisboa,Rua do Aranha nº8,Azenha Velha,2560-192,39.078846,-9.375063,"auto pneus aranha, lda / petrin",petrin,rua do aranha nº8,"2,049 €",2026-05-15_dgeg_postos_raw.csv,d046bd61e0fad282
2026-05-15,2026-05-15 14:31:32,2026-05-11 17:35:00,23a01208d1452848,23a01208d1452848_gasoline_95,"Auto Pneus Aranha, lda / Petrin",PETRIN,gasoline_95,Gasolina simples 95,Outro,1.969,Torres Vedras,Lisboa,Rua do Aranha nº8,Azenha Velha,2560-192,39.078846,-9.375063,"auto pneus aranha, lda / petrin",petrin,rua do aranha nº8,"1,969 €",2026-05-15_dgeg_postos_raw.csv,c792dd77dd5cf27f
2026-05-15,2026-05-15 14:31:32,2026-05-11 17:35:00,906424f7038edba1,906424f7038edba1_diesel_regular,E.S. MACEIRINHA,REPSOL,diesel_regular,Gasóleo simples,Outro,2.029,Leiria,Leiria,"EN 356 Km 5,625",MACEIRINHA,2405-026,39.67874,-8.90934,e.s. maceirinha,repsol,"en 356 km 5,625","2,029 €",2026-05-15_dgeg_postos_raw.csv,421767d1b9128259
2026-05-15,2026-05-15 14:31:32,2026-05-11 17:35:00,906424f7038edba1,906424f7038edba1_diesel_premium,E.S. MACEIRINHA,REPSOL,diesel_premium,Gasóleo especial,Outro,2.089,Leiria,Leiria,"EN 356 Km 5,625",MACEIRINHA,2405-026,39.67874,-8.90934,e.s. maceirinha,repsol,"en 356 km 5,625","2,089 €",2026-05-15_dgeg_postos_raw.csv,e4e29ff96e5e02e6
2026-05-15,2026-05-15 14:31:32,2026-05-11 17:35:00,906424f7038edba1,906424f7038edba1_gasoline_95,E.S. MACEIRINHA,REPSOL,gasoline_95,Gasolina simples 95,Outro,2.027,Leiria,Leiria,"EN 356 Km 5,625",MACEIRINHA,2405-026,39.67874,-8.90934,e.s. maceirinha,repsol,"en 356 km 5,625","2,027 €",2026-05-15_dgeg_postos_raw.csv,7148adfb328e7523
2026-05-15,2026-05-15 14:31:32,2026-05-11 17:35:00,906424f7038edba1,906424f7038edba1_gasoline_98,E.S. MACEIRINHA,REPSOL,gasoline_98,Gasolina especial 98,Outro,2.217,Leiria,Leiria,"EN 356 Km 5,625",MACEIRINHA,2405-026,39.67874,-8.90934,e.s. maceirinha,repsol,"en 356 km 5,625","2,217 €",2026-05-15_dgeg_postos_raw.csv,ac4aec7d950a0b17
2026-05-15,2026-05-15 14:31:32,2026-05-11 17:35:00,e47ed6a84aec9202,e47ed6a84aec9202_diesel_regular,E.S. CARIA,REPSOL,diesel_regular,Gasóleo simples,Outro,2.029,Belmonte,Castelo Branco,Rua da Igreja,Caria,6520-111,40.299593,-7.365259,e.s. caria,repsol,rua da igreja,"2,029 €",2026-05-15_dgeg_postos_raw.csv,29b3b8b564f55443
2026-05-15,2026-05-15 14:31:32,2026-05-11 17:35:00,e47ed6a84aec9202,e47ed6a84aec9202_diesel_premium,E.S. CARIA,REPSOL,diesel_premium,Gasóleo especial,Outro,2.089,Belmonte,Castelo Branco,Rua da Igreja,Caria,6520-111,40.299593,-7.365259,e.s. caria,repsol,rua da igreja,"2,089 €",2026-05-15_dgeg_postos_raw.csv,9d9fb4b65f610c41
2026-05-15,2026-05-15 14:31:32,2026-05-11 17:35:00,e47ed6a84aec9202,e47ed6a84aec9202_gasoline_95,E.S. CARIA,REPSOL,gasoline_95,Gasolina simples 95,Outro,2.027,Belmonte,Castelo Branco,Rua da Igreja,Caria,6520-111,40.299593,-7.365259,e.s. caria,repsol,rua da igreja,"2,027 €",2026-05-15_dgeg_postos_raw.csv,f5bf8085df0896c2
2026-05-15,2026-05-15 14:31:32,2026-05-11 17:45:00,481cdc4100c0f11b,481cdc4100c0f11b_diesel_premium,PRIO - BELMONTE,PRIO,diesel_premium,Gasóleo especial,Outro,1.969,Belmonte,Castelo Branco,Sitio da Tapada do Muro - Variante a Belmonte,Ginjal,6250-076,40.348125,-7.348793,prio - belmonte,prio,sitio da tapada do muro - variante a belmonte,"1,969 €",2026-05-15_dgeg_postos_raw.csv,43d9a99c45b775db
2026-05-15,2026-05-15 14:31:32,2026-05-11 17:45:00,481cdc4100c0f11b,481cdc4100c0f11b_gasoline_95,PRIO - BELMONTE,PRIO,gasoline_95,Gasolina simples 95,Outro,1.995,Belmonte,Castelo Branco,Sitio da Tapada do Muro - Variante a Belmonte,Ginjal,6250-076,40.348125,-7.348793,prio - belmonte,prio,sitio da tapada do muro - variante a belmonte,"1,995 €",2026-05-15_dgeg_postos_raw.csv,6b9e323208de7c20
2026-05-15,2026-05-15 14:31:32,2026-05-11 17:50:00,323ddca875ec45e6,323ddca875ec45e6_diesel_regular,Efice Energy Marco de Canaveses,Genérico,diesel_regular,Gasóleo simples,Outro,1.857,Marco de Canaveses,Porto,Avenida dos Bombeiros Voluntarios de Marco de Canaveses,Marco de Canaveses,4630-470,41.17844,-8.15551,efice energy marco de canaveses,genérico,avenida dos bombeiros voluntarios de marco de canaveses,"1,857 €",2026-05-15_dgeg_postos_raw.csv,a98025b8ac5095bb
2026-05-15,2026-05-15 14:31:32,2026-05-11 17:50:00,323ddca875ec45e6,323ddca875ec45e6_gasoline_95,Efice Energy Marco de Canaveses,Genérico,gasoline_95,Gasolina simples 95,Outro,1.926,Marco de Canaveses,Porto,Avenida dos Bombeiros Voluntarios de Marco de Canaveses,Marco de Canaveses,4630-470,41.17844,-8.15551,efice energy marco de canaveses,genérico,avenida dos bombeiros voluntarios de marco de canaveses,"1,926 €",2026-05-15_dgeg_postos_raw.csv,fe72c37b7e9e9abe
2026-05-15,2026-05-15 14:31:32,2026-05-11 17:50:00,323ddca875ec45e6,323ddca875ec45e6_diesel_premium,Efice Energy Marco de Canaveses,Genérico,diesel_premium,Gasóleo especial,Outro,1.877,Marco de Canaveses,Porto,Avenida dos Bombeiros Voluntarios de Marco de Canaveses,Marco de Canaveses,4630-470,41.17844,-8.15551,efice energy marco de canaveses,genérico,avenida dos bombeiros voluntarios de marco de canaveses,"1,877 €",2026-05-15_dgeg_postos_raw.csv,ce08414a7fa89b95
2026-05-15,2026-05-15 14:31:32,2026-05-11 17:50:00,304882900343ddca,304882900343ddca_gasoline_98,BP GRANDOLA (ESTE),BP,gasoline_98,Gasolina especial 98,Outro,2.299,Grândola,Setúbal,EN 120,Bairro do Isaías,7570-124,38.216656,-8.558039,bp grandola (este),bp,en 120,"2,299 €",2026-05-15_dgeg_postos_raw.csv,a2a25baa97ed58d1
2026-05-15,2026-05-15 14:31:32,2026-05-11 17:50:00,cf312450707d5b3f,cf312450707d5b3f_diesel_premium,GASPE Torre de Moncorvo,GASPE,diesel_premium,Gasóleo especial,Outro,2.059,Torre de Moncorvo,Bragança,Largo da Corredoura,Torre de Moncorvo,5160-235,41.17567,-7.05505,gaspe torre de moncorvo,gaspe,largo da corredoura,"2,059 €",2026-05-15_dgeg_postos_raw.csv,9f021f5e63e6a8b6
2026-05-15,2026-05-15 14:31:32,2026-05-11 17:50:00,cf312450707d5b3f,cf312450707d5b3f_diesel_regular,GASPE Torre de Moncorvo,GASPE,diesel_regular,Gasóleo simples,Outro,2.051,Torre de Moncorvo,Bragança,Largo da Corredoura,Torre de Moncorvo,5160-235,41.17567,-7.05505,gaspe torre de moncorvo,gaspe,largo da corredoura,"2,051 €",2026-05-15_dgeg_postos_raw.csv,dc3dbc62181e0afa
2026-05-15,2026-05-15 14:31:32,2026-05-11 17:50:00,cf312450707d5b3f,cf312450707d5b3f_gasoline_95,GASPE Torre de Moncorvo,GASPE,gasoline_95,Gasolina simples 95,Outro,2.054,Torre de Moncorvo,Bragança,Largo da Corredoura,Torre de Moncorvo,5160-235,41.17567,-7.05505,gaspe torre de moncorvo,gaspe,largo da corredoura,"2,054 €",2026-05-15_dgeg_postos_raw.csv,108e16bde3b15c82
2026-05-15,2026-05-15 14:31:32,2026-05-11 17:50:00,304882900343ddca,304882900343ddca_diesel_regular,BP GRANDOLA (ESTE),BP,diesel_regular,Gasóleo simples,Outro,2.109,Grândola,Setúbal,EN 120,Bairro do Isaías,7570-124,38.216656,-8.558039,bp grandola (este),bp,en 120,"2,109 €",2026-05-15_dgeg_postos_raw.csv,a99b82c55697ed61
2026-05-15,2026-05-15 14:31:32,2026-05-11 17:50:00,304882900343ddca,304882900343ddca_diesel_premium,BP GRANDOLA (ESTE),BP,diesel_premium,Gasóleo especial,Outro,2.229,Grândola,Setúbal,EN 120,Bairro do Isaías,7570-124,38.216656,-8.558039,bp grandola (este),bp,en 120,"2,229 €",2026-05-15_dgeg_postos_raw.csv,8c2eaaed6d034412
2026-05-15,2026-05-15 14:31:32,2026-05-11 17:50:00,304882900343ddca,304882900343ddca_gasoline_95,BP GRANDOLA (ESTE),BP,gasoline_95,Gasolina simples 95,Outro,2.099,Grândola,Setúbal,EN 120,Bairro do Isaías,7570-124,38.216656,-8.558039,bp grandola (este),bp,en 120,"2,099 €",2026-05-15_dgeg_postos_raw.csv,48947eafff971016
2026-05-15,2026-05-15 14:31:32,2026-05-11 17:55:00,b4a1aba3d4e14f10,b4a1aba3d4e14f10_diesel_regular,GASPE Mogadouro,GASPE,diesel_regular,Gasóleo simples,Outro,2.034,Mogadouro,Bragança,Av. de Espanha 80,Mogadouro-Lugar de Horteias,5200-203,41.33873,-6.70552,gaspe mogadouro,gaspe,av. de espanha 80,"2,034 €",2026-05-15_dgeg_postos_raw.csv,c1fd65f18657f930
2026-05-15,2026-05-15 14:31:32,2026-05-11 17:55:00,b4a1aba3d4e14f10,b4a1aba3d4e14f10_diesel_premium,GASPE Mogadouro,GASPE,diesel_premium,Gasóleo especial,Outro,2.054,Mogadouro,Bragança,Av. de Espanha 80,Mogadouro-Lugar de Horteias,5200-203,41.33873,-6.70552,gaspe mogadouro,gaspe,av. de espanha 80,"2,054 €",2026-05-15_dgeg_postos_raw.csv,f4bc7b2a4527c51f
2026-05-15,2026-05-15 14:31:32,2026-05-11 17:55:00,b4a1aba3d4e14f10,b4a1aba3d4e14f10_gasoline_95,GASPE Mogadouro,GASPE,gasoline_95,Gasolina simples 95,Outro,2.037,Mogadouro,Bragança,Av. de Espanha 80,Mogadouro-Lugar de Horteias,5200-203,41.33873,-6.70552,gaspe mogadouro,gaspe,av. de espanha 80,"2,037 €",2026-05-15_dgeg_postos_raw.csv,f72cca6622e31aa1
2026-05-15,2026-05-15 14:31:32,2026-05-11 17:55:00,e758574e97c95d9d,e758574e97c95d9d_diesel_regular,GALP CASCAIS sentido Lisboa/Cobre,GALP,diesel_regular,Gasóleo simples,Outro,2.078,Cascais,Lisboa,Avenida Eng. Adelino Amaro da Costa,Cascais,2750-281,38.710285,-9.436324,galp cascais sentido lisboa/cobre,galp,avenida eng. adelino amaro da costa,"2,078 €",2026-05-15_dgeg_postos_raw.csv,b55eae84427b1fc3
2026-05-15,2026-05-15 14:31:32,2026-05-11 17:55:00,e758574e97c95d9d,e758574e97c95d9d_diesel_premium,GALP CASCAIS sentido Lisboa/Cobre,GALP,diesel_premium,Gasóleo especial,Outro,2.128,Cascais,Lisboa,Avenida Eng. Adelino Amaro da Costa,Cascais,2750-281,38.710285,-9.436324,galp cascais sentido lisboa/cobre,galp,avenida eng. adelino amaro da costa,"2,128 €",2026-05-15_dgeg_postos_raw.csv,aa6451a85a6d2b24
2026-05-15,2026-05-15 14:31:32,2026-05-11 17:55:00,e758574e97c95d9d,e758574e97c95d9d_gasoline_95,GALP CASCAIS sentido Lisboa/Cobre,GALP,gasoline_95,Gasolina simples 95,Outro,2.072,Cascais,Lisboa,Avenida Eng. Adelino Amaro da Costa,Cascais,2750-281,38.710285,-9.436324,galp cascais sentido lisboa/cobre,galp,avenida eng. adelino amaro da costa,"2,072 €",2026-05-15_dgeg_postos_raw.csv,92a977c016050176
2026-05-15,2026-05-15 14:31:32,2026-05-11 18:00:00,d1e5cf250116443f,d1e5cf250116443f_diesel_premium,E.LECLERC VIANA DO CASTELO (COMBUSTIVEIS),LECLERC,diesel_premium,Gasóleo especial,Outro,1.949,Viana do Castelo,Viana do Castelo,Lugar de Santoinho – Quinta de São Brás,Viana do Castelo,4935-052,41.677635,-8.783506,e.leclerc viana do castelo (combustiveis),leclerc,lugar de santoinho – quinta de são brás,"1,949 €",2026-05-15_dgeg_postos_raw.csv,15824d574a88fe38
2026-05-15,2026-05-15 14:31:32,2026-05-11 18:00:00,d1e5cf250116443f,d1e5cf250116443f_diesel_regular,E.LECLERC VIANA DO CASTELO (COMBUSTIVEIS),LECLERC,diesel_regular,Gasóleo simples,Outro,1.919,Viana do Castelo,Viana do Castelo,Lugar de Santoinho – Quinta de São Brás,Viana do Castelo,4935-052,41.677635,-8.783506,e.leclerc viana do castelo (combustiveis),leclerc,lugar de santoinho – quinta de são brás,"1,919 €",2026-05-15_dgeg_postos_raw.csv,a5bbd16c5492d110
2026-05-15,2026-05-15 14:31:32,2026-05-11 18:00:00,d1e5cf250116443f,d1e5cf250116443f_gasoline_95,E.LECLERC VIANA DO CASTELO (COMBUSTIVEIS),LECLERC,gasoline_95,Gasolina simples 95,Outro,1.919,Viana do Castelo,Viana do Castelo,Lugar de Santoinho – Quinta de São Brás,Viana do Castelo,4935-052,41.677635,-8.783506,e.leclerc viana do castelo (combustiveis),leclerc,lugar de santoinho – quinta de são brás,"1,919 €",2026-05-15_dgeg_postos_raw.csv,b75d8f999f8b7464
2026-05-15,2026-05-15 14:31:32,2026-05-11 18:00:00,778304d8737ef33d,778304d8737ef33d_gasoline_95,GASPE URRÓS,GASPE,gasoline_95,Gasolina simples 95,Outro,2.062,Mogadouro,Bragança,"Estrada Nacional 221, KM 26.635",URRÓS,5200-464,41.366333,-6.503364,gaspe urrós,gaspe,"estrada nacional 221, km 26.635","2,062 €",2026-05-15_dgeg_postos_raw.csv,d6b87ed2a2f5e243
2026-05-15,2026-05-15 14:31:32,2026-05-11 18:00:00,778304d8737ef33d,778304d8737ef33d_diesel_regular,GASPE URRÓS,GASPE,diesel_regular,Gasóleo simples,Outro,2.059,Mogadouro,Bragança,"Estrada Nacional 221, KM 26.635",URRÓS,5200-464,41.366333,-6.503364,gaspe urrós,gaspe,"estrada nacional 221, km 26.635","2,059 €",2026-05-15_dgeg_postos_raw.csv,ce4491130dfa68a6
2026-05-15,2026-05-15 14:31:32,2026-05-11 18:00:00,778304d8737ef33d,778304d8737ef33d_diesel_premium,GASPE URRÓS,GASPE,diesel_premium,Gasóleo especial,Outro,2.079,Mogadouro,Bragança,"Estrada Nacional 221, KM 26.635",URRÓS,5200-464,41.366333,-6.503364,gaspe urrós,gaspe,"estrada nacional 221, km 26.635","2,079 €",2026-05-15_dgeg_postos_raw.csv,863dae84bf38baf3
2026-05-15,2026-05-15 14:31:32,2026-05-11 18:00:00,3ed83ddcf4113100,3ed83ddcf4113100_diesel_regular,Senhora do Rosário Combustíveis Unipessoal Lda,GALP,diesel_regular,Gasóleo simples,Outro,2.059,Penafiel,Porto,Rua Central De Urrô nº833,Urrô,4560-838,41.186855,-8.345334,senhora do rosário combustíveis unipessoal lda,galp,rua central de urrô nº833,"2,059 €",2026-05-15_dgeg_postos_raw.csv,71fd917cc000fbd3
2026-05-15,2026-05-15 14:31:32,2026-05-11 18:00:00,3ed83ddcf4113100,3ed83ddcf4113100_diesel_premium,Senhora do Rosário Combustíveis Unipessoal Lda,GALP,diesel_premium,Gasóleo especial,Outro,2.109,Penafiel,Porto,Rua Central De Urrô nº833,Urrô,4560-838,41.186855,-8.345334,senhora do rosário combustíveis unipessoal lda,galp,rua central de urrô nº833,"2,109 €",2026-05-15_dgeg_postos_raw.csv,6c8addcdac45b855
2026-05-15,2026-05-15 14:31:32,2026-05-11 18:00:00,3ed83ddcf4113100,3ed83ddcf4113100_gasoline_95,Senhora do Rosário Combustíveis Unipessoal Lda,GALP,gasoline_95,Gasolina simples 95,Outro,2.082,Penafiel,Porto,Rua Central De Urrô nº833,Urrô,4560-838,41.186855,-8.345334,senhora do rosário combustíveis unipessoal lda,galp,rua central de urrô nº833,"2,082 €",2026-05-15_dgeg_postos_raw.csv,362ef8d7f14d9a60
2026-05-15,2026-05-15 14:31:32,2026-05-11 18:00:00,3ed83ddcf4113100,3ed83ddcf4113100_gasoline_98,Senhora do Rosário Combustíveis Unipessoal Lda,GALP,gasoline_98,Gasolina especial 98,Outro,2.257,Penafiel,Porto,Rua Central De Urrô nº833,Urrô,4560-838,41.186855,-8.345334,senhora do rosário combustíveis unipessoal lda,galp,rua central de urrô nº833,"2,257 €",2026-05-15_dgeg_postos_raw.csv,695b9f7db11385cd
2026-05-15,2026-05-15 14:31:32,2026-05-11 18:05:00,e187042928aa785f,e187042928aa785f_diesel_regular,GASPE Vimioso (Recado Verde),GASPE,diesel_regular,Gasóleo simples,Outro,2.059,Vimioso,Bragança,Estrada de Separicos,Vimioso,5230-287,41.59286,-6.51953,gaspe vimioso (recado verde),gaspe,estrada de separicos,"2,059 €",2026-05-15_dgeg_postos_raw.csv,8bb158883b61ea2a
2026-05-15,2026-05-15 14:31:32,2026-05-11 18:05:00,e187042928aa785f,e187042928aa785f_diesel_premium,GASPE Vimioso (Recado Verde),GASPE,diesel_premium,Gasóleo especial,Outro,2.079,Vimioso,Bragança,Estrada de Separicos,Vimioso,5230-287,41.59286,-6.51953,gaspe vimioso (recado verde),gaspe,estrada de separicos,"2,079 €",2026-05-15_dgeg_postos_raw.csv,7c7ec930362a4384
2026-05-15,2026-05-15 14:31:32,2026-05-11 18:05:00,e187042928aa785f,e187042928aa785f_gasoline_95,GASPE Vimioso (Recado Verde),GASPE,gasoline_95,Gasolina simples 95,Outro,2.062,Vimioso,Bragança,Estrada de Separicos,Vimioso,5230-287,41.59286,-6.51953,gaspe vimioso (recado verde),gaspe,estrada de separicos,"2,062 €",2026-05-15_dgeg_postos_raw.csv,e5909e4ac63e5181
2026-05-15,2026-05-15 14:31:32,2026-05-11 18:05:00,e187042928aa785f,e187042928aa785f_gasoline_98,GASPE Vimioso (Recado Verde),GASPE,gasoline_98,Gasolina especial 98,Outro,2.242,Vimioso,Bragança,Estrada de Separicos,Vimioso,5230-287,41.59286,-6.51953,gaspe vimioso (recado verde),gaspe,estrada de separicos,"2,242 €",2026-05-15_dgeg_postos_raw.csv,eb462d21ac955408
2026-05-15,2026-05-15 14:31:32,2026-05-11 18:05:00,58d685c120377733,58d685c120377733_diesel_regular,Posto de abastecimento de Cardigos,Genérico,diesel_regular,Gasóleo simples,Outro,2.059,Mação,Santarém,"Rua Quintal da Estrada, 7",Cardigos,6120-214,39.69436,-8.01621,posto de abastecimento de cardigos,genérico,"rua quintal da estrada, 7","2,059 €",2026-05-15_dgeg_postos_raw.csv,dc3a27d7dc72f0c1
2026-05-15,2026-05-15 14:31:32,2026-05-11 18:05:00,58d685c120377733,58d685c120377733_gasoline_95,Posto de abastecimento de Cardigos,Genérico,gasoline_95,Gasolina simples 95,Outro,2.052,Mação,Santarém,"Rua Quintal da Estrada, 7",Cardigos,6120-214,39.69436,-8.01621,posto de abastecimento de cardigos,genérico,"rua quintal da estrada, 7","2,052 €",2026-05-15_dgeg_postos_raw.csv,ca9e3ece2f9d65b9
2026-05-15,2026-05-15 14:31:32,2026-05-11 18:10:00,20b50806aab13e8c,20b50806aab13e8c_diesel_premium,Estação da Repsol de Salir de Matos,Genérico,diesel_premium,Gasóleo especial,Outro,2.089,Caldas da Rainha,Leiria,rua principal 39,Salir de Matos,2500-637,39.429882,-9.089381,estação da repsol de salir de matos,genérico,rua principal 39,"2,089 €",2026-05-15_dgeg_postos_raw.csv,babdeaa52488472e
2026-05-15,2026-05-15 14:31:32,2026-05-11 18:10:00,20b50806aab13e8c,20b50806aab13e8c_diesel_regular,Estação da Repsol de Salir de Matos,Genérico,diesel_regular,Gasóleo simples,Outro,2.079,Caldas da Rainha,Leiria,rua principal 39,Salir de Matos,2500-637,39.429882,-9.089381,estação da repsol de salir de matos,genérico,rua principal 39,"2,079 €",2026-05-15_dgeg_postos_raw.csv,094a36e413abcde8
2026-05-15,2026-05-15 14:31:32,2026-05-11 18:10:00,20b50806aab13e8c,20b50806aab13e8c_gasoline_95,Estação da Repsol de Salir de Matos,Genérico,gasoline_95,Gasolina simples 95,Outro,2.077,Caldas da Rainha,Leiria,rua principal 39,Salir de Matos,2500-637,39.429882,-9.089381,estação da repsol de salir de matos,genérico,rua principal 39,"2,077 €",2026-05-15_dgeg_postos_raw.csv,025f3dcc73d9b638
2026-05-15,2026-05-15 14:31:32,2026-05-11 18:25:00,0f132687fb2bab44,0f132687fb2bab44_diesel_regular,16035 - GALP - PINHEIRO DA BEMPOSTA (S/N),GALP,diesel_regular,Gasóleo simples,Outro,2.028,Oliveira de Azeméis,Aveiro,"EN 1, Km 259",Bemposta,3720-463,40.7946,-8.480233,16035 - galp - pinheiro da bemposta (s/n),galp,"en 1, km 259","2,028 €",2026-05-15_dgeg_postos_raw.csv,c86f0ee312d27796
2026-05-15,2026-05-15 14:31:32,2026-05-11 18:25:00,0f132687fb2bab44,0f132687fb2bab44_diesel_premium,16035 - GALP - PINHEIRO DA BEMPOSTA (S/N),GALP,diesel_premium,Gasóleo especial,Outro,2.078,Oliveira de Azeméis,Aveiro,"EN 1, Km 259",Bemposta,3720-463,40.7946,-8.480233,16035 - galp - pinheiro da bemposta (s/n),galp,"en 1, km 259","2,078 €",2026-05-15_dgeg_postos_raw.csv,fa913cfbc44d9bd0
2026-05-15,2026-05-15 14:31:32,2026-05-11 18:25:00,0f132687fb2bab44,0f132687fb2bab44_gasoline_95,16035 - GALP - PINHEIRO DA BEMPOSTA (S/N),GALP,gasoline_95,Gasolina simples 95,Outro,2.26,Oliveira de Azeméis,Aveiro,"EN 1, Km 259",Bemposta,3720-463,40.7946,-8.480233,16035 - galp - pinheiro da bemposta (s/n),galp,"en 1, km 259","2,260 €",2026-05-15_dgeg_postos_raw.csv,0a69a211afa7ccfd
2026-05-15,2026-05-15 14:31:32,2026-05-11 18:25:00,de0512c1c53011cd,de0512c1c53011cd_diesel_regular,"J.M. Cordeiro, Lda - Chamusca",GALP,diesel_regular,Gasóleo simples,Outro,1.999,Chamusca,Santarém,Rua Direita de São Pedro nº 161,Chamusca,2140-000,39.355,-8.48351,"j.m. cordeiro, lda - chamusca",galp,rua direita de são pedro nº 161,"1,999 €",2026-05-15_dgeg_postos_raw.csv,751a95d9a2ddd741
2026-05-15,2026-05-15 14:31:32,2026-05-11 18:25:00,de0512c1c53011cd,de0512c1c53011cd_diesel_premium,"J.M. Cordeiro, Lda - Chamusca",GALP,diesel_premium,Gasóleo especial,Outro,2.019,Chamusca,Santarém,Rua Direita de São Pedro nº 161,Chamusca,2140-000,39.355,-8.48351,"j.m. cordeiro, lda - chamusca",galp,rua direita de são pedro nº 161,"2,019 €",2026-05-15_dgeg_postos_raw.csv,9f39972954416f7d
2026-05-15,2026-05-15 14:31:32,2026-05-11 18:25:00,de0512c1c53011cd,de0512c1c53011cd_gasoline_95,"J.M. Cordeiro, Lda - Chamusca",GALP,gasoline_95,Gasolina simples 95,Outro,2.002,Chamusca,Santarém,Rua Direita de São Pedro nº 161,Chamusca,2140-000,39.355,-8.48351,"j.m. cordeiro, lda - chamusca",galp,rua direita de são pedro nº 161,"2,002 €",2026-05-15_dgeg_postos_raw.csv,22686a43bdfcd193
2026-05-15,2026-05-15 14:31:32,2026-05-11 18:30:00,92c7dfe3fee228f4,92c7dfe3fee228f4_diesel_premium,Delmarques- Alqueidão de Casevel,Genérico,diesel_premium,Gasóleo especial,Outro,2.019,Santarém,Santarém,"alqueidão, Casével","alqueidão, casevel",2000-452,39.39139,-8.60853,delmarques- alqueidão de casevel,genérico,"alqueidão, casével","2,019 €",2026-05-15_dgeg_postos_raw.csv,61ef717bd9f764b3
2026-05-15,2026-05-15 14:31:32,2026-05-11 18:30:00,92c7dfe3fee228f4,92c7dfe3fee228f4_diesel_regular,Delmarques- Alqueidão de Casevel,Genérico,diesel_regular,Gasóleo simples,Outro,1.999,Santarém,Santarém,"alqueidão, Casével","alqueidão, casevel",2000-452,39.39139,-8.60853,delmarques- alqueidão de casevel,genérico,"alqueidão, casével","1,999 €",2026-05-15_dgeg_postos_raw.csv,620724dd55077c35
2026-05-15,2026-05-15 14:31:32,2026-05-11 18:30:00,92c7dfe3fee228f4,92c7dfe3fee228f4_gasoline_95,Delmarques- Alqueidão de Casevel,Genérico,gasoline_95,Gasolina simples 95,Outro,2.002,Santarém,Santarém,"alqueidão, Casével","alqueidão, casevel",2000-452,39.39139,-8.60853,delmarques- alqueidão de casevel,genérico,"alqueidão, casével","2,002 €",2026-05-15_dgeg_postos_raw.csv,0d23eabd678abb1a
2026-05-15,2026-05-15 14:31:32,2026-05-11 18:30:00,842974f7c3551bc0,842974f7c3551bc0_diesel_regular,Estação de Serviço de Britiande,BP,diesel_regular,Gasóleo simples,Outro,2.109,Lamego,Viseu,"EN226, ao Km 17, Lugar da Estrada Nova",Britiande,5100-345,41.06233,-7.78948,estação de serviço de britiande,bp,"en226, ao km 17, lugar da estrada nova","2,109 €",2026-05-15_dgeg_postos_raw.csv,3596ec85223a9508
2026-05-15,2026-05-15 14:31:32,2026-05-11 18:30:00,842974f7c3551bc0,842974f7c3551bc0_gasoline_95,Estação de Serviço de Britiande,BP,gasoline_95,Gasolina simples 95,Outro,2.099,Lamego,Viseu,"EN226, ao Km 17, Lugar da Estrada Nova",Britiande,5100-345,41.06233,-7.78948,estação de serviço de britiande,bp,"en226, ao km 17, lugar da estrada nova","2,099 €",2026-05-15_dgeg_postos_raw.csv,85bd676741142f24
2026-05-15,2026-05-15 14:31:32,2026-05-11 18:30:00,98aa1cd4def9dc2f,98aa1cd4def9dc2f_diesel_regular,PA  Constância,Genérico,diesel_regular,Gasóleo simples,Outro,2.019,Constância,Santarém,"Estrada Nacional, nº3",Constância,2250-028,39.47683,-8.339677,pa constância,genérico,"estrada nacional, nº3","2,019 €",2026-05-15_dgeg_postos_raw.csv,8d925d19a6014504
2026-05-15,2026-05-15 14:31:32,2026-05-11 18:30:00,98aa1cd4def9dc2f,98aa1cd4def9dc2f_gasoline_95,PA  Constância,Genérico,gasoline_95,Gasolina simples 95,Outro,2.022,Constância,Santarém,"Estrada Nacional, nº3",Constância,2250-028,39.47683,-8.339677,pa constância,genérico,"estrada nacional, nº3","2,022 €",2026-05-15_dgeg_postos_raw.csv,2f5c53c6452e2a2e
2026-05-15,2026-05-15 14:31:32,2026-05-11 18:30:00,98aa1cd4def9dc2f,98aa1cd4def9dc2f_diesel_premium,PA  Constância,Genérico,diesel_premium,Gasóleo especial,Outro,2.019,Constância,Santarém,"Estrada Nacional, nº3",Constância,2250-028,39.47683,-8.339677,pa constância,genérico,"estrada nacional, nº3","2,019 €",2026-05-15_dgeg_postos_raw.csv,299bad0cca0f7067
2026-05-15,2026-05-15 14:31:32,2026-05-11 18:30:00,5dd3d38344cb951a,5dd3d38344cb951a_diesel_regular,Posto Gaviãozinho,GALP,diesel_regular,Gasóleo simples,Outro,1.979,Chamusca,Santarém,"EN 243, Gaviãozinho",Gaviãozinho,2140-224,39.25511,-8.329666,posto gaviãozinho,galp,"en 243, gaviãozinho","1,979 €",2026-05-15_dgeg_postos_raw.csv,95f3d1deb4ca7005
2026-05-15,2026-05-15 14:31:32,2026-05-11 18:30:00,5dd3d38344cb951a,5dd3d38344cb951a_gasoline_95,Posto Gaviãozinho,GALP,gasoline_95,Gasolina simples 95,Outro,1.982,Chamusca,Santarém,"EN 243, Gaviãozinho",Gaviãozinho,2140-224,39.25511,-8.329666,posto gaviãozinho,galp,"en 243, gaviãozinho","1,982 €",2026-05-15_dgeg_postos_raw.csv,12e2487cc47a0805
2026-05-15,2026-05-15 14:31:32,2026-05-11 18:35:00,c8e939643e814df9,c8e939643e814df9_diesel_regular,REPSOL Caminha (1660),REPSOL,diesel_regular,Gasóleo simples,Outro,2.079,Caminha,Viana do Castelo,"EN 301,Km 0,749/0,812 - Rua do Corga, 854",Vilarelho,4910-141,41.87197,-8.83505,repsol caminha (1660),repsol,"en 301,km 0,749/0,812 - rua do corga, 854","2,079 €",2026-05-15_dgeg_postos_raw.csv,614419311a466616
2026-05-15,2026-05-15 14:31:32,2026-05-11 18:35:00,c8e939643e814df9,c8e939643e814df9_diesel_premium,REPSOL Caminha (1660),REPSOL,diesel_premium,Gasóleo especial,Outro,2.149,Caminha,Viana do Castelo,"EN 301,Km 0,749/0,812 - Rua do Corga, 854",Vilarelho,4910-141,41.87197,-8.83505,repsol caminha (1660),repsol,"en 301,km 0,749/0,812 - rua do corga, 854","2,149 €",2026-05-15_dgeg_postos_raw.csv,c0c892b7b2538b41
2026-05-15,2026-05-15 14:31:32,2026-05-11 18:35:00,c8e939643e814df9,c8e939643e814df9_gasoline_95,REPSOL Caminha (1660),REPSOL,gasoline_95,Gasolina simples 95,Outro,2.077,Caminha,Viana do Castelo,"EN 301,Km 0,749/0,812 - Rua do Corga, 854",Vilarelho,4910-141,41.87197,-8.83505,repsol caminha (1660),repsol,"en 301,km 0,749/0,812 - rua do corga, 854","2,077 €",2026-05-15_dgeg_postos_raw.csv,d6b222cd250fe5d8
2026-05-15,2026-05-15 14:31:32,2026-05-11 18:35:00,c8e939643e814df9,c8e939643e814df9_gasoline_98,REPSOL Caminha (1660),REPSOL,gasoline_98,Gasolina especial 98,Outro,2.277,Caminha,Viana do Castelo,"EN 301,Km 0,749/0,812 - Rua do Corga, 854",Vilarelho,4910-141,41.87197,-8.83505,repsol caminha (1660),repsol,"en 301,km 0,749/0,812 - rua do corga, 854","2,277 €",2026-05-15_dgeg_postos_raw.csv,333e38a023ffe1b3
2026-05-15,2026-05-15 14:31:32,2026-05-11 18:40:00,4fce58463e5c48c2,4fce58463e5c48c2_diesel_regular,GALP Molelos,GALP,diesel_regular,Gasóleo simples,Outro,2.009,Tondela,Viseu,Rua Dr. António Marques da Costa (Rua do Fundão),Molelos,3460-008,40.537693,-8.109386,galp molelos,galp,rua dr. antónio marques da costa (rua do fundão),"2,009 €",2026-05-15_dgeg_postos_raw.csv,1e95753a602bf89b
2026-05-15,2026-05-15 14:31:32,2026-05-11 18:40:00,4fce58463e5c48c2,4fce58463e5c48c2_gasoline_95,GALP Molelos,GALP,gasoline_95,Gasolina simples 95,Outro,2.036,Tondela,Viseu,Rua Dr. António Marques da Costa (Rua do Fundão),Molelos,3460-008,40.537693,-8.109386,galp molelos,galp,rua dr. antónio marques da costa (rua do fundão),"2,036 €",2026-05-15_dgeg_postos_raw.csv,d4feabc0fabc1aac
2026-05-15,2026-05-15 14:31:32,2026-05-11 18:40:00,4fce58463e5c48c2,4fce58463e5c48c2_diesel_premium,GALP Molelos,GALP,diesel_premium,Gasóleo especial,Outro,2.049,Tondela,Viseu,Rua Dr. António Marques da Costa (Rua do Fundão),Molelos,3460-008,40.537693,-8.109386,galp molelos,galp,rua dr. antónio marques da costa (rua do fundão),"2,049 €",2026-05-15_dgeg_postos_raw.csv,a75bad89a4293581
2026-05-15,2026-05-15 14:31:32,2026-05-11 18:40:00,15b611fa9e9fd103,15b611fa9e9fd103_gasoline_98,BP TRAVASSÓS,BP,gasoline_98,Gasolina especial 98,Outro,2.299,Fafe,Braga,"Avenida da Liberdade, 166 - Travassós - Apartado 166",Travassós,4820-775,41.487274,-8.191063,bp travassós,bp,"avenida da liberdade, 166 - travassós - apartado 166","2,299 €",2026-05-15_dgeg_postos_raw.csv,b142f4aed68e4e3e
2026-05-15,2026-05-15 14:31:32,2026-05-11 18:40:00,15b611fa9e9fd103,15b611fa9e9fd103_diesel_regular,BP TRAVASSÓS,BP,diesel_regular,Gasóleo simples,Outro,2.069,Fafe,Braga,"Avenida da Liberdade, 166 - Travassós - Apartado 166",Travassós,4820-775,41.487274,-8.191063,bp travassós,bp,"avenida da liberdade, 166 - travassós - apartado 166","2,069 €",2026-05-15_dgeg_postos_raw.csv,40856e89140986e0
2026-05-15,2026-05-15 14:31:32,2026-05-11 18:40:00,15b611fa9e9fd103,15b611fa9e9fd103_diesel_premium,BP TRAVASSÓS,BP,diesel_premium,Gasóleo especial,Outro,2.224,Fafe,Braga,"Avenida da Liberdade, 166 - Travassós - Apartado 166",Travassós,4820-775,41.487274,-8.191063,bp travassós,bp,"avenida da liberdade, 166 - travassós - apartado 166","2,224 €",2026-05-15_dgeg_postos_raw.csv,95b0ae2d082ac3cd
2026-05-15,2026-05-15 14:31:32,2026-05-11 18:40:00,15b611fa9e9fd103,15b611fa9e9fd103_gasoline_95,BP TRAVASSÓS,BP,gasoline_95,Gasolina simples 95,Outro,2.059,Fafe,Braga,"Avenida da Liberdade, 166 - Travassós - Apartado 166",Travassós,4820-775,41.487274,-8.191063,bp travassós,bp,"avenida da liberdade, 166 - travassós - apartado 166","2,059 €",2026-05-15_dgeg_postos_raw.csv,834157cf62ce71d4
2026-05-15,2026-05-15 14:31:32,2026-05-11 18:40:00,e6d63cbd8eec2365,e6d63cbd8eec2365_diesel_regular,BP CUMIEIRA,BP,diesel_regular,Gasóleo simples,Outro,2.059,Fafe,Braga,Rua da Cumieira - Apartado 166,Fafe,4820-179,41.46119,-8.159643,bp cumieira,bp,rua da cumieira - apartado 166,"2,059 €",2026-05-15_dgeg_postos_raw.csv,72bd41b41c88123f
2026-05-15,2026-05-15 14:31:32,2026-05-11 18:40:00,e6d63cbd8eec2365,e6d63cbd8eec2365_diesel_premium,BP CUMIEIRA,BP,diesel_premium,Gasóleo especial,Outro,2.224,Fafe,Braga,Rua da Cumieira - Apartado 166,Fafe,4820-179,41.46119,-8.159643,bp cumieira,bp,rua da cumieira - apartado 166,"2,224 €",2026-05-15_dgeg_postos_raw.csv,7954115902075e0c
2026-05-15,2026-05-15 14:31:32,2026-05-11 18:40:00,e6d63cbd8eec2365,e6d63cbd8eec2365_gasoline_95,BP CUMIEIRA,BP,gasoline_95,Gasolina simples 95,Outro,2.059,Fafe,Braga,Rua da Cumieira - Apartado 166,Fafe,4820-179,41.46119,-8.159643,bp cumieira,bp,rua da cumieira - apartado 166,"2,059 €",2026-05-15_dgeg_postos_raw.csv,e6eee5c8bb197562
2026-05-15,2026-05-15 14:31:32,2026-05-11 18:40:00,e6d63cbd8eec2365,e6d63cbd8eec2365_gasoline_98,BP CUMIEIRA,BP,gasoline_98,Gasolina especial 98,Outro,2.299,Fafe,Braga,Rua da Cumieira - Apartado 166,Fafe,4820-179,41.46119,-8.159643,bp cumieira,bp,rua da cumieira - apartado 166,"2,299 €",2026-05-15_dgeg_postos_raw.csv,90ac494905f85b67
2026-05-15,2026-05-15 14:31:32,2026-05-11 18:40:00,14ca4020f5ac8620,14ca4020f5ac8620_diesel_regular,BP Montalegre,BP,diesel_regular,Gasóleo simples,Outro,2.059,Montalegre,Vila Real,Lugar de Poços\r\nPadornelos\r\nApartado 46,Padornelos,5470-341,41.89314,-7.74708,bp montalegre,bp,lugar de poços\r\npadornelos\r\napartado 46,"2,059 €",2026-05-15_dgeg_postos_raw.csv,ddc6c8e67778758a
2026-05-15,2026-05-15 14:31:32,2026-05-11 18:40:00,14ca4020f5ac8620,14ca4020f5ac8620_diesel_premium,BP Montalegre,BP,diesel_premium,Gasóleo especial,Outro,2.224,Montalegre,Vila Real,Lugar de Poços\r\nPadornelos\r\nApartado 46,Padornelos,5470-341,41.89314,-7.74708,bp montalegre,bp,lugar de poços\r\npadornelos\r\napartado 46,"2,224 €",2026-05-15_dgeg_postos_raw.csv,ae38a7582c10d09e
2026-05-15,2026-05-15 14:31:32,2026-05-11 18:40:00,14ca4020f5ac8620,14ca4020f5ac8620_gasoline_95,BP Montalegre,BP,gasoline_95,Gasolina simples 95,Outro,2.059,Montalegre,Vila Real,Lugar de Poços\r\nPadornelos\r\nApartado 46,Padornelos,5470-341,41.89314,-7.74708,bp montalegre,bp,lugar de poços\r\npadornelos\r\napartado 46,"2,059 €",2026-05-15_dgeg_postos_raw.csv,0357808da86ad555
2026-05-15,2026-05-15 14:31:32,2026-05-11 18:40:00,14ca4020f5ac8620,14ca4020f5ac8620_gasoline_98,BP Montalegre,BP,gasoline_98,Gasolina especial 98,Outro,2.299,Montalegre,Vila Real,Lugar de Poços\r\nPadornelos\r\nApartado 46,Padornelos,5470-341,41.89314,-7.74708,bp montalegre,bp,lugar de poços\r\npadornelos\r\napartado 46,"2,299 €",2026-05-15_dgeg_postos_raw.csv,bb2ebf05136a446d
2026-05-15,2026-05-15 14:31:32,2026-05-11 19:00:00,6137a7ca301f335d,6137a7ca301f335d_diesel_regular,Intermarche do Montijo,INTERMARCHÉ,diesel_regular,Gasóleo simples,Outro,1.949,Montijo,Setúbal,"Rua Damião de Gois, 70 (Estrada Circular)",Montijo,2870-224,38.71091,-8.9646,intermarche do montijo,intermarché,"rua damião de gois, 70 (estrada circular)","1,949 €",2026-05-15_dgeg_postos_raw.csv,2e23b58a7ace9768
2026-05-15,2026-05-15 14:31:32,2026-05-11 19:00:00,6137a7ca301f335d,6137a7ca301f335d_gasoline_95,Intermarche do Montijo,INTERMARCHÉ,gasoline_95,Gasolina simples 95,Outro,1.909,Montijo,Setúbal,"Rua Damião de Gois, 70 (Estrada Circular)",Montijo,2870-224,38.71091,-8.9646,intermarche do montijo,intermarché,"rua damião de gois, 70 (estrada circular)","1,909 €",2026-05-15_dgeg_postos_raw.csv,16da6ef469869624
2026-05-15,2026-05-15 14:31:32,2026-05-11 19:10:00,b06d3dffa887f8fa,b06d3dffa887f8fa_diesel_regular,RODRIGUES E VASCONCELOS LDA,GASPE,diesel_regular,Gasóleo simples,Outro,2.059,Oliveira de Frades,Viseu,EN 16 (Rua António José Almeida),Oliveira de Frades,3680-000,40.73261,-8.17657,rodrigues e vasconcelos lda,gaspe,en 16 (rua antónio josé almeida),"2,059 €",2026-05-15_dgeg_postos_raw.csv,3caef506818cdfc8
2026-05-15,2026-05-15 14:31:32,2026-05-11 19:10:00,b06d3dffa887f8fa,b06d3dffa887f8fa_diesel_premium,RODRIGUES E VASCONCELOS LDA,GASPE,diesel_premium,Gasóleo especial,Outro,2.079,Oliveira de Frades,Viseu,EN 16 (Rua António José Almeida),Oliveira de Frades,3680-000,40.73261,-8.17657,rodrigues e vasconcelos lda,gaspe,en 16 (rua antónio josé almeida),"2,079 €",2026-05-15_dgeg_postos_raw.csv,53d29d4d9d1de60f
2026-05-15,2026-05-15 14:31:32,2026-05-11 19:10:00,b06d3dffa887f8fa,b06d3dffa887f8fa_gasoline_95,RODRIGUES E VASCONCELOS LDA,GASPE,gasoline_95,Gasolina simples 95,Outro,2.062,Oliveira de Frades,Viseu,EN 16 (Rua António José Almeida),Oliveira de Frades,3680-000,40.73261,-8.17657,rodrigues e vasconcelos lda,gaspe,en 16 (rua antónio josé almeida),"2,062 €",2026-05-15_dgeg_postos_raw.csv,00a931b87a8af36b
2026-05-15,2026-05-15 14:31:32,2026-05-11 19:20:00,0b4a8d301dc69a40,0b4a8d301dc69a40_diesel_regular,E.S. V. POUCA AGUIAR NOVO,REPSOL,diesel_regular,Gasóleo simples,Outro,2.049,Vila Pouca de Aguiar,Vila Real,EN 2,Lugar de Lavadouros,5450-000,41.50276,-7.63833,e.s. v. pouca aguiar novo,repsol,en 2,"2,049 €",2026-05-15_dgeg_postos_raw.csv,c1ca0da2317bc9ad
2026-05-15,2026-05-15 14:31:32,2026-05-11 19:20:00,0b4a8d301dc69a40,0b4a8d301dc69a40_diesel_premium,E.S. V. POUCA AGUIAR NOVO,REPSOL,diesel_premium,Gasóleo especial,Outro,2.089,Vila Pouca de Aguiar,Vila Real,EN 2,Lugar de Lavadouros,5450-000,41.50276,-7.63833,e.s. v. pouca aguiar novo,repsol,en 2,"2,089 €",2026-05-15_dgeg_postos_raw.csv,3dc09506fabe4f3f
2026-05-15,2026-05-15 14:31:32,2026-05-11 19:20:00,0b4a8d301dc69a40,0b4a8d301dc69a40_gasoline_95,E.S. V. POUCA AGUIAR NOVO,REPSOL,gasoline_95,Gasolina simples 95,Outro,2.052,Vila Pouca de Aguiar,Vila Real,EN 2,Lugar de Lavadouros,5450-000,41.50276,-7.63833,e.s. v. pouca aguiar novo,repsol,en 2,"2,052 €",2026-05-15_dgeg_postos_raw.csv,4357d7a762b4cb48
2026-05-15,2026-05-15 14:31:32,2026-05-11 19:25:00,e57ba110f455d981,e57ba110f455d981_diesel_regular,"Jorge Manuel Henriques Lucio, Lda",GALP,diesel_regular,Gasóleo simples,Outro,2.02,Torres Vedras,Lisboa,Av. 21 de Junho nº 7,Campelos-Casais do Rijo,2565-007,39.19514,-9.2441,"jorge manuel henriques lucio, lda",galp,av. 21 de junho nº 7,"2,020 €",2026-05-15_dgeg_postos_raw.csv,3173c26cc747ba64
2026-05-15,2026-05-15 14:31:32,2026-05-11 19:25:00,e57ba110f455d981,e57ba110f455d981_diesel_premium,"Jorge Manuel Henriques Lucio, Lda",GALP,diesel_premium,Gasóleo especial,Outro,2.08,Torres Vedras,Lisboa,Av. 21 de Junho nº 7,Campelos-Casais do Rijo,2565-007,39.19514,-9.2441,"jorge manuel henriques lucio, lda",galp,av. 21 de junho nº 7,"2,080 €",2026-05-15_dgeg_postos_raw.csv,94c994de9b6b52c6
2026-05-15,2026-05-15 14:31:32,2026-05-11 19:25:00,e57ba110f455d981,e57ba110f455d981_gasoline_95,"Jorge Manuel Henriques Lucio, Lda",GALP,gasoline_95,Gasolina simples 95,Outro,2.02,Torres Vedras,Lisboa,Av. 21 de Junho nº 7,Campelos-Casais do Rijo,2565-007,39.19514,-9.2441,"jorge manuel henriques lucio, lda",galp,av. 21 de junho nº 7,"2,020 €",2026-05-15_dgeg_postos_raw.csv,cf99990ebfcfa21f
2026-05-15,2026-05-15 14:31:32,2026-05-11 19:30:00,d992fbfebfc3aa2d,d992fbfebfc3aa2d_diesel_regular,BP ESTRADA DA LUZ,BP,diesel_regular,Gasóleo simples,Outro,2.109,Lisboa,Lisboa,Estrada da Luz,Lisboa,1600-000,38.759178,-9.180556,bp estrada da luz,bp,estrada da luz,"2,109 €",2026-05-15_dgeg_postos_raw.csv,d7d0eaaa35a45ae9
2026-05-15,2026-05-15 14:31:32,2026-05-11 19:30:00,d992fbfebfc3aa2d,d992fbfebfc3aa2d_diesel_premium,BP ESTRADA DA LUZ,BP,diesel_premium,Gasóleo especial,Outro,2.229,Lisboa,Lisboa,Estrada da Luz,Lisboa,1600-000,38.759178,-9.180556,bp estrada da luz,bp,estrada da luz,"2,229 €",2026-05-15_dgeg_postos_raw.csv,251c41b59d59f521
2026-05-15,2026-05-15 14:31:32,2026-05-11 19:30:00,d992fbfebfc3aa2d,d992fbfebfc3aa2d_gasoline_95,BP ESTRADA DA LUZ,BP,gasoline_95,Gasolina simples 95,Outro,2.099,Lisboa,Lisboa,Estrada da Luz,Lisboa,1600-000,38.759178,-9.180556,bp estrada da luz,bp,estrada da luz,"2,099 €",2026-05-15_dgeg_postos_raw.csv,b8f2d289590a385f
2026-05-15,2026-05-15 14:31:32,2026-05-11 19:30:00,d992fbfebfc3aa2d,d992fbfebfc3aa2d_gasoline_98,BP ESTRADA DA LUZ,BP,gasoline_98,Gasolina especial 98,Outro,2.299,Lisboa,Lisboa,Estrada da Luz,Lisboa,1600-000,38.759178,-9.180556,bp estrada da luz,bp,estrada da luz,"2,299 €",2026-05-15_dgeg_postos_raw.csv,d083183584406a66
2026-05-15,2026-05-15 14:31:32,2026-05-11 19:30:00,d35a3b4393075409,d35a3b4393075409_diesel_regular,BP TROFA,BP,diesel_regular,Gasóleo simples,Outro,2.069,Trofa,Porto,Rua D. Pedro V,Trofa- Lugar de Finzes,4785-304,41.334706,-8.5611,bp trofa,bp,rua d. pedro v,"2,069 €",2026-05-15_dgeg_postos_raw.csv,b8deeec0ed28e5aa
2026-05-15,2026-05-15 14:31:32,2026-05-11 19:30:00,d35a3b4393075409,d35a3b4393075409_diesel_premium,BP TROFA,BP,diesel_premium,Gasóleo especial,Outro,2.229,Trofa,Porto,Rua D. Pedro V,Trofa- Lugar de Finzes,4785-304,41.334706,-8.5611,bp trofa,bp,rua d. pedro v,"2,229 €",2026-05-15_dgeg_postos_raw.csv,036fdc01f2f20e96
2026-05-15,2026-05-15 14:31:32,2026-05-11 19:30:00,d35a3b4393075409,d35a3b4393075409_gasoline_95,BP TROFA,BP,gasoline_95,Gasolina simples 95,Outro,2.059,Trofa,Porto,Rua D. Pedro V,Trofa- Lugar de Finzes,4785-304,41.334706,-8.5611,bp trofa,bp,rua d. pedro v,"2,059 €",2026-05-15_dgeg_postos_raw.csv,cd6752f341433bdd
2026-05-15,2026-05-15 14:31:32,2026-05-11 19:30:00,d35a3b4393075409,d35a3b4393075409_gasoline_98,BP TROFA,BP,gasoline_98,Gasolina especial 98,Outro,2.299,Trofa,Porto,Rua D. Pedro V,Trofa- Lugar de Finzes,4785-304,41.334706,-8.5611,bp trofa,bp,rua d. pedro v,"2,299 €",2026-05-15_dgeg_postos_raw.csv,0f0cc31246597676
2026-05-15,2026-05-15 14:31:32,2026-05-11 20:00:00,091bda4319bfa708,091bda4319bfa708_diesel_premium,PRIO - Perelhal,PRIO,diesel_premium,Gasóleo especial,Outro,1.949,Barcelos,Braga,"Rua Frei Pedro de Perelhal, 856",Perelhal,4750-620,41.53171,-8.69155,prio - perelhal,prio,"rua frei pedro de perelhal, 856","1,949 €",2026-05-15_dgeg_postos_raw.csv,a3eb8b3af486e791
2026-05-15,2026-05-15 14:31:32,2026-05-11 20:00:00,091bda4319bfa708,091bda4319bfa708_gasoline_95,PRIO - Perelhal,PRIO,gasoline_95,Gasolina simples 95,Outro,2.014,Barcelos,Braga,"Rua Frei Pedro de Perelhal, 856",Perelhal,4750-620,41.53171,-8.69155,prio - perelhal,prio,"rua frei pedro de perelhal, 856","2,014 €",2026-05-15_dgeg_postos_raw.csv,4f1319bc21228c90
2026-05-15,2026-05-15 14:31:32,2026-05-11 20:00:00,bfdccf8ff382124a,bfdccf8ff382124a_diesel_regular,Superestremoz-Supermercados,INTERMARCHÉ,diesel_regular,Gasóleo simples,Outro,1.906,Estremoz,Évora,"Zona Industrial, Apartado 10",Estremoz,7100-147,38.847022,-7.581032,superestremoz-supermercados,intermarché,"zona industrial, apartado 10","1,906 €",2026-05-15_dgeg_postos_raw.csv,71e6e4f447b41984
2026-05-15,2026-05-15 14:31:32,2026-05-11 20:00:00,bfdccf8ff382124a,bfdccf8ff382124a_diesel_premium,Superestremoz-Supermercados,INTERMARCHÉ,diesel_premium,Gasóleo especial,Outro,1.946,Estremoz,Évora,"Zona Industrial, Apartado 10",Estremoz,7100-147,38.847022,-7.581032,superestremoz-supermercados,intermarché,"zona industrial, apartado 10","1,946 €",2026-05-15_dgeg_postos_raw.csv,7f283e9775a82e4d
2026-05-15,2026-05-15 14:31:32,2026-05-11 20:00:00,bfdccf8ff382124a,bfdccf8ff382124a_gasoline_95,Superestremoz-Supermercados,INTERMARCHÉ,gasoline_95,Gasolina simples 95,Outro,1.916,Estremoz,Évora,"Zona Industrial, Apartado 10",Estremoz,7100-147,38.847022,-7.581032,superestremoz-supermercados,intermarché,"zona industrial, apartado 10","1,916 €",2026-05-15_dgeg_postos_raw.csv,ee7bbc35ad2f5500
2026-05-15,2026-05-15 14:31:32,2026-05-11 20:00:00,f7a2821ce0e40f9c,f7a2821ce0e40f9c_diesel_regular,INTERMARCHE-BENAVENTE,INTERMARCHÉ,diesel_regular,Gasóleo simples,Outro,1.919,Benavente,Santarém,Estrada Nacional 118 - Fazendas Novas,BENAVENTE,2130-104,38.96184,-8.81983,intermarche-benavente,intermarché,estrada nacional 118 - fazendas novas,"1,919 €",2026-05-15_dgeg_postos_raw.csv,36e43747f5896ed9
2026-05-15,2026-05-15 14:31:32,2026-05-11 20:00:00,f7a2821ce0e40f9c,f7a2821ce0e40f9c_diesel_premium,INTERMARCHE-BENAVENTE,INTERMARCHÉ,diesel_premium,Gasóleo especial,Outro,1.959,Benavente,Santarém,Estrada Nacional 118 - Fazendas Novas,BENAVENTE,2130-104,38.96184,-8.81983,intermarche-benavente,intermarché,estrada nacional 118 - fazendas novas,"1,959 €",2026-05-15_dgeg_postos_raw.csv,c4efa99d01862614
2026-05-15,2026-05-15 14:31:32,2026-05-11 20:00:00,f7a2821ce0e40f9c,f7a2821ce0e40f9c_gasoline_95,INTERMARCHE-BENAVENTE,INTERMARCHÉ,gasoline_95,Gasolina simples 95,Outro,1.949,Benavente,Santarém,Estrada Nacional 118 - Fazendas Novas,BENAVENTE,2130-104,38.96184,-8.81983,intermarche-benavente,intermarché,estrada nacional 118 - fazendas novas,"1,949 €",2026-05-15_dgeg_postos_raw.csv,d871521e93d459f1
2026-05-15,2026-05-15 14:31:32,2026-05-11 20:00:00,010fe64e520ebe83,010fe64e520ebe83_diesel_regular,INTERMARCHE AREOSA,INTERMARCHÉ,diesel_regular,Gasóleo simples,Outro,1.919,Viana do Castelo,Viana do Castelo,Av. Além Rio,Areosa - Bouça do Empaio,4900-580,41.72409,-8.85911,intermarche areosa,intermarché,av. além rio,"1,919 €",2026-05-15_dgeg_postos_raw.csv,440ebe9c15bc8670
2026-05-15,2026-05-15 14:31:32,2026-05-11 20:00:00,010fe64e520ebe83,010fe64e520ebe83_diesel_premium,INTERMARCHE AREOSA,INTERMARCHÉ,diesel_premium,Gasóleo especial,Outro,1.959,Viana do Castelo,Viana do Castelo,Av. Além Rio,Areosa - Bouça do Empaio,4900-580,41.72409,-8.85911,intermarche areosa,intermarché,av. além rio,"1,959 €",2026-05-15_dgeg_postos_raw.csv,eab6395de1da4e8e
2026-05-15,2026-05-15 14:31:32,2026-05-11 20:00:00,010fe64e520ebe83,010fe64e520ebe83_gasoline_95,INTERMARCHE AREOSA,INTERMARCHÉ,gasoline_95,Gasolina simples 95,Outro,1.919,Viana do Castelo,Viana do Castelo,Av. Além Rio,Areosa - Bouça do Empaio,4900-580,41.72409,-8.85911,intermarche areosa,intermarché,av. além rio,"1,919 €",2026-05-15_dgeg_postos_raw.csv,b3c6fcfd8b2e6431
2026-05-15,2026-05-15 14:31:32,2026-05-11 20:00:00,df99630d7570db08,df99630d7570db08_diesel_regular,MJC - Ferreira - Casal Do Abegão - PRODUTOS BP,BP,diesel_regular,Gasóleo simples,Outro,2.039,Alcobaça,Leiria,Rua da Capela nº 65/67,Casal do Abegão,2460-484,39.51568,-8.99833,mjc - ferreira - casal do abegão - produtos bp,bp,rua da capela nº 65/67,"2,039 €",2026-05-15_dgeg_postos_raw.csv,460392929ee850b9
2026-05-15,2026-05-15 14:31:32,2026-05-11 20:00:00,df99630d7570db08,df99630d7570db08_diesel_premium,MJC - Ferreira - Casal Do Abegão - PRODUTOS BP,BP,diesel_premium,Gasóleo especial,Outro,2.099,Alcobaça,Leiria,Rua da Capela nº 65/67,Casal do Abegão,2460-484,39.51568,-8.99833,mjc - ferreira - casal do abegão - produtos bp,bp,rua da capela nº 65/67,"2,099 €",2026-05-15_dgeg_postos_raw.csv,f98bf6f9a0e3bf00
2026-05-15,2026-05-15 14:31:32,2026-05-11 20:00:00,df99630d7570db08,df99630d7570db08_gasoline_95,MJC - Ferreira - Casal Do Abegão - PRODUTOS BP,BP,gasoline_95,Gasolina simples 95,Outro,2.029,Alcobaça,Leiria,Rua da Capela nº 65/67,Casal do Abegão,2460-484,39.51568,-8.99833,mjc - ferreira - casal do abegão - produtos bp,bp,rua da capela nº 65/67,"2,029 €",2026-05-15_dgeg_postos_raw.csv,07148c5c5deae0e3
2026-05-15,2026-05-15 14:31:32,2026-05-11 20:00:00,1a82fb345cff90bc,1a82fb345cff90bc_diesel_premium,Curvão Combustíveis,PRIO,diesel_premium,Gasóleo especial,Outro,1.949,Barcelos,Braga,"Avenida Central, 436",Macieira de Rates,4755-272,41.43568,-8.63285,curvão combustíveis,prio,"avenida central, 436","1,949 €",2026-05-15_dgeg_postos_raw.csv,2bbfa0842cdd3493
2026-05-15,2026-05-15 14:31:32,2026-05-11 20:00:00,1a82fb345cff90bc,1a82fb345cff90bc_gasoline_95,Curvão Combustíveis,PRIO,gasoline_95,Gasolina simples 95,Outro,2.014,Barcelos,Braga,"Avenida Central, 436",Macieira de Rates,4755-272,41.43568,-8.63285,curvão combustíveis,prio,"avenida central, 436","2,014 €",2026-05-15_dgeg_postos_raw.csv,f8602089d29ef833
2026-05-15,2026-05-15 14:31:32,2026-05-11 20:00:00,275f930597c81968,275f930597c81968_diesel_premium,Intermarché Fundão,INTERMARCHÉ,diesel_premium,Gasóleo especial,Outro,1.934,Fundão,Castelo Branco,Vale de Canas,Fundão,6230-481,40.152292,-7.497614,intermarché fundão,intermarché,vale de canas,"1,934 €",2026-05-15_dgeg_postos_raw.csv,9a8d24a2fa3f0855
2026-05-15,2026-05-15 14:31:32,2026-05-11 20:00:00,275f930597c81968,275f930597c81968_gasoline_95,Intermarché Fundão,INTERMARCHÉ,gasoline_95,Gasolina simples 95,Outro,1.904,Fundão,Castelo Branco,Vale de Canas,Fundão,6230-481,40.152292,-7.497614,intermarché fundão,intermarché,vale de canas,"1,904 €",2026-05-15_dgeg_postos_raw.csv,da66e2f5fb55254b
2026-05-15,2026-05-15 14:31:32,2026-05-11 20:00:00,610e09fe3c34ee8d,610e09fe3c34ee8d_diesel_regular,Nova Fradelos VNF,NOVA,diesel_regular,Gasóleo simples,Outro,1.949,Vila Nova de Famalicão,Braga,Rua Santa Leocádia,Fradelos,4760-485,41.37373,-8.59804,nova fradelos vnf,nova,rua santa leocádia,"1,949 €",2026-05-15_dgeg_postos_raw.csv,5bdca468e2fd4cfd
2026-05-15,2026-05-15 14:31:32,2026-05-11 20:00:00,610e09fe3c34ee8d,610e09fe3c34ee8d_diesel_premium,Nova Fradelos VNF,NOVA,diesel_premium,Gasóleo especial,Outro,1.979,Vila Nova de Famalicão,Braga,Rua Santa Leocádia,Fradelos,4760-485,41.37373,-8.59804,nova fradelos vnf,nova,rua santa leocádia,"1,979 €",2026-05-15_dgeg_postos_raw.csv,a3fe5314d63113f3
2026-05-15,2026-05-15 14:31:32,2026-05-11 20:00:00,610e09fe3c34ee8d,610e09fe3c34ee8d_gasoline_95,Nova Fradelos VNF,NOVA,gasoline_95,Gasolina simples 95,Outro,1.969,Vila Nova de Famalicão,Braga,Rua Santa Leocádia,Fradelos,4760-485,41.37373,-8.59804,nova fradelos vnf,nova,rua santa leocádia,"1,969 €",2026-05-15_dgeg_postos_raw.csv,d06237e6f6510d0c
2026-05-15,2026-05-15 14:31:32,2026-05-11 20:00:00,1cbb3cfc0d2e84c4,1cbb3cfc0d2e84c4_diesel_premium,PRIO - Várzea,PRIO,diesel_premium,Gasóleo especial,Outro,1.949,Barcelos,Braga,"Rua da Gandra, N103 139",Várzea,4755-522,41.52053,-8.572459,prio - várzea,prio,"rua da gandra, n103 139","1,949 €",2026-05-15_dgeg_postos_raw.csv,2bf7facd2ea3c483
2026-05-15,2026-05-15 14:31:32,2026-05-11 20:00:00,1cbb3cfc0d2e84c4,1cbb3cfc0d2e84c4_gasoline_95,PRIO - Várzea,PRIO,gasoline_95,Gasolina simples 95,Outro,2.014,Barcelos,Braga,"Rua da Gandra, N103 139",Várzea,4755-522,41.52053,-8.572459,prio - várzea,prio,"rua da gandra, n103 139","2,014 €",2026-05-15_dgeg_postos_raw.csv,acf7d9431e968d02
2026-05-15,2026-05-15 14:31:32,2026-05-11 20:00:00,275f930597c81968,275f930597c81968_diesel_regular,Intermarché Fundão,INTERMARCHÉ,diesel_regular,Gasóleo simples,Outro,1.904,Fundão,Castelo Branco,Vale de Canas,Fundão,6230-481,40.152292,-7.497614,intermarché fundão,intermarché,vale de canas,"1,904 €",2026-05-15_dgeg_postos_raw.csv,4d23fc0077a22169
2026-05-15,2026-05-15 14:31:32,2026-05-11 20:00:00,60e9b0ca78d0f609,60e9b0ca78d0f609_diesel_premium,Intermarché Mortágua,INTERMARCHÉ,diesel_premium,Gasóleo especial,Outro,1.949,Mortágua,Viseu,Av. dos Bombeiros Voluntários,Mortágua,3450-122,40.40157,-8.2249,intermarché mortágua,intermarché,av. dos bombeiros voluntários,"1,949 €",2026-05-15_dgeg_postos_raw.csv,204af6b90bac096b
2026-05-15,2026-05-15 14:31:32,2026-05-11 20:00:00,60e9b0ca78d0f609,60e9b0ca78d0f609_diesel_regular,Intermarché Mortágua,INTERMARCHÉ,diesel_regular,Gasóleo simples,Outro,1.899,Mortágua,Viseu,Av. dos Bombeiros Voluntários,Mortágua,3450-122,40.40157,-8.2249,intermarché mortágua,intermarché,av. dos bombeiros voluntários,"1,899 €",2026-05-15_dgeg_postos_raw.csv,d6c22fe6f95afbf6
2026-05-15,2026-05-15 14:31:32,2026-05-11 20:00:00,60e9b0ca78d0f609,60e9b0ca78d0f609_gasoline_95,Intermarché Mortágua,INTERMARCHÉ,gasoline_95,Gasolina simples 95,Outro,1.899,Mortágua,Viseu,Av. dos Bombeiros Voluntários,Mortágua,3450-122,40.40157,-8.2249,intermarché mortágua,intermarché,av. dos bombeiros voluntários,"1,899 €",2026-05-15_dgeg_postos_raw.csv,852dbe2cf3f846c6
2026-05-15,2026-05-15 14:31:32,2026-05-11 20:10:00,97d489a4bae60ca5,97d489a4bae60ca5_diesel_premium,"Petro- C.C. Carro Cheio,Supermercado,Lda.",FREITAS,diesel_premium,Gasóleo especial,Outro,2.059,Lousada,Porto,"Avenida da sobreira, Nº959",Caíde de Rei,4620-074,41.268375,-8.212089,"petro- c.c. carro cheio,supermercado,lda.",freitas,"avenida da sobreira, nº959","2,059 €",2026-05-15_dgeg_postos_raw.csv,ecd08ba1614aadb4
2026-05-15,2026-05-15 14:31:32,2026-05-11 20:10:00,97d489a4bae60ca5,97d489a4bae60ca5_gasoline_98,"Petro- C.C. Carro Cheio,Supermercado,Lda.",FREITAS,gasoline_98,Gasolina especial 98,Outro,2.222,Lousada,Porto,"Avenida da sobreira, Nº959",Caíde de Rei,4620-074,41.268375,-8.212089,"petro- c.c. carro cheio,supermercado,lda.",freitas,"avenida da sobreira, nº959","2,222 €",2026-05-15_dgeg_postos_raw.csv,905a963655dbc88a
2026-05-15,2026-05-15 14:31:32,2026-05-11 20:10:00,0c5be82b65636216,0c5be82b65636216_diesel_regular,Galp- SOUSA & MARQUÊZ  (Horta das Figueiras- Évora),GALP,diesel_regular,Gasóleo simples,Outro,2.055,Évora,Évora,Variante Ao Parque Industrial,Évora,7005-872,38.553825,-7.917911,galp- sousa & marquêz (horta das figueiras- évora),galp,variante ao parque industrial,"2,055 €",2026-05-15_dgeg_postos_raw.csv,e712fde05cf1f8c4
2026-05-15,2026-05-15 14:31:32,2026-05-11 20:10:00,0c5be82b65636216,0c5be82b65636216_diesel_premium,Galp- SOUSA & MARQUÊZ  (Horta das Figueiras- Évora),GALP,diesel_premium,Gasóleo especial,Outro,2.105,Évora,Évora,Variante Ao Parque Industrial,Évora,7005-872,38.553825,-7.917911,galp- sousa & marquêz (horta das figueiras- évora),galp,variante ao parque industrial,"2,105 €",2026-05-15_dgeg_postos_raw.csv,4a268aad36530d30
2026-05-15,2026-05-15 14:31:32,2026-05-11 20:10:00,0c5be82b65636216,0c5be82b65636216_gasoline_95,Galp- SOUSA & MARQUÊZ  (Horta das Figueiras- Évora),GALP,gasoline_95,Gasolina simples 95,Outro,2.051,Évora,Évora,Variante Ao Parque Industrial,Évora,7005-872,38.553825,-7.917911,galp- sousa & marquêz (horta das figueiras- évora),galp,variante ao parque industrial,"2,051 €",2026-05-15_dgeg_postos_raw.csv,ec9f6b9f93db93fb
2026-05-15,2026-05-15 14:31:32,2026-05-11 20:10:00,97d489a4bae60ca5,97d489a4bae60ca5_diesel_regular,"Petro- C.C. Carro Cheio,Supermercado,Lda.",FREITAS,diesel_regular,Gasóleo simples,Outro,1.979,Lousada,Porto,"Avenida da sobreira, Nº959",Caíde de Rei,4620-074,41.268375,-8.212089,"petro- c.c. carro cheio,supermercado,lda.",freitas,"avenida da sobreira, nº959","1,979 €",2026-05-15_dgeg_postos_raw.csv,1e8ac5919730914b
2026-05-15,2026-05-15 14:31:32,2026-05-11 20:10:00,97d489a4bae60ca5,97d489a4bae60ca5_gasoline_95,"Petro- C.C. Carro Cheio,Supermercado,Lda.",FREITAS,gasoline_95,Gasolina simples 95,Outro,1.982,Lousada,Porto,"Avenida da sobreira, Nº959",Caíde de Rei,4620-074,41.268375,-8.212089,"petro- c.c. carro cheio,supermercado,lda.",freitas,"avenida da sobreira, nº959","1,982 €",2026-05-15_dgeg_postos_raw.csv,2eec88c3ab4728a4
2026-05-15,2026-05-15 14:31:32,2026-05-11 20:15:00,e1e4fee982a91f6c,e1e4fee982a91f6c_diesel_regular,GALP Arruda dos Pisões - Sociedade de Combustíveis Arruda dos Pisões,GALP,diesel_regular,Gasóleo simples,Outro,2.069,Rio Maior,Santarém,"Estrada Principal, Nº51",Arruda dos Pisões,2040-041,39.31572,-8.844624,galp arruda dos pisões - sociedade de combustíveis arruda dos pisões,galp,"estrada principal, nº51","2,069 €",2026-05-15_dgeg_postos_raw.csv,3a6e01f47249c76e
2026-05-15,2026-05-15 14:31:32,2026-05-11 20:15:00,e1e4fee982a91f6c,e1e4fee982a91f6c_gasoline_95,GALP Arruda dos Pisões - Sociedade de Combustíveis Arruda dos Pisões,GALP,gasoline_95,Gasolina simples 95,Outro,2.062,Rio Maior,Santarém,"Estrada Principal, Nº51",Arruda dos Pisões,2040-041,39.31572,-8.844624,galp arruda dos pisões - sociedade de combustíveis arruda dos pisões,galp,"estrada principal, nº51","2,062 €",2026-05-15_dgeg_postos_raw.csv,3678a4c468be5323
2026-05-15,2026-05-15 14:31:32,2026-05-11 20:15:00,e1e4fee982a91f6c,e1e4fee982a91f6c_diesel_premium,GALP Arruda dos Pisões - Sociedade de Combustíveis Arruda dos Pisões,GALP,diesel_premium,Gasóleo especial,Outro,2.089,Rio Maior,Santarém,"Estrada Principal, Nº51",Arruda dos Pisões,2040-041,39.31572,-8.844624,galp arruda dos pisões - sociedade de combustíveis arruda dos pisões,galp,"estrada principal, nº51","2,089 €",2026-05-15_dgeg_postos_raw.csv,ed0a8e2aaf73d3a8
2026-05-15,2026-05-15 14:31:32,2026-05-11 20:30:00,0c317584dacd35eb,0c317584dacd35eb_diesel_premium,"Sodimagos - Supermercados, Lda",INTERMARCHÉ,diesel_premium,Gasóleo especial,Outro,1.959,Salvaterra de Magos,Santarém,EN 118 - Estrada do Rego,Salvaterra de Magos-Quinta da Pinheiroca,2120-115,39.02594,-8.78578,"sodimagos - supermercados, lda",intermarché,en 118 - estrada do rego,"1,959 €",2026-05-15_dgeg_postos_raw.csv,cd67d142d101d34d
2026-05-15,2026-05-15 14:31:32,2026-05-11 20:30:00,46f7f5a6a68c6bf6,46f7f5a6a68c6bf6_diesel_regular,"Moises & Filhos, Lda - Redil",REDIL,diesel_regular,Gasóleo simples,Outro,2.039,Trancoso,Guarda,IP2,Freches-Quinta da Regada,6420-437,40.71017,-7.36129,"moises & filhos, lda - redil",redil,ip2,"2,039 €",2026-05-15_dgeg_postos_raw.csv,24c2e6f8b3b7ccbe
2026-05-15,2026-05-15 14:31:32,2026-05-11 20:30:00,46f7f5a6a68c6bf6,46f7f5a6a68c6bf6_gasoline_95,"Moises & Filhos, Lda - Redil",REDIL,gasoline_95,Gasolina simples 95,Outro,2.039,Trancoso,Guarda,IP2,Freches-Quinta da Regada,6420-437,40.71017,-7.36129,"moises & filhos, lda - redil",redil,ip2,"2,039 €",2026-05-15_dgeg_postos_raw.csv,b1d19551ae8ef5f4
2026-05-15,2026-05-15 14:31:32,2026-05-11 20:30:00,3854e522ff091813,3854e522ff091813_diesel_regular,Flor de Campilhas,Genérico,diesel_regular,Gasóleo simples,Outro,1.925,Odemira,Beja,Estrada Nacional 262 nº 5Apartado 3243 - Bicos,Bicos,7630-711,37.81323,-8.49809,flor de campilhas,genérico,estrada nacional 262 nº 5apartado 3243 - bicos,"1,925 €",2026-05-15_dgeg_postos_raw.csv,df37481732c6996b
2026-05-15,2026-05-15 14:31:32,2026-05-11 20:30:00,3854e522ff091813,3854e522ff091813_diesel_premium,Flor de Campilhas,Genérico,diesel_premium,Gasóleo especial,Outro,1.935,Odemira,Beja,Estrada Nacional 262 nº 5Apartado 3243 - Bicos,Bicos,7630-711,37.81323,-8.49809,flor de campilhas,genérico,estrada nacional 262 nº 5apartado 3243 - bicos,"1,935 €",2026-05-15_dgeg_postos_raw.csv,d71858f5f137b224
2026-05-15,2026-05-15 14:31:32,2026-05-11 20:30:00,3854e522ff091813,3854e522ff091813_gasoline_95,Flor de Campilhas,Genérico,gasoline_95,Gasolina simples 95,Outro,1.939,Odemira,Beja,Estrada Nacional 262 nº 5Apartado 3243 - Bicos,Bicos,7630-711,37.81323,-8.49809,flor de campilhas,genérico,estrada nacional 262 nº 5apartado 3243 - bicos,"1,939 €",2026-05-15_dgeg_postos_raw.csv,ebd1c89c89f11741
2026-05-15,2026-05-15 14:31:32,2026-05-11 20:30:00,0c317584dacd35eb,0c317584dacd35eb_diesel_regular,"Sodimagos - Supermercados, Lda",INTERMARCHÉ,diesel_regular,Gasóleo simples,Outro,1.919,Salvaterra de Magos,Santarém,EN 118 - Estrada do Rego,Salvaterra de Magos-Quinta da Pinheiroca,2120-115,39.02594,-8.78578,"sodimagos - supermercados, lda",intermarché,en 118 - estrada do rego,"1,919 €",2026-05-15_dgeg_postos_raw.csv,c58c2ab12810d709
2026-05-15,2026-05-15 14:31:32,2026-05-11 20:30:00,0c317584dacd35eb,0c317584dacd35eb_gasoline_95,"Sodimagos - Supermercados, Lda",INTERMARCHÉ,gasoline_95,Gasolina simples 95,Outro,1.949,Salvaterra de Magos,Santarém,EN 118 - Estrada do Rego,Salvaterra de Magos-Quinta da Pinheiroca,2120-115,39.02594,-8.78578,"sodimagos - supermercados, lda",intermarché,en 118 - estrada do rego,"1,949 €",2026-05-15_dgeg_postos_raw.csv,f3fc52e9ed43bd6f
2026-05-15,2026-05-15 14:31:32,2026-05-11 20:30:00,98e82d6a56c27b2f,98e82d6a56c27b2f_diesel_regular,INTERMARCHÉ ESMORIZ,INTERMARCHÉ,diesel_regular,Gasóleo simples,Outro,1.929,Ovar,Aveiro,Rua dos Castanheiros Nº 46,Esmoriz,3885-504,40.96193,-8.61008,intermarché esmoriz,intermarché,rua dos castanheiros nº 46,"1,929 €",2026-05-15_dgeg_postos_raw.csv,7d8e03152e7c4438
2026-05-15,2026-05-15 14:31:32,2026-05-11 20:30:00,98e82d6a56c27b2f,98e82d6a56c27b2f_diesel_premium,INTERMARCHÉ ESMORIZ,INTERMARCHÉ,diesel_premium,Gasóleo especial,Outro,1.949,Ovar,Aveiro,Rua dos Castanheiros Nº 46,Esmoriz,3885-504,40.96193,-8.61008,intermarché esmoriz,intermarché,rua dos castanheiros nº 46,"1,949 €",2026-05-15_dgeg_postos_raw.csv,0aa4c2fe7a38d55d
2026-05-15,2026-05-15 14:31:32,2026-05-11 20:30:00,98e82d6a56c27b2f,98e82d6a56c27b2f_gasoline_95,INTERMARCHÉ ESMORIZ,INTERMARCHÉ,gasoline_95,Gasolina simples 95,Outro,1.919,Ovar,Aveiro,Rua dos Castanheiros Nº 46,Esmoriz,3885-504,40.96193,-8.61008,intermarché esmoriz,intermarché,rua dos castanheiros nº 46,"1,919 €",2026-05-15_dgeg_postos_raw.csv,07079073c05747ed
2026-05-15,2026-05-15 14:31:32,2026-05-11 20:40:00,4da0d506dcb572e1,4da0d506dcb572e1_diesel_regular,INTERMARCHE OLIVEIRA DOURO,INTERMARCHÉ,diesel_regular,Gasóleo simples,Outro,1.939,Vila Nova de Gaia,Porto,"RUA PROFESSOR JOSÉ BONAPARTE, 609",OLIVEIRA DO DOURO,4430-438,41.122243,-8.590325,intermarche oliveira douro,intermarché,"rua professor josé bonaparte, 609","1,939 €",2026-05-15_dgeg_postos_raw.csv,2aa27148817248ad
2026-05-15,2026-05-15 14:31:32,2026-05-11 20:40:00,4da0d506dcb572e1,4da0d506dcb572e1_gasoline_95,INTERMARCHE OLIVEIRA DOURO,INTERMARCHÉ,gasoline_95,Gasolina simples 95,Outro,1.919,Vila Nova de Gaia,Porto,"RUA PROFESSOR JOSÉ BONAPARTE, 609",OLIVEIRA DO DOURO,4430-438,41.122243,-8.590325,intermarche oliveira douro,intermarché,"rua professor josé bonaparte, 609","1,919 €",2026-05-15_dgeg_postos_raw.csv,08464ee304ddd744
2026-05-15,2026-05-15 14:31:32,2026-05-11 20:40:00,4da0d506dcb572e1,4da0d506dcb572e1_diesel_premium,INTERMARCHE OLIVEIRA DOURO,INTERMARCHÉ,diesel_premium,Gasóleo especial,Outro,1.959,Vila Nova de Gaia,Porto,"RUA PROFESSOR JOSÉ BONAPARTE, 609",OLIVEIRA DO DOURO,4430-438,41.122243,-8.590325,intermarche oliveira douro,intermarché,"rua professor josé bonaparte, 609","1,959 €",2026-05-15_dgeg_postos_raw.csv,254f4a8c8afc9f94
2026-05-15,2026-05-15 14:31:32,2026-05-11 20:45:00,2556e71e44f70c6c,2556e71e44f70c6c_diesel_regular,Intermarché de Serpa,INTERMARCHÉ,diesel_regular,Gasóleo simples,Outro,1.989,Serpa,Beja,HORTINHA,Serpa,7830-389,37.938972,-7.603837,intermarché de serpa,intermarché,hortinha,"1,989 €",2026-05-15_dgeg_postos_raw.csv,4908eb03d3124654
2026-05-15,2026-05-15 14:31:32,2026-05-11 20:45:00,2556e71e44f70c6c,2556e71e44f70c6c_diesel_premium,Intermarché de Serpa,INTERMARCHÉ,diesel_premium,Gasóleo especial,Outro,2.039,Serpa,Beja,HORTINHA,Serpa,7830-389,37.938972,-7.603837,intermarché de serpa,intermarché,hortinha,"2,039 €",2026-05-15_dgeg_postos_raw.csv,2c59e2106d8f372f
2026-05-15,2026-05-15 14:31:32,2026-05-11 20:45:00,2556e71e44f70c6c,2556e71e44f70c6c_gasoline_95,Intermarché de Serpa,INTERMARCHÉ,gasoline_95,Gasolina simples 95,Outro,1.992,Serpa,Beja,HORTINHA,Serpa,7830-389,37.938972,-7.603837,intermarché de serpa,intermarché,hortinha,"1,992 €",2026-05-15_dgeg_postos_raw.csv,eaacbafd832ea431
2026-05-15,2026-05-15 14:31:32,2026-05-11 20:45:00,aaef9e474e4f9097,aaef9e474e4f9097_diesel_regular,E.S. BARREIRO,REPSOL,diesel_regular,Gasóleo simples,Outro,2.029,Barreiro,Setúbal,Rua Dr. Miguel Bombarda nº 278-280,Barreiro,2830-000,38.65351,-9.06665,e.s. barreiro,repsol,rua dr. miguel bombarda nº 278-280,"2,029 €",2026-05-15_dgeg_postos_raw.csv,a08097a365e3a642
2026-05-15,2026-05-15 14:31:32,2026-05-11 20:45:00,aaef9e474e4f9097,aaef9e474e4f9097_diesel_premium,E.S. BARREIRO,REPSOL,diesel_premium,Gasóleo especial,Outro,2.089,Barreiro,Setúbal,Rua Dr. Miguel Bombarda nº 278-280,Barreiro,2830-000,38.65351,-9.06665,e.s. barreiro,repsol,rua dr. miguel bombarda nº 278-280,"2,089 €",2026-05-15_dgeg_postos_raw.csv,825500dc73b0db70
2026-05-15,2026-05-15 14:31:32,2026-05-11 20:45:00,aaef9e474e4f9097,aaef9e474e4f9097_gasoline_95,E.S. BARREIRO,REPSOL,gasoline_95,Gasolina simples 95,Outro,2.027,Barreiro,Setúbal,Rua Dr. Miguel Bombarda nº 278-280,Barreiro,2830-000,38.65351,-9.06665,e.s. barreiro,repsol,rua dr. miguel bombarda nº 278-280,"2,027 €",2026-05-15_dgeg_postos_raw.csv,8521b8c38a68b6d4
2026-05-15,2026-05-15 14:31:32,2026-05-11 20:45:00,6ad4d54f3d17519b,6ad4d54f3d17519b_diesel_regular,INTERMARCHÉ ARRUDA DOS VINHOS,INTERMARCHÉ,diesel_regular,Gasóleo simples,Outro,2.029,Arruda dos Vinhos,Lisboa,Casais da Cruz - Fresca,Arruda dos Vinhos,2630-310,38.99802,-9.08514,intermarché arruda dos vinhos,intermarché,casais da cruz - fresca,"2,029 €",2026-05-15_dgeg_postos_raw.csv,92c37bbdcfdf3b73
2026-05-15,2026-05-15 14:31:32,2026-05-11 20:45:00,6ad4d54f3d17519b,6ad4d54f3d17519b_diesel_premium,INTERMARCHÉ ARRUDA DOS VINHOS,INTERMARCHÉ,diesel_premium,Gasóleo especial,Outro,2.079,Arruda dos Vinhos,Lisboa,Casais da Cruz - Fresca,Arruda dos Vinhos,2630-310,38.99802,-9.08514,intermarché arruda dos vinhos,intermarché,casais da cruz - fresca,"2,079 €",2026-05-15_dgeg_postos_raw.csv,3ebc0869862619d6
2026-05-15,2026-05-15 14:31:32,2026-05-11 20:45:00,6ad4d54f3d17519b,6ad4d54f3d17519b_gasoline_95,INTERMARCHÉ ARRUDA DOS VINHOS,INTERMARCHÉ,gasoline_95,Gasolina simples 95,Outro,2.029,Arruda dos Vinhos,Lisboa,Casais da Cruz - Fresca,Arruda dos Vinhos,2630-310,38.99802,-9.08514,intermarché arruda dos vinhos,intermarché,casais da cruz - fresca,"2,029 €",2026-05-15_dgeg_postos_raw.csv,88e8964cf66c221b
2026-05-15,2026-05-15 14:31:32,2026-05-11 21:00:00,e7fe1c9a96140bd9,e7fe1c9a96140bd9_diesel_regular,"SODIREAL-SUPERMERCADOS, LDA",INTERMARCHÉ,diesel_regular,Gasóleo simples,Outro,1.979,Montemor-o-Novo,Évora,AV.GAGO COUTINHO,MONTEMOR-O-NOVO,7050-101,38.64632,-8.20562,"sodireal-supermercados, lda",intermarché,av.gago coutinho,"1,979 €",2026-05-15_dgeg_postos_raw.csv,f45606afce3be52a
2026-05-15,2026-05-15 14:31:32,2026-05-11 21:00:00,e7fe1c9a96140bd9,e7fe1c9a96140bd9_diesel_premium,"SODIREAL-SUPERMERCADOS, LDA",INTERMARCHÉ,diesel_premium,Gasóleo especial,Outro,2.019,Montemor-o-Novo,Évora,AV.GAGO COUTINHO,MONTEMOR-O-NOVO,7050-101,38.64632,-8.20562,"sodireal-supermercados, lda",intermarché,av.gago coutinho,"2,019 €",2026-05-15_dgeg_postos_raw.csv,dc6844e5b5fc7f51
2026-05-15,2026-05-15 14:31:32,2026-05-11 21:00:00,e7fe1c9a96140bd9,e7fe1c9a96140bd9_gasoline_95,"SODIREAL-SUPERMERCADOS, LDA",INTERMARCHÉ,gasoline_95,Gasolina simples 95,Outro,1.982,Montemor-o-Novo,Évora,AV.GAGO COUTINHO,MONTEMOR-O-NOVO,7050-101,38.64632,-8.20562,"sodireal-supermercados, lda",intermarché,av.gago coutinho,"1,982 €",2026-05-15_dgeg_postos_raw.csv,bcdc8f61ada1ed42
2026-05-15,2026-05-15 14:31:32,2026-05-11 21:00:00,fd67cc314776b84a,fd67cc314776b84a_diesel_regular,INTERMARCHÉ CANTANHEDE,INTERMARCHÉ,diesel_regular,Gasóleo simples,Outro,1.878,Cantanhede,Coimbra,Lugar do Freixial,Cantanhede,3060-228,40.35034,-8.58628,intermarché cantanhede,intermarché,lugar do freixial,"1,878 €",2026-05-15_dgeg_postos_raw.csv,aa51104e651da663
2026-05-15,2026-05-15 14:31:32,2026-05-11 21:00:00,fd67cc314776b84a,fd67cc314776b84a_diesel_premium,INTERMARCHÉ CANTANHEDE,INTERMARCHÉ,diesel_premium,Gasóleo especial,Outro,1.918,Cantanhede,Coimbra,Lugar do Freixial,Cantanhede,3060-228,40.35034,-8.58628,intermarché cantanhede,intermarché,lugar do freixial,"1,918 €",2026-05-15_dgeg_postos_raw.csv,82c3954dcc7e828d
2026-05-15,2026-05-15 14:31:32,2026-05-11 21:00:00,fd67cc314776b84a,fd67cc314776b84a_gasoline_95,INTERMARCHÉ CANTANHEDE,INTERMARCHÉ,gasoline_95,Gasolina simples 95,Outro,1.885,Cantanhede,Coimbra,Lugar do Freixial,Cantanhede,3060-228,40.35034,-8.58628,intermarché cantanhede,intermarché,lugar do freixial,"1,885 €",2026-05-15_dgeg_postos_raw.csv,69ba2c662036fa60
2026-05-15,2026-05-15 14:31:32,2026-05-11 21:00:00,5bbbe8c4b6b11acb,5bbbe8c4b6b11acb_diesel_premium,E. LECLERC AMORA,LECLERC,diesel_premium,Gasóleo especial,Outro,1.958,Seixal,Setúbal,Av. Marginal Silva Gomes,Amora,2845-000,38.625215,-9.111194,e. leclerc amora,leclerc,av. marginal silva gomes,"1,958 €",2026-05-15_dgeg_postos_raw.csv,790927a8450c56a8
2026-05-15,2026-05-15 14:31:32,2026-05-11 21:00:00,5bbbe8c4b6b11acb,5bbbe8c4b6b11acb_diesel_regular,E. LECLERC AMORA,LECLERC,diesel_regular,Gasóleo simples,Outro,1.908,Seixal,Setúbal,Av. Marginal Silva Gomes,Amora,2845-000,38.625215,-9.111194,e. leclerc amora,leclerc,av. marginal silva gomes,"1,908 €",2026-05-15_dgeg_postos_raw.csv,a1d491e53edaf7f3
2026-05-15,2026-05-15 14:31:32,2026-05-11 21:00:00,5bbbe8c4b6b11acb,5bbbe8c4b6b11acb_gasoline_95,E. LECLERC AMORA,LECLERC,gasoline_95,Gasolina simples 95,Outro,1.948,Seixal,Setúbal,Av. Marginal Silva Gomes,Amora,2845-000,38.625215,-9.111194,e. leclerc amora,leclerc,av. marginal silva gomes,"1,948 €",2026-05-15_dgeg_postos_raw.csv,7fcb4f4c0da53254
2026-05-15,2026-05-15 14:31:32,2026-05-11 21:00:00,0ea3ab6934fd6e5d,0ea3ab6934fd6e5d_gasoline_95,PA Corticeiro de Cima - Apolinário & Filho,Genérico,gasoline_95,Gasolina simples 95,Outro,2.014,Cantanhede,Coimbra,Rua dos Emigrantes 36,Corticeiro de Cima,3060-752,40.42824,-8.667011,pa corticeiro de cima - apolinário & filho,genérico,rua dos emigrantes 36,"2,014 €",2026-05-15_dgeg_postos_raw.csv,f8610aaa82bad6ec
2026-05-15,2026-05-15 14:31:32,2026-05-11 21:00:00,0ea3ab6934fd6e5d,0ea3ab6934fd6e5d_diesel_regular,PA Corticeiro de Cima - Apolinário & Filho,Genérico,diesel_regular,Gasóleo simples,Outro,2.007,Cantanhede,Coimbra,Rua dos Emigrantes 36,Corticeiro de Cima,3060-752,40.42824,-8.667011,pa corticeiro de cima - apolinário & filho,genérico,rua dos emigrantes 36,"2,007 €",2026-05-15_dgeg_postos_raw.csv,cac62874432a51a0
2026-05-15,2026-05-15 14:31:32,2026-05-11 21:00:00,0ea3ab6934fd6e5d,0ea3ab6934fd6e5d_diesel_premium,PA Corticeiro de Cima - Apolinário & Filho,Genérico,diesel_premium,Gasóleo especial,Outro,2.027,Cantanhede,Coimbra,Rua dos Emigrantes 36,Corticeiro de Cima,3060-752,40.42824,-8.667011,pa corticeiro de cima - apolinário & filho,genérico,rua dos emigrantes 36,"2,027 €",2026-05-15_dgeg_postos_raw.csv,3d347a57792cefbf
2026-05-15,2026-05-15 14:31:32,2026-05-11 21:00:00,44063a330fbce421,44063a330fbce421_diesel_regular,INTERMARCHÉ Vila do Prado,INTERMARCHÉ,diesel_regular,Gasóleo simples,Outro,1.895,Vila Verde,Braga,Lugar de Estrada ou Outeiro,Vila de Prado,4730-466,41.605434,-8.467021,intermarché vila do prado,intermarché,lugar de estrada ou outeiro,"1,895 €",2026-05-15_dgeg_postos_raw.csv,e01c4fc3ebaf03b3
2026-05-15,2026-05-15 14:31:32,2026-05-11 21:00:00,44063a330fbce421,44063a330fbce421_diesel_premium,INTERMARCHÉ Vila do Prado,INTERMARCHÉ,diesel_premium,Gasóleo especial,Outro,1.925,Vila Verde,Braga,Lugar de Estrada ou Outeiro,Vila de Prado,4730-466,41.605434,-8.467021,intermarché vila do prado,intermarché,lugar de estrada ou outeiro,"1,925 €",2026-05-15_dgeg_postos_raw.csv,4c34a7a6bb7d49e4
2026-05-15,2026-05-15 14:31:32,2026-05-11 21:00:00,44063a330fbce421,44063a330fbce421_gasoline_95,INTERMARCHÉ Vila do Prado,INTERMARCHÉ,gasoline_95,Gasolina simples 95,Outro,1.895,Vila Verde,Braga,Lugar de Estrada ou Outeiro,Vila de Prado,4730-466,41.605434,-8.467021,intermarché vila do prado,intermarché,lugar de estrada ou outeiro,"1,895 €",2026-05-15_dgeg_postos_raw.csv,557c82a0ecddb954
2026-05-15,2026-05-15 14:31:32,2026-05-11 21:05:00,bd9b19d1410b4339,bd9b19d1410b4339_diesel_regular,Intermarché Ourém - PA Intermarché Ourém,INTERMARCHÉ,diesel_regular,Gasóleo simples,Outro,1.899,Ourém,Santarém,"CC Vila Shopping, Rua dos Namorados, Loja13",Ourém,2490-339,39.65377,-8.591476,intermarché ourém - pa intermarché ourém,intermarché,"cc vila shopping, rua dos namorados, loja13","1,899 €",2026-05-15_dgeg_postos_raw.csv,cb93df08d13a4454
2026-05-15,2026-05-15 14:31:32,2026-05-11 21:05:00,bd9b19d1410b4339,bd9b19d1410b4339_diesel_premium,Intermarché Ourém - PA Intermarché Ourém,INTERMARCHÉ,diesel_premium,Gasóleo especial,Outro,1.929,Ourém,Santarém,"CC Vila Shopping, Rua dos Namorados, Loja13",Ourém,2490-339,39.65377,-8.591476,intermarché ourém - pa intermarché ourém,intermarché,"cc vila shopping, rua dos namorados, loja13","1,929 €",2026-05-15_dgeg_postos_raw.csv,1e7fb5ec1c348d62
2026-05-15,2026-05-15 14:31:32,2026-05-11 21:05:00,bd9b19d1410b4339,bd9b19d1410b4339_gasoline_95,Intermarché Ourém - PA Intermarché Ourém,INTERMARCHÉ,gasoline_95,Gasolina simples 95,Outro,1.929,Ourém,Santarém,"CC Vila Shopping, Rua dos Namorados, Loja13",Ourém,2490-339,39.65377,-8.591476,intermarché ourém - pa intermarché ourém,intermarché,"cc vila shopping, rua dos namorados, loja13","1,929 €",2026-05-15_dgeg_postos_raw.csv,77d700eac98dfeb3
2026-05-15,2026-05-15 14:31:32,2026-05-11 21:05:00,ab1e64532e30cd4e,ab1e64532e30cd4e_diesel_regular,Intermarché da Marinha Grande,INTERMARCHÉ,diesel_regular,Gasóleo simples,Outro,1.919,Marinha Grande,Leiria,Av. José Gregório\r\n,Marinha Grande,2430-275,39.75694,-8.93315,intermarché da marinha grande,intermarché,av. josé gregório\r\n,"1,919 €",2026-05-15_dgeg_postos_raw.csv,adbc8e69a39b7dbe
2026-05-15,2026-05-15 14:31:32,2026-05-11 21:05:00,ab1e64532e30cd4e,ab1e64532e30cd4e_diesel_premium,Intermarché da Marinha Grande,INTERMARCHÉ,diesel_premium,Gasóleo especial,Outro,1.959,Marinha Grande,Leiria,Av. José Gregório\r\n,Marinha Grande,2430-275,39.75694,-8.93315,intermarché da marinha grande,intermarché,av. josé gregório\r\n,"1,959 €",2026-05-15_dgeg_postos_raw.csv,de5358a1cd43fdee
2026-05-15,2026-05-15 14:31:32,2026-05-11 21:05:00,ab1e64532e30cd4e,ab1e64532e30cd4e_gasoline_95,Intermarché da Marinha Grande,INTERMARCHÉ,gasoline_95,Gasolina simples 95,Outro,1.919,Marinha Grande,Leiria,Av. José Gregório\r\n,Marinha Grande,2430-275,39.75694,-8.93315,intermarché da marinha grande,intermarché,av. josé gregório\r\n,"1,919 €",2026-05-15_dgeg_postos_raw.csv,6071a98fe45e342e
2026-05-15,2026-05-15 14:31:32,2026-05-11 21:10:00,24d57e80d0964041,24d57e80d0964041_diesel_regular,Alves Bandeira -  Lagameças,ALVES BANDEIRA,diesel_regular,Gasóleo simples,Outro,2.035,Palmela,Setúbal,Estrada Municipal 533- Lagameças,Lagameças,2965-261,38.60538,-8.782346,alves bandeira - lagameças,alves bandeira,estrada municipal 533- lagameças,"2,035 €",2026-05-15_dgeg_postos_raw.csv,9f01b5ace7d93d33
2026-05-15,2026-05-15 14:31:32,2026-05-11 21:10:00,24d57e80d0964041,24d57e80d0964041_diesel_premium,Alves Bandeira -  Lagameças,ALVES BANDEIRA,diesel_premium,Gasóleo especial,Outro,2.09,Palmela,Setúbal,Estrada Municipal 533- Lagameças,Lagameças,2965-261,38.60538,-8.782346,alves bandeira - lagameças,alves bandeira,estrada municipal 533- lagameças,"2,090 €",2026-05-15_dgeg_postos_raw.csv,0a0654ff60dd05a0
2026-05-15,2026-05-15 14:31:32,2026-05-11 21:10:00,24d57e80d0964041,24d57e80d0964041_gasoline_95,Alves Bandeira -  Lagameças,ALVES BANDEIRA,gasoline_95,Gasolina simples 95,Outro,2.035,Palmela,Setúbal,Estrada Municipal 533- Lagameças,Lagameças,2965-261,38.60538,-8.782346,alves bandeira - lagameças,alves bandeira,estrada municipal 533- lagameças,"2,035 €",2026-05-15_dgeg_postos_raw.csv,1c5d64e8e2b56704
2026-05-15,2026-05-15 14:31:32,2026-05-11 21:15:00,16ba0792e433dcec,16ba0792e433dcec_diesel_regular,António Alberto Tomé,ALVES BANDEIRA,diesel_regular,Gasóleo simples,Outro,2.035,Pinhel,Guarda,Lugar da Rasa - Cruzamento de Pala,Valbom,6400-261,40.77953,-7.13997,antónio alberto tomé,alves bandeira,lugar da rasa - cruzamento de pala,"2,035 €",2026-05-15_dgeg_postos_raw.csv,20064cf86a179844
2026-05-15,2026-05-15 14:31:32,2026-05-11 21:15:00,16ba0792e433dcec,16ba0792e433dcec_gasoline_95,António Alberto Tomé,ALVES BANDEIRA,gasoline_95,Gasolina simples 95,Outro,2.041,Pinhel,Guarda,Lugar da Rasa - Cruzamento de Pala,Valbom,6400-261,40.77953,-7.13997,antónio alberto tomé,alves bandeira,lugar da rasa - cruzamento de pala,"2,041 €",2026-05-15_dgeg_postos_raw.csv,7cec4fe98f6c498c
2026-05-15,2026-05-15 14:31:32,2026-05-11 21:15:00,16ba0792e433dcec,16ba0792e433dcec_diesel_premium,António Alberto Tomé,ALVES BANDEIRA,diesel_premium,Gasóleo especial,Outro,2.055,Pinhel,Guarda,Lugar da Rasa - Cruzamento de Pala,Valbom,6400-261,40.77953,-7.13997,antónio alberto tomé,alves bandeira,lugar da rasa - cruzamento de pala,"2,055 €",2026-05-15_dgeg_postos_raw.csv,ee204c8cd3bc5989
2026-05-15,2026-05-15 14:31:32,2026-05-11 21:25:00,16d1365200020b4b,16d1365200020b4b_diesel_regular,INTERMARCHÉ DE AZAMBUJA,INTERMARCHÉ,diesel_regular,Gasóleo simples,Outro,1.919,Azambuja,Lisboa,Quinta da Marquesa,Azambuja,2050-276,39.07408,-8.8609,intermarché de azambuja,intermarché,quinta da marquesa,"1,919 €",2026-05-15_dgeg_postos_raw.csv,f986325ebce6b92a
2026-05-15,2026-05-15 14:31:32,2026-05-11 21:25:00,16d1365200020b4b,16d1365200020b4b_diesel_premium,INTERMARCHÉ DE AZAMBUJA,INTERMARCHÉ,diesel_premium,Gasóleo especial,Outro,1.959,Azambuja,Lisboa,Quinta da Marquesa,Azambuja,2050-276,39.07408,-8.8609,intermarché de azambuja,intermarché,quinta da marquesa,"1,959 €",2026-05-15_dgeg_postos_raw.csv,ecad2c967f6d0cc7
2026-05-15,2026-05-15 14:31:32,2026-05-11 21:25:00,16d1365200020b4b,16d1365200020b4b_gasoline_95,INTERMARCHÉ DE AZAMBUJA,INTERMARCHÉ,gasoline_95,Gasolina simples 95,Outro,1.919,Azambuja,Lisboa,Quinta da Marquesa,Azambuja,2050-276,39.07408,-8.8609,intermarché de azambuja,intermarché,quinta da marquesa,"1,919 €",2026-05-15_dgeg_postos_raw.csv,2a21713f441d7159
2026-05-15,2026-05-15 14:31:32,2026-05-11 21:25:00,13d73e16adcb68d9,13d73e16adcb68d9_diesel_regular,VALDEMAR MORAIS DE MELO,ILÍDIO MOTA,diesel_regular,Gasóleo simples,Outro,1.96,Chaves,Vila Real,"EN 503, KM 182.25",Bolideira,5400-601,41.77574,-7.32943,valdemar morais de melo,ilídio mota,"en 503, km 182.25","1,960 €",2026-05-15_dgeg_postos_raw.csv,aeb493f7cde2e35f
2026-05-15,2026-05-15 14:31:32,2026-05-11 21:25:00,13d73e16adcb68d9,13d73e16adcb68d9_diesel_premium,VALDEMAR MORAIS DE MELO,ILÍDIO MOTA,diesel_premium,Gasóleo especial,Outro,1.98,Chaves,Vila Real,"EN 503, KM 182.25",Bolideira,5400-601,41.77574,-7.32943,valdemar morais de melo,ilídio mota,"en 503, km 182.25","1,980 €",2026-05-15_dgeg_postos_raw.csv,11ea42fc6ee44b35
2026-05-15,2026-05-15 14:31:32,2026-05-11 21:25:00,13d73e16adcb68d9,13d73e16adcb68d9_gasoline_95,VALDEMAR MORAIS DE MELO,ILÍDIO MOTA,gasoline_95,Gasolina simples 95,Outro,1.93,Chaves,Vila Real,"EN 503, KM 182.25",Bolideira,5400-601,41.77574,-7.32943,valdemar morais de melo,ilídio mota,"en 503, km 182.25","1,930 €",2026-05-15_dgeg_postos_raw.csv,e5f7a94cb225d160
2026-05-15,2026-05-15 14:31:32,2026-05-11 21:30:00,5471dcb0f481de05,5471dcb0f481de05_diesel_regular,Intermarché  de  Abrantes,INTERMARCHÉ,diesel_regular,Gasóleo simples,Outro,1.905,Abrantes,Santarém,Av. António Farinha Pereira\nEN nº 244 ao Km 25.31  lado direito,Alferrarede,2200-042,39.474735,-8.192033,intermarché de abrantes,intermarché,av. antónio farinha pereira\nen nº 244 ao km 25.31 lado direito,"1,905 €",2026-05-15_dgeg_postos_raw.csv,f7983b1759ad6c79
2026-05-15,2026-05-15 14:31:32,2026-05-11 21:30:00,5471dcb0f481de05,5471dcb0f481de05_diesel_premium,Intermarché  de  Abrantes,INTERMARCHÉ,diesel_premium,Gasóleo especial,Outro,1.945,Abrantes,Santarém,Av. António Farinha Pereira\nEN nº 244 ao Km 25.31  lado direito,Alferrarede,2200-042,39.474735,-8.192033,intermarché de abrantes,intermarché,av. antónio farinha pereira\nen nº 244 ao km 25.31 lado direito,"1,945 €",2026-05-15_dgeg_postos_raw.csv,1dcd6a78f038b97f
2026-05-15,2026-05-15 14:31:32,2026-05-11 21:30:00,5471dcb0f481de05,5471dcb0f481de05_gasoline_95,Intermarché  de  Abrantes,INTERMARCHÉ,gasoline_95,Gasolina simples 95,Outro,1.935,Abrantes,Santarém,Av. António Farinha Pereira\nEN nº 244 ao Km 25.31  lado direito,Alferrarede,2200-042,39.474735,-8.192033,intermarché de abrantes,intermarché,av. antónio farinha pereira\nen nº 244 ao km 25.31 lado direito,"1,935 €",2026-05-15_dgeg_postos_raw.csv,3faeed8fe05740f5
2026-05-15,2026-05-15 14:31:32,2026-05-11 21:40:00,616daec3fed1aa74,616daec3fed1aa74_diesel_regular,BP Arada - Ovar,BP,diesel_regular,Gasóleo simples,Outro,2.109,Ovar,Aveiro,"EN 109 – KM 29,90 – Olho Marinho",Arada,3885-113,40.904896,-8.612761,bp arada - ovar,bp,"en 109 – km 29,90 – olho marinho","2,109 €",2026-05-15_dgeg_postos_raw.csv,cae5cadaac896ba3
2026-05-15,2026-05-15 14:31:32,2026-05-11 21:40:00,616daec3fed1aa74,616daec3fed1aa74_diesel_premium,BP Arada - Ovar,BP,diesel_premium,Gasóleo especial,Outro,2.229,Ovar,Aveiro,"EN 109 – KM 29,90 – Olho Marinho",Arada,3885-113,40.904896,-8.612761,bp arada - ovar,bp,"en 109 – km 29,90 – olho marinho","2,229 €",2026-05-15_dgeg_postos_raw.csv,2c18e96e9923286c
2026-05-15,2026-05-15 14:31:32,2026-05-11 21:40:00,616daec3fed1aa74,616daec3fed1aa74_gasoline_95,BP Arada - Ovar,BP,gasoline_95,Gasolina simples 95,Outro,2.099,Ovar,Aveiro,"EN 109 – KM 29,90 – Olho Marinho",Arada,3885-113,40.904896,-8.612761,bp arada - ovar,bp,"en 109 – km 29,90 – olho marinho","2,099 €",2026-05-15_dgeg_postos_raw.csv,bdca5eec083aaed8
2026-05-15,2026-05-15 14:31:32,2026-05-11 21:40:00,616daec3fed1aa74,616daec3fed1aa74_gasoline_98,BP Arada - Ovar,BP,gasoline_98,Gasolina especial 98,Outro,2.299,Ovar,Aveiro,"EN 109 – KM 29,90 – Olho Marinho",Arada,3885-113,40.904896,-8.612761,bp arada - ovar,bp,"en 109 – km 29,90 – olho marinho","2,299 €",2026-05-15_dgeg_postos_raw.csv,59b34eabadafe813
2026-05-15,2026-05-15 14:31:32,2026-05-11 21:55:00,1238e32c9fe98993,1238e32c9fe98993_diesel_regular,Intermarché Vale Pedras,INTERMARCHÉ,diesel_regular,Gasóleo simples,Outro,1.909,Albufeira,Faro,"Estrada de Vale Pedras, Edifício Intermarché",Albufeira,8200-047,37.103773,-8.234181,intermarché vale pedras,intermarché,"estrada de vale pedras, edifício intermarché","1,909 €",2026-05-15_dgeg_postos_raw.csv,6897dddb91671b2c
2026-05-15,2026-05-15 14:31:32,2026-05-11 21:55:00,1238e32c9fe98993,1238e32c9fe98993_gasoline_95,Intermarché Vale Pedras,INTERMARCHÉ,gasoline_95,Gasolina simples 95,Outro,1.889,Albufeira,Faro,"Estrada de Vale Pedras, Edifício Intermarché",Albufeira,8200-047,37.103773,-8.234181,intermarché vale pedras,intermarché,"estrada de vale pedras, edifício intermarché","1,889 €",2026-05-15_dgeg_postos_raw.csv,246cc82d5ed74cc7
2026-05-15,2026-05-15 14:31:32,2026-05-11 21:55:00,1238e32c9fe98993,1238e32c9fe98993_diesel_premium,Intermarché Vale Pedras,INTERMARCHÉ,diesel_premium,Gasóleo especial,Outro,1.929,Albufeira,Faro,"Estrada de Vale Pedras, Edifício Intermarché",Albufeira,8200-047,37.103773,-8.234181,intermarché vale pedras,intermarché,"estrada de vale pedras, edifício intermarché","1,929 €",2026-05-15_dgeg_postos_raw.csv,74ed12c29f0adfb9
2026-05-15,2026-05-15 14:31:32,2026-05-11 22:00:00,1b323a7c62d13ca6,1b323a7c62d13ca6_diesel_premium,FREITAS - Priscos - Braga,FREITAS,diesel_premium,Gasóleo especial,Outro,2.029,Braga,Braga,Av. Padre Manuel Joaquim Rebelo (EN 14),Priscos,4705-578,41.489304,-8.471395,freitas - priscos - braga,freitas,av. padre manuel joaquim rebelo (en 14),"2,029 €",2026-05-15_dgeg_postos_raw.csv,de4cef76c66538c1
2026-05-15,2026-05-15 14:31:32,2026-05-11 22:00:00,e11fe208e5031ec3,e11fe208e5031ec3_diesel_premium,GALP Mozelos - Franclim Prata,GALP,diesel_premium,Gasóleo especial,Outro,2.105,Santa Maria da Feira,Aveiro,"Rua de Meladas, 915",Mozelos,4535-186,40.992317,-8.575613,galp mozelos - franclim prata,galp,"rua de meladas, 915","2,105 €",2026-05-15_dgeg_postos_raw.csv,2dc71c991c8087da
2026-05-15,2026-05-15 14:31:32,2026-05-11 22:00:00,801a47092349b090,801a47092349b090_diesel_regular,PA Almeida-Azinhal,ALVES BANDEIRA,diesel_regular,Gasóleo simples,Outro,2.045,Almeida,Guarda,"EN 324 - km 92,900",Azinhal,6350-031,40.684624,-6.979404,pa almeida-azinhal,alves bandeira,"en 324 - km 92,900","2,045 €",2026-05-15_dgeg_postos_raw.csv,33f00d17dc00dced
2026-05-15,2026-05-15 14:31:32,2026-05-11 22:00:00,801a47092349b090,801a47092349b090_diesel_premium,PA Almeida-Azinhal,ALVES BANDEIRA,diesel_premium,Gasóleo especial,Outro,2.065,Almeida,Guarda,"EN 324 - km 92,900",Azinhal,6350-031,40.684624,-6.979404,pa almeida-azinhal,alves bandeira,"en 324 - km 92,900","2,065 €",2026-05-15_dgeg_postos_raw.csv,bae7d367ff4ab266
2026-05-15,2026-05-15 14:31:32,2026-05-11 22:00:00,801a47092349b090,801a47092349b090_gasoline_95,PA Almeida-Azinhal,ALVES BANDEIRA,gasoline_95,Gasolina simples 95,Outro,2.051,Almeida,Guarda,"EN 324 - km 92,900",Azinhal,6350-031,40.684624,-6.979404,pa almeida-azinhal,alves bandeira,"en 324 - km 92,900","2,051 €",2026-05-15_dgeg_postos_raw.csv,b75151a7454e5802
2026-05-15,2026-05-15 14:31:32,2026-05-11 22:00:00,78151fcdba3d3fd4,78151fcdba3d3fd4_diesel_regular,"Posto de Abastecimento Auto Albergue, Lda.",Genérico,diesel_regular,Gasóleo simples,Outro,1.979,Pombal,Leiria,R. do Castelo,Albergaria dos Doze,3100-081,39.80369,-8.59071,"posto de abastecimento auto albergue, lda.",genérico,r. do castelo,"1,979 €",2026-05-15_dgeg_postos_raw.csv,8db8ad84b332fa64
2026-05-15,2026-05-15 14:31:32,2026-05-11 22:00:00,78151fcdba3d3fd4,78151fcdba3d3fd4_gasoline_95,"Posto de Abastecimento Auto Albergue, Lda.",Genérico,gasoline_95,Gasolina simples 95,Outro,1.999,Pombal,Leiria,R. do Castelo,Albergaria dos Doze,3100-081,39.80369,-8.59071,"posto de abastecimento auto albergue, lda.",genérico,r. do castelo,"1,999 €",2026-05-15_dgeg_postos_raw.csv,313441844fb5164d
2026-05-15,2026-05-15 14:31:32,2026-05-11 22:00:00,1a8ca7c935a5b308,1a8ca7c935a5b308_diesel_regular,Intermarche de Vila Real de Santo Antonio,INTERMARCHÉ,diesel_regular,Gasóleo simples,Outro,1.839,Vila Real de Santo António,Faro,Largo da Estação,Vila Real de Santo António,8900-216,37.19962,-7.4196,intermarche de vila real de santo antonio,intermarché,largo da estação,"1,839 €",2026-05-15_dgeg_postos_raw.csv,3e3c764c0497415a
2026-05-15,2026-05-15 14:31:32,2026-05-11 22:00:00,1a8ca7c935a5b308,1a8ca7c935a5b308_diesel_premium,Intermarche de Vila Real de Santo Antonio,INTERMARCHÉ,diesel_premium,Gasóleo especial,Outro,1.889,Vila Real de Santo António,Faro,Largo da Estação,Vila Real de Santo António,8900-216,37.19962,-7.4196,intermarche de vila real de santo antonio,intermarché,largo da estação,"1,889 €",2026-05-15_dgeg_postos_raw.csv,16724b6e904649a8
2026-05-15,2026-05-15 14:31:32,2026-05-11 22:00:00,1a8ca7c935a5b308,1a8ca7c935a5b308_gasoline_95,Intermarche de Vila Real de Santo Antonio,INTERMARCHÉ,gasoline_95,Gasolina simples 95,Outro,1.839,Vila Real de Santo António,Faro,Largo da Estação,Vila Real de Santo António,8900-216,37.19962,-7.4196,intermarche de vila real de santo antonio,intermarché,largo da estação,"1,839 €",2026-05-15_dgeg_postos_raw.csv,6fe89424a1cbc71b
2026-05-15,2026-05-15 14:31:32,2026-05-11 22:00:00,1b323a7c62d13ca6,1b323a7c62d13ca6_diesel_regular,FREITAS - Priscos - Braga,FREITAS,diesel_regular,Gasóleo simples,Outro,2.009,Braga,Braga,Av. Padre Manuel Joaquim Rebelo (EN 14),Priscos,4705-578,41.489304,-8.471395,freitas - priscos - braga,freitas,av. padre manuel joaquim rebelo (en 14),"2,009 €",2026-05-15_dgeg_postos_raw.csv,78f6c976716e90c6
2026-05-15,2026-05-15 14:31:32,2026-05-11 22:00:00,1b323a7c62d13ca6,1b323a7c62d13ca6_gasoline_95,FREITAS - Priscos - Braga,FREITAS,gasoline_95,Gasolina simples 95,Outro,2.019,Braga,Braga,Av. Padre Manuel Joaquim Rebelo (EN 14),Priscos,4705-578,41.489304,-8.471395,freitas - priscos - braga,freitas,av. padre manuel joaquim rebelo (en 14),"2,019 €",2026-05-15_dgeg_postos_raw.csv,e2cf2d2849e49c77
2026-05-15,2026-05-15 14:31:32,2026-05-11 22:00:00,1b323a7c62d13ca6,1b323a7c62d13ca6_gasoline_98,FREITAS - Priscos - Braga,FREITAS,gasoline_98,Gasolina especial 98,Outro,2.249,Braga,Braga,Av. Padre Manuel Joaquim Rebelo (EN 14),Priscos,4705-578,41.489304,-8.471395,freitas - priscos - braga,freitas,av. padre manuel joaquim rebelo (en 14),"2,249 €",2026-05-15_dgeg_postos_raw.csv,b5794fab1aa694dd
2026-05-15,2026-05-15 14:31:32,2026-05-11 22:00:00,1ae0e16e946e3a59,1ae0e16e946e3a59_diesel_regular,"Petrolagoinha Comércio de Combustíveis e Lubrificantes, Lda.",Genérico,diesel_regular,Gasóleo simples,Outro,1.964,Barcelos,Braga,"Rua de Ferreiros, n.º867",Cristelo,4755-181,41.470036,-8.710185,"petrolagoinha comércio de combustíveis e lubrificantes, lda.",genérico,"rua de ferreiros, n.º867","1,964 €",2026-05-15_dgeg_postos_raw.csv,233a1a44dc707771
2026-05-15,2026-05-15 14:31:32,2026-05-11 22:00:00,1ae0e16e946e3a59,1ae0e16e946e3a59_diesel_premium,"Petrolagoinha Comércio de Combustíveis e Lubrificantes, Lda.",Genérico,diesel_premium,Gasóleo especial,Outro,1.984,Barcelos,Braga,"Rua de Ferreiros, n.º867",Cristelo,4755-181,41.470036,-8.710185,"petrolagoinha comércio de combustíveis e lubrificantes, lda.",genérico,"rua de ferreiros, n.º867","1,984 €",2026-05-15_dgeg_postos_raw.csv,7a81990d6ffb824a
2026-05-15,2026-05-15 14:31:32,2026-05-11 22:00:00,1ae0e16e946e3a59,1ae0e16e946e3a59_gasoline_95,"Petrolagoinha Comércio de Combustíveis e Lubrificantes, Lda.",Genérico,gasoline_95,Gasolina simples 95,Outro,1.964,Barcelos,Braga,"Rua de Ferreiros, n.º867",Cristelo,4755-181,41.470036,-8.710185,"petrolagoinha comércio de combustíveis e lubrificantes, lda.",genérico,"rua de ferreiros, n.º867","1,964 €",2026-05-15_dgeg_postos_raw.csv,487d31e3de9544fd
2026-05-15,2026-05-15 14:31:32,2026-05-11 22:00:00,e11fe208e5031ec3,e11fe208e5031ec3_diesel_regular,GALP Mozelos - Franclim Prata,GALP,diesel_regular,Gasóleo simples,Outro,2.055,Santa Maria da Feira,Aveiro,"Rua de Meladas, 915",Mozelos,4535-186,40.992317,-8.575613,galp mozelos - franclim prata,galp,"rua de meladas, 915","2,055 €",2026-05-15_dgeg_postos_raw.csv,f9bd98619c01dbc2
2026-05-15,2026-05-15 14:31:32,2026-05-11 22:00:00,e11fe208e5031ec3,e11fe208e5031ec3_gasoline_95,GALP Mozelos - Franclim Prata,GALP,gasoline_95,Gasolina simples 95,Outro,2.051,Santa Maria da Feira,Aveiro,"Rua de Meladas, 915",Mozelos,4535-186,40.992317,-8.575613,galp mozelos - franclim prata,galp,"rua de meladas, 915","2,051 €",2026-05-15_dgeg_postos_raw.csv,55979c12914fc306
2026-05-15,2026-05-15 14:31:32,2026-05-11 22:00:00,d8b240710a996508,d8b240710a996508_diesel_premium,PA Ribeira Fárrio,NOVA,diesel_premium,Gasóleo especial,Outro,1.979,Ourém,Santarém,Rua Principal,Farrio,2435-508,39.77723,-8.49766,pa ribeira fárrio,nova,rua principal,"1,979 €",2026-05-15_dgeg_postos_raw.csv,3fdb702ed07358e0
2026-05-15,2026-05-15 14:31:32,2026-05-11 22:00:00,d8b240710a996508,d8b240710a996508_gasoline_95,PA Ribeira Fárrio,NOVA,gasoline_95,Gasolina simples 95,Outro,1.999,Ourém,Santarém,Rua Principal,Farrio,2435-508,39.77723,-8.49766,pa ribeira fárrio,nova,rua principal,"1,999 €",2026-05-15_dgeg_postos_raw.csv,e52d7ce1e405d4a1
2026-05-15,2026-05-15 14:31:32,2026-05-11 22:00:00,78151fcdba3d3fd4,78151fcdba3d3fd4_diesel_premium,"Posto de Abastecimento Auto Albergue, Lda.",Genérico,diesel_premium,Gasóleo especial,Outro,1.999,Pombal,Leiria,R. do Castelo,Albergaria dos Doze,3100-081,39.80369,-8.59071,"posto de abastecimento auto albergue, lda.",genérico,r. do castelo,"1,999 €",2026-05-15_dgeg_postos_raw.csv,06c2e76ff19dfc54
2026-05-15,2026-05-15 14:31:32,2026-05-11 22:00:00,17c09865617415e8,17c09865617415e8_diesel_regular,GALP - Luso (11626),GALP,diesel_regular,Gasóleo simples,Outro,2.078,Mealhada,Aveiro,Rua José Duarte Figueiredo (EN 234),Luso,3050-235,40.38827,-8.38485,galp - luso (11626),galp,rua josé duarte figueiredo (en 234),"2,078 €",2026-05-15_dgeg_postos_raw.csv,9230626402821d70
2026-05-15,2026-05-15 14:31:32,2026-05-11 22:00:00,17c09865617415e8,17c09865617415e8_diesel_premium,GALP - Luso (11626),GALP,diesel_premium,Gasóleo especial,Outro,2.128,Mealhada,Aveiro,Rua José Duarte Figueiredo (EN 234),Luso,3050-235,40.38827,-8.38485,galp - luso (11626),galp,rua josé duarte figueiredo (en 234),"2,128 €",2026-05-15_dgeg_postos_raw.csv,0eb57ba4dc3182b6
2026-05-15,2026-05-15 14:31:32,2026-05-11 22:00:00,17c09865617415e8,17c09865617415e8_gasoline_95,GALP - Luso (11626),GALP,gasoline_95,Gasolina simples 95,Outro,2.072,Mealhada,Aveiro,Rua José Duarte Figueiredo (EN 234),Luso,3050-235,40.38827,-8.38485,galp - luso (11626),galp,rua josé duarte figueiredo (en 234),"2,072 €",2026-05-15_dgeg_postos_raw.csv,15b8175ac7163258
2026-05-15,2026-05-15 14:31:32,2026-05-11 22:00:00,dfcff1be895e1e2e,dfcff1be895e1e2e_gasoline_98,TFGEST São Vicente Penso,FREITAS,gasoline_98,Gasolina especial 98,Outro,2.162,Braga,Braga,"Avenida do Redondelo, 51 (EN 309 - km 29,970 D)",São Vicente de Penso,4705-628,41.48778,-8.429883,tfgest são vicente penso,freitas,"avenida do redondelo, 51 (en 309 - km 29,970 d)","2,162 €",2026-05-15_dgeg_postos_raw.csv,a271ea3e79273a1a
2026-05-15,2026-05-15 14:31:32,2026-05-11 22:00:00,068741c7bc180405,068741c7bc180405_diesel_premium,CVB-COMB.VENDA DO BRASIL,Genérico,diesel_premium,Gasóleo especial,Outro,2.049,Ansião,Leiria,Venda do Brasil,Santiago da Guarda,3240-690,39.953037,-8.453944,cvb-comb.venda do brasil,genérico,venda do brasil,"2,049 €",2026-05-15_dgeg_postos_raw.csv,600c212c6bedde4f
2026-05-15,2026-05-15 14:31:32,2026-05-11 22:00:00,068741c7bc180405,068741c7bc180405_diesel_regular,CVB-COMB.VENDA DO BRASIL,Genérico,diesel_regular,Gasóleo simples,Outro,2.029,Ansião,Leiria,Venda do Brasil,Santiago da Guarda,3240-690,39.953037,-8.453944,cvb-comb.venda do brasil,genérico,venda do brasil,"2,029 €",2026-05-15_dgeg_postos_raw.csv,5b006be33b412cf3
2026-05-15,2026-05-15 14:31:32,2026-05-11 22:00:00,068741c7bc180405,068741c7bc180405_gasoline_95,CVB-COMB.VENDA DO BRASIL,Genérico,gasoline_95,Gasolina simples 95,Outro,2.039,Ansião,Leiria,Venda do Brasil,Santiago da Guarda,3240-690,39.953037,-8.453944,cvb-comb.venda do brasil,genérico,venda do brasil,"2,039 €",2026-05-15_dgeg_postos_raw.csv,9ff345675e0213a6
2026-05-15,2026-05-15 14:31:32,2026-05-11 22:00:00,dfcff1be895e1e2e,dfcff1be895e1e2e_diesel_regular,TFGEST São Vicente Penso,FREITAS,diesel_regular,Gasóleo simples,Outro,1.999,Braga,Braga,"Avenida do Redondelo, 51 (EN 309 - km 29,970 D)",São Vicente de Penso,4705-628,41.48778,-8.429883,tfgest são vicente penso,freitas,"avenida do redondelo, 51 (en 309 - km 29,970 d)","1,999 €",2026-05-15_dgeg_postos_raw.csv,74d9835bb49c5d00
2026-05-15,2026-05-15 14:31:32,2026-05-11 22:00:00,dfcff1be895e1e2e,dfcff1be895e1e2e_diesel_premium,TFGEST São Vicente Penso,FREITAS,diesel_premium,Gasóleo especial,Outro,2.029,Braga,Braga,"Avenida do Redondelo, 51 (EN 309 - km 29,970 D)",São Vicente de Penso,4705-628,41.48778,-8.429883,tfgest são vicente penso,freitas,"avenida do redondelo, 51 (en 309 - km 29,970 d)","2,029 €",2026-05-15_dgeg_postos_raw.csv,6f254171ccd5f062
2026-05-15,2026-05-15 14:31:32,2026-05-11 22:00:00,dfcff1be895e1e2e,dfcff1be895e1e2e_gasoline_95,TFGEST São Vicente Penso,FREITAS,gasoline_95,Gasolina simples 95,Outro,2.002,Braga,Braga,"Avenida do Redondelo, 51 (EN 309 - km 29,970 D)",São Vicente de Penso,4705-628,41.48778,-8.429883,tfgest são vicente penso,freitas,"avenida do redondelo, 51 (en 309 - km 29,970 d)","2,002 €",2026-05-15_dgeg_postos_raw.csv,a20cd76e7c094700
2026-05-15,2026-05-15 14:31:32,2026-05-11 22:05:00,dd433e4d0af3c9e0,dd433e4d0af3c9e0_gasoline_98,GALP Esmoriz - Gondesende,GALP,gasoline_98,Gasolina especial 98,Outro,2.261,Ovar,Aveiro,"Rua de Gondesende, 1565",Esmoriz,3885-500,40.972843,-8.609353,galp esmoriz - gondesende,galp,"rua de gondesende, 1565","2,261 €",2026-05-15_dgeg_postos_raw.csv,6527dd3f8840d794
2026-05-15,2026-05-15 14:31:32,2026-05-11 22:05:00,dd433e4d0af3c9e0,dd433e4d0af3c9e0_diesel_regular,GALP Esmoriz - Gondesende,GALP,diesel_regular,Gasóleo simples,Outro,2.055,Ovar,Aveiro,"Rua de Gondesende, 1565",Esmoriz,3885-500,40.972843,-8.609353,galp esmoriz - gondesende,galp,"rua de gondesende, 1565","2,055 €",2026-05-15_dgeg_postos_raw.csv,a350871085049b82
2026-05-15,2026-05-15 14:31:32,2026-05-11 22:05:00,dd433e4d0af3c9e0,dd433e4d0af3c9e0_diesel_premium,GALP Esmoriz - Gondesende,GALP,diesel_premium,Gasóleo especial,Outro,2.105,Ovar,Aveiro,"Rua de Gondesende, 1565",Esmoriz,3885-500,40.972843,-8.609353,galp esmoriz - gondesende,galp,"rua de gondesende, 1565","2,105 €",2026-05-15_dgeg_postos_raw.csv,a5ffe78d740dffbc
2026-05-15,2026-05-15 14:31:32,2026-05-11 22:05:00,dd433e4d0af3c9e0,dd433e4d0af3c9e0_gasoline_95,GALP Esmoriz - Gondesende,GALP,gasoline_95,Gasolina simples 95,Outro,2.051,Ovar,Aveiro,"Rua de Gondesende, 1565",Esmoriz,3885-500,40.972843,-8.609353,galp esmoriz - gondesende,galp,"rua de gondesende, 1565","2,051 €",2026-05-15_dgeg_postos_raw.csv,9e9bf2cd5084d994
2026-05-15,2026-05-15 14:31:32,2026-05-11 22:05:00,0cfe0773bbb1568d,0cfe0773bbb1568d_diesel_regular,"Combustíveis Polvoreira, Lda",Genérico,diesel_regular,Gasóleo simples,Outro,2.055,Guimarães,Braga,Rua Comandante João de Paiva Faria Leite Brandão n.º 3014,Guimarães,4835-175,41.409595,-8.296109,"combustíveis polvoreira, lda",genérico,rua comandante joão de paiva faria leite brandão n.º 3014,"2,055 €",2026-05-15_dgeg_postos_raw.csv,230a1278f3ea9e6e
2026-05-15,2026-05-15 14:31:32,2026-05-11 22:05:00,0cfe0773bbb1568d,0cfe0773bbb1568d_gasoline_95,"Combustíveis Polvoreira, Lda",Genérico,gasoline_95,Gasolina simples 95,Outro,2.051,Guimarães,Braga,Rua Comandante João de Paiva Faria Leite Brandão n.º 3014,Guimarães,4835-175,41.409595,-8.296109,"combustíveis polvoreira, lda",genérico,rua comandante joão de paiva faria leite brandão n.º 3014,"2,051 €",2026-05-15_dgeg_postos_raw.csv,5f5acdbe32f4b961
2026-05-15,2026-05-15 14:31:32,2026-05-11 22:15:00,20104399f916b9c4,20104399f916b9c4_diesel_regular,E.S. SEQUEIROS,REPSOL,diesel_regular,Gasóleo simples,Outro,2.019,Lousada,Porto,"AVENIDA DE SEQUEIROS, 940",Lodares,4620-226,41.23925,-8.306453,e.s. sequeiros,repsol,"avenida de sequeiros, 940","2,019 €",2026-05-15_dgeg_postos_raw.csv,dec16dd3d4dab01b
2026-05-15,2026-05-15 14:31:32,2026-05-11 22:15:00,20104399f916b9c4,20104399f916b9c4_diesel_premium,E.S. SEQUEIROS,REPSOL,diesel_premium,Gasóleo especial,Outro,2.089,Lousada,Porto,"AVENIDA DE SEQUEIROS, 940",Lodares,4620-226,41.23925,-8.306453,e.s. sequeiros,repsol,"avenida de sequeiros, 940","2,089 €",2026-05-15_dgeg_postos_raw.csv,95bc132ad6296f5f
2026-05-15,2026-05-15 14:31:32,2026-05-11 22:15:00,20104399f916b9c4,20104399f916b9c4_gasoline_95,E.S. SEQUEIROS,REPSOL,gasoline_95,Gasolina simples 95,Outro,2.017,Lousada,Porto,"AVENIDA DE SEQUEIROS, 940",Lodares,4620-226,41.23925,-8.306453,e.s. sequeiros,repsol,"avenida de sequeiros, 940","2,017 €",2026-05-15_dgeg_postos_raw.csv,01e1c052264e2635
2026-05-15,2026-05-15 14:31:32,2026-05-11 22:15:00,20104399f916b9c4,20104399f916b9c4_gasoline_98,E.S. SEQUEIROS,REPSOL,gasoline_98,Gasolina especial 98,Outro,2.217,Lousada,Porto,"AVENIDA DE SEQUEIROS, 940",Lodares,4620-226,41.23925,-8.306453,e.s. sequeiros,repsol,"avenida de sequeiros, 940","2,217 €",2026-05-15_dgeg_postos_raw.csv,0a66ed172503cfa5
2026-05-15,2026-05-15 14:31:32,2026-05-11 22:20:00,441761986255309a,441761986255309a_diesel_regular,E.S. LOUSADA,REPSOL,diesel_regular,Gasóleo simples,Outro,2.039,Lousada,Porto,Praça da República,Silvares,4620-000,41.27685,-8.28377,e.s. lousada,repsol,praça da república,"2,039 €",2026-05-15_dgeg_postos_raw.csv,6e3d4be3a966e18b
2026-05-15,2026-05-15 14:31:32,2026-05-11 22:20:00,441761986255309a,441761986255309a_diesel_premium,E.S. LOUSADA,REPSOL,diesel_premium,Gasóleo especial,Outro,2.099,Lousada,Porto,Praça da República,Silvares,4620-000,41.27685,-8.28377,e.s. lousada,repsol,praça da república,"2,099 €",2026-05-15_dgeg_postos_raw.csv,08b17ae5e9c2f7c4
2026-05-15,2026-05-15 14:31:32,2026-05-11 22:20:00,441761986255309a,441761986255309a_gasoline_95,E.S. LOUSADA,REPSOL,gasoline_95,Gasolina simples 95,Outro,2.037,Lousada,Porto,Praça da República,Silvares,4620-000,41.27685,-8.28377,e.s. lousada,repsol,praça da república,"2,037 €",2026-05-15_dgeg_postos_raw.csv,0bf4498523b4b691
2026-05-15,2026-05-15 14:31:32,2026-05-11 22:20:00,441761986255309a,441761986255309a_gasoline_98,E.S. LOUSADA,REPSOL,gasoline_98,Gasolina especial 98,Outro,2.237,Lousada,Porto,Praça da República,Silvares,4620-000,41.27685,-8.28377,e.s. lousada,repsol,praça da república,"2,237 €",2026-05-15_dgeg_postos_raw.csv,7f63628a4866eae3
2026-05-15,2026-05-15 14:31:32,2026-05-11 22:40:00,8a97857c480eea07,8a97857c480eea07_diesel_regular,GASPE Argozelo,GASPE,diesel_regular,Gasóleo simples,Outro,2.059,Vimioso,Bragança,Rua São Bartolomeu,Argozelo,5230-048,41.65287,-6.6044,gaspe argozelo,gaspe,rua são bartolomeu,"2,059 €",2026-05-15_dgeg_postos_raw.csv,c13c65bdd6b196af
2026-05-15,2026-05-15 14:31:32,2026-05-11 22:40:00,8a97857c480eea07,8a97857c480eea07_diesel_premium,GASPE Argozelo,GASPE,diesel_premium,Gasóleo especial,Outro,2.079,Vimioso,Bragança,Rua São Bartolomeu,Argozelo,5230-048,41.65287,-6.6044,gaspe argozelo,gaspe,rua são bartolomeu,"2,079 €",2026-05-15_dgeg_postos_raw.csv,22349836b170146d
2026-05-15,2026-05-15 14:31:32,2026-05-11 22:40:00,8a97857c480eea07,8a97857c480eea07_gasoline_95,GASPE Argozelo,GASPE,gasoline_95,Gasolina simples 95,Outro,2.006,Vimioso,Bragança,Rua São Bartolomeu,Argozelo,5230-048,41.65287,-6.6044,gaspe argozelo,gaspe,rua são bartolomeu,"2,006 €",2026-05-15_dgeg_postos_raw.csv,1ef529b47465c91f
2026-05-15,2026-05-15 14:31:32,2026-05-11 23:00:00,9aec01ff00addcd3,9aec01ff00addcd3_diesel_regular,FREITAS Arnoso (RS Combustiveis),FREITAS,diesel_regular,Gasóleo simples,Outro,1.959,Vila Nova de Famalicão,Braga,"AVENIDA NOSSA SENHORA DA CONCEIÇÃO, Nº128",Santa Maria de Arnoso,4770-528,41.468636,-8.496163,freitas arnoso (rs combustiveis),freitas,"avenida nossa senhora da conceição, nº128","1,959 €",2026-05-15_dgeg_postos_raw.csv,51ce65c79f14fecd
2026-05-15,2026-05-15 14:31:32,2026-05-11 23:00:00,9aec01ff00addcd3,9aec01ff00addcd3_gasoline_95,FREITAS Arnoso (RS Combustiveis),FREITAS,gasoline_95,Gasolina simples 95,Outro,1.962,Vila Nova de Famalicão,Braga,"AVENIDA NOSSA SENHORA DA CONCEIÇÃO, Nº128",Santa Maria de Arnoso,4770-528,41.468636,-8.496163,freitas arnoso (rs combustiveis),freitas,"avenida nossa senhora da conceição, nº128","1,962 €",2026-05-15_dgeg_postos_raw.csv,a8a660ae1d969848
2026-05-15,2026-05-15 14:31:32,2026-05-11 23:00:00,02d891fd368da42d,02d891fd368da42d_diesel_regular,SAND STAGE LDA,ALVES BANDEIRA,diesel_regular,Gasóleo simples,Outro,2.025,Guarda,Guarda,"EN 233 Km 8,5",Santana da Azinha-Catraia do Sortelhão,6300-200,40.47278,-7.2082,sand stage lda,alves bandeira,"en 233 km 8,5","2,025 €",2026-05-15_dgeg_postos_raw.csv,5f25f9c91be0f476
2026-05-15,2026-05-15 14:31:32,2026-05-11 23:00:00,02d891fd368da42d,02d891fd368da42d_diesel_premium,SAND STAGE LDA,ALVES BANDEIRA,diesel_premium,Gasóleo especial,Outro,2.045,Guarda,Guarda,"EN 233 Km 8,5",Santana da Azinha-Catraia do Sortelhão,6300-200,40.47278,-7.2082,sand stage lda,alves bandeira,"en 233 km 8,5","2,045 €",2026-05-15_dgeg_postos_raw.csv,0b9a6ecce6b8f873
2026-05-15,2026-05-15 14:31:32,2026-05-11 23:00:00,02d891fd368da42d,02d891fd368da42d_gasoline_95,SAND STAGE LDA,ALVES BANDEIRA,gasoline_95,Gasolina simples 95,Outro,2.031,Guarda,Guarda,"EN 233 Km 8,5",Santana da Azinha-Catraia do Sortelhão,6300-200,40.47278,-7.2082,sand stage lda,alves bandeira,"en 233 km 8,5","2,031 €",2026-05-15_dgeg_postos_raw.csv,92f8aeb702ab2b88
2026-05-15,2026-05-15 14:31:32,2026-05-11 23:00:00,f23a137f840a2f79,f23a137f840a2f79_diesel_regular,PA Bp Famões,BP,diesel_regular,Gasóleo simples,Outro,2.109,Odivelas,Lisboa,Rua Major João Luís de Moura - Alto de Famões,Famões,1685-650,38.785564,-9.208396,pa bp famões,bp,rua major joão luís de moura - alto de famões,"2,109 €",2026-05-15_dgeg_postos_raw.csv,a8c619fdf5119411
2026-05-15,2026-05-15 14:31:32,2026-05-11 23:00:00,f23a137f840a2f79,f23a137f840a2f79_diesel_premium,PA Bp Famões,BP,diesel_premium,Gasóleo especial,Outro,2.229,Odivelas,Lisboa,Rua Major João Luís de Moura - Alto de Famões,Famões,1685-650,38.785564,-9.208396,pa bp famões,bp,rua major joão luís de moura - alto de famões,"2,229 €",2026-05-15_dgeg_postos_raw.csv,b988b5369312f41a
2026-05-15,2026-05-15 14:31:32,2026-05-11 23:00:00,f23a137f840a2f79,f23a137f840a2f79_gasoline_95,PA Bp Famões,BP,gasoline_95,Gasolina simples 95,Outro,2.099,Odivelas,Lisboa,Rua Major João Luís de Moura - Alto de Famões,Famões,1685-650,38.785564,-9.208396,pa bp famões,bp,rua major joão luís de moura - alto de famões,"2,099 €",2026-05-15_dgeg_postos_raw.csv,4250e2b9337d5d1f
2026-05-15,2026-05-15 14:31:32,2026-05-11 23:00:00,f23a137f840a2f79,f23a137f840a2f79_gasoline_98,PA Bp Famões,BP,gasoline_98,Gasolina especial 98,Outro,2.299,Odivelas,Lisboa,Rua Major João Luís de Moura - Alto de Famões,Famões,1685-650,38.785564,-9.208396,pa bp famões,bp,rua major joão luís de moura - alto de famões,"2,299 €",2026-05-15_dgeg_postos_raw.csv,deb0d16f9ed022d4
2026-05-15,2026-05-15 14:31:32,2026-05-11 23:00:00,c4cdc78bdcbe8ff9,c4cdc78bdcbe8ff9_diesel_regular,TFGEST - Lourosa,FREITAS,diesel_regular,Gasóleo simples,Outro,1.969,Santa Maria da Feira,Aveiro,"Avenida Principal, Nº 3291",Lourosa,4535-014,40.98179,-8.535826,tfgest - lourosa,freitas,"avenida principal, nº 3291","1,969 €",2026-05-15_dgeg_postos_raw.csv,0f04a7c5d4bacf00
2026-05-15,2026-05-15 14:31:32,2026-05-11 23:00:00,c4cdc78bdcbe8ff9,c4cdc78bdcbe8ff9_diesel_premium,TFGEST - Lourosa,FREITAS,diesel_premium,Gasóleo especial,Outro,1.999,Santa Maria da Feira,Aveiro,"Avenida Principal, Nº 3291",Lourosa,4535-014,40.98179,-8.535826,tfgest - lourosa,freitas,"avenida principal, nº 3291","1,999 €",2026-05-15_dgeg_postos_raw.csv,8189a3c2088dc20a
2026-05-15,2026-05-15 14:31:32,2026-05-11 23:00:00,c4cdc78bdcbe8ff9,c4cdc78bdcbe8ff9_gasoline_95,TFGEST - Lourosa,FREITAS,gasoline_95,Gasolina simples 95,Outro,1.989,Santa Maria da Feira,Aveiro,"Avenida Principal, Nº 3291",Lourosa,4535-014,40.98179,-8.535826,tfgest - lourosa,freitas,"avenida principal, nº 3291","1,989 €",2026-05-15_dgeg_postos_raw.csv,b47731c7c88b1cfa
2026-05-15,2026-05-15 14:31:32,2026-05-11 23:00:00,c4cdc78bdcbe8ff9,c4cdc78bdcbe8ff9_gasoline_98,TFGEST - Lourosa,FREITAS,gasoline_98,Gasolina especial 98,Outro,2.159,Santa Maria da Feira,Aveiro,"Avenida Principal, Nº 3291",Lourosa,4535-014,40.98179,-8.535826,tfgest - lourosa,freitas,"avenida principal, nº 3291","2,159 €",2026-05-15_dgeg_postos_raw.csv,9283c1e43a241295
2026-05-15,2026-05-15 14:31:32,2026-05-11 23:00:00,a7a0897a1d5bd0d4,a7a0897a1d5bd0d4_diesel_premium,MOEVE - Vila Franca Xira - Petroalves,MOEVE,diesel_premium,Gasóleo especial,Outro,1.986,Vila Franca de Xira,Lisboa,"EN 10, Quinta do Paraiso  (Rua Gago Coutinho)",Vila Franca de Xira,2600-023,38.94324,-8.99704,moeve - vila franca xira - petroalves,moeve,"en 10, quinta do paraiso (rua gago coutinho)","1,986 €",2026-05-15_dgeg_postos_raw.csv,7c00b9828915cd22
2026-05-15,2026-05-15 14:31:32,2026-05-11 23:00:00,a7a0897a1d5bd0d4,a7a0897a1d5bd0d4_gasoline_95,MOEVE - Vila Franca Xira - Petroalves,MOEVE,gasoline_95,Gasolina simples 95,Outro,1.928,Vila Franca de Xira,Lisboa,"EN 10, Quinta do Paraiso  (Rua Gago Coutinho)",Vila Franca de Xira,2600-023,38.94324,-8.99704,moeve - vila franca xira - petroalves,moeve,"en 10, quinta do paraiso (rua gago coutinho)","1,928 €",2026-05-15_dgeg_postos_raw.csv,0798175f926b3785
2026-05-15,2026-05-15 14:31:32,2026-05-11 23:00:00,a7a0897a1d5bd0d4,a7a0897a1d5bd0d4_diesel_regular,MOEVE - Vila Franca Xira - Petroalves,MOEVE,diesel_regular,Gasóleo simples,Outro,1.936,Vila Franca de Xira,Lisboa,"EN 10, Quinta do Paraiso  (Rua Gago Coutinho)",Vila Franca de Xira,2600-023,38.94324,-8.99704,moeve - vila franca xira - petroalves,moeve,"en 10, quinta do paraiso (rua gago coutinho)","1,936 €",2026-05-15_dgeg_postos_raw.csv,14ebf2a71d4ad76d
2026-05-15,2026-05-15 14:31:32,2026-05-11 23:00:00,c160e9827b0be0cd,c160e9827b0be0cd_diesel_regular,TF GEST TADIM,FREITAS,diesel_regular,Gasóleo simples,Outro,1.959,Braga,Braga,Rua General Humberto Delgado,Tadim - Lugar da Estação,4700-000,41.51089,-8.48371,tf gest tadim,freitas,rua general humberto delgado,"1,959 €",2026-05-15_dgeg_postos_raw.csv,a62d96508d1b0d40
2026-05-15,2026-05-15 14:31:32,2026-05-11 23:00:00,c160e9827b0be0cd,c160e9827b0be0cd_diesel_premium,TF GEST TADIM,FREITAS,diesel_premium,Gasóleo especial,Outro,1.979,Braga,Braga,Rua General Humberto Delgado,Tadim - Lugar da Estação,4700-000,41.51089,-8.48371,tf gest tadim,freitas,rua general humberto delgado,"1,979 €",2026-05-15_dgeg_postos_raw.csv,ed36a71863b0caec
2026-05-15,2026-05-15 14:31:32,2026-05-11 23:00:00,c160e9827b0be0cd,c160e9827b0be0cd_gasoline_95,TF GEST TADIM,FREITAS,gasoline_95,Gasolina simples 95,Outro,1.962,Braga,Braga,Rua General Humberto Delgado,Tadim - Lugar da Estação,4700-000,41.51089,-8.48371,tf gest tadim,freitas,rua general humberto delgado,"1,962 €",2026-05-15_dgeg_postos_raw.csv,792f3076f5dc9f16
2026-05-15,2026-05-15 14:31:32,2026-05-11 23:00:00,aa722039342b1d47,aa722039342b1d47_diesel_regular,Petro São Gonçalo,Genérico,diesel_regular,Gasóleo simples,Outro,1.999,Lousada,Porto,"AV. S. GONÇALO, Nº 246",Macieira,4620-316,41.28507,-8.24362,petro são gonçalo,genérico,"av. s. gonçalo, nº 246","1,999 €",2026-05-15_dgeg_postos_raw.csv,c90f24aac70e3cfd
2026-05-15,2026-05-15 14:31:32,2026-05-11 23:00:00,aa722039342b1d47,aa722039342b1d47_diesel_premium,Petro São Gonçalo,Genérico,diesel_premium,Gasóleo especial,Outro,2.019,Lousada,Porto,"AV. S. GONÇALO, Nº 246",Macieira,4620-316,41.28507,-8.24362,petro são gonçalo,genérico,"av. s. gonçalo, nº 246","2,019 €",2026-05-15_dgeg_postos_raw.csv,73ee9398318d5f76
2026-05-15,2026-05-15 14:31:32,2026-05-11 23:00:00,aa722039342b1d47,aa722039342b1d47_gasoline_95,Petro São Gonçalo,Genérico,gasoline_95,Gasolina simples 95,Outro,2.002,Lousada,Porto,"AV. S. GONÇALO, Nº 246",Macieira,4620-316,41.28507,-8.24362,petro são gonçalo,genérico,"av. s. gonçalo, nº 246","2,002 €",2026-05-15_dgeg_postos_raw.csv,30128a0ce4550e2e
2026-05-15,2026-05-15 14:31:32,2026-05-11 23:00:00,0b4504255f888b99,0b4504255f888b99_diesel_regular,S.R Combustiveis do Nordeste LDA,ALVES BANDEIRA,diesel_regular,Gasóleo simples,Outro,2.055,Alfândega da Fé,Bragança,"Zona Industrial, Lote 27",Alfândega da Fé,5350-051,41.33214,-6.96885,s.r combustiveis do nordeste lda,alves bandeira,"zona industrial, lote 27","2,055 €",2026-05-15_dgeg_postos_raw.csv,473d3512435f8161
2026-05-15,2026-05-15 14:31:32,2026-05-11 23:00:00,0b4504255f888b99,0b4504255f888b99_diesel_premium,S.R Combustiveis do Nordeste LDA,ALVES BANDEIRA,diesel_premium,Gasóleo especial,Outro,2.075,Alfândega da Fé,Bragança,"Zona Industrial, Lote 27",Alfândega da Fé,5350-051,41.33214,-6.96885,s.r combustiveis do nordeste lda,alves bandeira,"zona industrial, lote 27","2,075 €",2026-05-15_dgeg_postos_raw.csv,e605978e21ea516c
2026-05-15,2026-05-15 14:31:32,2026-05-11 23:00:00,0b4504255f888b99,0b4504255f888b99_gasoline_95,S.R Combustiveis do Nordeste LDA,ALVES BANDEIRA,gasoline_95,Gasolina simples 95,Outro,2.061,Alfândega da Fé,Bragança,"Zona Industrial, Lote 27",Alfândega da Fé,5350-051,41.33214,-6.96885,s.r combustiveis do nordeste lda,alves bandeira,"zona industrial, lote 27","2,061 €",2026-05-15_dgeg_postos_raw.csv,f19e0c2b0360f194
2026-05-15,2026-05-15 14:31:32,2026-05-11 23:00:00,9fc68f9d0eeb2459,9fc68f9d0eeb2459_diesel_regular,bp odivelas,BP,diesel_regular,Gasóleo simples,Outro,2.109,Odivelas,Lisboa,"Rua General Alves Roçadas, EN8 (rotunda)",Odivelas,2675-286,38.79313,-9.16848,bp odivelas,bp,"rua general alves roçadas, en8 (rotunda)","2,109 €",2026-05-15_dgeg_postos_raw.csv,4b11637d99e304e4
2026-05-15,2026-05-15 14:31:32,2026-05-11 23:00:00,9fc68f9d0eeb2459,9fc68f9d0eeb2459_diesel_premium,bp odivelas,BP,diesel_premium,Gasóleo especial,Outro,2.229,Odivelas,Lisboa,"Rua General Alves Roçadas, EN8 (rotunda)",Odivelas,2675-286,38.79313,-9.16848,bp odivelas,bp,"rua general alves roçadas, en8 (rotunda)","2,229 €",2026-05-15_dgeg_postos_raw.csv,b89159b340dabb61
2026-05-15,2026-05-15 14:31:32,2026-05-11 23:00:00,9fc68f9d0eeb2459,9fc68f9d0eeb2459_gasoline_95,bp odivelas,BP,gasoline_95,Gasolina simples 95,Outro,2.099,Odivelas,Lisboa,"Rua General Alves Roçadas, EN8 (rotunda)",Odivelas,2675-286,38.79313,-9.16848,bp odivelas,bp,"rua general alves roçadas, en8 (rotunda)","2,099 €",2026-05-15_dgeg_postos_raw.csv,b544a1697ca3b053
2026-05-15,2026-05-15 14:31:32,2026-05-11 23:00:00,9fc68f9d0eeb2459,9fc68f9d0eeb2459_gasoline_98,bp odivelas,BP,gasoline_98,Gasolina especial 98,Outro,2.299,Odivelas,Lisboa,"Rua General Alves Roçadas, EN8 (rotunda)",Odivelas,2675-286,38.79313,-9.16848,bp odivelas,bp,"rua general alves roçadas, en8 (rotunda)","2,299 €",2026-05-15_dgeg_postos_raw.csv,6d8e0b42f25dce39
2026-05-15,2026-05-15 14:31:32,2026-05-11 23:00:00,6a51ebb9d8339b7a,6a51ebb9d8339b7a_diesel_regular,PA - MOEVE Castanheira do Ribatejo,MOEVE,diesel_regular,Gasóleo simples,Outro,1.936,Vila Franca de Xira,Lisboa,"EN 1, ao km 28.750 ( Av. Combatentes da Grande Guerra)",Castanheira do Ribatejo,2600-661,38.9984,-8.971373,pa - moeve castanheira do ribatejo,moeve,"en 1, ao km 28.750 ( av. combatentes da grande guerra)","1,936 €",2026-05-15_dgeg_postos_raw.csv,b938ec72220cb837
2026-05-15,2026-05-15 14:31:32,2026-05-11 23:00:00,6a51ebb9d8339b7a,6a51ebb9d8339b7a_diesel_premium,PA - MOEVE Castanheira do Ribatejo,MOEVE,diesel_premium,Gasóleo especial,Outro,1.986,Vila Franca de Xira,Lisboa,"EN 1, ao km 28.750 ( Av. Combatentes da Grande Guerra)",Castanheira do Ribatejo,2600-661,38.9984,-8.971373,pa - moeve castanheira do ribatejo,moeve,"en 1, ao km 28.750 ( av. combatentes da grande guerra)","1,986 €",2026-05-15_dgeg_postos_raw.csv,8ee6f88913436b55
2026-05-15,2026-05-15 14:31:32,2026-05-11 23:00:00,6a51ebb9d8339b7a,6a51ebb9d8339b7a_gasoline_95,PA - MOEVE Castanheira do Ribatejo,MOEVE,gasoline_95,Gasolina simples 95,Outro,1.928,Vila Franca de Xira,Lisboa,"EN 1, ao km 28.750 ( Av. Combatentes da Grande Guerra)",Castanheira do Ribatejo,2600-661,38.9984,-8.971373,pa - moeve castanheira do ribatejo,moeve,"en 1, ao km 28.750 ( av. combatentes da grande guerra)","1,928 €",2026-05-15_dgeg_postos_raw.csv,47992d3b4dd14fa8
2026-05-15,2026-05-15 14:31:32,2026-05-11 23:00:00,6a51ebb9d8339b7a,6a51ebb9d8339b7a_gasoline_98,PA - MOEVE Castanheira do Ribatejo,MOEVE,gasoline_98,Gasolina especial 98,Outro,2.14,Vila Franca de Xira,Lisboa,"EN 1, ao km 28.750 ( Av. Combatentes da Grande Guerra)",Castanheira do Ribatejo,2600-661,38.9984,-8.971373,pa - moeve castanheira do ribatejo,moeve,"en 1, ao km 28.750 ( av. combatentes da grande guerra)","2,140 €",2026-05-15_dgeg_postos_raw.csv,353b7a529f691877
2026-05-15,2026-05-15 14:31:32,2026-05-11 23:00:00,6b876e879410a029,6b876e879410a029_diesel_regular,PETROPRIX Matosinhos,PETROPRIX,diesel_regular,Gasóleo simples,Outro,1.869,Matosinhos,Porto,Rua Joaquim Alves da Silva,Perafita,4455-473,41.218243,-8.693475,petroprix matosinhos,petroprix,rua joaquim alves da silva,"1,869 €",2026-05-15_dgeg_postos_raw.csv,6baf3c0a6938fc55
2026-05-15,2026-05-15 14:31:32,2026-05-11 23:00:00,6b876e879410a029,6b876e879410a029_gasoline_95,PETROPRIX Matosinhos,PETROPRIX,gasoline_95,Gasolina simples 95,Outro,1.879,Matosinhos,Porto,Rua Joaquim Alves da Silva,Perafita,4455-473,41.218243,-8.693475,petroprix matosinhos,petroprix,rua joaquim alves da silva,"1,879 €",2026-05-15_dgeg_postos_raw.csv,c149ad8553e88d89
2026-05-15,2026-05-15 14:31:32,2026-05-11 23:15:00,bbe9da82cee78c1b,bbe9da82cee78c1b_diesel_regular,PA Abitureiras,Genérico,diesel_regular,Gasóleo simples,Outro,2.029,Santarém,Santarém,Rua Furriel Vítor Pestana n.77,Abitureiras,2005-129,39.315235,-8.782582,pa abitureiras,genérico,rua furriel vítor pestana n.77,"2,029 €",2026-05-15_dgeg_postos_raw.csv,c0a1b183d1dcc673
2026-05-15,2026-05-15 14:31:32,2026-05-11 23:15:00,bbe9da82cee78c1b,bbe9da82cee78c1b_gasoline_95,PA Abitureiras,Genérico,gasoline_95,Gasolina simples 95,Outro,2.059,Santarém,Santarém,Rua Furriel Vítor Pestana n.77,Abitureiras,2005-129,39.315235,-8.782582,pa abitureiras,genérico,rua furriel vítor pestana n.77,"2,059 €",2026-05-15_dgeg_postos_raw.csv,fe6e5971ab04e506
2026-05-15,2026-05-15 14:31:32,2026-05-11 23:15:00,bbe9da82cee78c1b,bbe9da82cee78c1b_diesel_premium,PA Abitureiras,Genérico,diesel_premium,Gasóleo especial,Outro,2.079,Santarém,Santarém,Rua Furriel Vítor Pestana n.77,Abitureiras,2005-129,39.315235,-8.782582,pa abitureiras,genérico,rua furriel vítor pestana n.77,"2,079 €",2026-05-15_dgeg_postos_raw.csv,81a68e06d36b18b8
2026-05-15,2026-05-15 14:31:32,2026-05-11 23:15:00,79d739160507f9c2,79d739160507f9c2_diesel_premium,Daniel Vicente Francisco - PA Galp Carris,GALP,diesel_premium,Gasóleo especial,Outro,2.09,Alcobaça,Leiria,"Rua da Igreja, Nº55 - Carris",Carris,2460-480,39.49978,-8.95319,daniel vicente francisco - pa galp carris,galp,"rua da igreja, nº55 - carris","2,090 €",2026-05-15_dgeg_postos_raw.csv,07830ce0bd9745a0
2026-05-15,2026-05-15 14:31:32,2026-05-11 23:15:00,79d739160507f9c2,79d739160507f9c2_diesel_regular,Daniel Vicente Francisco - PA Galp Carris,GALP,diesel_regular,Gasóleo simples,Outro,2.01,Alcobaça,Leiria,"Rua da Igreja, Nº55 - Carris",Carris,2460-480,39.49978,-8.95319,daniel vicente francisco - pa galp carris,galp,"rua da igreja, nº55 - carris","2,010 €",2026-05-15_dgeg_postos_raw.csv,416a2ec3ffd90aad
2026-05-15,2026-05-15 14:31:32,2026-05-11 23:15:00,79d739160507f9c2,79d739160507f9c2_gasoline_95,Daniel Vicente Francisco - PA Galp Carris,GALP,gasoline_95,Gasolina simples 95,Outro,2.07,Alcobaça,Leiria,"Rua da Igreja, Nº55 - Carris",Carris,2460-480,39.49978,-8.95319,daniel vicente francisco - pa galp carris,galp,"rua da igreja, nº55 - carris","2,070 €",2026-05-15_dgeg_postos_raw.csv,ff253fdf265763a8
2026-05-15,2026-05-15 14:31:32,2026-05-11 23:20:00,829b64d03654b9a6,829b64d03654b9a6_diesel_regular,"Maria Nazaré da Costa Tainha Sociedade ,Unipessoal,Lda",Genérico,diesel_regular,Gasóleo simples,Outro,2.099,Coruche,Santarém,EM 603,Salgueirinha,2100-052,38.884736,-8.503633,"maria nazaré da costa tainha sociedade ,unipessoal,lda",genérico,em 603,"2,099 €",2026-05-15_dgeg_postos_raw.csv,a6450be33bf96cce
2026-05-15,2026-05-15 14:31:32,2026-05-11 23:20:00,829b64d03654b9a6,829b64d03654b9a6_gasoline_95,"Maria Nazaré da Costa Tainha Sociedade ,Unipessoal,Lda",Genérico,gasoline_95,Gasolina simples 95,Outro,2.069,Coruche,Santarém,EM 603,Salgueirinha,2100-052,38.884736,-8.503633,"maria nazaré da costa tainha sociedade ,unipessoal,lda",genérico,em 603,"2,069 €",2026-05-15_dgeg_postos_raw.csv,035c320977f062bb
2026-05-15,2026-05-15 14:31:32,2026-05-11 23:20:00,829b64d03654b9a6,829b64d03654b9a6_diesel_premium,"Maria Nazaré da Costa Tainha Sociedade ,Unipessoal,Lda",Genérico,diesel_premium,Gasóleo especial,Outro,2.119,Coruche,Santarém,EM 603,Salgueirinha,2100-052,38.884736,-8.503633,"maria nazaré da costa tainha sociedade ,unipessoal,lda",genérico,em 603,"2,119 €",2026-05-15_dgeg_postos_raw.csv,69a0bb72792fe535
2026-05-15,2026-05-15 14:31:32,2026-05-11 23:30:00,e4cf3f045e99c3ca,e4cf3f045e99c3ca_diesel_premium,TFGEST VALPAÇOS,FREITAS,diesel_premium,Gasóleo especial,Outro,2.029,Valpaços,Vila Real,"Av. D. Maria do Carmo Carmona, Estrada Nº213",Valpaços,5430-472,41.61273,-7.31207,tfgest valpaços,freitas,"av. d. maria do carmo carmona, estrada nº213","2,029 €",2026-05-15_dgeg_postos_raw.csv,2478f4e88d69c04c
2026-05-15,2026-05-15 14:31:32,2026-05-11 23:30:00,3ee3db39f92e0a80,3ee3db39f92e0a80_diesel_regular,TF GEST GUALTAR_BRAGA,FREITAS,diesel_regular,Gasóleo simples,Outro,1.989,Braga,Braga,"Rua da Estrada Nova, nº 43",Braga,4715-418,41.561295,-8.392031,tf gest gualtar_braga,freitas,"rua da estrada nova, nº 43","1,989 €",2026-05-15_dgeg_postos_raw.csv,2bf7fc94a0953035
2026-05-15,2026-05-15 14:31:32,2026-05-11 23:30:00,3ee3db39f92e0a80,3ee3db39f92e0a80_diesel_premium,TF GEST GUALTAR_BRAGA,FREITAS,diesel_premium,Gasóleo especial,Outro,1.999,Braga,Braga,"Rua da Estrada Nova, nº 43",Braga,4715-418,41.561295,-8.392031,tf gest gualtar_braga,freitas,"rua da estrada nova, nº 43","1,999 €",2026-05-15_dgeg_postos_raw.csv,423ece0f7288af47
2026-05-15,2026-05-15 14:31:32,2026-05-11 23:30:00,3ee3db39f92e0a80,3ee3db39f92e0a80_gasoline_95,TF GEST GUALTAR_BRAGA,FREITAS,gasoline_95,Gasolina simples 95,Outro,1.999,Braga,Braga,"Rua da Estrada Nova, nº 43",Braga,4715-418,41.561295,-8.392031,tf gest gualtar_braga,freitas,"rua da estrada nova, nº 43","1,999 €",2026-05-15_dgeg_postos_raw.csv,050c254160e128ef
2026-05-15,2026-05-15 14:31:32,2026-05-11 23:30:00,e4cf3f045e99c3ca,e4cf3f045e99c3ca_diesel_regular,TFGEST VALPAÇOS,FREITAS,diesel_regular,Gasóleo simples,Outro,2.009,Valpaços,Vila Real,"Av. D. Maria do Carmo Carmona, Estrada Nº213",Valpaços,5430-472,41.61273,-7.31207,tfgest valpaços,freitas,"av. d. maria do carmo carmona, estrada nº213","2,009 €",2026-05-15_dgeg_postos_raw.csv,4010ae891fda2284
2026-05-15,2026-05-15 14:31:32,2026-05-11 23:30:00,e4cf3f045e99c3ca,e4cf3f045e99c3ca_gasoline_95,TFGEST VALPAÇOS,FREITAS,gasoline_95,Gasolina simples 95,Outro,2.009,Valpaços,Vila Real,"Av. D. Maria do Carmo Carmona, Estrada Nº213",Valpaços,5430-472,41.61273,-7.31207,tfgest valpaços,freitas,"av. d. maria do carmo carmona, estrada nº213","2,009 €",2026-05-15_dgeg_postos_raw.csv,5106bfe1c5578ef4
2026-05-15,2026-05-15 14:31:32,2026-05-11 23:40:00,e5565ef4273cd7a9,e5565ef4273cd7a9_diesel_regular,P A Zona Industrial,Genérico,diesel_regular,Gasóleo simples,Outro,1.959,Montalegre,Vila Real,"Loteamento Industrial , lote 14",Montalegre,5470-201,41.83501,-7.77362,p a zona industrial,genérico,"loteamento industrial , lote 14","1,959 €",2026-05-15_dgeg_postos_raw.csv,165df90d920f5aa6
2026-05-15,2026-05-15 14:31:32,2026-05-11 23:40:00,e5565ef4273cd7a9,e5565ef4273cd7a9_gasoline_95,P A Zona Industrial,Genérico,gasoline_95,Gasolina simples 95,Outro,1.949,Montalegre,Vila Real,"Loteamento Industrial , lote 14",Montalegre,5470-201,41.83501,-7.77362,p a zona industrial,genérico,"loteamento industrial , lote 14","1,949 €",2026-05-15_dgeg_postos_raw.csv,227b4758c6154e73
2026-05-15,2026-05-15 14:31:32,2026-05-11 23:40:00,e5565ef4273cd7a9,e5565ef4273cd7a9_diesel_premium,P A Zona Industrial,Genérico,diesel_premium,Gasóleo especial,Outro,1.989,Montalegre,Vila Real,"Loteamento Industrial , lote 14",Montalegre,5470-201,41.83501,-7.77362,p a zona industrial,genérico,"loteamento industrial , lote 14","1,989 €",2026-05-15_dgeg_postos_raw.csv,f893183bfabcffb4
2026-05-15,2026-05-15 14:31:32,2026-05-11 23:40:00,2a0ca4eee1929247,2a0ca4eee1929247_gasoline_95,PRIO  Montalegre,PRIO,gasoline_95,Gasolina simples 95,Outro,1.959,Montalegre,Vila Real,Av. Nuno Álvares Pereira,Montalegre,5470-203,41.8233,-7.790686,prio montalegre,prio,av. nuno álvares pereira,"1,959 €",2026-05-15_dgeg_postos_raw.csv,5a14df59a5cdfd5e
2026-05-15,2026-05-15 14:31:32,2026-05-11 23:40:00,2a0ca4eee1929247,2a0ca4eee1929247_diesel_premium,PRIO  Montalegre,PRIO,diesel_premium,Gasóleo especial,Outro,1.994,Montalegre,Vila Real,Av. Nuno Álvares Pereira,Montalegre,5470-203,41.8233,-7.790686,prio montalegre,prio,av. nuno álvares pereira,"1,994 €",2026-05-15_dgeg_postos_raw.csv,7bc156e8796c3f7a
2026-05-15,2026-05-15 14:31:32,2026-05-11 23:45:00,c2ff23adbcc03a1f,c2ff23adbcc03a1f_diesel_regular,Almeida - Energética II,PRIO,diesel_regular,Gasóleo simples,Outro,1.919,Almeida,Guarda,"Estrada Nacional 332, Lugar de Vale Felizes-Almeida",Almeida,6350-232,40.70172,-6.89256,almeida - energética ii,prio,"estrada nacional 332, lugar de vale felizes-almeida","1,919 €",2026-05-15_dgeg_postos_raw.csv,da0c9f0eb25e0bfa
2026-05-15,2026-05-15 14:31:32,2026-05-11 23:45:00,c2ff23adbcc03a1f,c2ff23adbcc03a1f_diesel_premium,Almeida - Energética II,PRIO,diesel_premium,Gasóleo especial,Outro,1.928,Almeida,Guarda,"Estrada Nacional 332, Lugar de Vale Felizes-Almeida",Almeida,6350-232,40.70172,-6.89256,almeida - energética ii,prio,"estrada nacional 332, lugar de vale felizes-almeida","1,928 €",2026-05-15_dgeg_postos_raw.csv,94ab69e3023c74ea
2026-05-15,2026-05-15 14:31:32,2026-05-11 23:45:00,c2ff23adbcc03a1f,c2ff23adbcc03a1f_gasoline_95,Almeida - Energética II,PRIO,gasoline_95,Gasolina simples 95,Outro,1.964,Almeida,Guarda,"Estrada Nacional 332, Lugar de Vale Felizes-Almeida",Almeida,6350-232,40.70172,-6.89256,almeida - energética ii,prio,"estrada nacional 332, lugar de vale felizes-almeida","1,964 €",2026-05-15_dgeg_postos_raw.csv,07d44331f14a2e28
2026-05-15,2026-05-15 14:31:32,2026-05-11 23:45:00,e49554ea595031b1,e49554ea595031b1_diesel_regular,PRIO FIGUEIRO DOS VINHOS,PRIO,diesel_regular,Gasóleo simples,Outro,1.958,Figueiró dos Vinhos,Leiria,R. Major Neutel de Abreu 111,Figueiró dos Vinhos,3260-427,39.90058,-8.28258,prio figueiro dos vinhos,prio,r. major neutel de abreu 111,"1,958 €",2026-05-15_dgeg_postos_raw.csv,e889749c3408ee63
2026-05-15,2026-05-15 14:31:32,2026-05-11 23:45:00,e49554ea595031b1,e49554ea595031b1_diesel_premium,PRIO FIGUEIRO DOS VINHOS,PRIO,diesel_premium,Gasóleo especial,Outro,1.969,Figueiró dos Vinhos,Leiria,R. Major Neutel de Abreu 111,Figueiró dos Vinhos,3260-427,39.90058,-8.28258,prio figueiro dos vinhos,prio,r. major neutel de abreu 111,"1,969 €",2026-05-15_dgeg_postos_raw.csv,cc7d9f7a3f590dd1
2026-05-15,2026-05-15 14:31:32,2026-05-11 23:45:00,e49554ea595031b1,e49554ea595031b1_gasoline_95,PRIO FIGUEIRO DOS VINHOS,PRIO,gasoline_95,Gasolina simples 95,Outro,1.954,Figueiró dos Vinhos,Leiria,R. Major Neutel de Abreu 111,Figueiró dos Vinhos,3260-427,39.90058,-8.28258,prio figueiro dos vinhos,prio,r. major neutel de abreu 111,"1,954 €",2026-05-15_dgeg_postos_raw.csv,9427aa594444af07
2026-05-15,2026-05-15 14:31:32,2026-05-11 23:45:00,fa9186297540a279,fa9186297540a279_diesel_regular,Posto Benavente,PRIO,diesel_regular,Gasóleo simples,Outro,1.948,Benavente,Santarém,Estrada Municipal nº. 515,Benavente,2130-030,38.97366,-8.79812,posto benavente,prio,estrada municipal nº. 515,"1,948 €",2026-05-15_dgeg_postos_raw.csv,f7732f34087c0d53
2026-05-15,2026-05-15 14:31:32,2026-05-11 23:45:00,fa9186297540a279,fa9186297540a279_gasoline_95,Posto Benavente,PRIO,gasoline_95,Gasolina simples 95,Outro,1.977,Benavente,Santarém,Estrada Municipal nº. 515,Benavente,2130-030,38.97366,-8.79812,posto benavente,prio,estrada municipal nº. 515,"1,977 €",2026-05-15_dgeg_postos_raw.csv,2a4151cc3946ceb3
2026-05-15,2026-05-15 14:31:32,2026-05-11 23:45:00,4bbf18196f365e00,4bbf18196f365e00_diesel_regular,ENERGETICA  II - ILHAVO,Genérico,diesel_regular,Gasóleo simples,Outro,1.934,Ílhavo,Aveiro,Rua do Norte,Gafanha de Aquem,3830-167,40.61489,-8.68458,energetica ii - ilhavo,genérico,rua do norte,"1,934 €",2026-05-15_dgeg_postos_raw.csv,79b0cac98b5e47c4
2026-05-15,2026-05-15 14:31:32,2026-05-11 23:45:00,4bbf18196f365e00,4bbf18196f365e00_diesel_premium,ENERGETICA  II - ILHAVO,Genérico,diesel_premium,Gasóleo especial,Outro,1.932,Ílhavo,Aveiro,Rua do Norte,Gafanha de Aquem,3830-167,40.61489,-8.68458,energetica ii - ilhavo,genérico,rua do norte,"1,932 €",2026-05-15_dgeg_postos_raw.csv,bbe321dcb4f27aed
2026-05-15,2026-05-15 14:31:32,2026-05-11 23:45:00,4bbf18196f365e00,4bbf18196f365e00_gasoline_95,ENERGETICA  II - ILHAVO,Genérico,gasoline_95,Gasolina simples 95,Outro,1.884,Ílhavo,Aveiro,Rua do Norte,Gafanha de Aquem,3830-167,40.61489,-8.68458,energetica ii - ilhavo,genérico,rua do norte,"1,884 €",2026-05-15_dgeg_postos_raw.csv,66b04e44d0abb140
2026-05-15,2026-05-15 14:31:32,2026-05-11 23:45:00,7fb8bbb45d828f34,7fb8bbb45d828f34_diesel_regular,TFGEST - SOBRETÂMEGA,FREITAS,diesel_regular,Gasóleo simples,Outro,2.059,Marco de Canaveses,Porto,"EM 586, Lg S. Pedro nº 192",S. Pedro,4635-403,41.199,-8.16869,tfgest - sobretâmega,freitas,"em 586, lg s. pedro nº 192","2,059 €",2026-05-15_dgeg_postos_raw.csv,a1e320bb21107877
2026-05-15,2026-05-15 14:31:32,2026-05-11 23:45:00,7fb8bbb45d828f34,7fb8bbb45d828f34_diesel_premium,TFGEST - SOBRETÂMEGA,FREITAS,diesel_premium,Gasóleo especial,Outro,2.079,Marco de Canaveses,Porto,"EM 586, Lg S. Pedro nº 192",S. Pedro,4635-403,41.199,-8.16869,tfgest - sobretâmega,freitas,"em 586, lg s. pedro nº 192","2,079 €",2026-05-15_dgeg_postos_raw.csv,f063785dea0506f0
2026-05-15,2026-05-15 14:31:32,2026-05-11 23:45:00,7fb8bbb45d828f34,7fb8bbb45d828f34_gasoline_95,TFGEST - SOBRETÂMEGA,FREITAS,gasoline_95,Gasolina simples 95,Outro,2.069,Marco de Canaveses,Porto,"EM 586, Lg S. Pedro nº 192",S. Pedro,4635-403,41.199,-8.16869,tfgest - sobretâmega,freitas,"em 586, lg s. pedro nº 192","2,069 €",2026-05-15_dgeg_postos_raw.csv,7d2a451fcdb92d02
2026-05-15,2026-05-15 14:31:32,2026-05-11 23:45:00,7fb8bbb45d828f34,7fb8bbb45d828f34_gasoline_98,TFGEST - SOBRETÂMEGA,FREITAS,gasoline_98,Gasolina especial 98,Outro,2.249,Marco de Canaveses,Porto,"EM 586, Lg S. Pedro nº 192",S. Pedro,4635-403,41.199,-8.16869,tfgest - sobretâmega,freitas,"em 586, lg s. pedro nº 192","2,249 €",2026-05-15_dgeg_postos_raw.csv,632f8f20fc7bd296
2026-05-15,2026-05-15 14:31:32,2026-05-11 23:45:00,a073e0b3400f010e,a073e0b3400f010e_diesel_regular,Posto Acrossuccess,PRIO,diesel_regular,Gasóleo simples,Outro,1.964,Torres Vedras,Lisboa,"EN 247 Km 23,840",Póvoa Dalém,2560-046,39.14946,-9.35214,posto acrossuccess,prio,"en 247 km 23,840","1,964 €",2026-05-15_dgeg_postos_raw.csv,d21a691f806089d4
2026-05-15,2026-05-15 14:31:32,2026-05-11 23:45:00,a073e0b3400f010e,a073e0b3400f010e_gasoline_95,Posto Acrossuccess,PRIO,gasoline_95,Gasolina simples 95,Outro,1.988,Torres Vedras,Lisboa,"EN 247 Km 23,840",Póvoa Dalém,2560-046,39.14946,-9.35214,posto acrossuccess,prio,"en 247 km 23,840","1,988 €",2026-05-15_dgeg_postos_raw.csv,5dcf42e1dad74224
2026-05-15,2026-05-15 14:31:32,2026-05-11 23:45:00,7cffb5d8211511b4,7cffb5d8211511b4_diesel_regular,Posto Serpins,PRIO,diesel_regular,Gasóleo simples,Outro,1.968,Lousã,Coimbra,Bairro da Estação,Serpins,3200-304,40.1558,-8.21262,posto serpins,prio,bairro da estação,"1,968 €",2026-05-15_dgeg_postos_raw.csv,9fe85d7035648363
2026-05-15,2026-05-15 14:31:32,2026-05-11 23:45:00,7cffb5d8211511b4,7cffb5d8211511b4_diesel_premium,Posto Serpins,PRIO,diesel_premium,Gasóleo especial,Outro,1.978,Lousã,Coimbra,Bairro da Estação,Serpins,3200-304,40.1558,-8.21262,posto serpins,prio,bairro da estação,"1,978 €",2026-05-15_dgeg_postos_raw.csv,d03543b528bec9ac
2026-05-15,2026-05-15 14:31:32,2026-05-11 23:45:00,7cffb5d8211511b4,7cffb5d8211511b4_gasoline_95,Posto Serpins,PRIO,gasoline_95,Gasolina simples 95,Outro,1.997,Lousã,Coimbra,Bairro da Estação,Serpins,3200-304,40.1558,-8.21262,posto serpins,prio,bairro da estação,"1,997 €",2026-05-15_dgeg_postos_raw.csv,aa99636bf8636b95
2026-05-15,2026-05-15 14:31:32,2026-05-11 23:45:00,2e4b0dae907b942a,2e4b0dae907b942a_diesel_regular,ALCOCHETE  -(Junto ao Freeport),PRIO,diesel_regular,Gasóleo simples,Outro,1.884,Alcochete,Setúbal,"E N 119 Km 7,1",Alcochete - Sitio das Cardeeiras,2890-020,38.75412,-8.94755,alcochete -(junto ao freeport),prio,"e n 119 km 7,1","1,884 €",2026-05-15_dgeg_postos_raw.csv,91788e8e6a11ed0a
2026-05-15,2026-05-15 14:31:32,2026-05-11 23:45:00,2e4b0dae907b942a,2e4b0dae907b942a_gasoline_95,ALCOCHETE  -(Junto ao Freeport),PRIO,gasoline_95,Gasolina simples 95,Outro,1.898,Alcochete,Setúbal,"E N 119 Km 7,1",Alcochete - Sitio das Cardeeiras,2890-020,38.75412,-8.94755,alcochete -(junto ao freeport),prio,"e n 119 km 7,1","1,898 €",2026-05-15_dgeg_postos_raw.csv,aa18835959f3a3d0
2026-05-15,2026-05-15 14:31:32,2026-05-11 23:45:00,6775ed5932eff739,6775ed5932eff739_diesel_regular,Posto Casal do Aranha,PRIO,diesel_regular,Gasóleo simples,Outro,1.888,Torres Vedras,Lisboa,"EN 9 Km 55,65 - Casal do Aranha",S. Pedro da Cadeira,2560-192,39.08039,-9.37184,posto casal do aranha,prio,"en 9 km 55,65 - casal do aranha","1,888 €",2026-05-15_dgeg_postos_raw.csv,f1386ec35ae4df03
2026-05-15,2026-05-15 14:31:32,2026-05-11 23:45:00,6775ed5932eff739,6775ed5932eff739_diesel_premium,Posto Casal do Aranha,PRIO,diesel_premium,Gasóleo especial,Outro,1.889,Torres Vedras,Lisboa,"EN 9 Km 55,65 - Casal do Aranha",S. Pedro da Cadeira,2560-192,39.08039,-9.37184,posto casal do aranha,prio,"en 9 km 55,65 - casal do aranha","1,889 €",2026-05-15_dgeg_postos_raw.csv,84e855b846f71a69
2026-05-15,2026-05-15 14:31:32,2026-05-11 23:45:00,6775ed5932eff739,6775ed5932eff739_gasoline_95,Posto Casal do Aranha,PRIO,gasoline_95,Gasolina simples 95,Outro,1.948,Torres Vedras,Lisboa,"EN 9 Km 55,65 - Casal do Aranha",S. Pedro da Cadeira,2560-192,39.08039,-9.37184,posto casal do aranha,prio,"en 9 km 55,65 - casal do aranha","1,948 €",2026-05-15_dgeg_postos_raw.csv,3c59ee5472a1893c
2026-05-15,2026-05-15 14:31:32,2026-05-12 00:00:00,d61e3b6b8783dd28,d61e3b6b8783dd28_diesel_regular,BP Sátão,BP,diesel_regular,Gasóleo simples,Outro,2.069,Sátão,Viseu,"Avenida Conde Dom Henrique, nº 1034",Sátão,3560-183,40.736244,-7.726742,bp sátão,bp,"avenida conde dom henrique, nº 1034","2,069 €",2026-05-15_dgeg_postos_raw.csv,5929eae84ca7116b
2026-05-15,2026-05-15 14:31:32,2026-05-12 00:00:00,d61e3b6b8783dd28,d61e3b6b8783dd28_diesel_premium,BP Sátão,BP,diesel_premium,Gasóleo especial,Outro,2.229,Sátão,Viseu,"Avenida Conde Dom Henrique, nº 1034",Sátão,3560-183,40.736244,-7.726742,bp sátão,bp,"avenida conde dom henrique, nº 1034","2,229 €",2026-05-15_dgeg_postos_raw.csv,653ac93960d5f13b
2026-05-15,2026-05-15 14:31:32,2026-05-12 00:00:00,d61e3b6b8783dd28,d61e3b6b8783dd28_gasoline_95,BP Sátão,BP,gasoline_95,Gasolina simples 95,Outro,2.059,Sátão,Viseu,"Avenida Conde Dom Henrique, nº 1034",Sátão,3560-183,40.736244,-7.726742,bp sátão,bp,"avenida conde dom henrique, nº 1034","2,059 €",2026-05-15_dgeg_postos_raw.csv,cda813b05c92b1cc
2026-05-15,2026-05-15 14:31:32,2026-05-12 00:00:00,d61e3b6b8783dd28,d61e3b6b8783dd28_gasoline_98,BP Sátão,BP,gasoline_98,Gasolina especial 98,Outro,2.299,Sátão,Viseu,"Avenida Conde Dom Henrique, nº 1034",Sátão,3560-183,40.736244,-7.726742,bp sátão,bp,"avenida conde dom henrique, nº 1034","2,299 €",2026-05-15_dgeg_postos_raw.csv,ee6c893581b5a819
2026-05-15,2026-05-15 14:31:32,2026-05-12 00:00:00,367fa0f2e5a0a1a4,367fa0f2e5a0a1a4_diesel_regular,VIA NORTE (ESTE),BP,diesel_regular,Gasóleo simples,Outro,2.109,Matosinhos,Porto,Via Norte - Leça do Balio,S. Mamede de Infesta,4465-000,41.218577,-8.626664,via norte (este),bp,via norte - leça do balio,"2,109 €",2026-05-15_dgeg_postos_raw.csv,10b4a4a326fa7b3a
2026-05-15,2026-05-15 14:31:32,2026-05-12 00:00:00,367fa0f2e5a0a1a4,367fa0f2e5a0a1a4_diesel_premium,VIA NORTE (ESTE),BP,diesel_premium,Gasóleo especial,Outro,2.229,Matosinhos,Porto,Via Norte - Leça do Balio,S. Mamede de Infesta,4465-000,41.218577,-8.626664,via norte (este),bp,via norte - leça do balio,"2,229 €",2026-05-15_dgeg_postos_raw.csv,18d0f48f19d8a7d5
2026-05-15,2026-05-15 14:31:32,2026-05-12 00:00:00,367fa0f2e5a0a1a4,367fa0f2e5a0a1a4_gasoline_95,VIA NORTE (ESTE),BP,gasoline_95,Gasolina simples 95,Outro,2.099,Matosinhos,Porto,Via Norte - Leça do Balio,S. Mamede de Infesta,4465-000,41.218577,-8.626664,via norte (este),bp,via norte - leça do balio,"2,099 €",2026-05-15_dgeg_postos_raw.csv,51700a8d4120e2ba
2026-05-15,2026-05-15 14:31:32,2026-05-12 00:00:00,367fa0f2e5a0a1a4,367fa0f2e5a0a1a4_gasoline_98,VIA NORTE (ESTE),BP,gasoline_98,Gasolina especial 98,Outro,2.299,Matosinhos,Porto,Via Norte - Leça do Balio,S. Mamede de Infesta,4465-000,41.218577,-8.626664,via norte (este),bp,via norte - leça do balio,"2,299 €",2026-05-15_dgeg_postos_raw.csv,4f8f3edd5af89c54
2026-05-15,2026-05-15 14:31:32,2026-05-12 00:00:00,095e78a080929ed7,095e78a080929ed7_diesel_regular,VIA NORTE (OESTE),BP,diesel_regular,Gasóleo simples,Outro,2.109,Matosinhos,Porto,Via Norte - Leça do Balio,S. Mamede de Infesta,4465-764,41.218548,-8.627275,via norte (oeste),bp,via norte - leça do balio,"2,109 €",2026-05-15_dgeg_postos_raw.csv,23e01b34dc3639d9
2026-05-15,2026-05-15 14:31:32,2026-05-12 00:00:00,095e78a080929ed7,095e78a080929ed7_diesel_premium,VIA NORTE (OESTE),BP,diesel_premium,Gasóleo especial,Outro,2.229,Matosinhos,Porto,Via Norte - Leça do Balio,S. Mamede de Infesta,4465-764,41.218548,-8.627275,via norte (oeste),bp,via norte - leça do balio,"2,229 €",2026-05-15_dgeg_postos_raw.csv,cb233036cca08a16
2026-05-15,2026-05-15 14:31:32,2026-05-12 00:00:00,095e78a080929ed7,095e78a080929ed7_gasoline_95,VIA NORTE (OESTE),BP,gasoline_95,Gasolina simples 95,Outro,2.099,Matosinhos,Porto,Via Norte - Leça do Balio,S. Mamede de Infesta,4465-764,41.218548,-8.627275,via norte (oeste),bp,via norte - leça do balio,"2,099 €",2026-05-15_dgeg_postos_raw.csv,d6b71a1ae0fde728
2026-05-15,2026-05-15 14:31:32,2026-05-12 00:00:00,095e78a080929ed7,095e78a080929ed7_gasoline_98,VIA NORTE (OESTE),BP,gasoline_98,Gasolina especial 98,Outro,2.299,Matosinhos,Porto,Via Norte - Leça do Balio,S. Mamede de Infesta,4465-764,41.218548,-8.627275,via norte (oeste),bp,via norte - leça do balio,"2,299 €",2026-05-15_dgeg_postos_raw.csv,9a10e023e3db3a66
2026-05-15,2026-05-15 14:31:32,2026-05-12 00:00:00,ff001fdc38949a17,ff001fdc38949a17_diesel_regular,TORRES VEDRAS,BP,diesel_regular,Gasóleo simples,Outro,2.079,Torres Vedras,Lisboa,Rotunda de Arenes (Ligação à A8),Torres Vedras,2560-000,39.099525,-9.24887,torres vedras,bp,rotunda de arenes (ligação à a8),"2,079 €",2026-05-15_dgeg_postos_raw.csv,37cd72e3fb1bf36a
2026-05-15,2026-05-15 14:31:32,2026-05-12 00:00:00,ff001fdc38949a17,ff001fdc38949a17_diesel_premium,TORRES VEDRAS,BP,diesel_premium,Gasóleo especial,Outro,2.229,Torres Vedras,Lisboa,Rotunda de Arenes (Ligação à A8),Torres Vedras,2560-000,39.099525,-9.24887,torres vedras,bp,rotunda de arenes (ligação à a8),"2,229 €",2026-05-15_dgeg_postos_raw.csv,5eb469d3834c43a4
2026-05-15,2026-05-15 14:31:32,2026-05-12 00:00:00,ff001fdc38949a17,ff001fdc38949a17_gasoline_95,TORRES VEDRAS,BP,gasoline_95,Gasolina simples 95,Outro,2.069,Torres Vedras,Lisboa,Rotunda de Arenes (Ligação à A8),Torres Vedras,2560-000,39.099525,-9.24887,torres vedras,bp,rotunda de arenes (ligação à a8),"2,069 €",2026-05-15_dgeg_postos_raw.csv,3a43fae518c80131
2026-05-15,2026-05-15 14:31:32,2026-05-12 00:00:00,ff001fdc38949a17,ff001fdc38949a17_gasoline_98,TORRES VEDRAS,BP,gasoline_98,Gasolina especial 98,Outro,2.299,Torres Vedras,Lisboa,Rotunda de Arenes (Ligação à A8),Torres Vedras,2560-000,39.099525,-9.24887,torres vedras,bp,rotunda de arenes (ligação à a8),"2,299 €",2026-05-15_dgeg_postos_raw.csv,476c4732f751255b
2026-05-15,2026-05-15 14:31:32,2026-05-12 00:00:00,83ded14700cbe22a,83ded14700cbe22a_diesel_regular,BP Vila Real - Z.I. Constantim,BP,diesel_regular,Gasóleo simples,Outro,2.109,Vila Real,Vila Real,Zona Industrial de Constantim - Fte ao Aeródromo Constantim,Constantim,5000-082,41.276123,-7.716888,bp vila real - z.i. constantim,bp,zona industrial de constantim - fte ao aeródromo constantim,"2,109 €",2026-05-15_dgeg_postos_raw.csv,dec5be5e2795a227
2026-05-15,2026-05-15 14:31:32,2026-05-12 00:00:00,83ded14700cbe22a,83ded14700cbe22a_diesel_premium,BP Vila Real - Z.I. Constantim,BP,diesel_premium,Gasóleo especial,Outro,2.229,Vila Real,Vila Real,Zona Industrial de Constantim - Fte ao Aeródromo Constantim,Constantim,5000-082,41.276123,-7.716888,bp vila real - z.i. constantim,bp,zona industrial de constantim - fte ao aeródromo constantim,"2,229 €",2026-05-15_dgeg_postos_raw.csv,1b2562d4db95d5b5
2026-05-15,2026-05-15 14:31:32,2026-05-12 00:00:00,83ded14700cbe22a,83ded14700cbe22a_gasoline_95,BP Vila Real - Z.I. Constantim,BP,gasoline_95,Gasolina simples 95,Outro,2.099,Vila Real,Vila Real,Zona Industrial de Constantim - Fte ao Aeródromo Constantim,Constantim,5000-082,41.276123,-7.716888,bp vila real - z.i. constantim,bp,zona industrial de constantim - fte ao aeródromo constantim,"2,099 €",2026-05-15_dgeg_postos_raw.csv,557a22e7dc807203
2026-05-15,2026-05-15 14:31:32,2026-05-12 00:00:00,d858fbbf3be4bbfb,d858fbbf3be4bbfb_diesel_premium,VILA VELHA DE RÓDÃO,BP,diesel_premium,Gasóleo especial,Outro,2.229,Vila Velha de Ródão,Castelo Branco,EN 18,Vila Velha de Ródão,6030-223,39.656713,-7.660509,vila velha de ródão,bp,en 18,"2,229 €",2026-05-15_dgeg_postos_raw.csv,f22de14c6e90c3c8
2026-05-15,2026-05-15 14:31:32,2026-05-12 00:00:00,d858fbbf3be4bbfb,d858fbbf3be4bbfb_gasoline_95,VILA VELHA DE RÓDÃO,BP,gasoline_95,Gasolina simples 95,Outro,2.019,Vila Velha de Ródão,Castelo Branco,EN 18,Vila Velha de Ródão,6030-223,39.656713,-7.660509,vila velha de ródão,bp,en 18,"2,019 €",2026-05-15_dgeg_postos_raw.csv,56fcc99d7d8f17ce
2026-05-15,2026-05-15 14:31:32,2026-05-12 00:00:00,a90277ed9d913c36,a90277ed9d913c36_diesel_regular,BP Figueira da Foz,BP,diesel_regular,Gasóleo simples,Outro,2.039,Figueira da Foz,Coimbra,"Av. Saraiva de Carvalho, 16",Figueira da Foz,3080-050,40.14816,-8.85024,bp figueira da foz,bp,"av. saraiva de carvalho, 16","2,039 €",2026-05-15_dgeg_postos_raw.csv,01855638f65694db
2026-05-15,2026-05-15 14:31:32,2026-05-12 00:00:00,a90277ed9d913c36,a90277ed9d913c36_diesel_premium,BP Figueira da Foz,BP,diesel_premium,Gasóleo especial,Outro,2.229,Figueira da Foz,Coimbra,"Av. Saraiva de Carvalho, 16",Figueira da Foz,3080-050,40.14816,-8.85024,bp figueira da foz,bp,"av. saraiva de carvalho, 16","2,229 €",2026-05-15_dgeg_postos_raw.csv,bf0f3b9a657f6b85
2026-05-15,2026-05-15 14:31:32,2026-05-12 00:00:00,a90277ed9d913c36,a90277ed9d913c36_gasoline_95,BP Figueira da Foz,BP,gasoline_95,Gasolina simples 95,Outro,2.037,Figueira da Foz,Coimbra,"Av. Saraiva de Carvalho, 16",Figueira da Foz,3080-050,40.14816,-8.85024,bp figueira da foz,bp,"av. saraiva de carvalho, 16","2,037 €",2026-05-15_dgeg_postos_raw.csv,ef19ece6b0de0865
2026-05-15,2026-05-15 14:31:32,2026-05-12 00:00:00,a90277ed9d913c36,a90277ed9d913c36_gasoline_98,BP Figueira da Foz,BP,gasoline_98,Gasolina especial 98,Outro,2.299,Figueira da Foz,Coimbra,"Av. Saraiva de Carvalho, 16",Figueira da Foz,3080-050,40.14816,-8.85024,bp figueira da foz,bp,"av. saraiva de carvalho, 16","2,299 €",2026-05-15_dgeg_postos_raw.csv,52d8be192f1f078b
2026-05-15,2026-05-15 14:31:32,2026-05-12 00:00:00,9dca3615b5c918cc,9dca3615b5c918cc_diesel_regular,BP FUNDÃO,BP,diesel_regular,Gasóleo simples,Outro,2.069,Fundão,Castelo Branco,Av. da Liberdade,Fundão,6234-909,40.14067,-7.49803,bp fundão,bp,av. da liberdade,"2,069 €",2026-05-15_dgeg_postos_raw.csv,4b110ee07ad29ea8
2026-05-15,2026-05-15 14:31:32,2026-05-12 00:00:00,9dca3615b5c918cc,9dca3615b5c918cc_diesel_premium,BP FUNDÃO,BP,diesel_premium,Gasóleo especial,Outro,2.229,Fundão,Castelo Branco,Av. da Liberdade,Fundão,6234-909,40.14067,-7.49803,bp fundão,bp,av. da liberdade,"2,229 €",2026-05-15_dgeg_postos_raw.csv,d311def1f136aa54
2026-05-15,2026-05-15 14:31:32,2026-05-12 00:00:00,9dca3615b5c918cc,9dca3615b5c918cc_gasoline_95,BP FUNDÃO,BP,gasoline_95,Gasolina simples 95,Outro,2.059,Fundão,Castelo Branco,Av. da Liberdade,Fundão,6234-909,40.14067,-7.49803,bp fundão,bp,av. da liberdade,"2,059 €",2026-05-15_dgeg_postos_raw.csv,93c3bde94d178b8f
2026-05-15,2026-05-15 14:31:32,2026-05-12 00:00:00,5b08ec6f511b8f9b,5b08ec6f511b8f9b_diesel_regular,BP Carvalhos - PA,BP,diesel_regular,Gasóleo simples,Outro,2.109,Vila Nova de Gaia,Porto,"Av. Dr. Moreira de Sousa, 408",Pedroso,4415-380,41.06983,-8.577855,bp carvalhos - pa,bp,"av. dr. moreira de sousa, 408","2,109 €",2026-05-15_dgeg_postos_raw.csv,350f05c6b99a51bd
2026-05-15,2026-05-15 14:31:32,2026-05-12 00:00:00,5b08ec6f511b8f9b,5b08ec6f511b8f9b_diesel_premium,BP Carvalhos - PA,BP,diesel_premium,Gasóleo especial,Outro,2.229,Vila Nova de Gaia,Porto,"Av. Dr. Moreira de Sousa, 408",Pedroso,4415-380,41.06983,-8.577855,bp carvalhos - pa,bp,"av. dr. moreira de sousa, 408","2,229 €",2026-05-15_dgeg_postos_raw.csv,c868c8d82342c208
2026-05-15,2026-05-15 14:31:32,2026-05-12 00:00:00,5b08ec6f511b8f9b,5b08ec6f511b8f9b_gasoline_95,BP Carvalhos - PA,BP,gasoline_95,Gasolina simples 95,Outro,2.099,Vila Nova de Gaia,Porto,"Av. Dr. Moreira de Sousa, 408",Pedroso,4415-380,41.06983,-8.577855,bp carvalhos - pa,bp,"av. dr. moreira de sousa, 408","2,099 €",2026-05-15_dgeg_postos_raw.csv,293e7cf97a08bdaa
2026-05-15,2026-05-15 14:31:32,2026-05-12 00:00:00,5b08ec6f511b8f9b,5b08ec6f511b8f9b_gasoline_98,BP Carvalhos - PA,BP,gasoline_98,Gasolina especial 98,Outro,2.299,Vila Nova de Gaia,Porto,"Av. Dr. Moreira de Sousa, 408",Pedroso,4415-380,41.06983,-8.577855,bp carvalhos - pa,bp,"av. dr. moreira de sousa, 408","2,299 €",2026-05-15_dgeg_postos_raw.csv,ff2c22cb6b9928b2
2026-05-15,2026-05-15 14:31:32,2026-05-12 00:00:00,e6a0497897ba648a,e6a0497897ba648a_diesel_regular,BP Perosinho,BP,diesel_regular,Gasóleo simples,Outro,2.109,Vila Nova de Gaia,Porto,"Rua 25 de Abril, 537",Perosinho,4415-028,41.06278,-8.597757,bp perosinho,bp,"rua 25 de abril, 537","2,109 €",2026-05-15_dgeg_postos_raw.csv,737ccd2869b654c5
2026-05-15,2026-05-15 14:31:32,2026-05-12 00:00:00,e6a0497897ba648a,e6a0497897ba648a_diesel_premium,BP Perosinho,BP,diesel_premium,Gasóleo especial,Outro,2.229,Vila Nova de Gaia,Porto,"Rua 25 de Abril, 537",Perosinho,4415-028,41.06278,-8.597757,bp perosinho,bp,"rua 25 de abril, 537","2,229 €",2026-05-15_dgeg_postos_raw.csv,4c5ca497a8379215
2026-05-15,2026-05-15 14:31:32,2026-05-12 00:00:00,e6a0497897ba648a,e6a0497897ba648a_gasoline_95,BP Perosinho,BP,gasoline_95,Gasolina simples 95,Outro,2.099,Vila Nova de Gaia,Porto,"Rua 25 de Abril, 537",Perosinho,4415-028,41.06278,-8.597757,bp perosinho,bp,"rua 25 de abril, 537","2,099 €",2026-05-15_dgeg_postos_raw.csv,f3565c69f27a32f5
2026-05-15,2026-05-15 14:31:32,2026-05-12 00:00:00,e6a0497897ba648a,e6a0497897ba648a_gasoline_98,BP Perosinho,BP,gasoline_98,Gasolina especial 98,Outro,2.299,Vila Nova de Gaia,Porto,"Rua 25 de Abril, 537",Perosinho,4415-028,41.06278,-8.597757,bp perosinho,bp,"rua 25 de abril, 537","2,299 €",2026-05-15_dgeg_postos_raw.csv,0c18d62102114b13
2026-05-15,2026-05-15 14:31:32,2026-05-12 00:00:00,09f73ad706957edd,09f73ad706957edd_gasoline_95,BP Mina (Castelo Branco),BP,gasoline_95,Gasolina simples 95,Outro,1.997,Castelo Branco,Castelo Branco,Rua da Mina,Castelo Branco,6000-170,39.830833,-7.495811,bp mina (castelo branco),bp,rua da mina,"1,997 €",2026-05-15_dgeg_postos_raw.csv,08bf565376b9410a
2026-05-15,2026-05-15 14:31:32,2026-05-12 00:00:00,09f73ad706957edd,09f73ad706957edd_gasoline_98,BP Mina (Castelo Branco),BP,gasoline_98,Gasolina especial 98,Outro,2.299,Castelo Branco,Castelo Branco,Rua da Mina,Castelo Branco,6000-170,39.830833,-7.495811,bp mina (castelo branco),bp,rua da mina,"2,299 €",2026-05-15_dgeg_postos_raw.csv,56e7bd19720d15ec
2026-05-15,2026-05-15 14:31:32,2026-05-12 00:00:00,7790379679cdb4ed,7790379679cdb4ed_diesel_regular,COIMBRA (OESTE),BP,diesel_regular,Gasóleo simples,Outro,2.089,Coimbra,Coimbra,Av. Inês de Castro,Coimbra - Santa Clara,3040-255,40.200815,-8.43085,coimbra (oeste),bp,av. inês de castro,"2,089 €",2026-05-15_dgeg_postos_raw.csv,f2b3e5920c3cecdf
2026-05-15,2026-05-15 14:31:32,2026-05-12 00:00:00,7790379679cdb4ed,7790379679cdb4ed_diesel_premium,COIMBRA (OESTE),BP,diesel_premium,Gasóleo especial,Outro,2.229,Coimbra,Coimbra,Av. Inês de Castro,Coimbra - Santa Clara,3040-255,40.200815,-8.43085,coimbra (oeste),bp,av. inês de castro,"2,229 €",2026-05-15_dgeg_postos_raw.csv,60906c2763880189
2026-05-15,2026-05-15 14:31:32,2026-05-12 00:00:00,7790379679cdb4ed,7790379679cdb4ed_gasoline_95,COIMBRA (OESTE),BP,gasoline_95,Gasolina simples 95,Outro,2.079,Coimbra,Coimbra,Av. Inês de Castro,Coimbra - Santa Clara,3040-255,40.200815,-8.43085,coimbra (oeste),bp,av. inês de castro,"2,079 €",2026-05-15_dgeg_postos_raw.csv,27556caeee377e0a
2026-05-15,2026-05-15 14:31:32,2026-05-12 00:00:00,7790379679cdb4ed,7790379679cdb4ed_gasoline_98,COIMBRA (OESTE),BP,gasoline_98,Gasolina especial 98,Outro,2.299,Coimbra,Coimbra,Av. Inês de Castro,Coimbra - Santa Clara,3040-255,40.200815,-8.43085,coimbra (oeste),bp,av. inês de castro,"2,299 €",2026-05-15_dgeg_postos_raw.csv,20270b700974f22e
2026-05-15,2026-05-15 14:31:32,2026-05-12 00:00:00,729e05164a38199f,729e05164a38199f_diesel_regular,BP GRANDOLA (OESTE),BP,diesel_regular,Gasóleo simples,Outro,2.109,Grândola,Setúbal,EN 120,Bairro do Isaías,7570-124,38.21951,-8.558103,bp grandola (oeste),bp,en 120,"2,109 €",2026-05-15_dgeg_postos_raw.csv,7540867a5cd13a54
2026-05-15,2026-05-15 14:31:32,2026-05-12 00:00:00,729e05164a38199f,729e05164a38199f_diesel_premium,BP GRANDOLA (OESTE),BP,diesel_premium,Gasóleo especial,Outro,2.229,Grândola,Setúbal,EN 120,Bairro do Isaías,7570-124,38.21951,-8.558103,bp grandola (oeste),bp,en 120,"2,229 €",2026-05-15_dgeg_postos_raw.csv,3149cffc7a7a1428
2026-05-15,2026-05-15 14:31:32,2026-05-12 00:00:00,afe7d5593c1f9c3e,afe7d5593c1f9c3e_diesel_regular,BP AEROPORTO,BP,diesel_regular,Gasóleo simples,Outro,2.109,Lisboa,Lisboa,Nova Rotunda Aeroporto de Lisboa - Av. de Berlim,Lisboa,1700-067,38.76924,-9.125385,bp aeroporto,bp,nova rotunda aeroporto de lisboa - av. de berlim,"2,109 €",2026-05-15_dgeg_postos_raw.csv,ba4f5d9b6ddfd328
2026-05-15,2026-05-15 14:31:32,2026-05-12 00:00:00,afe7d5593c1f9c3e,afe7d5593c1f9c3e_diesel_premium,BP AEROPORTO,BP,diesel_premium,Gasóleo especial,Outro,2.229,Lisboa,Lisboa,Nova Rotunda Aeroporto de Lisboa - Av. de Berlim,Lisboa,1700-067,38.76924,-9.125385,bp aeroporto,bp,nova rotunda aeroporto de lisboa - av. de berlim,"2,229 €",2026-05-15_dgeg_postos_raw.csv,045ef65ea85e8092
2026-05-15,2026-05-15 14:31:32,2026-05-12 00:00:00,afe7d5593c1f9c3e,afe7d5593c1f9c3e_gasoline_95,BP AEROPORTO,BP,gasoline_95,Gasolina simples 95,Outro,2.099,Lisboa,Lisboa,Nova Rotunda Aeroporto de Lisboa - Av. de Berlim,Lisboa,1700-067,38.76924,-9.125385,bp aeroporto,bp,nova rotunda aeroporto de lisboa - av. de berlim,"2,099 €",2026-05-15_dgeg_postos_raw.csv,83aa3fc81af87832
2026-05-15,2026-05-15 14:31:32,2026-05-12 00:00:00,c5f48cc991a572c9,c5f48cc991a572c9_diesel_regular,BP PARQUE DAS NAÇÕES,BP,diesel_regular,Gasóleo simples,Outro,2.109,Lisboa,Lisboa,Rua João Pinto Ribeiro Lt. 477,Lisboa,1800-000,38.775268,-9.096182,bp parque das nações,bp,rua joão pinto ribeiro lt. 477,"2,109 €",2026-05-15_dgeg_postos_raw.csv,aa9fb08a61cf51b9
2026-05-15,2026-05-15 14:31:32,2026-05-12 00:00:00,c5f48cc991a572c9,c5f48cc991a572c9_diesel_premium,BP PARQUE DAS NAÇÕES,BP,diesel_premium,Gasóleo especial,Outro,2.229,Lisboa,Lisboa,Rua João Pinto Ribeiro Lt. 477,Lisboa,1800-000,38.775268,-9.096182,bp parque das nações,bp,rua joão pinto ribeiro lt. 477,"2,229 €",2026-05-15_dgeg_postos_raw.csv,0899a3c6e52f25c7
2026-05-15,2026-05-15 14:31:32,2026-05-12 00:00:00,c5f48cc991a572c9,c5f48cc991a572c9_gasoline_95,BP PARQUE DAS NAÇÕES,BP,gasoline_95,Gasolina simples 95,Outro,2.099,Lisboa,Lisboa,Rua João Pinto Ribeiro Lt. 477,Lisboa,1800-000,38.775268,-9.096182,bp parque das nações,bp,rua joão pinto ribeiro lt. 477,"2,099 €",2026-05-15_dgeg_postos_raw.csv,074b03a8c9baed6b
2026-05-15,2026-05-15 14:31:32,2026-05-12 00:00:00,c5f48cc991a572c9,c5f48cc991a572c9_gasoline_98,BP PARQUE DAS NAÇÕES,BP,gasoline_98,Gasolina especial 98,Outro,2.299,Lisboa,Lisboa,Rua João Pinto Ribeiro Lt. 477,Lisboa,1800-000,38.775268,-9.096182,bp parque das nações,bp,rua joão pinto ribeiro lt. 477,"2,299 €",2026-05-15_dgeg_postos_raw.csv,6604a372c94eeab8
2026-05-15,2026-05-15 14:31:32,2026-05-12 00:00:00,27ea921381db632f,27ea921381db632f_diesel_regular,BP - Pero Pinheiro,BP,diesel_regular,Gasóleo simples,Outro,2.069,Sintra,Lisboa,"Av. 19 de Maio, 22",Pero Pinheiro,2715-001,38.852646,-9.326478,bp - pero pinheiro,bp,"av. 19 de maio, 22","2,069 €",2026-05-15_dgeg_postos_raw.csv,2da2c3cb7948bf65
2026-05-15,2026-05-15 14:31:32,2026-05-12 00:00:00,27ea921381db632f,27ea921381db632f_diesel_premium,BP - Pero Pinheiro,BP,diesel_premium,Gasóleo especial,Outro,2.229,Sintra,Lisboa,"Av. 19 de Maio, 22",Pero Pinheiro,2715-001,38.852646,-9.326478,bp - pero pinheiro,bp,"av. 19 de maio, 22","2,229 €",2026-05-15_dgeg_postos_raw.csv,2499ef7fc4f2174e
2026-05-15,2026-05-15 14:31:32,2026-05-12 00:00:00,27ea921381db632f,27ea921381db632f_gasoline_95,BP - Pero Pinheiro,BP,gasoline_95,Gasolina simples 95,Outro,2.059,Sintra,Lisboa,"Av. 19 de Maio, 22",Pero Pinheiro,2715-001,38.852646,-9.326478,bp - pero pinheiro,bp,"av. 19 de maio, 22","2,059 €",2026-05-15_dgeg_postos_raw.csv,41cea050ba09ef5e
2026-05-15,2026-05-15 14:31:32,2026-05-12 00:00:00,c1d28de46a6f9b9b,c1d28de46a6f9b9b_diesel_regular,BP Santarém - Variante,BP,diesel_regular,Gasóleo simples,Outro,2.079,Santarém,Santarém,Circular Urbana D. Luís I,Santarém,2005-353,39.257336,-8.701146,bp santarém - variante,bp,circular urbana d. luís i,"2,079 €",2026-05-15_dgeg_postos_raw.csv,2d58f823a1dfb5d5
2026-05-15,2026-05-15 14:31:32,2026-05-12 00:00:00,c1d28de46a6f9b9b,c1d28de46a6f9b9b_diesel_premium,BP Santarém - Variante,BP,diesel_premium,Gasóleo especial,Outro,2.229,Santarém,Santarém,Circular Urbana D. Luís I,Santarém,2005-353,39.257336,-8.701146,bp santarém - variante,bp,circular urbana d. luís i,"2,229 €",2026-05-15_dgeg_postos_raw.csv,a8af5cb68962e4e9
2026-05-15,2026-05-15 14:31:32,2026-05-12 00:00:00,c1d28de46a6f9b9b,c1d28de46a6f9b9b_gasoline_95,BP Santarém - Variante,BP,gasoline_95,Gasolina simples 95,Outro,2.069,Santarém,Santarém,Circular Urbana D. Luís I,Santarém,2005-353,39.257336,-8.701146,bp santarém - variante,bp,circular urbana d. luís i,"2,069 €",2026-05-15_dgeg_postos_raw.csv,630e7429bdef2e3a
2026-05-15,2026-05-15 14:31:32,2026-05-12 00:00:00,321b54ccfe5c52e4,321b54ccfe5c52e4_diesel_regular,BP TAVIRA,BP,diesel_regular,Gasóleo simples,Outro,2.089,Tavira,Faro,Av. Dr. Eduardo Mansinho,Tavira,8800-301,37.129156,-7.642847,bp tavira,bp,av. dr. eduardo mansinho,"2,089 €",2026-05-15_dgeg_postos_raw.csv,376792242fda30b8
2026-05-15,2026-05-15 14:31:32,2026-05-12 00:00:00,321b54ccfe5c52e4,321b54ccfe5c52e4_diesel_premium,BP TAVIRA,BP,diesel_premium,Gasóleo especial,Outro,2.229,Tavira,Faro,Av. Dr. Eduardo Mansinho,Tavira,8800-301,37.129156,-7.642847,bp tavira,bp,av. dr. eduardo mansinho,"2,229 €",2026-05-15_dgeg_postos_raw.csv,a2db042460158db2
2026-05-15,2026-05-15 14:31:32,2026-05-12 00:00:00,321b54ccfe5c52e4,321b54ccfe5c52e4_gasoline_95,BP TAVIRA,BP,gasoline_95,Gasolina simples 95,Outro,2.079,Tavira,Faro,Av. Dr. Eduardo Mansinho,Tavira,8800-301,37.129156,-7.642847,bp tavira,bp,av. dr. eduardo mansinho,"2,079 €",2026-05-15_dgeg_postos_raw.csv,0e034cd7e83a9522
2026-05-15,2026-05-15 14:31:32,2026-05-12 00:00:00,321b54ccfe5c52e4,321b54ccfe5c52e4_gasoline_98,BP TAVIRA,BP,gasoline_98,Gasolina especial 98,Outro,2.299,Tavira,Faro,Av. Dr. Eduardo Mansinho,Tavira,8800-301,37.129156,-7.642847,bp tavira,bp,av. dr. eduardo mansinho,"2,299 €",2026-05-15_dgeg_postos_raw.csv,4167bb857eaa4f8c
2026-05-15,2026-05-15 14:31:32,2026-05-12 00:00:00,a56b5be85e72be87,a56b5be85e72be87_diesel_regular,BP Porto de Mós,BP,diesel_regular,Gasóleo simples,Outro,2.109,Porto de Mós,Leiria,"Alameda D.Afonso Henriques, 8",Porto de Mós,2480-300,39.598946,-8.819331,bp porto de mós,bp,"alameda d.afonso henriques, 8","2,109 €",2026-05-15_dgeg_postos_raw.csv,ae6035b3087366e4
2026-05-15,2026-05-15 14:31:32,2026-05-12 00:00:00,a56b5be85e72be87,a56b5be85e72be87_diesel_premium,BP Porto de Mós,BP,diesel_premium,Gasóleo especial,Outro,2.229,Porto de Mós,Leiria,"Alameda D.Afonso Henriques, 8",Porto de Mós,2480-300,39.598946,-8.819331,bp porto de mós,bp,"alameda d.afonso henriques, 8","2,229 €",2026-05-15_dgeg_postos_raw.csv,c3320c724e344f55
2026-05-15,2026-05-15 14:31:32,2026-05-12 00:00:00,a56b5be85e72be87,a56b5be85e72be87_gasoline_95,BP Porto de Mós,BP,gasoline_95,Gasolina simples 95,Outro,2.099,Porto de Mós,Leiria,"Alameda D.Afonso Henriques, 8",Porto de Mós,2480-300,39.598946,-8.819331,bp porto de mós,bp,"alameda d.afonso henriques, 8","2,099 €",2026-05-15_dgeg_postos_raw.csv,573b9426a07ab09c
2026-05-15,2026-05-15 14:31:32,2026-05-12 00:00:00,a56b5be85e72be87,a56b5be85e72be87_gasoline_98,BP Porto de Mós,BP,gasoline_98,Gasolina especial 98,Outro,2.299,Porto de Mós,Leiria,"Alameda D.Afonso Henriques, 8",Porto de Mós,2480-300,39.598946,-8.819331,bp porto de mós,bp,"alameda d.afonso henriques, 8","2,299 €",2026-05-15_dgeg_postos_raw.csv,f436ec7a1033a1e2
2026-05-15,2026-05-15 14:31:32,2026-05-12 00:00:00,4b62e79f8869beca,4b62e79f8869beca_diesel_regular,BP Qta. do Conde,BP,diesel_regular,Gasóleo simples,Outro,2.059,Palmela,Setúbal,Cabeços Encarnados - Penalva,Quinta do Anjo,2950-805,38.576667,-9.022301,bp qta. do conde,bp,cabeços encarnados - penalva,"2,059 €",2026-05-15_dgeg_postos_raw.csv,01b6e2ddec204612
2026-05-15,2026-05-15 14:31:32,2026-05-12 00:00:00,4b62e79f8869beca,4b62e79f8869beca_diesel_premium,BP Qta. do Conde,BP,diesel_premium,Gasóleo especial,Outro,2.229,Palmela,Setúbal,Cabeços Encarnados - Penalva,Quinta do Anjo,2950-805,38.576667,-9.022301,bp qta. do conde,bp,cabeços encarnados - penalva,"2,229 €",2026-05-15_dgeg_postos_raw.csv,5dc6e95096b8a371
2026-05-15,2026-05-15 14:31:32,2026-05-12 00:00:00,4b62e79f8869beca,4b62e79f8869beca_gasoline_95,BP Qta. do Conde,BP,gasoline_95,Gasolina simples 95,Outro,2.049,Palmela,Setúbal,Cabeços Encarnados - Penalva,Quinta do Anjo,2950-805,38.576667,-9.022301,bp qta. do conde,bp,cabeços encarnados - penalva,"2,049 €",2026-05-15_dgeg_postos_raw.csv,2a1d308f674a9604
2026-05-15,2026-05-15 14:31:32,2026-05-12 00:00:00,4b62e79f8869beca,4b62e79f8869beca_gasoline_98,BP Qta. do Conde,BP,gasoline_98,Gasolina especial 98,Outro,2.299,Palmela,Setúbal,Cabeços Encarnados - Penalva,Quinta do Anjo,2950-805,38.576667,-9.022301,bp qta. do conde,bp,cabeços encarnados - penalva,"2,299 €",2026-05-15_dgeg_postos_raw.csv,909ec19a6ec1f759
2026-05-15,2026-05-15 14:31:32,2026-05-12 00:00:00,0ba5fbb9aabc5514,0ba5fbb9aabc5514_diesel_regular,BP Ramalhão,BP,diesel_regular,Gasóleo simples,Outro,2.069,Sintra,Lisboa,Av. Conde de Sucena - Ramalhão,Carrascal,2710-153,38.788647,-9.373986,bp ramalhão,bp,av. conde de sucena - ramalhão,"2,069 €",2026-05-15_dgeg_postos_raw.csv,9372fec0ce410590
2026-05-15,2026-05-15 14:31:32,2026-05-12 00:00:00,0ba5fbb9aabc5514,0ba5fbb9aabc5514_diesel_premium,BP Ramalhão,BP,diesel_premium,Gasóleo especial,Outro,2.229,Sintra,Lisboa,Av. Conde de Sucena - Ramalhão,Carrascal,2710-153,38.788647,-9.373986,bp ramalhão,bp,av. conde de sucena - ramalhão,"2,229 €",2026-05-15_dgeg_postos_raw.csv,cb395478ab466fbf
2026-05-15,2026-05-15 14:31:32,2026-05-12 00:00:00,0ba5fbb9aabc5514,0ba5fbb9aabc5514_gasoline_95,BP Ramalhão,BP,gasoline_95,Gasolina simples 95,Outro,2.059,Sintra,Lisboa,Av. Conde de Sucena - Ramalhão,Carrascal,2710-153,38.788647,-9.373986,bp ramalhão,bp,av. conde de sucena - ramalhão,"2,059 €",2026-05-15_dgeg_postos_raw.csv,6974d0b8bbd88f9e
2026-05-15,2026-05-15 14:31:32,2026-05-12 00:00:00,d961352ccd16e9b8,d961352ccd16e9b8_diesel_regular,OLIVEIRA AZEMÉIS - A. PARQUE,BP,diesel_regular,Gasóleo simples,Outro,2.069,Oliveira de Azeméis,Aveiro,Rua António José de Almeida,Oliveira de Azeméis,3720-239,40.83543,-8.477401,oliveira azeméis - a. parque,bp,rua antónio josé de almeida,"2,069 €",2026-05-15_dgeg_postos_raw.csv,a6c6682a503f9d7e
2026-05-15,2026-05-15 14:31:32,2026-05-12 00:00:00,d961352ccd16e9b8,d961352ccd16e9b8_diesel_premium,OLIVEIRA AZEMÉIS - A. PARQUE,BP,diesel_premium,Gasóleo especial,Outro,2.229,Oliveira de Azeméis,Aveiro,Rua António José de Almeida,Oliveira de Azeméis,3720-239,40.83543,-8.477401,oliveira azeméis - a. parque,bp,rua antónio josé de almeida,"2,229 €",2026-05-15_dgeg_postos_raw.csv,457e34506e88014b
2026-05-15,2026-05-15 14:31:32,2026-05-12 00:00:00,d961352ccd16e9b8,d961352ccd16e9b8_gasoline_95,OLIVEIRA AZEMÉIS - A. PARQUE,BP,gasoline_95,Gasolina simples 95,Outro,2.059,Oliveira de Azeméis,Aveiro,Rua António José de Almeida,Oliveira de Azeméis,3720-239,40.83543,-8.477401,oliveira azeméis - a. parque,bp,rua antónio josé de almeida,"2,059 €",2026-05-15_dgeg_postos_raw.csv,f8e0f04ca100fa30
2026-05-15,2026-05-15 14:31:32,2026-05-12 00:00:00,d961352ccd16e9b8,d961352ccd16e9b8_gasoline_98,OLIVEIRA AZEMÉIS - A. PARQUE,BP,gasoline_98,Gasolina especial 98,Outro,2.299,Oliveira de Azeméis,Aveiro,Rua António José de Almeida,Oliveira de Azeméis,3720-239,40.83543,-8.477401,oliveira azeméis - a. parque,bp,rua antónio josé de almeida,"2,299 €",2026-05-15_dgeg_postos_raw.csv,df94d3748da292bf
2026-05-15,2026-05-15 14:31:32,2026-05-12 00:00:00,8a1354d6a4cbc3a2,8a1354d6a4cbc3a2_diesel_regular,BP MASSAMÁ,BP,diesel_regular,Gasóleo simples,Outro,2.109,Sintra,Lisboa,Rua Cidade Desportiva,Queluz - Monte Abraão,2745-000,38.753548,-9.268211,bp massamá,bp,rua cidade desportiva,"2,109 €",2026-05-15_dgeg_postos_raw.csv,160141c932da44e6
2026-05-15,2026-05-15 14:31:32,2026-05-12 00:00:00,8a1354d6a4cbc3a2,8a1354d6a4cbc3a2_diesel_premium,BP MASSAMÁ,BP,diesel_premium,Gasóleo especial,Outro,2.229,Sintra,Lisboa,Rua Cidade Desportiva,Queluz - Monte Abraão,2745-000,38.753548,-9.268211,bp massamá,bp,rua cidade desportiva,"2,229 €",2026-05-15_dgeg_postos_raw.csv,d804bb605e4a13f0
2026-05-15,2026-05-15 14:31:32,2026-05-12 00:00:00,8a1354d6a4cbc3a2,8a1354d6a4cbc3a2_gasoline_95,BP MASSAMÁ,BP,gasoline_95,Gasolina simples 95,Outro,2.099,Sintra,Lisboa,Rua Cidade Desportiva,Queluz - Monte Abraão,2745-000,38.753548,-9.268211,bp massamá,bp,rua cidade desportiva,"2,099 €",2026-05-15_dgeg_postos_raw.csv,6c7610942ae7ccc8
2026-05-15,2026-05-15 14:31:32,2026-05-12 00:00:00,8a1354d6a4cbc3a2,8a1354d6a4cbc3a2_gasoline_98,BP MASSAMÁ,BP,gasoline_98,Gasolina especial 98,Outro,2.299,Sintra,Lisboa,Rua Cidade Desportiva,Queluz - Monte Abraão,2745-000,38.753548,-9.268211,bp massamá,bp,rua cidade desportiva,"2,299 €",2026-05-15_dgeg_postos_raw.csv,466984e665a3f306
2026-05-15,2026-05-15 14:31:32,2026-05-12 00:00:00,02d810a3e0f23c97,02d810a3e0f23c97_diesel_regular,BP MEALHADA - COMBA,BP,diesel_regular,Gasóleo simples,Outro,2.089,Mealhada,Aveiro,"EN 234, Km 28,35",Casal da Comba,3050-166,40.368841,-8.461331,bp mealhada - comba,bp,"en 234, km 28,35","2,089 €",2026-05-15_dgeg_postos_raw.csv,aedd0b31a460c38c
2026-05-15,2026-05-15 14:31:32,2026-05-12 00:00:00,02d810a3e0f23c97,02d810a3e0f23c97_diesel_premium,BP MEALHADA - COMBA,BP,diesel_premium,Gasóleo especial,Outro,2.229,Mealhada,Aveiro,"EN 234, Km 28,35",Casal da Comba,3050-166,40.368841,-8.461331,bp mealhada - comba,bp,"en 234, km 28,35","2,229 €",2026-05-15_dgeg_postos_raw.csv,8a3dc28f27b3152d
2026-05-15,2026-05-15 14:31:32,2026-05-12 00:00:00,02d810a3e0f23c97,02d810a3e0f23c97_gasoline_95,BP MEALHADA - COMBA,BP,gasoline_95,Gasolina simples 95,Outro,2.079,Mealhada,Aveiro,"EN 234, Km 28,35",Casal da Comba,3050-166,40.368841,-8.461331,bp mealhada - comba,bp,"en 234, km 28,35","2,079 €",2026-05-15_dgeg_postos_raw.csv,be120501a42941ab
2026-05-15,2026-05-15 14:31:32,2026-05-12 00:00:00,02d810a3e0f23c97,02d810a3e0f23c97_gasoline_98,BP MEALHADA - COMBA,BP,gasoline_98,Gasolina especial 98,Outro,2.299,Mealhada,Aveiro,"EN 234, Km 28,35",Casal da Comba,3050-166,40.368841,-8.461331,bp mealhada - comba,bp,"en 234, km 28,35","2,299 €",2026-05-15_dgeg_postos_raw.csv,d6f8397ce166b344
2026-05-15,2026-05-15 14:31:32,2026-05-12 00:00:00,41bcda35c2d72911,41bcda35c2d72911_diesel_regular,BP Ponte da Barca,BP,diesel_regular,Gasóleo simples,Outro,2.109,Ponte da Barca,Viana do Castelo,"Variante à EN 101 Km 38,5",Paço Vedro de Magalhães- Coto de Talhós,4980-639,41.794291,-8.410366,bp ponte da barca,bp,"variante à en 101 km 38,5","2,109 €",2026-05-15_dgeg_postos_raw.csv,2ae1152e0e2f4214
2026-05-15,2026-05-15 14:31:32,2026-05-12 00:00:00,41bcda35c2d72911,41bcda35c2d72911_diesel_premium,BP Ponte da Barca,BP,diesel_premium,Gasóleo especial,Outro,2.229,Ponte da Barca,Viana do Castelo,"Variante à EN 101 Km 38,5",Paço Vedro de Magalhães- Coto de Talhós,4980-639,41.794291,-8.410366,bp ponte da barca,bp,"variante à en 101 km 38,5","2,229 €",2026-05-15_dgeg_postos_raw.csv,6dea1fd05960d80c
2026-05-15,2026-05-15 14:31:32,2026-05-12 00:00:00,41bcda35c2d72911,41bcda35c2d72911_gasoline_95,BP Ponte da Barca,BP,gasoline_95,Gasolina simples 95,Outro,2.099,Ponte da Barca,Viana do Castelo,"Variante à EN 101 Km 38,5",Paço Vedro de Magalhães- Coto de Talhós,4980-639,41.794291,-8.410366,bp ponte da barca,bp,"variante à en 101 km 38,5","2,099 €",2026-05-15_dgeg_postos_raw.csv,184fc946b7c7796d
2026-05-15,2026-05-15 14:31:32,2026-05-12 00:00:00,1227294add57ec65,1227294add57ec65_diesel_regular,BP PINHAL NOVO,BP,diesel_regular,Gasóleo simples,Outro,2.049,Palmela,Setúbal,"EN 252 Km 6,5",Pinhal Novo,2955-000,38.636422,-8.913962,bp pinhal novo,bp,"en 252 km 6,5","2,049 €",2026-05-15_dgeg_postos_raw.csv,a2f3296ea3c0e3af
2026-05-15,2026-05-15 14:31:32,2026-05-12 00:00:00,1227294add57ec65,1227294add57ec65_diesel_premium,BP PINHAL NOVO,BP,diesel_premium,Gasóleo especial,Outro,2.229,Palmela,Setúbal,"EN 252 Km 6,5",Pinhal Novo,2955-000,38.636422,-8.913962,bp pinhal novo,bp,"en 252 km 6,5","2,229 €",2026-05-15_dgeg_postos_raw.csv,2278ab6611ae991a
2026-05-15,2026-05-15 14:31:32,2026-05-12 00:00:00,1227294add57ec65,1227294add57ec65_gasoline_95,BP PINHAL NOVO,BP,gasoline_95,Gasolina simples 95,Outro,2.039,Palmela,Setúbal,"EN 252 Km 6,5",Pinhal Novo,2955-000,38.636422,-8.913962,bp pinhal novo,bp,"en 252 km 6,5","2,039 €",2026-05-15_dgeg_postos_raw.csv,7cf3ae8d6b09dd73
2026-05-15,2026-05-15 14:31:32,2026-05-12 00:00:00,bca23d3d080f2c20,bca23d3d080f2c20_diesel_regular,BP Alto da Telha,BP,diesel_regular,Gasóleo simples,Outro,2.049,Barreiro,Setúbal,EN 10-3 Km 5.650,Alto da Telha - Sete Portais,2830-152,38.6398,-9.05594,bp alto da telha,bp,en 10-3 km 5.650,"2,049 €",2026-05-15_dgeg_postos_raw.csv,f5c768ce91da1813
2026-05-15,2026-05-15 14:31:32,2026-05-12 00:00:00,bca23d3d080f2c20,bca23d3d080f2c20_diesel_premium,BP Alto da Telha,BP,diesel_premium,Gasóleo especial,Outro,2.229,Barreiro,Setúbal,EN 10-3 Km 5.650,Alto da Telha - Sete Portais,2830-152,38.6398,-9.05594,bp alto da telha,bp,en 10-3 km 5.650,"2,229 €",2026-05-15_dgeg_postos_raw.csv,61306fb71b5c4392
2026-05-15,2026-05-15 14:31:32,2026-05-12 00:00:00,bca23d3d080f2c20,bca23d3d080f2c20_gasoline_95,BP Alto da Telha,BP,gasoline_95,Gasolina simples 95,Outro,2.039,Barreiro,Setúbal,EN 10-3 Km 5.650,Alto da Telha - Sete Portais,2830-152,38.6398,-9.05594,bp alto da telha,bp,en 10-3 km 5.650,"2,039 €",2026-05-15_dgeg_postos_raw.csv,adbdafbee8f51f10
2026-05-15,2026-05-15 14:31:32,2026-05-12 00:00:00,bca23d3d080f2c20,bca23d3d080f2c20_gasoline_98,BP Alto da Telha,BP,gasoline_98,Gasolina especial 98,Outro,2.299,Barreiro,Setúbal,EN 10-3 Km 5.650,Alto da Telha - Sete Portais,2830-152,38.6398,-9.05594,bp alto da telha,bp,en 10-3 km 5.650,"2,299 €",2026-05-15_dgeg_postos_raw.csv,23a78c13c1eff239
2026-05-15,2026-05-15 14:31:32,2026-05-12 00:00:00,f01cac887a5f25b0,f01cac887a5f25b0_diesel_regular,AVEIRO (ESTE),BP,diesel_regular,Gasóleo simples,Outro,2.039,Aveiro,Aveiro,"EN 109 Km 57,8",Aveiro,3810-000,40.631542,-8.640731,aveiro (este),bp,"en 109 km 57,8","2,039 €",2026-05-15_dgeg_postos_raw.csv,bdf6d205252d5688
2026-05-15,2026-05-15 14:31:32,2026-05-12 00:00:00,f01cac887a5f25b0,f01cac887a5f25b0_diesel_premium,AVEIRO (ESTE),BP,diesel_premium,Gasóleo especial,Outro,2.229,Aveiro,Aveiro,"EN 109 Km 57,8",Aveiro,3810-000,40.631542,-8.640731,aveiro (este),bp,"en 109 km 57,8","2,229 €",2026-05-15_dgeg_postos_raw.csv,7f39c771cc439e04
2026-05-15,2026-05-15 14:31:32,2026-05-12 00:00:00,f01cac887a5f25b0,f01cac887a5f25b0_gasoline_95,AVEIRO (ESTE),BP,gasoline_95,Gasolina simples 95,Outro,2.029,Aveiro,Aveiro,"EN 109 Km 57,8",Aveiro,3810-000,40.631542,-8.640731,aveiro (este),bp,"en 109 km 57,8","2,029 €",2026-05-15_dgeg_postos_raw.csv,d323c0245bc2c09f
2026-05-15,2026-05-15 14:31:32,2026-05-12 00:00:00,f01cac887a5f25b0,f01cac887a5f25b0_gasoline_98,AVEIRO (ESTE),BP,gasoline_98,Gasolina especial 98,Outro,2.299,Aveiro,Aveiro,"EN 109 Km 57,8",Aveiro,3810-000,40.631542,-8.640731,aveiro (este),bp,"en 109 km 57,8","2,299 €",2026-05-15_dgeg_postos_raw.csv,6ef8760f5829a2c6
2026-05-15,2026-05-15 14:31:32,2026-05-12 00:00:00,7ec74fb205d2f9be,7ec74fb205d2f9be_diesel_regular,AVEIRO (OESTE),BP,diesel_regular,Gasóleo simples,Outro,2.039,Aveiro,Aveiro,"EN 109 Km 57,8",Aveiro,3810-000,40.63187,-8.64133,aveiro (oeste),bp,"en 109 km 57,8","2,039 €",2026-05-15_dgeg_postos_raw.csv,497a68a196ae2d70
2026-05-15,2026-05-15 14:31:32,2026-05-12 00:00:00,7ec74fb205d2f9be,7ec74fb205d2f9be_diesel_premium,AVEIRO (OESTE),BP,diesel_premium,Gasóleo especial,Outro,2.229,Aveiro,Aveiro,"EN 109 Km 57,8",Aveiro,3810-000,40.63187,-8.64133,aveiro (oeste),bp,"en 109 km 57,8","2,229 €",2026-05-15_dgeg_postos_raw.csv,61d45efeafc003cc
2026-05-15,2026-05-15 14:31:32,2026-05-12 00:00:00,7ec74fb205d2f9be,7ec74fb205d2f9be_gasoline_95,AVEIRO (OESTE),BP,gasoline_95,Gasolina simples 95,Outro,2.029,Aveiro,Aveiro,"EN 109 Km 57,8",Aveiro,3810-000,40.63187,-8.64133,aveiro (oeste),bp,"en 109 km 57,8","2,029 €",2026-05-15_dgeg_postos_raw.csv,473a9a4233b64ca8
2026-05-15,2026-05-15 14:31:32,2026-05-12 00:00:00,7ec74fb205d2f9be,7ec74fb205d2f9be_gasoline_98,AVEIRO (OESTE),BP,gasoline_98,Gasolina especial 98,Outro,2.299,Aveiro,Aveiro,"EN 109 Km 57,8",Aveiro,3810-000,40.63187,-8.64133,aveiro (oeste),bp,"en 109 km 57,8","2,299 €",2026-05-15_dgeg_postos_raw.csv,7cc50eea7c4bc392
2026-05-15,2026-05-15 14:31:32,2026-05-12 00:00:00,84a50325d55fb204,84a50325d55fb204_diesel_regular,BP GILMONDE,BP,diesel_regular,Gasóleo simples,Outro,2.055,Barcelos,Braga,"EN 205 Km 19,53",Gilmonde,4750-000,41.51351,-8.65057,bp gilmonde,bp,"en 205 km 19,53","2,055 €",2026-05-15_dgeg_postos_raw.csv,975312047e7ef40e
2026-05-15,2026-05-15 14:31:32,2026-05-12 00:00:00,84a50325d55fb204,84a50325d55fb204_diesel_premium,BP GILMONDE,BP,diesel_premium,Gasóleo especial,Outro,2.229,Barcelos,Braga,"EN 205 Km 19,53",Gilmonde,4750-000,41.51351,-8.65057,bp gilmonde,bp,"en 205 km 19,53","2,229 €",2026-05-15_dgeg_postos_raw.csv,af5576099ddb5e02
2026-05-15,2026-05-15 14:31:32,2026-05-12 00:00:00,84a50325d55fb204,84a50325d55fb204_gasoline_95,BP GILMONDE,BP,gasoline_95,Gasolina simples 95,Outro,2.051,Barcelos,Braga,"EN 205 Km 19,53",Gilmonde,4750-000,41.51351,-8.65057,bp gilmonde,bp,"en 205 km 19,53","2,051 €",2026-05-15_dgeg_postos_raw.csv,a21e5e95cf759ab4
2026-05-15,2026-05-15 14:31:32,2026-05-12 00:00:00,08dcceaec442f771,08dcceaec442f771_diesel_regular,Manuel Joaquim Pereira & Ca. Lda.,BP,diesel_regular,Gasóleo simples,Outro,2.055,Barcelos,Braga,"Rua dos Combatentes do Ultramar, 500  Lijó",Lijó,4750-047,41.563145,-8.600908,manuel joaquim pereira & ca. lda.,bp,"rua dos combatentes do ultramar, 500 lijó","2,055 €",2026-05-15_dgeg_postos_raw.csv,b379ef4d87679e60
2026-05-15,2026-05-15 14:31:32,2026-05-12 00:00:00,08dcceaec442f771,08dcceaec442f771_diesel_premium,Manuel Joaquim Pereira & Ca. Lda.,BP,diesel_premium,Gasóleo especial,Outro,2.229,Barcelos,Braga,"Rua dos Combatentes do Ultramar, 500  Lijó",Lijó,4750-047,41.563145,-8.600908,manuel joaquim pereira & ca. lda.,bp,"rua dos combatentes do ultramar, 500 lijó","2,229 €",2026-05-15_dgeg_postos_raw.csv,a1c5092ee51ce3d2
2026-05-15,2026-05-15 14:31:32,2026-05-12 00:00:00,08dcceaec442f771,08dcceaec442f771_gasoline_95,Manuel Joaquim Pereira & Ca. Lda.,BP,gasoline_95,Gasolina simples 95,Outro,2.051,Barcelos,Braga,"Rua dos Combatentes do Ultramar, 500  Lijó",Lijó,4750-047,41.563145,-8.600908,manuel joaquim pereira & ca. lda.,bp,"rua dos combatentes do ultramar, 500 lijó","2,051 €",2026-05-15_dgeg_postos_raw.csv,b4fba24b87b9ac15
2026-05-15,2026-05-15 14:31:32,2026-05-12 00:00:00,08dcceaec442f771,08dcceaec442f771_gasoline_98,Manuel Joaquim Pereira & Ca. Lda.,BP,gasoline_98,Gasolina especial 98,Outro,2.299,Barcelos,Braga,"Rua dos Combatentes do Ultramar, 500  Lijó",Lijó,4750-047,41.563145,-8.600908,manuel joaquim pereira & ca. lda.,bp,"rua dos combatentes do ultramar, 500 lijó","2,299 €",2026-05-15_dgeg_postos_raw.csv,633c37cbf0cdeca5
2026-05-15,2026-05-15 14:31:32,2026-05-12 00:00:00,7c80298933b84d7e,7c80298933b84d7e_diesel_regular,BP Cacém - IC19,BP,diesel_regular,Gasóleo simples,Outro,2.109,Sintra,Lisboa,IC 19 (EN 249) Estrada Sintra-Lisboa - São Marcos,Agualva-Cacém,2735-000,38.761864,-9.296572,bp cacém - ic19,bp,ic 19 (en 249) estrada sintra-lisboa - são marcos,"2,109 €",2026-05-15_dgeg_postos_raw.csv,f1e9295dc36c616c
2026-05-15,2026-05-15 14:31:32,2026-05-12 00:00:00,7c80298933b84d7e,7c80298933b84d7e_diesel_premium,BP Cacém - IC19,BP,diesel_premium,Gasóleo especial,Outro,2.229,Sintra,Lisboa,IC 19 (EN 249) Estrada Sintra-Lisboa - São Marcos,Agualva-Cacém,2735-000,38.761864,-9.296572,bp cacém - ic19,bp,ic 19 (en 249) estrada sintra-lisboa - são marcos,"2,229 €",2026-05-15_dgeg_postos_raw.csv,c484bc4eb4d0a0bd
2026-05-15,2026-05-15 14:31:32,2026-05-12 00:00:00,7c80298933b84d7e,7c80298933b84d7e_gasoline_95,BP Cacém - IC19,BP,gasoline_95,Gasolina simples 95,Outro,2.099,Sintra,Lisboa,IC 19 (EN 249) Estrada Sintra-Lisboa - São Marcos,Agualva-Cacém,2735-000,38.761864,-9.296572,bp cacém - ic19,bp,ic 19 (en 249) estrada sintra-lisboa - são marcos,"2,099 €",2026-05-15_dgeg_postos_raw.csv,08504e64e1954cfd
2026-05-15,2026-05-15 14:31:32,2026-05-12 00:00:00,2f1a54604f0e3adf,2f1a54604f0e3adf_diesel_regular,CARREGADO,BP,diesel_regular,Gasóleo simples,Outro,2.109,Alenquer,Lisboa,"EN 1 Km 30,5",Ponte da Couraça,2580-000,39.01659,-8.97294,carregado,bp,"en 1 km 30,5","2,109 €",2026-05-15_dgeg_postos_raw.csv,7e5e6ef8216b6858
2026-05-15,2026-05-15 14:31:32,2026-05-12 00:00:00,2f1a54604f0e3adf,2f1a54604f0e3adf_diesel_premium,CARREGADO,BP,diesel_premium,Gasóleo especial,Outro,2.229,Alenquer,Lisboa,"EN 1 Km 30,5",Ponte da Couraça,2580-000,39.01659,-8.97294,carregado,bp,"en 1 km 30,5","2,229 €",2026-05-15_dgeg_postos_raw.csv,8a99888e9f1eba7a
2026-05-15,2026-05-15 14:31:32,2026-05-12 00:00:00,2f1a54604f0e3adf,2f1a54604f0e3adf_gasoline_95,CARREGADO,BP,gasoline_95,Gasolina simples 95,Outro,2.099,Alenquer,Lisboa,"EN 1 Km 30,5",Ponte da Couraça,2580-000,39.01659,-8.97294,carregado,bp,"en 1 km 30,5","2,099 €",2026-05-15_dgeg_postos_raw.csv,95fa3608bcabe187
2026-05-15,2026-05-15 14:31:32,2026-05-12 00:00:00,f2f9398f21878d76,f2f9398f21878d76_diesel_regular,BP Bustos (Oliveira do Bairro),BP,diesel_regular,Gasóleo simples,Outro,2.069,Oliveira do Bairro,Aveiro,Rua do Sobreiro,Bustos,3770-018,40.50067,-8.58838,bp bustos (oliveira do bairro),bp,rua do sobreiro,"2,069 €",2026-05-15_dgeg_postos_raw.csv,49c6edbc954724c6
2026-05-15,2026-05-15 14:31:32,2026-05-12 00:00:00,f2f9398f21878d76,f2f9398f21878d76_diesel_premium,BP Bustos (Oliveira do Bairro),BP,diesel_premium,Gasóleo especial,Outro,2.229,Oliveira do Bairro,Aveiro,Rua do Sobreiro,Bustos,3770-018,40.50067,-8.58838,bp bustos (oliveira do bairro),bp,rua do sobreiro,"2,229 €",2026-05-15_dgeg_postos_raw.csv,f3f136e598e6bd9e
2026-05-15,2026-05-15 14:31:32,2026-05-12 00:00:00,f2f9398f21878d76,f2f9398f21878d76_gasoline_95,BP Bustos (Oliveira do Bairro),BP,gasoline_95,Gasolina simples 95,Outro,2.059,Oliveira do Bairro,Aveiro,Rua do Sobreiro,Bustos,3770-018,40.50067,-8.58838,bp bustos (oliveira do bairro),bp,rua do sobreiro,"2,059 €",2026-05-15_dgeg_postos_raw.csv,ccf35a894fc769a6
2026-05-15,2026-05-15 14:31:32,2026-05-12 00:00:00,f2f9398f21878d76,f2f9398f21878d76_gasoline_98,BP Bustos (Oliveira do Bairro),BP,gasoline_98,Gasolina especial 98,Outro,2.299,Oliveira do Bairro,Aveiro,Rua do Sobreiro,Bustos,3770-018,40.50067,-8.58838,bp bustos (oliveira do bairro),bp,rua do sobreiro,"2,299 €",2026-05-15_dgeg_postos_raw.csv,65ca1da7697524d4
2026-05-15,2026-05-15 14:31:32,2026-05-12 00:00:00,a176740862782391,a176740862782391_diesel_regular,C. RAINHA - R. GEN. A. MOTA,BP,diesel_regular,Gasóleo simples,Outro,2.054,Caldas da Rainha,Leiria,Rua General Amilcar Mota nº 43,Caldas da Rainha,2500-209,39.392149,-9.131293,c. rainha - r. gen. a. mota,bp,rua general amilcar mota nº 43,"2,054 €",2026-05-15_dgeg_postos_raw.csv,5eee03886172eb04
2026-05-15,2026-05-15 14:31:32,2026-05-12 00:00:00,a176740862782391,a176740862782391_diesel_premium,C. RAINHA - R. GEN. A. MOTA,BP,diesel_premium,Gasóleo especial,Outro,2.224,Caldas da Rainha,Leiria,Rua General Amilcar Mota nº 43,Caldas da Rainha,2500-209,39.392149,-9.131293,c. rainha - r. gen. a. mota,bp,rua general amilcar mota nº 43,"2,224 €",2026-05-15_dgeg_postos_raw.csv,22fcc92d1c14d0ff
2026-05-15,2026-05-15 14:31:32,2026-05-12 00:00:00,a176740862782391,a176740862782391_gasoline_95,C. RAINHA - R. GEN. A. MOTA,BP,gasoline_95,Gasolina simples 95,Outro,2.059,Caldas da Rainha,Leiria,Rua General Amilcar Mota nº 43,Caldas da Rainha,2500-209,39.392149,-9.131293,c. rainha - r. gen. a. mota,bp,rua general amilcar mota nº 43,"2,059 €",2026-05-15_dgeg_postos_raw.csv,c3c6daceae5f42c3
2026-05-15,2026-05-15 14:31:32,2026-05-12 00:00:00,a176740862782391,a176740862782391_gasoline_98,C. RAINHA - R. GEN. A. MOTA,BP,gasoline_98,Gasolina especial 98,Outro,2.229,Caldas da Rainha,Leiria,Rua General Amilcar Mota nº 43,Caldas da Rainha,2500-209,39.392149,-9.131293,c. rainha - r. gen. a. mota,bp,rua general amilcar mota nº 43,"2,229 €",2026-05-15_dgeg_postos_raw.csv,ca87c0ef740a2940
2026-05-15,2026-05-15 14:31:32,2026-05-12 00:00:00,4197300e3643b6d0,4197300e3643b6d0_diesel_regular,ÁGUAS SANTAS,BP,diesel_regular,Gasóleo simples,Outro,2.079,Maia,Porto,Rua do Mosteiro,Águas Santas,4425-140,41.210002,-8.576243,águas santas,bp,rua do mosteiro,"2,079 €",2026-05-15_dgeg_postos_raw.csv,b7d347f0eb957b8a
2026-05-15,2026-05-15 14:31:32,2026-05-12 00:00:00,4197300e3643b6d0,4197300e3643b6d0_diesel_premium,ÁGUAS SANTAS,BP,diesel_premium,Gasóleo especial,Outro,2.229,Maia,Porto,Rua do Mosteiro,Águas Santas,4425-140,41.210002,-8.576243,águas santas,bp,rua do mosteiro,"2,229 €",2026-05-15_dgeg_postos_raw.csv,bc359fcaa00ccc07
2026-05-15,2026-05-15 14:31:32,2026-05-12 00:00:00,4197300e3643b6d0,4197300e3643b6d0_gasoline_95,ÁGUAS SANTAS,BP,gasoline_95,Gasolina simples 95,Outro,2.069,Maia,Porto,Rua do Mosteiro,Águas Santas,4425-140,41.210002,-8.576243,águas santas,bp,rua do mosteiro,"2,069 €",2026-05-15_dgeg_postos_raw.csv,27d6eba3217c1eb9
2026-05-15,2026-05-15 14:31:32,2026-05-12 00:00:00,678038b7cd1d7534,678038b7cd1d7534_diesel_regular,ALFENA,BP,diesel_regular,Gasóleo simples,Outro,2.069,Valongo,Porto,Rua 1º de Maio nº 1770,Alfena,4445-245,41.241066,-8.525901,alfena,bp,rua 1º de maio nº 1770,"2,069 €",2026-05-15_dgeg_postos_raw.csv,bc7e81d12246424a
2026-05-15,2026-05-15 14:31:32,2026-05-12 00:00:00,678038b7cd1d7534,678038b7cd1d7534_diesel_premium,ALFENA,BP,diesel_premium,Gasóleo especial,Outro,2.229,Valongo,Porto,Rua 1º de Maio nº 1770,Alfena,4445-245,41.241066,-8.525901,alfena,bp,rua 1º de maio nº 1770,"2,229 €",2026-05-15_dgeg_postos_raw.csv,f8d45156905296b6
2026-05-15,2026-05-15 14:31:32,2026-05-12 00:00:00,678038b7cd1d7534,678038b7cd1d7534_gasoline_95,ALFENA,BP,gasoline_95,Gasolina simples 95,Outro,2.059,Valongo,Porto,Rua 1º de Maio nº 1770,Alfena,4445-245,41.241066,-8.525901,alfena,bp,rua 1º de maio nº 1770,"2,059 €",2026-05-15_dgeg_postos_raw.csv,e5ef4cdc76280d34
2026-05-15,2026-05-15 14:31:32,2026-05-12 00:00:00,764e99aed19dca86,764e99aed19dca86_diesel_regular,BP IC 20 Almada - (Via Rápida Sul),BP,diesel_regular,Gasóleo simples,Outro,2.109,Almada,Setúbal,Via Rápida da Costa da Caparica - Casquilho,Almada,2800-000,38.66393,-9.179462,bp ic 20 almada - (via rápida sul),bp,via rápida da costa da caparica - casquilho,"2,109 €",2026-05-15_dgeg_postos_raw.csv,1e3f05c15af903fd
2026-05-15,2026-05-15 14:31:32,2026-05-12 00:00:00,764e99aed19dca86,764e99aed19dca86_diesel_premium,BP IC 20 Almada - (Via Rápida Sul),BP,diesel_premium,Gasóleo especial,Outro,2.229,Almada,Setúbal,Via Rápida da Costa da Caparica - Casquilho,Almada,2800-000,38.66393,-9.179462,bp ic 20 almada - (via rápida sul),bp,via rápida da costa da caparica - casquilho,"2,229 €",2026-05-15_dgeg_postos_raw.csv,291000f2afbfa8ef
2026-05-15,2026-05-15 14:31:32,2026-05-12 00:00:00,764e99aed19dca86,764e99aed19dca86_gasoline_95,BP IC 20 Almada - (Via Rápida Sul),BP,gasoline_95,Gasolina simples 95,Outro,2.099,Almada,Setúbal,Via Rápida da Costa da Caparica - Casquilho,Almada,2800-000,38.66393,-9.179462,bp ic 20 almada - (via rápida sul),bp,via rápida da costa da caparica - casquilho,"2,099 €",2026-05-15_dgeg_postos_raw.csv,297a17b8f7aa147b
2026-05-15,2026-05-15 14:31:32,2026-05-12 00:00:00,cf23890af59fd419,cf23890af59fd419_diesel_regular,"Combustíveis Galo, Barcelos-Gamil",Genérico,diesel_regular,Gasóleo simples,Outro,1.939,Barcelos,Braga,Rua da Estrada Nova 905,Gamil,4755-602,41.52279,-8.593953,"combustíveis galo, barcelos-gamil",genérico,rua da estrada nova 905,"1,939 €",2026-05-15_dgeg_postos_raw.csv,07d4abfceddc3d67
2026-05-15,2026-05-15 14:31:32,2026-05-12 00:00:00,cf23890af59fd419,cf23890af59fd419_diesel_premium,"Combustíveis Galo, Barcelos-Gamil",Genérico,diesel_premium,Gasóleo especial,Outro,1.969,Barcelos,Braga,Rua da Estrada Nova 905,Gamil,4755-602,41.52279,-8.593953,"combustíveis galo, barcelos-gamil",genérico,rua da estrada nova 905,"1,969 €",2026-05-15_dgeg_postos_raw.csv,5ef237d0a031aabb
2026-05-15,2026-05-15 14:31:32,2026-05-12 00:00:00,cf23890af59fd419,cf23890af59fd419_gasoline_95,"Combustíveis Galo, Barcelos-Gamil",Genérico,gasoline_95,Gasolina simples 95,Outro,1.949,Barcelos,Braga,Rua da Estrada Nova 905,Gamil,4755-602,41.52279,-8.593953,"combustíveis galo, barcelos-gamil",genérico,rua da estrada nova 905,"1,949 €",2026-05-15_dgeg_postos_raw.csv,51512fd5e7c0fd9a
2026-05-15,2026-05-15 14:31:32,2026-05-12 00:00:00,de58959e137304ba,de58959e137304ba_diesel_regular,"INTERMARCHÉ - Distribeira - Supermercados, Lda",INTERMARCHÉ,diesel_regular,Gasóleo simples,Outro,1.909,Celorico da Beira,Guarda,RUA DOM JOÃO DE OLIVEIRA MATOS N.º 45 E 47,Celorico da Beira,6360-344,40.643467,-7.387381,"intermarché - distribeira - supermercados, lda",intermarché,rua dom joão de oliveira matos n.º 45 e 47,"1,909 €",2026-05-15_dgeg_postos_raw.csv,0e494dda6dbc6b72
2026-05-15,2026-05-15 14:31:32,2026-05-12 00:00:00,de58959e137304ba,de58959e137304ba_gasoline_95,"INTERMARCHÉ - Distribeira - Supermercados, Lda",INTERMARCHÉ,gasoline_95,Gasolina simples 95,Outro,1.909,Celorico da Beira,Guarda,RUA DOM JOÃO DE OLIVEIRA MATOS N.º 45 E 47,Celorico da Beira,6360-344,40.643467,-7.387381,"intermarché - distribeira - supermercados, lda",intermarché,rua dom joão de oliveira matos n.º 45 e 47,"1,909 €",2026-05-15_dgeg_postos_raw.csv,b881c4273b3fc728
2026-05-15,2026-05-15 14:31:32,2026-05-12 00:00:00,6f386ec6c45d8356,6f386ec6c45d8356_diesel_regular,BP Faro-Hayward,BP,diesel_regular,Gasóleo simples,Outro,2.089,Faro,Faro,Av.Cidade Hayward,Faro,8000-074,37.025383,-7.917921,bp faro-hayward,bp,av.cidade hayward,"2,089 €",2026-05-15_dgeg_postos_raw.csv,fc939d145ba4d257
2026-05-15,2026-05-15 14:31:32,2026-05-12 00:00:00,6f386ec6c45d8356,6f386ec6c45d8356_diesel_premium,BP Faro-Hayward,BP,diesel_premium,Gasóleo especial,Outro,2.229,Faro,Faro,Av.Cidade Hayward,Faro,8000-074,37.025383,-7.917921,bp faro-hayward,bp,av.cidade hayward,"2,229 €",2026-05-15_dgeg_postos_raw.csv,89c33575e7f3b609
2026-05-15,2026-05-15 14:31:32,2026-05-12 00:00:00,6f386ec6c45d8356,6f386ec6c45d8356_gasoline_95,BP Faro-Hayward,BP,gasoline_95,Gasolina simples 95,Outro,2.079,Faro,Faro,Av.Cidade Hayward,Faro,8000-074,37.025383,-7.917921,bp faro-hayward,bp,av.cidade hayward,"2,079 €",2026-05-15_dgeg_postos_raw.csv,8504cfc1f4690ddb
2026-05-15,2026-05-15 14:31:32,2026-05-12 00:00:00,6f386ec6c45d8356,6f386ec6c45d8356_gasoline_98,BP Faro-Hayward,BP,gasoline_98,Gasolina especial 98,Outro,2.299,Faro,Faro,Av.Cidade Hayward,Faro,8000-074,37.025383,-7.917921,bp faro-hayward,bp,av.cidade hayward,"2,299 €",2026-05-15_dgeg_postos_raw.csv,88eeb2dc6a74ed94
2026-05-15,2026-05-15 14:31:32,2026-05-12 00:00:00,6bd3ac8a8b72f24e,6bd3ac8a8b72f24e_diesel_regular,LOURICOOP - LOURINHÃ,GALP,diesel_regular,Gasóleo simples,Outro,1.959,Lourinhã,Lisboa,Alameda Nossa Senhora dos Anjos,Lourinhã,2530-112,39.24535,-9.3148,louricoop - lourinhã,galp,alameda nossa senhora dos anjos,"1,959 €",2026-05-15_dgeg_postos_raw.csv,3d07b0d2e0f8e6e7
2026-05-15,2026-05-15 14:31:32,2026-05-12 00:00:00,2c6624a71336c380,2c6624a71336c380_gasoline_98,BP Montijo,BP,gasoline_98,Gasolina especial 98,Outro,2.299,Montijo,Setúbal,Rua Corregedor Rodrigues Dias,Montijo,2870-000,38.70337,-8.96462,bp montijo,bp,rua corregedor rodrigues dias,"2,299 €",2026-05-15_dgeg_postos_raw.csv,1dc06b7cc1cf3e4d
2026-05-15,2026-05-15 14:31:32,2026-05-12 00:00:00,14f0c228cea5f271,14f0c228cea5f271_diesel_regular,LAVRADIO-RECTA DA TORNADA,BP,diesel_regular,Gasóleo simples,Outro,2.059,Caldas da Rainha,Leiria,"EN 8 KM 93,94",Lavradio - Recta da Tornada,2500-294,39.42547,-9.13129,lavradio-recta da tornada,bp,"en 8 km 93,94","2,059 €",2026-05-15_dgeg_postos_raw.csv,45a20f42cc8b2ca0
2026-05-15,2026-05-15 14:31:32,2026-05-12 00:00:00,14f0c228cea5f271,14f0c228cea5f271_diesel_premium,LAVRADIO-RECTA DA TORNADA,BP,diesel_premium,Gasóleo especial,Outro,2.229,Caldas da Rainha,Leiria,"EN 8 KM 93,94",Lavradio - Recta da Tornada,2500-294,39.42547,-9.13129,lavradio-recta da tornada,bp,"en 8 km 93,94","2,229 €",2026-05-15_dgeg_postos_raw.csv,cbcd12121bbda8a7
2026-05-15,2026-05-15 14:31:32,2026-05-12 00:00:00,14f0c228cea5f271,14f0c228cea5f271_gasoline_95,LAVRADIO-RECTA DA TORNADA,BP,gasoline_95,Gasolina simples 95,Outro,2.049,Caldas da Rainha,Leiria,"EN 8 KM 93,94",Lavradio - Recta da Tornada,2500-294,39.42547,-9.13129,lavradio-recta da tornada,bp,"en 8 km 93,94","2,049 €",2026-05-15_dgeg_postos_raw.csv,ea421ea2e710d8b8
2026-05-15,2026-05-15 14:31:32,2026-05-12 00:00:00,14f0c228cea5f271,14f0c228cea5f271_gasoline_98,LAVRADIO-RECTA DA TORNADA,BP,gasoline_98,Gasolina especial 98,Outro,2.299,Caldas da Rainha,Leiria,"EN 8 KM 93,94",Lavradio - Recta da Tornada,2500-294,39.42547,-9.13129,lavradio-recta da tornada,bp,"en 8 km 93,94","2,299 €",2026-05-15_dgeg_postos_raw.csv,cbdec42c5923477a
2026-05-15,2026-05-15 14:31:32,2026-05-12 00:00:00,02b32f59b63b9a71,02b32f59b63b9a71_diesel_regular,Estaçao de Serviço BP Areeiro,BP,diesel_regular,Gasóleo simples,Outro,2.109,Lisboa,Lisboa,Av Almirante Gago Coutinho,Lisboa,1000-016,38.74398,-9.13175,estaçao de serviço bp areeiro,bp,av almirante gago coutinho,"2,109 €",2026-05-15_dgeg_postos_raw.csv,33316578ce336643
2026-05-15,2026-05-15 14:31:32,2026-05-12 00:00:00,02b32f59b63b9a71,02b32f59b63b9a71_diesel_premium,Estaçao de Serviço BP Areeiro,BP,diesel_premium,Gasóleo especial,Outro,2.229,Lisboa,Lisboa,Av Almirante Gago Coutinho,Lisboa,1000-016,38.74398,-9.13175,estaçao de serviço bp areeiro,bp,av almirante gago coutinho,"2,229 €",2026-05-15_dgeg_postos_raw.csv,3373257412b167e8
2026-05-15,2026-05-15 14:31:32,2026-05-12 00:00:00,02b32f59b63b9a71,02b32f59b63b9a71_gasoline_95,Estaçao de Serviço BP Areeiro,BP,gasoline_95,Gasolina simples 95,Outro,2.099,Lisboa,Lisboa,Av Almirante Gago Coutinho,Lisboa,1000-016,38.74398,-9.13175,estaçao de serviço bp areeiro,bp,av almirante gago coutinho,"2,099 €",2026-05-15_dgeg_postos_raw.csv,f0689d1ff819620e
2026-05-15,2026-05-15 14:31:32,2026-05-12 00:00:00,02b32f59b63b9a71,02b32f59b63b9a71_gasoline_98,Estaçao de Serviço BP Areeiro,BP,gasoline_98,Gasolina especial 98,Outro,2.299,Lisboa,Lisboa,Av Almirante Gago Coutinho,Lisboa,1000-016,38.74398,-9.13175,estaçao de serviço bp areeiro,bp,av almirante gago coutinho,"2,299 €",2026-05-15_dgeg_postos_raw.csv,3c4fbf29daf58247
2026-05-15,2026-05-15 14:31:32,2026-05-12 00:00:00,a35c1dd57d9d27bf,a35c1dd57d9d27bf_diesel_regular,BP ARRIFANA,BP,diesel_regular,Gasóleo simples,Outro,2.089,Santa Maria da Feira,Aveiro,"Rua Terras de Santa Maria\r\n(Antiga Estrada Nacional nº1 - km 276,065)\r\nApartado 1077",Arrifana,3700-908,40.91849,-8.49898,bp arrifana,bp,"rua terras de santa maria\r\n(antiga estrada nacional nº1 - km 276,065)\r\napartado 1077","2,089 €",2026-05-15_dgeg_postos_raw.csv,21b0a0572f8810c7
2026-05-15,2026-05-15 14:31:32,2026-05-12 00:00:00,a35c1dd57d9d27bf,a35c1dd57d9d27bf_diesel_premium,BP ARRIFANA,BP,diesel_premium,Gasóleo especial,Outro,2.229,Santa Maria da Feira,Aveiro,"Rua Terras de Santa Maria\r\n(Antiga Estrada Nacional nº1 - km 276,065)\r\nApartado 1077",Arrifana,3700-908,40.91849,-8.49898,bp arrifana,bp,"rua terras de santa maria\r\n(antiga estrada nacional nº1 - km 276,065)\r\napartado 1077","2,229 €",2026-05-15_dgeg_postos_raw.csv,82e1a19678376da5
2026-05-15,2026-05-15 14:31:32,2026-05-12 00:00:00,a35c1dd57d9d27bf,a35c1dd57d9d27bf_gasoline_95,BP ARRIFANA,BP,gasoline_95,Gasolina simples 95,Outro,2.079,Santa Maria da Feira,Aveiro,"Rua Terras de Santa Maria\r\n(Antiga Estrada Nacional nº1 - km 276,065)\r\nApartado 1077",Arrifana,3700-908,40.91849,-8.49898,bp arrifana,bp,"rua terras de santa maria\r\n(antiga estrada nacional nº1 - km 276,065)\r\napartado 1077","2,079 €",2026-05-15_dgeg_postos_raw.csv,1b583bbc01202ea6
2026-05-15,2026-05-15 14:31:32,2026-05-12 00:00:00,072767fc9a77f83a,072767fc9a77f83a_diesel_premium,Coop.Agríc.Tocha,Genérico,diesel_premium,Gasóleo especial,Outro,2.059,Cantanhede,Coimbra,Rua Manuel Rodrigues Batata,Andrades-Tocha,3064-908,40.31897,-8.75116,coop.agríc.tocha,genérico,rua manuel rodrigues batata,"2,059 €",2026-05-15_dgeg_postos_raw.csv,2ff4e72e0a1aa7b4
2026-05-15,2026-05-15 14:31:32,2026-05-12 00:00:00,072767fc9a77f83a,072767fc9a77f83a_gasoline_95,Coop.Agríc.Tocha,Genérico,gasoline_95,Gasolina simples 95,Outro,1.987,Cantanhede,Coimbra,Rua Manuel Rodrigues Batata,Andrades-Tocha,3064-908,40.31897,-8.75116,coop.agríc.tocha,genérico,rua manuel rodrigues batata,"1,987 €",2026-05-15_dgeg_postos_raw.csv,15b88ef29e86c79a
2026-05-15,2026-05-15 14:31:32,2026-05-12 00:00:00,0c85afdedd5f4b5b,0c85afdedd5f4b5b_diesel_regular,SIMAVIA-Vilar de Besteiros,NOVA,diesel_regular,Gasóleo simples,Outro,1.974,Tondela,Viseu,"Av. do Campo de Futebol, nº 20",Aldeia de Vilar,3465-190,40.58189,-8.081256,simavia-vilar de besteiros,nova,"av. do campo de futebol, nº 20","1,974 €",2026-05-15_dgeg_postos_raw.csv,36e8ab0bf17779aa
2026-05-15,2026-05-15 14:31:32,2026-05-12 00:00:00,0c85afdedd5f4b5b,0c85afdedd5f4b5b_diesel_premium,SIMAVIA-Vilar de Besteiros,NOVA,diesel_premium,Gasóleo especial,Outro,1.994,Tondela,Viseu,"Av. do Campo de Futebol, nº 20",Aldeia de Vilar,3465-190,40.58189,-8.081256,simavia-vilar de besteiros,nova,"av. do campo de futebol, nº 20","1,994 €",2026-05-15_dgeg_postos_raw.csv,c2a3fdaf7f0a9e10
2026-05-15,2026-05-15 14:31:32,2026-05-12 00:00:00,0c85afdedd5f4b5b,0c85afdedd5f4b5b_gasoline_95,SIMAVIA-Vilar de Besteiros,NOVA,gasoline_95,Gasolina simples 95,Outro,1.959,Tondela,Viseu,"Av. do Campo de Futebol, nº 20",Aldeia de Vilar,3465-190,40.58189,-8.081256,simavia-vilar de besteiros,nova,"av. do campo de futebol, nº 20","1,959 €",2026-05-15_dgeg_postos_raw.csv,54197f98f1a46dcd
2026-05-15,2026-05-15 14:31:32,2026-05-12 00:00:00,be0e110f75ec7ee1,be0e110f75ec7ee1_diesel_premium,IG Combustíveis,PRIO,diesel_premium,Gasóleo especial,Outro,1.989,Oliveira do Hospital,Coimbra,"Av. Dr. Carlos Campos, n.º 3",Oliveira do Hospital,3400-058,40.3619,-7.86059,ig combustíveis,prio,"av. dr. carlos campos, n.º 3","1,989 €",2026-05-15_dgeg_postos_raw.csv,03ff636eb413f96d
2026-05-15,2026-05-15 14:31:32,2026-05-12 00:00:00,be0e110f75ec7ee1,be0e110f75ec7ee1_gasoline_95,IG Combustíveis,PRIO,gasoline_95,Gasolina simples 95,Outro,1.979,Oliveira do Hospital,Coimbra,"Av. Dr. Carlos Campos, n.º 3",Oliveira do Hospital,3400-058,40.3619,-7.86059,ig combustíveis,prio,"av. dr. carlos campos, n.º 3","1,979 €",2026-05-15_dgeg_postos_raw.csv,826097fb00e7e05d
2026-05-15,2026-05-15 14:31:32,2026-05-12 00:00:00,8cc6656cb8cd0452,8cc6656cb8cd0452_diesel_regular,"Superfrades-Supermercados,Lda",INTERMARCHÉ,diesel_regular,Gasóleo simples,Outro,1.899,Oliveira de Frades,Viseu,Rua Tapada dos Piteiros,Tapada da Piteira,3680-146,40.720055,-8.180377,"superfrades-supermercados,lda",intermarché,rua tapada dos piteiros,"1,899 €",2026-05-15_dgeg_postos_raw.csv,042788be558b3609
2026-05-15,2026-05-15 14:31:32,2026-05-12 00:00:00,8cc6656cb8cd0452,8cc6656cb8cd0452_diesel_premium,"Superfrades-Supermercados,Lda",INTERMARCHÉ,diesel_premium,Gasóleo especial,Outro,1.939,Oliveira de Frades,Viseu,Rua Tapada dos Piteiros,Tapada da Piteira,3680-146,40.720055,-8.180377,"superfrades-supermercados,lda",intermarché,rua tapada dos piteiros,"1,939 €",2026-05-15_dgeg_postos_raw.csv,288029a87f4b032f
2026-05-15,2026-05-15 14:31:32,2026-05-12 00:00:00,8cc6656cb8cd0452,8cc6656cb8cd0452_gasoline_95,"Superfrades-Supermercados,Lda",INTERMARCHÉ,gasoline_95,Gasolina simples 95,Outro,1.879,Oliveira de Frades,Viseu,Rua Tapada dos Piteiros,Tapada da Piteira,3680-146,40.720055,-8.180377,"superfrades-supermercados,lda",intermarché,rua tapada dos piteiros,"1,879 €",2026-05-15_dgeg_postos_raw.csv,4c01c6fa55cb296a
2026-05-15,2026-05-15 14:31:32,2026-05-12 00:00:00,ba1340d4e61b88ea,ba1340d4e61b88ea_diesel_regular,QUATRO ESTRADAS NORTE,BP,diesel_regular,Gasóleo simples,Outro,2.109,Loulé,Faro,"EN 125,Km 89",Quatro Estradas,8100-321,37.100278,-8.05799,quatro estradas norte,bp,"en 125,km 89","2,109 €",2026-05-15_dgeg_postos_raw.csv,09ab0ed73e32793c
2026-05-15,2026-05-15 14:31:32,2026-05-12 00:00:00,ba1340d4e61b88ea,ba1340d4e61b88ea_diesel_premium,QUATRO ESTRADAS NORTE,BP,diesel_premium,Gasóleo especial,Outro,2.229,Loulé,Faro,"EN 125,Km 89",Quatro Estradas,8100-321,37.100278,-8.05799,quatro estradas norte,bp,"en 125,km 89","2,229 €",2026-05-15_dgeg_postos_raw.csv,58b88bf960e23ce9
2026-05-15,2026-05-15 14:31:32,2026-05-12 00:00:00,ba1340d4e61b88ea,ba1340d4e61b88ea_gasoline_95,QUATRO ESTRADAS NORTE,BP,gasoline_95,Gasolina simples 95,Outro,2.099,Loulé,Faro,"EN 125,Km 89",Quatro Estradas,8100-321,37.100278,-8.05799,quatro estradas norte,bp,"en 125,km 89","2,099 €",2026-05-15_dgeg_postos_raw.csv,31b83ccd761d0f68
2026-05-15,2026-05-15 14:31:32,2026-05-12 00:00:00,ba1340d4e61b88ea,ba1340d4e61b88ea_gasoline_98,QUATRO ESTRADAS NORTE,BP,gasoline_98,Gasolina especial 98,Outro,2.299,Loulé,Faro,"EN 125,Km 89",Quatro Estradas,8100-321,37.100278,-8.05799,quatro estradas norte,bp,"en 125,km 89","2,299 €",2026-05-15_dgeg_postos_raw.csv,fc1ff0027e331b34
2026-05-15,2026-05-15 14:31:32,2026-05-12 00:00:00,397df6fee6cc6b79,397df6fee6cc6b79_diesel_regular,BP ERMESINDE,BP,diesel_regular,Gasóleo simples,Outro,2.079,Valongo,Porto,Rua José Joaquim Ribeiro Teles,Ermesinde,4445-485,41.21409,-8.5501,bp ermesinde,bp,rua josé joaquim ribeiro teles,"2,079 €",2026-05-15_dgeg_postos_raw.csv,8631d802b336c79c
2026-05-15,2026-05-15 14:31:32,2026-05-12 00:00:00,397df6fee6cc6b79,397df6fee6cc6b79_diesel_premium,BP ERMESINDE,BP,diesel_premium,Gasóleo especial,Outro,2.229,Valongo,Porto,Rua José Joaquim Ribeiro Teles,Ermesinde,4445-485,41.21409,-8.5501,bp ermesinde,bp,rua josé joaquim ribeiro teles,"2,229 €",2026-05-15_dgeg_postos_raw.csv,95c6406e7712c1d8
2026-05-15,2026-05-15 14:31:32,2026-05-12 00:00:00,397df6fee6cc6b79,397df6fee6cc6b79_gasoline_95,BP ERMESINDE,BP,gasoline_95,Gasolina simples 95,Outro,2.069,Valongo,Porto,Rua José Joaquim Ribeiro Teles,Ermesinde,4445-485,41.21409,-8.5501,bp ermesinde,bp,rua josé joaquim ribeiro teles,"2,069 €",2026-05-15_dgeg_postos_raw.csv,3d99193e6eb03ef5
2026-05-15,2026-05-15 14:31:32,2026-05-12 00:00:00,807f1ee409d00026,807f1ee409d00026_diesel_regular,BP BARCELOS - FRESCAINHA,BP,diesel_regular,Gasóleo simples,Outro,2.055,Barcelos,Braga,"EN 103-1 Km 0,950 (Rua Filipa Borges)\r\n",Vila Frescainha - S. Martinho,4754-909,41.53029,-8.63094,bp barcelos - frescainha,bp,"en 103-1 km 0,950 (rua filipa borges)\r\n","2,055 €",2026-05-15_dgeg_postos_raw.csv,a1c6dde5e5d69799
2026-05-15,2026-05-15 14:31:32,2026-05-12 00:00:00,807f1ee409d00026,807f1ee409d00026_diesel_premium,BP BARCELOS - FRESCAINHA,BP,diesel_premium,Gasóleo especial,Outro,2.229,Barcelos,Braga,"EN 103-1 Km 0,950 (Rua Filipa Borges)\r\n",Vila Frescainha - S. Martinho,4754-909,41.53029,-8.63094,bp barcelos - frescainha,bp,"en 103-1 km 0,950 (rua filipa borges)\r\n","2,229 €",2026-05-15_dgeg_postos_raw.csv,af30f4e337ca803f
2026-05-15,2026-05-15 14:31:32,2026-05-12 00:00:00,807f1ee409d00026,807f1ee409d00026_gasoline_95,BP BARCELOS - FRESCAINHA,BP,gasoline_95,Gasolina simples 95,Outro,2.051,Barcelos,Braga,"EN 103-1 Km 0,950 (Rua Filipa Borges)\r\n",Vila Frescainha - S. Martinho,4754-909,41.53029,-8.63094,bp barcelos - frescainha,bp,"en 103-1 km 0,950 (rua filipa borges)\r\n","2,051 €",2026-05-15_dgeg_postos_raw.csv,1ad6426452e1540a
2026-05-15,2026-05-15 14:31:32,2026-05-12 00:00:00,807f1ee409d00026,807f1ee409d00026_gasoline_98,BP BARCELOS - FRESCAINHA,BP,gasoline_98,Gasolina especial 98,Outro,2.299,Barcelos,Braga,"EN 103-1 Km 0,950 (Rua Filipa Borges)\r\n",Vila Frescainha - S. Martinho,4754-909,41.53029,-8.63094,bp barcelos - frescainha,bp,"en 103-1 km 0,950 (rua filipa borges)\r\n","2,299 €",2026-05-15_dgeg_postos_raw.csv,e3bcc37638cb8c79
2026-05-15,2026-05-15 14:31:32,2026-05-12 00:00:00,7b24e940a5f5a0ef,7b24e940a5f5a0ef_diesel_regular,Giesta,BP,diesel_regular,Gasóleo simples,Outro,2.079,Maia,Porto,"Rua D. Afonso Henriques, 1013",Giesta,4425-636,41.18982,-8.58063,giesta,bp,"rua d. afonso henriques, 1013","2,079 €",2026-05-15_dgeg_postos_raw.csv,05abdb13b9571bb6
2026-05-15,2026-05-15 14:31:32,2026-05-12 00:00:00,7b24e940a5f5a0ef,7b24e940a5f5a0ef_diesel_premium,Giesta,BP,diesel_premium,Gasóleo especial,Outro,2.229,Maia,Porto,"Rua D. Afonso Henriques, 1013",Giesta,4425-636,41.18982,-8.58063,giesta,bp,"rua d. afonso henriques, 1013","2,229 €",2026-05-15_dgeg_postos_raw.csv,ad57c6cf48fa28a5
2026-05-15,2026-05-15 14:31:32,2026-05-12 00:00:00,7b24e940a5f5a0ef,7b24e940a5f5a0ef_gasoline_95,Giesta,BP,gasoline_95,Gasolina simples 95,Outro,2.069,Maia,Porto,"Rua D. Afonso Henriques, 1013",Giesta,4425-636,41.18982,-8.58063,giesta,bp,"rua d. afonso henriques, 1013","2,069 €",2026-05-15_dgeg_postos_raw.csv,296b79e01cfb6518
2026-05-15,2026-05-15 14:31:32,2026-05-12 00:00:00,d40208b694eacf33,d40208b694eacf33_diesel_regular,BP Av. 31 de Janeiro,BP,diesel_regular,Gasóleo simples,Outro,2.109,Braga,Braga,Av. 31 de Janeiro,Braga - Largo da Soutinha,4715-117,41.54598,-8.4129,bp av. 31 de janeiro,bp,av. 31 de janeiro,"2,109 €",2026-05-15_dgeg_postos_raw.csv,e3962a089e0fa4a4
2026-05-15,2026-05-15 14:31:32,2026-05-12 00:00:00,d40208b694eacf33,d40208b694eacf33_diesel_premium,BP Av. 31 de Janeiro,BP,diesel_premium,Gasóleo especial,Outro,2.229,Braga,Braga,Av. 31 de Janeiro,Braga - Largo da Soutinha,4715-117,41.54598,-8.4129,bp av. 31 de janeiro,bp,av. 31 de janeiro,"2,229 €",2026-05-15_dgeg_postos_raw.csv,aeaa4a29d490cc7e
2026-05-15,2026-05-15 14:31:32,2026-05-12 00:00:00,d40208b694eacf33,d40208b694eacf33_gasoline_95,BP Av. 31 de Janeiro,BP,gasoline_95,Gasolina simples 95,Outro,2.099,Braga,Braga,Av. 31 de Janeiro,Braga - Largo da Soutinha,4715-117,41.54598,-8.4129,bp av. 31 de janeiro,bp,av. 31 de janeiro,"2,099 €",2026-05-15_dgeg_postos_raw.csv,b3544875f0be8944
2026-05-15,2026-05-15 14:31:32,2026-05-12 00:00:00,d40208b694eacf33,d40208b694eacf33_gasoline_98,BP Av. 31 de Janeiro,BP,gasoline_98,Gasolina especial 98,Outro,2.299,Braga,Braga,Av. 31 de Janeiro,Braga - Largo da Soutinha,4715-117,41.54598,-8.4129,bp av. 31 de janeiro,bp,av. 31 de janeiro,"2,299 €",2026-05-15_dgeg_postos_raw.csv,03574e0946e81bf4
2026-05-15,2026-05-15 14:31:32,2026-05-12 00:00:00,30a20f824869e394,30a20f824869e394_diesel_regular,BP Palmeira,BP,diesel_regular,Gasóleo simples,Outro,2.109,Braga,Braga,Av. do Cávado,Palmeira,4700-690,41.57374,-8.42381,bp palmeira,bp,av. do cávado,"2,109 €",2026-05-15_dgeg_postos_raw.csv,76b937c5f1020700
2026-05-15,2026-05-15 14:31:32,2026-05-12 00:00:00,30a20f824869e394,30a20f824869e394_diesel_premium,BP Palmeira,BP,diesel_premium,Gasóleo especial,Outro,2.229,Braga,Braga,Av. do Cávado,Palmeira,4700-690,41.57374,-8.42381,bp palmeira,bp,av. do cávado,"2,229 €",2026-05-15_dgeg_postos_raw.csv,b28c199dd714010a
2026-05-15,2026-05-15 14:31:32,2026-05-12 00:00:00,30a20f824869e394,30a20f824869e394_gasoline_95,BP Palmeira,BP,gasoline_95,Gasolina simples 95,Outro,2.099,Braga,Braga,Av. do Cávado,Palmeira,4700-690,41.57374,-8.42381,bp palmeira,bp,av. do cávado,"2,099 €",2026-05-15_dgeg_postos_raw.csv,51b10395e84c5145
2026-05-15,2026-05-15 14:31:32,2026-05-12 00:00:00,1f71c4159faba772,1f71c4159faba772_diesel_regular,"Mário Jorge Peixôto Beleza, Herds., Lda.",BP,diesel_regular,Gasóleo simples,Outro,2.069,Oliveira de Azeméis,Aveiro,"Rua António Bernardo, 130",Oliveira de Azeméis,3720-301,40.83487,-8.47716,"mário jorge peixôto beleza, herds., lda.",bp,"rua antónio bernardo, 130","2,069 €",2026-05-15_dgeg_postos_raw.csv,6aa2cad1f8bf8ac0
2026-05-15,2026-05-15 14:31:32,2026-05-12 00:00:00,1f71c4159faba772,1f71c4159faba772_diesel_premium,"Mário Jorge Peixôto Beleza, Herds., Lda.",BP,diesel_premium,Gasóleo especial,Outro,2.229,Oliveira de Azeméis,Aveiro,"Rua António Bernardo, 130",Oliveira de Azeméis,3720-301,40.83487,-8.47716,"mário jorge peixôto beleza, herds., lda.",bp,"rua antónio bernardo, 130","2,229 €",2026-05-15_dgeg_postos_raw.csv,1ace9bde65404106
2026-05-15,2026-05-15 14:31:32,2026-05-12 00:00:00,1f71c4159faba772,1f71c4159faba772_gasoline_95,"Mário Jorge Peixôto Beleza, Herds., Lda.",BP,gasoline_95,Gasolina simples 95,Outro,2.059,Oliveira de Azeméis,Aveiro,"Rua António Bernardo, 130",Oliveira de Azeméis,3720-301,40.83487,-8.47716,"mário jorge peixôto beleza, herds., lda.",bp,"rua antónio bernardo, 130","2,059 €",2026-05-15_dgeg_postos_raw.csv,8a05330ea4fa92bc
2026-05-15,2026-05-15 14:31:32,2026-05-12 00:00:00,1f71c4159faba772,1f71c4159faba772_gasoline_98,"Mário Jorge Peixôto Beleza, Herds., Lda.",BP,gasoline_98,Gasolina especial 98,Outro,2.299,Oliveira de Azeméis,Aveiro,"Rua António Bernardo, 130",Oliveira de Azeméis,3720-301,40.83487,-8.47716,"mário jorge peixôto beleza, herds., lda.",bp,"rua antónio bernardo, 130","2,299 €",2026-05-15_dgeg_postos_raw.csv,b66106172680bb89
2026-05-15,2026-05-15 14:31:32,2026-05-12 00:00:00,475c440abedb56b7,475c440abedb56b7_diesel_regular,PA BP Campo de Besteiros,BP,diesel_regular,Gasóleo simples,Outro,2.109,Tondela,Viseu,Av. Dr. Afonso Costa,Campo de Besteiros,3465-051,40.553726,-8.132674,pa bp campo de besteiros,bp,av. dr. afonso costa,"2,109 €",2026-05-15_dgeg_postos_raw.csv,f609028c187e5bd2
2026-05-15,2026-05-15 14:31:32,2026-05-12 00:00:00,475c440abedb56b7,475c440abedb56b7_diesel_premium,PA BP Campo de Besteiros,BP,diesel_premium,Gasóleo especial,Outro,2.229,Tondela,Viseu,Av. Dr. Afonso Costa,Campo de Besteiros,3465-051,40.553726,-8.132674,pa bp campo de besteiros,bp,av. dr. afonso costa,"2,229 €",2026-05-15_dgeg_postos_raw.csv,dcfdd05bd4638f88
2026-05-15,2026-05-15 14:31:32,2026-05-12 00:00:00,475c440abedb56b7,475c440abedb56b7_gasoline_95,PA BP Campo de Besteiros,BP,gasoline_95,Gasolina simples 95,Outro,2.099,Tondela,Viseu,Av. Dr. Afonso Costa,Campo de Besteiros,3465-051,40.553726,-8.132674,pa bp campo de besteiros,bp,av. dr. afonso costa,"2,099 €",2026-05-15_dgeg_postos_raw.csv,236dd2f68759fd7f
2026-05-15,2026-05-15 14:31:32,2026-05-12 00:00:00,812c645ae4242549,812c645ae4242549_diesel_regular,Soeiro Combustiveis,Genérico,diesel_regular,Gasóleo simples,Outro,2.069,Tabuaço,Viseu,E.N. 323 - Lugar do Barreiro - Sendim - Tabuaço,Vila,5120-000,41.02934,-7.5491,soeiro combustiveis,genérico,e.n. 323 - lugar do barreiro - sendim - tabuaço,"2,069 €",2026-05-15_dgeg_postos_raw.csv,431ef12769c3b5b5
2026-05-15,2026-05-15 14:31:32,2026-05-12 00:00:00,812c645ae4242549,812c645ae4242549_gasoline_95,Soeiro Combustiveis,Genérico,gasoline_95,Gasolina simples 95,Outro,2.066,Tabuaço,Viseu,E.N. 323 - Lugar do Barreiro - Sendim - Tabuaço,Vila,5120-000,41.02934,-7.5491,soeiro combustiveis,genérico,e.n. 323 - lugar do barreiro - sendim - tabuaço,"2,066 €",2026-05-15_dgeg_postos_raw.csv,8882a6d85c8f3a05
2026-05-15,2026-05-15 14:31:32,2026-05-12 00:00:00,7874ef57cbf5d90f,7874ef57cbf5d90f_diesel_regular,Sintra - Av. Cascais,BP,diesel_regular,Gasóleo simples,Outro,2.069,Sintra,Lisboa,Avenida de Cascais nº620,Sintra,2710-329,38.75988333,-9.387480505,sintra - av. cascais,bp,avenida de cascais nº620,"2,069 €",2026-05-15_dgeg_postos_raw.csv,e462c398f87e2b98
2026-05-15,2026-05-15 14:31:32,2026-05-12 00:00:00,7874ef57cbf5d90f,7874ef57cbf5d90f_diesel_premium,Sintra - Av. Cascais,BP,diesel_premium,Gasóleo especial,Outro,2.229,Sintra,Lisboa,Avenida de Cascais nº620,Sintra,2710-329,38.75988333,-9.387480505,sintra - av. cascais,bp,avenida de cascais nº620,"2,229 €",2026-05-15_dgeg_postos_raw.csv,7dc7c42754db79b6
2026-05-15,2026-05-15 14:31:32,2026-05-12 00:00:00,7874ef57cbf5d90f,7874ef57cbf5d90f_gasoline_95,Sintra - Av. Cascais,BP,gasoline_95,Gasolina simples 95,Outro,2.059,Sintra,Lisboa,Avenida de Cascais nº620,Sintra,2710-329,38.75988333,-9.387480505,sintra - av. cascais,bp,avenida de cascais nº620,"2,059 €",2026-05-15_dgeg_postos_raw.csv,a24143baeb9c6fa5
2026-05-15,2026-05-15 14:31:32,2026-05-12 00:00:00,95bc9c56b0276ffc,95bc9c56b0276ffc_diesel_regular,Galp-OFIMAQ- Pousos_Leiria,Genérico,diesel_regular,Gasóleo simples,Outro,1.978,Leiria,Leiria,Charneca - Pousos,Leiria,2410-211,39.735157,-8.764882,galp-ofimaq- pousos_leiria,genérico,charneca - pousos,"1,978 €",2026-05-15_dgeg_postos_raw.csv,4d9c334f3bb4d3e3
2026-05-15,2026-05-15 14:31:32,2026-05-12 00:00:00,95bc9c56b0276ffc,95bc9c56b0276ffc_gasoline_95,Galp-OFIMAQ- Pousos_Leiria,Genérico,gasoline_95,Gasolina simples 95,Outro,1.972,Leiria,Leiria,Charneca - Pousos,Leiria,2410-211,39.735157,-8.764882,galp-ofimaq- pousos_leiria,genérico,charneca - pousos,"1,972 €",2026-05-15_dgeg_postos_raw.csv,d976d1add83345d3
2026-05-15,2026-05-15 14:31:32,2026-05-12 00:00:00,86568de861e2f661,86568de861e2f661_diesel_regular,GALP Moita dos Ferreiros,GALP,diesel_regular,Gasóleo simples,Outro,1.959,Lourinhã,Lisboa,"EN 361, nº95",Moita dos Ferreiros,2530-481,39.24973,-9.21676,galp moita dos ferreiros,galp,"en 361, nº95","1,959 €",2026-05-15_dgeg_postos_raw.csv,1e853066fd778fa9
2026-05-15,2026-05-15 14:31:32,2026-05-12 00:00:00,86568de861e2f661,86568de861e2f661_diesel_premium,GALP Moita dos Ferreiros,GALP,diesel_premium,Gasóleo especial,Outro,1.999,Lourinhã,Lisboa,"EN 361, nº95",Moita dos Ferreiros,2530-481,39.24973,-9.21676,galp moita dos ferreiros,galp,"en 361, nº95","1,999 €",2026-05-15_dgeg_postos_raw.csv,b9ada6f00adf7559
2026-05-15,2026-05-15 14:31:32,2026-05-12 00:00:00,86568de861e2f661,86568de861e2f661_gasoline_95,GALP Moita dos Ferreiros,GALP,gasoline_95,Gasolina simples 95,Outro,2.032,Lourinhã,Lisboa,"EN 361, nº95",Moita dos Ferreiros,2530-481,39.24973,-9.21676,galp moita dos ferreiros,galp,"en 361, nº95","2,032 €",2026-05-15_dgeg_postos_raw.csv,fe8c01665aa41c41
2026-05-15,2026-05-15 14:31:32,2026-05-12 00:00:00,86568de861e2f661,86568de861e2f661_gasoline_98,GALP Moita dos Ferreiros,GALP,gasoline_98,Gasolina especial 98,Outro,2.269,Lourinhã,Lisboa,"EN 361, nº95",Moita dos Ferreiros,2530-481,39.24973,-9.21676,galp moita dos ferreiros,galp,"en 361, nº95","2,269 €",2026-05-15_dgeg_postos_raw.csv,4839bcc77f32a1ad
2026-05-15,2026-05-15 14:31:32,2026-05-12 00:00:00,c27a3b739a50c55c,c27a3b739a50c55c_diesel_premium,FAMILIA ELECTRO MOVEIS LDA,PRIO,diesel_premium,Gasóleo especial,Outro,2.049,Oleiros,Castelo Branco,Rua José Esteves Garcia,Oleiros,6160-414,39.91938,-7.90713,familia electro moveis lda,prio,rua josé esteves garcia,"2,049 €",2026-05-15_dgeg_postos_raw.csv,eff1d02272d1183b
2026-05-15,2026-05-15 14:31:32,2026-05-12 00:00:00,c27a3b739a50c55c,c27a3b739a50c55c_gasoline_95,FAMILIA ELECTRO MOVEIS LDA,PRIO,gasoline_95,Gasolina simples 95,Outro,2.055,Oleiros,Castelo Branco,Rua José Esteves Garcia,Oleiros,6160-414,39.91938,-7.90713,familia electro moveis lda,prio,rua josé esteves garcia,"2,055 €",2026-05-15_dgeg_postos_raw.csv,9f17bf78301d6ae5
2026-05-15,2026-05-15 14:31:32,2026-05-12 00:00:00,e5bd2ef1daae8751,e5bd2ef1daae8751_diesel_regular,BP 5 OUTUBRO,BP,diesel_regular,Gasóleo simples,Outro,2.069,Porto,Porto,"Rua 5 de Outubro, 574",Ramalde,4100-173,41.16313,-8.63298,bp 5 outubro,bp,"rua 5 de outubro, 574","2,069 €",2026-05-15_dgeg_postos_raw.csv,0847ed3c485a49f6
2026-05-15,2026-05-15 14:31:32,2026-05-12 00:00:00,e5bd2ef1daae8751,e5bd2ef1daae8751_diesel_premium,BP 5 OUTUBRO,BP,diesel_premium,Gasóleo especial,Outro,2.229,Porto,Porto,"Rua 5 de Outubro, 574",Ramalde,4100-173,41.16313,-8.63298,bp 5 outubro,bp,"rua 5 de outubro, 574","2,229 €",2026-05-15_dgeg_postos_raw.csv,a1c16ee720f1d7c3
2026-05-15,2026-05-15 14:31:32,2026-05-12 00:00:00,e5bd2ef1daae8751,e5bd2ef1daae8751_gasoline_95,BP 5 OUTUBRO,BP,gasoline_95,Gasolina simples 95,Outro,2.059,Porto,Porto,"Rua 5 de Outubro, 574",Ramalde,4100-173,41.16313,-8.63298,bp 5 outubro,bp,"rua 5 de outubro, 574","2,059 €",2026-05-15_dgeg_postos_raw.csv,8ac4b1ec7ae84894
2026-05-15,2026-05-15 14:31:32,2026-05-12 00:00:00,b419522579bb16eb,b419522579bb16eb_diesel_regular,BP Lisboa - Duarte Pacheco,BP,diesel_regular,Gasóleo simples,Outro,2.109,Lisboa,Lisboa,Av. Duarte Pacheco (Cascais/Lisboa),Lisboa,1070-113,38.722694,-9.167921,bp lisboa - duarte pacheco,bp,av. duarte pacheco (cascais/lisboa),"2,109 €",2026-05-15_dgeg_postos_raw.csv,93f3f74af73d8d50
2026-05-15,2026-05-15 14:31:32,2026-05-12 00:00:00,b419522579bb16eb,b419522579bb16eb_diesel_premium,BP Lisboa - Duarte Pacheco,BP,diesel_premium,Gasóleo especial,Outro,2.229,Lisboa,Lisboa,Av. Duarte Pacheco (Cascais/Lisboa),Lisboa,1070-113,38.722694,-9.167921,bp lisboa - duarte pacheco,bp,av. duarte pacheco (cascais/lisboa),"2,229 €",2026-05-15_dgeg_postos_raw.csv,cf9f62191971d69b
2026-05-15,2026-05-15 14:31:32,2026-05-12 00:00:00,b419522579bb16eb,b419522579bb16eb_gasoline_95,BP Lisboa - Duarte Pacheco,BP,gasoline_95,Gasolina simples 95,Outro,2.099,Lisboa,Lisboa,Av. Duarte Pacheco (Cascais/Lisboa),Lisboa,1070-113,38.722694,-9.167921,bp lisboa - duarte pacheco,bp,av. duarte pacheco (cascais/lisboa),"2,099 €",2026-05-15_dgeg_postos_raw.csv,f929deb280e92217
2026-05-15,2026-05-15 14:31:32,2026-05-12 00:00:00,0c185d4d0d22c7c8,0c185d4d0d22c7c8_diesel_regular,Freitas Monte Córdova,FREITAS,diesel_regular,Gasóleo simples,Outro,2.019,Santo Tirso,Porto,Rua Albino Sousa Cruz n.º 11,Monte Córdova,4825-288,41.318134,-8.428881,freitas monte córdova,freitas,rua albino sousa cruz n.º 11,"2,019 €",2026-05-15_dgeg_postos_raw.csv,fe03f3f9a1eb0531
2026-05-15,2026-05-15 14:31:32,2026-05-12 00:00:00,0c185d4d0d22c7c8,0c185d4d0d22c7c8_diesel_premium,Freitas Monte Córdova,FREITAS,diesel_premium,Gasóleo especial,Outro,2.039,Santo Tirso,Porto,Rua Albino Sousa Cruz n.º 11,Monte Córdova,4825-288,41.318134,-8.428881,freitas monte córdova,freitas,rua albino sousa cruz n.º 11,"2,039 €",2026-05-15_dgeg_postos_raw.csv,9bd24eddef3947fe
2026-05-15,2026-05-15 14:31:32,2026-05-12 00:00:00,0c185d4d0d22c7c8,0c185d4d0d22c7c8_gasoline_95,Freitas Monte Córdova,FREITAS,gasoline_95,Gasolina simples 95,Outro,1.999,Santo Tirso,Porto,Rua Albino Sousa Cruz n.º 11,Monte Córdova,4825-288,41.318134,-8.428881,freitas monte córdova,freitas,rua albino sousa cruz n.º 11,"1,999 €",2026-05-15_dgeg_postos_raw.csv,14ae45ab0a1729dc
2026-05-15,2026-05-15 14:31:32,2026-05-12 00:00:00,0c185d4d0d22c7c8,0c185d4d0d22c7c8_gasoline_98,Freitas Monte Córdova,FREITAS,gasoline_98,Gasolina especial 98,Outro,2.239,Santo Tirso,Porto,Rua Albino Sousa Cruz n.º 11,Monte Córdova,4825-288,41.318134,-8.428881,freitas monte córdova,freitas,rua albino sousa cruz n.º 11,"2,239 €",2026-05-15_dgeg_postos_raw.csv,4ec230860b34d620
2026-05-15,2026-05-15 14:31:32,2026-05-12 00:00:00,8ceab65097715c9c,8ceab65097715c9c_diesel_regular,TF GEST - VILELA,FREITAS,diesel_regular,Gasóleo simples,Outro,2.009,Paredes,Porto,"Rua do Calvário, 224",Vilela,4580-645,41.242123,-8.380746,tf gest - vilela,freitas,"rua do calvário, 224","2,009 €",2026-05-15_dgeg_postos_raw.csv,131d28dc867509e2
2026-05-15,2026-05-15 14:31:32,2026-05-12 00:00:00,8ceab65097715c9c,8ceab65097715c9c_diesel_premium,TF GEST - VILELA,FREITAS,diesel_premium,Gasóleo especial,Outro,2.059,Paredes,Porto,"Rua do Calvário, 224",Vilela,4580-645,41.242123,-8.380746,tf gest - vilela,freitas,"rua do calvário, 224","2,059 €",2026-05-15_dgeg_postos_raw.csv,e71b7d5bfe94b6ab
2026-05-15,2026-05-15 14:31:32,2026-05-12 00:00:00,8ceab65097715c9c,8ceab65097715c9c_gasoline_95,TF GEST - VILELA,FREITAS,gasoline_95,Gasolina simples 95,Outro,2.019,Paredes,Porto,"Rua do Calvário, 224",Vilela,4580-645,41.242123,-8.380746,tf gest - vilela,freitas,"rua do calvário, 224","2,019 €",2026-05-15_dgeg_postos_raw.csv,6cfa33c9c7f70b03
2026-05-15,2026-05-15 14:31:32,2026-05-12 00:00:00,8ceab65097715c9c,8ceab65097715c9c_gasoline_98,TF GEST - VILELA,FREITAS,gasoline_98,Gasolina especial 98,Outro,2.249,Paredes,Porto,"Rua do Calvário, 224",Vilela,4580-645,41.242123,-8.380746,tf gest - vilela,freitas,"rua do calvário, 224","2,249 €",2026-05-15_dgeg_postos_raw.csv,b1d6cee9a8803bcf
2026-05-15,2026-05-15 14:31:32,2026-05-12 00:00:00,ef7d89c1734b9b40,ef7d89c1734b9b40_diesel_regular,E.S. TROFA,REPSOL,diesel_regular,Gasóleo simples,Outro,2.029,Trofa,Porto,RUA DAS INDUSTRIAS 655,Trofa,4785-624,41.32683,-8.56734,e.s. trofa,repsol,rua das industrias 655,"2,029 €",2026-05-15_dgeg_postos_raw.csv,902100c57fd2c7ff
2026-05-15,2026-05-15 14:31:32,2026-05-12 00:00:00,ef7d89c1734b9b40,ef7d89c1734b9b40_diesel_premium,E.S. TROFA,REPSOL,diesel_premium,Gasóleo especial,Outro,2.089,Trofa,Porto,RUA DAS INDUSTRIAS 655,Trofa,4785-624,41.32683,-8.56734,e.s. trofa,repsol,rua das industrias 655,"2,089 €",2026-05-15_dgeg_postos_raw.csv,59f74266fef9e247
2026-05-15,2026-05-15 14:31:32,2026-05-12 00:00:00,ef7d89c1734b9b40,ef7d89c1734b9b40_gasoline_95,E.S. TROFA,REPSOL,gasoline_95,Gasolina simples 95,Outro,2.027,Trofa,Porto,RUA DAS INDUSTRIAS 655,Trofa,4785-624,41.32683,-8.56734,e.s. trofa,repsol,rua das industrias 655,"2,027 €",2026-05-15_dgeg_postos_raw.csv,33a776ebcea42480
2026-05-15,2026-05-15 14:31:32,2026-05-12 00:00:00,08c47313505987e3,08c47313505987e3_diesel_regular,E.S. PONTE DE LIMA A,REPSOL,diesel_regular,Gasóleo simples,Outro,2.079,Ponte de Lima,Viana do Castelo,"EN 201 Km 0,76/0,826",S. Goncalo - Arcozelo,4990-000,41.76644,-8.59445,e.s. ponte de lima a,repsol,"en 201 km 0,76/0,826","2,079 €",2026-05-15_dgeg_postos_raw.csv,88fe96d3bd43e482
2026-05-15,2026-05-15 14:31:32,2026-05-12 00:00:00,08c47313505987e3,08c47313505987e3_diesel_premium,E.S. PONTE DE LIMA A,REPSOL,diesel_premium,Gasóleo especial,Outro,2.149,Ponte de Lima,Viana do Castelo,"EN 201 Km 0,76/0,826",S. Goncalo - Arcozelo,4990-000,41.76644,-8.59445,e.s. ponte de lima a,repsol,"en 201 km 0,76/0,826","2,149 €",2026-05-15_dgeg_postos_raw.csv,27e4ff1aa0d585f4
2026-05-15,2026-05-15 14:31:32,2026-05-12 00:00:00,08c47313505987e3,08c47313505987e3_gasoline_95,E.S. PONTE DE LIMA A,REPSOL,gasoline_95,Gasolina simples 95,Outro,2.067,Ponte de Lima,Viana do Castelo,"EN 201 Km 0,76/0,826",S. Goncalo - Arcozelo,4990-000,41.76644,-8.59445,e.s. ponte de lima a,repsol,"en 201 km 0,76/0,826","2,067 €",2026-05-15_dgeg_postos_raw.csv,1e2d2f5b7bbbc723
2026-05-15,2026-05-15 14:31:32,2026-05-12 00:00:00,08c47313505987e3,08c47313505987e3_gasoline_98,E.S. PONTE DE LIMA A,REPSOL,gasoline_98,Gasolina especial 98,Outro,2.267,Ponte de Lima,Viana do Castelo,"EN 201 Km 0,76/0,826",S. Goncalo - Arcozelo,4990-000,41.76644,-8.59445,e.s. ponte de lima a,repsol,"en 201 km 0,76/0,826","2,267 €",2026-05-15_dgeg_postos_raw.csv,ce5db2ecabd90d72
2026-05-15,2026-05-15 14:31:32,2026-05-12 00:00:00,3895286cc240e9c9,3895286cc240e9c9_diesel_regular,E.S. PONTE DE LIMA B,REPSOL,diesel_regular,Gasóleo simples,Outro,2.079,Ponte de Lima,Viana do Castelo,"EN 201 Km 0,76/0,826",S. Gonçalo - Arcozelo,4990-120,41.76622,-8.5945,e.s. ponte de lima b,repsol,"en 201 km 0,76/0,826","2,079 €",2026-05-15_dgeg_postos_raw.csv,877bcfc60b15405a
2026-05-15,2026-05-15 14:31:32,2026-05-12 00:00:00,3895286cc240e9c9,3895286cc240e9c9_diesel_premium,E.S. PONTE DE LIMA B,REPSOL,diesel_premium,Gasóleo especial,Outro,2.149,Ponte de Lima,Viana do Castelo,"EN 201 Km 0,76/0,826",S. Gonçalo - Arcozelo,4990-120,41.76622,-8.5945,e.s. ponte de lima b,repsol,"en 201 km 0,76/0,826","2,149 €",2026-05-15_dgeg_postos_raw.csv,cf40ed1ca0e61329
2026-05-15,2026-05-15 14:31:32,2026-05-12 00:00:00,3895286cc240e9c9,3895286cc240e9c9_gasoline_95,E.S. PONTE DE LIMA B,REPSOL,gasoline_95,Gasolina simples 95,Outro,2.067,Ponte de Lima,Viana do Castelo,"EN 201 Km 0,76/0,826",S. Gonçalo - Arcozelo,4990-120,41.76622,-8.5945,e.s. ponte de lima b,repsol,"en 201 km 0,76/0,826","2,067 €",2026-05-15_dgeg_postos_raw.csv,079c3ee9bfcb628e
2026-05-15,2026-05-15 14:31:32,2026-05-12 00:00:00,7028c04bddc37cc5,7028c04bddc37cc5_diesel_regular,E.S. PONTE LIMA CENTRO,REPSOL,diesel_regular,Gasóleo simples,Outro,2.079,Ponte de Lima,Viana do Castelo,EN 203 Km 400,Freguesia da Feitosa,4990-000,41.75936,-8.58296,e.s. ponte lima centro,repsol,en 203 km 400,"2,079 €",2026-05-15_dgeg_postos_raw.csv,6761fa11d52878f2
2026-05-15,2026-05-15 14:31:32,2026-05-12 00:00:00,7028c04bddc37cc5,7028c04bddc37cc5_diesel_premium,E.S. PONTE LIMA CENTRO,REPSOL,diesel_premium,Gasóleo especial,Outro,2.149,Ponte de Lima,Viana do Castelo,EN 203 Km 400,Freguesia da Feitosa,4990-000,41.75936,-8.58296,e.s. ponte lima centro,repsol,en 203 km 400,"2,149 €",2026-05-15_dgeg_postos_raw.csv,e0fd0ab4938dc9e2
2026-05-15,2026-05-15 14:31:32,2026-05-12 00:00:00,7028c04bddc37cc5,7028c04bddc37cc5_gasoline_95,E.S. PONTE LIMA CENTRO,REPSOL,gasoline_95,Gasolina simples 95,Outro,2.067,Ponte de Lima,Viana do Castelo,EN 203 Km 400,Freguesia da Feitosa,4990-000,41.75936,-8.58296,e.s. ponte lima centro,repsol,en 203 km 400,"2,067 €",2026-05-15_dgeg_postos_raw.csv,0f2bfa88e911e562
2026-05-15,2026-05-15 14:31:32,2026-05-12 00:00:00,7028c04bddc37cc5,7028c04bddc37cc5_gasoline_98,E.S. PONTE LIMA CENTRO,REPSOL,gasoline_98,Gasolina especial 98,Outro,2.267,Ponte de Lima,Viana do Castelo,EN 203 Km 400,Freguesia da Feitosa,4990-000,41.75936,-8.58296,e.s. ponte lima centro,repsol,en 203 km 400,"2,267 €",2026-05-15_dgeg_postos_raw.csv,b5ca0cde2a98b156
2026-05-15,2026-05-15 14:31:32,2026-05-12 00:00:00,c48981da1fd60030,c48981da1fd60030_diesel_regular,BP - Pavia,BP,diesel_regular,Gasóleo simples,Outro,2.069,Mora,Évora,"Rua 5 de Outubro, n.º 2",Pavia,7490-426,38.89517,-8.02362,bp - pavia,bp,"rua 5 de outubro, n.º 2","2,069 €",2026-05-15_dgeg_postos_raw.csv,8b630b2d57df1210
2026-05-15,2026-05-15 14:31:32,2026-05-12 00:00:00,c48981da1fd60030,c48981da1fd60030_diesel_premium,BP - Pavia,BP,diesel_premium,Gasóleo especial,Outro,2.229,Mora,Évora,"Rua 5 de Outubro, n.º 2",Pavia,7490-426,38.89517,-8.02362,bp - pavia,bp,"rua 5 de outubro, n.º 2","2,229 €",2026-05-15_dgeg_postos_raw.csv,6c45999fc3c92401
2026-05-15,2026-05-15 14:31:32,2026-05-12 00:00:00,c48981da1fd60030,c48981da1fd60030_gasoline_95,BP - Pavia,BP,gasoline_95,Gasolina simples 95,Outro,2.059,Mora,Évora,"Rua 5 de Outubro, n.º 2",Pavia,7490-426,38.89517,-8.02362,bp - pavia,bp,"rua 5 de outubro, n.º 2","2,059 €",2026-05-15_dgeg_postos_raw.csv,f4eac812f88f217e
2026-05-15,2026-05-15 14:31:32,2026-05-12 00:00:00,df0b1562297139d1,df0b1562297139d1_diesel_regular,BP - Oeiras (Cacilhas ),BP,diesel_regular,Gasóleo simples,Outro,2.079,Oeiras,Lisboa,Rua do Colégio Militar,Lugar de Cacilhas,2780-239,38.70222,-9.30844,bp - oeiras (cacilhas ),bp,rua do colégio militar,"2,079 €",2026-05-15_dgeg_postos_raw.csv,bcee2f2ba0525aa3
2026-05-15,2026-05-15 14:31:32,2026-05-12 00:00:00,df0b1562297139d1,df0b1562297139d1_diesel_premium,BP - Oeiras (Cacilhas ),BP,diesel_premium,Gasóleo especial,Outro,2.229,Oeiras,Lisboa,Rua do Colégio Militar,Lugar de Cacilhas,2780-239,38.70222,-9.30844,bp - oeiras (cacilhas ),bp,rua do colégio militar,"2,229 €",2026-05-15_dgeg_postos_raw.csv,82af943f19321c45
2026-05-15,2026-05-15 14:31:32,2026-05-12 00:00:00,df0b1562297139d1,df0b1562297139d1_gasoline_95,BP - Oeiras (Cacilhas ),BP,gasoline_95,Gasolina simples 95,Outro,2.069,Oeiras,Lisboa,Rua do Colégio Militar,Lugar de Cacilhas,2780-239,38.70222,-9.30844,bp - oeiras (cacilhas ),bp,rua do colégio militar,"2,069 €",2026-05-15_dgeg_postos_raw.csv,7724b7f88e475c04
2026-05-15,2026-05-15 14:31:32,2026-05-12 00:00:00,df0b1562297139d1,df0b1562297139d1_gasoline_98,BP - Oeiras (Cacilhas ),BP,gasoline_98,Gasolina especial 98,Outro,2.299,Oeiras,Lisboa,Rua do Colégio Militar,Lugar de Cacilhas,2780-239,38.70222,-9.30844,bp - oeiras (cacilhas ),bp,rua do colégio militar,"2,299 €",2026-05-15_dgeg_postos_raw.csv,781f5c5d40009378
2026-05-15,2026-05-15 14:31:32,2026-05-12 00:00:00,49adc3508072cb80,49adc3508072cb80_diesel_premium,Petromogueira Lda - PA BP São Martinho de Mouros,BP,diesel_premium,Gasóleo especial,Outro,2.229,Resende,Viseu,Rua 11 de Novembro 3198,Nogueiras,4660-376,41.11792,-7.890853,petromogueira lda - pa bp são martinho de mouros,bp,rua 11 de novembro 3198,"2,229 €",2026-05-15_dgeg_postos_raw.csv,452dd91c43d0799a
2026-05-15,2026-05-15 14:31:32,2026-05-12 00:00:00,49adc3508072cb80,49adc3508072cb80_gasoline_95,Petromogueira Lda - PA BP São Martinho de Mouros,BP,gasoline_95,Gasolina simples 95,Outro,2.099,Resende,Viseu,Rua 11 de Novembro 3198,Nogueiras,4660-376,41.11792,-7.890853,petromogueira lda - pa bp são martinho de mouros,bp,rua 11 de novembro 3198,"2,099 €",2026-05-15_dgeg_postos_raw.csv,f02db71eec969592
2026-05-15,2026-05-15 14:31:32,2026-05-12 00:00:00,9e6e3966757185ac,9e6e3966757185ac_diesel_regular,CLA,BEQ,diesel_regular,Gasóleo simples,Outro,1.868,Aljustrel,Beja,Rua de Olivença,Aljustrel,7600-077,37.87905,-8.1591,cla,beq,rua de olivença,"1,868 €",2026-05-15_dgeg_postos_raw.csv,667b22b12ebd994a
2026-05-15,2026-05-15 14:31:32,2026-05-12 00:00:00,9e6e3966757185ac,9e6e3966757185ac_diesel_premium,CLA,BEQ,diesel_premium,Gasóleo especial,Outro,1.888,Aljustrel,Beja,Rua de Olivença,Aljustrel,7600-077,37.87905,-8.1591,cla,beq,rua de olivença,"1,888 €",2026-05-15_dgeg_postos_raw.csv,c25e03f86bb93125
2026-05-15,2026-05-15 14:31:32,2026-05-12 00:00:00,9e6e3966757185ac,9e6e3966757185ac_gasoline_95,CLA,BEQ,gasoline_95,Gasolina simples 95,Outro,1.918,Aljustrel,Beja,Rua de Olivença,Aljustrel,7600-077,37.87905,-8.1591,cla,beq,rua de olivença,"1,918 €",2026-05-15_dgeg_postos_raw.csv,6d00c04c48a28431
2026-05-15,2026-05-15 14:31:32,2026-05-12 00:00:00,9e6e3966757185ac,9e6e3966757185ac_gasoline_98,CLA,BEQ,gasoline_98,Gasolina especial 98,Outro,2.197,Aljustrel,Beja,Rua de Olivença,Aljustrel,7600-077,37.87905,-8.1591,cla,beq,rua de olivença,"2,197 €",2026-05-15_dgeg_postos_raw.csv,25314fd02519c614
2026-05-15,2026-05-15 14:31:32,2026-05-12 00:00:00,b13fb5e245d91efc,b13fb5e245d91efc_diesel_regular,PA INTERMARCHÉ PENAFIEL,INTERMARCHÉ,diesel_regular,Gasóleo simples,Outro,1.919,Penafiel,Porto,Quinta do Sardoal,Penafiel,4560-907,41.21537,-8.284757,pa intermarché penafiel,intermarché,quinta do sardoal,"1,919 €",2026-05-15_dgeg_postos_raw.csv,9ee3fc46713ec067
2026-05-15,2026-05-15 14:31:32,2026-05-12 00:00:00,b13fb5e245d91efc,b13fb5e245d91efc_diesel_premium,PA INTERMARCHÉ PENAFIEL,INTERMARCHÉ,diesel_premium,Gasóleo especial,Outro,1.919,Penafiel,Porto,Quinta do Sardoal,Penafiel,4560-907,41.21537,-8.284757,pa intermarché penafiel,intermarché,quinta do sardoal,"1,919 €",2026-05-15_dgeg_postos_raw.csv,88437f5d435b2fa8
2026-05-15,2026-05-15 14:31:32,2026-05-12 00:00:00,b13fb5e245d91efc,b13fb5e245d91efc_gasoline_95,PA INTERMARCHÉ PENAFIEL,INTERMARCHÉ,gasoline_95,Gasolina simples 95,Outro,1.952,Penafiel,Porto,Quinta do Sardoal,Penafiel,4560-907,41.21537,-8.284757,pa intermarché penafiel,intermarché,quinta do sardoal,"1,952 €",2026-05-15_dgeg_postos_raw.csv,183be1c262ed716b
2026-05-15,2026-05-15 14:31:32,2026-05-12 00:00:00,bd92c00380ecf075,bd92c00380ecf075_diesel_regular,Intermarché  Paredes,INTERMARCHÉ,diesel_regular,Gasóleo simples,Outro,1.919,Paredes,Porto,Quinta da Quebrada- mouriz,Mouriz,4580-590,41.200523,-8.346521,intermarché paredes,intermarché,quinta da quebrada- mouriz,"1,919 €",2026-05-15_dgeg_postos_raw.csv,6c6fb89194192fd2
2026-05-15,2026-05-15 14:31:32,2026-05-12 00:00:00,bd92c00380ecf075,bd92c00380ecf075_diesel_premium,Intermarché  Paredes,INTERMARCHÉ,diesel_premium,Gasóleo especial,Outro,1.919,Paredes,Porto,Quinta da Quebrada- mouriz,Mouriz,4580-590,41.200523,-8.346521,intermarché paredes,intermarché,quinta da quebrada- mouriz,"1,919 €",2026-05-15_dgeg_postos_raw.csv,afd448c889ccedee
2026-05-15,2026-05-15 14:31:32,2026-05-12 00:00:00,bd92c00380ecf075,bd92c00380ecf075_gasoline_95,Intermarché  Paredes,INTERMARCHÉ,gasoline_95,Gasolina simples 95,Outro,1.952,Paredes,Porto,Quinta da Quebrada- mouriz,Mouriz,4580-590,41.200523,-8.346521,intermarché paredes,intermarché,quinta da quebrada- mouriz,"1,952 €",2026-05-15_dgeg_postos_raw.csv,b34ed7818dc07aaa
2026-05-15,2026-05-15 14:31:32,2026-05-12 00:00:00,4ee58aee86e67793,4ee58aee86e67793_diesel_regular,BP Barreiro,BP,diesel_regular,Gasóleo simples,Outro,2.059,Barreiro,Setúbal,R. D. João II nº2,Barreiro,2830-000,38.66065,-9.07186,bp barreiro,bp,r. d. joão ii nº2,"2,059 €",2026-05-15_dgeg_postos_raw.csv,5907c45a5186f88e
2026-05-15,2026-05-15 14:31:32,2026-05-12 00:00:00,4ee58aee86e67793,4ee58aee86e67793_diesel_premium,BP Barreiro,BP,diesel_premium,Gasóleo especial,Outro,2.229,Barreiro,Setúbal,R. D. João II nº2,Barreiro,2830-000,38.66065,-9.07186,bp barreiro,bp,r. d. joão ii nº2,"2,229 €",2026-05-15_dgeg_postos_raw.csv,0d6e601c32d3a4df
2026-05-15,2026-05-15 14:31:32,2026-05-12 00:00:00,4ee58aee86e67793,4ee58aee86e67793_gasoline_95,BP Barreiro,BP,gasoline_95,Gasolina simples 95,Outro,2.049,Barreiro,Setúbal,R. D. João II nº2,Barreiro,2830-000,38.66065,-9.07186,bp barreiro,bp,r. d. joão ii nº2,"2,049 €",2026-05-15_dgeg_postos_raw.csv,2447b5338079e116
2026-05-15,2026-05-15 14:31:32,2026-05-12 00:00:00,4ee58aee86e67793,4ee58aee86e67793_gasoline_98,BP Barreiro,BP,gasoline_98,Gasolina especial 98,Outro,2.299,Barreiro,Setúbal,R. D. João II nº2,Barreiro,2830-000,38.66065,-9.07186,bp barreiro,bp,r. d. joão ii nº2,"2,299 €",2026-05-15_dgeg_postos_raw.csv,75efedb73487efca
2026-05-15,2026-05-15 14:31:32,2026-05-12 00:00:00,7f62e707349fc3aa,7f62e707349fc3aa_diesel_regular,Posto Abastecimento BP Prior Velho,BP,diesel_regular,Gasóleo simples,Outro,2.109,Loures,Lisboa,Av. Severiano Falcao,Prior Velho,2685-378,38.78936,-9.12433,posto abastecimento bp prior velho,bp,av. severiano falcao,"2,109 €",2026-05-15_dgeg_postos_raw.csv,632b6ed834a86d4f
2026-05-15,2026-05-15 14:31:32,2026-05-12 00:00:00,7f62e707349fc3aa,7f62e707349fc3aa_diesel_premium,Posto Abastecimento BP Prior Velho,BP,diesel_premium,Gasóleo especial,Outro,2.229,Loures,Lisboa,Av. Severiano Falcao,Prior Velho,2685-378,38.78936,-9.12433,posto abastecimento bp prior velho,bp,av. severiano falcao,"2,229 €",2026-05-15_dgeg_postos_raw.csv,1f5feaf75150efa5
2026-05-15,2026-05-15 14:31:32,2026-05-12 00:00:00,7f62e707349fc3aa,7f62e707349fc3aa_gasoline_95,Posto Abastecimento BP Prior Velho,BP,gasoline_95,Gasolina simples 95,Outro,2.099,Loures,Lisboa,Av. Severiano Falcao,Prior Velho,2685-378,38.78936,-9.12433,posto abastecimento bp prior velho,bp,av. severiano falcao,"2,099 €",2026-05-15_dgeg_postos_raw.csv,d52d4b402a264a2b
2026-05-15,2026-05-15 14:31:32,2026-05-12 00:00:00,7f62e707349fc3aa,7f62e707349fc3aa_gasoline_98,Posto Abastecimento BP Prior Velho,BP,gasoline_98,Gasolina especial 98,Outro,2.299,Loures,Lisboa,Av. Severiano Falcao,Prior Velho,2685-378,38.78936,-9.12433,posto abastecimento bp prior velho,bp,av. severiano falcao,"2,299 €",2026-05-15_dgeg_postos_raw.csv,5eed1444a70725bb
2026-05-15,2026-05-15 14:31:32,2026-05-12 00:00:00,b8acc90ae44e618d,b8acc90ae44e618d_diesel_regular,Petroeuropa,Genérico,diesel_regular,Gasóleo simples,Outro,2.075,Vila Real,Vila Real,Av. da Europa,Vila Real,5000-557,41.29635,-7.73154,petroeuropa,genérico,av. da europa,"2,075 €",2026-05-15_dgeg_postos_raw.csv,25b883d9feb1c2d4
2026-05-15,2026-05-15 14:31:32,2026-05-12 00:00:00,b8acc90ae44e618d,b8acc90ae44e618d_diesel_premium,Petroeuropa,Genérico,diesel_premium,Gasóleo especial,Outro,2.095,Vila Real,Vila Real,Av. da Europa,Vila Real,5000-557,41.29635,-7.73154,petroeuropa,genérico,av. da europa,"2,095 €",2026-05-15_dgeg_postos_raw.csv,756ca097cea3fd9b
2026-05-15,2026-05-15 14:31:32,2026-05-12 00:00:00,b8acc90ae44e618d,b8acc90ae44e618d_gasoline_95,Petroeuropa,Genérico,gasoline_95,Gasolina simples 95,Outro,2.081,Vila Real,Vila Real,Av. da Europa,Vila Real,5000-557,41.29635,-7.73154,petroeuropa,genérico,av. da europa,"2,081 €",2026-05-15_dgeg_postos_raw.csv,aa00045f059a797d
2026-05-15,2026-05-15 14:31:32,2026-05-12 00:00:00,5800eade9af56686,5800eade9af56686_diesel_regular,TF GEST - LOUSADA,FREITAS,diesel_regular,Gasóleo simples,Outro,2.039,Lousada,Porto,Estrada da Coutada,Nogueira,4620-188,41.2845,-8.25873,tf gest - lousada,freitas,estrada da coutada,"2,039 €",2026-05-15_dgeg_postos_raw.csv,31c4f659e6c028cc
2026-05-15,2026-05-15 14:31:32,2026-05-12 00:00:00,5800eade9af56686,5800eade9af56686_diesel_premium,TF GEST - LOUSADA,FREITAS,diesel_premium,Gasóleo especial,Outro,2.059,Lousada,Porto,Estrada da Coutada,Nogueira,4620-188,41.2845,-8.25873,tf gest - lousada,freitas,estrada da coutada,"2,059 €",2026-05-15_dgeg_postos_raw.csv,f636a49bc69bea95
2026-05-15,2026-05-15 14:31:32,2026-05-12 00:00:00,5800eade9af56686,5800eade9af56686_gasoline_95,TF GEST - LOUSADA,FREITAS,gasoline_95,Gasolina simples 95,Outro,2.039,Lousada,Porto,Estrada da Coutada,Nogueira,4620-188,41.2845,-8.25873,tf gest - lousada,freitas,estrada da coutada,"2,039 €",2026-05-15_dgeg_postos_raw.csv,47fd5c4d98d8789f
2026-05-15,2026-05-15 14:31:32,2026-05-12 00:00:00,5800eade9af56686,5800eade9af56686_gasoline_98,TF GEST - LOUSADA,FREITAS,gasoline_98,Gasolina especial 98,Outro,2.219,Lousada,Porto,Estrada da Coutada,Nogueira,4620-188,41.2845,-8.25873,tf gest - lousada,freitas,estrada da coutada,"2,219 €",2026-05-15_dgeg_postos_raw.csv,5b9258e9b97e47d5
2026-05-15,2026-05-15 14:31:32,2026-05-12 00:00:00,223f2205c4afc9b6,223f2205c4afc9b6_diesel_regular,Gasodueça - PA Genérico Meãs,Genérico,diesel_regular,Gasóleo simples,Outro,1.944,Miranda do Corvo,Coimbra,Rua Trás das Casas 29,Meãs,3220-115,40.083,-8.318,gasodueça - pa genérico meãs,genérico,rua trás das casas 29,"1,944 €",2026-05-15_dgeg_postos_raw.csv,f456d1385cb5153e
2026-05-15,2026-05-15 14:31:32,2026-05-12 00:00:00,223f2205c4afc9b6,223f2205c4afc9b6_gasoline_95,Gasodueça - PA Genérico Meãs,Genérico,gasoline_95,Gasolina simples 95,Outro,1.939,Miranda do Corvo,Coimbra,Rua Trás das Casas 29,Meãs,3220-115,40.083,-8.318,gasodueça - pa genérico meãs,genérico,rua trás das casas 29,"1,939 €",2026-05-15_dgeg_postos_raw.csv,5957251f752f7be0
2026-05-15,2026-05-15 14:31:32,2026-05-12 00:00:00,2a1121ce849ab4a1,2a1121ce849ab4a1_diesel_regular,PA BP Covilhã,BP,diesel_regular,Gasóleo simples,Outro,2.069,Covilhã,Castelo Branco,Sítio da Palmatória,Covilhã,6200-161,40.275993,-7.505951,pa bp covilhã,bp,sítio da palmatória,"2,069 €",2026-05-15_dgeg_postos_raw.csv,53b2435daf68040c
2026-05-15,2026-05-15 14:31:32,2026-05-12 00:00:00,2a1121ce849ab4a1,2a1121ce849ab4a1_diesel_premium,PA BP Covilhã,BP,diesel_premium,Gasóleo especial,Outro,2.229,Covilhã,Castelo Branco,Sítio da Palmatória,Covilhã,6200-161,40.275993,-7.505951,pa bp covilhã,bp,sítio da palmatória,"2,229 €",2026-05-15_dgeg_postos_raw.csv,88177f848b56de19
2026-05-15,2026-05-15 14:31:32,2026-05-12 00:00:00,2a1121ce849ab4a1,2a1121ce849ab4a1_gasoline_95,PA BP Covilhã,BP,gasoline_95,Gasolina simples 95,Outro,2.059,Covilhã,Castelo Branco,Sítio da Palmatória,Covilhã,6200-161,40.275993,-7.505951,pa bp covilhã,bp,sítio da palmatória,"2,059 €",2026-05-15_dgeg_postos_raw.csv,08b81ff1ce8e3e87
2026-05-15,2026-05-15 14:31:32,2026-05-12 00:00:00,2a1121ce849ab4a1,2a1121ce849ab4a1_gasoline_98,PA BP Covilhã,BP,gasoline_98,Gasolina especial 98,Outro,2.299,Covilhã,Castelo Branco,Sítio da Palmatória,Covilhã,6200-161,40.275993,-7.505951,pa bp covilhã,bp,sítio da palmatória,"2,299 €",2026-05-15_dgeg_postos_raw.csv,0efcabe86990ba12
2026-05-15,2026-05-15 14:31:32,2026-05-12 00:00:00,ee93fd744af8b552,ee93fd744af8b552_diesel_regular,Associação dos Agricultores do Concelho de Vila Real,Genérico,diesel_regular,Gasóleo simples,Outro,2.019,Vila Real,Vila Real,Largo da Feira,Campeã,5000-071,41.29141,-7.875211,associação dos agricultores do concelho de vila real,genérico,largo da feira,"2,019 €",2026-05-15_dgeg_postos_raw.csv,b18713c8b68fedf9
2026-05-15,2026-05-15 14:31:32,2026-05-12 00:00:00,ee93fd744af8b552,ee93fd744af8b552_gasoline_95,Associação dos Agricultores do Concelho de Vila Real,Genérico,gasoline_95,Gasolina simples 95,Outro,2.015,Vila Real,Vila Real,Largo da Feira,Campeã,5000-071,41.29141,-7.875211,associação dos agricultores do concelho de vila real,genérico,largo da feira,"2,015 €",2026-05-15_dgeg_postos_raw.csv,8717969c91112dba
2026-05-15,2026-05-15 14:31:32,2026-05-12 00:00:00,72334a4594a69bd2,72334a4594a69bd2_diesel_regular,António Alfredo Lamas - PA Alves Bandeira Trevões,ALVES BANDEIRA,diesel_regular,Gasóleo simples,Outro,2.025,São João da Pesqueira,Viseu,Lg. Sra. da Graça / Av. do Progresso,Trevões,5130-421,41.079857,-7.430372,antónio alfredo lamas - pa alves bandeira trevões,alves bandeira,lg. sra. da graça / av. do progresso,"2,025 €",2026-05-15_dgeg_postos_raw.csv,0e7c0fcd47c80894
2026-05-15,2026-05-15 14:31:32,2026-05-12 00:00:00,72334a4594a69bd2,72334a4594a69bd2_diesel_premium,António Alfredo Lamas - PA Alves Bandeira Trevões,ALVES BANDEIRA,diesel_premium,Gasóleo especial,Outro,2.045,São João da Pesqueira,Viseu,Lg. Sra. da Graça / Av. do Progresso,Trevões,5130-421,41.079857,-7.430372,antónio alfredo lamas - pa alves bandeira trevões,alves bandeira,lg. sra. da graça / av. do progresso,"2,045 €",2026-05-15_dgeg_postos_raw.csv,d85339fc1587ae6e
2026-05-15,2026-05-15 14:31:32,2026-05-12 00:00:00,72334a4594a69bd2,72334a4594a69bd2_gasoline_95,António Alfredo Lamas - PA Alves Bandeira Trevões,ALVES BANDEIRA,gasoline_95,Gasolina simples 95,Outro,2.031,São João da Pesqueira,Viseu,Lg. Sra. da Graça / Av. do Progresso,Trevões,5130-421,41.079857,-7.430372,antónio alfredo lamas - pa alves bandeira trevões,alves bandeira,lg. sra. da graça / av. do progresso,"2,031 €",2026-05-15_dgeg_postos_raw.csv,33f8e6bd6e4eeb82
2026-05-15,2026-05-15 14:31:32,2026-05-12 00:00:00,e04b727179b89106,e04b727179b89106_diesel_regular,"CASP - ÁREA DE SERVIÇO PORTAS DO CÁVADO, LDA.",FREITAS,diesel_regular,Gasóleo simples,Outro,1.939,Barcelos,Braga,"Av. das Pontes 153, Tamel S. Veríssimo (EN 205 Km 600)",Tamel S. Veríssimo,4750-754,41.535347,-8.601057,"casp - área de serviço portas do cávado, lda.",freitas,"av. das pontes 153, tamel s. veríssimo (en 205 km 600)","1,939 €",2026-05-15_dgeg_postos_raw.csv,aa8e7aa06d2609eb
2026-05-15,2026-05-15 14:31:32,2026-05-12 00:00:00,e04b727179b89106,e04b727179b89106_diesel_premium,"CASP - ÁREA DE SERVIÇO PORTAS DO CÁVADO, LDA.",FREITAS,diesel_premium,Gasóleo especial,Outro,1.969,Barcelos,Braga,"Av. das Pontes 153, Tamel S. Veríssimo (EN 205 Km 600)",Tamel S. Veríssimo,4750-754,41.535347,-8.601057,"casp - área de serviço portas do cávado, lda.",freitas,"av. das pontes 153, tamel s. veríssimo (en 205 km 600)","1,969 €",2026-05-15_dgeg_postos_raw.csv,060e19d442a0026e
2026-05-15,2026-05-15 14:31:32,2026-05-12 00:00:00,e04b727179b89106,e04b727179b89106_gasoline_95,"CASP - ÁREA DE SERVIÇO PORTAS DO CÁVADO, LDA.",FREITAS,gasoline_95,Gasolina simples 95,Outro,1.949,Barcelos,Braga,"Av. das Pontes 153, Tamel S. Veríssimo (EN 205 Km 600)",Tamel S. Veríssimo,4750-754,41.535347,-8.601057,"casp - área de serviço portas do cávado, lda.",freitas,"av. das pontes 153, tamel s. veríssimo (en 205 km 600)","1,949 €",2026-05-15_dgeg_postos_raw.csv,e7f876e41b9cdf8d
2026-05-15,2026-05-15 14:31:32,2026-05-12 00:00:00,da81736e62000b91,da81736e62000b91_diesel_regular,BP Braga Imaculada,BP,diesel_regular,Gasóleo simples,Outro,2.109,Braga,Braga,Av. Imaculada Conceição,Braga,4700-034,41.54516,-8.42397,bp braga imaculada,bp,av. imaculada conceição,"2,109 €",2026-05-15_dgeg_postos_raw.csv,08a28968130e06a2
2026-05-15,2026-05-15 14:31:32,2026-05-12 00:00:00,da81736e62000b91,da81736e62000b91_diesel_premium,BP Braga Imaculada,BP,diesel_premium,Gasóleo especial,Outro,2.229,Braga,Braga,Av. Imaculada Conceição,Braga,4700-034,41.54516,-8.42397,bp braga imaculada,bp,av. imaculada conceição,"2,229 €",2026-05-15_dgeg_postos_raw.csv,0e5c2205e374b44b
2026-05-15,2026-05-15 14:31:32,2026-05-12 00:00:00,da81736e62000b91,da81736e62000b91_gasoline_95,BP Braga Imaculada,BP,gasoline_95,Gasolina simples 95,Outro,2.099,Braga,Braga,Av. Imaculada Conceição,Braga,4700-034,41.54516,-8.42397,bp braga imaculada,bp,av. imaculada conceição,"2,099 €",2026-05-15_dgeg_postos_raw.csv,9e6b1d28ba0d74c8
2026-05-15,2026-05-15 14:31:32,2026-05-12 00:00:00,5da35931e123eafd,5da35931e123eafd_diesel_regular,BP Leiria,BP,diesel_regular,Gasóleo simples,Outro,2.089,Leiria,Leiria,Rua do  Arrabalde da Ponte - Estrada da Estação,Leiria,2415-520,39.75423,-8.812861,bp leiria,bp,rua do arrabalde da ponte - estrada da estação,"2,089 €",2026-05-15_dgeg_postos_raw.csv,b85e2c361086ac7b
2026-05-15,2026-05-15 14:31:32,2026-05-12 00:00:00,5da35931e123eafd,5da35931e123eafd_diesel_premium,BP Leiria,BP,diesel_premium,Gasóleo especial,Outro,2.229,Leiria,Leiria,Rua do  Arrabalde da Ponte - Estrada da Estação,Leiria,2415-520,39.75423,-8.812861,bp leiria,bp,rua do arrabalde da ponte - estrada da estação,"2,229 €",2026-05-15_dgeg_postos_raw.csv,50a928f49b9565de
2026-05-15,2026-05-15 14:31:32,2026-05-12 00:00:00,5da35931e123eafd,5da35931e123eafd_gasoline_95,BP Leiria,BP,gasoline_95,Gasolina simples 95,Outro,2.079,Leiria,Leiria,Rua do  Arrabalde da Ponte - Estrada da Estação,Leiria,2415-520,39.75423,-8.812861,bp leiria,bp,rua do arrabalde da ponte - estrada da estação,"2,079 €",2026-05-15_dgeg_postos_raw.csv,fe8d43326cbb4581
2026-05-15,2026-05-15 14:31:32,2026-05-12 00:00:00,5da35931e123eafd,5da35931e123eafd_gasoline_98,BP Leiria,BP,gasoline_98,Gasolina especial 98,Outro,2.299,Leiria,Leiria,Rua do  Arrabalde da Ponte - Estrada da Estação,Leiria,2415-520,39.75423,-8.812861,bp leiria,bp,rua do arrabalde da ponte - estrada da estação,"2,299 €",2026-05-15_dgeg_postos_raw.csv,6b6d7e1e27e9feb5
2026-05-15,2026-05-15 14:31:32,2026-05-12 00:00:00,5c290a9e850da191,5c290a9e850da191_diesel_regular,"Orlindo Crespo Pedrosa, Lda",Genérico,diesel_regular,Gasóleo simples,Outro,1.89,Pombal,Leiria,"AV. NOSSA SENHORA DA GUIA, 87",Guia,3105-089,39.94901,-8.783816,"orlindo crespo pedrosa, lda",genérico,"av. nossa senhora da guia, 87","1,890 €",2026-05-15_dgeg_postos_raw.csv,e5a4690bbf662619
2026-05-15,2026-05-15 14:31:32,2026-05-12 00:00:00,5c290a9e850da191,5c290a9e850da191_gasoline_95,"Orlindo Crespo Pedrosa, Lda",Genérico,gasoline_95,Gasolina simples 95,Outro,2.044,Pombal,Leiria,"AV. NOSSA SENHORA DA GUIA, 87",Guia,3105-089,39.94901,-8.783816,"orlindo crespo pedrosa, lda",genérico,"av. nossa senhora da guia, 87","2,044 €",2026-05-15_dgeg_postos_raw.csv,99460692d1124bb7
2026-05-15,2026-05-15 14:31:32,2026-05-12 00:00:00,e306a53802e0d8e3,e306a53802e0d8e3_diesel_regular,BP Cercal do Alentejo,BP,diesel_regular,Gasóleo simples,Outro,2.109,Santiago do Cacém,Setúbal,"Estrada Nacional 389, Km 0,650",Cercal do Alentejo,7555-211,37.79944,-8.66452,bp cercal do alentejo,bp,"estrada nacional 389, km 0,650","2,109 €",2026-05-15_dgeg_postos_raw.csv,09168c0c5f9059a5
2026-05-15,2026-05-15 14:31:32,2026-05-12 00:00:00,e306a53802e0d8e3,e306a53802e0d8e3_diesel_premium,BP Cercal do Alentejo,BP,diesel_premium,Gasóleo especial,Outro,2.229,Santiago do Cacém,Setúbal,"Estrada Nacional 389, Km 0,650",Cercal do Alentejo,7555-211,37.79944,-8.66452,bp cercal do alentejo,bp,"estrada nacional 389, km 0,650","2,229 €",2026-05-15_dgeg_postos_raw.csv,1a737ec197576ac0
2026-05-15,2026-05-15 14:31:32,2026-05-12 00:00:00,e306a53802e0d8e3,e306a53802e0d8e3_gasoline_95,BP Cercal do Alentejo,BP,gasoline_95,Gasolina simples 95,Outro,2.099,Santiago do Cacém,Setúbal,"Estrada Nacional 389, Km 0,650",Cercal do Alentejo,7555-211,37.79944,-8.66452,bp cercal do alentejo,bp,"estrada nacional 389, km 0,650","2,099 €",2026-05-15_dgeg_postos_raw.csv,d517876668814de6
2026-05-15,2026-05-15 14:31:32,2026-05-12 00:00:00,e306a53802e0d8e3,e306a53802e0d8e3_gasoline_98,BP Cercal do Alentejo,BP,gasoline_98,Gasolina especial 98,Outro,2.299,Santiago do Cacém,Setúbal,"Estrada Nacional 389, Km 0,650",Cercal do Alentejo,7555-211,37.79944,-8.66452,bp cercal do alentejo,bp,"estrada nacional 389, km 0,650","2,299 €",2026-05-15_dgeg_postos_raw.csv,55d140d3a0b7f68c
2026-05-15,2026-05-15 14:31:32,2026-05-12 00:00:00,099ad5009a0425c6,099ad5009a0425c6_diesel_regular,COOP. AGR. DE SANTO TIRSO E TROFA,REPSOL,diesel_regular,Gasóleo simples,Outro,1.969,Santo Tirso,Porto,"Rua Major Dinis, 106",Santa Cristina Couto,4780-200,41.334717,-8.480655,coop. agr. de santo tirso e trofa,repsol,"rua major dinis, 106","1,969 €",2026-05-15_dgeg_postos_raw.csv,07eb0e9f24a55026
2026-05-15,2026-05-15 14:31:32,2026-05-12 00:00:00,099ad5009a0425c6,099ad5009a0425c6_gasoline_95,COOP. AGR. DE SANTO TIRSO E TROFA,REPSOL,gasoline_95,Gasolina simples 95,Outro,1.967,Santo Tirso,Porto,"Rua Major Dinis, 106",Santa Cristina Couto,4780-200,41.334717,-8.480655,coop. agr. de santo tirso e trofa,repsol,"rua major dinis, 106","1,967 €",2026-05-15_dgeg_postos_raw.csv,eb3ce240dd48ac5b
2026-05-15,2026-05-15 14:31:32,2026-05-12 00:00:00,916f50b1d436c8e5,916f50b1d436c8e5_diesel_regular,IP5 Mangualde (Norte),BP,diesel_regular,Gasóleo simples,Auto-estrada,2.1,Mangualde,Viseu,Área de Serviço Roda - A25 - Km 103.4,Roda,3530-254,40.625816,-7.780835,ip5 mangualde (norte),bp,área de serviço roda - a25 - km 103.4,"2,100 €",2026-05-15_dgeg_postos_raw.csv,5fbf16ae91140223
2026-05-15,2026-05-15 14:31:32,2026-05-12 00:00:00,916f50b1d436c8e5,916f50b1d436c8e5_diesel_premium,IP5 Mangualde (Norte),BP,diesel_premium,Gasóleo especial,Auto-estrada,2.22,Mangualde,Viseu,Área de Serviço Roda - A25 - Km 103.4,Roda,3530-254,40.625816,-7.780835,ip5 mangualde (norte),bp,área de serviço roda - a25 - km 103.4,"2,220 €",2026-05-15_dgeg_postos_raw.csv,ad06ff721085ae4a
2026-05-15,2026-05-15 14:31:32,2026-05-12 00:00:00,916f50b1d436c8e5,916f50b1d436c8e5_gasoline_95,IP5 Mangualde (Norte),BP,gasoline_95,Gasolina simples 95,Auto-estrada,2.096,Mangualde,Viseu,Área de Serviço Roda - A25 - Km 103.4,Roda,3530-254,40.625816,-7.780835,ip5 mangualde (norte),bp,área de serviço roda - a25 - km 103.4,"2,096 €",2026-05-15_dgeg_postos_raw.csv,70c07176dc5c5d5c
2026-05-15,2026-05-15 14:31:32,2026-05-12 00:00:00,916f50b1d436c8e5,916f50b1d436c8e5_gasoline_98,IP5 Mangualde (Norte),BP,gasoline_98,Gasolina especial 98,Auto-estrada,2.306,Mangualde,Viseu,Área de Serviço Roda - A25 - Km 103.4,Roda,3530-254,40.625816,-7.780835,ip5 mangualde (norte),bp,área de serviço roda - a25 - km 103.4,"2,306 €",2026-05-15_dgeg_postos_raw.csv,b72a65c986d0b334
2026-05-15,2026-05-15 14:31:32,2026-05-12 00:00:00,156da1c2a4d57148,156da1c2a4d57148_diesel_regular,IP5 Mangualde (Sul),BP,diesel_regular,Gasóleo simples,Auto-estrada,2.1,Mangualde,Viseu,"Área de Serviço Roda - A 25 - Km 103,4",Roda,3530-254,40.62519,-7.781214,ip5 mangualde (sul),bp,"área de serviço roda - a 25 - km 103,4","2,100 €",2026-05-15_dgeg_postos_raw.csv,8a62e96153bf6fe7
2026-05-15,2026-05-15 14:31:32,2026-05-12 00:00:00,156da1c2a4d57148,156da1c2a4d57148_diesel_premium,IP5 Mangualde (Sul),BP,diesel_premium,Gasóleo especial,Auto-estrada,2.22,Mangualde,Viseu,"Área de Serviço Roda - A 25 - Km 103,4",Roda,3530-254,40.62519,-7.781214,ip5 mangualde (sul),bp,"área de serviço roda - a 25 - km 103,4","2,220 €",2026-05-15_dgeg_postos_raw.csv,81f6bfc1b8a311c1
2026-05-15,2026-05-15 14:31:32,2026-05-12 00:00:00,156da1c2a4d57148,156da1c2a4d57148_gasoline_95,IP5 Mangualde (Sul),BP,gasoline_95,Gasolina simples 95,Auto-estrada,2.096,Mangualde,Viseu,"Área de Serviço Roda - A 25 - Km 103,4",Roda,3530-254,40.62519,-7.781214,ip5 mangualde (sul),bp,"área de serviço roda - a 25 - km 103,4","2,096 €",2026-05-15_dgeg_postos_raw.csv,15c93c1a1c54a90d
2026-05-15,2026-05-15 14:31:32,2026-05-12 00:00:00,156da1c2a4d57148,156da1c2a4d57148_gasoline_98,IP5 Mangualde (Sul),BP,gasoline_98,Gasolina especial 98,Auto-estrada,2.306,Mangualde,Viseu,"Área de Serviço Roda - A 25 - Km 103,4",Roda,3530-254,40.62519,-7.781214,ip5 mangualde (sul),bp,"área de serviço roda - a 25 - km 103,4","2,306 €",2026-05-15_dgeg_postos_raw.csv,df1fa5cad47dc7fc
2026-05-15,2026-05-15 14:31:32,2026-05-12 00:00:00,2ee3f68fc3cbef3f,2ee3f68fc3cbef3f_diesel_regular,BP Ponte de Sôr,BP,diesel_regular,Gasóleo simples,Outro,2.079,Ponte de Sor,Portalegre,Av. da Liberdade 100,Ponte de Sôr,7400-219,39.26215,-8.01156,bp ponte de sôr,bp,av. da liberdade 100,"2,079 €",2026-05-15_dgeg_postos_raw.csv,9ecce7d07c843a9d
2026-05-15,2026-05-15 14:31:32,2026-05-12 00:00:00,2ee3f68fc3cbef3f,2ee3f68fc3cbef3f_diesel_premium,BP Ponte de Sôr,BP,diesel_premium,Gasóleo especial,Outro,2.229,Ponte de Sor,Portalegre,Av. da Liberdade 100,Ponte de Sôr,7400-219,39.26215,-8.01156,bp ponte de sôr,bp,av. da liberdade 100,"2,229 €",2026-05-15_dgeg_postos_raw.csv,f1fca06797828fea
2026-05-15,2026-05-15 14:31:32,2026-05-12 00:00:00,2ee3f68fc3cbef3f,2ee3f68fc3cbef3f_gasoline_95,BP Ponte de Sôr,BP,gasoline_95,Gasolina simples 95,Outro,2.069,Ponte de Sor,Portalegre,Av. da Liberdade 100,Ponte de Sôr,7400-219,39.26215,-8.01156,bp ponte de sôr,bp,av. da liberdade 100,"2,069 €",2026-05-15_dgeg_postos_raw.csv,c1b4d5566c04370d
2026-05-15,2026-05-15 14:31:32,2026-05-12 00:00:00,2ee3f68fc3cbef3f,2ee3f68fc3cbef3f_gasoline_98,BP Ponte de Sôr,BP,gasoline_98,Gasolina especial 98,Outro,2.299,Ponte de Sor,Portalegre,Av. da Liberdade 100,Ponte de Sôr,7400-219,39.26215,-8.01156,bp ponte de sôr,bp,av. da liberdade 100,"2,299 €",2026-05-15_dgeg_postos_raw.csv,f875abdfb59be03e
2026-05-15,2026-05-15 14:31:32,2026-05-12 00:00:00,0b43a0186e38a8fd,0b43a0186e38a8fd_diesel_regular,Bp Belverde,BP,diesel_regular,Gasóleo simples,Outro,2.069,Seixal,Setúbal,Av. Belverde,Belverde,2845-483,38.59796,-9.14011,bp belverde,bp,av. belverde,"2,069 €",2026-05-15_dgeg_postos_raw.csv,31b9577296cbcc1e
2026-05-15,2026-05-15 14:31:32,2026-05-12 00:00:00,0b43a0186e38a8fd,0b43a0186e38a8fd_diesel_premium,Bp Belverde,BP,diesel_premium,Gasóleo especial,Outro,2.229,Seixal,Setúbal,Av. Belverde,Belverde,2845-483,38.59796,-9.14011,bp belverde,bp,av. belverde,"2,229 €",2026-05-15_dgeg_postos_raw.csv,f458a411245d8147
2026-05-15,2026-05-15 14:31:32,2026-05-12 00:00:00,0b43a0186e38a8fd,0b43a0186e38a8fd_gasoline_95,Bp Belverde,BP,gasoline_95,Gasolina simples 95,Outro,2.059,Seixal,Setúbal,Av. Belverde,Belverde,2845-483,38.59796,-9.14011,bp belverde,bp,av. belverde,"2,059 €",2026-05-15_dgeg_postos_raw.csv,cfb26aaa359dc5a1
2026-05-15,2026-05-15 14:31:32,2026-05-12 00:00:00,1f863339d3f6a3f0,1f863339d3f6a3f0_diesel_regular,BP Cabaços JMGracio,BP,diesel_regular,Gasóleo simples,Outro,2.059,Alvaiázere,Leiria,R. Conselheiro José Eduardo Simões,Cabaços,3250-359,39.80565,-8.34787,bp cabaços jmgracio,bp,r. conselheiro josé eduardo simões,"2,059 €",2026-05-15_dgeg_postos_raw.csv,528cccc9bce81060
2026-05-15,2026-05-15 14:31:32,2026-05-12 00:00:00,1f863339d3f6a3f0,1f863339d3f6a3f0_diesel_premium,BP Cabaços JMGracio,BP,diesel_premium,Gasóleo especial,Outro,2.229,Alvaiázere,Leiria,R. Conselheiro José Eduardo Simões,Cabaços,3250-359,39.80565,-8.34787,bp cabaços jmgracio,bp,r. conselheiro josé eduardo simões,"2,229 €",2026-05-15_dgeg_postos_raw.csv,92c8a92477db5a7a
2026-05-15,2026-05-15 14:31:32,2026-05-12 00:00:00,1f863339d3f6a3f0,1f863339d3f6a3f0_gasoline_95,BP Cabaços JMGracio,BP,gasoline_95,Gasolina simples 95,Outro,2.049,Alvaiázere,Leiria,R. Conselheiro José Eduardo Simões,Cabaços,3250-359,39.80565,-8.34787,bp cabaços jmgracio,bp,r. conselheiro josé eduardo simões,"2,049 €",2026-05-15_dgeg_postos_raw.csv,364a173cdfddf8a2
2026-05-15,2026-05-15 14:31:32,2026-05-12 00:00:00,ef287e432ef344ff,ef287e432ef344ff_diesel_regular,BEQ Paredes do Gravo,BEQ,diesel_regular,Gasóleo simples,Outro,1.999,Oliveira de Frades,Viseu,Paredes de Gravo,Paredes de Gravo,3680-174,40.7019,-8.245872,beq paredes do gravo,beq,paredes de gravo,"1,999 €",2026-05-15_dgeg_postos_raw.csv,e97fc4f8413f3f42
2026-05-15,2026-05-15 14:31:32,2026-05-12 00:00:00,ef287e432ef344ff,ef287e432ef344ff_diesel_premium,BEQ Paredes do Gravo,BEQ,diesel_premium,Gasóleo especial,Outro,2.029,Oliveira de Frades,Viseu,Paredes de Gravo,Paredes de Gravo,3680-174,40.7019,-8.245872,beq paredes do gravo,beq,paredes de gravo,"2,029 €",2026-05-15_dgeg_postos_raw.csv,821b9399800b8b24
2026-05-15,2026-05-15 14:31:32,2026-05-12 00:00:00,ef287e432ef344ff,ef287e432ef344ff_gasoline_95,BEQ Paredes do Gravo,BEQ,gasoline_95,Gasolina simples 95,Outro,1.998,Oliveira de Frades,Viseu,Paredes de Gravo,Paredes de Gravo,3680-174,40.7019,-8.245872,beq paredes do gravo,beq,paredes de gravo,"1,998 €",2026-05-15_dgeg_postos_raw.csv,10f8342aa1938f8a
2026-05-15,2026-05-15 14:31:32,2026-05-12 00:00:00,f2732fd70af36108,f2732fd70af36108_diesel_regular,TF GEST AVESSADAS,FREITAS,diesel_regular,Gasóleo simples,Outro,2.019,Marco de Canaveses,Porto,"EN 210, km 67,500 - Avenida Santuário Menino Jesus de Praga, 809",Marco de Canaveses,4630-100,41.152203,-8.191701,tf gest avessadas,freitas,"en 210, km 67,500 - avenida santuário menino jesus de praga, 809","2,019 €",2026-05-15_dgeg_postos_raw.csv,f6647f6355685b33
2026-05-15,2026-05-15 14:31:32,2026-05-12 00:00:00,f2732fd70af36108,f2732fd70af36108_diesel_premium,TF GEST AVESSADAS,FREITAS,diesel_premium,Gasóleo especial,Outro,2.039,Marco de Canaveses,Porto,"EN 210, km 67,500 - Avenida Santuário Menino Jesus de Praga, 809",Marco de Canaveses,4630-100,41.152203,-8.191701,tf gest avessadas,freitas,"en 210, km 67,500 - avenida santuário menino jesus de praga, 809","2,039 €",2026-05-15_dgeg_postos_raw.csv,3f4d308615a2f607
2026-05-15,2026-05-15 14:31:32,2026-05-12 00:00:00,f2732fd70af36108,f2732fd70af36108_gasoline_95,TF GEST AVESSADAS,FREITAS,gasoline_95,Gasolina simples 95,Outro,2.029,Marco de Canaveses,Porto,"EN 210, km 67,500 - Avenida Santuário Menino Jesus de Praga, 809",Marco de Canaveses,4630-100,41.152203,-8.191701,tf gest avessadas,freitas,"en 210, km 67,500 - avenida santuário menino jesus de praga, 809","2,029 €",2026-05-15_dgeg_postos_raw.csv,573873a618cae774
2026-05-15,2026-05-15 14:31:32,2026-05-12 00:00:00,f2732fd70af36108,f2732fd70af36108_gasoline_98,TF GEST AVESSADAS,FREITAS,gasoline_98,Gasolina especial 98,Outro,2.229,Marco de Canaveses,Porto,"EN 210, km 67,500 - Avenida Santuário Menino Jesus de Praga, 809",Marco de Canaveses,4630-100,41.152203,-8.191701,tf gest avessadas,freitas,"en 210, km 67,500 - avenida santuário menino jesus de praga, 809","2,229 €",2026-05-15_dgeg_postos_raw.csv,c1ef9b1d2e715ffe
2026-05-15,2026-05-15 14:31:32,2026-05-12 00:00:00,3020f85ed4c2d248,3020f85ed4c2d248_diesel_regular,CASAL PINHEIRO,BP,diesel_regular,Gasóleo simples,Outro,2.109,Alenquer,Lisboa,EN 3  Km 2,Casal Pinheiro,2580-507,39.032,-8.95938,casal pinheiro,bp,en 3 km 2,"2,109 €",2026-05-15_dgeg_postos_raw.csv,636c52d1f8df4ae3
2026-05-15,2026-05-15 14:31:32,2026-05-12 00:00:00,3020f85ed4c2d248,3020f85ed4c2d248_diesel_premium,CASAL PINHEIRO,BP,diesel_premium,Gasóleo especial,Outro,2.229,Alenquer,Lisboa,EN 3  Km 2,Casal Pinheiro,2580-507,39.032,-8.95938,casal pinheiro,bp,en 3 km 2,"2,229 €",2026-05-15_dgeg_postos_raw.csv,82dedcc14e4e0456
2026-05-15,2026-05-15 14:31:32,2026-05-12 00:00:00,3020f85ed4c2d248,3020f85ed4c2d248_gasoline_95,CASAL PINHEIRO,BP,gasoline_95,Gasolina simples 95,Outro,2.099,Alenquer,Lisboa,EN 3  Km 2,Casal Pinheiro,2580-507,39.032,-8.95938,casal pinheiro,bp,en 3 km 2,"2,099 €",2026-05-15_dgeg_postos_raw.csv,4b55a9358b7e86d2
2026-05-15,2026-05-15 14:31:32,2026-05-12 00:00:00,eb4fbf0b33a78b85,eb4fbf0b33a78b85_diesel_regular,FERNANDO AZENHA,ALVES BANDEIRA,diesel_regular,Gasóleo simples,Outro,2.075,Figueira da Foz,Coimbra,Rua da Antena nº 32,Bom Sucesso,3080-756,40.26399,-8.77887,fernando azenha,alves bandeira,rua da antena nº 32,"2,075 €",2026-05-15_dgeg_postos_raw.csv,e5156cbfffd8b79c
2026-05-15,2026-05-15 14:31:32,2026-05-12 00:00:00,eb4fbf0b33a78b85,eb4fbf0b33a78b85_diesel_premium,FERNANDO AZENHA,ALVES BANDEIRA,diesel_premium,Gasóleo especial,Outro,2.095,Figueira da Foz,Coimbra,Rua da Antena nº 32,Bom Sucesso,3080-756,40.26399,-8.77887,fernando azenha,alves bandeira,rua da antena nº 32,"2,095 €",2026-05-15_dgeg_postos_raw.csv,9dfcb2ddca44f3e0
2026-05-15,2026-05-15 14:31:32,2026-05-12 00:00:00,eb4fbf0b33a78b85,eb4fbf0b33a78b85_gasoline_95,FERNANDO AZENHA,ALVES BANDEIRA,gasoline_95,Gasolina simples 95,Outro,2.081,Figueira da Foz,Coimbra,Rua da Antena nº 32,Bom Sucesso,3080-756,40.26399,-8.77887,fernando azenha,alves bandeira,rua da antena nº 32,"2,081 €",2026-05-15_dgeg_postos_raw.csv,8f1b13ac1b5d4049
2026-05-15,2026-05-15 14:31:32,2026-05-12 00:00:00,97078ec19ddde88f,97078ec19ddde88f_diesel_regular,TF GEST FIGUEIRÓ,FREITAS,diesel_regular,Gasóleo simples,Outro,1.999,Paços de Ferreira,Porto,Av. da Liberdade nº10-14,Figueiró,4590-196,41.305446,-8.353673,tf gest figueiró,freitas,av. da liberdade nº10-14,"1,999 €",2026-05-15_dgeg_postos_raw.csv,51cd0828c0d6997f
2026-05-15,2026-05-15 14:31:32,2026-05-12 00:00:00,97078ec19ddde88f,97078ec19ddde88f_diesel_premium,TF GEST FIGUEIRÓ,FREITAS,diesel_premium,Gasóleo especial,Outro,2.019,Paços de Ferreira,Porto,Av. da Liberdade nº10-14,Figueiró,4590-196,41.305446,-8.353673,tf gest figueiró,freitas,av. da liberdade nº10-14,"2,019 €",2026-05-15_dgeg_postos_raw.csv,c9d18bad4daff3ba
2026-05-15,2026-05-15 14:31:32,2026-05-12 00:00:00,97078ec19ddde88f,97078ec19ddde88f_gasoline_95,TF GEST FIGUEIRÓ,FREITAS,gasoline_95,Gasolina simples 95,Outro,2.009,Paços de Ferreira,Porto,Av. da Liberdade nº10-14,Figueiró,4590-196,41.305446,-8.353673,tf gest figueiró,freitas,av. da liberdade nº10-14,"2,009 €",2026-05-15_dgeg_postos_raw.csv,4180805d8a097ca8
2026-05-15,2026-05-15 14:31:32,2026-05-12 00:00:00,b96db1cbdfde72ac,b96db1cbdfde72ac_diesel_regular,"Cooperativa Agrícola de Loures, CRL",BP,diesel_regular,Gasóleo simples,Outro,2.054,Loures,Lisboa,"Rua do Funchal, 45",Fanqueiro,2670-364,38.83647,-9.17052,"cooperativa agrícola de loures, crl",bp,"rua do funchal, 45","2,054 €",2026-05-15_dgeg_postos_raw.csv,02fe7ea7282659af
2026-05-15,2026-05-15 14:31:32,2026-05-12 00:00:00,6851a837f6e2b2e8,6851a837f6e2b2e8_diesel_regular,Prova de Poder - Comércio de Combustíveis Lda,FREITAS,diesel_regular,Gasóleo simples,Outro,2.029,Cabeceiras de Basto,Braga,Rua do Ribeiro do Arco,Cavez,4860-176,41.49706,-7.92151,prova de poder - comércio de combustíveis lda,freitas,rua do ribeiro do arco,"2,029 €",2026-05-15_dgeg_postos_raw.csv,b1e93e792a6c8222
2026-05-15,2026-05-15 14:31:32,2026-05-12 00:00:00,6851a837f6e2b2e8,6851a837f6e2b2e8_gasoline_95,Prova de Poder - Comércio de Combustíveis Lda,FREITAS,gasoline_95,Gasolina simples 95,Outro,2.062,Cabeceiras de Basto,Braga,Rua do Ribeiro do Arco,Cavez,4860-176,41.49706,-7.92151,prova de poder - comércio de combustíveis lda,freitas,rua do ribeiro do arco,"2,062 €",2026-05-15_dgeg_postos_raw.csv,9ad84b21a0d5b795
2026-05-15,2026-05-15 14:31:32,2026-05-12 00:00:00,71a7b0e9c26d75f6,71a7b0e9c26d75f6_diesel_premium,IG Combustíveis - PRIO Nelas,PRIO,diesel_premium,Gasóleo especial,Outro,1.989,Nelas,Viseu,"EN 231, Km, 22,300-D",Nelas,3520-094,40.5184,-7.8428,ig combustíveis - prio nelas,prio,"en 231, km, 22,300-d","1,989 €",2026-05-15_dgeg_postos_raw.csv,aa5d0d76a93f5609
2026-05-15,2026-05-15 14:31:32,2026-05-12 00:00:00,71a7b0e9c26d75f6,71a7b0e9c26d75f6_gasoline_95,IG Combustíveis - PRIO Nelas,PRIO,gasoline_95,Gasolina simples 95,Outro,1.979,Nelas,Viseu,"EN 231, Km, 22,300-D",Nelas,3520-094,40.5184,-7.8428,ig combustíveis - prio nelas,prio,"en 231, km, 22,300-d","1,979 €",2026-05-15_dgeg_postos_raw.csv,dd4159174a0b3f6b
2026-05-15,2026-05-15 14:31:32,2026-05-12 00:00:00,b229d536b8c47ecf,b229d536b8c47ecf_diesel_regular,Posto  BP Bela Vista,BP,diesel_regular,Gasóleo simples,Outro,2.109,Lisboa,Lisboa,Av Marechal Antonio Spinola,Lisboa,1950-380,38.74944171,-9.10864097,posto bp bela vista,bp,av marechal antonio spinola,"2,109 €",2026-05-15_dgeg_postos_raw.csv,b087e12245975cc8
2026-05-15,2026-05-15 14:31:32,2026-05-12 00:00:00,b229d536b8c47ecf,b229d536b8c47ecf_diesel_premium,Posto  BP Bela Vista,BP,diesel_premium,Gasóleo especial,Outro,2.229,Lisboa,Lisboa,Av Marechal Antonio Spinola,Lisboa,1950-380,38.74944171,-9.10864097,posto bp bela vista,bp,av marechal antonio spinola,"2,229 €",2026-05-15_dgeg_postos_raw.csv,f518ebd6cb21fac5
2026-05-15,2026-05-15 14:31:32,2026-05-12 00:00:00,b229d536b8c47ecf,b229d536b8c47ecf_gasoline_95,Posto  BP Bela Vista,BP,gasoline_95,Gasolina simples 95,Outro,2.099,Lisboa,Lisboa,Av Marechal Antonio Spinola,Lisboa,1950-380,38.74944171,-9.10864097,posto bp bela vista,bp,av marechal antonio spinola,"2,099 €",2026-05-15_dgeg_postos_raw.csv,42394d8f3d3a7761
2026-05-15,2026-05-15 14:31:32,2026-05-12 00:00:00,b229d536b8c47ecf,b229d536b8c47ecf_gasoline_98,Posto  BP Bela Vista,BP,gasoline_98,Gasolina especial 98,Outro,2.299,Lisboa,Lisboa,Av Marechal Antonio Spinola,Lisboa,1950-380,38.74944171,-9.10864097,posto bp bela vista,bp,av marechal antonio spinola,"2,299 €",2026-05-15_dgeg_postos_raw.csv,bafdb73e2c785672
2026-05-15,2026-05-15 14:31:32,2026-05-12 00:00:00,bdc00bce7ce03023,bdc00bce7ce03023_diesel_premium,BP Ourém,BP,diesel_premium,Gasóleo especial,Outro,2.229,Ourém,Santarém,EN113 Moinho da Areia,Ourém,2490-444,39.65451,-8.59717,bp ourém,bp,en113 moinho da areia,"2,229 €",2026-05-15_dgeg_postos_raw.csv,c710644b093ad1d9
2026-05-15,2026-05-15 14:31:32,2026-05-12 00:00:00,bdc00bce7ce03023,bdc00bce7ce03023_gasoline_95,BP Ourém,BP,gasoline_95,Gasolina simples 95,Outro,2.099,Ourém,Santarém,EN113 Moinho da Areia,Ourém,2490-444,39.65451,-8.59717,bp ourém,bp,en113 moinho da areia,"2,099 €",2026-05-15_dgeg_postos_raw.csv,e1c48e62853c91b4
2026-05-15,2026-05-15 14:31:32,2026-05-12 00:00:00,bdc00bce7ce03023,bdc00bce7ce03023_gasoline_98,BP Ourém,BP,gasoline_98,Gasolina especial 98,Outro,2.299,Ourém,Santarém,EN113 Moinho da Areia,Ourém,2490-444,39.65451,-8.59717,bp ourém,bp,en113 moinho da areia,"2,299 €",2026-05-15_dgeg_postos_raw.csv,63e2bb76a1d3bab5
2026-05-15,2026-05-15 14:31:32,2026-05-12 00:00:00,4dcb1bcf0af07724,4dcb1bcf0af07724_diesel_regular,BP Porto de Mós - Corredoura,BP,diesel_regular,Gasóleo simples,Outro,2.109,Porto de Mós,Leiria,"EN 243, nº 21/23 - Rua dos Leões - Corredoura",Corredoura,2480-151,39.604263,-8.836599,bp porto de mós - corredoura,bp,"en 243, nº 21/23 - rua dos leões - corredoura","2,109 €",2026-05-15_dgeg_postos_raw.csv,4e7ee3bcc2ff6a98
2026-05-15,2026-05-15 14:31:32,2026-05-12 00:00:00,4dcb1bcf0af07724,4dcb1bcf0af07724_diesel_premium,BP Porto de Mós - Corredoura,BP,diesel_premium,Gasóleo especial,Outro,2.229,Porto de Mós,Leiria,"EN 243, nº 21/23 - Rua dos Leões - Corredoura",Corredoura,2480-151,39.604263,-8.836599,bp porto de mós - corredoura,bp,"en 243, nº 21/23 - rua dos leões - corredoura","2,229 €",2026-05-15_dgeg_postos_raw.csv,593195740e05455f
2026-05-15,2026-05-15 14:31:32,2026-05-12 00:00:00,4dcb1bcf0af07724,4dcb1bcf0af07724_gasoline_95,BP Porto de Mós - Corredoura,BP,gasoline_95,Gasolina simples 95,Outro,2.099,Porto de Mós,Leiria,"EN 243, nº 21/23 - Rua dos Leões - Corredoura",Corredoura,2480-151,39.604263,-8.836599,bp porto de mós - corredoura,bp,"en 243, nº 21/23 - rua dos leões - corredoura","2,099 €",2026-05-15_dgeg_postos_raw.csv,06c3c38f94170520
2026-05-15,2026-05-15 14:31:32,2026-05-12 00:00:00,4dcb1bcf0af07724,4dcb1bcf0af07724_gasoline_98,BP Porto de Mós - Corredoura,BP,gasoline_98,Gasolina especial 98,Outro,2.299,Porto de Mós,Leiria,"EN 243, nº 21/23 - Rua dos Leões - Corredoura",Corredoura,2480-151,39.604263,-8.836599,bp porto de mós - corredoura,bp,"en 243, nº 21/23 - rua dos leões - corredoura","2,299 €",2026-05-15_dgeg_postos_raw.csv,470fc0b85c3ebd17
2026-05-15,2026-05-15 14:31:32,2026-05-12 00:00:00,4c8cacec0e5c25da,4c8cacec0e5c25da_gasoline_95,BP Montalvão (Castelo Branco),BP,gasoline_95,Gasolina simples 95,Outro,1.997,Castelo Branco,Castelo Branco,"Estrada Nacional 18, km 108.255 - Cruz do Montalvão",Castelo Branco,6000-050,39.808372,-7.511121,bp montalvão (castelo branco),bp,"estrada nacional 18, km 108.255 - cruz do montalvão","1,997 €",2026-05-15_dgeg_postos_raw.csv,3e15c6b80327f9d3
2026-05-15,2026-05-15 14:31:32,2026-05-12 00:00:00,4c8cacec0e5c25da,4c8cacec0e5c25da_gasoline_98,BP Montalvão (Castelo Branco),BP,gasoline_98,Gasolina especial 98,Outro,2.299,Castelo Branco,Castelo Branco,"Estrada Nacional 18, km 108.255 - Cruz do Montalvão",Castelo Branco,6000-050,39.808372,-7.511121,bp montalvão (castelo branco),bp,"estrada nacional 18, km 108.255 - cruz do montalvão","2,299 €",2026-05-15_dgeg_postos_raw.csv,f11329a5498e7501
2026-05-15,2026-05-15 14:31:32,2026-05-12 00:00:00,83179ff53a7be8fa,83179ff53a7be8fa_diesel_regular,Bp Portalegre,BP,diesel_regular,Gasóleo simples,Outro,2.079,Portalegre,Portalegre,Av. Estramadura Espanhola,Portalegre,7300-000,39.28033,-7.4314,bp portalegre,bp,av. estramadura espanhola,"2,079 €",2026-05-15_dgeg_postos_raw.csv,2a3497cad1e62126
2026-05-15,2026-05-15 14:31:32,2026-05-12 00:00:00,83179ff53a7be8fa,83179ff53a7be8fa_diesel_premium,Bp Portalegre,BP,diesel_premium,Gasóleo especial,Outro,2.229,Portalegre,Portalegre,Av. Estramadura Espanhola,Portalegre,7300-000,39.28033,-7.4314,bp portalegre,bp,av. estramadura espanhola,"2,229 €",2026-05-15_dgeg_postos_raw.csv,c698f1b315b50d26
2026-05-15,2026-05-15 14:31:32,2026-05-12 00:00:00,83179ff53a7be8fa,83179ff53a7be8fa_gasoline_95,Bp Portalegre,BP,gasoline_95,Gasolina simples 95,Outro,2.069,Portalegre,Portalegre,Av. Estramadura Espanhola,Portalegre,7300-000,39.28033,-7.4314,bp portalegre,bp,av. estramadura espanhola,"2,069 €",2026-05-15_dgeg_postos_raw.csv,4b994fcecef25c6c
2026-05-15,2026-05-15 14:31:32,2026-05-12 00:00:00,83179ff53a7be8fa,83179ff53a7be8fa_gasoline_98,Bp Portalegre,BP,gasoline_98,Gasolina especial 98,Outro,2.299,Portalegre,Portalegre,Av. Estramadura Espanhola,Portalegre,7300-000,39.28033,-7.4314,bp portalegre,bp,av. estramadura espanhola,"2,299 €",2026-05-15_dgeg_postos_raw.csv,a75aa8662b8455db
2026-05-15,2026-05-15 14:31:32,2026-05-12 00:00:00,34cdc30c37d0ef52,34cdc30c37d0ef52_diesel_regular,BP Sintra - Linhó,BP,diesel_regular,Gasóleo simples,Outro,2.069,Sintra,Lisboa,Av. Pedro Álvares Cabral,São Pedro Penaferrim,2710-144,38.75771,-9.38309,bp sintra - linhó,bp,av. pedro álvares cabral,"2,069 €",2026-05-15_dgeg_postos_raw.csv,999df20db9d778cd
2026-05-15,2026-05-15 14:31:32,2026-05-12 00:00:00,34cdc30c37d0ef52,34cdc30c37d0ef52_diesel_premium,BP Sintra - Linhó,BP,diesel_premium,Gasóleo especial,Outro,2.229,Sintra,Lisboa,Av. Pedro Álvares Cabral,São Pedro Penaferrim,2710-144,38.75771,-9.38309,bp sintra - linhó,bp,av. pedro álvares cabral,"2,229 €",2026-05-15_dgeg_postos_raw.csv,f646df6a21ef0200
2026-05-15,2026-05-15 14:31:32,2026-05-12 00:00:00,34cdc30c37d0ef52,34cdc30c37d0ef52_gasoline_95,BP Sintra - Linhó,BP,gasoline_95,Gasolina simples 95,Outro,2.059,Sintra,Lisboa,Av. Pedro Álvares Cabral,São Pedro Penaferrim,2710-144,38.75771,-9.38309,bp sintra - linhó,bp,av. pedro álvares cabral,"2,059 €",2026-05-15_dgeg_postos_raw.csv,f1fe56c875788f6d
2026-05-15,2026-05-15 14:31:32,2026-05-12 00:00:00,9fbd77725bb76ece,9fbd77725bb76ece_diesel_regular,PA BP Espinho,BP,diesel_regular,Gasóleo simples,Outro,2.109,Espinho,Aveiro,"Rua 19, 1538 Anta",Espinho,4500-251,41.008244,-8.627844,pa bp espinho,bp,"rua 19, 1538 anta","2,109 €",2026-05-15_dgeg_postos_raw.csv,7b7b454223b4f641
2026-05-15,2026-05-15 14:31:32,2026-05-12 00:00:00,9fbd77725bb76ece,9fbd77725bb76ece_diesel_premium,PA BP Espinho,BP,diesel_premium,Gasóleo especial,Outro,2.229,Espinho,Aveiro,"Rua 19, 1538 Anta",Espinho,4500-251,41.008244,-8.627844,pa bp espinho,bp,"rua 19, 1538 anta","2,229 €",2026-05-15_dgeg_postos_raw.csv,2661f8ff5e207f08
2026-05-15,2026-05-15 14:31:32,2026-05-12 00:00:00,9fbd77725bb76ece,9fbd77725bb76ece_gasoline_95,PA BP Espinho,BP,gasoline_95,Gasolina simples 95,Outro,2.099,Espinho,Aveiro,"Rua 19, 1538 Anta",Espinho,4500-251,41.008244,-8.627844,pa bp espinho,bp,"rua 19, 1538 anta","2,099 €",2026-05-15_dgeg_postos_raw.csv,06554b2bf842f100
2026-05-15,2026-05-15 14:31:32,2026-05-12 00:00:00,9fbd77725bb76ece,9fbd77725bb76ece_gasoline_98,PA BP Espinho,BP,gasoline_98,Gasolina especial 98,Outro,2.299,Espinho,Aveiro,"Rua 19, 1538 Anta",Espinho,4500-251,41.008244,-8.627844,pa bp espinho,bp,"rua 19, 1538 anta","2,299 €",2026-05-15_dgeg_postos_raw.csv,666cd5749ab40f28
2026-05-15,2026-05-15 14:31:32,2026-05-12 00:00:00,dcadee1a35312232,dcadee1a35312232_diesel_regular,BP Penha Garcia,BP,diesel_regular,Gasóleo simples,Outro,2.059,Idanha-a-Nova,Castelo Branco,"EN 239 - km 36,4",Penha Garcia,6060-302,40.03261,-7.0094,bp penha garcia,bp,"en 239 - km 36,4","2,059 €",2026-05-15_dgeg_postos_raw.csv,28dbadcb5804e090
2026-05-15,2026-05-15 14:31:32,2026-05-12 00:00:00,dcadee1a35312232,dcadee1a35312232_diesel_premium,BP Penha Garcia,BP,diesel_premium,Gasóleo especial,Outro,2.229,Idanha-a-Nova,Castelo Branco,"EN 239 - km 36,4",Penha Garcia,6060-302,40.03261,-7.0094,bp penha garcia,bp,"en 239 - km 36,4","2,229 €",2026-05-15_dgeg_postos_raw.csv,939f229966813b4f
2026-05-15,2026-05-15 14:31:32,2026-05-12 00:00:00,dcadee1a35312232,dcadee1a35312232_gasoline_95,BP Penha Garcia,BP,gasoline_95,Gasolina simples 95,Outro,2.049,Idanha-a-Nova,Castelo Branco,"EN 239 - km 36,4",Penha Garcia,6060-302,40.03261,-7.0094,bp penha garcia,bp,"en 239 - km 36,4","2,049 €",2026-05-15_dgeg_postos_raw.csv,8a21f5066adb0dc1
2026-05-15,2026-05-15 14:31:32,2026-05-12 00:00:00,dcadee1a35312232,dcadee1a35312232_gasoline_98,BP Penha Garcia,BP,gasoline_98,Gasolina especial 98,Outro,2.299,Idanha-a-Nova,Castelo Branco,"EN 239 - km 36,4",Penha Garcia,6060-302,40.03261,-7.0094,bp penha garcia,bp,"en 239 - km 36,4","2,299 €",2026-05-15_dgeg_postos_raw.csv,664104dd10cac8a5
2026-05-15,2026-05-15 14:31:32,2026-05-12 00:00:00,24f4ffda31e7203e,24f4ffda31e7203e_diesel_regular,BP SINTRA MIRADOURO,BP,diesel_regular,Gasóleo simples,Outro,2.069,Sintra,Lisboa,"Av. D. Francisco de Almeida, 47",Sintra,2710-562,38.79963,-9.38177,bp sintra miradouro,bp,"av. d. francisco de almeida, 47","2,069 €",2026-05-15_dgeg_postos_raw.csv,1aa5a54f78b9473f
2026-05-15,2026-05-15 14:31:32,2026-05-12 00:00:00,24f4ffda31e7203e,24f4ffda31e7203e_diesel_premium,BP SINTRA MIRADOURO,BP,diesel_premium,Gasóleo especial,Outro,2.229,Sintra,Lisboa,"Av. D. Francisco de Almeida, 47",Sintra,2710-562,38.79963,-9.38177,bp sintra miradouro,bp,"av. d. francisco de almeida, 47","2,229 €",2026-05-15_dgeg_postos_raw.csv,9d5bcb262943beb7
2026-05-15,2026-05-15 14:31:32,2026-05-12 00:00:00,24f4ffda31e7203e,24f4ffda31e7203e_gasoline_95,BP SINTRA MIRADOURO,BP,gasoline_95,Gasolina simples 95,Outro,2.059,Sintra,Lisboa,"Av. D. Francisco de Almeida, 47",Sintra,2710-562,38.79963,-9.38177,bp sintra miradouro,bp,"av. d. francisco de almeida, 47","2,059 €",2026-05-15_dgeg_postos_raw.csv,fca25d30ed9bc3ba
2026-05-15,2026-05-15 14:31:32,2026-05-12 00:00:00,24f4ffda31e7203e,24f4ffda31e7203e_gasoline_98,BP SINTRA MIRADOURO,BP,gasoline_98,Gasolina especial 98,Outro,2.299,Sintra,Lisboa,"Av. D. Francisco de Almeida, 47",Sintra,2710-562,38.79963,-9.38177,bp sintra miradouro,bp,"av. d. francisco de almeida, 47","2,299 €",2026-05-15_dgeg_postos_raw.csv,b17130db0b66e2f5
2026-05-15,2026-05-15 14:31:32,2026-05-12 00:00:00,6bd3ac8a8b72f24e,6bd3ac8a8b72f24e_diesel_premium,LOURICOOP - LOURINHÃ,GALP,diesel_premium,Gasóleo especial,Outro,1.999,Lourinhã,Lisboa,Alameda Nossa Senhora dos Anjos,Lourinhã,2530-112,39.24535,-9.3148,louricoop - lourinhã,galp,alameda nossa senhora dos anjos,"1,999 €",2026-05-15_dgeg_postos_raw.csv,0190965198541fe0
2026-05-15,2026-05-15 14:31:32,2026-05-12 00:00:00,6bd3ac8a8b72f24e,6bd3ac8a8b72f24e_gasoline_95,LOURICOOP - LOURINHÃ,GALP,gasoline_95,Gasolina simples 95,Outro,2.032,Lourinhã,Lisboa,Alameda Nossa Senhora dos Anjos,Lourinhã,2530-112,39.24535,-9.3148,louricoop - lourinhã,galp,alameda nossa senhora dos anjos,"2,032 €",2026-05-15_dgeg_postos_raw.csv,a612a0813b2d6b55
2026-05-15,2026-05-15 14:31:32,2026-05-12 00:00:00,ee93fd744af8b552,ee93fd744af8b552_diesel_premium,Associação dos Agricultores do Concelho de Vila Real,Genérico,diesel_premium,Gasóleo especial,Outro,2.039,Vila Real,Vila Real,Largo da Feira,Campeã,5000-071,41.29141,-7.875211,associação dos agricultores do concelho de vila real,genérico,largo da feira,"2,039 €",2026-05-15_dgeg_postos_raw.csv,e96afa1bf50ab777
2026-05-15,2026-05-15 14:31:32,2026-05-12 00:00:00,5c290a9e850da191,5c290a9e850da191_diesel_premium,"Orlindo Crespo Pedrosa, Lda",Genérico,diesel_premium,Gasóleo especial,Outro,1.93,Pombal,Leiria,"AV. NOSSA SENHORA DA GUIA, 87",Guia,3105-089,39.94901,-8.783816,"orlindo crespo pedrosa, lda",genérico,"av. nossa senhora da guia, 87","1,930 €",2026-05-15_dgeg_postos_raw.csv,64a09f96e7ca7882
2026-05-15,2026-05-15 14:31:32,2026-05-12 00:00:00,223f2205c4afc9b6,223f2205c4afc9b6_diesel_premium,Gasodueça - PA Genérico Meãs,Genérico,diesel_premium,Gasóleo especial,Outro,1.974,Miranda do Corvo,Coimbra,Rua Trás das Casas 29,Meãs,3220-115,40.083,-8.318,gasodueça - pa genérico meãs,genérico,rua trás das casas 29,"1,974 €",2026-05-15_dgeg_postos_raw.csv,05a9bf43ac8671c6
2026-05-15,2026-05-15 14:31:32,2026-05-12 00:00:00,d63caf867edf326d,d63caf867edf326d_diesel_regular,BP RAMADA,BP,diesel_regular,Gasóleo simples,Outro,2.109,Odivelas,Lisboa,"AV AUGUSTO HILÁRIO, LOTE 7",RAMADA,2620-528,38.814148,-9.187725,bp ramada,bp,"av augusto hilário, lote 7","2,109 €",2026-05-15_dgeg_postos_raw.csv,9a17d15fd717206d
2026-05-15,2026-05-15 14:31:32,2026-05-12 00:00:00,d63caf867edf326d,d63caf867edf326d_diesel_premium,BP RAMADA,BP,diesel_premium,Gasóleo especial,Outro,2.229,Odivelas,Lisboa,"AV AUGUSTO HILÁRIO, LOTE 7",RAMADA,2620-528,38.814148,-9.187725,bp ramada,bp,"av augusto hilário, lote 7","2,229 €",2026-05-15_dgeg_postos_raw.csv,8ba5f5327f243e7d
2026-05-15,2026-05-15 14:31:32,2026-05-12 00:00:00,d63caf867edf326d,d63caf867edf326d_gasoline_98,BP RAMADA,BP,gasoline_98,Gasolina especial 98,Outro,2.299,Odivelas,Lisboa,"AV AUGUSTO HILÁRIO, LOTE 7",RAMADA,2620-528,38.814148,-9.187725,bp ramada,bp,"av augusto hilário, lote 7","2,299 €",2026-05-15_dgeg_postos_raw.csv,e68382e5cdbe506a
2026-05-15,2026-05-15 14:31:32,2026-05-12 00:00:00,d63caf867edf326d,d63caf867edf326d_gasoline_95,BP RAMADA,BP,gasoline_95,Gasolina simples 95,Outro,2.099,Odivelas,Lisboa,"AV AUGUSTO HILÁRIO, LOTE 7",RAMADA,2620-528,38.814148,-9.187725,bp ramada,bp,"av augusto hilário, lote 7","2,099 €",2026-05-15_dgeg_postos_raw.csv,e267036ad8cc62bb
2026-05-15,2026-05-15 14:31:32,2026-05-12 00:00:00,bdc00bce7ce03023,bdc00bce7ce03023_diesel_regular,BP Ourém,BP,diesel_regular,Gasóleo simples,Outro,2.109,Ourém,Santarém,EN113 Moinho da Areia,Ourém,2490-444,39.65451,-8.59717,bp ourém,bp,en113 moinho da areia,"2,109 €",2026-05-15_dgeg_postos_raw.csv,4c424a345b3d59ec
2026-05-15,2026-05-15 14:31:32,2026-05-12 00:00:00,6cd4498659fd2aea,6cd4498659fd2aea_diesel_premium,BP Fluvial,BP,diesel_premium,Gasóleo especial,Outro,2.229,Porto,Porto,"Rua Diogo Botelho, 671",Porto,4150-262,41.15165,-8.6553,bp fluvial,bp,"rua diogo botelho, 671","2,229 €",2026-05-15_dgeg_postos_raw.csv,df5d18dce6137445
2026-05-15,2026-05-15 14:31:32,2026-05-12 00:00:00,6cd4498659fd2aea,6cd4498659fd2aea_diesel_regular,BP Fluvial,BP,diesel_regular,Gasóleo simples,Outro,2.069,Porto,Porto,"Rua Diogo Botelho, 671",Porto,4150-262,41.15165,-8.6553,bp fluvial,bp,"rua diogo botelho, 671","2,069 €",2026-05-15_dgeg_postos_raw.csv,ed57f6d056204e39
2026-05-15,2026-05-15 14:31:32,2026-05-12 00:00:00,6cd4498659fd2aea,6cd4498659fd2aea_gasoline_95,BP Fluvial,BP,gasoline_95,Gasolina simples 95,Outro,2.059,Porto,Porto,"Rua Diogo Botelho, 671",Porto,4150-262,41.15165,-8.6553,bp fluvial,bp,"rua diogo botelho, 671","2,059 €",2026-05-15_dgeg_postos_raw.csv,0252bc26feb52795
2026-05-15,2026-05-15 14:31:32,2026-05-12 00:00:00,6cd4498659fd2aea,6cd4498659fd2aea_gasoline_98,BP Fluvial,BP,gasoline_98,Gasolina especial 98,Outro,2.299,Porto,Porto,"Rua Diogo Botelho, 671",Porto,4150-262,41.15165,-8.6553,bp fluvial,bp,"rua diogo botelho, 671","2,299 €",2026-05-15_dgeg_postos_raw.csv,18d94a0a91add237
2026-05-15,2026-05-15 14:31:32,2026-05-12 00:00:00,51db6e4791db2a71,51db6e4791db2a71_diesel_regular,BP Barreiro,BP,diesel_regular,Gasóleo simples,Outro,2.049,Barreiro,Setúbal,EN 510,Vila Chã - St António,2835-625,38.639872,-9.047435,bp barreiro,bp,en 510,"2,049 €",2026-05-15_dgeg_postos_raw.csv,3c9d314d76b62759
2026-05-15,2026-05-15 14:31:32,2026-05-12 00:00:00,51db6e4791db2a71,51db6e4791db2a71_diesel_premium,BP Barreiro,BP,diesel_premium,Gasóleo especial,Outro,2.229,Barreiro,Setúbal,EN 510,Vila Chã - St António,2835-625,38.639872,-9.047435,bp barreiro,bp,en 510,"2,229 €",2026-05-15_dgeg_postos_raw.csv,81f777be9058aad9
2026-05-15,2026-05-15 14:31:32,2026-05-12 00:00:00,51db6e4791db2a71,51db6e4791db2a71_gasoline_95,BP Barreiro,BP,gasoline_95,Gasolina simples 95,Outro,2.039,Barreiro,Setúbal,EN 510,Vila Chã - St António,2835-625,38.639872,-9.047435,bp barreiro,bp,en 510,"2,039 €",2026-05-15_dgeg_postos_raw.csv,8c0850c2dbd093bc
2026-05-15,2026-05-15 14:31:32,2026-05-12 00:00:00,49adc3508072cb80,49adc3508072cb80_diesel_regular,Petromogueira Lda - PA BP São Martinho de Mouros,BP,diesel_regular,Gasóleo simples,Outro,2.099,Resende,Viseu,Rua 11 de Novembro 3198,Nogueiras,4660-376,41.11792,-7.890853,petromogueira lda - pa bp são martinho de mouros,bp,rua 11 de novembro 3198,"2,099 €",2026-05-15_dgeg_postos_raw.csv,057f3773b874c07a
2026-05-15,2026-05-15 14:31:32,2026-05-12 00:00:00,072767fc9a77f83a,072767fc9a77f83a_diesel_regular,Coop.Agríc.Tocha,Genérico,diesel_regular,Gasóleo simples,Outro,1.989,Cantanhede,Coimbra,Rua Manuel Rodrigues Batata,Andrades-Tocha,3064-908,40.31897,-8.75116,coop.agríc.tocha,genérico,rua manuel rodrigues batata,"1,989 €",2026-05-15_dgeg_postos_raw.csv,dede2dccabf6cbb3
2026-05-15,2026-05-15 14:31:32,2026-05-12 00:00:00,d858fbbf3be4bbfb,d858fbbf3be4bbfb_diesel_regular,VILA VELHA DE RÓDÃO,BP,diesel_regular,Gasóleo simples,Outro,2.029,Vila Velha de Ródão,Castelo Branco,EN 18,Vila Velha de Ródão,6030-223,39.656713,-7.660509,vila velha de ródão,bp,en 18,"2,029 €",2026-05-15_dgeg_postos_raw.csv,d2067c4fffc13e12
2026-05-15,2026-05-15 14:31:32,2026-05-12 00:00:00,72b0cc817132fecb,72b0cc817132fecb_diesel_regular,Posto BP Grândola Vila,BP,diesel_regular,Gasóleo simples,Outro,2.109,Grândola,Setúbal,"Cerrado Castanheiros, Lt 20",Grândola,7570-222,38.18433,-8.56879,posto bp grândola vila,bp,"cerrado castanheiros, lt 20","2,109 €",2026-05-15_dgeg_postos_raw.csv,aff074e3b46e49a5
2026-05-15,2026-05-15 14:31:32,2026-05-12 00:00:00,72b0cc817132fecb,72b0cc817132fecb_diesel_premium,Posto BP Grândola Vila,BP,diesel_premium,Gasóleo especial,Outro,2.229,Grândola,Setúbal,"Cerrado Castanheiros, Lt 20",Grândola,7570-222,38.18433,-8.56879,posto bp grândola vila,bp,"cerrado castanheiros, lt 20","2,229 €",2026-05-15_dgeg_postos_raw.csv,61ef13cbc4e1e2ed
2026-05-15,2026-05-15 14:31:32,2026-05-12 00:00:00,72b0cc817132fecb,72b0cc817132fecb_gasoline_95,Posto BP Grândola Vila,BP,gasoline_95,Gasolina simples 95,Outro,2.099,Grândola,Setúbal,"Cerrado Castanheiros, Lt 20",Grândola,7570-222,38.18433,-8.56879,posto bp grândola vila,bp,"cerrado castanheiros, lt 20","2,099 €",2026-05-15_dgeg_postos_raw.csv,a8fe6416c541b5ac
2026-05-15,2026-05-15 14:31:32,2026-05-12 00:00:00,72b0cc817132fecb,72b0cc817132fecb_gasoline_98,Posto BP Grândola Vila,BP,gasoline_98,Gasolina especial 98,Outro,2.299,Grândola,Setúbal,"Cerrado Castanheiros, Lt 20",Grândola,7570-222,38.18433,-8.56879,posto bp grândola vila,bp,"cerrado castanheiros, lt 20","2,299 €",2026-05-15_dgeg_postos_raw.csv,9123b938b061a60d
2026-05-15,2026-05-15 14:31:32,2026-05-12 00:00:00,79a11e9d1c54e241,79a11e9d1c54e241_diesel_regular,PA BP ILHAVO,BP,diesel_regular,Gasóleo simples,Outro,2.059,Ílhavo,Aveiro,R. Dr Dinis Gomes,ILHAVO,3830-188,40.605769,-8.662867,pa bp ilhavo,bp,r. dr dinis gomes,"2,059 €",2026-05-15_dgeg_postos_raw.csv,efbc91cca400b773
2026-05-15,2026-05-15 14:31:32,2026-05-12 00:00:00,79a11e9d1c54e241,79a11e9d1c54e241_diesel_premium,PA BP ILHAVO,BP,diesel_premium,Gasóleo especial,Outro,2.229,Ílhavo,Aveiro,R. Dr Dinis Gomes,ILHAVO,3830-188,40.605769,-8.662867,pa bp ilhavo,bp,r. dr dinis gomes,"2,229 €",2026-05-15_dgeg_postos_raw.csv,1f55b4b1019840a6
2026-05-15,2026-05-15 14:31:32,2026-05-12 00:00:00,79a11e9d1c54e241,79a11e9d1c54e241_gasoline_95,PA BP ILHAVO,BP,gasoline_95,Gasolina simples 95,Outro,2.069,Ílhavo,Aveiro,R. Dr Dinis Gomes,ILHAVO,3830-188,40.605769,-8.662867,pa bp ilhavo,bp,r. dr dinis gomes,"2,069 €",2026-05-15_dgeg_postos_raw.csv,de3d67222769d354
2026-05-15,2026-05-15 14:31:32,2026-05-12 00:00:00,79a11e9d1c54e241,79a11e9d1c54e241_gasoline_98,PA BP ILHAVO,BP,gasoline_98,Gasolina especial 98,Outro,2.329,Ílhavo,Aveiro,R. Dr Dinis Gomes,ILHAVO,3830-188,40.605769,-8.662867,pa bp ilhavo,bp,r. dr dinis gomes,"2,329 €",2026-05-15_dgeg_postos_raw.csv,ad02cc6dfba37187
2026-05-15,2026-05-15 14:31:32,2026-05-12 00:00:00,920b78a860b2975f,920b78a860b2975f_diesel_regular,Posto BP Aveiro Forca,BP,diesel_regular,Gasóleo simples,Outro,2.039,Aveiro,Aveiro,Av. Francisco Sá Carneiro Forca,Aveiro,3810-265,40.637491,-8.639779,posto bp aveiro forca,bp,av. francisco sá carneiro forca,"2,039 €",2026-05-15_dgeg_postos_raw.csv,26cb9002d51c86f7
2026-05-15,2026-05-15 14:31:32,2026-05-12 00:00:00,920b78a860b2975f,920b78a860b2975f_diesel_premium,Posto BP Aveiro Forca,BP,diesel_premium,Gasóleo especial,Outro,2.229,Aveiro,Aveiro,Av. Francisco Sá Carneiro Forca,Aveiro,3810-265,40.637491,-8.639779,posto bp aveiro forca,bp,av. francisco sá carneiro forca,"2,229 €",2026-05-15_dgeg_postos_raw.csv,246864eeab9a76ba
2026-05-15,2026-05-15 14:31:32,2026-05-12 00:00:00,920b78a860b2975f,920b78a860b2975f_gasoline_95,Posto BP Aveiro Forca,BP,gasoline_95,Gasolina simples 95,Outro,2.029,Aveiro,Aveiro,Av. Francisco Sá Carneiro Forca,Aveiro,3810-265,40.637491,-8.639779,posto bp aveiro forca,bp,av. francisco sá carneiro forca,"2,029 €",2026-05-15_dgeg_postos_raw.csv,82df4da8e319c6b4
2026-05-15,2026-05-15 14:31:32,2026-05-12 00:00:00,920b78a860b2975f,920b78a860b2975f_gasoline_98,Posto BP Aveiro Forca,BP,gasoline_98,Gasolina especial 98,Outro,2.299,Aveiro,Aveiro,Av. Francisco Sá Carneiro Forca,Aveiro,3810-265,40.637491,-8.639779,posto bp aveiro forca,bp,av. francisco sá carneiro forca,"2,299 €",2026-05-15_dgeg_postos_raw.csv,e26b674cbe2bac30
2026-05-15,2026-05-15 14:31:32,2026-05-12 00:00:00,060101af5ba4ca5a,060101af5ba4ca5a_diesel_regular,PA Alcaria - Porto de Mós,Genérico,diesel_regular,Gasóleo simples,Outro,1.959,Porto de Mós,Leiria,"Estrada da Bica - EN 243, km 10,950",Alcaria,2480-011,39.56767,-8.79111,pa alcaria - porto de mós,genérico,"estrada da bica - en 243, km 10,950","1,959 €",2026-05-15_dgeg_postos_raw.csv,0e6e1e0e310cfb05
2026-05-15,2026-05-15 14:31:32,2026-05-12 00:00:00,060101af5ba4ca5a,060101af5ba4ca5a_gasoline_95,PA Alcaria - Porto de Mós,Genérico,gasoline_95,Gasolina simples 95,Outro,1.962,Porto de Mós,Leiria,"Estrada da Bica - EN 243, km 10,950",Alcaria,2480-011,39.56767,-8.79111,pa alcaria - porto de mós,genérico,"estrada da bica - en 243, km 10,950","1,962 €",2026-05-15_dgeg_postos_raw.csv,999fb2771a3e0718
2026-05-15,2026-05-15 14:31:32,2026-05-12 00:00:00,f06c6283b826b269,f06c6283b826b269_diesel_regular,BP Cascais - Adelino Amaro Costa,BP,diesel_regular,Gasóleo simples,Outro,2.109,Cascais,Lisboa,Av. Engenheiro Adelino Amaro da Costa 1210,Cascais,2750-453,38.7063,-9.432345,bp cascais - adelino amaro costa,bp,av. engenheiro adelino amaro da costa 1210,"2,109 €",2026-05-15_dgeg_postos_raw.csv,c9bcc6e307a73f75
2026-05-15,2026-05-15 14:31:32,2026-05-12 00:00:00,f06c6283b826b269,f06c6283b826b269_diesel_premium,BP Cascais - Adelino Amaro Costa,BP,diesel_premium,Gasóleo especial,Outro,2.229,Cascais,Lisboa,Av. Engenheiro Adelino Amaro da Costa 1210,Cascais,2750-453,38.7063,-9.432345,bp cascais - adelino amaro costa,bp,av. engenheiro adelino amaro da costa 1210,"2,229 €",2026-05-15_dgeg_postos_raw.csv,3018f5a4966f24b9
2026-05-15,2026-05-15 14:31:32,2026-05-12 00:00:00,f06c6283b826b269,f06c6283b826b269_gasoline_95,BP Cascais - Adelino Amaro Costa,BP,gasoline_95,Gasolina simples 95,Outro,2.099,Cascais,Lisboa,Av. Engenheiro Adelino Amaro da Costa 1210,Cascais,2750-453,38.7063,-9.432345,bp cascais - adelino amaro costa,bp,av. engenheiro adelino amaro da costa 1210,"2,099 €",2026-05-15_dgeg_postos_raw.csv,ce1a88f84d0978a2
2026-05-15,2026-05-15 14:31:32,2026-05-12 00:00:00,f06c6283b826b269,f06c6283b826b269_gasoline_98,BP Cascais - Adelino Amaro Costa,BP,gasoline_98,Gasolina especial 98,Outro,2.299,Cascais,Lisboa,Av. Engenheiro Adelino Amaro da Costa 1210,Cascais,2750-453,38.7063,-9.432345,bp cascais - adelino amaro costa,bp,av. engenheiro adelino amaro da costa 1210,"2,299 €",2026-05-15_dgeg_postos_raw.csv,8b152b02a4b81a66
2026-05-15,2026-05-15 14:31:32,2026-05-12 00:00:00,a5b56e17bbd95633,a5b56e17bbd95633_diesel_regular,BP Sintra -  Abrunheira,BP,diesel_regular,Gasóleo simples,Outro,2.079,Sintra,Lisboa,"Rua Rosa Maria Lobato Faria, 15 e 19",Abrunheira,2710-022,38.771717,-9.346223,bp sintra - abrunheira,bp,"rua rosa maria lobato faria, 15 e 19","2,079 €",2026-05-15_dgeg_postos_raw.csv,8753649fea7c0530
2026-05-15,2026-05-15 14:31:32,2026-05-12 00:00:00,a5b56e17bbd95633,a5b56e17bbd95633_diesel_premium,BP Sintra -  Abrunheira,BP,diesel_premium,Gasóleo especial,Outro,2.229,Sintra,Lisboa,"Rua Rosa Maria Lobato Faria, 15 e 19",Abrunheira,2710-022,38.771717,-9.346223,bp sintra - abrunheira,bp,"rua rosa maria lobato faria, 15 e 19","2,229 €",2026-05-15_dgeg_postos_raw.csv,533b411a9906657c
2026-05-15,2026-05-15 14:31:32,2026-05-12 00:00:00,a5b56e17bbd95633,a5b56e17bbd95633_gasoline_95,BP Sintra -  Abrunheira,BP,gasoline_95,Gasolina simples 95,Outro,2.069,Sintra,Lisboa,"Rua Rosa Maria Lobato Faria, 15 e 19",Abrunheira,2710-022,38.771717,-9.346223,bp sintra - abrunheira,bp,"rua rosa maria lobato faria, 15 e 19","2,069 €",2026-05-15_dgeg_postos_raw.csv,40c60eecc24890b9
2026-05-15,2026-05-15 14:31:32,2026-05-12 00:00:00,a5b56e17bbd95633,a5b56e17bbd95633_gasoline_98,BP Sintra -  Abrunheira,BP,gasoline_98,Gasolina especial 98,Outro,2.299,Sintra,Lisboa,"Rua Rosa Maria Lobato Faria, 15 e 19",Abrunheira,2710-022,38.771717,-9.346223,bp sintra - abrunheira,bp,"rua rosa maria lobato faria, 15 e 19","2,299 €",2026-05-15_dgeg_postos_raw.csv,a070f056bff03f73
2026-05-15,2026-05-15 14:31:32,2026-05-12 00:00:00,34cdc30c37d0ef52,34cdc30c37d0ef52_gasoline_98,BP Sintra - Linhó,BP,gasoline_98,Gasolina especial 98,Outro,2.299,Sintra,Lisboa,Av. Pedro Álvares Cabral,São Pedro Penaferrim,2710-144,38.75771,-9.38309,bp sintra - linhó,bp,av. pedro álvares cabral,"2,299 €",2026-05-15_dgeg_postos_raw.csv,4ec0e58de735cab9
2026-05-15,2026-05-15 14:31:32,2026-05-12 00:00:00,1823817033794557,1823817033794557_gasoline_98,BP ZONA INDUSTRIAL,BP,gasoline_98,Gasolina especial 98,Outro,2.229,Caldas da Rainha,Leiria,"Rua  Infante D. Henrique, Casal do Barreiros",Caldas da Rainha,2500-290,39.417243,-9.151295,bp zona industrial,bp,"rua infante d. henrique, casal do barreiros","2,229 €",2026-05-15_dgeg_postos_raw.csv,382f64d68261acc8
2026-05-15,2026-05-15 14:31:32,2026-05-12 00:00:00,95bc9c56b0276ffc,95bc9c56b0276ffc_diesel_premium,Galp-OFIMAQ- Pousos_Leiria,Genérico,diesel_premium,Gasóleo especial,Outro,2.018,Leiria,Leiria,Charneca - Pousos,Leiria,2410-211,39.735157,-8.764882,galp-ofimaq- pousos_leiria,genérico,charneca - pousos,"2,018 €",2026-05-15_dgeg_postos_raw.csv,3ef9d82407ed2e02
2026-05-15,2026-05-15 14:31:32,2026-05-12 00:00:00,83ded14700cbe22a,83ded14700cbe22a_gasoline_98,BP Vila Real - Z.I. Constantim,BP,gasoline_98,Gasolina especial 98,Outro,2.299,Vila Real,Vila Real,Zona Industrial de Constantim - Fte ao Aeródromo Constantim,Constantim,5000-082,41.276123,-7.716888,bp vila real - z.i. constantim,bp,zona industrial de constantim - fte ao aeródromo constantim,"2,299 €",2026-05-15_dgeg_postos_raw.csv,0ead462fced0f120
2026-05-15,2026-05-15 14:31:32,2026-05-12 00:00:00,9dca3615b5c918cc,9dca3615b5c918cc_gasoline_98,BP FUNDÃO,BP,gasoline_98,Gasolina especial 98,Outro,2.299,Fundão,Castelo Branco,Av. da Liberdade,Fundão,6234-909,40.14067,-7.49803,bp fundão,bp,av. da liberdade,"2,299 €",2026-05-15_dgeg_postos_raw.csv,8433decaff72dd09
2026-05-15,2026-05-15 14:31:32,2026-05-12 00:00:00,49adc3508072cb80,49adc3508072cb80_gasoline_98,Petromogueira Lda - PA BP São Martinho de Mouros,BP,gasoline_98,Gasolina especial 98,Outro,2.299,Resende,Viseu,Rua 11 de Novembro 3198,Nogueiras,4660-376,41.11792,-7.890853,petromogueira lda - pa bp são martinho de mouros,bp,rua 11 de novembro 3198,"2,299 €",2026-05-15_dgeg_postos_raw.csv,7496206cb734d01a
2026-05-15,2026-05-15 14:31:32,2026-05-12 00:00:00,84a50325d55fb204,84a50325d55fb204_gasoline_98,BP GILMONDE,BP,gasoline_98,Gasolina especial 98,Outro,2.299,Barcelos,Braga,"EN 205 Km 19,53",Gilmonde,4750-000,41.51351,-8.65057,bp gilmonde,bp,"en 205 km 19,53","2,299 €",2026-05-15_dgeg_postos_raw.csv,7c6fe1fb55e45120
2026-05-15,2026-05-15 14:31:32,2026-05-12 00:00:00,9ba2f2d8376a82ce,9ba2f2d8376a82ce_diesel_regular,PA Cooperativa Agrícola de Beringel,Genérico,diesel_regular,Gasóleo simples,Outro,1.969,Beja,Beja,EM Beringel - Trigaches,Beringel,7800-847,38.06249,-7.982961,pa cooperativa agrícola de beringel,genérico,em beringel - trigaches,"1,969 €",2026-05-15_dgeg_postos_raw.csv,65703a98a9645e36
2026-05-15,2026-05-15 14:31:32,2026-05-12 00:00:00,03d85dca138c4852,03d85dca138c4852_diesel_regular,TFGEST São Martinho Campo,FREITAS,diesel_regular,Gasóleo simples,Outro,1.999,Santo Tirso,Porto,"Av. Comendador Abilio Ferreira de Oliveira, 709",São Martinho do Campo,4795-500,41.361523,-8.369084,tfgest são martinho campo,freitas,"av. comendador abilio ferreira de oliveira, 709","1,999 €",2026-05-15_dgeg_postos_raw.csv,e80200cd02e0c841
2026-05-15,2026-05-15 14:31:32,2026-05-12 00:00:00,03d85dca138c4852,03d85dca138c4852_diesel_premium,TFGEST São Martinho Campo,FREITAS,diesel_premium,Gasóleo especial,Outro,2.019,Santo Tirso,Porto,"Av. Comendador Abilio Ferreira de Oliveira, 709",São Martinho do Campo,4795-500,41.361523,-8.369084,tfgest são martinho campo,freitas,"av. comendador abilio ferreira de oliveira, 709","2,019 €",2026-05-15_dgeg_postos_raw.csv,759cc4f7ea92bf10
2026-05-15,2026-05-15 14:31:32,2026-05-12 00:00:00,03d85dca138c4852,03d85dca138c4852_gasoline_95,TFGEST São Martinho Campo,FREITAS,gasoline_95,Gasolina simples 95,Outro,1.999,Santo Tirso,Porto,"Av. Comendador Abilio Ferreira de Oliveira, 709",São Martinho do Campo,4795-500,41.361523,-8.369084,tfgest são martinho campo,freitas,"av. comendador abilio ferreira de oliveira, 709","1,999 €",2026-05-15_dgeg_postos_raw.csv,2bbee0bab281909b
2026-05-15,2026-05-15 14:31:32,2026-05-12 00:00:00,03d85dca138c4852,03d85dca138c4852_gasoline_98,TFGEST São Martinho Campo,FREITAS,gasoline_98,Gasolina especial 98,Outro,2.179,Santo Tirso,Porto,"Av. Comendador Abilio Ferreira de Oliveira, 709",São Martinho do Campo,4795-500,41.361523,-8.369084,tfgest são martinho campo,freitas,"av. comendador abilio ferreira de oliveira, 709","2,179 €",2026-05-15_dgeg_postos_raw.csv,c1ed1e1ca8e79f17
2026-05-15,2026-05-15 14:31:32,2026-05-12 00:00:00,fa22669c1210ca5f,fa22669c1210ca5f_diesel_regular,INTERMARCHÉ Madalena VNG,INTERMARCHÉ,diesel_regular,Gasóleo simples,Área comercial (Hipermercados),1.909,Vila Nova de Gaia,Porto,Rua António Francisco de Sousa,Vila Nova de Gaia,4405-726,41.107468,-8.63871,intermarché madalena vng,intermarché,rua antónio francisco de sousa,"1,909 €",2026-05-15_dgeg_postos_raw.csv,49cad2fa6a3305ec
2026-05-15,2026-05-15 14:31:32,2026-05-12 00:00:00,fa22669c1210ca5f,fa22669c1210ca5f_gasoline_95,INTERMARCHÉ Madalena VNG,INTERMARCHÉ,gasoline_95,Gasolina simples 95,Área comercial (Hipermercados),1.885,Vila Nova de Gaia,Porto,Rua António Francisco de Sousa,Vila Nova de Gaia,4405-726,41.107468,-8.63871,intermarché madalena vng,intermarché,rua antónio francisco de sousa,"1,885 €",2026-05-15_dgeg_postos_raw.csv,0b2903c397d6f30c
2026-05-15,2026-05-15 14:31:32,2026-05-12 00:00:00,fa22669c1210ca5f,fa22669c1210ca5f_diesel_premium,INTERMARCHÉ Madalena VNG,INTERMARCHÉ,diesel_premium,Gasóleo especial,Área comercial (Hipermercados),1.939,Vila Nova de Gaia,Porto,Rua António Francisco de Sousa,Vila Nova de Gaia,4405-726,41.107468,-8.63871,intermarché madalena vng,intermarché,rua antónio francisco de sousa,"1,939 €",2026-05-15_dgeg_postos_raw.csv,0be8aefd376fe137
2026-05-15,2026-05-15 14:31:32,2026-05-12 00:00:00,d080366bc109d82e,d080366bc109d82e_diesel_regular,PA Loureiro,Genérico,diesel_regular,Gasóleo simples,Outro,1.959,Oliveira de Azeméis,Aveiro,Zona Industrial da Alumieira,Loureiro,3720-075,40.81424,-8.535794,pa loureiro,genérico,zona industrial da alumieira,"1,959 €",2026-05-15_dgeg_postos_raw.csv,c5ca2d4cbbf4306a
2026-05-15,2026-05-15 14:31:32,2026-05-12 00:00:00,d080366bc109d82e,d080366bc109d82e_diesel_premium,PA Loureiro,Genérico,diesel_premium,Gasóleo especial,Outro,1.979,Oliveira de Azeméis,Aveiro,Zona Industrial da Alumieira,Loureiro,3720-075,40.81424,-8.535794,pa loureiro,genérico,zona industrial da alumieira,"1,979 €",2026-05-15_dgeg_postos_raw.csv,912ba36247edadba
2026-05-15,2026-05-15 14:31:32,2026-05-12 00:00:00,d080366bc109d82e,d080366bc109d82e_gasoline_95,PA Loureiro,Genérico,gasoline_95,Gasolina simples 95,Outro,1.962,Oliveira de Azeméis,Aveiro,Zona Industrial da Alumieira,Loureiro,3720-075,40.81424,-8.535794,pa loureiro,genérico,zona industrial da alumieira,"1,962 €",2026-05-15_dgeg_postos_raw.csv,378ee2985e122b18
2026-05-15,2026-05-15 14:31:32,2026-05-12 00:00:00,6b9719fd6b5e9203,6b9719fd6b5e9203_diesel_premium,TFGEST - Brito,FREITAS,diesel_premium,Gasóleo especial,Outro,2.009,Guimarães,Braga,"Rua São João Baptista, Nº 915",Brito,4805-030,41.45286,-8.367333,tfgest - brito,freitas,"rua são joão baptista, nº 915","2,009 €",2026-05-15_dgeg_postos_raw.csv,04ad823eed5587d4
2026-05-15,2026-05-15 14:31:32,2026-05-12 00:00:00,6b9719fd6b5e9203,6b9719fd6b5e9203_diesel_regular,TFGEST - Brito,FREITAS,diesel_regular,Gasóleo simples,Outro,1.979,Guimarães,Braga,"Rua São João Baptista, Nº 915",Brito,4805-030,41.45286,-8.367333,tfgest - brito,freitas,"rua são joão baptista, nº 915","1,979 €",2026-05-15_dgeg_postos_raw.csv,044f9104d7352fd6
2026-05-15,2026-05-15 14:31:32,2026-05-12 00:00:00,6b9719fd6b5e9203,6b9719fd6b5e9203_gasoline_95,TFGEST - Brito,FREITAS,gasoline_95,Gasolina simples 95,Outro,1.979,Guimarães,Braga,"Rua São João Baptista, Nº 915",Brito,4805-030,41.45286,-8.367333,tfgest - brito,freitas,"rua são joão baptista, nº 915","1,979 €",2026-05-15_dgeg_postos_raw.csv,080fc1f5baceef70
2026-05-15,2026-05-15 14:31:32,2026-05-12 00:00:00,25edeb09d137a6f6,25edeb09d137a6f6_diesel_regular,PAC VALCARCE Salamonde,Genérico,diesel_regular,Gasóleo simples,Outro,2.036,Vieira do Minho,Braga,"RUA CENTRAL DE SALAMONDE, Nº 1896",Salamonde,4850-369,41.682404,-8.090336,pac valcarce salamonde,genérico,"rua central de salamonde, nº 1896","2,036 €",2026-05-15_dgeg_postos_raw.csv,60481377ae53284a
2026-05-15,2026-05-15 14:31:32,2026-05-12 00:00:00,25edeb09d137a6f6,25edeb09d137a6f6_gasoline_95,PAC VALCARCE Salamonde,Genérico,gasoline_95,Gasolina simples 95,Outro,2.026,Vieira do Minho,Braga,"RUA CENTRAL DE SALAMONDE, Nº 1896",Salamonde,4850-369,41.682404,-8.090336,pac valcarce salamonde,genérico,"rua central de salamonde, nº 1896","2,026 €",2026-05-15_dgeg_postos_raw.csv,487f02b21081a665
2026-05-15,2026-05-15 14:31:32,2026-05-12 00:00:00,25edeb09d137a6f6,25edeb09d137a6f6_diesel_premium,PAC VALCARCE Salamonde,Genérico,diesel_premium,Gasóleo especial,Outro,2.078,Vieira do Minho,Braga,"RUA CENTRAL DE SALAMONDE, Nº 1896",Salamonde,4850-369,41.682404,-8.090336,pac valcarce salamonde,genérico,"rua central de salamonde, nº 1896","2,078 €",2026-05-15_dgeg_postos_raw.csv,d3d40479769dc35f
2026-05-15,2026-05-15 14:31:32,2026-05-12 00:00:00,de58959e137304ba,de58959e137304ba_diesel_premium,"INTERMARCHÉ - Distribeira - Supermercados, Lda",INTERMARCHÉ,diesel_premium,Gasóleo especial,Outro,1.959,Celorico da Beira,Guarda,RUA DOM JOÃO DE OLIVEIRA MATOS N.º 45 E 47,Celorico da Beira,6360-344,40.643467,-7.387381,"intermarché - distribeira - supermercados, lda",intermarché,rua dom joão de oliveira matos n.º 45 e 47,"1,959 €",2026-05-15_dgeg_postos_raw.csv,af44a72a766ac508
2026-05-15,2026-05-15 14:31:32,2026-05-12 00:00:00,9aca945e613c33d3,9aca945e613c33d3_diesel_premium,BP São Roque da Lameira - Porto,BP,diesel_premium,Gasóleo especial,Outro,2.229,Porto,Porto,Rua de são roque da Lameira,S. Roque da Lameira,4300-000,41.15838,-8.583513,bp são roque da lameira - porto,bp,rua de são roque da lameira,"2,229 €",2026-05-15_dgeg_postos_raw.csv,6a03120cc05ec3f6
2026-05-15,2026-05-15 14:31:32,2026-05-12 00:00:00,9aca945e613c33d3,9aca945e613c33d3_diesel_regular,BP São Roque da Lameira - Porto,BP,diesel_regular,Gasóleo simples,Outro,2.069,Porto,Porto,Rua de são roque da Lameira,S. Roque da Lameira,4300-000,41.15838,-8.583513,bp são roque da lameira - porto,bp,rua de são roque da lameira,"2,069 €",2026-05-15_dgeg_postos_raw.csv,7977831a5d4c7465
2026-05-15,2026-05-15 14:31:32,2026-05-12 00:00:00,9aca945e613c33d3,9aca945e613c33d3_gasoline_98,BP São Roque da Lameira - Porto,BP,gasoline_98,Gasolina especial 98,Outro,2.299,Porto,Porto,Rua de são roque da Lameira,S. Roque da Lameira,4300-000,41.15838,-8.583513,bp são roque da lameira - porto,bp,rua de são roque da lameira,"2,299 €",2026-05-15_dgeg_postos_raw.csv,b715ead065c4f6d2
2026-05-15,2026-05-15 14:31:32,2026-05-12 00:00:00,9aca945e613c33d3,9aca945e613c33d3_gasoline_95,BP São Roque da Lameira - Porto,BP,gasoline_95,Gasolina simples 95,Outro,2.059,Porto,Porto,Rua de são roque da Lameira,S. Roque da Lameira,4300-000,41.15838,-8.583513,bp são roque da lameira - porto,bp,rua de são roque da lameira,"2,059 €",2026-05-15_dgeg_postos_raw.csv,739785002e677660
2026-05-15,2026-05-15 14:31:32,2026-05-12 00:00:00,785ce662203a7850,785ce662203a7850_gasoline_95,BP EN 125 (NORTE),BP,gasoline_95,Gasolina simples 95,Outro,2.079,Faro,Faro,EN 125,Faro - Pontes de Marchil,8000-000,37.030249,-7.947455,bp en 125 (norte),bp,en 125,"2,079 €",2026-05-15_dgeg_postos_raw.csv,ebc4d9dc99a8ec97
2026-05-15,2026-05-15 14:31:32,2026-05-12 00:00:00,120724ba01c043eb,120724ba01c043eb_diesel_premium,MERCÊS,BP,diesel_premium,Gasóleo especial,Outro,2.229,Sintra,Lisboa,Rua Dr. João de Barros,Mem Martins,2725-487,38.791244,-9.330827,mercês,bp,rua dr. joão de barros,"2,229 €",2026-05-15_dgeg_postos_raw.csv,3f5b3be6bd3c7040
2026-05-15,2026-05-15 14:31:32,2026-05-12 00:00:00,120724ba01c043eb,120724ba01c043eb_diesel_regular,MERCÊS,BP,diesel_regular,Gasóleo simples,Outro,2.079,Sintra,Lisboa,Rua Dr. João de Barros,Mem Martins,2725-487,38.791244,-9.330827,mercês,bp,rua dr. joão de barros,"2,079 €",2026-05-15_dgeg_postos_raw.csv,9ee0da618517a3ed
2026-05-15,2026-05-15 14:31:32,2026-05-12 00:00:00,120724ba01c043eb,120724ba01c043eb_gasoline_98,MERCÊS,BP,gasoline_98,Gasolina especial 98,Outro,2.299,Sintra,Lisboa,Rua Dr. João de Barros,Mem Martins,2725-487,38.791244,-9.330827,mercês,bp,rua dr. joão de barros,"2,299 €",2026-05-15_dgeg_postos_raw.csv,569433a5d184fdae
2026-05-15,2026-05-15 14:31:32,2026-05-12 00:00:00,120724ba01c043eb,120724ba01c043eb_gasoline_95,MERCÊS,BP,gasoline_95,Gasolina simples 95,Outro,2.069,Sintra,Lisboa,Rua Dr. João de Barros,Mem Martins,2725-487,38.791244,-9.330827,mercês,bp,rua dr. joão de barros,"2,069 €",2026-05-15_dgeg_postos_raw.csv,c5f5cb04dccdec97
2026-05-15,2026-05-15 14:31:32,2026-05-12 00:00:00,1fa6b6c045d25650,1fa6b6c045d25650_gasoline_95,BP S- Pedro,BP,gasoline_95,Gasolina simples 95,Outro,2.037,Figueira da Foz,Coimbra,"Rua das Olaias, 27",Gala - Figueira da Foz,3090-380,40.12184,-8.85278,bp s- pedro,bp,"rua das olaias, 27","2,037 €",2026-05-15_dgeg_postos_raw.csv,dfe9b5c6f20c20c7
2026-05-15,2026-05-15 14:31:32,2026-05-12 00:00:00,299bebc7da438206,299bebc7da438206_diesel_premium,BRAGA - DUME,BP,diesel_premium,Gasóleo especial,Outro,2.229,Braga,Braga,"Rua de São Martinho, Posto BP",Braga,4700-442,41.5543,-8.430862,braga - dume,bp,"rua de são martinho, posto bp","2,229 €",2026-05-15_dgeg_postos_raw.csv,166db2d22340fa44
2026-05-15,2026-05-15 14:31:32,2026-05-12 00:00:00,299bebc7da438206,299bebc7da438206_diesel_regular,BRAGA - DUME,BP,diesel_regular,Gasóleo simples,Outro,2.109,Braga,Braga,"Rua de São Martinho, Posto BP",Braga,4700-442,41.5543,-8.430862,braga - dume,bp,"rua de são martinho, posto bp","2,109 €",2026-05-15_dgeg_postos_raw.csv,da55d95c6a049a18
2026-05-15,2026-05-15 14:31:32,2026-05-12 00:00:00,299bebc7da438206,299bebc7da438206_gasoline_98,BRAGA - DUME,BP,gasoline_98,Gasolina especial 98,Outro,2.299,Braga,Braga,"Rua de São Martinho, Posto BP",Braga,4700-442,41.5543,-8.430862,braga - dume,bp,"rua de são martinho, posto bp","2,299 €",2026-05-15_dgeg_postos_raw.csv,5991d87b0f8abacf
2026-05-15,2026-05-15 14:31:32,2026-05-12 00:00:00,299bebc7da438206,299bebc7da438206_gasoline_95,BRAGA - DUME,BP,gasoline_95,Gasolina simples 95,Outro,2.099,Braga,Braga,"Rua de São Martinho, Posto BP",Braga,4700-442,41.5543,-8.430862,braga - dume,bp,"rua de são martinho, posto bp","2,099 €",2026-05-15_dgeg_postos_raw.csv,4cbb4e05ae619a7f
2026-05-15,2026-05-15 14:31:32,2026-05-12 00:00:00,8bc1d4cf10483b8a,8bc1d4cf10483b8a_diesel_premium,BP Fojo - V. N. Gaia,BP,diesel_premium,Gasóleo especial,Outro,2.229,Vila Nova de Gaia,Porto,Rua Nova do Fojo,Vila Nova de Gaia,4400-232,41.12603,-8.634639,bp fojo - v. n. gaia,bp,rua nova do fojo,"2,229 €",2026-05-15_dgeg_postos_raw.csv,c2bf957493359807
2026-05-15,2026-05-15 14:31:32,2026-05-12 00:00:00,8bc1d4cf10483b8a,8bc1d4cf10483b8a_diesel_regular,BP Fojo - V. N. Gaia,BP,diesel_regular,Gasóleo simples,Outro,2.079,Vila Nova de Gaia,Porto,Rua Nova do Fojo,Vila Nova de Gaia,4400-232,41.12603,-8.634639,bp fojo - v. n. gaia,bp,rua nova do fojo,"2,079 €",2026-05-15_dgeg_postos_raw.csv,00743b0a5b353c89
2026-05-15,2026-05-15 14:31:32,2026-05-12 00:00:00,8bc1d4cf10483b8a,8bc1d4cf10483b8a_gasoline_98,BP Fojo - V. N. Gaia,BP,gasoline_98,Gasolina especial 98,Outro,2.299,Vila Nova de Gaia,Porto,Rua Nova do Fojo,Vila Nova de Gaia,4400-232,41.12603,-8.634639,bp fojo - v. n. gaia,bp,rua nova do fojo,"2,299 €",2026-05-15_dgeg_postos_raw.csv,b5166caf770951fe
2026-05-15,2026-05-15 14:31:32,2026-05-12 00:00:00,8bc1d4cf10483b8a,8bc1d4cf10483b8a_gasoline_95,BP Fojo - V. N. Gaia,BP,gasoline_95,Gasolina simples 95,Outro,2.069,Vila Nova de Gaia,Porto,Rua Nova do Fojo,Vila Nova de Gaia,4400-232,41.12603,-8.634639,bp fojo - v. n. gaia,bp,rua nova do fojo,"2,069 €",2026-05-15_dgeg_postos_raw.csv,615b4667e83e6cf0
2026-05-15,2026-05-15 14:31:32,2026-05-12 00:00:00,2b2e3cb9c013344e,2b2e3cb9c013344e_diesel_premium,BP EN 125 (SUL),BP,diesel_premium,Gasóleo especial,Outro,2.229,Faro,Faro,EN 125,Faro - Pontes de Marchil,8000-000,37.029915,-7.947817,bp en 125 (sul),bp,en 125,"2,229 €",2026-05-15_dgeg_postos_raw.csv,cb68fbb1b1a0a3bb
2026-05-15,2026-05-15 14:31:32,2026-05-12 00:00:00,2b2e3cb9c013344e,2b2e3cb9c013344e_diesel_regular,BP EN 125 (SUL),BP,diesel_regular,Gasóleo simples,Outro,2.089,Faro,Faro,EN 125,Faro - Pontes de Marchil,8000-000,37.029915,-7.947817,bp en 125 (sul),bp,en 125,"2,089 €",2026-05-15_dgeg_postos_raw.csv,07f63064bba15498
2026-05-15,2026-05-15 14:31:32,2026-05-12 00:00:00,2b2e3cb9c013344e,2b2e3cb9c013344e_gasoline_95,BP EN 125 (SUL),BP,gasoline_95,Gasolina simples 95,Outro,2.079,Faro,Faro,EN 125,Faro - Pontes de Marchil,8000-000,37.029915,-7.947817,bp en 125 (sul),bp,en 125,"2,079 €",2026-05-15_dgeg_postos_raw.csv,83a1c81b4de394b7
2026-05-15,2026-05-15 14:31:32,2026-05-12 00:00:00,785ce662203a7850,785ce662203a7850_diesel_premium,BP EN 125 (NORTE),BP,diesel_premium,Gasóleo especial,Outro,2.229,Faro,Faro,EN 125,Faro - Pontes de Marchil,8000-000,37.030249,-7.947455,bp en 125 (norte),bp,en 125,"2,229 €",2026-05-15_dgeg_postos_raw.csv,8832447a4ad52f89
2026-05-15,2026-05-15 14:31:32,2026-05-12 00:00:00,785ce662203a7850,785ce662203a7850_diesel_regular,BP EN 125 (NORTE),BP,diesel_regular,Gasóleo simples,Outro,2.089,Faro,Faro,EN 125,Faro - Pontes de Marchil,8000-000,37.030249,-7.947455,bp en 125 (norte),bp,en 125,"2,089 €",2026-05-15_dgeg_postos_raw.csv,d6e5c69dea17a8cd
2026-05-15,2026-05-15 14:31:32,2026-05-12 00:00:00,a00c98fc20e0b3a7,a00c98fc20e0b3a7_diesel_premium,GASOLAR-MONÇÃO,GASOLAR,diesel_premium,Gasóleo especial,Outro,1.899,Monção,Viana do Castelo,EN 101,Chão do Maice,4950-000,42.06463,-8.50528,gasolar-monção,gasolar,en 101,"1,899 €",2026-05-15_dgeg_postos_raw.csv,c37ade71c14695f8
2026-05-15,2026-05-15 14:31:32,2026-05-12 00:00:00,a00c98fc20e0b3a7,a00c98fc20e0b3a7_diesel_regular,GASOLAR-MONÇÃO,GASOLAR,diesel_regular,Gasóleo simples,Outro,1.869,Monção,Viana do Castelo,EN 101,Chão do Maice,4950-000,42.06463,-8.50528,gasolar-monção,gasolar,en 101,"1,869 €",2026-05-15_dgeg_postos_raw.csv,e15794984864c769
2026-05-15,2026-05-15 14:31:32,2026-05-12 00:00:00,a00c98fc20e0b3a7,a00c98fc20e0b3a7_gasoline_95,GASOLAR-MONÇÃO,GASOLAR,gasoline_95,Gasolina simples 95,Outro,1.939,Monção,Viana do Castelo,EN 101,Chão do Maice,4950-000,42.06463,-8.50528,gasolar-monção,gasolar,en 101,"1,939 €",2026-05-15_dgeg_postos_raw.csv,89d8caf3d7d4639a
2026-05-15,2026-05-15 14:31:32,2026-05-12 00:00:00,1fa6b6c045d25650,1fa6b6c045d25650_diesel_premium,BP S- Pedro,BP,diesel_premium,Gasóleo especial,Outro,2.229,Figueira da Foz,Coimbra,"Rua das Olaias, 27",Gala - Figueira da Foz,3090-380,40.12184,-8.85278,bp s- pedro,bp,"rua das olaias, 27","2,229 €",2026-05-15_dgeg_postos_raw.csv,029c6435d5b3b31e
2026-05-15,2026-05-15 14:31:32,2026-05-12 00:00:00,1fa6b6c045d25650,1fa6b6c045d25650_diesel_regular,BP S- Pedro,BP,diesel_regular,Gasóleo simples,Outro,2.039,Figueira da Foz,Coimbra,"Rua das Olaias, 27",Gala - Figueira da Foz,3090-380,40.12184,-8.85278,bp s- pedro,bp,"rua das olaias, 27","2,039 €",2026-05-15_dgeg_postos_raw.csv,89bf2aae3942decd
2026-05-15,2026-05-15 14:31:32,2026-05-12 00:00:00,1fa6b6c045d25650,1fa6b6c045d25650_gasoline_98,BP S- Pedro,BP,gasoline_98,Gasolina especial 98,Outro,2.299,Figueira da Foz,Coimbra,"Rua das Olaias, 27",Gala - Figueira da Foz,3090-380,40.12184,-8.85278,bp s- pedro,bp,"rua das olaias, 27","2,299 €",2026-05-15_dgeg_postos_raw.csv,67b5e3ffdf6175cc
2026-05-15,2026-05-15 14:31:32,2026-05-12 00:00:00,1823817033794557,1823817033794557_diesel_premium,BP ZONA INDUSTRIAL,BP,diesel_premium,Gasóleo especial,Outro,2.224,Caldas da Rainha,Leiria,"Rua  Infante D. Henrique, Casal do Barreiros",Caldas da Rainha,2500-290,39.417243,-9.151295,bp zona industrial,bp,"rua infante d. henrique, casal do barreiros","2,224 €",2026-05-15_dgeg_postos_raw.csv,089fdddf9d3ae3c8
2026-05-15,2026-05-15 14:31:32,2026-05-12 00:00:00,1823817033794557,1823817033794557_diesel_regular,BP ZONA INDUSTRIAL,BP,diesel_regular,Gasóleo simples,Outro,2.054,Caldas da Rainha,Leiria,"Rua  Infante D. Henrique, Casal do Barreiros",Caldas da Rainha,2500-290,39.417243,-9.151295,bp zona industrial,bp,"rua infante d. henrique, casal do barreiros","2,054 €",2026-05-15_dgeg_postos_raw.csv,d5e1f384820678a8
2026-05-15,2026-05-15 14:31:32,2026-05-12 00:00:00,1823817033794557,1823817033794557_gasoline_95,BP ZONA INDUSTRIAL,BP,gasoline_95,Gasolina simples 95,Outro,2.059,Caldas da Rainha,Leiria,"Rua  Infante D. Henrique, Casal do Barreiros",Caldas da Rainha,2500-290,39.417243,-9.151295,bp zona industrial,bp,"rua infante d. henrique, casal do barreiros","2,059 €",2026-05-15_dgeg_postos_raw.csv,5eff6f49ac20ed4b
2026-05-15,2026-05-15 14:31:32,2026-05-12 00:00:00,6851a837f6e2b2e8,6851a837f6e2b2e8_gasoline_98,Prova de Poder - Comércio de Combustíveis Lda,FREITAS,gasoline_98,Gasolina especial 98,Outro,2.242,Cabeceiras de Basto,Braga,Rua do Ribeiro do Arco,Cavez,4860-176,41.49706,-7.92151,prova de poder - comércio de combustíveis lda,freitas,rua do ribeiro do arco,"2,242 €",2026-05-15_dgeg_postos_raw.csv,3b6f3232a481619b
2026-05-15,2026-05-15 14:31:32,2026-05-12 00:05:00,7c71516ca9d47d9a,7c71516ca9d47d9a_diesel_regular,"Quinta da Balança, cereais e combustíveis Ldª",Genérico,diesel_regular,Gasóleo simples,Outro,1.979,Ferreira do Alentejo,Beja,"Espada e Espada, Lda",Ferreira do Alentejo-Quinta da Balança,7900-116,38.06354,-8.12096,"quinta da balança, cereais e combustíveis ldª",genérico,"espada e espada, lda","1,979 €",2026-05-15_dgeg_postos_raw.csv,bce919fa7550ebab
2026-05-15,2026-05-15 14:31:32,2026-05-12 00:05:00,a34178b87467863d,a34178b87467863d_diesel_regular,BP Macieira da Maia,BP,diesel_regular,Gasóleo simples,Outro,2.069,Vila do Conde,Porto,"Rua Nova, 216",Macieira da Maia,4485-410,41.337919,-8.687115,bp macieira da maia,bp,"rua nova, 216","2,069 €",2026-05-15_dgeg_postos_raw.csv,7cc9a6c3a1f6aee9
2026-05-15,2026-05-15 14:31:32,2026-05-12 00:05:00,a34178b87467863d,a34178b87467863d_gasoline_95,BP Macieira da Maia,BP,gasoline_95,Gasolina simples 95,Outro,2.059,Vila do Conde,Porto,"Rua Nova, 216",Macieira da Maia,4485-410,41.337919,-8.687115,bp macieira da maia,bp,"rua nova, 216","2,059 €",2026-05-15_dgeg_postos_raw.csv,5a9bb8249b844e17
2026-05-15,2026-05-15 14:31:32,2026-05-12 00:05:00,a34178b87467863d,a34178b87467863d_gasoline_98,BP Macieira da Maia,BP,gasoline_98,Gasolina especial 98,Outro,2.299,Vila do Conde,Porto,"Rua Nova, 216",Macieira da Maia,4485-410,41.337919,-8.687115,bp macieira da maia,bp,"rua nova, 216","2,299 €",2026-05-15_dgeg_postos_raw.csv,372af79fff6d27f7
2026-05-15,2026-05-15 14:31:32,2026-05-12 00:05:00,a34178b87467863d,a34178b87467863d_diesel_premium,BP Macieira da Maia,BP,diesel_premium,Gasóleo especial,Outro,2.229,Vila do Conde,Porto,"Rua Nova, 216",Macieira da Maia,4485-410,41.337919,-8.687115,bp macieira da maia,bp,"rua nova, 216","2,229 €",2026-05-15_dgeg_postos_raw.csv,fa76a75be2afd9ad
2026-05-15,2026-05-15 14:31:32,2026-05-12 00:05:00,1c218831d8429783,1c218831d8429783_diesel_regular,BP SINTRA - RIO DE MOURO,BP,diesel_regular,Gasóleo simples,Outro,2.079,Sintra,Lisboa,"RUA ANTÓNIO FEIJO, 122",RIO DE MOURO,2635-198,38.78593,-9.340534,bp sintra - rio de mouro,bp,"rua antónio feijo, 122","2,079 €",2026-05-15_dgeg_postos_raw.csv,f8e25078717fcbc5
2026-05-15,2026-05-15 14:31:32,2026-05-12 00:05:00,1c218831d8429783,1c218831d8429783_gasoline_95,BP SINTRA - RIO DE MOURO,BP,gasoline_95,Gasolina simples 95,Outro,2.069,Sintra,Lisboa,"RUA ANTÓNIO FEIJO, 122",RIO DE MOURO,2635-198,38.78593,-9.340534,bp sintra - rio de mouro,bp,"rua antónio feijo, 122","2,069 €",2026-05-15_dgeg_postos_raw.csv,c92ad31fc4c99ab0
2026-05-15,2026-05-15 14:31:32,2026-05-12 00:05:00,1c218831d8429783,1c218831d8429783_gasoline_98,BP SINTRA - RIO DE MOURO,BP,gasoline_98,Gasolina especial 98,Outro,2.299,Sintra,Lisboa,"RUA ANTÓNIO FEIJO, 122",RIO DE MOURO,2635-198,38.78593,-9.340534,bp sintra - rio de mouro,bp,"rua antónio feijo, 122","2,299 €",2026-05-15_dgeg_postos_raw.csv,7eaa8d734a72d983
2026-05-15,2026-05-15 14:31:32,2026-05-12 00:05:00,1c218831d8429783,1c218831d8429783_diesel_premium,BP SINTRA - RIO DE MOURO,BP,diesel_premium,Gasóleo especial,Outro,2.229,Sintra,Lisboa,"RUA ANTÓNIO FEIJO, 122",RIO DE MOURO,2635-198,38.78593,-9.340534,bp sintra - rio de mouro,bp,"rua antónio feijo, 122","2,229 €",2026-05-15_dgeg_postos_raw.csv,ee1daec3fa066e3d
2026-05-15,2026-05-15 14:31:32,2026-05-12 00:05:00,aa00e1129ac98e67,aa00e1129ac98e67_diesel_regular,BP  Mem Martins,BP,diesel_regular,Gasóleo simples,Outro,2.079,Sintra,Lisboa,Avenida Almirante Gago Coutinho - Parcela B,Mem Martins,2725-320,38.799732,-9.356473,bp mem martins,bp,avenida almirante gago coutinho - parcela b,"2,079 €",2026-05-15_dgeg_postos_raw.csv,19efc572bb7db0ca
2026-05-15,2026-05-15 14:31:32,2026-05-12 00:05:00,aa00e1129ac98e67,aa00e1129ac98e67_diesel_premium,BP  Mem Martins,BP,diesel_premium,Gasóleo especial,Outro,2.229,Sintra,Lisboa,Avenida Almirante Gago Coutinho - Parcela B,Mem Martins,2725-320,38.799732,-9.356473,bp mem martins,bp,avenida almirante gago coutinho - parcela b,"2,229 €",2026-05-15_dgeg_postos_raw.csv,c1fa8fe07e99f756
2026-05-15,2026-05-15 14:31:32,2026-05-12 00:05:00,aa00e1129ac98e67,aa00e1129ac98e67_gasoline_95,BP  Mem Martins,BP,gasoline_95,Gasolina simples 95,Outro,2.069,Sintra,Lisboa,Avenida Almirante Gago Coutinho - Parcela B,Mem Martins,2725-320,38.799732,-9.356473,bp mem martins,bp,avenida almirante gago coutinho - parcela b,"2,069 €",2026-05-15_dgeg_postos_raw.csv,2b01e1f2d5929d6e
2026-05-15,2026-05-15 14:31:32,2026-05-12 00:05:00,d51fc7df1c4de75c,d51fc7df1c4de75c_diesel_regular,VENDEIRO BALAZAR NASCENTE,BP,diesel_regular,Gasóleo simples,Outro,1.914,Póvoa de Varzim,Porto,Rua da Fabrica 343,Balazar,4570-029,41.414955,-8.648844,vendeiro balazar nascente,bp,rua da fabrica 343,"1,914 €",2026-05-15_dgeg_postos_raw.csv,454b592d2f1ffbc4
2026-05-15,2026-05-15 14:31:32,2026-05-12 00:05:00,d51fc7df1c4de75c,d51fc7df1c4de75c_diesel_premium,VENDEIRO BALAZAR NASCENTE,BP,diesel_premium,Gasóleo especial,Outro,1.944,Póvoa de Varzim,Porto,Rua da Fabrica 343,Balazar,4570-029,41.414955,-8.648844,vendeiro balazar nascente,bp,rua da fabrica 343,"1,944 €",2026-05-15_dgeg_postos_raw.csv,67bfc20551937464
2026-05-15,2026-05-15 14:31:32,2026-05-12 00:05:00,d51fc7df1c4de75c,d51fc7df1c4de75c_gasoline_95,VENDEIRO BALAZAR NASCENTE,BP,gasoline_95,Gasolina simples 95,Outro,1.949,Póvoa de Varzim,Porto,Rua da Fabrica 343,Balazar,4570-029,41.414955,-8.648844,vendeiro balazar nascente,bp,rua da fabrica 343,"1,949 €",2026-05-15_dgeg_postos_raw.csv,68a618d3110858ff
2026-05-15,2026-05-15 14:31:32,2026-05-12 00:05:00,1d9facd342013d72,1d9facd342013d72_gasoline_98,BP OLHÃO,BP,gasoline_98,Gasolina especial 98,Outro,2.299,Olhão,Faro,EN 125 Km 113,Olhão,8700-000,37.031,-7.84986,bp olhão,bp,en 125 km 113,"2,299 €",2026-05-15_dgeg_postos_raw.csv,0d38ccd3eed30b40
2026-05-15,2026-05-15 14:31:32,2026-05-12 00:05:00,bea7d9777787f882,bea7d9777787f882_gasoline_98,BP Pedrome,BP,gasoline_98,Gasolina especial 98,Outro,2.299,Leiria,Leiria,"Rua Central, N.º 41",Pedrome - Sta Catarina da Serra,2495-183,39.67482,-8.67575,bp pedrome,bp,"rua central, n.º 41","2,299 €",2026-05-15_dgeg_postos_raw.csv,dc8e650795536f45
2026-05-15,2026-05-15 14:31:32,2026-05-12 00:05:00,abfab2199b11f8ea,abfab2199b11f8ea_diesel_regular,INTERMARCHÉ Seia,INTERMARCHÉ,diesel_regular,Gasóleo simples,Outro,1.979,Seia,Guarda,"Bairro Vila Alzira, Edifício Intermarché",São Romão,6270-262,40.40651,-7.70907,intermarché seia,intermarché,"bairro vila alzira, edifício intermarché","1,979 €",2026-05-15_dgeg_postos_raw.csv,860f81073c10486d
2026-05-15,2026-05-15 14:31:32,2026-05-12 00:05:00,abfab2199b11f8ea,abfab2199b11f8ea_gasoline_95,INTERMARCHÉ Seia,INTERMARCHÉ,gasoline_95,Gasolina simples 95,Outro,1.982,Seia,Guarda,"Bairro Vila Alzira, Edifício Intermarché",São Romão,6270-262,40.40651,-7.70907,intermarché seia,intermarché,"bairro vila alzira, edifício intermarché","1,982 €",2026-05-15_dgeg_postos_raw.csv,f6544a5e42b34b9f
2026-05-15,2026-05-15 14:31:32,2026-05-12 00:05:00,abfab2199b11f8ea,abfab2199b11f8ea_diesel_premium,INTERMARCHÉ Seia,INTERMARCHÉ,diesel_premium,Gasóleo especial,Outro,1.979,Seia,Guarda,"Bairro Vila Alzira, Edifício Intermarché",São Romão,6270-262,40.40651,-7.70907,intermarché seia,intermarché,"bairro vila alzira, edifício intermarché","1,979 €",2026-05-15_dgeg_postos_raw.csv,ba53bf715bf412fc
2026-05-15,2026-05-15 14:31:32,2026-05-12 00:05:00,db76fc2e36dbb125,db76fc2e36dbb125_diesel_regular,SUPERPRIMAVERA,Genérico,diesel_regular,Gasóleo simples,Outro,1.869,Guimarães,Braga,Lugar do Lameirinho - Selho - S. Jorge,Guimarães,4835-326,41.42188,-8.35589,superprimavera,genérico,lugar do lameirinho - selho - s. jorge,"1,869 €",2026-05-15_dgeg_postos_raw.csv,961f05739dba3488
2026-05-15,2026-05-15 14:31:32,2026-05-12 00:05:00,db76fc2e36dbb125,db76fc2e36dbb125_diesel_premium,SUPERPRIMAVERA,Genérico,diesel_premium,Gasóleo especial,Outro,1.899,Guimarães,Braga,Lugar do Lameirinho - Selho - S. Jorge,Guimarães,4835-326,41.42188,-8.35589,superprimavera,genérico,lugar do lameirinho - selho - s. jorge,"1,899 €",2026-05-15_dgeg_postos_raw.csv,30f6593893b87f24
2026-05-15,2026-05-15 14:31:32,2026-05-12 00:05:00,db76fc2e36dbb125,db76fc2e36dbb125_gasoline_95,SUPERPRIMAVERA,Genérico,gasoline_95,Gasolina simples 95,Outro,1.889,Guimarães,Braga,Lugar do Lameirinho - Selho - S. Jorge,Guimarães,4835-326,41.42188,-8.35589,superprimavera,genérico,lugar do lameirinho - selho - s. jorge,"1,889 €",2026-05-15_dgeg_postos_raw.csv,bc6ecfec7735f840
2026-05-15,2026-05-15 14:31:32,2026-05-12 00:05:00,31c7bd656424bf34,31c7bd656424bf34_diesel_regular,BP Cascalheira,BP,diesel_regular,Gasóleo simples,Outro,2.049,Palmela,Setúbal,"Rua Gago Coutinho e Sacadura Cabral, EN 252, Km 8.3",Cascalheira,2955-338,38.616922,-8.913491,bp cascalheira,bp,"rua gago coutinho e sacadura cabral, en 252, km 8.3","2,049 €",2026-05-15_dgeg_postos_raw.csv,e3967d0f4f8349b9
2026-05-15,2026-05-15 14:31:32,2026-05-12 00:05:00,31c7bd656424bf34,31c7bd656424bf34_diesel_premium,BP Cascalheira,BP,diesel_premium,Gasóleo especial,Outro,2.229,Palmela,Setúbal,"Rua Gago Coutinho e Sacadura Cabral, EN 252, Km 8.3",Cascalheira,2955-338,38.616922,-8.913491,bp cascalheira,bp,"rua gago coutinho e sacadura cabral, en 252, km 8.3","2,229 €",2026-05-15_dgeg_postos_raw.csv,f27fd4a5ed1cc378
2026-05-15,2026-05-15 14:31:32,2026-05-12 00:05:00,31c7bd656424bf34,31c7bd656424bf34_gasoline_95,BP Cascalheira,BP,gasoline_95,Gasolina simples 95,Outro,2.039,Palmela,Setúbal,"Rua Gago Coutinho e Sacadura Cabral, EN 252, Km 8.3",Cascalheira,2955-338,38.616922,-8.913491,bp cascalheira,bp,"rua gago coutinho e sacadura cabral, en 252, km 8.3","2,039 €",2026-05-15_dgeg_postos_raw.csv,a5c846e0dd419ddb
2026-05-15,2026-05-15 14:31:32,2026-05-12 00:05:00,31c7bd656424bf34,31c7bd656424bf34_gasoline_98,BP Cascalheira,BP,gasoline_98,Gasolina especial 98,Outro,2.299,Palmela,Setúbal,"Rua Gago Coutinho e Sacadura Cabral, EN 252, Km 8.3",Cascalheira,2955-338,38.616922,-8.913491,bp cascalheira,bp,"rua gago coutinho e sacadura cabral, en 252, km 8.3","2,299 €",2026-05-15_dgeg_postos_raw.csv,73099da20e13c0f5
2026-05-15,2026-05-15 14:31:32,2026-05-12 00:05:00,bea7d9777787f882,bea7d9777787f882_diesel_premium,BP Pedrome,BP,diesel_premium,Gasóleo especial,Outro,2.229,Leiria,Leiria,"Rua Central, N.º 41",Pedrome - Sta Catarina da Serra,2495-183,39.67482,-8.67575,bp pedrome,bp,"rua central, n.º 41","2,229 €",2026-05-15_dgeg_postos_raw.csv,45c5cddf0d925918
2026-05-15,2026-05-15 14:31:32,2026-05-12 00:05:00,bea7d9777787f882,bea7d9777787f882_diesel_regular,BP Pedrome,BP,diesel_regular,Gasóleo simples,Outro,2.094,Leiria,Leiria,"Rua Central, N.º 41",Pedrome - Sta Catarina da Serra,2495-183,39.67482,-8.67575,bp pedrome,bp,"rua central, n.º 41","2,094 €",2026-05-15_dgeg_postos_raw.csv,812584196fcd952e
2026-05-15,2026-05-15 14:31:32,2026-05-12 00:05:00,bea7d9777787f882,bea7d9777787f882_gasoline_95,BP Pedrome,BP,gasoline_95,Gasolina simples 95,Outro,2.084,Leiria,Leiria,"Rua Central, N.º 41",Pedrome - Sta Catarina da Serra,2495-183,39.67482,-8.67575,bp pedrome,bp,"rua central, n.º 41","2,084 €",2026-05-15_dgeg_postos_raw.csv,1f174018313aeddd
2026-05-15,2026-05-15 14:31:32,2026-05-12 00:05:00,9f40246b98be1c6c,9f40246b98be1c6c_diesel_regular,BP S. MAMEDE INFESTA,BP,diesel_regular,Gasóleo simples,Outro,2.109,Matosinhos,Porto,"R. Santos Dias, 761",São Mamede de Infesta,4465-255,41.1994959,-8.6094731,bp s. mamede infesta,bp,"r. santos dias, 761","2,109 €",2026-05-15_dgeg_postos_raw.csv,7ff7c12a9ed158b8
2026-05-15,2026-05-15 14:31:32,2026-05-12 00:05:00,9f40246b98be1c6c,9f40246b98be1c6c_diesel_premium,BP S. MAMEDE INFESTA,BP,diesel_premium,Gasóleo especial,Outro,2.229,Matosinhos,Porto,"R. Santos Dias, 761",São Mamede de Infesta,4465-255,41.1994959,-8.6094731,bp s. mamede infesta,bp,"r. santos dias, 761","2,229 €",2026-05-15_dgeg_postos_raw.csv,7cdb0755e7cc5da2
2026-05-15,2026-05-15 14:31:32,2026-05-12 00:05:00,9f40246b98be1c6c,9f40246b98be1c6c_gasoline_95,BP S. MAMEDE INFESTA,BP,gasoline_95,Gasolina simples 95,Outro,2.099,Matosinhos,Porto,"R. Santos Dias, 761",São Mamede de Infesta,4465-255,41.1994959,-8.6094731,bp s. mamede infesta,bp,"r. santos dias, 761","2,099 €",2026-05-15_dgeg_postos_raw.csv,e3308c33241ded9d
2026-05-15,2026-05-15 14:31:32,2026-05-12 00:05:00,4c8cacec0e5c25da,4c8cacec0e5c25da_diesel_regular,BP Montalvão (Castelo Branco),BP,diesel_regular,Gasóleo simples,Outro,1.999,Castelo Branco,Castelo Branco,"Estrada Nacional 18, km 108.255 - Cruz do Montalvão",Castelo Branco,6000-050,39.808372,-7.511121,bp montalvão (castelo branco),bp,"estrada nacional 18, km 108.255 - cruz do montalvão","1,999 €",2026-05-15_dgeg_postos_raw.csv,0855313b3e111d6d
2026-05-15,2026-05-15 14:31:32,2026-05-12 00:05:00,4c8cacec0e5c25da,4c8cacec0e5c25da_diesel_premium,BP Montalvão (Castelo Branco),BP,diesel_premium,Gasóleo especial,Outro,2.229,Castelo Branco,Castelo Branco,"Estrada Nacional 18, km 108.255 - Cruz do Montalvão",Castelo Branco,6000-050,39.808372,-7.511121,bp montalvão (castelo branco),bp,"estrada nacional 18, km 108.255 - cruz do montalvão","2,229 €",2026-05-15_dgeg_postos_raw.csv,988b8921a74e1291
2026-05-15,2026-05-15 14:31:32,2026-05-12 00:05:00,9eb09391b58e70c6,9eb09391b58e70c6_diesel_regular,Intermarché Alpendorada,INTERMARCHÉ,diesel_regular,Gasóleo simples,Outro,1.955,Marco de Canaveses,Porto,"R. da Cachorrela, nº 345","Alpendorada, Várzea e Torrão",4575-003,41.088017,-8.255978,intermarché alpendorada,intermarché,"r. da cachorrela, nº 345","1,955 €",2026-05-15_dgeg_postos_raw.csv,775f9a5fcd998655
2026-05-15,2026-05-15 14:31:32,2026-05-12 00:05:00,9eb09391b58e70c6,9eb09391b58e70c6_diesel_premium,Intermarché Alpendorada,INTERMARCHÉ,diesel_premium,Gasóleo especial,Outro,2.005,Marco de Canaveses,Porto,"R. da Cachorrela, nº 345","Alpendorada, Várzea e Torrão",4575-003,41.088017,-8.255978,intermarché alpendorada,intermarché,"r. da cachorrela, nº 345","2,005 €",2026-05-15_dgeg_postos_raw.csv,c1694e80c22a98f6
2026-05-15,2026-05-15 14:31:32,2026-05-12 00:05:00,9eb09391b58e70c6,9eb09391b58e70c6_gasoline_95,Intermarché Alpendorada,INTERMARCHÉ,gasoline_95,Gasolina simples 95,Outro,1.951,Marco de Canaveses,Porto,"R. da Cachorrela, nº 345","Alpendorada, Várzea e Torrão",4575-003,41.088017,-8.255978,intermarché alpendorada,intermarché,"r. da cachorrela, nº 345","1,951 €",2026-05-15_dgeg_postos_raw.csv,0d1c4ab7e54ebe7d
2026-05-15,2026-05-15 14:31:32,2026-05-12 00:05:00,99da880404705d98,99da880404705d98_diesel_regular,BP MINDELO,BP,diesel_regular,Gasóleo simples,Outro,2.079,Vila do Conde,Porto,"Estrada Nacional 13, KM 16.500",Mindelo,4485-470,41.3067,-8.70315,bp mindelo,bp,"estrada nacional 13, km 16.500","2,079 €",2026-05-15_dgeg_postos_raw.csv,0125a5ecf51d50ea
2026-05-15,2026-05-15 14:31:32,2026-05-12 00:05:00,99da880404705d98,99da880404705d98_diesel_premium,BP MINDELO,BP,diesel_premium,Gasóleo especial,Outro,2.229,Vila do Conde,Porto,"Estrada Nacional 13, KM 16.500",Mindelo,4485-470,41.3067,-8.70315,bp mindelo,bp,"estrada nacional 13, km 16.500","2,229 €",2026-05-15_dgeg_postos_raw.csv,e7aade94918aad25
2026-05-15,2026-05-15 14:31:32,2026-05-12 00:05:00,99da880404705d98,99da880404705d98_gasoline_95,BP MINDELO,BP,gasoline_95,Gasolina simples 95,Outro,2.069,Vila do Conde,Porto,"Estrada Nacional 13, KM 16.500",Mindelo,4485-470,41.3067,-8.70315,bp mindelo,bp,"estrada nacional 13, km 16.500","2,069 €",2026-05-15_dgeg_postos_raw.csv,4a91730a82f0e5e1
2026-05-15,2026-05-15 14:31:32,2026-05-12 00:05:00,99da880404705d98,99da880404705d98_gasoline_98,BP MINDELO,BP,gasoline_98,Gasolina especial 98,Outro,2.299,Vila do Conde,Porto,"Estrada Nacional 13, KM 16.500",Mindelo,4485-470,41.3067,-8.70315,bp mindelo,bp,"estrada nacional 13, km 16.500","2,299 €",2026-05-15_dgeg_postos_raw.csv,e68276b4f0086644
2026-05-15,2026-05-15 14:31:32,2026-05-12 00:05:00,275a26b80f55ab8d,275a26b80f55ab8d_diesel_regular,Intermarché de Albergaria-a-velha,INTERMARCHÉ,diesel_regular,Gasóleo simples,Outro,1.949,Albergaria-a-Velha,Aveiro,"Rua D. Dinis, Assilhó",Albergaria-a-Velha,3850-226,40.68259,-8.48844,intermarché de albergaria-a-velha,intermarché,"rua d. dinis, assilhó","1,949 €",2026-05-15_dgeg_postos_raw.csv,7fb95f5191752738
2026-05-15,2026-05-15 14:31:32,2026-05-12 00:05:00,275a26b80f55ab8d,275a26b80f55ab8d_diesel_premium,Intermarché de Albergaria-a-velha,INTERMARCHÉ,diesel_premium,Gasóleo especial,Outro,1.969,Albergaria-a-Velha,Aveiro,"Rua D. Dinis, Assilhó",Albergaria-a-Velha,3850-226,40.68259,-8.48844,intermarché de albergaria-a-velha,intermarché,"rua d. dinis, assilhó","1,969 €",2026-05-15_dgeg_postos_raw.csv,0407c48e102fd582
2026-05-15,2026-05-15 14:31:32,2026-05-12 00:05:00,275a26b80f55ab8d,275a26b80f55ab8d_gasoline_95,Intermarché de Albergaria-a-velha,INTERMARCHÉ,gasoline_95,Gasolina simples 95,Outro,1.929,Albergaria-a-Velha,Aveiro,"Rua D. Dinis, Assilhó",Albergaria-a-Velha,3850-226,40.68259,-8.48844,intermarché de albergaria-a-velha,intermarché,"rua d. dinis, assilhó","1,929 €",2026-05-15_dgeg_postos_raw.csv,514ae47df4d5e275
2026-05-15,2026-05-15 14:31:32,2026-05-12 00:05:00,5b1d09830f4e5298,5b1d09830f4e5298_diesel_regular,G. M. I - VERMOIM- V. N. DE FAMALICÃO,Genérico,diesel_regular,Gasóleo simples,Outro,1.889,Vila Nova de Famalicão,Braga,Av. João XXI,Vermoim,4770-754,41.42127,-8.4415,g. m. i - vermoim- v. n. de famalicão,genérico,av. joão xxi,"1,889 €",2026-05-15_dgeg_postos_raw.csv,8abd41d78f05843d
2026-05-15,2026-05-15 14:31:32,2026-05-12 00:05:00,5b1d09830f4e5298,5b1d09830f4e5298_diesel_premium,G. M. I - VERMOIM- V. N. DE FAMALICÃO,Genérico,diesel_premium,Gasóleo especial,Outro,1.909,Vila Nova de Famalicão,Braga,Av. João XXI,Vermoim,4770-754,41.42127,-8.4415,g. m. i - vermoim- v. n. de famalicão,genérico,av. joão xxi,"1,909 €",2026-05-15_dgeg_postos_raw.csv,9e1e0806bc503315
2026-05-15,2026-05-15 14:31:32,2026-05-12 00:05:00,5b1d09830f4e5298,5b1d09830f4e5298_gasoline_95,G. M. I - VERMOIM- V. N. DE FAMALICÃO,Genérico,gasoline_95,Gasolina simples 95,Outro,1.879,Vila Nova de Famalicão,Braga,Av. João XXI,Vermoim,4770-754,41.42127,-8.4415,g. m. i - vermoim- v. n. de famalicão,genérico,av. joão xxi,"1,879 €",2026-05-15_dgeg_postos_raw.csv,8a8abf518b67d9ae
2026-05-15,2026-05-15 14:31:32,2026-05-12 00:05:00,e50c1441eccf7b2b,e50c1441eccf7b2b_diesel_regular,BP CIRCUNVALAÇÃO,BP,diesel_regular,Gasóleo simples,Outro,2.059,Porto,Porto,"Estrada da Circunvalação, 12033",Ramalde,4250-155,41.18235,-8.64635,bp circunvalação,bp,"estrada da circunvalação, 12033","2,059 €",2026-05-15_dgeg_postos_raw.csv,f44b63dba3a9ce08
2026-05-15,2026-05-15 14:31:32,2026-05-12 00:05:00,e50c1441eccf7b2b,e50c1441eccf7b2b_diesel_premium,BP CIRCUNVALAÇÃO,BP,diesel_premium,Gasóleo especial,Outro,2.229,Porto,Porto,"Estrada da Circunvalação, 12033",Ramalde,4250-155,41.18235,-8.64635,bp circunvalação,bp,"estrada da circunvalação, 12033","2,229 €",2026-05-15_dgeg_postos_raw.csv,0f23f06459cc0cba
2026-05-15,2026-05-15 14:31:32,2026-05-12 00:05:00,e50c1441eccf7b2b,e50c1441eccf7b2b_gasoline_95,BP CIRCUNVALAÇÃO,BP,gasoline_95,Gasolina simples 95,Outro,2.049,Porto,Porto,"Estrada da Circunvalação, 12033",Ramalde,4250-155,41.18235,-8.64635,bp circunvalação,bp,"estrada da circunvalação, 12033","2,049 €",2026-05-15_dgeg_postos_raw.csv,51ea951cd6ddc417
2026-05-15,2026-05-15 14:31:32,2026-05-12 00:05:00,e50c1441eccf7b2b,e50c1441eccf7b2b_gasoline_98,BP CIRCUNVALAÇÃO,BP,gasoline_98,Gasolina especial 98,Outro,2.299,Porto,Porto,"Estrada da Circunvalação, 12033",Ramalde,4250-155,41.18235,-8.64635,bp circunvalação,bp,"estrada da circunvalação, 12033","2,299 €",2026-05-15_dgeg_postos_raw.csv,082f9b8eac707feb
2026-05-15,2026-05-15 14:31:32,2026-05-12 00:05:00,d963aa46c33bb8cf,d963aa46c33bb8cf_diesel_regular,TF GEST - JOVIM,FREITAS,diesel_regular,Gasóleo simples,Outro,1.969,Gondomar,Porto,"Rua D. Miguel, EM 614",Jovim,4420-000,41.10776,-8.50938,tf gest - jovim,freitas,"rua d. miguel, em 614","1,969 €",2026-05-15_dgeg_postos_raw.csv,f017b4064c44d159
2026-05-15,2026-05-15 14:31:32,2026-05-12 00:05:00,d963aa46c33bb8cf,d963aa46c33bb8cf_diesel_premium,TF GEST - JOVIM,FREITAS,diesel_premium,Gasóleo especial,Outro,2.029,Gondomar,Porto,"Rua D. Miguel, EM 614",Jovim,4420-000,41.10776,-8.50938,tf gest - jovim,freitas,"rua d. miguel, em 614","2,029 €",2026-05-15_dgeg_postos_raw.csv,1625b400ab4b76da
2026-05-15,2026-05-15 14:31:32,2026-05-12 00:05:00,d963aa46c33bb8cf,d963aa46c33bb8cf_gasoline_95,TF GEST - JOVIM,FREITAS,gasoline_95,Gasolina simples 95,Outro,1.969,Gondomar,Porto,"Rua D. Miguel, EM 614",Jovim,4420-000,41.10776,-8.50938,tf gest - jovim,freitas,"rua d. miguel, em 614","1,969 €",2026-05-15_dgeg_postos_raw.csv,bbe3e8b505f20479
2026-05-15,2026-05-15 14:31:32,2026-05-12 00:05:00,d963aa46c33bb8cf,d963aa46c33bb8cf_gasoline_98,TF GEST - JOVIM,FREITAS,gasoline_98,Gasolina especial 98,Outro,2.239,Gondomar,Porto,"Rua D. Miguel, EM 614",Jovim,4420-000,41.10776,-8.50938,tf gest - jovim,freitas,"rua d. miguel, em 614","2,239 €",2026-05-15_dgeg_postos_raw.csv,247073bb53563a8d
2026-05-15,2026-05-15 14:31:32,2026-05-12 00:05:00,935d2d779182778e,935d2d779182778e_diesel_regular,BP ARCO DE BAÚLHE,BP,diesel_regular,Gasóleo simples,Outro,2.109,Cabeceiras de Basto,Braga,Lugar das Trojeirinhas,Arco de Baúlhe,4860-083,41.4875077012,-7.9635839458,bp arco de baúlhe,bp,lugar das trojeirinhas,"2,109 €",2026-05-15_dgeg_postos_raw.csv,eb1b69535f2fc42c
2026-05-15,2026-05-15 14:31:32,2026-05-12 00:05:00,935d2d779182778e,935d2d779182778e_diesel_premium,BP ARCO DE BAÚLHE,BP,diesel_premium,Gasóleo especial,Outro,2.229,Cabeceiras de Basto,Braga,Lugar das Trojeirinhas,Arco de Baúlhe,4860-083,41.4875077012,-7.9635839458,bp arco de baúlhe,bp,lugar das trojeirinhas,"2,229 €",2026-05-15_dgeg_postos_raw.csv,4380c8c7be577e45
2026-05-15,2026-05-15 14:31:32,2026-05-12 00:05:00,935d2d779182778e,935d2d779182778e_gasoline_95,BP ARCO DE BAÚLHE,BP,gasoline_95,Gasolina simples 95,Outro,2.099,Cabeceiras de Basto,Braga,Lugar das Trojeirinhas,Arco de Baúlhe,4860-083,41.4875077012,-7.9635839458,bp arco de baúlhe,bp,lugar das trojeirinhas,"2,099 €",2026-05-15_dgeg_postos_raw.csv,05008d7531801ff7
2026-05-15,2026-05-15 14:31:32,2026-05-12 00:05:00,935d2d779182778e,935d2d779182778e_gasoline_98,BP ARCO DE BAÚLHE,BP,gasoline_98,Gasolina especial 98,Outro,2.299,Cabeceiras de Basto,Braga,Lugar das Trojeirinhas,Arco de Baúlhe,4860-083,41.4875077012,-7.9635839458,bp arco de baúlhe,bp,lugar das trojeirinhas,"2,299 €",2026-05-15_dgeg_postos_raw.csv,d494263685f4448f
2026-05-15,2026-05-15 14:31:32,2026-05-12 00:05:00,d8d414e0032a3494,d8d414e0032a3494_diesel_regular,BP MOUQUIM,BP,diesel_regular,Gasóleo simples,Outro,2.079,Vila Nova de Famalicão,Braga,Largo da Igreja,Mouquim,4770-361,41.43837,-8.52308,bp mouquim,bp,largo da igreja,"2,079 €",2026-05-15_dgeg_postos_raw.csv,c37f1b7f8f72cf2e
2026-05-15,2026-05-15 14:31:32,2026-05-12 00:05:00,d8d414e0032a3494,d8d414e0032a3494_diesel_premium,BP MOUQUIM,BP,diesel_premium,Gasóleo especial,Outro,2.229,Vila Nova de Famalicão,Braga,Largo da Igreja,Mouquim,4770-361,41.43837,-8.52308,bp mouquim,bp,largo da igreja,"2,229 €",2026-05-15_dgeg_postos_raw.csv,58d63b9aa74a9eac
2026-05-15,2026-05-15 14:31:32,2026-05-12 00:05:00,d8d414e0032a3494,d8d414e0032a3494_gasoline_95,BP MOUQUIM,BP,gasoline_95,Gasolina simples 95,Outro,2.069,Vila Nova de Famalicão,Braga,Largo da Igreja,Mouquim,4770-361,41.43837,-8.52308,bp mouquim,bp,largo da igreja,"2,069 €",2026-05-15_dgeg_postos_raw.csv,b846defd943ae404
2026-05-15,2026-05-15 14:31:32,2026-05-12 00:05:00,d8d414e0032a3494,d8d414e0032a3494_gasoline_98,BP MOUQUIM,BP,gasoline_98,Gasolina especial 98,Outro,2.299,Vila Nova de Famalicão,Braga,Largo da Igreja,Mouquim,4770-361,41.43837,-8.52308,bp mouquim,bp,largo da igreja,"2,299 €",2026-05-15_dgeg_postos_raw.csv,afe27ee938996173
2026-05-15,2026-05-15 14:31:32,2026-05-12 00:05:00,12022de445c798e9,12022de445c798e9_diesel_regular,BP LOUSADO,BP,diesel_regular,Gasóleo simples,Outro,2.079,Vila Nova de Famalicão,Braga,Largo do Souto,Lousado,4760-602,41.34856,-8.53738,bp lousado,bp,largo do souto,"2,079 €",2026-05-15_dgeg_postos_raw.csv,1abee0fc09cf91b7
2026-05-15,2026-05-15 14:31:32,2026-05-12 00:05:00,12022de445c798e9,12022de445c798e9_diesel_premium,BP LOUSADO,BP,diesel_premium,Gasóleo especial,Outro,2.229,Vila Nova de Famalicão,Braga,Largo do Souto,Lousado,4760-602,41.34856,-8.53738,bp lousado,bp,largo do souto,"2,229 €",2026-05-15_dgeg_postos_raw.csv,6bdb89290aabcb57
2026-05-15,2026-05-15 14:31:32,2026-05-12 00:05:00,12022de445c798e9,12022de445c798e9_gasoline_95,BP LOUSADO,BP,gasoline_95,Gasolina simples 95,Outro,2.069,Vila Nova de Famalicão,Braga,Largo do Souto,Lousado,4760-602,41.34856,-8.53738,bp lousado,bp,largo do souto,"2,069 €",2026-05-15_dgeg_postos_raw.csv,73e089c029b27e9e
2026-05-15,2026-05-15 14:31:32,2026-05-12 00:05:00,12022de445c798e9,12022de445c798e9_gasoline_98,BP LOUSADO,BP,gasoline_98,Gasolina especial 98,Outro,2.299,Vila Nova de Famalicão,Braga,Largo do Souto,Lousado,4760-602,41.34856,-8.53738,bp lousado,bp,largo do souto,"2,299 €",2026-05-15_dgeg_postos_raw.csv,c1f0667b0f62d5a5
2026-05-15,2026-05-15 14:31:32,2026-05-12 00:05:00,20db4f8d576f272e,20db4f8d576f272e_diesel_regular,BP TADIM,BP,diesel_regular,Gasóleo simples,Outro,2.079,Braga,Braga,Largo da Igreja,Tadim,4705-671,41.50776,-8.48862,bp tadim,bp,largo da igreja,"2,079 €",2026-05-15_dgeg_postos_raw.csv,86f662975680922d
2026-05-15,2026-05-15 14:31:32,2026-05-12 00:05:00,20db4f8d576f272e,20db4f8d576f272e_diesel_premium,BP TADIM,BP,diesel_premium,Gasóleo especial,Outro,2.229,Braga,Braga,Largo da Igreja,Tadim,4705-671,41.50776,-8.48862,bp tadim,bp,largo da igreja,"2,229 €",2026-05-15_dgeg_postos_raw.csv,4298ac2c46501bbc
2026-05-15,2026-05-15 14:31:32,2026-05-12 00:05:00,20db4f8d576f272e,20db4f8d576f272e_gasoline_95,BP TADIM,BP,gasoline_95,Gasolina simples 95,Outro,2.069,Braga,Braga,Largo da Igreja,Tadim,4705-671,41.50776,-8.48862,bp tadim,bp,largo da igreja,"2,069 €",2026-05-15_dgeg_postos_raw.csv,8b273ce80c21e158
2026-05-15,2026-05-15 14:31:32,2026-05-12 00:05:00,20db4f8d576f272e,20db4f8d576f272e_gasoline_98,BP TADIM,BP,gasoline_98,Gasolina especial 98,Outro,2.299,Braga,Braga,Largo da Igreja,Tadim,4705-671,41.50776,-8.48862,bp tadim,bp,largo da igreja,"2,299 €",2026-05-15_dgeg_postos_raw.csv,6c22accd49878642
2026-05-15,2026-05-15 14:31:32,2026-05-12 00:05:00,1c653c7814cae25f,1c653c7814cae25f_diesel_regular,BP MALTA,BP,diesel_regular,Gasóleo simples,Outro,2.079,Vila do Conde,Porto,Largo de Santa Apolónia,Malta,4485-432,41.3002,-8.66212,bp malta,bp,largo de santa apolónia,"2,079 €",2026-05-15_dgeg_postos_raw.csv,10725aeee2e6f87a
2026-05-15,2026-05-15 14:31:32,2026-05-12 00:05:00,1c653c7814cae25f,1c653c7814cae25f_diesel_premium,BP MALTA,BP,diesel_premium,Gasóleo especial,Outro,2.229,Vila do Conde,Porto,Largo de Santa Apolónia,Malta,4485-432,41.3002,-8.66212,bp malta,bp,largo de santa apolónia,"2,229 €",2026-05-15_dgeg_postos_raw.csv,5bab7ba09d974e32
2026-05-15,2026-05-15 14:31:32,2026-05-12 00:05:00,1c653c7814cae25f,1c653c7814cae25f_gasoline_95,BP MALTA,BP,gasoline_95,Gasolina simples 95,Outro,2.069,Vila do Conde,Porto,Largo de Santa Apolónia,Malta,4485-432,41.3002,-8.66212,bp malta,bp,largo de santa apolónia,"2,069 €",2026-05-15_dgeg_postos_raw.csv,350d8ece1697dcf8
2026-05-15,2026-05-15 14:31:32,2026-05-12 00:05:00,1c653c7814cae25f,1c653c7814cae25f_gasoline_98,BP MALTA,BP,gasoline_98,Gasolina especial 98,Outro,2.299,Vila do Conde,Porto,Largo de Santa Apolónia,Malta,4485-432,41.3002,-8.66212,bp malta,bp,largo de santa apolónia,"2,299 €",2026-05-15_dgeg_postos_raw.csv,de5362fb5a706c2a
2026-05-15,2026-05-15 14:31:32,2026-05-12 00:05:00,4f37c5a71043c0ee,4f37c5a71043c0ee_diesel_regular,BP Palhoça,BP,diesel_regular,Gasóleo simples,Outro,2.079,Cadaval,Lisboa,"EN 336 Km 0,5",Palhoça,2550-306,39.281223,-9.0588088,bp palhoça,bp,"en 336 km 0,5","2,079 €",2026-05-15_dgeg_postos_raw.csv,2d558994bfb5a36a
2026-05-15,2026-05-15 14:31:32,2026-05-12 00:05:00,4f37c5a71043c0ee,4f37c5a71043c0ee_diesel_premium,BP Palhoça,BP,diesel_premium,Gasóleo especial,Outro,2.229,Cadaval,Lisboa,"EN 336 Km 0,5",Palhoça,2550-306,39.281223,-9.0588088,bp palhoça,bp,"en 336 km 0,5","2,229 €",2026-05-15_dgeg_postos_raw.csv,3722ca3b8cdd3231
2026-05-15,2026-05-15 14:31:32,2026-05-12 00:05:00,4f37c5a71043c0ee,4f37c5a71043c0ee_gasoline_95,BP Palhoça,BP,gasoline_95,Gasolina simples 95,Outro,2.069,Cadaval,Lisboa,"EN 336 Km 0,5",Palhoça,2550-306,39.281223,-9.0588088,bp palhoça,bp,"en 336 km 0,5","2,069 €",2026-05-15_dgeg_postos_raw.csv,9cf8570428c97c24
2026-05-15,2026-05-15 14:31:32,2026-05-12 00:05:00,53cec42ffb6a7ff9,53cec42ffb6a7ff9_diesel_regular,BP VILARINHO DAS CAMBAS,BP,diesel_regular,Gasóleo simples,Outro,2.079,Vila Nova de Famalicão,Braga,Rua de Meães - Terra Negra,Vilarinho das Cambas,4760-762,41.37815,-8.54508,bp vilarinho das cambas,bp,rua de meães - terra negra,"2,079 €",2026-05-15_dgeg_postos_raw.csv,3942c5c64762e40f
2026-05-15,2026-05-15 14:31:32,2026-05-12 00:05:00,53cec42ffb6a7ff9,53cec42ffb6a7ff9_diesel_premium,BP VILARINHO DAS CAMBAS,BP,diesel_premium,Gasóleo especial,Outro,2.229,Vila Nova de Famalicão,Braga,Rua de Meães - Terra Negra,Vilarinho das Cambas,4760-762,41.37815,-8.54508,bp vilarinho das cambas,bp,rua de meães - terra negra,"2,229 €",2026-05-15_dgeg_postos_raw.csv,07bcef584028eae0
2026-05-15,2026-05-15 14:31:32,2026-05-12 00:05:00,53cec42ffb6a7ff9,53cec42ffb6a7ff9_gasoline_95,BP VILARINHO DAS CAMBAS,BP,gasoline_95,Gasolina simples 95,Outro,2.069,Vila Nova de Famalicão,Braga,Rua de Meães - Terra Negra,Vilarinho das Cambas,4760-762,41.37815,-8.54508,bp vilarinho das cambas,bp,rua de meães - terra negra,"2,069 €",2026-05-15_dgeg_postos_raw.csv,0e9247398ac3526b
2026-05-15,2026-05-15 14:31:32,2026-05-12 00:05:00,53cec42ffb6a7ff9,53cec42ffb6a7ff9_gasoline_98,BP VILARINHO DAS CAMBAS,BP,gasoline_98,Gasolina especial 98,Outro,2.299,Vila Nova de Famalicão,Braga,Rua de Meães - Terra Negra,Vilarinho das Cambas,4760-762,41.37815,-8.54508,bp vilarinho das cambas,bp,rua de meães - terra negra,"2,299 €",2026-05-15_dgeg_postos_raw.csv,ecb6096b7a050fdc
2026-05-15,2026-05-15 14:31:32,2026-05-12 00:05:00,180a8bfb83877c8e,180a8bfb83877c8e_diesel_regular,BP - Seixal Fogueteiro,BP,diesel_regular,Gasóleo simples,Outro,2.069,Seixal,Setúbal,Interface Seixal,Casal do Marco - Fogueteiro,2840-432,38.60971,-9.09919,bp - seixal fogueteiro,bp,interface seixal,"2,069 €",2026-05-15_dgeg_postos_raw.csv,8922718e1860dd4e
2026-05-15,2026-05-15 14:31:32,2026-05-12 00:05:00,180a8bfb83877c8e,180a8bfb83877c8e_diesel_premium,BP - Seixal Fogueteiro,BP,diesel_premium,Gasóleo especial,Outro,2.229,Seixal,Setúbal,Interface Seixal,Casal do Marco - Fogueteiro,2840-432,38.60971,-9.09919,bp - seixal fogueteiro,bp,interface seixal,"2,229 €",2026-05-15_dgeg_postos_raw.csv,7bf4f600d029c3ac
2026-05-15,2026-05-15 14:31:32,2026-05-12 00:05:00,180a8bfb83877c8e,180a8bfb83877c8e_gasoline_95,BP - Seixal Fogueteiro,BP,gasoline_95,Gasolina simples 95,Outro,2.069,Seixal,Setúbal,Interface Seixal,Casal do Marco - Fogueteiro,2840-432,38.60971,-9.09919,bp - seixal fogueteiro,bp,interface seixal,"2,069 €",2026-05-15_dgeg_postos_raw.csv,fb789f861bb7bd69
2026-05-15,2026-05-15 14:31:32,2026-05-12 00:05:00,0fbfb18cad7c1ee4,0fbfb18cad7c1ee4_diesel_regular,BP VILA POUCA DE AGUIAR,BP,diesel_regular,Gasóleo simples,Outro,2.079,Vila Pouca de Aguiar,Vila Real,"EN 2 Km 44,8",Tourencinho,5450-280,41.43512,-7.67793,bp vila pouca de aguiar,bp,"en 2 km 44,8","2,079 €",2026-05-15_dgeg_postos_raw.csv,614a1462f9b2ddb6
2026-05-15,2026-05-15 14:31:32,2026-05-12 00:05:00,0fbfb18cad7c1ee4,0fbfb18cad7c1ee4_diesel_premium,BP VILA POUCA DE AGUIAR,BP,diesel_premium,Gasóleo especial,Outro,2.229,Vila Pouca de Aguiar,Vila Real,"EN 2 Km 44,8",Tourencinho,5450-280,41.43512,-7.67793,bp vila pouca de aguiar,bp,"en 2 km 44,8","2,229 €",2026-05-15_dgeg_postos_raw.csv,6fdf2ce8f726790a
2026-05-15,2026-05-15 14:31:32,2026-05-12 00:05:00,0fbfb18cad7c1ee4,0fbfb18cad7c1ee4_gasoline_95,BP VILA POUCA DE AGUIAR,BP,gasoline_95,Gasolina simples 95,Outro,2.069,Vila Pouca de Aguiar,Vila Real,"EN 2 Km 44,8",Tourencinho,5450-280,41.43512,-7.67793,bp vila pouca de aguiar,bp,"en 2 km 44,8","2,069 €",2026-05-15_dgeg_postos_raw.csv,c146f64084955e24
2026-05-15,2026-05-15 14:31:32,2026-05-12 00:05:00,0fbfb18cad7c1ee4,0fbfb18cad7c1ee4_gasoline_98,BP VILA POUCA DE AGUIAR,BP,gasoline_98,Gasolina especial 98,Outro,2.299,Vila Pouca de Aguiar,Vila Real,"EN 2 Km 44,8",Tourencinho,5450-280,41.43512,-7.67793,bp vila pouca de aguiar,bp,"en 2 km 44,8","2,299 €",2026-05-15_dgeg_postos_raw.csv,272599538a720d9e
2026-05-15,2026-05-15 14:31:32,2026-05-12 00:05:00,5c903cfd022e531d,5c903cfd022e531d_diesel_regular,BP RATES,BP,diesel_regular,Gasóleo simples,Outro,2.044,Póvoa de Varzim,Porto,"Rua Tomé de Sousa, 166",S.Pedro de Rates,4570-417,41.42287,-8.67086,bp rates,bp,"rua tomé de sousa, 166","2,044 €",2026-05-15_dgeg_postos_raw.csv,f23fcfecbb9102a4
2026-05-15,2026-05-15 14:31:32,2026-05-12 00:05:00,5c903cfd022e531d,5c903cfd022e531d_diesel_premium,BP RATES,BP,diesel_premium,Gasóleo especial,Outro,2.229,Póvoa de Varzim,Porto,"Rua Tomé de Sousa, 166",S.Pedro de Rates,4570-417,41.42287,-8.67086,bp rates,bp,"rua tomé de sousa, 166","2,229 €",2026-05-15_dgeg_postos_raw.csv,a9135c2e172010d3
2026-05-15,2026-05-15 14:31:32,2026-05-12 00:05:00,5c903cfd022e531d,5c903cfd022e531d_gasoline_95,BP RATES,BP,gasoline_95,Gasolina simples 95,Outro,2.039,Póvoa de Varzim,Porto,"Rua Tomé de Sousa, 166",S.Pedro de Rates,4570-417,41.42287,-8.67086,bp rates,bp,"rua tomé de sousa, 166","2,039 €",2026-05-15_dgeg_postos_raw.csv,2d49dd265c55d372
2026-05-15,2026-05-15 14:31:32,2026-05-12 00:05:00,5c903cfd022e531d,5c903cfd022e531d_gasoline_98,BP RATES,BP,gasoline_98,Gasolina especial 98,Outro,2.299,Póvoa de Varzim,Porto,"Rua Tomé de Sousa, 166",S.Pedro de Rates,4570-417,41.42287,-8.67086,bp rates,bp,"rua tomé de sousa, 166","2,299 €",2026-05-15_dgeg_postos_raw.csv,5aaf1de1f8d4645e
2026-05-15,2026-05-15 14:31:32,2026-05-12 00:05:00,01830919dd553f0e,01830919dd553f0e_diesel_regular,BP BALAZAR,BP,diesel_regular,Gasóleo simples,Outro,2.044,Póvoa de Varzim,Porto,Rua da Fábrica nº726,Balasar-Fontainhas,4570-029,41.41398,-8.65332,bp balazar,bp,rua da fábrica nº726,"2,044 €",2026-05-15_dgeg_postos_raw.csv,6895fa0a18aa57ab
2026-05-15,2026-05-15 14:31:32,2026-05-12 00:05:00,01830919dd553f0e,01830919dd553f0e_diesel_premium,BP BALAZAR,BP,diesel_premium,Gasóleo especial,Outro,2.229,Póvoa de Varzim,Porto,Rua da Fábrica nº726,Balasar-Fontainhas,4570-029,41.41398,-8.65332,bp balazar,bp,rua da fábrica nº726,"2,229 €",2026-05-15_dgeg_postos_raw.csv,37a76bbd39c66623
2026-05-15,2026-05-15 14:31:32,2026-05-12 00:05:00,01830919dd553f0e,01830919dd553f0e_gasoline_95,BP BALAZAR,BP,gasoline_95,Gasolina simples 95,Outro,2.039,Póvoa de Varzim,Porto,Rua da Fábrica nº726,Balasar-Fontainhas,4570-029,41.41398,-8.65332,bp balazar,bp,rua da fábrica nº726,"2,039 €",2026-05-15_dgeg_postos_raw.csv,2f4b02ff3a5a7b22
2026-05-15,2026-05-15 14:31:32,2026-05-12 00:05:00,01830919dd553f0e,01830919dd553f0e_gasoline_98,BP BALAZAR,BP,gasoline_98,Gasolina especial 98,Outro,2.299,Póvoa de Varzim,Porto,Rua da Fábrica nº726,Balasar-Fontainhas,4570-029,41.41398,-8.65332,bp balazar,bp,rua da fábrica nº726,"2,299 €",2026-05-15_dgeg_postos_raw.csv,0ebf18d087e64750
2026-05-15,2026-05-15 14:31:32,2026-05-12 00:05:00,1392615d4eb89dea,1392615d4eb89dea_diesel_regular,Cidade N' Aldeia,CIDADE N'ALDEIA,diesel_regular,Gasóleo simples,Outro,2.009,Póvoa de Lanhoso,Braga,Rua de Porto d'Ave,Taíde - Cidade N'Aldeia,4830-755,41.56111,-8.22226,cidade n' aldeia,cidade n'aldeia,rua de porto d'ave,"2,009 €",2026-05-15_dgeg_postos_raw.csv,2963889d5ee193ad
2026-05-15,2026-05-15 14:31:32,2026-05-12 00:05:00,1392615d4eb89dea,1392615d4eb89dea_diesel_premium,Cidade N' Aldeia,CIDADE N'ALDEIA,diesel_premium,Gasóleo especial,Outro,2.029,Póvoa de Lanhoso,Braga,Rua de Porto d'Ave,Taíde - Cidade N'Aldeia,4830-755,41.56111,-8.22226,cidade n' aldeia,cidade n'aldeia,rua de porto d'ave,"2,029 €",2026-05-15_dgeg_postos_raw.csv,725cdc335d8bfdeb
2026-05-15,2026-05-15 14:31:32,2026-05-12 00:05:00,1392615d4eb89dea,1392615d4eb89dea_gasoline_95,Cidade N' Aldeia,CIDADE N'ALDEIA,gasoline_95,Gasolina simples 95,Outro,2.035,Póvoa de Lanhoso,Braga,Rua de Porto d'Ave,Taíde - Cidade N'Aldeia,4830-755,41.56111,-8.22226,cidade n' aldeia,cidade n'aldeia,rua de porto d'ave,"2,035 €",2026-05-15_dgeg_postos_raw.csv,41df4ed44a6dd38e
2026-05-15,2026-05-15 14:31:32,2026-05-12 00:05:00,4507161a97462202,4507161a97462202_diesel_regular,BP Espinheira,BP,diesel_regular,Gasóleo simples,Outro,2.109,Azambuja,Lisboa,E.N. 1 Km 54.300,Alcoentre,2065-107,39.20435,-8.99835,bp espinheira,bp,e.n. 1 km 54.300,"2,109 €",2026-05-15_dgeg_postos_raw.csv,25bc0013623f7a62
2026-05-15,2026-05-15 14:31:32,2026-05-12 00:05:00,4507161a97462202,4507161a97462202_diesel_premium,BP Espinheira,BP,diesel_premium,Gasóleo especial,Outro,2.229,Azambuja,Lisboa,E.N. 1 Km 54.300,Alcoentre,2065-107,39.20435,-8.99835,bp espinheira,bp,e.n. 1 km 54.300,"2,229 €",2026-05-15_dgeg_postos_raw.csv,4854a23b96786d16
2026-05-15,2026-05-15 14:31:32,2026-05-12 00:05:00,4507161a97462202,4507161a97462202_gasoline_95,BP Espinheira,BP,gasoline_95,Gasolina simples 95,Outro,2.099,Azambuja,Lisboa,E.N. 1 Km 54.300,Alcoentre,2065-107,39.20435,-8.99835,bp espinheira,bp,e.n. 1 km 54.300,"2,099 €",2026-05-15_dgeg_postos_raw.csv,9b22f172e3ffc5df
2026-05-15,2026-05-15 14:31:32,2026-05-12 00:05:00,100db8e5e9dfc5f0,100db8e5e9dfc5f0_diesel_regular,BP - CORUCHE,BP,diesel_regular,Gasóleo simples,Outro,2.109,Coruche,Santarém,Rua de Santarém,Coruche,2100-225,38.958416,-8.523682,bp - coruche,bp,rua de santarém,"2,109 €",2026-05-15_dgeg_postos_raw.csv,d1a77c417edfdabe
2026-05-15,2026-05-15 14:31:32,2026-05-12 00:05:00,100db8e5e9dfc5f0,100db8e5e9dfc5f0_diesel_premium,BP - CORUCHE,BP,diesel_premium,Gasóleo especial,Outro,2.229,Coruche,Santarém,Rua de Santarém,Coruche,2100-225,38.958416,-8.523682,bp - coruche,bp,rua de santarém,"2,229 €",2026-05-15_dgeg_postos_raw.csv,e11b339a5ea180ae
2026-05-15,2026-05-15 14:31:32,2026-05-12 00:05:00,100db8e5e9dfc5f0,100db8e5e9dfc5f0_gasoline_95,BP - CORUCHE,BP,gasoline_95,Gasolina simples 95,Outro,2.099,Coruche,Santarém,Rua de Santarém,Coruche,2100-225,38.958416,-8.523682,bp - coruche,bp,rua de santarém,"2,099 €",2026-05-15_dgeg_postos_raw.csv,6d645a75952c076b
2026-05-15,2026-05-15 14:31:32,2026-05-12 00:05:00,100db8e5e9dfc5f0,100db8e5e9dfc5f0_gasoline_98,BP - CORUCHE,BP,gasoline_98,Gasolina especial 98,Outro,2.299,Coruche,Santarém,Rua de Santarém,Coruche,2100-225,38.958416,-8.523682,bp - coruche,bp,rua de santarém,"2,299 €",2026-05-15_dgeg_postos_raw.csv,931c8410e2a9748c
2026-05-15,2026-05-15 14:31:32,2026-05-12 00:05:00,46858a6651326066,46858a6651326066_diesel_regular,BP Bento Jesus Caraça,BP,diesel_regular,Gasóleo simples,Outro,2.059,Setúbal,Setúbal,Av. Bento Jesus Caraça,Setúbal,2910-420,38.52572,-8.87005,bp bento jesus caraça,bp,av. bento jesus caraça,"2,059 €",2026-05-15_dgeg_postos_raw.csv,787c36d7c2f5d837
2026-05-15,2026-05-15 14:31:32,2026-05-12 00:05:00,46858a6651326066,46858a6651326066_diesel_premium,BP Bento Jesus Caraça,BP,diesel_premium,Gasóleo especial,Outro,2.229,Setúbal,Setúbal,Av. Bento Jesus Caraça,Setúbal,2910-420,38.52572,-8.87005,bp bento jesus caraça,bp,av. bento jesus caraça,"2,229 €",2026-05-15_dgeg_postos_raw.csv,65f214dcf8aa7cd6
2026-05-15,2026-05-15 14:31:32,2026-05-12 00:05:00,46858a6651326066,46858a6651326066_gasoline_95,BP Bento Jesus Caraça,BP,gasoline_95,Gasolina simples 95,Outro,2.049,Setúbal,Setúbal,Av. Bento Jesus Caraça,Setúbal,2910-420,38.52572,-8.87005,bp bento jesus caraça,bp,av. bento jesus caraça,"2,049 €",2026-05-15_dgeg_postos_raw.csv,99f349234785d821
2026-05-15,2026-05-15 14:31:32,2026-05-12 00:05:00,8414cb4ef6767494,8414cb4ef6767494_diesel_regular,A15 - Rio Maior (Norte),BP,diesel_regular,Gasóleo simples,Auto-estrada,2.105,Rio Maior,Santarém,A15  Km 23.4,Sublanço Rio Maior/Malaqueijo,2040-998,39.301414,-8.896528,a15 - rio maior (norte),bp,a15 km 23.4,"2,105 €",2026-05-15_dgeg_postos_raw.csv,a40f1e5789730de6
2026-05-15,2026-05-15 14:31:32,2026-05-12 00:05:00,8414cb4ef6767494,8414cb4ef6767494_diesel_premium,A15 - Rio Maior (Norte),BP,diesel_premium,Gasóleo especial,Auto-estrada,2.225,Rio Maior,Santarém,A15  Km 23.4,Sublanço Rio Maior/Malaqueijo,2040-998,39.301414,-8.896528,a15 - rio maior (norte),bp,a15 km 23.4,"2,225 €",2026-05-15_dgeg_postos_raw.csv,e42e5b3937c6cc88
2026-05-15,2026-05-15 14:31:32,2026-05-12 00:05:00,8414cb4ef6767494,8414cb4ef6767494_gasoline_95,A15 - Rio Maior (Norte),BP,gasoline_95,Gasolina simples 95,Auto-estrada,2.091,Rio Maior,Santarém,A15  Km 23.4,Sublanço Rio Maior/Malaqueijo,2040-998,39.301414,-8.896528,a15 - rio maior (norte),bp,a15 km 23.4,"2,091 €",2026-05-15_dgeg_postos_raw.csv,1fc500d992e3f87c
2026-05-15,2026-05-15 14:31:32,2026-05-12 00:05:00,8414cb4ef6767494,8414cb4ef6767494_gasoline_98,A15 - Rio Maior (Norte),BP,gasoline_98,Gasolina especial 98,Auto-estrada,2.301,Rio Maior,Santarém,A15  Km 23.4,Sublanço Rio Maior/Malaqueijo,2040-998,39.301414,-8.896528,a15 - rio maior (norte),bp,a15 km 23.4,"2,301 €",2026-05-15_dgeg_postos_raw.csv,d05f9bf569c2c6ef
2026-05-15,2026-05-15 14:31:32,2026-05-12 00:05:00,ed9d5f9a156dff09,ed9d5f9a156dff09_diesel_regular,BP SALGUEIROS,BP,diesel_regular,Gasóleo simples,Outro,2.069,Porto,Porto,"Rua Particular de Monsanto, 162-192",Amial,4250-360,41.17346,-8.61664,bp salgueiros,bp,"rua particular de monsanto, 162-192","2,069 €",2026-05-15_dgeg_postos_raw.csv,304205913208681c
2026-05-15,2026-05-15 14:31:32,2026-05-12 00:05:00,ed9d5f9a156dff09,ed9d5f9a156dff09_diesel_premium,BP SALGUEIROS,BP,diesel_premium,Gasóleo especial,Outro,2.229,Porto,Porto,"Rua Particular de Monsanto, 162-192",Amial,4250-360,41.17346,-8.61664,bp salgueiros,bp,"rua particular de monsanto, 162-192","2,229 €",2026-05-15_dgeg_postos_raw.csv,250b64054453b90a
2026-05-15,2026-05-15 14:31:32,2026-05-12 00:05:00,ed9d5f9a156dff09,ed9d5f9a156dff09_gasoline_95,BP SALGUEIROS,BP,gasoline_95,Gasolina simples 95,Outro,2.059,Porto,Porto,"Rua Particular de Monsanto, 162-192",Amial,4250-360,41.17346,-8.61664,bp salgueiros,bp,"rua particular de monsanto, 162-192","2,059 €",2026-05-15_dgeg_postos_raw.csv,5b0e583816b9e576
2026-05-15,2026-05-15 14:31:32,2026-05-12 00:05:00,ed9d5f9a156dff09,ed9d5f9a156dff09_gasoline_98,BP SALGUEIROS,BP,gasoline_98,Gasolina especial 98,Outro,2.299,Porto,Porto,"Rua Particular de Monsanto, 162-192",Amial,4250-360,41.17346,-8.61664,bp salgueiros,bp,"rua particular de monsanto, 162-192","2,299 €",2026-05-15_dgeg_postos_raw.csv,0a5ae1e996a7cb67
2026-05-15,2026-05-15 14:31:32,2026-05-12 00:05:00,7f66ba1dd354813f,7f66ba1dd354813f_diesel_regular,A15 - Rio Maior (Sul),BP,diesel_regular,Gasóleo simples,Auto-estrada,2.105,Rio Maior,Santarém,"A15 Km 23,4",Sublanço Rio Maior/ Malaqueijo,2040-998,39.299661,-8.896258,a15 - rio maior (sul),bp,"a15 km 23,4","2,105 €",2026-05-15_dgeg_postos_raw.csv,841fa4561c07e571
2026-05-15,2026-05-15 14:31:32,2026-05-12 00:05:00,7f66ba1dd354813f,7f66ba1dd354813f_diesel_premium,A15 - Rio Maior (Sul),BP,diesel_premium,Gasóleo especial,Auto-estrada,2.225,Rio Maior,Santarém,"A15 Km 23,4",Sublanço Rio Maior/ Malaqueijo,2040-998,39.299661,-8.896258,a15 - rio maior (sul),bp,"a15 km 23,4","2,225 €",2026-05-15_dgeg_postos_raw.csv,7ecab60560b670ae
2026-05-15,2026-05-15 14:31:32,2026-05-12 00:05:00,7f66ba1dd354813f,7f66ba1dd354813f_gasoline_95,A15 - Rio Maior (Sul),BP,gasoline_95,Gasolina simples 95,Auto-estrada,2.091,Rio Maior,Santarém,"A15 Km 23,4",Sublanço Rio Maior/ Malaqueijo,2040-998,39.299661,-8.896258,a15 - rio maior (sul),bp,"a15 km 23,4","2,091 €",2026-05-15_dgeg_postos_raw.csv,8fda63bdcbc78a48
2026-05-15,2026-05-15 14:31:32,2026-05-12 00:05:00,7f66ba1dd354813f,7f66ba1dd354813f_gasoline_98,A15 - Rio Maior (Sul),BP,gasoline_98,Gasolina especial 98,Auto-estrada,2.301,Rio Maior,Santarém,"A15 Km 23,4",Sublanço Rio Maior/ Malaqueijo,2040-998,39.299661,-8.896258,a15 - rio maior (sul),bp,"a15 km 23,4","2,301 €",2026-05-15_dgeg_postos_raw.csv,4218d2b3386d898f
2026-05-15,2026-05-15 14:31:32,2026-05-12 00:05:00,dc6bffd0b2d2cef3,dc6bffd0b2d2cef3_diesel_regular,ALFARIM,BP,diesel_regular,Gasóleo simples,Outro,2.069,Sesimbra,Setúbal,"EN 377 Km 34,4",Alfarim,2970-000,38.48077,-9.16032,alfarim,bp,"en 377 km 34,4","2,069 €",2026-05-15_dgeg_postos_raw.csv,fcdaea72d72c520c
2026-05-15,2026-05-15 14:31:32,2026-05-12 00:05:00,dc6bffd0b2d2cef3,dc6bffd0b2d2cef3_diesel_premium,ALFARIM,BP,diesel_premium,Gasóleo especial,Outro,2.229,Sesimbra,Setúbal,"EN 377 Km 34,4",Alfarim,2970-000,38.48077,-9.16032,alfarim,bp,"en 377 km 34,4","2,229 €",2026-05-15_dgeg_postos_raw.csv,968ad79f8cd5b279
2026-05-15,2026-05-15 14:31:32,2026-05-12 00:05:00,dc6bffd0b2d2cef3,dc6bffd0b2d2cef3_gasoline_95,ALFARIM,BP,gasoline_95,Gasolina simples 95,Outro,2.059,Sesimbra,Setúbal,"EN 377 Km 34,4",Alfarim,2970-000,38.48077,-9.16032,alfarim,bp,"en 377 km 34,4","2,059 €",2026-05-15_dgeg_postos_raw.csv,2619bca968cf5c58
2026-05-15,2026-05-15 14:31:32,2026-05-12 00:05:00,7b98b3fb302cbf73,7b98b3fb302cbf73_diesel_regular,BEJA - LUZIAS,BP,diesel_regular,Gasóleo simples,Outro,2.109,Beja,Beja,Rua D. Afonso III nº 43,Beja,7800-000,38.01913,-7.8532,beja - luzias,bp,rua d. afonso iii nº 43,"2,109 €",2026-05-15_dgeg_postos_raw.csv,c1781cf25882eec6
2026-05-15,2026-05-15 14:31:32,2026-05-12 00:05:00,7b98b3fb302cbf73,7b98b3fb302cbf73_diesel_premium,BEJA - LUZIAS,BP,diesel_premium,Gasóleo especial,Outro,2.229,Beja,Beja,Rua D. Afonso III nº 43,Beja,7800-000,38.01913,-7.8532,beja - luzias,bp,rua d. afonso iii nº 43,"2,229 €",2026-05-15_dgeg_postos_raw.csv,01a44256704e64c0
2026-05-15,2026-05-15 14:31:32,2026-05-12 00:05:00,7b98b3fb302cbf73,7b98b3fb302cbf73_gasoline_95,BEJA - LUZIAS,BP,gasoline_95,Gasolina simples 95,Outro,2.099,Beja,Beja,Rua D. Afonso III nº 43,Beja,7800-000,38.01913,-7.8532,beja - luzias,bp,rua d. afonso iii nº 43,"2,099 €",2026-05-15_dgeg_postos_raw.csv,60a889acbc8bb07c
2026-05-15,2026-05-15 14:31:32,2026-05-12 00:05:00,7b98b3fb302cbf73,7b98b3fb302cbf73_gasoline_98,BEJA - LUZIAS,BP,gasoline_98,Gasolina especial 98,Outro,2.299,Beja,Beja,Rua D. Afonso III nº 43,Beja,7800-000,38.01913,-7.8532,beja - luzias,bp,rua d. afonso iii nº 43,"2,299 €",2026-05-15_dgeg_postos_raw.csv,d7991ae52e0b6e82
2026-05-15,2026-05-15 14:31:32,2026-05-12 00:05:00,1eebabeac2d78dc9,1eebabeac2d78dc9_diesel_regular,PENICHE - AV. MONS. BASTOS,BP,diesel_regular,Gasóleo simples,Outro,2.069,Peniche,Leiria,Av. Monsenhor Bastos,Peniche,2520-000,39.353305,-9.362397,peniche - av. mons. bastos,bp,av. monsenhor bastos,"2,069 €",2026-05-15_dgeg_postos_raw.csv,29955a1e5d41dd70
2026-05-15,2026-05-15 14:31:32,2026-05-12 00:05:00,1eebabeac2d78dc9,1eebabeac2d78dc9_diesel_premium,PENICHE - AV. MONS. BASTOS,BP,diesel_premium,Gasóleo especial,Outro,2.229,Peniche,Leiria,Av. Monsenhor Bastos,Peniche,2520-000,39.353305,-9.362397,peniche - av. mons. bastos,bp,av. monsenhor bastos,"2,229 €",2026-05-15_dgeg_postos_raw.csv,b39ae351dea662e6
2026-05-15,2026-05-15 14:31:32,2026-05-12 00:05:00,1eebabeac2d78dc9,1eebabeac2d78dc9_gasoline_95,PENICHE - AV. MONS. BASTOS,BP,gasoline_95,Gasolina simples 95,Outro,2.059,Peniche,Leiria,Av. Monsenhor Bastos,Peniche,2520-000,39.353305,-9.362397,peniche - av. mons. bastos,bp,av. monsenhor bastos,"2,059 €",2026-05-15_dgeg_postos_raw.csv,329e2c4454aa186b
2026-05-15,2026-05-15 14:31:32,2026-05-12 00:05:00,1eebabeac2d78dc9,1eebabeac2d78dc9_gasoline_98,PENICHE - AV. MONS. BASTOS,BP,gasoline_98,Gasolina especial 98,Outro,2.299,Peniche,Leiria,Av. Monsenhor Bastos,Peniche,2520-000,39.353305,-9.362397,peniche - av. mons. bastos,bp,av. monsenhor bastos,"2,299 €",2026-05-15_dgeg_postos_raw.csv,ddbd534a561ddd9a
2026-05-15,2026-05-15 14:31:32,2026-05-12 00:05:00,e5914309558bf086,e5914309558bf086_diesel_regular,BP MOITA,BP,diesel_regular,Gasóleo simples,Outro,2.049,Moita,Setúbal,Largo da Estação (Rotunda da EN11),Moita,2860-000,38.647627,-8.993341,bp moita,bp,largo da estação (rotunda da en11),"2,049 €",2026-05-15_dgeg_postos_raw.csv,580d8f6dc3514fbd
2026-05-15,2026-05-15 14:31:32,2026-05-12 00:05:00,e5914309558bf086,e5914309558bf086_diesel_premium,BP MOITA,BP,diesel_premium,Gasóleo especial,Outro,2.229,Moita,Setúbal,Largo da Estação (Rotunda da EN11),Moita,2860-000,38.647627,-8.993341,bp moita,bp,largo da estação (rotunda da en11),"2,229 €",2026-05-15_dgeg_postos_raw.csv,2ba4c9784fc6b602
2026-05-15,2026-05-15 14:31:32,2026-05-12 00:05:00,e5914309558bf086,e5914309558bf086_gasoline_95,BP MOITA,BP,gasoline_95,Gasolina simples 95,Outro,2.039,Moita,Setúbal,Largo da Estação (Rotunda da EN11),Moita,2860-000,38.647627,-8.993341,bp moita,bp,largo da estação (rotunda da en11),"2,039 €",2026-05-15_dgeg_postos_raw.csv,d389d433f56eedd2
2026-05-15,2026-05-15 14:31:32,2026-05-12 00:05:00,1d9facd342013d72,1d9facd342013d72_diesel_regular,BP OLHÃO,BP,diesel_regular,Gasóleo simples,Outro,2.109,Olhão,Faro,EN 125 Km 113,Olhão,8700-000,37.031,-7.84986,bp olhão,bp,en 125 km 113,"2,109 €",2026-05-15_dgeg_postos_raw.csv,57ece41b59a8387f
2026-05-15,2026-05-15 14:31:32,2026-05-12 00:05:00,1d9facd342013d72,1d9facd342013d72_diesel_premium,BP OLHÃO,BP,diesel_premium,Gasóleo especial,Outro,2.229,Olhão,Faro,EN 125 Km 113,Olhão,8700-000,37.031,-7.84986,bp olhão,bp,en 125 km 113,"2,229 €",2026-05-15_dgeg_postos_raw.csv,71171efe0d8be7ca
2026-05-15,2026-05-15 14:31:32,2026-05-12 00:05:00,1d9facd342013d72,1d9facd342013d72_gasoline_95,BP OLHÃO,BP,gasoline_95,Gasolina simples 95,Outro,2.099,Olhão,Faro,EN 125 Km 113,Olhão,8700-000,37.031,-7.84986,bp olhão,bp,en 125 km 113,"2,099 €",2026-05-15_dgeg_postos_raw.csv,07d4ea1e04df76fb
2026-05-15,2026-05-15 14:31:32,2026-05-12 00:05:00,a4b04a1e637155c4,a4b04a1e637155c4_diesel_regular,BP MAIA-ARDEGÃES,BP,diesel_regular,Gasóleo simples,Outro,2.069,Maia,Porto,EN 107,Ardegães,4422-419,41.227533,-8.567877,bp maia-ardegães,bp,en 107,"2,069 €",2026-05-15_dgeg_postos_raw.csv,a99e178ed132a2d6
2026-05-15,2026-05-15 14:31:32,2026-05-12 00:05:00,a4b04a1e637155c4,a4b04a1e637155c4_diesel_premium,BP MAIA-ARDEGÃES,BP,diesel_premium,Gasóleo especial,Outro,2.229,Maia,Porto,EN 107,Ardegães,4422-419,41.227533,-8.567877,bp maia-ardegães,bp,en 107,"2,229 €",2026-05-15_dgeg_postos_raw.csv,dfd979ad97052de1
2026-05-15,2026-05-15 14:31:32,2026-05-12 00:05:00,a4b04a1e637155c4,a4b04a1e637155c4_gasoline_95,BP MAIA-ARDEGÃES,BP,gasoline_95,Gasolina simples 95,Outro,2.059,Maia,Porto,EN 107,Ardegães,4422-419,41.227533,-8.567877,bp maia-ardegães,bp,en 107,"2,059 €",2026-05-15_dgeg_postos_raw.csv,7398646424c4f1a4
2026-05-15,2026-05-15 14:31:32,2026-05-12 00:05:00,a4b04a1e637155c4,a4b04a1e637155c4_gasoline_98,BP MAIA-ARDEGÃES,BP,gasoline_98,Gasolina especial 98,Outro,2.299,Maia,Porto,EN 107,Ardegães,4422-419,41.227533,-8.567877,bp maia-ardegães,bp,en 107,"2,299 €",2026-05-15_dgeg_postos_raw.csv,dc3eb148578c6ea3
2026-05-15,2026-05-15 14:31:32,2026-05-12 00:05:00,582eda81e7055c37,582eda81e7055c37_diesel_regular,BP PÓVOA DE VARZIM,BP,diesel_regular,Gasóleo simples,Outro,2.044,Póvoa de Varzim,Porto,Rua Gomes de Amorim,Póvoa de Varzim,4490-641,41.384389,-8.764382,bp póvoa de varzim,bp,rua gomes de amorim,"2,044 €",2026-05-15_dgeg_postos_raw.csv,64e6ef0465788ee3
2026-05-15,2026-05-15 14:31:32,2026-05-12 00:05:00,582eda81e7055c37,582eda81e7055c37_diesel_premium,BP PÓVOA DE VARZIM,BP,diesel_premium,Gasóleo especial,Outro,2.229,Póvoa de Varzim,Porto,Rua Gomes de Amorim,Póvoa de Varzim,4490-641,41.384389,-8.764382,bp póvoa de varzim,bp,rua gomes de amorim,"2,229 €",2026-05-15_dgeg_postos_raw.csv,3892fe380636cb59
2026-05-15,2026-05-15 14:31:32,2026-05-12 00:05:00,582eda81e7055c37,582eda81e7055c37_gasoline_95,BP PÓVOA DE VARZIM,BP,gasoline_95,Gasolina simples 95,Outro,2.039,Póvoa de Varzim,Porto,Rua Gomes de Amorim,Póvoa de Varzim,4490-641,41.384389,-8.764382,bp póvoa de varzim,bp,rua gomes de amorim,"2,039 €",2026-05-15_dgeg_postos_raw.csv,ce60fe804e38f233
2026-05-15,2026-05-15 14:31:32,2026-05-12 00:05:00,582eda81e7055c37,582eda81e7055c37_gasoline_98,BP PÓVOA DE VARZIM,BP,gasoline_98,Gasolina especial 98,Outro,2.299,Póvoa de Varzim,Porto,Rua Gomes de Amorim,Póvoa de Varzim,4490-641,41.384389,-8.764382,bp póvoa de varzim,bp,rua gomes de amorim,"2,299 €",2026-05-15_dgeg_postos_raw.csv,50962805e96cf81a
2026-05-15,2026-05-15 14:31:32,2026-05-12 00:05:00,901d221c4810cd41,901d221c4810cd41_diesel_regular,BP TERROSO,BP,diesel_regular,Gasóleo simples,Outro,2.044,Póvoa de Varzim,Porto,Rua da Estrada Nova nº 837,Terroso,4495-524,41.41102,-8.73914,bp terroso,bp,rua da estrada nova nº 837,"2,044 €",2026-05-15_dgeg_postos_raw.csv,1918b8cf55f91925
2026-05-15,2026-05-15 14:31:32,2026-05-12 00:05:00,901d221c4810cd41,901d221c4810cd41_diesel_premium,BP TERROSO,BP,diesel_premium,Gasóleo especial,Outro,2.229,Póvoa de Varzim,Porto,Rua da Estrada Nova nº 837,Terroso,4495-524,41.41102,-8.73914,bp terroso,bp,rua da estrada nova nº 837,"2,229 €",2026-05-15_dgeg_postos_raw.csv,a458e09581f1c5d4
2026-05-15,2026-05-15 14:31:32,2026-05-12 00:05:00,901d221c4810cd41,901d221c4810cd41_gasoline_95,BP TERROSO,BP,gasoline_95,Gasolina simples 95,Outro,2.039,Póvoa de Varzim,Porto,Rua da Estrada Nova nº 837,Terroso,4495-524,41.41102,-8.73914,bp terroso,bp,rua da estrada nova nº 837,"2,039 €",2026-05-15_dgeg_postos_raw.csv,79cc30360bc15ac9
2026-05-15,2026-05-15 14:31:32,2026-05-12 00:05:00,901d221c4810cd41,901d221c4810cd41_gasoline_98,BP TERROSO,BP,gasoline_98,Gasolina especial 98,Outro,2.299,Póvoa de Varzim,Porto,Rua da Estrada Nova nº 837,Terroso,4495-524,41.41102,-8.73914,bp terroso,bp,rua da estrada nova nº 837,"2,299 €",2026-05-15_dgeg_postos_raw.csv,7b82c10329acfab0
2026-05-15,2026-05-15 14:31:32,2026-05-12 00:05:00,2f1cf08253366a18,2f1cf08253366a18_diesel_regular,BP SANTANA,BP,diesel_regular,Gasóleo simples,Outro,2.059,Sesimbra,Setúbal,EN 378,Santana - Venda Nova Santana,2970-000,38.480792,-9.103602,bp santana,bp,en 378,"2,059 €",2026-05-15_dgeg_postos_raw.csv,e42024053b0c2b88
2026-05-15,2026-05-15 14:31:32,2026-05-12 00:05:00,2f1cf08253366a18,2f1cf08253366a18_diesel_premium,BP SANTANA,BP,diesel_premium,Gasóleo especial,Outro,2.229,Sesimbra,Setúbal,EN 378,Santana - Venda Nova Santana,2970-000,38.480792,-9.103602,bp santana,bp,en 378,"2,229 €",2026-05-15_dgeg_postos_raw.csv,9699b3666412869e
2026-05-15,2026-05-15 14:31:32,2026-05-12 00:05:00,2f1cf08253366a18,2f1cf08253366a18_gasoline_95,BP SANTANA,BP,gasoline_95,Gasolina simples 95,Outro,2.049,Sesimbra,Setúbal,EN 378,Santana - Venda Nova Santana,2970-000,38.480792,-9.103602,bp santana,bp,en 378,"2,049 €",2026-05-15_dgeg_postos_raw.csv,cbdc489d23f66c3e
2026-05-15,2026-05-15 14:31:32,2026-05-12 00:05:00,2f1cf08253366a18,2f1cf08253366a18_gasoline_98,BP SANTANA,BP,gasoline_98,Gasolina especial 98,Outro,2.299,Sesimbra,Setúbal,EN 378,Santana - Venda Nova Santana,2970-000,38.480792,-9.103602,bp santana,bp,en 378,"2,299 €",2026-05-15_dgeg_postos_raw.csv,60adc3ec13cbd1fc
2026-05-15,2026-05-15 14:31:32,2026-05-12 00:05:00,09f73ad706957edd,09f73ad706957edd_diesel_regular,BP Mina (Castelo Branco),BP,diesel_regular,Gasóleo simples,Outro,1.999,Castelo Branco,Castelo Branco,Rua da Mina,Castelo Branco,6000-170,39.830833,-7.495811,bp mina (castelo branco),bp,rua da mina,"1,999 €",2026-05-15_dgeg_postos_raw.csv,762818759254fb5d
2026-05-15,2026-05-15 14:31:32,2026-05-12 00:05:00,09f73ad706957edd,09f73ad706957edd_diesel_premium,BP Mina (Castelo Branco),BP,diesel_premium,Gasóleo especial,Outro,2.229,Castelo Branco,Castelo Branco,Rua da Mina,Castelo Branco,6000-170,39.830833,-7.495811,bp mina (castelo branco),bp,rua da mina,"2,229 €",2026-05-15_dgeg_postos_raw.csv,fff0a93763d66dd8
2026-05-15,2026-05-15 14:31:32,2026-05-12 00:05:00,db16a0a55c7df8a7,db16a0a55c7df8a7_diesel_regular,BP FANZERES,BP,diesel_regular,Gasóleo simples,Outro,2.109,Gondomar,Porto,Av. da Carvalha,Fanzeres,4510-518,41.165389,-8.544357,bp fanzeres,bp,av. da carvalha,"2,109 €",2026-05-15_dgeg_postos_raw.csv,0a1a7a3c28f209ab
2026-05-15,2026-05-15 14:31:32,2026-05-12 00:05:00,db16a0a55c7df8a7,db16a0a55c7df8a7_diesel_premium,BP FANZERES,BP,diesel_premium,Gasóleo especial,Outro,2.229,Gondomar,Porto,Av. da Carvalha,Fanzeres,4510-518,41.165389,-8.544357,bp fanzeres,bp,av. da carvalha,"2,229 €",2026-05-15_dgeg_postos_raw.csv,ac6feab7736e7f74
2026-05-15,2026-05-15 14:31:32,2026-05-12 00:05:00,db16a0a55c7df8a7,db16a0a55c7df8a7_gasoline_95,BP FANZERES,BP,gasoline_95,Gasolina simples 95,Outro,2.099,Gondomar,Porto,Av. da Carvalha,Fanzeres,4510-518,41.165389,-8.544357,bp fanzeres,bp,av. da carvalha,"2,099 €",2026-05-15_dgeg_postos_raw.csv,4a9e547de8650b96
2026-05-15,2026-05-15 14:31:32,2026-05-12 00:05:00,db16a0a55c7df8a7,db16a0a55c7df8a7_gasoline_98,BP FANZERES,BP,gasoline_98,Gasolina especial 98,Outro,2.299,Gondomar,Porto,Av. da Carvalha,Fanzeres,4510-518,41.165389,-8.544357,bp fanzeres,bp,av. da carvalha,"2,299 €",2026-05-15_dgeg_postos_raw.csv,9c8cc3b141dedc55
2026-05-15,2026-05-15 14:31:32,2026-05-12 00:05:00,63bbe7c624e7de9b,63bbe7c624e7de9b_diesel_regular,BP CORROIOS,BP,diesel_regular,Gasóleo simples,Outro,2.109,Seixal,Setúbal,"EN 10 Km 5,9",Corroios,2855-000,38.639392,-9.150164,bp corroios,bp,"en 10 km 5,9","2,109 €",2026-05-15_dgeg_postos_raw.csv,ea1787b2581dc8cd
2026-05-15,2026-05-15 14:31:32,2026-05-12 00:05:00,63bbe7c624e7de9b,63bbe7c624e7de9b_diesel_premium,BP CORROIOS,BP,diesel_premium,Gasóleo especial,Outro,2.229,Seixal,Setúbal,"EN 10 Km 5,9",Corroios,2855-000,38.639392,-9.150164,bp corroios,bp,"en 10 km 5,9","2,229 €",2026-05-15_dgeg_postos_raw.csv,109f461f12087636
2026-05-15,2026-05-15 14:31:32,2026-05-12 00:05:00,63bbe7c624e7de9b,63bbe7c624e7de9b_gasoline_95,BP CORROIOS,BP,gasoline_95,Gasolina simples 95,Outro,2.099,Seixal,Setúbal,"EN 10 Km 5,9",Corroios,2855-000,38.639392,-9.150164,bp corroios,bp,"en 10 km 5,9","2,099 €",2026-05-15_dgeg_postos_raw.csv,b2ae03d7f1f0df64
2026-05-15,2026-05-15 14:31:32,2026-05-12 00:05:00,03bcb236a0a34607,03bcb236a0a34607_diesel_regular,ÉVORA,BP,diesel_regular,Gasóleo simples,Outro,2.109,Évora,Évora,Portas de Machede,Évora,7000-753,38.573846,-7.900327,évora,bp,portas de machede,"2,109 €",2026-05-15_dgeg_postos_raw.csv,9ce7698012cfc916
2026-05-15,2026-05-15 14:31:32,2026-05-12 00:05:00,03bcb236a0a34607,03bcb236a0a34607_diesel_premium,ÉVORA,BP,diesel_premium,Gasóleo especial,Outro,2.229,Évora,Évora,Portas de Machede,Évora,7000-753,38.573846,-7.900327,évora,bp,portas de machede,"2,229 €",2026-05-15_dgeg_postos_raw.csv,5fc7a5fe04f0f719
2026-05-15,2026-05-15 14:31:32,2026-05-12 00:05:00,03bcb236a0a34607,03bcb236a0a34607_gasoline_95,ÉVORA,BP,gasoline_95,Gasolina simples 95,Outro,2.099,Évora,Évora,Portas de Machede,Évora,7000-753,38.573846,-7.900327,évora,bp,portas de machede,"2,099 €",2026-05-15_dgeg_postos_raw.csv,9f80d8439d546593
2026-05-15,2026-05-15 14:31:32,2026-05-12 00:05:00,67c83206b0a74f52,67c83206b0a74f52_diesel_regular,BP Monte Belo,BP,diesel_regular,Gasóleo simples,Outro,2.059,Setúbal,Setúbal,Estrada de Algeruz,Setúbal-Quinta da Caiada,2910-279,38.54031,-8.865666,bp monte belo,bp,estrada de algeruz,"2,059 €",2026-05-15_dgeg_postos_raw.csv,6b51d2eed877c95f
2026-05-15,2026-05-15 14:31:32,2026-05-12 00:05:00,67c83206b0a74f52,67c83206b0a74f52_diesel_premium,BP Monte Belo,BP,diesel_premium,Gasóleo especial,Outro,2.229,Setúbal,Setúbal,Estrada de Algeruz,Setúbal-Quinta da Caiada,2910-279,38.54031,-8.865666,bp monte belo,bp,estrada de algeruz,"2,229 €",2026-05-15_dgeg_postos_raw.csv,9f90b894928c8410
2026-05-15,2026-05-15 14:31:32,2026-05-12 00:05:00,67c83206b0a74f52,67c83206b0a74f52_gasoline_95,BP Monte Belo,BP,gasoline_95,Gasolina simples 95,Outro,2.049,Setúbal,Setúbal,Estrada de Algeruz,Setúbal-Quinta da Caiada,2910-279,38.54031,-8.865666,bp monte belo,bp,estrada de algeruz,"2,049 €",2026-05-15_dgeg_postos_raw.csv,ebe04d7f54c3b5e9
2026-05-15,2026-05-15 14:31:32,2026-05-12 00:05:00,04a55c29bc45d012,04a55c29bc45d012_diesel_regular,MATOSINHOS - CUSTOIAS,BP,diesel_regular,Gasóleo simples,Outro,2.109,Matosinhos,Porto,Rua CÃ¢ndido dos Reis 2114,Custóias Matosinhos,4460-702,41.201341,-8.646451,matosinhos - custoias,bp,rua cã¢ndido dos reis 2114,"2,109 €",2026-05-15_dgeg_postos_raw.csv,42c44bca3e6c2403
2026-05-15,2026-05-15 14:31:32,2026-05-12 00:05:00,04a55c29bc45d012,04a55c29bc45d012_diesel_premium,MATOSINHOS - CUSTOIAS,BP,diesel_premium,Gasóleo especial,Outro,2.229,Matosinhos,Porto,Rua CÃ¢ndido dos Reis 2114,Custóias Matosinhos,4460-702,41.201341,-8.646451,matosinhos - custoias,bp,rua cã¢ndido dos reis 2114,"2,229 €",2026-05-15_dgeg_postos_raw.csv,5255ba80bab17222
2026-05-15,2026-05-15 14:31:32,2026-05-12 00:05:00,04a55c29bc45d012,04a55c29bc45d012_gasoline_95,MATOSINHOS - CUSTOIAS,BP,gasoline_95,Gasolina simples 95,Outro,2.099,Matosinhos,Porto,Rua CÃ¢ndido dos Reis 2114,Custóias Matosinhos,4460-702,41.201341,-8.646451,matosinhos - custoias,bp,rua cã¢ndido dos reis 2114,"2,099 €",2026-05-15_dgeg_postos_raw.csv,a04705dccd49544b
2026-05-15,2026-05-15 14:31:32,2026-05-12 00:05:00,94b2dabf4142c46e,94b2dabf4142c46e_diesel_regular,PALMELA - LAGOINHA,BP,diesel_regular,Gasóleo simples,Outro,2.049,Palmela,Setúbal,"EN 379-2 Km 3,880",Lagoinha,2950-521,38.596425,-8.931322,palmela - lagoinha,bp,"en 379-2 km 3,880","2,049 €",2026-05-15_dgeg_postos_raw.csv,b16a06529b13542a
2026-05-15,2026-05-15 14:31:32,2026-05-12 00:05:00,94b2dabf4142c46e,94b2dabf4142c46e_diesel_premium,PALMELA - LAGOINHA,BP,diesel_premium,Gasóleo especial,Outro,2.229,Palmela,Setúbal,"EN 379-2 Km 3,880",Lagoinha,2950-521,38.596425,-8.931322,palmela - lagoinha,bp,"en 379-2 km 3,880","2,229 €",2026-05-15_dgeg_postos_raw.csv,e7e59fc53979dfb6
2026-05-15,2026-05-15 14:31:32,2026-05-12 00:05:00,94b2dabf4142c46e,94b2dabf4142c46e_gasoline_95,PALMELA - LAGOINHA,BP,gasoline_95,Gasolina simples 95,Outro,2.039,Palmela,Setúbal,"EN 379-2 Km 3,880",Lagoinha,2950-521,38.596425,-8.931322,palmela - lagoinha,bp,"en 379-2 km 3,880","2,039 €",2026-05-15_dgeg_postos_raw.csv,e353587c20faee63
2026-05-15,2026-05-15 14:31:32,2026-05-12 00:05:00,4f3bdffa3c22ecdc,4f3bdffa3c22ecdc_diesel_regular,BP VILA BOA,BP,diesel_regular,Gasóleo simples,Outro,2.055,Barcelos,Braga,"EN 204 Km 22,1",Vila Boa-Lugar da Estrada,4750-786,41.557063,-8.624289,bp vila boa,bp,"en 204 km 22,1","2,055 €",2026-05-15_dgeg_postos_raw.csv,ea37142d3da0030b
2026-05-15,2026-05-15 14:31:32,2026-05-12 00:05:00,4f3bdffa3c22ecdc,4f3bdffa3c22ecdc_diesel_premium,BP VILA BOA,BP,diesel_premium,Gasóleo especial,Outro,2.229,Barcelos,Braga,"EN 204 Km 22,1",Vila Boa-Lugar da Estrada,4750-786,41.557063,-8.624289,bp vila boa,bp,"en 204 km 22,1","2,229 €",2026-05-15_dgeg_postos_raw.csv,84db0d5f14be28a8
2026-05-15,2026-05-15 14:31:32,2026-05-12 00:05:00,4f3bdffa3c22ecdc,4f3bdffa3c22ecdc_gasoline_95,BP VILA BOA,BP,gasoline_95,Gasolina simples 95,Outro,2.051,Barcelos,Braga,"EN 204 Km 22,1",Vila Boa-Lugar da Estrada,4750-786,41.557063,-8.624289,bp vila boa,bp,"en 204 km 22,1","2,051 €",2026-05-15_dgeg_postos_raw.csv,11b02e8847f9a1d3
2026-05-15,2026-05-15 14:31:32,2026-05-12 00:05:00,4f3bdffa3c22ecdc,4f3bdffa3c22ecdc_gasoline_98,BP VILA BOA,BP,gasoline_98,Gasolina especial 98,Outro,2.299,Barcelos,Braga,"EN 204 Km 22,1",Vila Boa-Lugar da Estrada,4750-786,41.557063,-8.624289,bp vila boa,bp,"en 204 km 22,1","2,299 €",2026-05-15_dgeg_postos_raw.csv,4b244e68a6a2233d
2026-05-15,2026-05-15 14:31:32,2026-05-12 00:05:00,18e364fc4cb367ac,18e364fc4cb367ac_diesel_regular,BP VIA SACRA,BP,diesel_regular,Gasóleo simples,Outro,2.059,Viseu,Viseu,Rua Cónego Barreiros nº 270,Viseu,3500-093,40.655517,-7.902734,bp via sacra,bp,rua cónego barreiros nº 270,"2,059 €",2026-05-15_dgeg_postos_raw.csv,ed36c41c13f4371c
2026-05-15,2026-05-15 14:31:32,2026-05-12 00:05:00,18e364fc4cb367ac,18e364fc4cb367ac_diesel_premium,BP VIA SACRA,BP,diesel_premium,Gasóleo especial,Outro,2.229,Viseu,Viseu,Rua Cónego Barreiros nº 270,Viseu,3500-093,40.655517,-7.902734,bp via sacra,bp,rua cónego barreiros nº 270,"2,229 €",2026-05-15_dgeg_postos_raw.csv,aef0767154bdddfc
2026-05-15,2026-05-15 14:31:32,2026-05-12 00:05:00,18e364fc4cb367ac,18e364fc4cb367ac_gasoline_95,BP VIA SACRA,BP,gasoline_95,Gasolina simples 95,Outro,2.049,Viseu,Viseu,Rua Cónego Barreiros nº 270,Viseu,3500-093,40.655517,-7.902734,bp via sacra,bp,rua cónego barreiros nº 270,"2,049 €",2026-05-15_dgeg_postos_raw.csv,96ba78e630ff0f2a
2026-05-15,2026-05-15 14:31:32,2026-05-12 00:05:00,18e364fc4cb367ac,18e364fc4cb367ac_gasoline_98,BP VIA SACRA,BP,gasoline_98,Gasolina especial 98,Outro,2.299,Viseu,Viseu,Rua Cónego Barreiros nº 270,Viseu,3500-093,40.655517,-7.902734,bp via sacra,bp,rua cónego barreiros nº 270,"2,299 €",2026-05-15_dgeg_postos_raw.csv,d9e811f32c7c4642
2026-05-15,2026-05-15 14:31:32,2026-05-12 00:15:00,fde2193d0bba1ff2,fde2193d0bba1ff2_diesel_regular,E.S. TROFA II,REPSOL,diesel_regular,Gasóleo simples,Outro,2.029,Trofa,Porto,Rua D. Pedro V,Trofa,4785-000,41.34235,-8.55696,e.s. trofa ii,repsol,rua d. pedro v,"2,029 €",2026-05-15_dgeg_postos_raw.csv,59951e9f52974dfe
2026-05-15,2026-05-15 14:31:32,2026-05-12 00:15:00,fde2193d0bba1ff2,fde2193d0bba1ff2_diesel_premium,E.S. TROFA II,REPSOL,diesel_premium,Gasóleo especial,Outro,2.089,Trofa,Porto,Rua D. Pedro V,Trofa,4785-000,41.34235,-8.55696,e.s. trofa ii,repsol,rua d. pedro v,"2,089 €",2026-05-15_dgeg_postos_raw.csv,08b27b43ed9d92a7
2026-05-15,2026-05-15 14:31:32,2026-05-12 00:15:00,fde2193d0bba1ff2,fde2193d0bba1ff2_gasoline_95,E.S. TROFA II,REPSOL,gasoline_95,Gasolina simples 95,Outro,2.027,Trofa,Porto,Rua D. Pedro V,Trofa,4785-000,41.34235,-8.55696,e.s. trofa ii,repsol,rua d. pedro v,"2,027 €",2026-05-15_dgeg_postos_raw.csv,c60ae16a88b04977
2026-05-15,2026-05-15 14:31:32,2026-05-12 00:15:00,fde2193d0bba1ff2,fde2193d0bba1ff2_gasoline_98,E.S. TROFA II,REPSOL,gasoline_98,Gasolina especial 98,Outro,2.217,Trofa,Porto,Rua D. Pedro V,Trofa,4785-000,41.34235,-8.55696,e.s. trofa ii,repsol,rua d. pedro v,"2,217 €",2026-05-15_dgeg_postos_raw.csv,569b8c204f084abf
2026-05-15,2026-05-15 14:31:32,2026-05-12 00:50:00,e42e96a565f23a93,e42e96a565f23a93_diesel_regular,PA Velomobil Combustíveis,Genérico,diesel_regular,Gasóleo simples,Outro,2.083,Odemira,Beja,Rua 4 de Outubro,Bicos,7630-711,37.813126,-8.494673,pa velomobil combustíveis,genérico,rua 4 de outubro,"2,083 €",2026-05-15_dgeg_postos_raw.csv,a84aa082bb6268ef
2026-05-15,2026-05-15 14:31:32,2026-05-12 00:50:00,e42e96a565f23a93,e42e96a565f23a93_gasoline_95,PA Velomobil Combustíveis,Genérico,gasoline_95,Gasolina simples 95,Outro,2.077,Odemira,Beja,Rua 4 de Outubro,Bicos,7630-711,37.813126,-8.494673,pa velomobil combustíveis,genérico,rua 4 de outubro,"2,077 €",2026-05-15_dgeg_postos_raw.csv,1a2ac16bdafcbcd7
2026-05-15,2026-05-15 14:31:32,2026-05-12 00:50:00,e42e96a565f23a93,e42e96a565f23a93_diesel_premium,PA Velomobil Combustíveis,Genérico,diesel_premium,Gasóleo especial,Outro,2.083,Odemira,Beja,Rua 4 de Outubro,Bicos,7630-711,37.813126,-8.494673,pa velomobil combustíveis,genérico,rua 4 de outubro,"2,083 €",2026-05-15_dgeg_postos_raw.csv,174fdbfaef97c85f
2026-05-15,2026-05-15 14:31:32,2026-05-12 01:00:00,6f367d38f4f688f4,6f367d38f4f688f4_diesel_regular,Seabra,BP,diesel_regular,Gasóleo simples,Outro,2.089,Seia,Guarda,"Estrada Nacional 231, Km 46,4",São Romão / Seia,6270-427,40.4071,-7.7093,seabra,bp,"estrada nacional 231, km 46,4","2,089 €",2026-05-15_dgeg_postos_raw.csv,4adcc4e36ec26686
2026-05-15,2026-05-15 14:31:32,2026-05-12 01:00:00,6f367d38f4f688f4,6f367d38f4f688f4_diesel_premium,Seabra,BP,diesel_premium,Gasóleo especial,Outro,2.229,Seia,Guarda,"Estrada Nacional 231, Km 46,4",São Romão / Seia,6270-427,40.4071,-7.7093,seabra,bp,"estrada nacional 231, km 46,4","2,229 €",2026-05-15_dgeg_postos_raw.csv,789e2b6f61a4b352
2026-05-15,2026-05-15 14:31:32,2026-05-12 01:00:00,6f367d38f4f688f4,6f367d38f4f688f4_gasoline_95,Seabra,BP,gasoline_95,Gasolina simples 95,Outro,2.079,Seia,Guarda,"Estrada Nacional 231, Km 46,4",São Romão / Seia,6270-427,40.4071,-7.7093,seabra,bp,"estrada nacional 231, km 46,4","2,079 €",2026-05-15_dgeg_postos_raw.csv,b847d746148c2cbb
2026-05-15,2026-05-15 14:31:32,2026-05-12 01:00:00,6f367d38f4f688f4,6f367d38f4f688f4_gasoline_98,Seabra,BP,gasoline_98,Gasolina especial 98,Outro,2.299,Seia,Guarda,"Estrada Nacional 231, Km 46,4",São Romão / Seia,6270-427,40.4071,-7.7093,seabra,bp,"estrada nacional 231, km 46,4","2,299 €",2026-05-15_dgeg_postos_raw.csv,a0d955f05a6d8a5d
2026-05-15,2026-05-15 14:31:32,2026-05-12 01:00:00,180168d362388d10,180168d362388d10_diesel_regular,PÓVOA DE VARZIM - ARGIVAI,BP,diesel_regular,Gasóleo simples,Outro,2.055,Póvoa de Varzim,Porto,"EN 206 (Rua de S. Miguel o Anjo, nº 305) Km 1,5",Argivai,4490-224,41.37649,-8.73883,póvoa de varzim - argivai,bp,"en 206 (rua de s. miguel o anjo, nº 305) km 1,5","2,055 €",2026-05-15_dgeg_postos_raw.csv,3facb202a5d53c6c
2026-05-15,2026-05-15 14:31:32,2026-05-12 01:00:00,180168d362388d10,180168d362388d10_diesel_premium,PÓVOA DE VARZIM - ARGIVAI,BP,diesel_premium,Gasóleo especial,Outro,2.229,Póvoa de Varzim,Porto,"EN 206 (Rua de S. Miguel o Anjo, nº 305) Km 1,5",Argivai,4490-224,41.37649,-8.73883,póvoa de varzim - argivai,bp,"en 206 (rua de s. miguel o anjo, nº 305) km 1,5","2,229 €",2026-05-15_dgeg_postos_raw.csv,0ce1a112d37b0533
2026-05-15,2026-05-15 14:31:32,2026-05-12 01:00:00,180168d362388d10,180168d362388d10_gasoline_95,PÓVOA DE VARZIM - ARGIVAI,BP,gasoline_95,Gasolina simples 95,Outro,2.051,Póvoa de Varzim,Porto,"EN 206 (Rua de S. Miguel o Anjo, nº 305) Km 1,5",Argivai,4490-224,41.37649,-8.73883,póvoa de varzim - argivai,bp,"en 206 (rua de s. miguel o anjo, nº 305) km 1,5","2,051 €",2026-05-15_dgeg_postos_raw.csv,d90864a8328ba7fb
2026-05-15,2026-05-15 14:31:32,2026-05-12 01:00:00,180168d362388d10,180168d362388d10_gasoline_98,PÓVOA DE VARZIM - ARGIVAI,BP,gasoline_98,Gasolina especial 98,Outro,2.299,Póvoa de Varzim,Porto,"EN 206 (Rua de S. Miguel o Anjo, nº 305) Km 1,5",Argivai,4490-224,41.37649,-8.73883,póvoa de varzim - argivai,bp,"en 206 (rua de s. miguel o anjo, nº 305) km 1,5","2,299 €",2026-05-15_dgeg_postos_raw.csv,3f829ab06b503f0d
2026-05-15,2026-05-15 14:31:32,2026-05-12 01:20:00,83a386193871179f,83a386193871179f_diesel_regular,PETRO DAC,BP,diesel_regular,Gasóleo simples,Outro,2.069,Maia,Porto,"EN 14 - KM 10,8",Espinhosa,4475-000,41.27544,-8.60783,petro dac,bp,"en 14 - km 10,8","2,069 €",2026-05-15_dgeg_postos_raw.csv,e02c63a05eb15370
2026-05-15,2026-05-15 14:31:32,2026-05-12 01:20:00,83a386193871179f,83a386193871179f_diesel_premium,PETRO DAC,BP,diesel_premium,Gasóleo especial,Outro,2.229,Maia,Porto,"EN 14 - KM 10,8",Espinhosa,4475-000,41.27544,-8.60783,petro dac,bp,"en 14 - km 10,8","2,229 €",2026-05-15_dgeg_postos_raw.csv,2de78c9f7204b51b
2026-05-15,2026-05-15 14:31:32,2026-05-12 01:20:00,83a386193871179f,83a386193871179f_gasoline_95,PETRO DAC,BP,gasoline_95,Gasolina simples 95,Outro,2.059,Maia,Porto,"EN 14 - KM 10,8",Espinhosa,4475-000,41.27544,-8.60783,petro dac,bp,"en 14 - km 10,8","2,059 €",2026-05-15_dgeg_postos_raw.csv,01ca6c3631a5f22c
2026-05-15,2026-05-15 14:31:32,2026-05-12 01:20:00,83a386193871179f,83a386193871179f_gasoline_98,PETRO DAC,BP,gasoline_98,Gasolina especial 98,Outro,2.299,Maia,Porto,"EN 14 - KM 10,8",Espinhosa,4475-000,41.27544,-8.60783,petro dac,bp,"en 14 - km 10,8","2,299 €",2026-05-15_dgeg_postos_raw.csv,30261b04cb815239
2026-05-15,2026-05-15 14:31:32,2026-05-12 02:00:00,98ea2554b99edbb5,98ea2554b99edbb5_diesel_regular,TF GEST ÁRVORE,FREITAS,diesel_regular,Gasóleo simples,Outro,1.989,Vila do Conde,Porto,Rua da Estrada Velha,Árvore,4480-107,41.33707,-8.73338,tf gest árvore,freitas,rua da estrada velha,"1,989 €",2026-05-15_dgeg_postos_raw.csv,4dc68de52ec48570
2026-05-15,2026-05-15 14:31:32,2026-05-12 02:00:00,98ea2554b99edbb5,98ea2554b99edbb5_diesel_premium,TF GEST ÁRVORE,FREITAS,diesel_premium,Gasóleo especial,Outro,2.009,Vila do Conde,Porto,Rua da Estrada Velha,Árvore,4480-107,41.33707,-8.73338,tf gest árvore,freitas,rua da estrada velha,"2,009 €",2026-05-15_dgeg_postos_raw.csv,8d635dc4c56d4bf3
2026-05-15,2026-05-15 14:31:32,2026-05-12 02:00:00,98ea2554b99edbb5,98ea2554b99edbb5_gasoline_95,TF GEST ÁRVORE,FREITAS,gasoline_95,Gasolina simples 95,Outro,1.999,Vila do Conde,Porto,Rua da Estrada Velha,Árvore,4480-107,41.33707,-8.73338,tf gest árvore,freitas,rua da estrada velha,"1,999 €",2026-05-15_dgeg_postos_raw.csv,c513594f503e52e7
2026-05-15,2026-05-15 14:31:32,2026-05-12 02:00:00,98ea2554b99edbb5,98ea2554b99edbb5_gasoline_98,TF GEST ÁRVORE,FREITAS,gasoline_98,Gasolina especial 98,Outro,2.249,Vila do Conde,Porto,Rua da Estrada Velha,Árvore,4480-107,41.33707,-8.73338,tf gest árvore,freitas,rua da estrada velha,"2,249 €",2026-05-15_dgeg_postos_raw.csv,2d05d57894122259
2026-05-15,2026-05-15 14:31:32,2026-05-12 02:00:00,9858284d340115f2,9858284d340115f2_gasoline_98,TFGEST ALVELOS,FREITAS,gasoline_98,Gasolina especial 98,Outro,2.149,Barcelos,Braga,Rua Sª das Dores,Alvelos,4755-028,41.50905,-8.62332,tfgest alvelos,freitas,rua sª das dores,"2,149 €",2026-05-15_dgeg_postos_raw.csv,1140b4d453e8ce8d
2026-05-15,2026-05-15 14:31:32,2026-05-12 02:00:00,9858284d340115f2,9858284d340115f2_diesel_premium,TFGEST ALVELOS,FREITAS,diesel_premium,Gasóleo especial,Outro,1.968,Barcelos,Braga,Rua Sª das Dores,Alvelos,4755-028,41.50905,-8.62332,tfgest alvelos,freitas,rua sª das dores,"1,968 €",2026-05-15_dgeg_postos_raw.csv,eb336d15e1ed7d2f
2026-05-15,2026-05-15 14:31:32,2026-05-12 02:00:00,9858284d340115f2,9858284d340115f2_diesel_regular,TFGEST ALVELOS,FREITAS,diesel_regular,Gasóleo simples,Outro,1.958,Barcelos,Braga,Rua Sª das Dores,Alvelos,4755-028,41.50905,-8.62332,tfgest alvelos,freitas,rua sª das dores,"1,958 €",2026-05-15_dgeg_postos_raw.csv,b56be5af2c04afc8
2026-05-15,2026-05-15 14:31:32,2026-05-12 02:00:00,9858284d340115f2,9858284d340115f2_gasoline_95,TFGEST ALVELOS,FREITAS,gasoline_95,Gasolina simples 95,Outro,1.965,Barcelos,Braga,Rua Sª das Dores,Alvelos,4755-028,41.50905,-8.62332,tfgest alvelos,freitas,rua sª das dores,"1,965 €",2026-05-15_dgeg_postos_raw.csv,4a0b2b97730102c0
2026-05-15,2026-05-15 14:31:32,2026-05-12 04:00:00,a413cd3652410acb,a413cd3652410acb_gasoline_95,TFGEST  Novelas,FREITAS,gasoline_95,Gasolina simples 95,Outro,1.979,Penafiel,Porto,"Av. Luís de Camões, 255",Novelas,4560-266,41.217804,-8.287079,tfgest novelas,freitas,"av. luís de camões, 255","1,979 €",2026-05-15_dgeg_postos_raw.csv,5aa2aa562901993d
2026-05-15,2026-05-15 14:31:32,2026-05-12 04:00:00,a413cd3652410acb,a413cd3652410acb_diesel_premium,TFGEST  Novelas,FREITAS,diesel_premium,Gasóleo especial,Outro,2.009,Penafiel,Porto,"Av. Luís de Camões, 255",Novelas,4560-266,41.217804,-8.287079,tfgest novelas,freitas,"av. luís de camões, 255","2,009 €",2026-05-15_dgeg_postos_raw.csv,84b9dfc1543324ff
2026-05-15,2026-05-15 14:31:32,2026-05-12 04:00:00,a413cd3652410acb,a413cd3652410acb_diesel_regular,TFGEST  Novelas,FREITAS,diesel_regular,Gasóleo simples,Outro,1.979,Penafiel,Porto,"Av. Luís de Camões, 255",Novelas,4560-266,41.217804,-8.287079,tfgest novelas,freitas,"av. luís de camões, 255","1,979 €",2026-05-15_dgeg_postos_raw.csv,a6c81be4bf4dc4ea
2026-05-15,2026-05-15 14:31:32,2026-05-12 04:00:00,9767db6bcf5d5d29,9767db6bcf5d5d29_gasoline_98,TFGEST - PENAFIEL,FREITAS,gasoline_98,Gasolina especial 98,Outro,2.179,Penafiel,Porto,"Avenida Central, 2229",Duas Igrejas,4560-071,41.18612,-8.2666,tfgest - penafiel,freitas,"avenida central, 2229","2,179 €",2026-05-15_dgeg_postos_raw.csv,b6520064f97dbef7
2026-05-15,2026-05-15 14:31:32,2026-05-12 04:00:00,9767db6bcf5d5d29,9767db6bcf5d5d29_diesel_premium,TFGEST - PENAFIEL,FREITAS,diesel_premium,Gasóleo especial,Outro,2.029,Penafiel,Porto,"Avenida Central, 2229",Duas Igrejas,4560-071,41.18612,-8.2666,tfgest - penafiel,freitas,"avenida central, 2229","2,029 €",2026-05-15_dgeg_postos_raw.csv,f695a56d5db42b81
2026-05-15,2026-05-15 14:31:32,2026-05-12 04:00:00,9767db6bcf5d5d29,9767db6bcf5d5d29_diesel_regular,TFGEST - PENAFIEL,FREITAS,diesel_regular,Gasóleo simples,Outro,1.999,Penafiel,Porto,"Avenida Central, 2229",Duas Igrejas,4560-071,41.18612,-8.2666,tfgest - penafiel,freitas,"avenida central, 2229","1,999 €",2026-05-15_dgeg_postos_raw.csv,b1002c4ccd276a72
2026-05-15,2026-05-15 14:31:32,2026-05-12 04:00:00,9767db6bcf5d5d29,9767db6bcf5d5d29_gasoline_95,TFGEST - PENAFIEL,FREITAS,gasoline_95,Gasolina simples 95,Outro,1.999,Penafiel,Porto,"Avenida Central, 2229",Duas Igrejas,4560-071,41.18612,-8.2666,tfgest - penafiel,freitas,"avenida central, 2229","1,999 €",2026-05-15_dgeg_postos_raw.csv,9908541949af6e26
2026-05-15,2026-05-15 14:31:32,2026-05-12 06:00:00,b0ba7228e2aca685,b0ba7228e2aca685_diesel_regular,Posto BP Resende Centro,BP,diesel_regular,Gasóleo simples,Outro,2.099,Resende,Viseu,"EN222, R. Seminário, s/n",Resende,4660-210,41.109461,-7.953167,posto bp resende centro,bp,"en222, r. seminário, s/n","2,099 €",2026-05-15_dgeg_postos_raw.csv,2edcbb1797534f0c
2026-05-15,2026-05-15 14:31:32,2026-05-12 06:00:00,b0ba7228e2aca685,b0ba7228e2aca685_diesel_premium,Posto BP Resende Centro,BP,diesel_premium,Gasóleo especial,Outro,2.229,Resende,Viseu,"EN222, R. Seminário, s/n",Resende,4660-210,41.109461,-7.953167,posto bp resende centro,bp,"en222, r. seminário, s/n","2,229 €",2026-05-15_dgeg_postos_raw.csv,22f7c227d41f9eba
2026-05-15,2026-05-15 14:31:32,2026-05-12 06:00:00,b0ba7228e2aca685,b0ba7228e2aca685_gasoline_95,Posto BP Resende Centro,BP,gasoline_95,Gasolina simples 95,Outro,2.099,Resende,Viseu,"EN222, R. Seminário, s/n",Resende,4660-210,41.109461,-7.953167,posto bp resende centro,bp,"en222, r. seminário, s/n","2,099 €",2026-05-15_dgeg_postos_raw.csv,ed103a0eef54121f
2026-05-15,2026-05-15 14:31:32,2026-05-12 06:00:00,67200ec745cf942f,67200ec745cf942f_diesel_regular,PA Nisa,Genérico,diesel_regular,Gasóleo simples,Outro,2.0,Nisa,Portalegre,Rua 25 de Abril nº156,Nisa,6050-343,39.508156,-7.645338,pa nisa,genérico,rua 25 de abril nº156,"2,000 €",2026-05-15_dgeg_postos_raw.csv,ccc4fb59ef043826
2026-05-15,2026-05-15 14:31:32,2026-05-12 06:00:00,67200ec745cf942f,67200ec745cf942f_gasoline_95,PA Nisa,Genérico,gasoline_95,Gasolina simples 95,Outro,2.0,Nisa,Portalegre,Rua 25 de Abril nº156,Nisa,6050-343,39.508156,-7.645338,pa nisa,genérico,rua 25 de abril nº156,"2,000 €",2026-05-15_dgeg_postos_raw.csv,1b8e3adde90d0e40
2026-05-15,2026-05-15 14:31:32,2026-05-12 06:00:00,a63efbb8b4d99534,a63efbb8b4d99534_diesel_regular,RECHEIO VILA REAL,RECHEIO,diesel_regular,Gasóleo simples,Outro,1.939,Vila Real,Vila Real,Zona Industrial Constantim,Gafaria,5000-081,41.27658,-7.70339,recheio vila real,recheio,zona industrial constantim,"1,939 €",2026-05-15_dgeg_postos_raw.csv,e03aa6988836b746
2026-05-15,2026-05-15 14:31:32,2026-05-12 06:00:00,c2fbe5b73b161a17,c2fbe5b73b161a17_diesel_regular,RECHEIO VILA FRANCA,RECHEIO,diesel_regular,Gasóleo simples,Outro,1.909,Vila Franca de Xira,Lisboa,"QUINTA DO CABO,OLIVAL DOS  POCILGOS",VILA FRANCA DE XIRA,2600-277,38.97552,-8.98038,recheio vila franca,recheio,"quinta do cabo,olival dos pocilgos","1,909 €",2026-05-15_dgeg_postos_raw.csv,00b83764d6b08145
2026-05-15,2026-05-15 14:31:32,2026-05-12 06:00:00,c2fbe5b73b161a17,c2fbe5b73b161a17_gasoline_95,RECHEIO VILA FRANCA,RECHEIO,gasoline_95,Gasolina simples 95,Outro,1.939,Vila Franca de Xira,Lisboa,"QUINTA DO CABO,OLIVAL DOS  POCILGOS",VILA FRANCA DE XIRA,2600-277,38.97552,-8.98038,recheio vila franca,recheio,"quinta do cabo,olival dos pocilgos","1,939 €",2026-05-15_dgeg_postos_raw.csv,33fe1e75fc4fc0d9
2026-05-15,2026-05-15 14:31:32,2026-05-12 06:00:00,32a95de4efaf873f,32a95de4efaf873f_diesel_regular,RECHEIO TAVIRA,RECHEIO,diesel_regular,Gasóleo simples,Outro,1.944,Tavira,Faro,"Parque Comercial e de Exposições de Tavira\r\nSítio do Vale Formoso, Lote 16/23\r\n",Tavira,8800-202,37.13913,-7.64306,recheio tavira,recheio,"parque comercial e de exposições de tavira\r\nsítio do vale formoso, lote 16/23\r\n","1,944 €",2026-05-15_dgeg_postos_raw.csv,c556724c8d89bdfd
2026-05-15,2026-05-15 14:31:32,2026-05-12 06:00:00,32a95de4efaf873f,32a95de4efaf873f_gasoline_95,RECHEIO TAVIRA,RECHEIO,gasoline_95,Gasolina simples 95,Outro,1.914,Tavira,Faro,"Parque Comercial e de Exposições de Tavira\r\nSítio do Vale Formoso, Lote 16/23\r\n",Tavira,8800-202,37.13913,-7.64306,recheio tavira,recheio,"parque comercial e de exposições de tavira\r\nsítio do vale formoso, lote 16/23\r\n","1,914 €",2026-05-15_dgeg_postos_raw.csv,42fcce58e3ca6849
2026-05-15,2026-05-15 14:31:32,2026-05-12 06:00:00,8617cf854c75d8dd,8617cf854c75d8dd_diesel_regular,RECHEIO PORTIMÃO,RECHEIO,diesel_regular,Gasóleo simples,Outro,1.899,Portimão,Faro,Sítio do Poço Fojo,Portimão,8500-998,37.144984251,-8.54396224,recheio portimão,recheio,sítio do poço fojo,"1,899 €",2026-05-15_dgeg_postos_raw.csv,ecf0edc1d30cc441
2026-05-15,2026-05-15 14:31:32,2026-05-12 06:00:00,8617cf854c75d8dd,8617cf854c75d8dd_gasoline_95,RECHEIO PORTIMÃO,RECHEIO,gasoline_95,Gasolina simples 95,Outro,1.909,Portimão,Faro,Sítio do Poço Fojo,Portimão,8500-998,37.144984251,-8.54396224,recheio portimão,recheio,sítio do poço fojo,"1,909 €",2026-05-15_dgeg_postos_raw.csv,7e740b6c32c0c4fd
2026-05-15,2026-05-15 14:31:32,2026-05-12 06:00:00,42f00a13c922b24d,42f00a13c922b24d_diesel_regular,TFGEST ANTAS,FREITAS,diesel_regular,Gasóleo simples,Outro,2.009,Vila Nova de Famalicão,Braga,"Rua José Freitas Dias, 2093",Vila Nova de Famalicão,4760-022,41.392723,-8.511417,tfgest antas,freitas,"rua josé freitas dias, 2093","2,009 €",2026-05-15_dgeg_postos_raw.csv,ee85a6067c08d957
2026-05-15,2026-05-15 14:31:32,2026-05-12 06:00:00,42f00a13c922b24d,42f00a13c922b24d_diesel_premium,TFGEST ANTAS,FREITAS,diesel_premium,Gasóleo especial,Outro,2.029,Vila Nova de Famalicão,Braga,"Rua José Freitas Dias, 2093",Vila Nova de Famalicão,4760-022,41.392723,-8.511417,tfgest antas,freitas,"rua josé freitas dias, 2093","2,029 €",2026-05-15_dgeg_postos_raw.csv,e019fa4cbd941160
2026-05-15,2026-05-15 14:31:32,2026-05-12 06:00:00,42f00a13c922b24d,42f00a13c922b24d_gasoline_95,TFGEST ANTAS,FREITAS,gasoline_95,Gasolina simples 95,Outro,2.009,Vila Nova de Famalicão,Braga,"Rua José Freitas Dias, 2093",Vila Nova de Famalicão,4760-022,41.392723,-8.511417,tfgest antas,freitas,"rua josé freitas dias, 2093","2,009 €",2026-05-15_dgeg_postos_raw.csv,660c9e837ae2b20c
2026-05-15,2026-05-15 14:31:32,2026-05-12 06:00:00,42f00a13c922b24d,42f00a13c922b24d_gasoline_98,TFGEST ANTAS,FREITAS,gasoline_98,Gasolina especial 98,Outro,2.239,Vila Nova de Famalicão,Braga,"Rua José Freitas Dias, 2093",Vila Nova de Famalicão,4760-022,41.392723,-8.511417,tfgest antas,freitas,"rua josé freitas dias, 2093","2,239 €",2026-05-15_dgeg_postos_raw.csv,fd9c0d0d85275580
2026-05-15,2026-05-15 14:31:32,2026-05-12 06:00:00,4f872ca9261cd71e,4f872ca9261cd71e_diesel_regular,RECHEIO BRAGA,RECHEIO,diesel_regular,Gasóleo simples,Outro,1.874,Braga,Braga,Rua do Parque Comercial,Nogueira,4711-911,41.532079,-8.421299,recheio braga,recheio,rua do parque comercial,"1,874 €",2026-05-15_dgeg_postos_raw.csv,d68f1956a9455aab
2026-05-15,2026-05-15 14:31:32,2026-05-12 06:00:00,8efaa2675438d597,8efaa2675438d597_diesel_regular,RECHEIO VISEU,RECHEIO,diesel_regular,Gasóleo simples,Outro,1.889,Viseu,Viseu,Estrada de Mangualde,Lugar do Viso,3501-903,40.65154,-7.884722,recheio viseu,recheio,estrada de mangualde,"1,889 €",2026-05-15_dgeg_postos_raw.csv,f4e4c7943b0663c5
2026-05-15,2026-05-15 14:31:32,2026-05-12 06:00:00,6a470a7d11521f21,6a470a7d11521f21_diesel_regular,RECHEIO TORRES VEDRAS,RECHEIO,diesel_regular,Gasóleo simples,Outro,1.899,Torres Vedras,Lisboa,Zona Industrial Cruz Barro,Torres Vedras,2564-909,39.078611,-9.257027,recheio torres vedras,recheio,zona industrial cruz barro,"1,899 €",2026-05-15_dgeg_postos_raw.csv,60e91d4319cf8096
2026-05-15,2026-05-15 14:31:32,2026-05-12 06:00:00,6a470a7d11521f21,6a470a7d11521f21_gasoline_95,RECHEIO TORRES VEDRAS,RECHEIO,gasoline_95,Gasolina simples 95,Outro,1.939,Torres Vedras,Lisboa,Zona Industrial Cruz Barro,Torres Vedras,2564-909,39.078611,-9.257027,recheio torres vedras,recheio,zona industrial cruz barro,"1,939 €",2026-05-15_dgeg_postos_raw.csv,b807dca1982891e4
2026-05-15,2026-05-15 14:31:32,2026-05-12 06:00:00,bf3ca309562a00f0,bf3ca309562a00f0_diesel_regular,J.B.SILVA LDA,BP,diesel_regular,Gasóleo simples,Outro,2.109,Ourique,Beja,Loteamento Rosal Sul - Lote 1,Ourique,7670-368,37.65317,-8.23355,j.b.silva lda,bp,loteamento rosal sul - lote 1,"2,109 €",2026-05-15_dgeg_postos_raw.csv,8a5b683665c5c01e
2026-05-15,2026-05-15 14:31:32,2026-05-12 06:00:00,bf3ca309562a00f0,bf3ca309562a00f0_diesel_premium,J.B.SILVA LDA,BP,diesel_premium,Gasóleo especial,Outro,2.229,Ourique,Beja,Loteamento Rosal Sul - Lote 1,Ourique,7670-368,37.65317,-8.23355,j.b.silva lda,bp,loteamento rosal sul - lote 1,"2,229 €",2026-05-15_dgeg_postos_raw.csv,4a4a6d429d0a0ecb
2026-05-15,2026-05-15 14:31:32,2026-05-12 06:00:00,bf3ca309562a00f0,bf3ca309562a00f0_gasoline_95,J.B.SILVA LDA,BP,gasoline_95,Gasolina simples 95,Outro,2.099,Ourique,Beja,Loteamento Rosal Sul - Lote 1,Ourique,7670-368,37.65317,-8.23355,j.b.silva lda,bp,loteamento rosal sul - lote 1,"2,099 €",2026-05-15_dgeg_postos_raw.csv,fb621f69d1a07f26
2026-05-15,2026-05-15 14:31:32,2026-05-12 06:00:00,bf3ca309562a00f0,bf3ca309562a00f0_gasoline_98,J.B.SILVA LDA,BP,gasoline_98,Gasolina especial 98,Outro,2.299,Ourique,Beja,Loteamento Rosal Sul - Lote 1,Ourique,7670-368,37.65317,-8.23355,j.b.silva lda,bp,loteamento rosal sul - lote 1,"2,299 €",2026-05-15_dgeg_postos_raw.csv,560657084a3b444a
2026-05-15,2026-05-15 14:31:32,2026-05-12 06:00:00,033165cd0e098295,033165cd0e098295_diesel_premium,E. LECLERC VALONGO,LECLERC,diesel_premium,Gasóleo especial,Outro,1.939,Valongo,Porto,ELECLERC,Valongo,4440-702,41.196873,-8.510386,e. leclerc valongo,leclerc,eleclerc,"1,939 €",2026-05-15_dgeg_postos_raw.csv,76e979cc1dd08773
2026-05-15,2026-05-15 14:31:32,2026-05-12 06:00:00,033165cd0e098295,033165cd0e098295_diesel_regular,E. LECLERC VALONGO,LECLERC,diesel_regular,Gasóleo simples,Outro,1.889,Valongo,Porto,ELECLERC,Valongo,4440-702,41.196873,-8.510386,e. leclerc valongo,leclerc,eleclerc,"1,889 €",2026-05-15_dgeg_postos_raw.csv,8a6b1d1d5aac7882
2026-05-15,2026-05-15 14:31:32,2026-05-12 06:00:00,033165cd0e098295,033165cd0e098295_gasoline_95,E. LECLERC VALONGO,LECLERC,gasoline_95,Gasolina simples 95,Outro,1.869,Valongo,Porto,ELECLERC,Valongo,4440-702,41.196873,-8.510386,e. leclerc valongo,leclerc,eleclerc,"1,869 €",2026-05-15_dgeg_postos_raw.csv,0ce00e5bb93cfef1
2026-05-15,2026-05-15 14:31:32,2026-05-12 06:00:00,b0ba7228e2aca685,b0ba7228e2aca685_gasoline_98,Posto BP Resende Centro,BP,gasoline_98,Gasolina especial 98,Outro,2.299,Resende,Viseu,"EN222, R. Seminário, s/n",Resende,4660-210,41.109461,-7.953167,posto bp resende centro,bp,"en222, r. seminário, s/n","2,299 €",2026-05-15_dgeg_postos_raw.csv,e214025e3b82e21f
2026-05-15,2026-05-15 14:31:32,2026-05-12 06:15:00,f6c708c0423f1830,f6c708c0423f1830_diesel_regular,BP DA LOURINHÃ,BP,diesel_regular,Gasóleo simples,Outro,2.069,Lourinhã,Lisboa,Av. Dr. Catanho Menezes,Lourinhã,2530-117,39.24488,-9.3114,bp da lourinhã,bp,av. dr. catanho menezes,"2,069 €",2026-05-15_dgeg_postos_raw.csv,76ede801caaaed52
2026-05-15,2026-05-15 14:31:32,2026-05-12 06:15:00,f6c708c0423f1830,f6c708c0423f1830_diesel_premium,BP DA LOURINHÃ,BP,diesel_premium,Gasóleo especial,Outro,2.229,Lourinhã,Lisboa,Av. Dr. Catanho Menezes,Lourinhã,2530-117,39.24488,-9.3114,bp da lourinhã,bp,av. dr. catanho menezes,"2,229 €",2026-05-15_dgeg_postos_raw.csv,758f342359dc5953
2026-05-15,2026-05-15 14:31:32,2026-05-12 06:15:00,f6c708c0423f1830,f6c708c0423f1830_gasoline_95,BP DA LOURINHÃ,BP,gasoline_95,Gasolina simples 95,Outro,2.059,Lourinhã,Lisboa,Av. Dr. Catanho Menezes,Lourinhã,2530-117,39.24488,-9.3114,bp da lourinhã,bp,av. dr. catanho menezes,"2,059 €",2026-05-15_dgeg_postos_raw.csv,b96a60a247642e41
2026-05-15,2026-05-15 14:31:32,2026-05-12 06:15:00,f6c708c0423f1830,f6c708c0423f1830_gasoline_98,BP DA LOURINHÃ,BP,gasoline_98,Gasolina especial 98,Outro,2.299,Lourinhã,Lisboa,Av. Dr. Catanho Menezes,Lourinhã,2530-117,39.24488,-9.3114,bp da lourinhã,bp,av. dr. catanho menezes,"2,299 €",2026-05-15_dgeg_postos_raw.csv,d66deb912ae19294
2026-05-15,2026-05-15 14:31:32,2026-05-12 06:30:00,7b2b3ae2419f62c6,7b2b3ae2419f62c6_diesel_regular,BP Vale de Cambra,BP,diesel_regular,Gasóleo simples,Outro,2.079,Vale de Cambra,Aveiro,"Av.Infante D.Henrique, Nº6",Vale de Cambra,3730-241,40.84927,-8.396744,bp vale de cambra,bp,"av.infante d.henrique, nº6","2,079 €",2026-05-15_dgeg_postos_raw.csv,3f9331196974601f
2026-05-15,2026-05-15 14:31:32,2026-05-12 06:30:00,7b2b3ae2419f62c6,7b2b3ae2419f62c6_diesel_premium,BP Vale de Cambra,BP,diesel_premium,Gasóleo especial,Outro,2.229,Vale de Cambra,Aveiro,"Av.Infante D.Henrique, Nº6",Vale de Cambra,3730-241,40.84927,-8.396744,bp vale de cambra,bp,"av.infante d.henrique, nº6","2,229 €",2026-05-15_dgeg_postos_raw.csv,64dec4b75987d701
2026-05-15,2026-05-15 14:31:32,2026-05-12 06:30:00,7b2b3ae2419f62c6,7b2b3ae2419f62c6_gasoline_95,BP Vale de Cambra,BP,gasoline_95,Gasolina simples 95,Outro,2.069,Vale de Cambra,Aveiro,"Av.Infante D.Henrique, Nº6",Vale de Cambra,3730-241,40.84927,-8.396744,bp vale de cambra,bp,"av.infante d.henrique, nº6","2,069 €",2026-05-15_dgeg_postos_raw.csv,a80a6637854e1d56
2026-05-15,2026-05-15 14:31:32,2026-05-12 06:30:00,f5cc1fcfbf694904,f5cc1fcfbf694904_diesel_regular,TF JUNQUEIRA,FREITAS,diesel_regular,Gasóleo simples,Outro,1.989,Vila do Conde,Porto,Rua da Ponte nº 835,Junqueira,4480-277,41.38537,-8.68608,tf junqueira,freitas,rua da ponte nº 835,"1,989 €",2026-05-15_dgeg_postos_raw.csv,e89a0315c0a39454
2026-05-15,2026-05-15 14:31:32,2026-05-12 06:30:00,f5cc1fcfbf694904,f5cc1fcfbf694904_diesel_premium,TF JUNQUEIRA,FREITAS,diesel_premium,Gasóleo especial,Outro,2.009,Vila do Conde,Porto,Rua da Ponte nº 835,Junqueira,4480-277,41.38537,-8.68608,tf junqueira,freitas,rua da ponte nº 835,"2,009 €",2026-05-15_dgeg_postos_raw.csv,3f6025e1a8f77452
2026-05-15,2026-05-15 14:31:32,2026-05-12 06:30:00,f5cc1fcfbf694904,f5cc1fcfbf694904_gasoline_95,TF JUNQUEIRA,FREITAS,gasoline_95,Gasolina simples 95,Outro,1.999,Vila do Conde,Porto,Rua da Ponte nº 835,Junqueira,4480-277,41.38537,-8.68608,tf junqueira,freitas,rua da ponte nº 835,"1,999 €",2026-05-15_dgeg_postos_raw.csv,8f2a1db5451ab533
2026-05-15,2026-05-15 14:31:32,2026-05-12 06:30:00,f5cc1fcfbf694904,f5cc1fcfbf694904_gasoline_98,TF JUNQUEIRA,FREITAS,gasoline_98,Gasolina especial 98,Outro,2.249,Vila do Conde,Porto,Rua da Ponte nº 835,Junqueira,4480-277,41.38537,-8.68608,tf junqueira,freitas,rua da ponte nº 835,"2,249 €",2026-05-15_dgeg_postos_raw.csv,4fa3f8c808e893ef
2026-05-15,2026-05-15 14:31:32,2026-05-12 06:30:00,7b2b3ae2419f62c6,7b2b3ae2419f62c6_gasoline_98,BP Vale de Cambra,BP,gasoline_98,Gasolina especial 98,Outro,2.299,Vale de Cambra,Aveiro,"Av.Infante D.Henrique, Nº6",Vale de Cambra,3730-241,40.84927,-8.396744,bp vale de cambra,bp,"av.infante d.henrique, nº6","2,299 €",2026-05-15_dgeg_postos_raw.csv,d24a4ccdf1d9ee10
2026-05-15,2026-05-15 14:31:32,2026-05-12 06:30:00,703e7a6e75c36c9c,703e7a6e75c36c9c_diesel_regular,TFGest - Loureiro,FREITAS,diesel_regular,Gasóleo simples,Outro,1.999,Oliveira de Azeméis,Aveiro,"Rua do Barão, 1433",Alumieira,3720-051,40.81305,-8.528302,tfgest - loureiro,freitas,"rua do barão, 1433","1,999 €",2026-05-15_dgeg_postos_raw.csv,297bdadb1c856c20
2026-05-15,2026-05-15 14:31:32,2026-05-12 06:30:00,703e7a6e75c36c9c,703e7a6e75c36c9c_diesel_premium,TFGest - Loureiro,FREITAS,diesel_premium,Gasóleo especial,Outro,2.019,Oliveira de Azeméis,Aveiro,"Rua do Barão, 1433",Alumieira,3720-051,40.81305,-8.528302,tfgest - loureiro,freitas,"rua do barão, 1433","2,019 €",2026-05-15_dgeg_postos_raw.csv,cdafba009f872ce9
2026-05-15,2026-05-15 14:31:32,2026-05-12 06:30:00,703e7a6e75c36c9c,703e7a6e75c36c9c_gasoline_95,TFGest - Loureiro,FREITAS,gasoline_95,Gasolina simples 95,Outro,2.009,Oliveira de Azeméis,Aveiro,"Rua do Barão, 1433",Alumieira,3720-051,40.81305,-8.528302,tfgest - loureiro,freitas,"rua do barão, 1433","2,009 €",2026-05-15_dgeg_postos_raw.csv,3de97ff75833a497
2026-05-15,2026-05-15 14:31:32,2026-05-12 06:30:00,703e7a6e75c36c9c,703e7a6e75c36c9c_gasoline_98,TFGest - Loureiro,FREITAS,gasoline_98,Gasolina especial 98,Outro,2.209,Oliveira de Azeméis,Aveiro,"Rua do Barão, 1433",Alumieira,3720-051,40.81305,-8.528302,tfgest - loureiro,freitas,"rua do barão, 1433","2,209 €",2026-05-15_dgeg_postos_raw.csv,10cabdc62426b980
2026-05-15,2026-05-15 14:31:32,2026-05-12 06:45:00,fd701d00b001d17d,fd701d00b001d17d_diesel_regular,"GASONAVE Sociedade de Exploração de Combustiveis, Lda",REDIL,diesel_regular,Gasóleo simples,Outro,1.979,Moimenta da Beira,Viseu,EN 329,Espinheiro,3620-000,40.952507,-7.735805,"gasonave sociedade de exploração de combustiveis, lda",redil,en 329,"1,979 €",2026-05-15_dgeg_postos_raw.csv,fd3f5624abf8b11a
2026-05-15,2026-05-15 14:31:32,2026-05-12 06:45:00,fd701d00b001d17d,fd701d00b001d17d_diesel_premium,"GASONAVE Sociedade de Exploração de Combustiveis, Lda",REDIL,diesel_premium,Gasóleo especial,Outro,2.009,Moimenta da Beira,Viseu,EN 329,Espinheiro,3620-000,40.952507,-7.735805,"gasonave sociedade de exploração de combustiveis, lda",redil,en 329,"2,009 €",2026-05-15_dgeg_postos_raw.csv,56de0455d9de3312
2026-05-15,2026-05-15 14:31:32,2026-05-12 06:45:00,fd701d00b001d17d,fd701d00b001d17d_gasoline_95,"GASONAVE Sociedade de Exploração de Combustiveis, Lda",REDIL,gasoline_95,Gasolina simples 95,Outro,1.969,Moimenta da Beira,Viseu,EN 329,Espinheiro,3620-000,40.952507,-7.735805,"gasonave sociedade de exploração de combustiveis, lda",redil,en 329,"1,969 €",2026-05-15_dgeg_postos_raw.csv,dc8a31f9a3f702ef
2026-05-15,2026-05-15 14:31:32,2026-05-12 06:45:00,39049413eb751664,39049413eb751664_diesel_regular,Gasonave Sarzedo - Posto 2,Genérico,diesel_regular,Gasóleo simples,Outro,1.979,Moimenta da Beira,Viseu,Lugar da Craveira - Sarzedo,Sarzedo,3620-480,41.001286,-7.665691,gasonave sarzedo - posto 2,genérico,lugar da craveira - sarzedo,"1,979 €",2026-05-15_dgeg_postos_raw.csv,dd396af7a128db4f
2026-05-15,2026-05-15 14:31:32,2026-05-12 06:45:00,39049413eb751664,39049413eb751664_gasoline_95,Gasonave Sarzedo - Posto 2,Genérico,gasoline_95,Gasolina simples 95,Outro,1.969,Moimenta da Beira,Viseu,Lugar da Craveira - Sarzedo,Sarzedo,3620-480,41.001286,-7.665691,gasonave sarzedo - posto 2,genérico,lugar da craveira - sarzedo,"1,969 €",2026-05-15_dgeg_postos_raw.csv,68c27f9e7c15f5c3
2026-05-15,2026-05-15 14:31:32,2026-05-12 06:45:00,39049413eb751664,39049413eb751664_diesel_premium,Gasonave Sarzedo - Posto 2,Genérico,diesel_premium,Gasóleo especial,Outro,2.009,Moimenta da Beira,Viseu,Lugar da Craveira - Sarzedo,Sarzedo,3620-480,41.001286,-7.665691,gasonave sarzedo - posto 2,genérico,lugar da craveira - sarzedo,"2,009 €",2026-05-15_dgeg_postos_raw.csv,5021ea0276d007aa
2026-05-15,2026-05-15 14:31:32,2026-05-12 06:50:00,2bd914df41f36c95,2bd914df41f36c95_gasoline_98,LOURES,BP,gasoline_98,Gasolina especial 98,Outro,2.299,Loures,Lisboa,"Rua da Républica nº 24, A e B",Loures,2670-469,38.828503,-9.164711,loures,bp,"rua da républica nº 24, a e b","2,299 €",2026-05-15_dgeg_postos_raw.csv,89220f440bd37fb5
2026-05-15,2026-05-15 14:31:32,2026-05-12 06:50:00,7e67fa36191d887d,7e67fa36191d887d_diesel_regular,INTERMARCHÉ MONTEMOR-O-VELHO,INTERMARCHÉ,diesel_regular,Gasóleo simples,Outro,1.895,Montemor-o-Velho,Coimbra,Urbanização Vinha da Parreira lote nº3,Montemor-o-velho,3140-249,40.184727,-8.672047,intermarché montemor-o-velho,intermarché,urbanização vinha da parreira lote nº3,"1,895 €",2026-05-15_dgeg_postos_raw.csv,85d0c84be1ec7086
2026-05-15,2026-05-15 14:31:32,2026-05-12 06:50:00,7e67fa36191d887d,7e67fa36191d887d_diesel_premium,INTERMARCHÉ MONTEMOR-O-VELHO,INTERMARCHÉ,diesel_premium,Gasóleo especial,Outro,1.925,Montemor-o-Velho,Coimbra,Urbanização Vinha da Parreira lote nº3,Montemor-o-velho,3140-249,40.184727,-8.672047,intermarché montemor-o-velho,intermarché,urbanização vinha da parreira lote nº3,"1,925 €",2026-05-15_dgeg_postos_raw.csv,c0fa971302ad2ba2
2026-05-15,2026-05-15 14:31:32,2026-05-12 06:50:00,7e67fa36191d887d,7e67fa36191d887d_gasoline_95,INTERMARCHÉ MONTEMOR-O-VELHO,INTERMARCHÉ,gasoline_95,Gasolina simples 95,Outro,1.895,Montemor-o-Velho,Coimbra,Urbanização Vinha da Parreira lote nº3,Montemor-o-velho,3140-249,40.184727,-8.672047,intermarché montemor-o-velho,intermarché,urbanização vinha da parreira lote nº3,"1,895 €",2026-05-15_dgeg_postos_raw.csv,098a95a10122e08b
2026-05-15,2026-05-15 14:31:32,2026-05-12 06:50:00,2bd914df41f36c95,2bd914df41f36c95_diesel_regular,LOURES,BP,diesel_regular,Gasóleo simples,Outro,2.109,Loures,Lisboa,"Rua da Républica nº 24, A e B",Loures,2670-469,38.828503,-9.164711,loures,bp,"rua da républica nº 24, a e b","2,109 €",2026-05-15_dgeg_postos_raw.csv,4622b8468de530d4
2026-05-15,2026-05-15 14:31:32,2026-05-12 06:50:00,2bd914df41f36c95,2bd914df41f36c95_diesel_premium,LOURES,BP,diesel_premium,Gasóleo especial,Outro,2.229,Loures,Lisboa,"Rua da Républica nº 24, A e B",Loures,2670-469,38.828503,-9.164711,loures,bp,"rua da républica nº 24, a e b","2,229 €",2026-05-15_dgeg_postos_raw.csv,bbc8d062b275c2ff
2026-05-15,2026-05-15 14:31:32,2026-05-12 06:50:00,2bd914df41f36c95,2bd914df41f36c95_gasoline_95,LOURES,BP,gasoline_95,Gasolina simples 95,Outro,2.099,Loures,Lisboa,"Rua da Républica nº 24, A e B",Loures,2670-469,38.828503,-9.164711,loures,bp,"rua da républica nº 24, a e b","2,099 €",2026-05-15_dgeg_postos_raw.csv,73364ad3b874781d
2026-05-15,2026-05-15 14:31:32,2026-05-12 07:00:00,529c8ac292ca48f2,529c8ac292ca48f2_diesel_regular,"Comblupe, Lda",BP,diesel_regular,Gasóleo simples,Outro,2.109,Lisboa,Lisboa,"Av. Infante D. Henrique, 61",Lisboa,1900-264,38.7253,-9.111503,"comblupe, lda",bp,"av. infante d. henrique, 61","2,109 €",2026-05-15_dgeg_postos_raw.csv,39f763e2d183a73a
2026-05-15,2026-05-15 14:31:32,2026-05-12 07:00:00,529c8ac292ca48f2,529c8ac292ca48f2_diesel_premium,"Comblupe, Lda",BP,diesel_premium,Gasóleo especial,Outro,2.229,Lisboa,Lisboa,"Av. Infante D. Henrique, 61",Lisboa,1900-264,38.7253,-9.111503,"comblupe, lda",bp,"av. infante d. henrique, 61","2,229 €",2026-05-15_dgeg_postos_raw.csv,8935a753bea6f4ee
2026-05-15,2026-05-15 14:31:32,2026-05-12 07:00:00,529c8ac292ca48f2,529c8ac292ca48f2_gasoline_95,"Comblupe, Lda",BP,gasoline_95,Gasolina simples 95,Outro,2.099,Lisboa,Lisboa,"Av. Infante D. Henrique, 61",Lisboa,1900-264,38.7253,-9.111503,"comblupe, lda",bp,"av. infante d. henrique, 61","2,099 €",2026-05-15_dgeg_postos_raw.csv,4698be9fef264dd6
2026-05-15,2026-05-15 14:31:32,2026-05-12 07:00:00,529c8ac292ca48f2,529c8ac292ca48f2_gasoline_98,"Comblupe, Lda",BP,gasoline_98,Gasolina especial 98,Outro,2.299,Lisboa,Lisboa,"Av. Infante D. Henrique, 61",Lisboa,1900-264,38.7253,-9.111503,"comblupe, lda",bp,"av. infante d. henrique, 61","2,299 €",2026-05-15_dgeg_postos_raw.csv,913812debc32d8e0
2026-05-15,2026-05-15 14:31:32,2026-05-12 07:00:00,789c359072b4a66a,789c359072b4a66a_diesel_regular,TFGEST Guimarães,FREITAS,diesel_regular,Gasóleo simples,Outro,1.979,Guimarães,Braga,"Rua Cidade de Guimarães, nº 2088",S. Torcato,4800-858,41.475805,-8.268977,tfgest guimarães,freitas,"rua cidade de guimarães, nº 2088","1,979 €",2026-05-15_dgeg_postos_raw.csv,6b9c43b9d28f2c2e
2026-05-15,2026-05-15 14:31:32,2026-05-12 07:00:00,789c359072b4a66a,789c359072b4a66a_diesel_premium,TFGEST Guimarães,FREITAS,diesel_premium,Gasóleo especial,Outro,2.009,Guimarães,Braga,"Rua Cidade de Guimarães, nº 2088",S. Torcato,4800-858,41.475805,-8.268977,tfgest guimarães,freitas,"rua cidade de guimarães, nº 2088","2,009 €",2026-05-15_dgeg_postos_raw.csv,89a75e3b1c9eaafe
2026-05-15,2026-05-15 14:31:32,2026-05-12 07:00:00,789c359072b4a66a,789c359072b4a66a_gasoline_95,TFGEST Guimarães,FREITAS,gasoline_95,Gasolina simples 95,Outro,1.979,Guimarães,Braga,"Rua Cidade de Guimarães, nº 2088",S. Torcato,4800-858,41.475805,-8.268977,tfgest guimarães,freitas,"rua cidade de guimarães, nº 2088","1,979 €",2026-05-15_dgeg_postos_raw.csv,bde4db221b0089d7
2026-05-15,2026-05-15 14:31:32,2026-05-12 07:00:00,acc01eda9dc5f4b5,acc01eda9dc5f4b5_diesel_regular,TF GEST Cerdal_Viana do Castelo,FREITAS,diesel_regular,Gasóleo simples,Outro,2.009,Valença,Viana do Castelo,Rua da Povoença Passos,Cerdal,4930-106,41.972065,-8.640773,tf gest cerdal_viana do castelo,freitas,rua da povoença passos,"2,009 €",2026-05-15_dgeg_postos_raw.csv,db9aed799fe2fb79
2026-05-15,2026-05-15 14:31:32,2026-05-12 07:00:00,acc01eda9dc5f4b5,acc01eda9dc5f4b5_diesel_premium,TF GEST Cerdal_Viana do Castelo,FREITAS,diesel_premium,Gasóleo especial,Outro,2.039,Valença,Viana do Castelo,Rua da Povoença Passos,Cerdal,4930-106,41.972065,-8.640773,tf gest cerdal_viana do castelo,freitas,rua da povoença passos,"2,039 €",2026-05-15_dgeg_postos_raw.csv,32b730028a0364e2
2026-05-15,2026-05-15 14:31:32,2026-05-12 07:00:00,acc01eda9dc5f4b5,acc01eda9dc5f4b5_gasoline_95,TF GEST Cerdal_Viana do Castelo,FREITAS,gasoline_95,Gasolina simples 95,Outro,2.009,Valença,Viana do Castelo,Rua da Povoença Passos,Cerdal,4930-106,41.972065,-8.640773,tf gest cerdal_viana do castelo,freitas,rua da povoença passos,"2,009 €",2026-05-15_dgeg_postos_raw.csv,71c9efc069fbcc2f
2026-05-15,2026-05-15 14:31:32,2026-05-12 07:00:00,acc01eda9dc5f4b5,acc01eda9dc5f4b5_gasoline_98,TF GEST Cerdal_Viana do Castelo,FREITAS,gasoline_98,Gasolina especial 98,Outro,2.239,Valença,Viana do Castelo,Rua da Povoença Passos,Cerdal,4930-106,41.972065,-8.640773,tf gest cerdal_viana do castelo,freitas,rua da povoença passos,"2,239 €",2026-05-15_dgeg_postos_raw.csv,bafdaa9d1d8a3e23
2026-05-15,2026-05-15 14:31:32,2026-05-12 07:00:00,3a712e49e5d831ef,3a712e49e5d831ef_diesel_regular,TF GEST FRADELOS,FREITAS,diesel_regular,Gasóleo simples,Outro,1.999,Vila Nova de Famalicão,Braga,"Rua D. Sancho I, 2436",Fradelos,4760-485,41.37457,-8.60016,tf gest fradelos,freitas,"rua d. sancho i, 2436","1,999 €",2026-05-15_dgeg_postos_raw.csv,53b0dd0692c4d24c
2026-05-15,2026-05-15 14:31:32,2026-05-12 07:00:00,3a712e49e5d831ef,3a712e49e5d831ef_diesel_premium,TF GEST FRADELOS,FREITAS,diesel_premium,Gasóleo especial,Outro,2.029,Vila Nova de Famalicão,Braga,"Rua D. Sancho I, 2436",Fradelos,4760-485,41.37457,-8.60016,tf gest fradelos,freitas,"rua d. sancho i, 2436","2,029 €",2026-05-15_dgeg_postos_raw.csv,ea88a68163a42ef9
2026-05-15,2026-05-15 14:31:32,2026-05-12 07:00:00,3a712e49e5d831ef,3a712e49e5d831ef_gasoline_95,TF GEST FRADELOS,FREITAS,gasoline_95,Gasolina simples 95,Outro,2.009,Vila Nova de Famalicão,Braga,"Rua D. Sancho I, 2436",Fradelos,4760-485,41.37457,-8.60016,tf gest fradelos,freitas,"rua d. sancho i, 2436","2,009 €",2026-05-15_dgeg_postos_raw.csv,187a34a0c840e99a
2026-05-15,2026-05-15 14:31:32,2026-05-12 07:00:00,060d5eccb466fcd9,060d5eccb466fcd9_diesel_regular,PA GENERICO SOALHEIRA,Genérico,diesel_regular,Gasóleo simples,Outro,2.079,Fundão,Castelo Branco,ESTRADA DAS ENGUIAS,Soalheira,6005-300,40.038784,-7.476565,pa generico soalheira,genérico,estrada das enguias,"2,079 €",2026-05-15_dgeg_postos_raw.csv,07699848f871ec02
2026-05-15,2026-05-15 14:31:32,2026-05-12 07:00:00,060d5eccb466fcd9,060d5eccb466fcd9_diesel_premium,PA GENERICO SOALHEIRA,Genérico,diesel_premium,Gasóleo especial,Outro,2.114,Fundão,Castelo Branco,ESTRADA DAS ENGUIAS,Soalheira,6005-300,40.038784,-7.476565,pa generico soalheira,genérico,estrada das enguias,"2,114 €",2026-05-15_dgeg_postos_raw.csv,9b28c3a052ca3afe
2026-05-15,2026-05-15 14:31:32,2026-05-12 07:00:00,060d5eccb466fcd9,060d5eccb466fcd9_gasoline_95,PA GENERICO SOALHEIRA,Genérico,gasoline_95,Gasolina simples 95,Outro,2.067,Fundão,Castelo Branco,ESTRADA DAS ENGUIAS,Soalheira,6005-300,40.038784,-7.476565,pa generico soalheira,genérico,estrada das enguias,"2,067 €",2026-05-15_dgeg_postos_raw.csv,283ff9538c2a6dc1
2026-05-15,2026-05-15 14:31:32,2026-05-12 07:00:00,3c86f9b3aa224c46,3c86f9b3aa224c46_diesel_regular,BP - Lisboa - Av. Columbano,BP,diesel_regular,Gasóleo simples,Outro,2.109,Lisboa,Lisboa,"Av. Columbano Bordalo Pinheiro, 72 A/C",Lisboa,1070-064,38.738564,-9.163124,bp - lisboa - av. columbano,bp,"av. columbano bordalo pinheiro, 72 a/c","2,109 €",2026-05-15_dgeg_postos_raw.csv,e356b023019cccbf
2026-05-15,2026-05-15 14:31:32,2026-05-12 07:00:00,3c86f9b3aa224c46,3c86f9b3aa224c46_diesel_premium,BP - Lisboa - Av. Columbano,BP,diesel_premium,Gasóleo especial,Outro,2.229,Lisboa,Lisboa,"Av. Columbano Bordalo Pinheiro, 72 A/C",Lisboa,1070-064,38.738564,-9.163124,bp - lisboa - av. columbano,bp,"av. columbano bordalo pinheiro, 72 a/c","2,229 €",2026-05-15_dgeg_postos_raw.csv,0ca0dc798d66f8e0
2026-05-15,2026-05-15 14:31:32,2026-05-12 07:00:00,3c86f9b3aa224c46,3c86f9b3aa224c46_gasoline_95,BP - Lisboa - Av. Columbano,BP,gasoline_95,Gasolina simples 95,Outro,2.099,Lisboa,Lisboa,"Av. Columbano Bordalo Pinheiro, 72 A/C",Lisboa,1070-064,38.738564,-9.163124,bp - lisboa - av. columbano,bp,"av. columbano bordalo pinheiro, 72 a/c","2,099 €",2026-05-15_dgeg_postos_raw.csv,36df101323a197d9
2026-05-15,2026-05-15 14:31:32,2026-05-12 07:00:00,3c86f9b3aa224c46,3c86f9b3aa224c46_gasoline_98,BP - Lisboa - Av. Columbano,BP,gasoline_98,Gasolina especial 98,Outro,2.299,Lisboa,Lisboa,"Av. Columbano Bordalo Pinheiro, 72 A/C",Lisboa,1070-064,38.738564,-9.163124,bp - lisboa - av. columbano,bp,"av. columbano bordalo pinheiro, 72 a/c","2,299 €",2026-05-15_dgeg_postos_raw.csv,fef6d1e823b92cfd
2026-05-15,2026-05-15 14:31:32,2026-05-12 07:00:00,9bff9d411dad066d,9bff9d411dad066d_diesel_regular,BP QUINTA NOVA,BP,diesel_regular,Gasóleo simples,Outro,2.109,Loures,Lisboa,EN 115,Quinta Nova Rua do Funchal - Olival da Quinta Nova,2670-000,38.8386,-9.165657,bp quinta nova,bp,en 115,"2,109 €",2026-05-15_dgeg_postos_raw.csv,466c054a31a6a87a
2026-05-15,2026-05-15 14:31:32,2026-05-12 07:00:00,9bff9d411dad066d,9bff9d411dad066d_diesel_premium,BP QUINTA NOVA,BP,diesel_premium,Gasóleo especial,Outro,2.229,Loures,Lisboa,EN 115,Quinta Nova Rua do Funchal - Olival da Quinta Nova,2670-000,38.8386,-9.165657,bp quinta nova,bp,en 115,"2,229 €",2026-05-15_dgeg_postos_raw.csv,f0d0cc18eca83ad3
2026-05-15,2026-05-15 14:31:32,2026-05-12 07:00:00,9bff9d411dad066d,9bff9d411dad066d_gasoline_95,BP QUINTA NOVA,BP,gasoline_95,Gasolina simples 95,Outro,2.099,Loures,Lisboa,EN 115,Quinta Nova Rua do Funchal - Olival da Quinta Nova,2670-000,38.8386,-9.165657,bp quinta nova,bp,en 115,"2,099 €",2026-05-15_dgeg_postos_raw.csv,f2f3635a1514f146
2026-05-15,2026-05-15 14:31:32,2026-05-12 07:00:00,9bff9d411dad066d,9bff9d411dad066d_gasoline_98,BP QUINTA NOVA,BP,gasoline_98,Gasolina especial 98,Outro,2.299,Loures,Lisboa,EN 115,Quinta Nova Rua do Funchal - Olival da Quinta Nova,2670-000,38.8386,-9.165657,bp quinta nova,bp,en 115,"2,299 €",2026-05-15_dgeg_postos_raw.csv,ba96faf52f8ec878
2026-05-15,2026-05-15 14:31:32,2026-05-12 07:00:00,af021acef20242f2,af021acef20242f2_diesel_regular,BP S. JOÃO DA TALHA,BP,diesel_regular,Gasóleo simples,Outro,2.089,Loures,Lisboa,"EN 10 Km 138,4",S. João da Talha,2670-000,38.823099,-9.087986,bp s. joão da talha,bp,"en 10 km 138,4","2,089 €",2026-05-15_dgeg_postos_raw.csv,ef5852df0517f703
2026-05-15,2026-05-15 14:31:32,2026-05-12 07:00:00,af021acef20242f2,af021acef20242f2_diesel_premium,BP S. JOÃO DA TALHA,BP,diesel_premium,Gasóleo especial,Outro,2.229,Loures,Lisboa,"EN 10 Km 138,4",S. João da Talha,2670-000,38.823099,-9.087986,bp s. joão da talha,bp,"en 10 km 138,4","2,229 €",2026-05-15_dgeg_postos_raw.csv,86b9e96056a7fe00
2026-05-15,2026-05-15 14:31:32,2026-05-12 07:00:00,af021acef20242f2,af021acef20242f2_gasoline_95,BP S. JOÃO DA TALHA,BP,gasoline_95,Gasolina simples 95,Outro,2.079,Loures,Lisboa,"EN 10 Km 138,4",S. João da Talha,2670-000,38.823099,-9.087986,bp s. joão da talha,bp,"en 10 km 138,4","2,079 €",2026-05-15_dgeg_postos_raw.csv,1a1223350a25c04c
2026-05-15,2026-05-15 14:31:32,2026-05-12 07:00:00,af021acef20242f2,af021acef20242f2_gasoline_98,BP S. JOÃO DA TALHA,BP,gasoline_98,Gasolina especial 98,Outro,2.299,Loures,Lisboa,"EN 10 Km 138,4",S. João da Talha,2670-000,38.823099,-9.087986,bp s. joão da talha,bp,"en 10 km 138,4","2,299 €",2026-05-15_dgeg_postos_raw.csv,ce98139b4a863cc0
2026-05-15,2026-05-15 14:31:32,2026-05-12 07:00:00,ce03653302e503b4,ce03653302e503b4_diesel_regular,Intermarché de Beja,INTERMARCHÉ,diesel_regular,Gasóleo simples,Outro,1.909,Beja,Beja,Av. Fialho de Almeida nº 78,Beja,7800-395,38.004242,-7.865718,intermarché de beja,intermarché,av. fialho de almeida nº 78,"1,909 €",2026-05-15_dgeg_postos_raw.csv,62597a66836cf040
2026-05-15,2026-05-15 14:31:32,2026-05-12 07:00:00,ce03653302e503b4,ce03653302e503b4_diesel_premium,Intermarché de Beja,INTERMARCHÉ,diesel_premium,Gasóleo especial,Outro,1.979,Beja,Beja,Av. Fialho de Almeida nº 78,Beja,7800-395,38.004242,-7.865718,intermarché de beja,intermarché,av. fialho de almeida nº 78,"1,979 €",2026-05-15_dgeg_postos_raw.csv,271d9a02999ef531
2026-05-15,2026-05-15 14:31:32,2026-05-12 07:00:00,ce03653302e503b4,ce03653302e503b4_gasoline_95,Intermarché de Beja,INTERMARCHÉ,gasoline_95,Gasolina simples 95,Outro,1.919,Beja,Beja,Av. Fialho de Almeida nº 78,Beja,7800-395,38.004242,-7.865718,intermarché de beja,intermarché,av. fialho de almeida nº 78,"1,919 €",2026-05-15_dgeg_postos_raw.csv,7d5dd59e58096341
2026-05-15,2026-05-15 14:31:32,2026-05-12 07:00:00,642af390175d5546,642af390175d5546_diesel_premium,E. LECLERC FEIRA,LECLERC,diesel_premium,Gasóleo especial,Outro,1.909,Santa Maria da Feira,Aveiro,Rua 5 de Outubro -Zona Industrial do Cavaco,Santa Maria da Feira,4520-162,40.9387,-8.54072,e. leclerc feira,leclerc,rua 5 de outubro -zona industrial do cavaco,"1,909 €",2026-05-15_dgeg_postos_raw.csv,4df80b29233b1784
2026-05-15,2026-05-15 14:31:32,2026-05-12 07:00:00,642af390175d5546,642af390175d5546_diesel_regular,E. LECLERC FEIRA,LECLERC,diesel_regular,Gasóleo simples,Outro,1.869,Santa Maria da Feira,Aveiro,Rua 5 de Outubro -Zona Industrial do Cavaco,Santa Maria da Feira,4520-162,40.9387,-8.54072,e. leclerc feira,leclerc,rua 5 de outubro -zona industrial do cavaco,"1,869 €",2026-05-15_dgeg_postos_raw.csv,cb9d8398bda087ba
2026-05-15,2026-05-15 14:31:32,2026-05-12 07:00:00,642af390175d5546,642af390175d5546_gasoline_95,E. LECLERC FEIRA,LECLERC,gasoline_95,Gasolina simples 95,Outro,1.879,Santa Maria da Feira,Aveiro,Rua 5 de Outubro -Zona Industrial do Cavaco,Santa Maria da Feira,4520-162,40.9387,-8.54072,e. leclerc feira,leclerc,rua 5 de outubro -zona industrial do cavaco,"1,879 €",2026-05-15_dgeg_postos_raw.csv,d842e534c07e53c8
2026-05-15,2026-05-15 14:31:32,2026-05-12 07:00:00,c68ec4ec72328024,c68ec4ec72328024_diesel_premium,GASOLAR - CAMINHA,GASOLAR,diesel_premium,Gasóleo especial,Outro,1.999,Caminha,Viana do Castelo,"Estrada Nacional 13 , 1248",LANHELAS,4910-204,41.90873,-8.79339,gasolar - caminha,gasolar,"estrada nacional 13 , 1248","1,999 €",2026-05-15_dgeg_postos_raw.csv,845b00c9d020d8a6
2026-05-15,2026-05-15 14:31:32,2026-05-12 07:00:00,c68ec4ec72328024,c68ec4ec72328024_diesel_regular,GASOLAR - CAMINHA,GASOLAR,diesel_regular,Gasóleo simples,Outro,1.969,Caminha,Viana do Castelo,"Estrada Nacional 13 , 1248",LANHELAS,4910-204,41.90873,-8.79339,gasolar - caminha,gasolar,"estrada nacional 13 , 1248","1,969 €",2026-05-15_dgeg_postos_raw.csv,39458fc4fab72d3f
2026-05-15,2026-05-15 14:31:32,2026-05-12 07:00:00,c68ec4ec72328024,c68ec4ec72328024_gasoline_95,GASOLAR - CAMINHA,GASOLAR,gasoline_95,Gasolina simples 95,Outro,1.939,Caminha,Viana do Castelo,"Estrada Nacional 13 , 1248",LANHELAS,4910-204,41.90873,-8.79339,gasolar - caminha,gasolar,"estrada nacional 13 , 1248","1,939 €",2026-05-15_dgeg_postos_raw.csv,894efce23a68880d
2026-05-15,2026-05-15 14:31:32,2026-05-12 07:00:00,c526a9e8a20648e1,c526a9e8a20648e1_gasoline_95,P.A. Mourisca,Genérico,gasoline_95,Gasolina simples 95,Outro,2.031,Pombal,Leiria,Rua Principal nº63,Mata Mourisca,3105-198,39.95248,-8.74927,p.a. mourisca,genérico,rua principal nº63,"2,031 €",2026-05-15_dgeg_postos_raw.csv,21cea3f2fc5c990f
2026-05-15,2026-05-15 14:31:32,2026-05-12 07:00:00,c526a9e8a20648e1,c526a9e8a20648e1_diesel_regular,P.A. Mourisca,Genérico,diesel_regular,Gasóleo simples,Outro,1.916,Pombal,Leiria,Rua Principal nº63,Mata Mourisca,3105-198,39.95248,-8.74927,p.a. mourisca,genérico,rua principal nº63,"1,916 €",2026-05-15_dgeg_postos_raw.csv,bd47e7b7f73eced4
2026-05-15,2026-05-15 14:31:32,2026-05-12 07:00:00,cb8601e438f6046f,cb8601e438f6046f_diesel_regular,PETROCARAMULO Lda.,Genérico,diesel_regular,Gasóleo simples,Outro,2.029,Tondela,Viseu,Av. Dr. Jerónimo de Lacerda n.º 1186,Caramulo,3475-046,40.57166,-8.17111,petrocaramulo lda.,genérico,av. dr. jerónimo de lacerda n.º 1186,"2,029 €",2026-05-15_dgeg_postos_raw.csv,2e6a5259bdaaeeae
2026-05-15,2026-05-15 14:31:32,2026-05-12 07:00:00,cb8601e438f6046f,cb8601e438f6046f_diesel_premium,PETROCARAMULO Lda.,Genérico,diesel_premium,Gasóleo especial,Outro,2.049,Tondela,Viseu,Av. Dr. Jerónimo de Lacerda n.º 1186,Caramulo,3475-046,40.57166,-8.17111,petrocaramulo lda.,genérico,av. dr. jerónimo de lacerda n.º 1186,"2,049 €",2026-05-15_dgeg_postos_raw.csv,94aa5244188c8041
2026-05-15,2026-05-15 14:31:32,2026-05-12 07:00:00,cb8601e438f6046f,cb8601e438f6046f_gasoline_95,PETROCARAMULO Lda.,Genérico,gasoline_95,Gasolina simples 95,Outro,2.047,Tondela,Viseu,Av. Dr. Jerónimo de Lacerda n.º 1186,Caramulo,3475-046,40.57166,-8.17111,petrocaramulo lda.,genérico,av. dr. jerónimo de lacerda n.º 1186,"2,047 €",2026-05-15_dgeg_postos_raw.csv,2f22ce18a5b6cb97
2026-05-15,2026-05-15 14:31:32,2026-05-12 07:00:00,41bd6ae7799e1e74,41bd6ae7799e1e74_diesel_regular,A41 Moreira-Maia (Norte),BP,diesel_regular,Gasóleo simples,Auto-estrada,2.109,Maia,Porto,"Área de Serviço Moreira-Maia, A41 Sublanço Alipor, EN 3, km 4,3 e 4,8",Maia,4470-372,41.23717,-8.65447,a41 moreira-maia (norte),bp,"área de serviço moreira-maia, a41 sublanço alipor, en 3, km 4,3 e 4,8","2,109 €",2026-05-15_dgeg_postos_raw.csv,e632a939611df9c6
2026-05-15,2026-05-15 14:31:32,2026-05-12 07:00:00,41bd6ae7799e1e74,41bd6ae7799e1e74_diesel_premium,A41 Moreira-Maia (Norte),BP,diesel_premium,Gasóleo especial,Auto-estrada,2.229,Maia,Porto,"Área de Serviço Moreira-Maia, A41 Sublanço Alipor, EN 3, km 4,3 e 4,8",Maia,4470-372,41.23717,-8.65447,a41 moreira-maia (norte),bp,"área de serviço moreira-maia, a41 sublanço alipor, en 3, km 4,3 e 4,8","2,229 €",2026-05-15_dgeg_postos_raw.csv,5a570b89a01d9427
2026-05-15,2026-05-15 14:31:32,2026-05-12 07:00:00,41bd6ae7799e1e74,41bd6ae7799e1e74_gasoline_95,A41 Moreira-Maia (Norte),BP,gasoline_95,Gasolina simples 95,Auto-estrada,2.099,Maia,Porto,"Área de Serviço Moreira-Maia, A41 Sublanço Alipor, EN 3, km 4,3 e 4,8",Maia,4470-372,41.23717,-8.65447,a41 moreira-maia (norte),bp,"área de serviço moreira-maia, a41 sublanço alipor, en 3, km 4,3 e 4,8","2,099 €",2026-05-15_dgeg_postos_raw.csv,81d4f1abc3b1fdbf
2026-05-15,2026-05-15 14:31:32,2026-05-12 07:00:00,41bd6ae7799e1e74,41bd6ae7799e1e74_gasoline_98,A41 Moreira-Maia (Norte),BP,gasoline_98,Gasolina especial 98,Auto-estrada,2.299,Maia,Porto,"Área de Serviço Moreira-Maia, A41 Sublanço Alipor, EN 3, km 4,3 e 4,8",Maia,4470-372,41.23717,-8.65447,a41 moreira-maia (norte),bp,"área de serviço moreira-maia, a41 sublanço alipor, en 3, km 4,3 e 4,8","2,299 €",2026-05-15_dgeg_postos_raw.csv,3a2dabb69f261d9a
2026-05-15,2026-05-15 14:31:32,2026-05-12 07:00:00,da032db3c811d2fe,da032db3c811d2fe_diesel_regular,BP Rio Maior Centro,BP,diesel_regular,Gasóleo simples,Outro,2.109,Rio Maior,Santarém,"Av. Dr. João Afonso Calado da Maia, n.º6",Rio Maior,2040-094,39.33619,-8.93253,bp rio maior centro,bp,"av. dr. joão afonso calado da maia, n.º6","2,109 €",2026-05-15_dgeg_postos_raw.csv,05f246242682b7fc
2026-05-15,2026-05-15 14:31:32,2026-05-12 07:00:00,da032db3c811d2fe,da032db3c811d2fe_diesel_premium,BP Rio Maior Centro,BP,diesel_premium,Gasóleo especial,Outro,2.229,Rio Maior,Santarém,"Av. Dr. João Afonso Calado da Maia, n.º6",Rio Maior,2040-094,39.33619,-8.93253,bp rio maior centro,bp,"av. dr. joão afonso calado da maia, n.º6","2,229 €",2026-05-15_dgeg_postos_raw.csv,99b8508df34f7931
2026-05-15,2026-05-15 14:31:32,2026-05-12 07:00:00,da032db3c811d2fe,da032db3c811d2fe_gasoline_95,BP Rio Maior Centro,BP,gasoline_95,Gasolina simples 95,Outro,2.099,Rio Maior,Santarém,"Av. Dr. João Afonso Calado da Maia, n.º6",Rio Maior,2040-094,39.33619,-8.93253,bp rio maior centro,bp,"av. dr. joão afonso calado da maia, n.º6","2,099 €",2026-05-15_dgeg_postos_raw.csv,46b2c3937060777f
2026-05-15,2026-05-15 14:31:32,2026-05-12 07:00:00,da032db3c811d2fe,da032db3c811d2fe_gasoline_98,BP Rio Maior Centro,BP,gasoline_98,Gasolina especial 98,Outro,2.299,Rio Maior,Santarém,"Av. Dr. João Afonso Calado da Maia, n.º6",Rio Maior,2040-094,39.33619,-8.93253,bp rio maior centro,bp,"av. dr. joão afonso calado da maia, n.º6","2,299 €",2026-05-15_dgeg_postos_raw.csv,d8a45144c5eafe0d
2026-05-15,2026-05-15 14:31:32,2026-05-12 07:00:00,59ae480c99fd4aec,59ae480c99fd4aec_diesel_regular,Bombas Maxi-Tem,Genérico,diesel_regular,Gasóleo simples,Outro,1.899,Ribeira de Pena,Vila Real,"R. das Figueirinhas, 2",Ribeira de Pena,4870-159,41.519969,-7.796516,bombas maxi-tem,genérico,"r. das figueirinhas, 2","1,899 €",2026-05-15_dgeg_postos_raw.csv,2503f655e8ad016a
2026-05-15,2026-05-15 14:31:32,2026-05-12 07:00:00,59ae480c99fd4aec,59ae480c99fd4aec_diesel_premium,Bombas Maxi-Tem,Genérico,diesel_premium,Gasóleo especial,Outro,1.929,Ribeira de Pena,Vila Real,"R. das Figueirinhas, 2",Ribeira de Pena,4870-159,41.519969,-7.796516,bombas maxi-tem,genérico,"r. das figueirinhas, 2","1,929 €",2026-05-15_dgeg_postos_raw.csv,ef7cbdce91c21170
2026-05-15,2026-05-15 14:31:32,2026-05-12 07:00:00,59ae480c99fd4aec,59ae480c99fd4aec_gasoline_95,Bombas Maxi-Tem,Genérico,gasoline_95,Gasolina simples 95,Outro,1.909,Ribeira de Pena,Vila Real,"R. das Figueirinhas, 2",Ribeira de Pena,4870-159,41.519969,-7.796516,bombas maxi-tem,genérico,"r. das figueirinhas, 2","1,909 €",2026-05-15_dgeg_postos_raw.csv,8e9c2a9a58ce8847
2026-05-15,2026-05-15 14:31:32,2026-05-12 07:00:00,9d7f6a28ee4d3991,9d7f6a28ee4d3991_diesel_regular,MAXI COMPRA - PRIO GLÓRIA DO RIBATEJO,PRIO,diesel_regular,Gasóleo simples,Outro,1.974,Salvaterra de Magos,Santarém,"R. Pereira e R. Quebrada d'Agua, 11",Glória do Ribatejo,2125-028,39.04407,-8.64673,maxi compra - prio glória do ribatejo,prio,"r. pereira e r. quebrada d'agua, 11","1,974 €",2026-05-15_dgeg_postos_raw.csv,406304c3c8e06bc6
2026-05-15,2026-05-15 14:31:32,2026-05-12 07:00:00,9d7f6a28ee4d3991,9d7f6a28ee4d3991_diesel_premium,MAXI COMPRA - PRIO GLÓRIA DO RIBATEJO,PRIO,diesel_premium,Gasóleo especial,Outro,1.954,Salvaterra de Magos,Santarém,"R. Pereira e R. Quebrada d'Agua, 11",Glória do Ribatejo,2125-028,39.04407,-8.64673,maxi compra - prio glória do ribatejo,prio,"r. pereira e r. quebrada d'agua, 11","1,954 €",2026-05-15_dgeg_postos_raw.csv,f760d739406e0a95
2026-05-15,2026-05-15 14:31:32,2026-05-12 07:00:00,9d7f6a28ee4d3991,9d7f6a28ee4d3991_gasoline_95,MAXI COMPRA - PRIO GLÓRIA DO RIBATEJO,PRIO,gasoline_95,Gasolina simples 95,Outro,2.009,Salvaterra de Magos,Santarém,"R. Pereira e R. Quebrada d'Agua, 11",Glória do Ribatejo,2125-028,39.04407,-8.64673,maxi compra - prio glória do ribatejo,prio,"r. pereira e r. quebrada d'agua, 11","2,009 €",2026-05-15_dgeg_postos_raw.csv,a35adbdae87099c1
2026-05-15,2026-05-15 14:31:32,2026-05-12 07:00:00,bc6ea278a5a7df0c,bc6ea278a5a7df0c_diesel_regular,INTERMARCHÉ CARVALHOS,INTERMARCHÉ,diesel_regular,Gasóleo simples,Outro,1.889,Vila Nova de Gaia,Porto,R. da Voltinha,PEDROSO,4415-369,41.05809,-8.56718,intermarché carvalhos,intermarché,r. da voltinha,"1,889 €",2026-05-15_dgeg_postos_raw.csv,67eba8637afeae26
2026-05-15,2026-05-15 14:31:32,2026-05-12 07:00:00,bc6ea278a5a7df0c,bc6ea278a5a7df0c_diesel_premium,INTERMARCHÉ CARVALHOS,INTERMARCHÉ,diesel_premium,Gasóleo especial,Outro,1.919,Vila Nova de Gaia,Porto,R. da Voltinha,PEDROSO,4415-369,41.05809,-8.56718,intermarché carvalhos,intermarché,r. da voltinha,"1,919 €",2026-05-15_dgeg_postos_raw.csv,7396a6c95aa7dc87
2026-05-15,2026-05-15 14:31:32,2026-05-12 07:00:00,bc6ea278a5a7df0c,bc6ea278a5a7df0c_gasoline_95,INTERMARCHÉ CARVALHOS,INTERMARCHÉ,gasoline_95,Gasolina simples 95,Outro,1.879,Vila Nova de Gaia,Porto,R. da Voltinha,PEDROSO,4415-369,41.05809,-8.56718,intermarché carvalhos,intermarché,r. da voltinha,"1,879 €",2026-05-15_dgeg_postos_raw.csv,ab0509d09b71a3fd
2026-05-15,2026-05-15 14:31:32,2026-05-12 07:00:00,5ace85471fe63e49,5ace85471fe63e49_diesel_regular,INTERMARCHE CANELAS,INTERMARCHÉ,diesel_regular,Gasóleo simples,Outro,1.889,Vila Nova de Gaia,Porto,"R. Delfim de Lima, 1525",Canelas,4410-228,41.076501,-8.601422,intermarche canelas,intermarché,"r. delfim de lima, 1525","1,889 €",2026-05-15_dgeg_postos_raw.csv,d584af8eeda040b6
2026-05-15,2026-05-15 14:31:32,2026-05-12 07:00:00,5ace85471fe63e49,5ace85471fe63e49_diesel_premium,INTERMARCHE CANELAS,INTERMARCHÉ,diesel_premium,Gasóleo especial,Outro,1.919,Vila Nova de Gaia,Porto,"R. Delfim de Lima, 1525",Canelas,4410-228,41.076501,-8.601422,intermarche canelas,intermarché,"r. delfim de lima, 1525","1,919 €",2026-05-15_dgeg_postos_raw.csv,7def08b40e37e648
2026-05-15,2026-05-15 14:31:32,2026-05-12 07:00:00,5ace85471fe63e49,5ace85471fe63e49_gasoline_95,INTERMARCHE CANELAS,INTERMARCHÉ,gasoline_95,Gasolina simples 95,Outro,1.879,Vila Nova de Gaia,Porto,"R. Delfim de Lima, 1525",Canelas,4410-228,41.076501,-8.601422,intermarche canelas,intermarché,"r. delfim de lima, 1525","1,879 €",2026-05-15_dgeg_postos_raw.csv,f200f92694aeabb1
2026-05-15,2026-05-15 14:31:32,2026-05-12 07:00:00,430d0e0d503aa205,430d0e0d503aa205_diesel_regular,INTERMARCHÉ ARCOZELO,INTERMARCHÉ,diesel_regular,Gasóleo simples,Outro,1.889,Vila Nova de Gaia,Porto,"Rua da Corga, nº 15",Arcozelo,4410-440,41.042038,-8.631575,intermarché arcozelo,intermarché,"rua da corga, nº 15","1,889 €",2026-05-15_dgeg_postos_raw.csv,f225d6a6e444a5ef
2026-05-15,2026-05-15 14:31:32,2026-05-12 07:00:00,430d0e0d503aa205,430d0e0d503aa205_diesel_premium,INTERMARCHÉ ARCOZELO,INTERMARCHÉ,diesel_premium,Gasóleo especial,Outro,1.919,Vila Nova de Gaia,Porto,"Rua da Corga, nº 15",Arcozelo,4410-440,41.042038,-8.631575,intermarché arcozelo,intermarché,"rua da corga, nº 15","1,919 €",2026-05-15_dgeg_postos_raw.csv,a1c9ee62080ca15e
2026-05-15,2026-05-15 14:31:32,2026-05-12 07:00:00,430d0e0d503aa205,430d0e0d503aa205_gasoline_95,INTERMARCHÉ ARCOZELO,INTERMARCHÉ,gasoline_95,Gasolina simples 95,Outro,1.879,Vila Nova de Gaia,Porto,"Rua da Corga, nº 15",Arcozelo,4410-440,41.042038,-8.631575,intermarché arcozelo,intermarché,"rua da corga, nº 15","1,879 €",2026-05-15_dgeg_postos_raw.csv,f9f88e2b72d7659e
2026-05-15,2026-05-15 14:31:32,2026-05-12 07:15:00,21aace31dcae3be5,21aace31dcae3be5_diesel_regular,GASOSILVA,Genérico,diesel_regular,Gasóleo simples,Outro,2.069,Santarém,Santarém,Rua José Júlio da Silva Delgado,Póvoa da Isenta,2005-085,39.2226,-8.75338,gasosilva,genérico,rua josé júlio da silva delgado,"2,069 €",2026-05-15_dgeg_postos_raw.csv,be1abacd3e43fb53
2026-05-15,2026-05-15 14:31:32,2026-05-12 07:15:00,21aace31dcae3be5,21aace31dcae3be5_diesel_premium,GASOSILVA,Genérico,diesel_premium,Gasóleo especial,Outro,2.109,Santarém,Santarém,Rua José Júlio da Silva Delgado,Póvoa da Isenta,2005-085,39.2226,-8.75338,gasosilva,genérico,rua josé júlio da silva delgado,"2,109 €",2026-05-15_dgeg_postos_raw.csv,01390bcfb31f6cb5
2026-05-15,2026-05-15 14:31:32,2026-05-12 07:15:00,21aace31dcae3be5,21aace31dcae3be5_gasoline_95,GASOSILVA,Genérico,gasoline_95,Gasolina simples 95,Outro,2.039,Santarém,Santarém,Rua José Júlio da Silva Delgado,Póvoa da Isenta,2005-085,39.2226,-8.75338,gasosilva,genérico,rua josé júlio da silva delgado,"2,039 €",2026-05-15_dgeg_postos_raw.csv,bd7fb46ac2590766
2026-05-15,2026-05-15 14:31:32,2026-05-12 07:25:00,9584b0af056c7079,9584b0af056c7079_diesel_regular,INTERMARCHÉ DE VILA VERDE,INTERMARCHÉ,diesel_regular,Gasóleo simples,Outro,1.895,Vila Verde,Braga,EN 101,Lugar do Souto-Geme,4730-180,41.658179,-8.431526,intermarché de vila verde,intermarché,en 101,"1,895 €",2026-05-15_dgeg_postos_raw.csv,ba8ebf235a84c61b
2026-05-15,2026-05-15 14:31:32,2026-05-12 07:25:00,9584b0af056c7079,9584b0af056c7079_gasoline_95,INTERMARCHÉ DE VILA VERDE,INTERMARCHÉ,gasoline_95,Gasolina simples 95,Outro,1.895,Vila Verde,Braga,EN 101,Lugar do Souto-Geme,4730-180,41.658179,-8.431526,intermarché de vila verde,intermarché,en 101,"1,895 €",2026-05-15_dgeg_postos_raw.csv,9e6c28c3b5579db0
2026-05-15,2026-05-15 14:31:32,2026-05-12 07:25:00,9584b0af056c7079,9584b0af056c7079_diesel_premium,INTERMARCHÉ DE VILA VERDE,INTERMARCHÉ,diesel_premium,Gasóleo especial,Outro,1.925,Vila Verde,Braga,EN 101,Lugar do Souto-Geme,4730-180,41.658179,-8.431526,intermarché de vila verde,intermarché,en 101,"1,925 €",2026-05-15_dgeg_postos_raw.csv,c26fef3c0c01ef6b
2026-05-15,2026-05-15 14:31:32,2026-05-12 07:25:00,6e7d90e3bd8f138f,6e7d90e3bd8f138f_diesel_regular,S. JOÃO DA MADEIRA,BP,diesel_regular,Gasóleo simples,Outro,2.079,São João da Madeira,Aveiro,Rua do Visconde nº 1841,São João da Madeira,3700-265,40.893464,-8.489913,s. joão da madeira,bp,rua do visconde nº 1841,"2,079 €",2026-05-15_dgeg_postos_raw.csv,ddacc083100095c3
2026-05-15,2026-05-15 14:31:32,2026-05-12 07:25:00,6e7d90e3bd8f138f,6e7d90e3bd8f138f_diesel_premium,S. JOÃO DA MADEIRA,BP,diesel_premium,Gasóleo especial,Outro,2.229,São João da Madeira,Aveiro,Rua do Visconde nº 1841,São João da Madeira,3700-265,40.893464,-8.489913,s. joão da madeira,bp,rua do visconde nº 1841,"2,229 €",2026-05-15_dgeg_postos_raw.csv,bb6dd5d955331489
2026-05-15,2026-05-15 14:31:32,2026-05-12 07:25:00,6e7d90e3bd8f138f,6e7d90e3bd8f138f_gasoline_95,S. JOÃO DA MADEIRA,BP,gasoline_95,Gasolina simples 95,Outro,2.069,São João da Madeira,Aveiro,Rua do Visconde nº 1841,São João da Madeira,3700-265,40.893464,-8.489913,s. joão da madeira,bp,rua do visconde nº 1841,"2,069 €",2026-05-15_dgeg_postos_raw.csv,d544b95bed4eaece
2026-05-15,2026-05-15 14:31:32,2026-05-12 07:25:00,6e7d90e3bd8f138f,6e7d90e3bd8f138f_gasoline_98,S. JOÃO DA MADEIRA,BP,gasoline_98,Gasolina especial 98,Outro,2.299,São João da Madeira,Aveiro,Rua do Visconde nº 1841,São João da Madeira,3700-265,40.893464,-8.489913,s. joão da madeira,bp,rua do visconde nº 1841,"2,299 €",2026-05-15_dgeg_postos_raw.csv,1a55bdf1be6042e2
2026-05-15,2026-05-15 14:31:32,2026-05-12 07:30:00,e4b09db7ffc3b58e,e4b09db7ffc3b58e_diesel_regular,BP Porches Norte,BP,diesel_regular,Gasóleo simples,Outro,2.069,Lagoa,Faro,"E. N. 125 - Km 55,9",Porches,8400-489,37.12659,-8.404223,bp porches norte,bp,"e. n. 125 - km 55,9","2,069 €",2026-05-15_dgeg_postos_raw.csv,6a4238797cbd671e
2026-05-15,2026-05-15 14:31:32,2026-05-12 07:30:00,e4b09db7ffc3b58e,e4b09db7ffc3b58e_diesel_premium,BP Porches Norte,BP,diesel_premium,Gasóleo especial,Outro,2.229,Lagoa,Faro,"E. N. 125 - Km 55,9",Porches,8400-489,37.12659,-8.404223,bp porches norte,bp,"e. n. 125 - km 55,9","2,229 €",2026-05-15_dgeg_postos_raw.csv,b216994b0078da8b
2026-05-15,2026-05-15 14:31:32,2026-05-12 07:30:00,e4b09db7ffc3b58e,e4b09db7ffc3b58e_gasoline_95,BP Porches Norte,BP,gasoline_95,Gasolina simples 95,Outro,2.079,Lagoa,Faro,"E. N. 125 - Km 55,9",Porches,8400-489,37.12659,-8.404223,bp porches norte,bp,"e. n. 125 - km 55,9","2,079 €",2026-05-15_dgeg_postos_raw.csv,efed59bfeb143cd0
2026-05-15,2026-05-15 14:31:32,2026-05-12 07:30:00,e4b09db7ffc3b58e,e4b09db7ffc3b58e_gasoline_98,BP Porches Norte,BP,gasoline_98,Gasolina especial 98,Outro,2.299,Lagoa,Faro,"E. N. 125 - Km 55,9",Porches,8400-489,37.12659,-8.404223,bp porches norte,bp,"e. n. 125 - km 55,9","2,299 €",2026-05-15_dgeg_postos_raw.csv,d697f18a38153624
2026-05-15,2026-05-15 14:31:32,2026-05-12 07:30:00,fad97d3bed7e9934,fad97d3bed7e9934_diesel_regular,BP Porches Sul,BP,diesel_regular,Gasóleo simples,Outro,2.069,Lagoa,Faro,"E. N. 125 - Km 55,9",Porches,8400-489,37.12628,-8.404112,bp porches sul,bp,"e. n. 125 - km 55,9","2,069 €",2026-05-15_dgeg_postos_raw.csv,c53c69992a665cce
2026-05-15,2026-05-15 14:31:32,2026-05-12 07:30:00,fad97d3bed7e9934,fad97d3bed7e9934_diesel_premium,BP Porches Sul,BP,diesel_premium,Gasóleo especial,Outro,2.229,Lagoa,Faro,"E. N. 125 - Km 55,9",Porches,8400-489,37.12628,-8.404112,bp porches sul,bp,"e. n. 125 - km 55,9","2,229 €",2026-05-15_dgeg_postos_raw.csv,966571fdcfe148a6
2026-05-15,2026-05-15 14:31:32,2026-05-12 07:30:00,fad97d3bed7e9934,fad97d3bed7e9934_gasoline_95,BP Porches Sul,BP,gasoline_95,Gasolina simples 95,Outro,2.079,Lagoa,Faro,"E. N. 125 - Km 55,9",Porches,8400-489,37.12628,-8.404112,bp porches sul,bp,"e. n. 125 - km 55,9","2,079 €",2026-05-15_dgeg_postos_raw.csv,ff4fc8fbd246cfc0
2026-05-15,2026-05-15 14:31:32,2026-05-12 07:30:00,fad97d3bed7e9934,fad97d3bed7e9934_gasoline_98,BP Porches Sul,BP,gasoline_98,Gasolina especial 98,Outro,2.299,Lagoa,Faro,"E. N. 125 - Km 55,9",Porches,8400-489,37.12628,-8.404112,bp porches sul,bp,"e. n. 125 - km 55,9","2,299 €",2026-05-15_dgeg_postos_raw.csv,1d8266c5b05bca12
2026-05-15,2026-05-15 14:31:32,2026-05-12 07:30:00,0e43fd2cfac7c10a,0e43fd2cfac7c10a_diesel_regular,Intermarché de ELVAS,INTERMARCHÉ,diesel_regular,Gasóleo simples,Outro,1.889,Elvas,Portalegre,Rua Paco Bandeira n.º 4,Elvas,7350-310,38.874694,-7.184537,intermarché de elvas,intermarché,rua paco bandeira n.º 4,"1,889 €",2026-05-15_dgeg_postos_raw.csv,c4f180fb2deb8ad7
2026-05-15,2026-05-15 14:31:32,2026-05-12 07:30:00,0e43fd2cfac7c10a,0e43fd2cfac7c10a_gasoline_95,Intermarché de ELVAS,INTERMARCHÉ,gasoline_95,Gasolina simples 95,Outro,1.949,Elvas,Portalegre,Rua Paco Bandeira n.º 4,Elvas,7350-310,38.874694,-7.184537,intermarché de elvas,intermarché,rua paco bandeira n.º 4,"1,949 €",2026-05-15_dgeg_postos_raw.csv,03151a1c16484a0e
2026-05-15,2026-05-15 14:31:32,2026-05-12 07:30:00,09e7c76f5c038803,09e7c76f5c038803_diesel_regular,Intermarche - oliveira do Bairro,INTERMARCHÉ,diesel_regular,Gasóleo simples,Outro,1.899,Oliveira do Bairro,Aveiro,Rua da Murta - Zona Industrial,Oliveira do Bairro,3770-222,40.513419,-8.487462,intermarche - oliveira do bairro,intermarché,rua da murta - zona industrial,"1,899 €",2026-05-15_dgeg_postos_raw.csv,92c51dec60427611
2026-05-15,2026-05-15 14:31:32,2026-05-12 07:30:00,09e7c76f5c038803,09e7c76f5c038803_diesel_premium,Intermarche - oliveira do Bairro,INTERMARCHÉ,diesel_premium,Gasóleo especial,Outro,1.969,Oliveira do Bairro,Aveiro,Rua da Murta - Zona Industrial,Oliveira do Bairro,3770-222,40.513419,-8.487462,intermarche - oliveira do bairro,intermarché,rua da murta - zona industrial,"1,969 €",2026-05-15_dgeg_postos_raw.csv,ecee7b326ff41fd4
2026-05-15,2026-05-15 14:31:32,2026-05-12 07:30:00,09e7c76f5c038803,09e7c76f5c038803_gasoline_95,Intermarche - oliveira do Bairro,INTERMARCHÉ,gasoline_95,Gasolina simples 95,Outro,1.879,Oliveira do Bairro,Aveiro,Rua da Murta - Zona Industrial,Oliveira do Bairro,3770-222,40.513419,-8.487462,intermarche - oliveira do bairro,intermarché,rua da murta - zona industrial,"1,879 €",2026-05-15_dgeg_postos_raw.csv,cbe14af9abe2335c
2026-05-15,2026-05-15 14:31:32,2026-05-12 07:30:00,71b9feca559e5411,71b9feca559e5411_diesel_regular,BP - Lixa,BP,diesel_regular,Gasóleo simples,Outro,2.039,Felgueiras,Porto,Av. Da Republica,Lixa,4615-659,41.331482,-8.151086,bp - lixa,bp,av. da republica,"2,039 €",2026-05-15_dgeg_postos_raw.csv,c14a847b53e53b0f
2026-05-15,2026-05-15 14:31:32,2026-05-12 07:30:00,71b9feca559e5411,71b9feca559e5411_diesel_premium,BP - Lixa,BP,diesel_premium,Gasóleo especial,Outro,2.179,Felgueiras,Porto,Av. Da Republica,Lixa,4615-659,41.331482,-8.151086,bp - lixa,bp,av. da republica,"2,179 €",2026-05-15_dgeg_postos_raw.csv,450d8ec80bc2ad7c
2026-05-15,2026-05-15 14:31:32,2026-05-12 07:30:00,71b9feca559e5411,71b9feca559e5411_gasoline_95,BP - Lixa,BP,gasoline_95,Gasolina simples 95,Outro,2.029,Felgueiras,Porto,Av. Da Republica,Lixa,4615-659,41.331482,-8.151086,bp - lixa,bp,av. da republica,"2,029 €",2026-05-15_dgeg_postos_raw.csv,6256268be6a8e3ff
2026-05-15,2026-05-15 14:31:32,2026-05-12 07:30:00,71b9feca559e5411,71b9feca559e5411_gasoline_98,BP - Lixa,BP,gasoline_98,Gasolina especial 98,Outro,2.249,Felgueiras,Porto,Av. Da Republica,Lixa,4615-659,41.331482,-8.151086,bp - lixa,bp,av. da republica,"2,249 €",2026-05-15_dgeg_postos_raw.csv,41a7a58538e99fe7
2026-05-15,2026-05-15 14:31:32,2026-05-12 07:30:00,109bc8ac785a5957,109bc8ac785a5957_diesel_regular,INTERMARCHÉ CASTELO BRANCO,INTERMARCHÉ,diesel_regular,Gasóleo simples,Outro,1.899,Castelo Branco,Castelo Branco,Zona Industrial - Lote  P 6 C,Castelo Branco,6000-991,39.80939,-7.52527,intermarché castelo branco,intermarché,zona industrial - lote p 6 c,"1,899 €",2026-05-15_dgeg_postos_raw.csv,bea37dc61b127c7a
2026-05-15,2026-05-15 14:31:32,2026-05-12 07:30:00,109bc8ac785a5957,109bc8ac785a5957_diesel_premium,INTERMARCHÉ CASTELO BRANCO,INTERMARCHÉ,diesel_premium,Gasóleo especial,Outro,1.919,Castelo Branco,Castelo Branco,Zona Industrial - Lote  P 6 C,Castelo Branco,6000-991,39.80939,-7.52527,intermarché castelo branco,intermarché,zona industrial - lote p 6 c,"1,919 €",2026-05-15_dgeg_postos_raw.csv,16bbe81235613933
2026-05-15,2026-05-15 14:31:32,2026-05-12 07:30:00,109bc8ac785a5957,109bc8ac785a5957_gasoline_95,INTERMARCHÉ CASTELO BRANCO,INTERMARCHÉ,gasoline_95,Gasolina simples 95,Outro,1.899,Castelo Branco,Castelo Branco,Zona Industrial - Lote  P 6 C,Castelo Branco,6000-991,39.80939,-7.52527,intermarché castelo branco,intermarché,zona industrial - lote p 6 c,"1,899 €",2026-05-15_dgeg_postos_raw.csv,2a7db7616ffb1652
2026-05-15,2026-05-15 14:31:32,2026-05-12 07:30:00,644d0a3af71a7656,644d0a3af71a7656_diesel_regular,INTERMARCHÉ IDANHA-A-NOVA,INTERMARCHÉ,diesel_regular,Gasóleo simples,Outro,1.919,Idanha-a-Nova,Castelo Branco,Zona Nova Expansão,Idanha-A-Nova,6060-101,39.93026,-7.24106,intermarché idanha-a-nova,intermarché,zona nova expansão,"1,919 €",2026-05-15_dgeg_postos_raw.csv,d07a3a16fdd83651
2026-05-15,2026-05-15 14:31:32,2026-05-12 07:30:00,644d0a3af71a7656,644d0a3af71a7656_diesel_premium,INTERMARCHÉ IDANHA-A-NOVA,INTERMARCHÉ,diesel_premium,Gasóleo especial,Outro,1.939,Idanha-a-Nova,Castelo Branco,Zona Nova Expansão,Idanha-A-Nova,6060-101,39.93026,-7.24106,intermarché idanha-a-nova,intermarché,zona nova expansão,"1,939 €",2026-05-15_dgeg_postos_raw.csv,2d38e087e0f1a964
2026-05-15,2026-05-15 14:31:32,2026-05-12 07:30:00,644d0a3af71a7656,644d0a3af71a7656_gasoline_95,INTERMARCHÉ IDANHA-A-NOVA,INTERMARCHÉ,gasoline_95,Gasolina simples 95,Outro,1.919,Idanha-a-Nova,Castelo Branco,Zona Nova Expansão,Idanha-A-Nova,6060-101,39.93026,-7.24106,intermarché idanha-a-nova,intermarché,zona nova expansão,"1,919 €",2026-05-15_dgeg_postos_raw.csv,fb8ed7977da48c63
2026-05-15,2026-05-15 14:31:32,2026-05-12 07:30:00,5f24c75e5a90e563,5f24c75e5a90e563_diesel_regular,INTERMARCHÉ ALCAINS,INTERMARCHÉ,diesel_regular,Gasóleo simples,Outro,1.919,Castelo Branco,Castelo Branco,Estrada de São Domingos,ALCAINS,6005-010,39.91574,-7.4651,intermarché alcains,intermarché,estrada de são domingos,"1,919 €",2026-05-15_dgeg_postos_raw.csv,8e426de69cddd55a
2026-05-15,2026-05-15 14:31:32,2026-05-12 07:30:00,5f24c75e5a90e563,5f24c75e5a90e563_gasoline_95,INTERMARCHÉ ALCAINS,INTERMARCHÉ,gasoline_95,Gasolina simples 95,Outro,1.919,Castelo Branco,Castelo Branco,Estrada de São Domingos,ALCAINS,6005-010,39.91574,-7.4651,intermarché alcains,intermarché,estrada de são domingos,"1,919 €",2026-05-15_dgeg_postos_raw.csv,828f548adf86d2d4
2026-05-15,2026-05-15 14:31:32,2026-05-12 07:30:00,0e43fd2cfac7c10a,0e43fd2cfac7c10a_diesel_premium,Intermarché de ELVAS,INTERMARCHÉ,diesel_premium,Gasóleo especial,Outro,1.909,Elvas,Portalegre,Rua Paco Bandeira n.º 4,Elvas,7350-310,38.874694,-7.184537,intermarché de elvas,intermarché,rua paco bandeira n.º 4,"1,909 €",2026-05-15_dgeg_postos_raw.csv,8a7055a895168ba2
2026-05-15,2026-05-15 14:31:32,2026-05-12 07:30:00,67e7fee10b5d6c94,67e7fee10b5d6c94_diesel_premium,E. LECLERC LOUSADA,LECLERC,diesel_premium,Gasóleo especial,Outro,1.896,Lousada,Porto,"Rua do Comércio, Nº32",Boim,4620-830,41.2646,-8.2926,e. leclerc lousada,leclerc,"rua do comércio, nº32","1,896 €",2026-05-15_dgeg_postos_raw.csv,4d1a51fefeaf7653
2026-05-15,2026-05-15 14:31:32,2026-05-12 07:30:00,67e7fee10b5d6c94,67e7fee10b5d6c94_diesel_regular,E. LECLERC LOUSADA,LECLERC,diesel_regular,Gasóleo simples,Outro,1.856,Lousada,Porto,"Rua do Comércio, Nº32",Boim,4620-830,41.2646,-8.2926,e. leclerc lousada,leclerc,"rua do comércio, nº32","1,856 €",2026-05-15_dgeg_postos_raw.csv,ed8a8a698e55a2bd
2026-05-15,2026-05-15 14:31:32,2026-05-12 07:30:00,67e7fee10b5d6c94,67e7fee10b5d6c94_gasoline_95,E. LECLERC LOUSADA,LECLERC,gasoline_95,Gasolina simples 95,Outro,1.876,Lousada,Porto,"Rua do Comércio, Nº32",Boim,4620-830,41.2646,-8.2926,e. leclerc lousada,leclerc,"rua do comércio, nº32","1,876 €",2026-05-15_dgeg_postos_raw.csv,0d3a9940f3b0992b
2026-05-15,2026-05-15 14:31:32,2026-05-12 07:30:00,b0f0f3c6d4e9b0ed,b0f0f3c6d4e9b0ed_diesel_regular,BP MEIXOMIL,BP,diesel_regular,Gasóleo simples,Outro,2.059,Paços de Ferreira,Porto,"Av. do Marco, nº 197",Meixomil,4595-225,41.28255,-8.38731,bp meixomil,bp,"av. do marco, nº 197","2,059 €",2026-05-15_dgeg_postos_raw.csv,0708324ab7e924bf
2026-05-15,2026-05-15 14:31:32,2026-05-12 07:30:00,b0f0f3c6d4e9b0ed,b0f0f3c6d4e9b0ed_diesel_premium,BP MEIXOMIL,BP,diesel_premium,Gasóleo especial,Outro,2.229,Paços de Ferreira,Porto,"Av. do Marco, nº 197",Meixomil,4595-225,41.28255,-8.38731,bp meixomil,bp,"av. do marco, nº 197","2,229 €",2026-05-15_dgeg_postos_raw.csv,a49ae0ce92c604e5
2026-05-15,2026-05-15 14:31:32,2026-05-12 07:30:00,b0f0f3c6d4e9b0ed,b0f0f3c6d4e9b0ed_gasoline_95,BP MEIXOMIL,BP,gasoline_95,Gasolina simples 95,Outro,2.049,Paços de Ferreira,Porto,"Av. do Marco, nº 197",Meixomil,4595-225,41.28255,-8.38731,bp meixomil,bp,"av. do marco, nº 197","2,049 €",2026-05-15_dgeg_postos_raw.csv,afecc2ccd6553320
2026-05-15,2026-05-15 14:31:32,2026-05-12 07:30:00,b0f0f3c6d4e9b0ed,b0f0f3c6d4e9b0ed_gasoline_98,BP MEIXOMIL,BP,gasoline_98,Gasolina especial 98,Outro,2.299,Paços de Ferreira,Porto,"Av. do Marco, nº 197",Meixomil,4595-225,41.28255,-8.38731,bp meixomil,bp,"av. do marco, nº 197","2,299 €",2026-05-15_dgeg_postos_raw.csv,b6defa70a0c09946
2026-05-15,2026-05-15 14:31:32,2026-05-12 07:30:00,5f24c75e5a90e563,5f24c75e5a90e563_diesel_premium,INTERMARCHÉ ALCAINS,INTERMARCHÉ,diesel_premium,Gasóleo especial,Outro,1.939,Castelo Branco,Castelo Branco,Estrada de São Domingos,ALCAINS,6005-010,39.91574,-7.4651,intermarché alcains,intermarché,estrada de são domingos,"1,939 €",2026-05-15_dgeg_postos_raw.csv,553dc326d42fc43b
2026-05-15,2026-05-15 14:31:32,2026-05-12 07:35:00,c1449b8b526084d2,c1449b8b526084d2_diesel_regular,BP Tondela,BP,diesel_regular,Gasóleo simples,Outro,2.109,Tondela,Viseu,"Av. Eng. Adelino Amaro da Costa, 1095",Tondela,3460-592,40.52366,-8.07253,bp tondela,bp,"av. eng. adelino amaro da costa, 1095","2,109 €",2026-05-15_dgeg_postos_raw.csv,fb420d9b0b6be354
2026-05-15,2026-05-15 14:31:32,2026-05-12 07:35:00,c1449b8b526084d2,c1449b8b526084d2_diesel_premium,BP Tondela,BP,diesel_premium,Gasóleo especial,Outro,2.229,Tondela,Viseu,"Av. Eng. Adelino Amaro da Costa, 1095",Tondela,3460-592,40.52366,-8.07253,bp tondela,bp,"av. eng. adelino amaro da costa, 1095","2,229 €",2026-05-15_dgeg_postos_raw.csv,d9624a86aebed3b2
2026-05-15,2026-05-15 14:31:32,2026-05-12 07:35:00,c1449b8b526084d2,c1449b8b526084d2_gasoline_95,BP Tondela,BP,gasoline_95,Gasolina simples 95,Outro,2.099,Tondela,Viseu,"Av. Eng. Adelino Amaro da Costa, 1095",Tondela,3460-592,40.52366,-8.07253,bp tondela,bp,"av. eng. adelino amaro da costa, 1095","2,099 €",2026-05-15_dgeg_postos_raw.csv,d20ae6d4408a88d1
2026-05-15,2026-05-15 14:31:32,2026-05-12 07:35:00,d744ac8b070b8d7a,d744ac8b070b8d7a_gasoline_95,E.S. V. R. S. ANTONIO,REPSOL,gasoline_95,Gasolina simples 95,Outro,2.034,Vila Real de Santo António,Faro,Av. da República nº 110,Vila Real de Santo António,8900-000,37.19667,-7.41454,e.s. v. r. s. antonio,repsol,av. da república nº 110,"2,034 €",2026-05-15_dgeg_postos_raw.csv,18113b1313feade4
2026-05-15,2026-05-15 14:31:32,2026-05-12 07:35:00,d744ac8b070b8d7a,d744ac8b070b8d7a_gasoline_98,E.S. V. R. S. ANTONIO,REPSOL,gasoline_98,Gasolina especial 98,Outro,2.224,Vila Real de Santo António,Faro,Av. da República nº 110,Vila Real de Santo António,8900-000,37.19667,-7.41454,e.s. v. r. s. antonio,repsol,av. da república nº 110,"2,224 €",2026-05-15_dgeg_postos_raw.csv,2dbfdc94e6c0557b
2026-05-15,2026-05-15 14:31:32,2026-05-12 07:40:00,e2755756cda62773,e2755756cda62773_diesel_regular,"Nelson Mouro, Unip. AB - Unhais da Serra",ALVES BANDEIRA,diesel_regular,Gasóleo simples,Outro,2.04,Covilhã,Castelo Branco,"Avenida 1º de Maio, 12 (EN230)",Unhais da Serra,6215-517,40.25104,-7.62083,"nelson mouro, unip. ab - unhais da serra",alves bandeira,"avenida 1º de maio, 12 (en230)","2,040 €",2026-05-15_dgeg_postos_raw.csv,e62bbaf94abf495a
2026-05-15,2026-05-15 14:31:32,2026-05-12 07:40:00,e2755756cda62773,e2755756cda62773_diesel_premium,"Nelson Mouro, Unip. AB - Unhais da Serra",ALVES BANDEIRA,diesel_premium,Gasóleo especial,Outro,2.06,Covilhã,Castelo Branco,"Avenida 1º de Maio, 12 (EN230)",Unhais da Serra,6215-517,40.25104,-7.62083,"nelson mouro, unip. ab - unhais da serra",alves bandeira,"avenida 1º de maio, 12 (en230)","2,060 €",2026-05-15_dgeg_postos_raw.csv,784ba66e39591477
2026-05-15,2026-05-15 14:31:32,2026-05-12 07:40:00,e2755756cda62773,e2755756cda62773_gasoline_95,"Nelson Mouro, Unip. AB - Unhais da Serra",ALVES BANDEIRA,gasoline_95,Gasolina simples 95,Outro,2.046,Covilhã,Castelo Branco,"Avenida 1º de Maio, 12 (EN230)",Unhais da Serra,6215-517,40.25104,-7.62083,"nelson mouro, unip. ab - unhais da serra",alves bandeira,"avenida 1º de maio, 12 (en230)","2,046 €",2026-05-15_dgeg_postos_raw.csv,6ca6fe3607c7302c
2026-05-15,2026-05-15 14:31:32,2026-05-12 07:45:00,837c231e0d12c8c3,837c231e0d12c8c3_diesel_regular,A41 Moreira-Maia (Sul),BP,diesel_regular,Gasóleo simples,Auto-estrada,2.109,Maia,Porto,"Área de Serviço Moreira-Maia, A41 Sublanço Alipor  EN 3, km 4,3 e 4,8",Maia,4470-372,41.237464,-8.651816,a41 moreira-maia (sul),bp,"área de serviço moreira-maia, a41 sublanço alipor en 3, km 4,3 e 4,8","2,109 €",2026-05-15_dgeg_postos_raw.csv,49891eaf2a7c8b3f
2026-05-15,2026-05-15 14:31:32,2026-05-12 07:45:00,837c231e0d12c8c3,837c231e0d12c8c3_diesel_premium,A41 Moreira-Maia (Sul),BP,diesel_premium,Gasóleo especial,Auto-estrada,2.229,Maia,Porto,"Área de Serviço Moreira-Maia, A41 Sublanço Alipor  EN 3, km 4,3 e 4,8",Maia,4470-372,41.237464,-8.651816,a41 moreira-maia (sul),bp,"área de serviço moreira-maia, a41 sublanço alipor en 3, km 4,3 e 4,8","2,229 €",2026-05-15_dgeg_postos_raw.csv,c454388f830afd30
2026-05-15,2026-05-15 14:31:32,2026-05-12 07:45:00,837c231e0d12c8c3,837c231e0d12c8c3_gasoline_95,A41 Moreira-Maia (Sul),BP,gasoline_95,Gasolina simples 95,Auto-estrada,2.099,Maia,Porto,"Área de Serviço Moreira-Maia, A41 Sublanço Alipor  EN 3, km 4,3 e 4,8",Maia,4470-372,41.237464,-8.651816,a41 moreira-maia (sul),bp,"área de serviço moreira-maia, a41 sublanço alipor en 3, km 4,3 e 4,8","2,099 €",2026-05-15_dgeg_postos_raw.csv,bb26ff8acace60bc
2026-05-15,2026-05-15 14:31:32,2026-05-12 07:45:00,837c231e0d12c8c3,837c231e0d12c8c3_gasoline_98,A41 Moreira-Maia (Sul),BP,gasoline_98,Gasolina especial 98,Auto-estrada,2.229,Maia,Porto,"Área de Serviço Moreira-Maia, A41 Sublanço Alipor  EN 3, km 4,3 e 4,8",Maia,4470-372,41.237464,-8.651816,a41 moreira-maia (sul),bp,"área de serviço moreira-maia, a41 sublanço alipor en 3, km 4,3 e 4,8","2,229 €",2026-05-15_dgeg_postos_raw.csv,352acb6a60e280a0
2026-05-15,2026-05-15 14:31:32,2026-05-12 07:50:00,9e6560b33009bc59,9e6560b33009bc59_diesel_regular,INTERMARCHE DE ARRIFANA,INTERMARCHÉ,diesel_regular,Gasóleo simples,Outro,1.875,Santa Maria da Feira,Aveiro,Rua Aliança Futebol Clube,Arrifana - Lugar do Outeiro,3700-414,40.91203,-8.49257,intermarche de arrifana,intermarché,rua aliança futebol clube,"1,875 €",2026-05-15_dgeg_postos_raw.csv,da910b36a5b836ff
2026-05-15,2026-05-15 14:31:32,2026-05-12 07:50:00,9e6560b33009bc59,9e6560b33009bc59_gasoline_95,INTERMARCHE DE ARRIFANA,INTERMARCHÉ,gasoline_95,Gasolina simples 95,Outro,1.924,Santa Maria da Feira,Aveiro,Rua Aliança Futebol Clube,Arrifana - Lugar do Outeiro,3700-414,40.91203,-8.49257,intermarche de arrifana,intermarché,rua aliança futebol clube,"1,924 €",2026-05-15_dgeg_postos_raw.csv,844a3cd0dd3c877f
2026-05-15,2026-05-15 14:31:32,2026-05-12 07:50:00,140ee92e8039fa1c,140ee92e8039fa1c_diesel_premium,BP - Meinedo,BP,diesel_premium,Gasóleo especial,Outro,2.229,Lousada,Porto,"Av. Magneto, 980",Meinedo,4620-350,41.24876,-8.25595,bp - meinedo,bp,"av. magneto, 980","2,229 €",2026-05-15_dgeg_postos_raw.csv,55e44dc67eae1cc0
2026-05-15,2026-05-15 14:31:32,2026-05-12 07:50:00,140ee92e8039fa1c,140ee92e8039fa1c_diesel_regular,BP - Meinedo,BP,diesel_regular,Gasóleo simples,Outro,2.059,Lousada,Porto,"Av. Magneto, 980",Meinedo,4620-350,41.24876,-8.25595,bp - meinedo,bp,"av. magneto, 980","2,059 €",2026-05-15_dgeg_postos_raw.csv,452740e0c52d5d26
2026-05-15,2026-05-15 14:31:32,2026-05-12 07:50:00,140ee92e8039fa1c,140ee92e8039fa1c_gasoline_98,BP - Meinedo,BP,gasoline_98,Gasolina especial 98,Outro,2.299,Lousada,Porto,"Av. Magneto, 980",Meinedo,4620-350,41.24876,-8.25595,bp - meinedo,bp,"av. magneto, 980","2,299 €",2026-05-15_dgeg_postos_raw.csv,39cbaa9a224d018f
2026-05-15,2026-05-15 14:31:32,2026-05-12 07:50:00,140ee92e8039fa1c,140ee92e8039fa1c_gasoline_95,BP - Meinedo,BP,gasoline_95,Gasolina simples 95,Outro,2.049,Lousada,Porto,"Av. Magneto, 980",Meinedo,4620-350,41.24876,-8.25595,bp - meinedo,bp,"av. magneto, 980","2,049 €",2026-05-15_dgeg_postos_raw.csv,d73fc6138547dd85
2026-05-15,2026-05-15 14:31:32,2026-05-12 07:50:00,9e6560b33009bc59,9e6560b33009bc59_diesel_premium,INTERMARCHE DE ARRIFANA,INTERMARCHÉ,diesel_premium,Gasóleo especial,Outro,1.905,Santa Maria da Feira,Aveiro,Rua Aliança Futebol Clube,Arrifana - Lugar do Outeiro,3700-414,40.91203,-8.49257,intermarche de arrifana,intermarché,rua aliança futebol clube,"1,905 €",2026-05-15_dgeg_postos_raw.csv,0b9c09d11ab1fa6e
2026-05-15,2026-05-15 14:31:32,2026-05-12 07:50:00,fc25606ca4599a85,fc25606ca4599a85_diesel_regular,REPSOL Outeiros,REPSOL,diesel_regular,Gasóleo simples,Outro,2.099,Marvão,Portalegre,Outeiros,Santo António das Areias,7330-215,39.41266,-7.34652,repsol outeiros,repsol,outeiros,"2,099 €",2026-05-15_dgeg_postos_raw.csv,2a81afd91754fe62
2026-05-15,2026-05-15 14:31:32,2026-05-12 07:50:00,fc25606ca4599a85,fc25606ca4599a85_diesel_premium,REPSOL Outeiros,REPSOL,diesel_premium,Gasóleo especial,Outro,2.099,Marvão,Portalegre,Outeiros,Santo António das Areias,7330-215,39.41266,-7.34652,repsol outeiros,repsol,outeiros,"2,099 €",2026-05-15_dgeg_postos_raw.csv,cbbd647abb29f729
2026-05-15,2026-05-15 14:31:32,2026-05-12 07:50:00,fc25606ca4599a85,fc25606ca4599a85_gasoline_95,REPSOL Outeiros,REPSOL,gasoline_95,Gasolina simples 95,Outro,1.99,Marvão,Portalegre,Outeiros,Santo António das Areias,7330-215,39.41266,-7.34652,repsol outeiros,repsol,outeiros,"1,990 €",2026-05-15_dgeg_postos_raw.csv,6701a66af03ca2b1
2026-05-15,2026-05-15 14:31:32,2026-05-12 07:50:00,cbae26f5fed48920,cbae26f5fed48920_diesel_regular,Intermarché Amares,INTERMARCHÉ,diesel_regular,Gasóleo simples,Outro,1.895,Amares,Braga,Rua da Cintura,Bornaria-Qtª do Paço-Ferreiros,4720-333,41.625835,-8.360552,intermarché amares,intermarché,rua da cintura,"1,895 €",2026-05-15_dgeg_postos_raw.csv,fd66a733a85dc572
2026-05-15,2026-05-15 14:31:32,2026-05-12 07:50:00,cbae26f5fed48920,cbae26f5fed48920_diesel_premium,Intermarché Amares,INTERMARCHÉ,diesel_premium,Gasóleo especial,Outro,1.925,Amares,Braga,Rua da Cintura,Bornaria-Qtª do Paço-Ferreiros,4720-333,41.625835,-8.360552,intermarché amares,intermarché,rua da cintura,"1,925 €",2026-05-15_dgeg_postos_raw.csv,b7cb3ac2a02058dd
2026-05-15,2026-05-15 14:31:32,2026-05-12 07:50:00,cbae26f5fed48920,cbae26f5fed48920_gasoline_95,Intermarché Amares,INTERMARCHÉ,gasoline_95,Gasolina simples 95,Outro,1.895,Amares,Braga,Rua da Cintura,Bornaria-Qtª do Paço-Ferreiros,4720-333,41.625835,-8.360552,intermarché amares,intermarché,rua da cintura,"1,895 €",2026-05-15_dgeg_postos_raw.csv,790875e457af77b8
2026-05-15,2026-05-15 14:31:32,2026-05-12 07:50:00,2679b76abfa41bba,2679b76abfa41bba_diesel_regular,BP Seroa,BP,diesel_regular,Gasóleo simples,Outro,2.059,Paços de Ferreira,Porto,Av. Porta da Capital do Móvel n.º 191,Seroa,4595-434,41.25457,-8.439724,bp seroa,bp,av. porta da capital do móvel n.º 191,"2,059 €",2026-05-15_dgeg_postos_raw.csv,e456ac2179cb6fb4
2026-05-15,2026-05-15 14:31:32,2026-05-12 07:50:00,2679b76abfa41bba,2679b76abfa41bba_diesel_premium,BP Seroa,BP,diesel_premium,Gasóleo especial,Outro,2.229,Paços de Ferreira,Porto,Av. Porta da Capital do Móvel n.º 191,Seroa,4595-434,41.25457,-8.439724,bp seroa,bp,av. porta da capital do móvel n.º 191,"2,229 €",2026-05-15_dgeg_postos_raw.csv,4da72c4e7a501657
2026-05-15,2026-05-15 14:31:32,2026-05-12 07:50:00,2679b76abfa41bba,2679b76abfa41bba_gasoline_95,BP Seroa,BP,gasoline_95,Gasolina simples 95,Outro,2.049,Paços de Ferreira,Porto,Av. Porta da Capital do Móvel n.º 191,Seroa,4595-434,41.25457,-8.439724,bp seroa,bp,av. porta da capital do móvel n.º 191,"2,049 €",2026-05-15_dgeg_postos_raw.csv,b726c1e2a2b046ea
2026-05-15,2026-05-15 14:31:32,2026-05-12 07:50:00,2679b76abfa41bba,2679b76abfa41bba_gasoline_98,BP Seroa,BP,gasoline_98,Gasolina especial 98,Outro,2.299,Paços de Ferreira,Porto,Av. Porta da Capital do Móvel n.º 191,Seroa,4595-434,41.25457,-8.439724,bp seroa,bp,av. porta da capital do móvel n.º 191,"2,299 €",2026-05-15_dgeg_postos_raw.csv,27cc8bd155b80c72
2026-05-15,2026-05-15 14:31:32,2026-05-12 07:50:00,489aed3f5ca4bee1,489aed3f5ca4bee1_diesel_regular,BP Ovar,BP,diesel_regular,Gasóleo simples,Outro,2.109,Ovar,Aveiro,Avenida DR. Francisco Sá Carneiro,Ovar,3880-112,40.867912,-8.619103,bp ovar,bp,avenida dr. francisco sá carneiro,"2,109 €",2026-05-15_dgeg_postos_raw.csv,403d9b70607c452d
2026-05-15,2026-05-15 14:31:32,2026-05-12 07:50:00,489aed3f5ca4bee1,489aed3f5ca4bee1_diesel_premium,BP Ovar,BP,diesel_premium,Gasóleo especial,Outro,2.229,Ovar,Aveiro,Avenida DR. Francisco Sá Carneiro,Ovar,3880-112,40.867912,-8.619103,bp ovar,bp,avenida dr. francisco sá carneiro,"2,229 €",2026-05-15_dgeg_postos_raw.csv,91f46a7ce6bd964c
2026-05-15,2026-05-15 14:31:32,2026-05-12 07:50:00,489aed3f5ca4bee1,489aed3f5ca4bee1_gasoline_95,BP Ovar,BP,gasoline_95,Gasolina simples 95,Outro,2.099,Ovar,Aveiro,Avenida DR. Francisco Sá Carneiro,Ovar,3880-112,40.867912,-8.619103,bp ovar,bp,avenida dr. francisco sá carneiro,"2,099 €",2026-05-15_dgeg_postos_raw.csv,1461b7fd7d56b8fc
2026-05-15,2026-05-15 14:31:32,2026-05-12 07:50:00,489aed3f5ca4bee1,489aed3f5ca4bee1_gasoline_98,BP Ovar,BP,gasoline_98,Gasolina especial 98,Outro,2.299,Ovar,Aveiro,Avenida DR. Francisco Sá Carneiro,Ovar,3880-112,40.867912,-8.619103,bp ovar,bp,avenida dr. francisco sá carneiro,"2,299 €",2026-05-15_dgeg_postos_raw.csv,ac2ad53e25c7dc9f
2026-05-15,2026-05-15 14:31:32,2026-05-12 08:00:00,0333759cf11e6935,0333759cf11e6935_diesel_regular,PA INTERMARCHÉ Leiria - GÂNDARA DOS OLIVAIS,INTERMARCHÉ,diesel_regular,Gasóleo simples,Outro,1.895,Leiria,Leiria,Rua da Baquelite - Gândara dos Olivais,Leiria,2415-415,39.76503,-8.817692,pa intermarché leiria - gândara dos olivais,intermarché,rua da baquelite - gândara dos olivais,"1,895 €",2026-05-15_dgeg_postos_raw.csv,82251be8b61953fb
2026-05-15,2026-05-15 14:31:32,2026-05-12 08:00:00,0333759cf11e6935,0333759cf11e6935_diesel_premium,PA INTERMARCHÉ Leiria - GÂNDARA DOS OLIVAIS,INTERMARCHÉ,diesel_premium,Gasóleo especial,Outro,1.909,Leiria,Leiria,Rua da Baquelite - Gândara dos Olivais,Leiria,2415-415,39.76503,-8.817692,pa intermarché leiria - gândara dos olivais,intermarché,rua da baquelite - gândara dos olivais,"1,909 €",2026-05-15_dgeg_postos_raw.csv,f2cdc8f323dc70ef
2026-05-15,2026-05-15 14:31:32,2026-05-12 08:00:00,0333759cf11e6935,0333759cf11e6935_gasoline_95,PA INTERMARCHÉ Leiria - GÂNDARA DOS OLIVAIS,INTERMARCHÉ,gasoline_95,Gasolina simples 95,Outro,1.91,Leiria,Leiria,Rua da Baquelite - Gândara dos Olivais,Leiria,2415-415,39.76503,-8.817692,pa intermarché leiria - gândara dos olivais,intermarché,rua da baquelite - gândara dos olivais,"1,910 €",2026-05-15_dgeg_postos_raw.csv,c71d971f8d65f0c7
2026-05-15,2026-05-15 14:31:32,2026-05-12 08:00:00,f6189560f2c71f52,f6189560f2c71f52_diesel_regular,INTERMARCHÉ CONTACT DE BUDENS,INTERMARCHÉ,diesel_regular,Gasóleo simples,Outro,1.918,Vila do Bispo,Faro,AREIAS DE CIMA,Budens,8650-070,37.08632,-8.827874,intermarché contact de budens,intermarché,areias de cima,"1,918 €",2026-05-15_dgeg_postos_raw.csv,4218b9bda3951515
2026-05-15,2026-05-15 14:31:32,2026-05-12 08:00:00,f6189560f2c71f52,f6189560f2c71f52_gasoline_95,INTERMARCHÉ CONTACT DE BUDENS,INTERMARCHÉ,gasoline_95,Gasolina simples 95,Outro,1.928,Vila do Bispo,Faro,AREIAS DE CIMA,Budens,8650-070,37.08632,-8.827874,intermarché contact de budens,intermarché,areias de cima,"1,928 €",2026-05-15_dgeg_postos_raw.csv,2e851588159027eb
2026-05-15,2026-05-15 14:31:32,2026-05-12 08:00:00,8fd40a29f0257aca,8fd40a29f0257aca_diesel_regular,"Intermarché Distritrancoso, Lda",INTERMARCHÉ,diesel_regular,Gasóleo simples,Outro,1.909,Trancoso,Guarda,Lugar S. Domingos,Trancoso,6420-008,40.763718,-7.352374,"intermarché distritrancoso, lda",intermarché,lugar s. domingos,"1,909 €",2026-05-15_dgeg_postos_raw.csv,aee5bce490ff32ae
2026-05-15,2026-05-15 14:31:32,2026-05-12 08:00:00,8fd40a29f0257aca,8fd40a29f0257aca_gasoline_95,"Intermarché Distritrancoso, Lda",INTERMARCHÉ,gasoline_95,Gasolina simples 95,Outro,1.909,Trancoso,Guarda,Lugar S. Domingos,Trancoso,6420-008,40.763718,-7.352374,"intermarché distritrancoso, lda",intermarché,lugar s. domingos,"1,909 €",2026-05-15_dgeg_postos_raw.csv,f23ba92fb09b434b
2026-05-15,2026-05-15 14:31:32,2026-05-12 08:00:00,28b05c6bfbdbe87a,28b05c6bfbdbe87a_diesel_regular,INTERMARCHÉ  DE GOUVEIA,INTERMARCHÉ,diesel_regular,Gasóleo simples,Outro,1.905,Gouveia,Guarda,"Lugar dos Barreiros, São Julião - Apartado 32",Gouveia,6290-909,40.49922,-7.60273,intermarché de gouveia,intermarché,"lugar dos barreiros, são julião - apartado 32","1,905 €",2026-05-15_dgeg_postos_raw.csv,f0a178c0a0d2b0f9
2026-05-15,2026-05-15 14:31:32,2026-05-12 08:00:00,28b05c6bfbdbe87a,28b05c6bfbdbe87a_gasoline_95,INTERMARCHÉ  DE GOUVEIA,INTERMARCHÉ,gasoline_95,Gasolina simples 95,Outro,1.911,Gouveia,Guarda,"Lugar dos Barreiros, São Julião - Apartado 32",Gouveia,6290-909,40.49922,-7.60273,intermarché de gouveia,intermarché,"lugar dos barreiros, são julião - apartado 32","1,911 €",2026-05-15_dgeg_postos_raw.csv,6345b3bfc8672287
2026-05-15,2026-05-15 14:31:32,2026-05-12 08:00:00,46eae7e307c504d1,46eae7e307c504d1_diesel_regular,INTERMARCHÉ DE AMARANTE,INTERMARCHÉ,diesel_regular,Gasóleo simples,Outro,1.916,Amarante,Porto,Rua do Bombeiro Macieira,Amarante-Lugar da Chentuada,4600-021,41.27395,-8.07563,intermarché de amarante,intermarché,rua do bombeiro macieira,"1,916 €",2026-05-15_dgeg_postos_raw.csv,83fedf0d34bc3d6e
2026-05-15,2026-05-15 14:31:32,2026-05-12 08:00:00,46eae7e307c504d1,46eae7e307c504d1_diesel_premium,INTERMARCHÉ DE AMARANTE,INTERMARCHÉ,diesel_premium,Gasóleo especial,Outro,1.956,Amarante,Porto,Rua do Bombeiro Macieira,Amarante-Lugar da Chentuada,4600-021,41.27395,-8.07563,intermarché de amarante,intermarché,rua do bombeiro macieira,"1,956 €",2026-05-15_dgeg_postos_raw.csv,a949f41eaaa2cba4
2026-05-15,2026-05-15 14:31:32,2026-05-12 08:00:00,46eae7e307c504d1,46eae7e307c504d1_gasoline_95,INTERMARCHÉ DE AMARANTE,INTERMARCHÉ,gasoline_95,Gasolina simples 95,Outro,1.944,Amarante,Porto,Rua do Bombeiro Macieira,Amarante-Lugar da Chentuada,4600-021,41.27395,-8.07563,intermarché de amarante,intermarché,rua do bombeiro macieira,"1,944 €",2026-05-15_dgeg_postos_raw.csv,d197a7b8fe9afb77
2026-05-15,2026-05-15 14:31:32,2026-05-12 08:00:00,ae7a45492c81ab52,ae7a45492c81ab52_diesel_regular,INTERMARCHÉ DA GUARDA,INTERMARCHÉ,diesel_regular,Gasóleo simples,Outro,1.879,Guarda,Guarda,Estrada do BarracãoBairro Senhora dos Remédios,Guarda - Sé,6300-309,40.52795,-7.25111,intermarché da guarda,intermarché,estrada do barracãobairro senhora dos remédios,"1,879 €",2026-05-15_dgeg_postos_raw.csv,3b1d2bcd501d8e34
2026-05-15,2026-05-15 14:31:32,2026-05-12 08:00:00,ae7a45492c81ab52,ae7a45492c81ab52_gasoline_95,INTERMARCHÉ DA GUARDA,INTERMARCHÉ,gasoline_95,Gasolina simples 95,Outro,1.909,Guarda,Guarda,Estrada do BarracãoBairro Senhora dos Remédios,Guarda - Sé,6300-309,40.52795,-7.25111,intermarché da guarda,intermarché,estrada do barracãobairro senhora dos remédios,"1,909 €",2026-05-15_dgeg_postos_raw.csv,5a838fff2bac9f21
2026-05-15,2026-05-15 14:31:32,2026-05-12 08:00:00,2261f50ac569aaf5,2261f50ac569aaf5_diesel_regular,Intermarché de Alcobaça,INTERMARCHÉ,diesel_regular,Gasóleo simples,Outro,1.899,Alcobaça,Leiria,Estrada da Boavista\r\nPataeira - Palmeira,Alcobaça,2460-000,39.553386,-8.969276,intermarché de alcobaça,intermarché,estrada da boavista\r\npataeira - palmeira,"1,899 €",2026-05-15_dgeg_postos_raw.csv,c943f36ce60e04ae
2026-05-15,2026-05-15 14:31:32,2026-05-12 08:00:00,2261f50ac569aaf5,2261f50ac569aaf5_gasoline_95,Intermarché de Alcobaça,INTERMARCHÉ,gasoline_95,Gasolina simples 95,Outro,1.899,Alcobaça,Leiria,Estrada da Boavista\r\nPataeira - Palmeira,Alcobaça,2460-000,39.553386,-8.969276,intermarché de alcobaça,intermarché,estrada da boavista\r\npataeira - palmeira,"1,899 €",2026-05-15_dgeg_postos_raw.csv,7012f1879f22aa5e
2026-05-15,2026-05-15 14:31:32,2026-05-12 08:00:00,4c6f4379957c88e8,4c6f4379957c88e8_diesel_regular,PA - Vila Nova de Tazem,BP,diesel_regular,Gasóleo simples,Outro,2.089,Gouveia,Guarda,EN 502 –  Mata dos Cantoneiros,Lagarinhos,6290-091,40.487766,-7.687251,pa - vila nova de tazem,bp,en 502 – mata dos cantoneiros,"2,089 €",2026-05-15_dgeg_postos_raw.csv,18bc0a2ea7395931
2026-05-15,2026-05-15 14:31:32,2026-05-12 08:00:00,4c6f4379957c88e8,4c6f4379957c88e8_diesel_premium,PA - Vila Nova de Tazem,BP,diesel_premium,Gasóleo especial,Outro,2.229,Gouveia,Guarda,EN 502 –  Mata dos Cantoneiros,Lagarinhos,6290-091,40.487766,-7.687251,pa - vila nova de tazem,bp,en 502 – mata dos cantoneiros,"2,229 €",2026-05-15_dgeg_postos_raw.csv,855c5741d15d9665
2026-05-15,2026-05-15 14:31:32,2026-05-12 08:00:00,4c6f4379957c88e8,4c6f4379957c88e8_gasoline_95,PA - Vila Nova de Tazem,BP,gasoline_95,Gasolina simples 95,Outro,2.079,Gouveia,Guarda,EN 502 –  Mata dos Cantoneiros,Lagarinhos,6290-091,40.487766,-7.687251,pa - vila nova de tazem,bp,en 502 – mata dos cantoneiros,"2,079 €",2026-05-15_dgeg_postos_raw.csv,c3feb99f05a2bd30
2026-05-15,2026-05-15 14:31:32,2026-05-12 08:00:00,1c3eaf6c0569d046,1c3eaf6c0569d046_diesel_regular,INTERMARCHÉ BOMBARRAL,INTERMARCHÉ,diesel_regular,Gasóleo simples,Outro,1.899,Bombarral,Leiria,ARROTEIAS - PRAÇA DA REPUBLICA - BOMBARRAL,Bombarral,2540-041,39.267727,-9.164026,intermarché bombarral,intermarché,arroteias - praça da republica - bombarral,"1,899 €",2026-05-15_dgeg_postos_raw.csv,91ae45a19bbeb63f
2026-05-15,2026-05-15 14:31:32,2026-05-12 08:00:00,1c3eaf6c0569d046,1c3eaf6c0569d046_gasoline_95,INTERMARCHÉ BOMBARRAL,INTERMARCHÉ,gasoline_95,Gasolina simples 95,Outro,1.919,Bombarral,Leiria,ARROTEIAS - PRAÇA DA REPUBLICA - BOMBARRAL,Bombarral,2540-041,39.267727,-9.164026,intermarché bombarral,intermarché,arroteias - praça da republica - bombarral,"1,919 €",2026-05-15_dgeg_postos_raw.csv,9d50f6d1552f5a76
2026-05-15,2026-05-15 14:31:32,2026-05-12 08:00:00,fe8f6707d8b10a04,fe8f6707d8b10a04_diesel_regular,SUPERMEDA SUPERMERCADOS LDA,INTERMARCHÉ,diesel_regular,Gasóleo simples,Outro,1.909,Meda,Guarda,Lugar do Noval 3 Caminhos MEDA,Meda,6430-183,40.957695,-7.261055,supermeda supermercados lda,intermarché,lugar do noval 3 caminhos meda,"1,909 €",2026-05-15_dgeg_postos_raw.csv,bed5dd2c78f77aeb
2026-05-15,2026-05-15 14:31:32,2026-05-12 08:00:00,fe8f6707d8b10a04,fe8f6707d8b10a04_gasoline_95,SUPERMEDA SUPERMERCADOS LDA,INTERMARCHÉ,gasoline_95,Gasolina simples 95,Outro,1.909,Meda,Guarda,Lugar do Noval 3 Caminhos MEDA,Meda,6430-183,40.957695,-7.261055,supermeda supermercados lda,intermarché,lugar do noval 3 caminhos meda,"1,909 €",2026-05-15_dgeg_postos_raw.csv,1ef99339e031cbea
2026-05-15,2026-05-15 14:31:32,2026-05-12 08:00:00,8fd40a29f0257aca,8fd40a29f0257aca_diesel_premium,"Intermarché Distritrancoso, Lda",INTERMARCHÉ,diesel_premium,Gasóleo especial,Outro,1.959,Trancoso,Guarda,Lugar S. Domingos,Trancoso,6420-008,40.763718,-7.352374,"intermarché distritrancoso, lda",intermarché,lugar s. domingos,"1,959 €",2026-05-15_dgeg_postos_raw.csv,06ca6bbcdea224cd
2026-05-15,2026-05-15 14:31:32,2026-05-12 08:00:00,fe8f6707d8b10a04,fe8f6707d8b10a04_diesel_premium,SUPERMEDA SUPERMERCADOS LDA,INTERMARCHÉ,diesel_premium,Gasóleo especial,Outro,1.959,Meda,Guarda,Lugar do Noval 3 Caminhos MEDA,Meda,6430-183,40.957695,-7.261055,supermeda supermercados lda,intermarché,lugar do noval 3 caminhos meda,"1,959 €",2026-05-15_dgeg_postos_raw.csv,fdb03a3836920dc4
2026-05-15,2026-05-15 14:31:32,2026-05-12 08:00:00,13a33316dd279e0b,13a33316dd279e0b_diesel_premium,INTERMARCHÉ Figueira Castelo Rodrigo,INTERMARCHÉ,diesel_premium,Gasóleo especial,Outro,1.959,Figueira de Castelo Rodrigo,Guarda,R. da Misericórdia do Concelho - Vale do Barroso,Castelo Rodrigo,6440-031,40.884457,-6.965668,intermarché figueira castelo rodrigo,intermarché,r. da misericórdia do concelho - vale do barroso,"1,959 €",2026-05-15_dgeg_postos_raw.csv,27b9261b3032939f
2026-05-15,2026-05-15 14:31:32,2026-05-12 08:00:00,13a33316dd279e0b,13a33316dd279e0b_diesel_regular,INTERMARCHÉ Figueira Castelo Rodrigo,INTERMARCHÉ,diesel_regular,Gasóleo simples,Outro,1.909,Figueira de Castelo Rodrigo,Guarda,R. da Misericórdia do Concelho - Vale do Barroso,Castelo Rodrigo,6440-031,40.884457,-6.965668,intermarché figueira castelo rodrigo,intermarché,r. da misericórdia do concelho - vale do barroso,"1,909 €",2026-05-15_dgeg_postos_raw.csv,68570d634b10fce6
2026-05-15,2026-05-15 14:31:32,2026-05-12 08:00:00,13a33316dd279e0b,13a33316dd279e0b_gasoline_95,INTERMARCHÉ Figueira Castelo Rodrigo,INTERMARCHÉ,gasoline_95,Gasolina simples 95,Outro,1.909,Figueira de Castelo Rodrigo,Guarda,R. da Misericórdia do Concelho - Vale do Barroso,Castelo Rodrigo,6440-031,40.884457,-6.965668,intermarché figueira castelo rodrigo,intermarché,r. da misericórdia do concelho - vale do barroso,"1,909 €",2026-05-15_dgeg_postos_raw.csv,a9cf9a0a3e1a1885
2026-05-15,2026-05-15 14:31:32,2026-05-12 08:00:00,9e5a2bfd999da070,9e5a2bfd999da070_diesel_premium,E.LECLERC ENTRONCAMENTO,LECLERC,diesel_premium,Gasóleo especial,Outro,1.969,Entroncamento,Santarém,Av. de Villiers Sur Marne,Entroncamento,2330-218,39.473785,-8.486807,e.leclerc entroncamento,leclerc,av. de villiers sur marne,"1,969 €",2026-05-15_dgeg_postos_raw.csv,1cbdf995c378b219
2026-05-15,2026-05-15 14:31:32,2026-05-12 08:00:00,9e5a2bfd999da070,9e5a2bfd999da070_diesel_regular,E.LECLERC ENTRONCAMENTO,LECLERC,diesel_regular,Gasóleo simples,Outro,1.939,Entroncamento,Santarém,Av. de Villiers Sur Marne,Entroncamento,2330-218,39.473785,-8.486807,e.leclerc entroncamento,leclerc,av. de villiers sur marne,"1,939 €",2026-05-15_dgeg_postos_raw.csv,a8b428cd0c210e87
2026-05-15,2026-05-15 14:31:32,2026-05-12 08:00:00,9e5a2bfd999da070,9e5a2bfd999da070_gasoline_95,E.LECLERC ENTRONCAMENTO,LECLERC,gasoline_95,Gasolina simples 95,Outro,1.928,Entroncamento,Santarém,Av. de Villiers Sur Marne,Entroncamento,2330-218,39.473785,-8.486807,e.leclerc entroncamento,leclerc,av. de villiers sur marne,"1,928 €",2026-05-15_dgeg_postos_raw.csv,6a8b3fbe5178fd28
2026-05-15,2026-05-15 14:31:32,2026-05-12 08:00:00,33e1bedc2ad90820,33e1bedc2ad90820_diesel_regular,INTERMARCHÉ  Tramagal,INTERMARCHÉ,diesel_regular,Gasóleo simples,Outro,1.905,Abrantes,Santarém,EN 118 - Rua do Cemitério,Tramagal,2205-645,39.447372,-8.255839,intermarché tramagal,intermarché,en 118 - rua do cemitério,"1,905 €",2026-05-15_dgeg_postos_raw.csv,24ea7f6b969a4072
2026-05-15,2026-05-15 14:31:32,2026-05-12 08:00:00,33e1bedc2ad90820,33e1bedc2ad90820_gasoline_95,INTERMARCHÉ  Tramagal,INTERMARCHÉ,gasoline_95,Gasolina simples 95,Outro,1.935,Abrantes,Santarém,EN 118 - Rua do Cemitério,Tramagal,2205-645,39.447372,-8.255839,intermarché tramagal,intermarché,en 118 - rua do cemitério,"1,935 €",2026-05-15_dgeg_postos_raw.csv,12f541128590f315
2026-05-15,2026-05-15 14:31:32,2026-05-12 08:00:00,1c3eaf6c0569d046,1c3eaf6c0569d046_diesel_premium,INTERMARCHÉ BOMBARRAL,INTERMARCHÉ,diesel_premium,Gasóleo especial,Outro,1.929,Bombarral,Leiria,ARROTEIAS - PRAÇA DA REPUBLICA - BOMBARRAL,Bombarral,2540-041,39.267727,-9.164026,intermarché bombarral,intermarché,arroteias - praça da republica - bombarral,"1,929 €",2026-05-15_dgeg_postos_raw.csv,60861c6673d25672
2026-05-15,2026-05-15 14:31:32,2026-05-12 08:00:00,f0dc418842517e95,f0dc418842517e95_diesel_regular,INTERMARCHÉ São João da Pesqueira,INTERMARCHÉ,diesel_regular,Gasóleo simples,Outro,1.909,São João da Pesqueira,Viseu,Av. João do Nascimento Costa,São João da Pesqueira,5130-369,41.14546,-7.411216,intermarché são joão da pesqueira,intermarché,av. joão do nascimento costa,"1,909 €",2026-05-15_dgeg_postos_raw.csv,bc4715b397d971d9
2026-05-15,2026-05-15 14:31:32,2026-05-12 08:00:00,f0dc418842517e95,f0dc418842517e95_diesel_premium,INTERMARCHÉ São João da Pesqueira,INTERMARCHÉ,diesel_premium,Gasóleo especial,Outro,1.959,São João da Pesqueira,Viseu,Av. João do Nascimento Costa,São João da Pesqueira,5130-369,41.14546,-7.411216,intermarché são joão da pesqueira,intermarché,av. joão do nascimento costa,"1,959 €",2026-05-15_dgeg_postos_raw.csv,7cfe4737bbcffd61
2026-05-15,2026-05-15 14:31:32,2026-05-12 08:00:00,f0dc418842517e95,f0dc418842517e95_gasoline_95,INTERMARCHÉ São João da Pesqueira,INTERMARCHÉ,gasoline_95,Gasolina simples 95,Outro,1.909,São João da Pesqueira,Viseu,Av. João do Nascimento Costa,São João da Pesqueira,5130-369,41.14546,-7.411216,intermarché são joão da pesqueira,intermarché,av. joão do nascimento costa,"1,909 €",2026-05-15_dgeg_postos_raw.csv,b2ba8cf832b788a7
2026-05-15,2026-05-15 14:31:32,2026-05-12 08:00:00,ae7a45492c81ab52,ae7a45492c81ab52_diesel_premium,INTERMARCHÉ DA GUARDA,INTERMARCHÉ,diesel_premium,Gasóleo especial,Outro,1.909,Guarda,Guarda,Estrada do BarracãoBairro Senhora dos Remédios,Guarda - Sé,6300-309,40.52795,-7.25111,intermarché da guarda,intermarché,estrada do barracãobairro senhora dos remédios,"1,909 €",2026-05-15_dgeg_postos_raw.csv,aeefbdb5b57fffc9
2026-05-15,2026-05-15 14:31:32,2026-05-12 08:00:00,4d945f6a16b891b3,4d945f6a16b891b3_diesel_premium,Intermarché Coruche,INTERMARCHÉ,diesel_premium,Gasóleo especial,Outro,1.919,Coruche,Santarém,Rua Açude da Agolada,Coruche,2100-027,38.96537,-8.53479,intermarché coruche,intermarché,rua açude da agolada,"1,919 €",2026-05-15_dgeg_postos_raw.csv,45935d956c03746a
2026-05-15,2026-05-15 14:31:32,2026-05-12 08:00:00,4d945f6a16b891b3,4d945f6a16b891b3_diesel_regular,Intermarché Coruche,INTERMARCHÉ,diesel_regular,Gasóleo simples,Outro,1.899,Coruche,Santarém,Rua Açude da Agolada,Coruche,2100-027,38.96537,-8.53479,intermarché coruche,intermarché,rua açude da agolada,"1,899 €",2026-05-15_dgeg_postos_raw.csv,de1f709f7c1b28e5
2026-05-15,2026-05-15 14:31:32,2026-05-12 08:00:00,4d945f6a16b891b3,4d945f6a16b891b3_gasoline_95,Intermarché Coruche,INTERMARCHÉ,gasoline_95,Gasolina simples 95,Outro,1.908,Coruche,Santarém,Rua Açude da Agolada,Coruche,2100-027,38.96537,-8.53479,intermarché coruche,intermarché,rua açude da agolada,"1,908 €",2026-05-15_dgeg_postos_raw.csv,a740c9cd9481ca6f
2026-05-15,2026-05-15 14:31:32,2026-05-12 08:00:00,6d4defa8ce21125a,6d4defa8ce21125a_diesel_premium,INTERMARCHÉ DE PATAIAS,INTERMARCHÉ,diesel_premium,Gasóleo especial,Outro,1.939,Alcobaça,Leiria,EN 242,Pataias - Lugar de Alva,2442-012,39.66021,-9.01536,intermarché de pataias,intermarché,en 242,"1,939 €",2026-05-15_dgeg_postos_raw.csv,28dd21c0f7562e3f
2026-05-15,2026-05-15 14:31:32,2026-05-12 08:00:00,10d22b2189b8d865,10d22b2189b8d865_diesel_regular,Intermarché Oliveira Azeméis,INTERMARCHÉ,diesel_regular,Gasóleo simples,Outro,1.899,Oliveira de Azeméis,Aveiro,Av. Dona Maria I,Aldas,3720-300,40.82735,-8.48229,intermarché oliveira azeméis,intermarché,av. dona maria i,"1,899 €",2026-05-15_dgeg_postos_raw.csv,8ee26b55152d2432
2026-05-15,2026-05-15 14:31:32,2026-05-12 08:00:00,10d22b2189b8d865,10d22b2189b8d865_diesel_premium,Intermarché Oliveira Azeméis,INTERMARCHÉ,diesel_premium,Gasóleo especial,Outro,1.949,Oliveira de Azeméis,Aveiro,Av. Dona Maria I,Aldas,3720-300,40.82735,-8.48229,intermarché oliveira azeméis,intermarché,av. dona maria i,"1,949 €",2026-05-15_dgeg_postos_raw.csv,08d3ea9438e6b0a9
2026-05-15,2026-05-15 14:31:32,2026-05-12 08:00:00,10d22b2189b8d865,10d22b2189b8d865_gasoline_95,Intermarché Oliveira Azeméis,INTERMARCHÉ,gasoline_95,Gasolina simples 95,Outro,1.899,Oliveira de Azeméis,Aveiro,Av. Dona Maria I,Aldas,3720-300,40.82735,-8.48229,intermarché oliveira azeméis,intermarché,av. dona maria i,"1,899 €",2026-05-15_dgeg_postos_raw.csv,ef3ab8945a8e553c
2026-05-15,2026-05-15 14:31:32,2026-05-12 08:00:00,fa732a957449c2ea,fa732a957449c2ea_diesel_regular,Intermarché Montalegre,INTERMARCHÉ,diesel_regular,Gasóleo simples,Outro,1.939,Montalegre,Vila Real,Av. Povo de Timor,Montalegre,5470-257,41.82368,-7.79829,intermarché montalegre,intermarché,av. povo de timor,"1,939 €",2026-05-15_dgeg_postos_raw.csv,48689ecfde880334
2026-05-15,2026-05-15 14:31:32,2026-05-12 08:00:00,fa732a957449c2ea,fa732a957449c2ea_diesel_premium,Intermarché Montalegre,INTERMARCHÉ,diesel_premium,Gasóleo especial,Outro,1.969,Montalegre,Vila Real,Av. Povo de Timor,Montalegre,5470-257,41.82368,-7.79829,intermarché montalegre,intermarché,av. povo de timor,"1,969 €",2026-05-15_dgeg_postos_raw.csv,bc14bb597f1770db
2026-05-15,2026-05-15 14:31:32,2026-05-12 08:00:00,fa732a957449c2ea,fa732a957449c2ea_gasoline_95,Intermarché Montalegre,INTERMARCHÉ,gasoline_95,Gasolina simples 95,Outro,1.949,Montalegre,Vila Real,Av. Povo de Timor,Montalegre,5470-257,41.82368,-7.79829,intermarché montalegre,intermarché,av. povo de timor,"1,949 €",2026-05-15_dgeg_postos_raw.csv,e9c13378220e771c
2026-05-15,2026-05-15 14:31:32,2026-05-12 08:00:00,8ef21ec271c5bee9,8ef21ec271c5bee9_diesel_regular,Supervieira Supermercados Lda,INTERMARCHÉ,diesel_regular,Gasóleo simples,Outro,1.919,Marinha Grande,Leiria,Rua de Leiria n.º50/52 - Barqueiro,Praia da Vieira,2430-773,39.86835,-8.916775,supervieira supermercados lda,intermarché,rua de leiria n.º50/52 - barqueiro,"1,919 €",2026-05-15_dgeg_postos_raw.csv,21027e73329018bd
2026-05-15,2026-05-15 14:31:32,2026-05-12 08:00:00,8ef21ec271c5bee9,8ef21ec271c5bee9_diesel_premium,Supervieira Supermercados Lda,INTERMARCHÉ,diesel_premium,Gasóleo especial,Outro,1.959,Marinha Grande,Leiria,Rua de Leiria n.º50/52 - Barqueiro,Praia da Vieira,2430-773,39.86835,-8.916775,supervieira supermercados lda,intermarché,rua de leiria n.º50/52 - barqueiro,"1,959 €",2026-05-15_dgeg_postos_raw.csv,f23a5d54c593e81f
2026-05-15,2026-05-15 14:31:32,2026-05-12 08:00:00,8ef21ec271c5bee9,8ef21ec271c5bee9_gasoline_95,Supervieira Supermercados Lda,INTERMARCHÉ,gasoline_95,Gasolina simples 95,Outro,1.919,Marinha Grande,Leiria,Rua de Leiria n.º50/52 - Barqueiro,Praia da Vieira,2430-773,39.86835,-8.916775,supervieira supermercados lda,intermarché,rua de leiria n.º50/52 - barqueiro,"1,919 €",2026-05-15_dgeg_postos_raw.csv,99f4e16c57202cfd
2026-05-15,2026-05-15 14:31:32,2026-05-12 08:00:00,6d4defa8ce21125a,6d4defa8ce21125a_diesel_regular,INTERMARCHÉ DE PATAIAS,INTERMARCHÉ,diesel_regular,Gasóleo simples,Outro,1.899,Alcobaça,Leiria,EN 242,Pataias - Lugar de Alva,2442-012,39.66021,-9.01536,intermarché de pataias,intermarché,en 242,"1,899 €",2026-05-15_dgeg_postos_raw.csv,1b2dc64aacec2f6f
2026-05-15,2026-05-15 14:31:32,2026-05-12 08:00:00,6d4defa8ce21125a,6d4defa8ce21125a_gasoline_95,INTERMARCHÉ DE PATAIAS,INTERMARCHÉ,gasoline_95,Gasolina simples 95,Outro,1.899,Alcobaça,Leiria,EN 242,Pataias - Lugar de Alva,2442-012,39.66021,-9.01536,intermarché de pataias,intermarché,en 242,"1,899 €",2026-05-15_dgeg_postos_raw.csv,229412a84dc70996
2026-05-15,2026-05-15 14:31:32,2026-05-12 08:00:00,9dc9d01cfe1804c2,9dc9d01cfe1804c2_diesel_regular,Cooperativa Agricola Mora,CEPSA,diesel_regular,Gasóleo simples,Outro,1.94,Mora,Évora,Rua Caminho Ferro n;7,Mora,7490-242,38.94655,-8.159623,cooperativa agricola mora,cepsa,rua caminho ferro n;7,"1,940 €",2026-05-15_dgeg_postos_raw.csv,cc21512668225918
2026-05-15,2026-05-15 14:31:32,2026-05-12 08:05:00,5d95acd040ddc992,5d95acd040ddc992_diesel_regular,Intermarché de Ferreiras,INTERMARCHÉ,diesel_regular,Gasóleo simples,Outro,1.909,Albufeira,Faro,Av. 12 de Julho,Ferreiras - Vale de Serves,8200-559,37.12628,-8.23745,intermarché de ferreiras,intermarché,av. 12 de julho,"1,909 €",2026-05-15_dgeg_postos_raw.csv,f96ab40feb569bb9
2026-05-15,2026-05-15 14:31:32,2026-05-12 08:05:00,5d95acd040ddc992,5d95acd040ddc992_diesel_premium,Intermarché de Ferreiras,INTERMARCHÉ,diesel_premium,Gasóleo especial,Outro,1.929,Albufeira,Faro,Av. 12 de Julho,Ferreiras - Vale de Serves,8200-559,37.12628,-8.23745,intermarché de ferreiras,intermarché,av. 12 de julho,"1,929 €",2026-05-15_dgeg_postos_raw.csv,31dedaa4b2386ebd
2026-05-15,2026-05-15 14:31:32,2026-05-12 08:05:00,5d95acd040ddc992,5d95acd040ddc992_gasoline_95,Intermarché de Ferreiras,INTERMARCHÉ,gasoline_95,Gasolina simples 95,Outro,1.889,Albufeira,Faro,Av. 12 de Julho,Ferreiras - Vale de Serves,8200-559,37.12628,-8.23745,intermarché de ferreiras,intermarché,av. 12 de julho,"1,889 €",2026-05-15_dgeg_postos_raw.csv,c021b6f044720af2
2026-05-15,2026-05-15 14:31:32,2026-05-12 08:05:00,04001ace5b3ed90d,04001ace5b3ed90d_diesel_premium,INTERMARCHE Cuba,INTERMARCHÉ,diesel_premium,Gasóleo especial,Área comercial (Hipermercados),1.985,Cuba,Beja,"Estrada Nacional 258-1, Edifício Intermarché",Cuba,7940-148,38.17056,-7.894024,intermarche cuba,intermarché,"estrada nacional 258-1, edifício intermarché","1,985 €",2026-05-15_dgeg_postos_raw.csv,24134ccff56272b5
2026-05-15,2026-05-15 14:31:32,2026-05-12 08:05:00,04001ace5b3ed90d,04001ace5b3ed90d_diesel_regular,INTERMARCHE Cuba,INTERMARCHÉ,diesel_regular,Gasóleo simples,Área comercial (Hipermercados),1.925,Cuba,Beja,"Estrada Nacional 258-1, Edifício Intermarché",Cuba,7940-148,38.17056,-7.894024,intermarche cuba,intermarché,"estrada nacional 258-1, edifício intermarché","1,925 €",2026-05-15_dgeg_postos_raw.csv,f36271bb451b360a
2026-05-15,2026-05-15 14:31:32,2026-05-12 08:05:00,04001ace5b3ed90d,04001ace5b3ed90d_gasoline_95,INTERMARCHE Cuba,INTERMARCHÉ,gasoline_95,Gasolina simples 95,Área comercial (Hipermercados),1.928,Cuba,Beja,"Estrada Nacional 258-1, Edifício Intermarché",Cuba,7940-148,38.17056,-7.894024,intermarche cuba,intermarché,"estrada nacional 258-1, edifício intermarché","1,928 €",2026-05-15_dgeg_postos_raw.csv,72876dee88501d2a
2026-05-15,2026-05-15 14:31:32,2026-05-12 08:10:00,996dc33d157818e8,996dc33d157818e8_diesel_regular,BP Perafita A28,BP,diesel_regular,Gasóleo simples,Auto-estrada,2.109,Matosinhos,Porto,"R. Padre Ângelo Ferreira Pinto, nº 451-467",Perafita,4455-408,41.225728,-8.696172,bp perafita a28,bp,"r. padre ângelo ferreira pinto, nº 451-467","2,109 €",2026-05-15_dgeg_postos_raw.csv,a6e6bc71f1d51f3a
2026-05-15,2026-05-15 14:31:32,2026-05-12 08:10:00,996dc33d157818e8,996dc33d157818e8_diesel_premium,BP Perafita A28,BP,diesel_premium,Gasóleo especial,Auto-estrada,2.229,Matosinhos,Porto,"R. Padre Ângelo Ferreira Pinto, nº 451-467",Perafita,4455-408,41.225728,-8.696172,bp perafita a28,bp,"r. padre ângelo ferreira pinto, nº 451-467","2,229 €",2026-05-15_dgeg_postos_raw.csv,93c469549f0dd3eb
2026-05-15,2026-05-15 14:31:32,2026-05-12 08:10:00,996dc33d157818e8,996dc33d157818e8_gasoline_95,BP Perafita A28,BP,gasoline_95,Gasolina simples 95,Auto-estrada,2.099,Matosinhos,Porto,"R. Padre Ângelo Ferreira Pinto, nº 451-467",Perafita,4455-408,41.225728,-8.696172,bp perafita a28,bp,"r. padre ângelo ferreira pinto, nº 451-467","2,099 €",2026-05-15_dgeg_postos_raw.csv,288fba1d3966811f
2026-05-15,2026-05-15 14:31:32,2026-05-12 08:10:00,996dc33d157818e8,996dc33d157818e8_gasoline_98,BP Perafita A28,BP,gasoline_98,Gasolina especial 98,Auto-estrada,2.299,Matosinhos,Porto,"R. Padre Ângelo Ferreira Pinto, nº 451-467",Perafita,4455-408,41.225728,-8.696172,bp perafita a28,bp,"r. padre ângelo ferreira pinto, nº 451-467","2,299 €",2026-05-15_dgeg_postos_raw.csv,5c3ef24906833f61
2026-05-15,2026-05-15 14:31:32,2026-05-12 08:15:00,e727ce57884ae4ba,e727ce57884ae4ba_diesel_regular,PA Fontes Ferrenhas,Genérico,diesel_regular,Gasóleo simples,Outro,2.088,Almodôvar,Beja,FONTES FERRENHAS,Fontes Ferrenhas,7700-207,37.41683,-8.069771,pa fontes ferrenhas,genérico,fontes ferrenhas,"2,088 €",2026-05-15_dgeg_postos_raw.csv,991c29c93dfafcff
2026-05-15,2026-05-15 14:31:32,2026-05-12 08:15:00,e727ce57884ae4ba,e727ce57884ae4ba_gasoline_95,PA Fontes Ferrenhas,Genérico,gasoline_95,Gasolina simples 95,Outro,2.091,Almodôvar,Beja,FONTES FERRENHAS,Fontes Ferrenhas,7700-207,37.41683,-8.069771,pa fontes ferrenhas,genérico,fontes ferrenhas,"2,091 €",2026-05-15_dgeg_postos_raw.csv,dd06946583fdd9cb
2026-05-15,2026-05-15 14:31:32,2026-05-12 08:15:00,290eb71022058924,290eb71022058924_diesel_regular,BP Perafita,BP,diesel_regular,Gasóleo simples,Outro,2.109,Matosinhos,Porto,Rua Armando Vaz,Perafita,4455-421,41.222584,-8.702943,bp perafita,bp,rua armando vaz,"2,109 €",2026-05-15_dgeg_postos_raw.csv,b5da6038da15b806
2026-05-15,2026-05-15 14:31:32,2026-05-12 08:15:00,290eb71022058924,290eb71022058924_diesel_premium,BP Perafita,BP,diesel_premium,Gasóleo especial,Outro,2.229,Matosinhos,Porto,Rua Armando Vaz,Perafita,4455-421,41.222584,-8.702943,bp perafita,bp,rua armando vaz,"2,229 €",2026-05-15_dgeg_postos_raw.csv,a889e2710f7eb57f
2026-05-15,2026-05-15 14:31:32,2026-05-12 08:15:00,290eb71022058924,290eb71022058924_gasoline_95,BP Perafita,BP,gasoline_95,Gasolina simples 95,Outro,2.099,Matosinhos,Porto,Rua Armando Vaz,Perafita,4455-421,41.222584,-8.702943,bp perafita,bp,rua armando vaz,"2,099 €",2026-05-15_dgeg_postos_raw.csv,6cac3454000a076b
2026-05-15,2026-05-15 14:31:32,2026-05-12 08:15:00,290eb71022058924,290eb71022058924_gasoline_98,BP Perafita,BP,gasoline_98,Gasolina especial 98,Outro,2.299,Matosinhos,Porto,Rua Armando Vaz,Perafita,4455-421,41.222584,-8.702943,bp perafita,bp,rua armando vaz,"2,299 €",2026-05-15_dgeg_postos_raw.csv,7d2da8b2035d6a0d
2026-05-15,2026-05-15 14:31:32,2026-05-12 08:15:00,090ebd9da30c04d9,090ebd9da30c04d9_diesel_regular,BP Portimão Raminha,BP,diesel_regular,Gasóleo simples,Outro,2.079,Portimão,Faro,"Avenida São Lourenço da Barrosa, Lote 18 Alto da Raminha",Portimão,8500-510,37.14381,-8.54823,bp portimão raminha,bp,"avenida são lourenço da barrosa, lote 18 alto da raminha","2,079 €",2026-05-15_dgeg_postos_raw.csv,dc64402688076a9e
2026-05-15,2026-05-15 14:31:32,2026-05-12 08:15:00,090ebd9da30c04d9,090ebd9da30c04d9_diesel_premium,BP Portimão Raminha,BP,diesel_premium,Gasóleo especial,Outro,2.229,Portimão,Faro,"Avenida São Lourenço da Barrosa, Lote 18 Alto da Raminha",Portimão,8500-510,37.14381,-8.54823,bp portimão raminha,bp,"avenida são lourenço da barrosa, lote 18 alto da raminha","2,229 €",2026-05-15_dgeg_postos_raw.csv,c35bcd65e540ce80
2026-05-15,2026-05-15 14:31:32,2026-05-12 08:15:00,090ebd9da30c04d9,090ebd9da30c04d9_gasoline_95,BP Portimão Raminha,BP,gasoline_95,Gasolina simples 95,Outro,2.069,Portimão,Faro,"Avenida São Lourenço da Barrosa, Lote 18 Alto da Raminha",Portimão,8500-510,37.14381,-8.54823,bp portimão raminha,bp,"avenida são lourenço da barrosa, lote 18 alto da raminha","2,069 €",2026-05-15_dgeg_postos_raw.csv,5961aaa93b89f1b4
2026-05-15,2026-05-15 14:31:32,2026-05-12 08:15:00,090ebd9da30c04d9,090ebd9da30c04d9_gasoline_98,BP Portimão Raminha,BP,gasoline_98,Gasolina especial 98,Outro,2.299,Portimão,Faro,"Avenida São Lourenço da Barrosa, Lote 18 Alto da Raminha",Portimão,8500-510,37.14381,-8.54823,bp portimão raminha,bp,"avenida são lourenço da barrosa, lote 18 alto da raminha","2,299 €",2026-05-15_dgeg_postos_raw.csv,629871ab5754e6d0
2026-05-15,2026-05-15 14:31:32,2026-05-12 08:20:00,01d9be9cb73ae254,01d9be9cb73ae254_diesel_premium,BP Abrantes,BP,diesel_premium,Gasóleo especial,Outro,2.229,Abrantes,Santarém,"Av. António Farinha Pereira, Nº 1212",Alferrarede,2200-024,39.48167,-8.18716,bp abrantes,bp,"av. antónio farinha pereira, nº 1212","2,229 €",2026-05-15_dgeg_postos_raw.csv,f7b873d1abf45fc2
2026-05-15,2026-05-15 14:31:32,2026-05-12 08:20:00,01d9be9cb73ae254,01d9be9cb73ae254_diesel_regular,BP Abrantes,BP,diesel_regular,Gasóleo simples,Outro,2.079,Abrantes,Santarém,"Av. António Farinha Pereira, Nº 1212",Alferrarede,2200-024,39.48167,-8.18716,bp abrantes,bp,"av. antónio farinha pereira, nº 1212","2,079 €",2026-05-15_dgeg_postos_raw.csv,7fb724feda0a2bb0
2026-05-15,2026-05-15 14:31:32,2026-05-12 08:20:00,01d9be9cb73ae254,01d9be9cb73ae254_gasoline_95,BP Abrantes,BP,gasoline_95,Gasolina simples 95,Outro,2.069,Abrantes,Santarém,"Av. António Farinha Pereira, Nº 1212",Alferrarede,2200-024,39.48167,-8.18716,bp abrantes,bp,"av. antónio farinha pereira, nº 1212","2,069 €",2026-05-15_dgeg_postos_raw.csv,f940a2c65aaf7845
2026-05-15,2026-05-15 14:31:32,2026-05-12 08:20:00,7135490f87701a83,7135490f87701a83_diesel_regular,PRIO Vale de Figueira,PRIO,diesel_regular,Gasóleo simples,Outro,1.999,Santarém,Santarém,"Rua Dr. Vitor Semedo, 83",Vale de Figueira,2000-000,39.311616,-8.626872,prio vale de figueira,prio,"rua dr. vitor semedo, 83","1,999 €",2026-05-15_dgeg_postos_raw.csv,e5900aedfb4aa664
2026-05-15,2026-05-15 14:31:32,2026-05-12 08:20:00,7135490f87701a83,7135490f87701a83_diesel_premium,PRIO Vale de Figueira,PRIO,diesel_premium,Gasóleo especial,Outro,1.989,Santarém,Santarém,"Rua Dr. Vitor Semedo, 83",Vale de Figueira,2000-000,39.311616,-8.626872,prio vale de figueira,prio,"rua dr. vitor semedo, 83","1,989 €",2026-05-15_dgeg_postos_raw.csv,38ab14c2016e57b2
2026-05-15,2026-05-15 14:31:32,2026-05-12 08:20:00,7135490f87701a83,7135490f87701a83_gasoline_95,PRIO Vale de Figueira,PRIO,gasoline_95,Gasolina simples 95,Outro,2.069,Santarém,Santarém,"Rua Dr. Vitor Semedo, 83",Vale de Figueira,2000-000,39.311616,-8.626872,prio vale de figueira,prio,"rua dr. vitor semedo, 83","2,069 €",2026-05-15_dgeg_postos_raw.csv,b7dfa4bf19ed69eb
2026-05-15,2026-05-15 14:31:32,2026-05-12 08:20:00,3e34ad0609faa353,3e34ad0609faa353_diesel_premium,PRIO Alcanhões,PRIO,diesel_premium,Gasóleo especial,Outro,1.989,Santarém,Santarém,Rua Comendador Paulino Cunha e Silva nº381,Alcanhões,2000-369,39.29868,-8.66039,prio alcanhões,prio,rua comendador paulino cunha e silva nº381,"1,989 €",2026-05-15_dgeg_postos_raw.csv,ce888fd4467c3358
2026-05-15,2026-05-15 14:31:32,2026-05-12 08:20:00,3e34ad0609faa353,3e34ad0609faa353_gasoline_95,PRIO Alcanhões,PRIO,gasoline_95,Gasolina simples 95,Outro,2.069,Santarém,Santarém,Rua Comendador Paulino Cunha e Silva nº381,Alcanhões,2000-369,39.29868,-8.66039,prio alcanhões,prio,rua comendador paulino cunha e silva nº381,"2,069 €",2026-05-15_dgeg_postos_raw.csv,6b19930de5ac4d09
2026-05-15,2026-05-15 14:31:32,2026-05-12 08:20:00,01d9be9cb73ae254,01d9be9cb73ae254_gasoline_98,BP Abrantes,BP,gasoline_98,Gasolina especial 98,Outro,2.299,Abrantes,Santarém,"Av. António Farinha Pereira, Nº 1212",Alferrarede,2200-024,39.48167,-8.18716,bp abrantes,bp,"av. antónio farinha pereira, nº 1212","2,299 €",2026-05-15_dgeg_postos_raw.csv,2d189ef75298beff
2026-05-15,2026-05-15 14:31:32,2026-05-12 08:20:00,acea6ee781b94e70,acea6ee781b94e70_diesel_premium,Prio Cruz do Campo,PRIO,diesel_premium,Gasóleo especial,Outro,1.964,Cartaxo,Santarém,"Estrada Nacional 3, Km 18,5 - Cruz do Campo",Pontével,2070-036,39.121146,-8.821168,prio cruz do campo,prio,"estrada nacional 3, km 18,5 - cruz do campo","1,964 €",2026-05-15_dgeg_postos_raw.csv,743726c0dd259d84
2026-05-15,2026-05-15 14:31:32,2026-05-12 08:20:00,acea6ee781b94e70,acea6ee781b94e70_gasoline_95,Prio Cruz do Campo,PRIO,gasoline_95,Gasolina simples 95,Outro,2.014,Cartaxo,Santarém,"Estrada Nacional 3, Km 18,5 - Cruz do Campo",Pontével,2070-036,39.121146,-8.821168,prio cruz do campo,prio,"estrada nacional 3, km 18,5 - cruz do campo","2,014 €",2026-05-15_dgeg_postos_raw.csv,b5ddc4282c868751
2026-05-15,2026-05-15 14:31:32,2026-05-12 08:25:00,a8cf0415f8c51b8e,a8cf0415f8c51b8e_diesel_premium,"Distripinhel - Supermercados, Lda",INTERMARCHÉ,diesel_premium,Gasóleo especial,Outro,2.019,Pinhel,Guarda,Rua Carlos Seixas,Pinhel,6400-323,40.770725,-7.069751,"distripinhel - supermercados, lda",intermarché,rua carlos seixas,"2,019 €",2026-05-15_dgeg_postos_raw.csv,6269afb4834793cc
2026-05-15,2026-05-15 14:31:32,2026-05-12 08:25:00,a8cf0415f8c51b8e,a8cf0415f8c51b8e_diesel_regular,"Distripinhel - Supermercados, Lda",INTERMARCHÉ,diesel_regular,Gasóleo simples,Outro,1.979,Pinhel,Guarda,Rua Carlos Seixas,Pinhel,6400-323,40.770725,-7.069751,"distripinhel - supermercados, lda",intermarché,rua carlos seixas,"1,979 €",2026-05-15_dgeg_postos_raw.csv,3b7b065435849b0f
2026-05-15,2026-05-15 14:31:32,2026-05-12 08:25:00,a8cf0415f8c51b8e,a8cf0415f8c51b8e_gasoline_95,"Distripinhel - Supermercados, Lda",INTERMARCHÉ,gasoline_95,Gasolina simples 95,Outro,1.999,Pinhel,Guarda,Rua Carlos Seixas,Pinhel,6400-323,40.770725,-7.069751,"distripinhel - supermercados, lda",intermarché,rua carlos seixas,"1,999 €",2026-05-15_dgeg_postos_raw.csv,9b0089d22c61177c
2026-05-15,2026-05-15 14:31:32,2026-05-12 08:30:00,4bcb30723a5a63ca,4bcb30723a5a63ca_diesel_regular,BP Aguada de Baixo Oeste,BP,diesel_regular,Gasóleo simples,Outro,2.079,Águeda,Aveiro,Vale do Grou,Aguada de Baixo,3750-002,40.52827,-8.44873,bp aguada de baixo oeste,bp,vale do grou,"2,079 €",2026-05-15_dgeg_postos_raw.csv,6da918e843d9d3f3
2026-05-15,2026-05-15 14:31:32,2026-05-12 08:30:00,4bcb30723a5a63ca,4bcb30723a5a63ca_diesel_premium,BP Aguada de Baixo Oeste,BP,diesel_premium,Gasóleo especial,Outro,2.229,Águeda,Aveiro,Vale do Grou,Aguada de Baixo,3750-002,40.52827,-8.44873,bp aguada de baixo oeste,bp,vale do grou,"2,229 €",2026-05-15_dgeg_postos_raw.csv,410d62d0b08b69b4
2026-05-15,2026-05-15 14:31:32,2026-05-12 08:30:00,4bcb30723a5a63ca,4bcb30723a5a63ca_gasoline_95,BP Aguada de Baixo Oeste,BP,gasoline_95,Gasolina simples 95,Outro,2.069,Águeda,Aveiro,Vale do Grou,Aguada de Baixo,3750-002,40.52827,-8.44873,bp aguada de baixo oeste,bp,vale do grou,"2,069 €",2026-05-15_dgeg_postos_raw.csv,4fc90f6d56a64173
2026-05-15,2026-05-15 14:31:32,2026-05-12 08:30:00,4bcb30723a5a63ca,4bcb30723a5a63ca_gasoline_98,BP Aguada de Baixo Oeste,BP,gasoline_98,Gasolina especial 98,Outro,2.299,Águeda,Aveiro,Vale do Grou,Aguada de Baixo,3750-002,40.52827,-8.44873,bp aguada de baixo oeste,bp,vale do grou,"2,299 €",2026-05-15_dgeg_postos_raw.csv,d279134d6ba46aa0
2026-05-15,2026-05-15 14:31:32,2026-05-12 08:30:00,77fa312db7d27981,77fa312db7d27981_diesel_regular,BP Aguada de Baixo Este,BP,diesel_regular,Gasóleo simples,Outro,2.079,Águeda,Aveiro,Vale do Grou,Aguada de Baixo,3750-002,40.52822,-8.44838,bp aguada de baixo este,bp,vale do grou,"2,079 €",2026-05-15_dgeg_postos_raw.csv,ed1d2d73b6865ec8
2026-05-15,2026-05-15 14:31:32,2026-05-12 08:30:00,77fa312db7d27981,77fa312db7d27981_diesel_premium,BP Aguada de Baixo Este,BP,diesel_premium,Gasóleo especial,Outro,2.229,Águeda,Aveiro,Vale do Grou,Aguada de Baixo,3750-002,40.52822,-8.44838,bp aguada de baixo este,bp,vale do grou,"2,229 €",2026-05-15_dgeg_postos_raw.csv,4a38facd47808b18
2026-05-15,2026-05-15 14:31:32,2026-05-12 08:30:00,77fa312db7d27981,77fa312db7d27981_gasoline_95,BP Aguada de Baixo Este,BP,gasoline_95,Gasolina simples 95,Outro,2.069,Águeda,Aveiro,Vale do Grou,Aguada de Baixo,3750-002,40.52822,-8.44838,bp aguada de baixo este,bp,vale do grou,"2,069 €",2026-05-15_dgeg_postos_raw.csv,b5d735ed85b3f536
2026-05-15,2026-05-15 14:31:32,2026-05-12 08:30:00,77fa312db7d27981,77fa312db7d27981_gasoline_98,BP Aguada de Baixo Este,BP,gasoline_98,Gasolina especial 98,Outro,2.299,Águeda,Aveiro,Vale do Grou,Aguada de Baixo,3750-002,40.52822,-8.44838,bp aguada de baixo este,bp,vale do grou,"2,299 €",2026-05-15_dgeg_postos_raw.csv,a9ab28ce31929134
2026-05-15,2026-05-15 14:31:32,2026-05-12 08:30:00,7ca63c6f4950b564,7ca63c6f4950b564_diesel_regular,BP - Albergaria,BP,diesel_regular,Gasóleo simples,Outro,2.079,Albergaria-a-Velha,Aveiro,"EN 16 - Variante ao Sobreiro Km 13,4",Albergaria-a-Velha,3850-147,40.6968629928,-8.51093900804,bp - albergaria,bp,"en 16 - variante ao sobreiro km 13,4","2,079 €",2026-05-15_dgeg_postos_raw.csv,d1c48b78d4cf6156
2026-05-15,2026-05-15 14:31:32,2026-05-12 08:30:00,7ca63c6f4950b564,7ca63c6f4950b564_diesel_premium,BP - Albergaria,BP,diesel_premium,Gasóleo especial,Outro,2.229,Albergaria-a-Velha,Aveiro,"EN 16 - Variante ao Sobreiro Km 13,4",Albergaria-a-Velha,3850-147,40.6968629928,-8.51093900804,bp - albergaria,bp,"en 16 - variante ao sobreiro km 13,4","2,229 €",2026-05-15_dgeg_postos_raw.csv,469a014c7f6f6e39
2026-05-15,2026-05-15 14:31:32,2026-05-12 08:30:00,7ca63c6f4950b564,7ca63c6f4950b564_gasoline_95,BP - Albergaria,BP,gasoline_95,Gasolina simples 95,Outro,2.069,Albergaria-a-Velha,Aveiro,"EN 16 - Variante ao Sobreiro Km 13,4",Albergaria-a-Velha,3850-147,40.6968629928,-8.51093900804,bp - albergaria,bp,"en 16 - variante ao sobreiro km 13,4","2,069 €",2026-05-15_dgeg_postos_raw.csv,3c56c51c9b0b23f0
2026-05-15,2026-05-15 14:31:32,2026-05-12 08:30:00,7ca63c6f4950b564,7ca63c6f4950b564_gasoline_98,BP - Albergaria,BP,gasoline_98,Gasolina especial 98,Outro,2.299,Albergaria-a-Velha,Aveiro,"EN 16 - Variante ao Sobreiro Km 13,4",Albergaria-a-Velha,3850-147,40.6968629928,-8.51093900804,bp - albergaria,bp,"en 16 - variante ao sobreiro km 13,4","2,299 €",2026-05-15_dgeg_postos_raw.csv,e775440c7328e5e0
2026-05-15,2026-05-15 14:31:32,2026-05-12 08:30:00,55931abbaa1cf5aa,55931abbaa1cf5aa_diesel_premium,"Superlamas- Supermercados, Lda",INTERMARCHÉ,diesel_premium,Gasóleo especial,Outro,1.949,Santa Maria da Feira,Aveiro,R. Santa Maria,Santa Maria de Lamas,4535-356,40.979375,-8.57526,"superlamas- supermercados, lda",intermarché,r. santa maria,"1,949 €",2026-05-15_dgeg_postos_raw.csv,315b9a68e399ef82
2026-05-15,2026-05-15 14:31:32,2026-05-12 08:30:00,55931abbaa1cf5aa,55931abbaa1cf5aa_diesel_regular,"Superlamas- Supermercados, Lda",INTERMARCHÉ,diesel_regular,Gasóleo simples,Outro,1.929,Santa Maria da Feira,Aveiro,R. Santa Maria,Santa Maria de Lamas,4535-356,40.979375,-8.57526,"superlamas- supermercados, lda",intermarché,r. santa maria,"1,929 €",2026-05-15_dgeg_postos_raw.csv,6023a37f6ec80df6
2026-05-15,2026-05-15 14:31:32,2026-05-12 08:30:00,55931abbaa1cf5aa,55931abbaa1cf5aa_gasoline_95,"Superlamas- Supermercados, Lda",INTERMARCHÉ,gasoline_95,Gasolina simples 95,Outro,1.919,Santa Maria da Feira,Aveiro,R. Santa Maria,Santa Maria de Lamas,4535-356,40.979375,-8.57526,"superlamas- supermercados, lda",intermarché,r. santa maria,"1,919 €",2026-05-15_dgeg_postos_raw.csv,a85e069490fc8f63
2026-05-15,2026-05-15 14:31:32,2026-05-12 08:30:00,c435ba4b02a6a4c7,c435ba4b02a6a4c7_diesel_regular,INTERMARCHÉ Murtosa,INTERMARCHÉ,diesel_regular,Gasóleo simples,Outro,1.899,Murtosa,Aveiro,Avenida do Emigrante,Murtosa,3870-153,40.747456,-8.647064,intermarché murtosa,intermarché,avenida do emigrante,"1,899 €",2026-05-15_dgeg_postos_raw.csv,33d279db8a579347
2026-05-15,2026-05-15 14:31:32,2026-05-12 08:30:00,c435ba4b02a6a4c7,c435ba4b02a6a4c7_diesel_premium,INTERMARCHÉ Murtosa,INTERMARCHÉ,diesel_premium,Gasóleo especial,Outro,1.939,Murtosa,Aveiro,Avenida do Emigrante,Murtosa,3870-153,40.747456,-8.647064,intermarché murtosa,intermarché,avenida do emigrante,"1,939 €",2026-05-15_dgeg_postos_raw.csv,3044a33df122dfc6
2026-05-15,2026-05-15 14:31:32,2026-05-12 08:30:00,c435ba4b02a6a4c7,c435ba4b02a6a4c7_gasoline_95,INTERMARCHÉ Murtosa,INTERMARCHÉ,gasoline_95,Gasolina simples 95,Outro,1.869,Murtosa,Aveiro,Avenida do Emigrante,Murtosa,3870-153,40.747456,-8.647064,intermarché murtosa,intermarché,avenida do emigrante,"1,869 €",2026-05-15_dgeg_postos_raw.csv,a261b7df2d7670bd
2026-05-15,2026-05-15 14:31:32,2026-05-12 08:30:00,9f4f937394a26426,9f4f937394a26426_diesel_regular,PA Genérico - Figueiredo de Alva,Genérico,diesel_regular,Gasóleo simples,Outro,2.018,São Pedro do Sul,Viseu,"Rua Principal, Nº8",Ladreda,3660-116,40.821686,-7.995565,pa genérico - figueiredo de alva,genérico,"rua principal, nº8","2,018 €",2026-05-15_dgeg_postos_raw.csv,ec6f10f52c0f6155
2026-05-15,2026-05-15 14:31:32,2026-05-12 08:30:00,9f4f937394a26426,9f4f937394a26426_gasoline_95,PA Genérico - Figueiredo de Alva,Genérico,gasoline_95,Gasolina simples 95,Outro,1.997,São Pedro do Sul,Viseu,"Rua Principal, Nº8",Ladreda,3660-116,40.821686,-7.995565,pa genérico - figueiredo de alva,genérico,"rua principal, nº8","1,997 €",2026-05-15_dgeg_postos_raw.csv,bf0a06085d17c5c8
2026-05-15,2026-05-15 14:31:32,2026-05-12 08:30:00,4910778649c8d554,4910778649c8d554_diesel_regular,BP Flamenga,BP,diesel_regular,Gasóleo simples,Outro,2.109,Loures,Lisboa,"R. Almirante Gago Coutinho, Flamenga",Frielas,2660-038,38.80804,-9.15719,bp flamenga,bp,"r. almirante gago coutinho, flamenga","2,109 €",2026-05-15_dgeg_postos_raw.csv,2e6a3814a66ee540
2026-05-15,2026-05-15 14:31:32,2026-05-12 08:30:00,4910778649c8d554,4910778649c8d554_diesel_premium,BP Flamenga,BP,diesel_premium,Gasóleo especial,Outro,2.229,Loures,Lisboa,"R. Almirante Gago Coutinho, Flamenga",Frielas,2660-038,38.80804,-9.15719,bp flamenga,bp,"r. almirante gago coutinho, flamenga","2,229 €",2026-05-15_dgeg_postos_raw.csv,a7352cf3f2c066e8
2026-05-15,2026-05-15 14:31:32,2026-05-12 08:30:00,4910778649c8d554,4910778649c8d554_gasoline_95,BP Flamenga,BP,gasoline_95,Gasolina simples 95,Outro,2.099,Loures,Lisboa,"R. Almirante Gago Coutinho, Flamenga",Frielas,2660-038,38.80804,-9.15719,bp flamenga,bp,"r. almirante gago coutinho, flamenga","2,099 €",2026-05-15_dgeg_postos_raw.csv,528e7242a6e1acf8
2026-05-15,2026-05-15 14:31:32,2026-05-12 08:30:00,4910778649c8d554,4910778649c8d554_gasoline_98,BP Flamenga,BP,gasoline_98,Gasolina especial 98,Outro,2.299,Loures,Lisboa,"R. Almirante Gago Coutinho, Flamenga",Frielas,2660-038,38.80804,-9.15719,bp flamenga,bp,"r. almirante gago coutinho, flamenga","2,299 €",2026-05-15_dgeg_postos_raw.csv,2402d456c89042b1
2026-05-15,2026-05-15 14:31:32,2026-05-12 08:35:00,104d2bed07e6eee5,104d2bed07e6eee5_diesel_regular,BP Fermentelos,BP,diesel_regular,Gasóleo simples,Outro,2.109,Águeda,Aveiro,Rua do Viera (EM 600-1),Fermentelos,3750-466,40.56099,-8.54071,bp fermentelos,bp,rua do viera (em 600-1),"2,109 €",2026-05-15_dgeg_postos_raw.csv,7b317dfd980a7736
2026-05-15,2026-05-15 14:31:32,2026-05-12 08:35:00,104d2bed07e6eee5,104d2bed07e6eee5_diesel_premium,BP Fermentelos,BP,diesel_premium,Gasóleo especial,Outro,2.229,Águeda,Aveiro,Rua do Viera (EM 600-1),Fermentelos,3750-466,40.56099,-8.54071,bp fermentelos,bp,rua do viera (em 600-1),"2,229 €",2026-05-15_dgeg_postos_raw.csv,251d9fde7da61b7d
2026-05-15,2026-05-15 14:31:32,2026-05-12 08:35:00,104d2bed07e6eee5,104d2bed07e6eee5_gasoline_95,BP Fermentelos,BP,gasoline_95,Gasolina simples 95,Outro,2.099,Águeda,Aveiro,Rua do Viera (EM 600-1),Fermentelos,3750-466,40.56099,-8.54071,bp fermentelos,bp,rua do viera (em 600-1),"2,099 €",2026-05-15_dgeg_postos_raw.csv,fb0c218bc8452fbc
2026-05-15,2026-05-15 14:31:32,2026-05-12 08:35:00,104d2bed07e6eee5,104d2bed07e6eee5_gasoline_98,BP Fermentelos,BP,gasoline_98,Gasolina especial 98,Outro,2.299,Águeda,Aveiro,Rua do Viera (EM 600-1),Fermentelos,3750-466,40.56099,-8.54071,bp fermentelos,bp,rua do viera (em 600-1),"2,299 €",2026-05-15_dgeg_postos_raw.csv,c1a939986ab03031
2026-05-15,2026-05-15 14:31:32,2026-05-12 08:35:00,bd1d36eee8736470,bd1d36eee8736470_diesel_regular,INTERMARCHÉ  Covilhã,INTERMARCHÉ,diesel_regular,Gasóleo simples,Outro,1.894,Covilhã,Castelo Branco,Av.Infante D.Henrique,Covilhã,6200-506,40.27064,-7.494,intermarché covilhã,intermarché,av.infante d.henrique,"1,894 €",2026-05-15_dgeg_postos_raw.csv,7fd5f06a5fcdd3dc
2026-05-15,2026-05-15 14:31:32,2026-05-12 08:35:00,bd1d36eee8736470,bd1d36eee8736470_diesel_premium,INTERMARCHÉ  Covilhã,INTERMARCHÉ,diesel_premium,Gasóleo especial,Outro,1.914,Covilhã,Castelo Branco,Av.Infante D.Henrique,Covilhã,6200-506,40.27064,-7.494,intermarché covilhã,intermarché,av.infante d.henrique,"1,914 €",2026-05-15_dgeg_postos_raw.csv,d9cd567c23b11359
2026-05-15,2026-05-15 14:31:32,2026-05-12 08:35:00,bd1d36eee8736470,bd1d36eee8736470_gasoline_95,INTERMARCHÉ  Covilhã,INTERMARCHÉ,gasoline_95,Gasolina simples 95,Outro,1.864,Covilhã,Castelo Branco,Av.Infante D.Henrique,Covilhã,6200-506,40.27064,-7.494,intermarché covilhã,intermarché,av.infante d.henrique,"1,864 €",2026-05-15_dgeg_postos_raw.csv,012d76d5b16e0491
2026-05-15,2026-05-15 14:31:32,2026-05-12 08:35:00,945e58669f8294c6,945e58669f8294c6_diesel_regular,PLENERGY Guarda Gare I,PLENERGY,diesel_regular,Gasóleo simples,Outro,1.879,Guarda,Guarda,"Av. de São Miguel, Guarda-Gare",Guarda,6300-864,40.555107,-7.246071,plenergy guarda gare i,plenergy,"av. de são miguel, guarda-gare","1,879 €",2026-05-15_dgeg_postos_raw.csv,eba51c86fd243481
2026-05-15,2026-05-15 14:31:32,2026-05-12 08:35:00,945e58669f8294c6,945e58669f8294c6_diesel_premium,PLENERGY Guarda Gare I,PLENERGY,diesel_premium,Gasóleo especial,Outro,1.909,Guarda,Guarda,"Av. de São Miguel, Guarda-Gare",Guarda,6300-864,40.555107,-7.246071,plenergy guarda gare i,plenergy,"av. de são miguel, guarda-gare","1,909 €",2026-05-15_dgeg_postos_raw.csv,f829db7db86ce899
2026-05-15,2026-05-15 14:31:32,2026-05-12 08:35:00,945e58669f8294c6,945e58669f8294c6_gasoline_95,PLENERGY Guarda Gare I,PLENERGY,gasoline_95,Gasolina simples 95,Outro,1.879,Guarda,Guarda,"Av. de São Miguel, Guarda-Gare",Guarda,6300-864,40.555107,-7.246071,plenergy guarda gare i,plenergy,"av. de são miguel, guarda-gare","1,879 €",2026-05-15_dgeg_postos_raw.csv,03c0396253305248
2026-05-15,2026-05-15 14:31:32,2026-05-12 08:35:00,eb8941fb9e36ee50,eb8941fb9e36ee50_diesel_regular,BP Águeda,BP,diesel_regular,Gasóleo simples,Outro,2.079,Águeda,Aveiro,EN 573 - Lugar do Covão,Valongo do Vouga,3750-836,40.60208,-8.44495,bp águeda,bp,en 573 - lugar do covão,"2,079 €",2026-05-15_dgeg_postos_raw.csv,d10965ac9823e241
2026-05-15,2026-05-15 14:31:32,2026-05-12 08:35:00,eb8941fb9e36ee50,eb8941fb9e36ee50_diesel_premium,BP Águeda,BP,diesel_premium,Gasóleo especial,Outro,2.229,Águeda,Aveiro,EN 573 - Lugar do Covão,Valongo do Vouga,3750-836,40.60208,-8.44495,bp águeda,bp,en 573 - lugar do covão,"2,229 €",2026-05-15_dgeg_postos_raw.csv,614143949926ef2e
2026-05-15,2026-05-15 14:31:32,2026-05-12 08:35:00,eb8941fb9e36ee50,eb8941fb9e36ee50_gasoline_95,BP Águeda,BP,gasoline_95,Gasolina simples 95,Outro,2.069,Águeda,Aveiro,EN 573 - Lugar do Covão,Valongo do Vouga,3750-836,40.60208,-8.44495,bp águeda,bp,en 573 - lugar do covão,"2,069 €",2026-05-15_dgeg_postos_raw.csv,3b3c64bb6434a26b
2026-05-15,2026-05-15 14:31:32,2026-05-12 08:35:00,eb8941fb9e36ee50,eb8941fb9e36ee50_gasoline_98,BP Águeda,BP,gasoline_98,Gasolina especial 98,Outro,2.299,Águeda,Aveiro,EN 573 - Lugar do Covão,Valongo do Vouga,3750-836,40.60208,-8.44495,bp águeda,bp,en 573 - lugar do covão,"2,299 €",2026-05-15_dgeg_postos_raw.csv,ec2e57e819e547a7
2026-05-15,2026-05-15 14:31:32,2026-05-12 08:35:00,a6806bec168dd6b5,a6806bec168dd6b5_diesel_regular,BP - Vale de Figueira,BP,diesel_regular,Gasóleo simples,Outro,2.055,Loures,Lisboa,Rua Alfredo Vitorino Costa,Vale de Figueira,2695-772,38.82893,-9.10132,bp - vale de figueira,bp,rua alfredo vitorino costa,"2,055 €",2026-05-15_dgeg_postos_raw.csv,7b3d1dd247a833fe
2026-05-15,2026-05-15 14:31:32,2026-05-12 08:35:00,a6806bec168dd6b5,a6806bec168dd6b5_diesel_premium,BP - Vale de Figueira,BP,diesel_premium,Gasóleo especial,Outro,2.229,Loures,Lisboa,Rua Alfredo Vitorino Costa,Vale de Figueira,2695-772,38.82893,-9.10132,bp - vale de figueira,bp,rua alfredo vitorino costa,"2,229 €",2026-05-15_dgeg_postos_raw.csv,b9dfb93761408b12
2026-05-15,2026-05-15 14:31:32,2026-05-12 08:35:00,a6806bec168dd6b5,a6806bec168dd6b5_gasoline_95,BP - Vale de Figueira,BP,gasoline_95,Gasolina simples 95,Outro,2.051,Loures,Lisboa,Rua Alfredo Vitorino Costa,Vale de Figueira,2695-772,38.82893,-9.10132,bp - vale de figueira,bp,rua alfredo vitorino costa,"2,051 €",2026-05-15_dgeg_postos_raw.csv,c9fea5e9a7ceb538
2026-05-15,2026-05-15 14:31:32,2026-05-12 08:35:00,a6806bec168dd6b5,a6806bec168dd6b5_gasoline_98,BP - Vale de Figueira,BP,gasoline_98,Gasolina especial 98,Outro,2.299,Loures,Lisboa,Rua Alfredo Vitorino Costa,Vale de Figueira,2695-772,38.82893,-9.10132,bp - vale de figueira,bp,rua alfredo vitorino costa,"2,299 €",2026-05-15_dgeg_postos_raw.csv,362ce6f2fd485e99
2026-05-15,2026-05-15 14:31:32,2026-05-12 08:35:00,25bb53294400ccca,25bb53294400ccca_diesel_regular,BP Albergaria-a-Velha Centro,BP,diesel_regular,Gasóleo simples,Outro,2.079,Albergaria-a-Velha,Aveiro,Rua Dr. Nogueira e Melo,Albergaria-a-Velha,3850-103,40.69066,-8.47454,bp albergaria-a-velha centro,bp,rua dr. nogueira e melo,"2,079 €",2026-05-15_dgeg_postos_raw.csv,1afb581dc28b1aed
2026-05-15,2026-05-15 14:31:32,2026-05-12 08:35:00,25bb53294400ccca,25bb53294400ccca_diesel_premium,BP Albergaria-a-Velha Centro,BP,diesel_premium,Gasóleo especial,Outro,2.229,Albergaria-a-Velha,Aveiro,Rua Dr. Nogueira e Melo,Albergaria-a-Velha,3850-103,40.69066,-8.47454,bp albergaria-a-velha centro,bp,rua dr. nogueira e melo,"2,229 €",2026-05-15_dgeg_postos_raw.csv,da86c21d932c6e70
2026-05-15,2026-05-15 14:31:32,2026-05-12 08:35:00,25bb53294400ccca,25bb53294400ccca_gasoline_95,BP Albergaria-a-Velha Centro,BP,gasoline_95,Gasolina simples 95,Outro,2.069,Albergaria-a-Velha,Aveiro,Rua Dr. Nogueira e Melo,Albergaria-a-Velha,3850-103,40.69066,-8.47454,bp albergaria-a-velha centro,bp,rua dr. nogueira e melo,"2,069 €",2026-05-15_dgeg_postos_raw.csv,3f15f6c8fb1053df
2026-05-15,2026-05-15 14:31:32,2026-05-12 08:35:00,25bb53294400ccca,25bb53294400ccca_gasoline_98,BP Albergaria-a-Velha Centro,BP,gasoline_98,Gasolina especial 98,Outro,2.299,Albergaria-a-Velha,Aveiro,Rua Dr. Nogueira e Melo,Albergaria-a-Velha,3850-103,40.69066,-8.47454,bp albergaria-a-velha centro,bp,rua dr. nogueira e melo,"2,299 €",2026-05-15_dgeg_postos_raw.csv,7df65ef40cc0d1b6
2026-05-15,2026-05-15 14:31:32,2026-05-12 08:35:00,8cc14cc7df46d7c8,8cc14cc7df46d7c8_diesel_regular,BP Oliveira do Bairro,BP,diesel_regular,Gasóleo simples,Outro,2.109,Oliveira do Bairro,Aveiro,Rua do Foral nº 36,Oliveira do Bairro,3770-215,40.51526,-8.493548,bp oliveira do bairro,bp,rua do foral nº 36,"2,109 €",2026-05-15_dgeg_postos_raw.csv,acf32969bc8f3e68
2026-05-15,2026-05-15 14:31:32,2026-05-12 08:35:00,8cc14cc7df46d7c8,8cc14cc7df46d7c8_diesel_premium,BP Oliveira do Bairro,BP,diesel_premium,Gasóleo especial,Outro,2.229,Oliveira do Bairro,Aveiro,Rua do Foral nº 36,Oliveira do Bairro,3770-215,40.51526,-8.493548,bp oliveira do bairro,bp,rua do foral nº 36,"2,229 €",2026-05-15_dgeg_postos_raw.csv,e658b4b4e569fa69
2026-05-15,2026-05-15 14:31:32,2026-05-12 08:35:00,8cc14cc7df46d7c8,8cc14cc7df46d7c8_gasoline_95,BP Oliveira do Bairro,BP,gasoline_95,Gasolina simples 95,Outro,2.099,Oliveira do Bairro,Aveiro,Rua do Foral nº 36,Oliveira do Bairro,3770-215,40.51526,-8.493548,bp oliveira do bairro,bp,rua do foral nº 36,"2,099 €",2026-05-15_dgeg_postos_raw.csv,ec9fa1a85f4a135c
2026-05-15,2026-05-15 14:31:32,2026-05-12 08:35:00,8cc14cc7df46d7c8,8cc14cc7df46d7c8_gasoline_98,BP Oliveira do Bairro,BP,gasoline_98,Gasolina especial 98,Outro,2.299,Oliveira do Bairro,Aveiro,Rua do Foral nº 36,Oliveira do Bairro,3770-215,40.51526,-8.493548,bp oliveira do bairro,bp,rua do foral nº 36,"2,299 €",2026-05-15_dgeg_postos_raw.csv,6924784b7e54be44
2026-05-15,2026-05-15 14:31:32,2026-05-12 08:40:00,26dc8e6c61f6ec4f,26dc8e6c61f6ec4f_diesel_regular,BP ALPIARÇA,BP,diesel_regular,Gasóleo simples,Outro,2.109,Alpiarça,Santarém,Largo Dr. José António Simões nº 1,Alpiarça,2090-000,39.26077,-8.58368,bp alpiarça,bp,largo dr. josé antónio simões nº 1,"2,109 €",2026-05-15_dgeg_postos_raw.csv,267ef2e48d478495
2026-05-15,2026-05-15 14:31:32,2026-05-12 08:40:00,26dc8e6c61f6ec4f,26dc8e6c61f6ec4f_diesel_premium,BP ALPIARÇA,BP,diesel_premium,Gasóleo especial,Outro,2.229,Alpiarça,Santarém,Largo Dr. José António Simões nº 1,Alpiarça,2090-000,39.26077,-8.58368,bp alpiarça,bp,largo dr. josé antónio simões nº 1,"2,229 €",2026-05-15_dgeg_postos_raw.csv,cebc772733099aa1
2026-05-15,2026-05-15 14:31:32,2026-05-12 08:40:00,26dc8e6c61f6ec4f,26dc8e6c61f6ec4f_gasoline_95,BP ALPIARÇA,BP,gasoline_95,Gasolina simples 95,Outro,2.099,Alpiarça,Santarém,Largo Dr. José António Simões nº 1,Alpiarça,2090-000,39.26077,-8.58368,bp alpiarça,bp,largo dr. josé antónio simões nº 1,"2,099 €",2026-05-15_dgeg_postos_raw.csv,d8725629b764e9e7
2026-05-15,2026-05-15 14:31:32,2026-05-12 08:40:00,63fbd95293966452,63fbd95293966452_diesel_regular,BP Montijo (Rotunda),BP,diesel_regular,Gasóleo simples,Outro,2.069,Montijo,Setúbal,Alto das Vinhas Grandes,Montijo,2870-028,38.707297,-8.944502,bp montijo (rotunda),bp,alto das vinhas grandes,"2,069 €",2026-05-15_dgeg_postos_raw.csv,a9f4c5bf51cca4fc
2026-05-15,2026-05-15 14:31:32,2026-05-12 08:40:00,63fbd95293966452,63fbd95293966452_diesel_premium,BP Montijo (Rotunda),BP,diesel_premium,Gasóleo especial,Outro,2.229,Montijo,Setúbal,Alto das Vinhas Grandes,Montijo,2870-028,38.707297,-8.944502,bp montijo (rotunda),bp,alto das vinhas grandes,"2,229 €",2026-05-15_dgeg_postos_raw.csv,c51602c2bd9dd94a
2026-05-15,2026-05-15 14:31:32,2026-05-12 08:40:00,63fbd95293966452,63fbd95293966452_gasoline_95,BP Montijo (Rotunda),BP,gasoline_95,Gasolina simples 95,Outro,2.059,Montijo,Setúbal,Alto das Vinhas Grandes,Montijo,2870-028,38.707297,-8.944502,bp montijo (rotunda),bp,alto das vinhas grandes,"2,059 €",2026-05-15_dgeg_postos_raw.csv,028013f0765f6c31
2026-05-15,2026-05-15 14:31:32,2026-05-12 08:40:00,26dc8e6c61f6ec4f,26dc8e6c61f6ec4f_gasoline_98,BP ALPIARÇA,BP,gasoline_98,Gasolina especial 98,Outro,2.299,Alpiarça,Santarém,Largo Dr. José António Simões nº 1,Alpiarça,2090-000,39.26077,-8.58368,bp alpiarça,bp,largo dr. josé antónio simões nº 1,"2,299 €",2026-05-15_dgeg_postos_raw.csv,0668d4baaad7de24
2026-05-15,2026-05-15 14:31:32,2026-05-12 08:40:00,63fbd95293966452,63fbd95293966452_gasoline_98,BP Montijo (Rotunda),BP,gasoline_98,Gasolina especial 98,Outro,2.299,Montijo,Setúbal,Alto das Vinhas Grandes,Montijo,2870-028,38.707297,-8.944502,bp montijo (rotunda),bp,alto das vinhas grandes,"2,299 €",2026-05-15_dgeg_postos_raw.csv,36eea34274083344
2026-05-15,2026-05-15 14:31:32,2026-05-12 08:40:00,39f3a6bb1b21a6d5,39f3a6bb1b21a6d5_diesel_regular,Bp Confraria - Leiria,BP,diesel_regular,Gasóleo simples,Outro,1.999,Leiria,Leiria,Rua Central nº 676,Confraria,2420-203,39.82827,-8.682691,bp confraria - leiria,bp,rua central nº 676,"1,999 €",2026-05-15_dgeg_postos_raw.csv,d69636b6a0a204d7
2026-05-15,2026-05-15 14:31:32,2026-05-12 08:40:00,39f3a6bb1b21a6d5,39f3a6bb1b21a6d5_diesel_premium,Bp Confraria - Leiria,BP,diesel_premium,Gasóleo especial,Outro,2.229,Leiria,Leiria,Rua Central nº 676,Confraria,2420-203,39.82827,-8.682691,bp confraria - leiria,bp,rua central nº 676,"2,229 €",2026-05-15_dgeg_postos_raw.csv,0f617b0e468a5e19
2026-05-15,2026-05-15 14:31:32,2026-05-12 08:40:00,39f3a6bb1b21a6d5,39f3a6bb1b21a6d5_gasoline_95,Bp Confraria - Leiria,BP,gasoline_95,Gasolina simples 95,Outro,1.999,Leiria,Leiria,Rua Central nº 676,Confraria,2420-203,39.82827,-8.682691,bp confraria - leiria,bp,rua central nº 676,"1,999 €",2026-05-15_dgeg_postos_raw.csv,614829f1ff105840
2026-05-15,2026-05-15 14:31:32,2026-05-12 08:40:00,39f3a6bb1b21a6d5,39f3a6bb1b21a6d5_gasoline_98,Bp Confraria - Leiria,BP,gasoline_98,Gasolina especial 98,Outro,2.229,Leiria,Leiria,Rua Central nº 676,Confraria,2420-203,39.82827,-8.682691,bp confraria - leiria,bp,rua central nº 676,"2,229 €",2026-05-15_dgeg_postos_raw.csv,45e63a827339b63f
2026-05-15,2026-05-15 14:31:32,2026-05-12 08:40:00,bd35f325a0e4bdec,bd35f325a0e4bdec_diesel_regular,BP MAIA - ZONA INDUSTRIAL,BP,diesel_regular,Gasóleo simples,Outro,2.069,Maia,Porto,"VIA DR. VASCO TEIXEIRA - ZONA INDUSTRIAL MAIA I, SECTOR IX",MAIA,4470-498,41.244973,-8.630067,bp maia - zona industrial,bp,"via dr. vasco teixeira - zona industrial maia i, sector ix","2,069 €",2026-05-15_dgeg_postos_raw.csv,93bff2763d306ea7
2026-05-15,2026-05-15 14:31:32,2026-05-12 08:40:00,bd35f325a0e4bdec,bd35f325a0e4bdec_gasoline_95,BP MAIA - ZONA INDUSTRIAL,BP,gasoline_95,Gasolina simples 95,Outro,2.059,Maia,Porto,"VIA DR. VASCO TEIXEIRA - ZONA INDUSTRIAL MAIA I, SECTOR IX",MAIA,4470-498,41.244973,-8.630067,bp maia - zona industrial,bp,"via dr. vasco teixeira - zona industrial maia i, sector ix","2,059 €",2026-05-15_dgeg_postos_raw.csv,b5045bd546320dd0
2026-05-15,2026-05-15 14:31:32,2026-05-12 08:40:00,bd35f325a0e4bdec,bd35f325a0e4bdec_diesel_premium,BP MAIA - ZONA INDUSTRIAL,BP,diesel_premium,Gasóleo especial,Outro,2.229,Maia,Porto,"VIA DR. VASCO TEIXEIRA - ZONA INDUSTRIAL MAIA I, SECTOR IX",MAIA,4470-498,41.244973,-8.630067,bp maia - zona industrial,bp,"via dr. vasco teixeira - zona industrial maia i, sector ix","2,229 €",2026-05-15_dgeg_postos_raw.csv,0214f6b1784b6e0f
2026-05-15,2026-05-15 14:31:32,2026-05-12 08:40:00,bd35f325a0e4bdec,bd35f325a0e4bdec_gasoline_98,BP MAIA - ZONA INDUSTRIAL,BP,gasoline_98,Gasolina especial 98,Outro,2.299,Maia,Porto,"VIA DR. VASCO TEIXEIRA - ZONA INDUSTRIAL MAIA I, SECTOR IX",MAIA,4470-498,41.244973,-8.630067,bp maia - zona industrial,bp,"via dr. vasco teixeira - zona industrial maia i, sector ix","2,299 €",2026-05-15_dgeg_postos_raw.csv,8a73346a5e7dea8d
2026-05-15,2026-05-15 14:31:32,2026-05-12 08:45:00,de88d84ab9d75853,de88d84ab9d75853_diesel_premium,SERPA,REPSOL,diesel_premium,Gasóleo especial,Outro,2.099,Serpa,Beja,Almargem,Serpa,7830-000,37.9481,-7.59198,serpa,repsol,almargem,"2,099 €",2026-05-15_dgeg_postos_raw.csv,f3a949cd62363d97
2026-05-15,2026-05-15 14:31:32,2026-05-12 08:50:00,cf10da58c3996c8f,cf10da58c3996c8f_diesel_premium,BRINCHES,REPSOL,diesel_premium,Gasóleo especial,Outro,2.099,Serpa,Beja,Monte Acima,Brinches,7830-117,38.03849,-7.59766,brinches,repsol,monte acima,"2,099 €",2026-05-15_dgeg_postos_raw.csv,022ebc55e0ea7c71
2026-05-15,2026-05-15 14:31:32,2026-05-12 08:50:00,98731bfb49bdb268,98731bfb49bdb268_diesel_premium,PIAS,GALP,diesel_premium,Gasóleo especial,Outro,2.099,Serpa,Beja,"Rua Dr. Mario Beirão, 11",Pias,7830-249,38.02042,-7.48046,pias,galp,"rua dr. mario beirão, 11","2,099 €",2026-05-15_dgeg_postos_raw.csv,e533655a108bb121
2026-05-15,2026-05-15 14:31:32,2026-05-12 08:50:00,4cad5e4124b9bad7,4cad5e4124b9bad7_diesel_regular,INTERMARCHÉ DE ALCANENA,INTERMARCHÉ,diesel_regular,Gasóleo simples,Outro,1.939,Alcanena,Santarém,Lugar Do Peral,Peral,2380-180,39.464,-8.65697,intermarché de alcanena,intermarché,lugar do peral,"1,939 €",2026-05-15_dgeg_postos_raw.csv,eb7de83b07b7d223
2026-05-15,2026-05-15 14:31:32,2026-05-12 08:50:00,4cad5e4124b9bad7,4cad5e4124b9bad7_diesel_premium,INTERMARCHÉ DE ALCANENA,INTERMARCHÉ,diesel_premium,Gasóleo especial,Outro,1.969,Alcanena,Santarém,Lugar Do Peral,Peral,2380-180,39.464,-8.65697,intermarché de alcanena,intermarché,lugar do peral,"1,969 €",2026-05-15_dgeg_postos_raw.csv,56f10c9a5d1bb7d4
2026-05-15,2026-05-15 14:31:32,2026-05-12 08:50:00,4cad5e4124b9bad7,4cad5e4124b9bad7_gasoline_95,INTERMARCHÉ DE ALCANENA,INTERMARCHÉ,gasoline_95,Gasolina simples 95,Outro,1.928,Alcanena,Santarém,Lugar Do Peral,Peral,2380-180,39.464,-8.65697,intermarché de alcanena,intermarché,lugar do peral,"1,928 €",2026-05-15_dgeg_postos_raw.csv,a7d33bd2bf59ec55
2026-05-15,2026-05-15 14:31:32,2026-05-12 08:50:00,80f8af2af60dadd3,80f8af2af60dadd3_diesel_regular,ALMERINDO MANUEL DA SILVA SANTOS,Genérico,diesel_regular,Gasóleo simples,Outro,2.0,Rio Maior,Santarém,Rua do Mouteirinho nº 6,Alcobertas,2040-011,39.41749,-8.90938,almerindo manuel da silva santos,genérico,rua do mouteirinho nº 6,"2,000 €",2026-05-15_dgeg_postos_raw.csv,a16ed242478ecee5
2026-05-15,2026-05-15 14:31:32,2026-05-12 08:50:00,80f8af2af60dadd3,80f8af2af60dadd3_gasoline_95,ALMERINDO MANUEL DA SILVA SANTOS,Genérico,gasoline_95,Gasolina simples 95,Outro,2.0,Rio Maior,Santarém,Rua do Mouteirinho nº 6,Alcobertas,2040-011,39.41749,-8.90938,almerindo manuel da silva santos,genérico,rua do mouteirinho nº 6,"2,000 €",2026-05-15_dgeg_postos_raw.csv,4f59c08434a1bff1
2026-05-15,2026-05-15 14:31:32,2026-05-12 08:50:00,bbea98d81b93eb92,bbea98d81b93eb92_diesel_regular,REPSOL Escarigo,REPSOL,diesel_regular,Gasóleo simples,Outro,1.989,Fundão,Castelo Branco,Bairro de S. José n22,Escarigo,6230-165,40.24711,-7.284975,repsol escarigo,repsol,bairro de s. josé n22,"1,989 €",2026-05-15_dgeg_postos_raw.csv,d3761a411477f735
2026-05-15,2026-05-15 14:31:32,2026-05-12 08:50:00,bbea98d81b93eb92,bbea98d81b93eb92_gasoline_95,REPSOL Escarigo,REPSOL,gasoline_95,Gasolina simples 95,Outro,2.029,Fundão,Castelo Branco,Bairro de S. José n22,Escarigo,6230-165,40.24711,-7.284975,repsol escarigo,repsol,bairro de s. josé n22,"2,029 €",2026-05-15_dgeg_postos_raw.csv,ef05b51d1fc43a45
2026-05-15,2026-05-15 14:31:32,2026-05-12 08:50:00,bbea98d81b93eb92,bbea98d81b93eb92_diesel_premium,REPSOL Escarigo,REPSOL,diesel_premium,Gasóleo especial,Outro,2.019,Fundão,Castelo Branco,Bairro de S. José n22,Escarigo,6230-165,40.24711,-7.284975,repsol escarigo,repsol,bairro de s. josé n22,"2,019 €",2026-05-15_dgeg_postos_raw.csv,0e366341cdd43877
2026-05-15,2026-05-15 14:31:32,2026-05-12 08:50:00,cf10da58c3996c8f,cf10da58c3996c8f_gasoline_95,BRINCHES,REPSOL,gasoline_95,Gasolina simples 95,Outro,2.067,Serpa,Beja,Monte Acima,Brinches,7830-117,38.03849,-7.59766,brinches,repsol,monte acima,"2,067 €",2026-05-15_dgeg_postos_raw.csv,302b9b3a902b9295
2026-05-15,2026-05-15 14:31:32,2026-05-12 08:55:00,f866b369f2138640,f866b369f2138640_diesel_regular,BP Falfosa,BP,diesel_regular,Gasóleo simples,Outro,2.089,Faro,Faro,"Sitio da Falfosa, Santa Bárbara de Nexe",Falfosa,8005-436,37.08302,-7.95838,bp falfosa,bp,"sitio da falfosa, santa bárbara de nexe","2,089 €",2026-05-15_dgeg_postos_raw.csv,c04321565dbacc6b
2026-05-15,2026-05-15 14:31:32,2026-05-12 08:55:00,f866b369f2138640,f866b369f2138640_diesel_premium,BP Falfosa,BP,diesel_premium,Gasóleo especial,Outro,2.229,Faro,Faro,"Sitio da Falfosa, Santa Bárbara de Nexe",Falfosa,8005-436,37.08302,-7.95838,bp falfosa,bp,"sitio da falfosa, santa bárbara de nexe","2,229 €",2026-05-15_dgeg_postos_raw.csv,739a9ccf39302569
2026-05-15,2026-05-15 14:31:32,2026-05-12 08:55:00,f866b369f2138640,f866b369f2138640_gasoline_95,BP Falfosa,BP,gasoline_95,Gasolina simples 95,Outro,2.079,Faro,Faro,"Sitio da Falfosa, Santa Bárbara de Nexe",Falfosa,8005-436,37.08302,-7.95838,bp falfosa,bp,"sitio da falfosa, santa bárbara de nexe","2,079 €",2026-05-15_dgeg_postos_raw.csv,919cca626d4fa306
2026-05-15,2026-05-15 14:31:32,2026-05-12 08:55:00,f866b369f2138640,f866b369f2138640_gasoline_98,BP Falfosa,BP,gasoline_98,Gasolina especial 98,Outro,2.299,Faro,Faro,"Sitio da Falfosa, Santa Bárbara de Nexe",Falfosa,8005-436,37.08302,-7.95838,bp falfosa,bp,"sitio da falfosa, santa bárbara de nexe","2,299 €",2026-05-15_dgeg_postos_raw.csv,11a81c15933c493a
2026-05-15,2026-05-15 14:31:32,2026-05-12 09:00:00,63555d89095e5254,63555d89095e5254_diesel_regular,Combustíveis CR,REPSOL,diesel_regular,Gasóleo simples,Outro,2.075,Cartaxo,Santarém,Estrada dos Luízes,Casais dos Penedos,2070-367,39.14129,-8.8774,combustíveis cr,repsol,estrada dos luízes,"2,075 €",2026-05-15_dgeg_postos_raw.csv,5c7791670ac935ba
2026-05-15,2026-05-15 14:31:32,2026-05-12 09:00:00,63555d89095e5254,63555d89095e5254_diesel_premium,Combustíveis CR,REPSOL,diesel_premium,Gasóleo especial,Outro,2.055,Cartaxo,Santarém,Estrada dos Luízes,Casais dos Penedos,2070-367,39.14129,-8.8774,combustíveis cr,repsol,estrada dos luízes,"2,055 €",2026-05-15_dgeg_postos_raw.csv,285a3842189ed313
2026-05-15,2026-05-15 14:31:32,2026-05-12 09:00:00,63555d89095e5254,63555d89095e5254_gasoline_95,Combustíveis CR,REPSOL,gasoline_95,Gasolina simples 95,Outro,2.16,Cartaxo,Santarém,Estrada dos Luízes,Casais dos Penedos,2070-367,39.14129,-8.8774,combustíveis cr,repsol,estrada dos luízes,"2,160 €",2026-05-15_dgeg_postos_raw.csv,8b770fdf9772bd1f
2026-05-15,2026-05-15 14:31:32,2026-05-12 09:00:00,2889362dcd523229,2889362dcd523229_diesel_regular,INTERMARCHE DE LOUSADA,INTERMARCHÉ,diesel_regular,Gasóleo simples,Outro,1.859,Lousada,Porto,RUA PALMIRA MEIRELES Nº 95,LOUSADA,4620-668,41.272709,-8.278983,intermarche de lousada,intermarché,rua palmira meireles nº 95,"1,859 €",2026-05-15_dgeg_postos_raw.csv,ef0da1512a126947
2026-05-15,2026-05-15 14:31:32,2026-05-12 09:00:00,2889362dcd523229,2889362dcd523229_diesel_premium,INTERMARCHE DE LOUSADA,INTERMARCHÉ,diesel_premium,Gasóleo especial,Outro,1.899,Lousada,Porto,RUA PALMIRA MEIRELES Nº 95,LOUSADA,4620-668,41.272709,-8.278983,intermarche de lousada,intermarché,rua palmira meireles nº 95,"1,899 €",2026-05-15_dgeg_postos_raw.csv,741c473878f60ba3
2026-05-15,2026-05-15 14:31:32,2026-05-12 09:00:00,2889362dcd523229,2889362dcd523229_gasoline_95,INTERMARCHE DE LOUSADA,INTERMARCHÉ,gasoline_95,Gasolina simples 95,Outro,1.879,Lousada,Porto,RUA PALMIRA MEIRELES Nº 95,LOUSADA,4620-668,41.272709,-8.278983,intermarche de lousada,intermarché,rua palmira meireles nº 95,"1,879 €",2026-05-15_dgeg_postos_raw.csv,71b55fbaf510af8a
2026-05-15,2026-05-15 14:31:32,2026-05-12 09:00:00,22b21e592b1274be,22b21e592b1274be_diesel_regular,INTERMARCHÉ DE SÁTÃO,INTERMARCHÉ,diesel_regular,Gasóleo simples,Outro,1.879,Sátão,Viseu,Rua Cidade de Lescar,Sátão,3560-196,40.745,-7.73626,intermarché de sátão,intermarché,rua cidade de lescar,"1,879 €",2026-05-15_dgeg_postos_raw.csv,7eaf4319cded33e8
2026-05-15,2026-05-15 14:31:32,2026-05-12 09:00:00,22b21e592b1274be,22b21e592b1274be_gasoline_95,INTERMARCHÉ DE SÁTÃO,INTERMARCHÉ,gasoline_95,Gasolina simples 95,Outro,1.869,Sátão,Viseu,Rua Cidade de Lescar,Sátão,3560-196,40.745,-7.73626,intermarché de sátão,intermarché,rua cidade de lescar,"1,869 €",2026-05-15_dgeg_postos_raw.csv,27f93a2127687e4d
2026-05-15,2026-05-15 14:31:32,2026-05-12 09:00:00,c06020ad41cee846,c06020ad41cee846_diesel_regular,CARTAXO - CENTRO,BP,diesel_regular,Gasóleo simples,Outro,2.109,Cartaxo,Santarém,Urbanização Quinta da Cabreira,Cartaxo,2071-000,39.165577,-8.780794,cartaxo - centro,bp,urbanização quinta da cabreira,"2,109 €",2026-05-15_dgeg_postos_raw.csv,3b4682ebad4513e6
2026-05-15,2026-05-15 14:31:32,2026-05-12 09:00:00,c06020ad41cee846,c06020ad41cee846_diesel_premium,CARTAXO - CENTRO,BP,diesel_premium,Gasóleo especial,Outro,2.229,Cartaxo,Santarém,Urbanização Quinta da Cabreira,Cartaxo,2071-000,39.165577,-8.780794,cartaxo - centro,bp,urbanização quinta da cabreira,"2,229 €",2026-05-15_dgeg_postos_raw.csv,594b68dbe8f33e06
2026-05-15,2026-05-15 14:31:32,2026-05-12 09:00:00,c06020ad41cee846,c06020ad41cee846_gasoline_95,CARTAXO - CENTRO,BP,gasoline_95,Gasolina simples 95,Outro,2.099,Cartaxo,Santarém,Urbanização Quinta da Cabreira,Cartaxo,2071-000,39.165577,-8.780794,cartaxo - centro,bp,urbanização quinta da cabreira,"2,099 €",2026-05-15_dgeg_postos_raw.csv,70ee0f7f7aa019bf
2026-05-15,2026-05-15 14:31:32,2026-05-12 09:00:00,1a4aa03bd4ca16a6,1a4aa03bd4ca16a6_diesel_regular,CARTAXO,BP,diesel_regular,Gasóleo simples,Outro,2.109,Cartaxo,Santarém,EN 3 Km 26,Vila Chã de Ourique- Palhão,2070-611,39.17325,-8.77344,cartaxo,bp,en 3 km 26,"2,109 €",2026-05-15_dgeg_postos_raw.csv,e5435ec42495d01f
2026-05-15,2026-05-15 14:31:32,2026-05-12 09:00:00,1a4aa03bd4ca16a6,1a4aa03bd4ca16a6_diesel_premium,CARTAXO,BP,diesel_premium,Gasóleo especial,Outro,2.229,Cartaxo,Santarém,EN 3 Km 26,Vila Chã de Ourique- Palhão,2070-611,39.17325,-8.77344,cartaxo,bp,en 3 km 26,"2,229 €",2026-05-15_dgeg_postos_raw.csv,73a2426c6882c54f
2026-05-15,2026-05-15 14:31:32,2026-05-12 09:00:00,1a4aa03bd4ca16a6,1a4aa03bd4ca16a6_gasoline_95,CARTAXO,BP,gasoline_95,Gasolina simples 95,Outro,2.099,Cartaxo,Santarém,EN 3 Km 26,Vila Chã de Ourique- Palhão,2070-611,39.17325,-8.77344,cartaxo,bp,en 3 km 26,"2,099 €",2026-05-15_dgeg_postos_raw.csv,0e4ab72df0449adf
2026-05-15,2026-05-15 14:31:32,2026-05-12 09:00:00,5438b98284a63186,5438b98284a63186_diesel_regular,Intermarché Sodisor,INTERMARCHÉ,diesel_regular,Gasóleo simples,Outro,1.899,Cadaval,Lisboa,Urbanização do Martinho,Cadaval,2550-170,39.23777,-9.098961,intermarché sodisor,intermarché,urbanização do martinho,"1,899 €",2026-05-15_dgeg_postos_raw.csv,e06a5b29fb4089e1
2026-05-15,2026-05-15 14:31:32,2026-05-12 09:00:00,5438b98284a63186,5438b98284a63186_diesel_premium,Intermarché Sodisor,INTERMARCHÉ,diesel_premium,Gasóleo especial,Outro,1.929,Cadaval,Lisboa,Urbanização do Martinho,Cadaval,2550-170,39.23777,-9.098961,intermarché sodisor,intermarché,urbanização do martinho,"1,929 €",2026-05-15_dgeg_postos_raw.csv,f0d705295543edff
2026-05-15,2026-05-15 14:31:32,2026-05-12 09:00:00,5438b98284a63186,5438b98284a63186_gasoline_95,Intermarché Sodisor,INTERMARCHÉ,gasoline_95,Gasolina simples 95,Outro,1.919,Cadaval,Lisboa,Urbanização do Martinho,Cadaval,2550-170,39.23777,-9.098961,intermarché sodisor,intermarché,urbanização do martinho,"1,919 €",2026-05-15_dgeg_postos_raw.csv,716b6d52c171ec7c
2026-05-15,2026-05-15 14:31:32,2026-05-12 09:05:00,c11f0c214a166fcb,c11f0c214a166fcb_diesel_regular,BP - Lançada,BP,diesel_regular,Gasóleo simples,Outro,2.069,Montijo,Setúbal,EN 11 Km 36,Lançada - Sarilhos Grandes,2870-507,38.6830129934,-8.95621900754,bp - lançada,bp,en 11 km 36,"2,069 €",2026-05-15_dgeg_postos_raw.csv,40c8dc76ed54088b
2026-05-15,2026-05-15 14:31:32,2026-05-12 09:05:00,c11f0c214a166fcb,c11f0c214a166fcb_diesel_premium,BP - Lançada,BP,diesel_premium,Gasóleo especial,Outro,2.229,Montijo,Setúbal,EN 11 Km 36,Lançada - Sarilhos Grandes,2870-507,38.6830129934,-8.95621900754,bp - lançada,bp,en 11 km 36,"2,229 €",2026-05-15_dgeg_postos_raw.csv,9ce80321a6e19734
2026-05-15,2026-05-15 14:31:32,2026-05-12 09:05:00,c11f0c214a166fcb,c11f0c214a166fcb_gasoline_95,BP - Lançada,BP,gasoline_95,Gasolina simples 95,Outro,2.059,Montijo,Setúbal,EN 11 Km 36,Lançada - Sarilhos Grandes,2870-507,38.6830129934,-8.95621900754,bp - lançada,bp,en 11 km 36,"2,059 €",2026-05-15_dgeg_postos_raw.csv,4625f2e960dac491
2026-05-15,2026-05-15 14:31:32,2026-05-12 09:05:00,c11f0c214a166fcb,c11f0c214a166fcb_gasoline_98,BP - Lançada,BP,gasoline_98,Gasolina especial 98,Outro,2.299,Montijo,Setúbal,EN 11 Km 36,Lançada - Sarilhos Grandes,2870-507,38.6830129934,-8.95621900754,bp - lançada,bp,en 11 km 36,"2,299 €",2026-05-15_dgeg_postos_raw.csv,07e573def3bba036
2026-05-15,2026-05-15 14:31:32,2026-05-12 09:10:00,d17890354702348c,d17890354702348c_diesel_regular,INTERMARCHÉ DE AVEIRAS DE CIMA,INTERMARCHÉ,diesel_regular,Gasóleo simples,Outro,1.919,Azambuja,Lisboa,Rua dos Chães Lote 1,Aveiras de Cima,2050-098,39.14384,-8.9009,intermarché de aveiras de cima,intermarché,rua dos chães lote 1,"1,919 €",2026-05-15_dgeg_postos_raw.csv,9b78f95c45430b9e
2026-05-15,2026-05-15 14:31:32,2026-05-12 09:10:00,d17890354702348c,d17890354702348c_diesel_premium,INTERMARCHÉ DE AVEIRAS DE CIMA,INTERMARCHÉ,diesel_premium,Gasóleo especial,Outro,1.959,Azambuja,Lisboa,Rua dos Chães Lote 1,Aveiras de Cima,2050-098,39.14384,-8.9009,intermarché de aveiras de cima,intermarché,rua dos chães lote 1,"1,959 €",2026-05-15_dgeg_postos_raw.csv,fb4e92a947184335
2026-05-15,2026-05-15 14:31:32,2026-05-12 09:10:00,d17890354702348c,d17890354702348c_gasoline_95,INTERMARCHÉ DE AVEIRAS DE CIMA,INTERMARCHÉ,gasoline_95,Gasolina simples 95,Outro,1.919,Azambuja,Lisboa,Rua dos Chães Lote 1,Aveiras de Cima,2050-098,39.14384,-8.9009,intermarché de aveiras de cima,intermarché,rua dos chães lote 1,"1,919 €",2026-05-15_dgeg_postos_raw.csv,792855da05751d17
2026-05-15,2026-05-15 14:31:32,2026-05-12 09:10:00,3b7f37b5cd7b6357,3b7f37b5cd7b6357_diesel_regular,INTERMARCHE TORRES NOVAS,INTERMARCHÉ,diesel_regular,Gasóleo simples,Outro,1.939,Torres Novas,Santarém,Rua Cancela do Leão\nVárzea dos Mesiões\n,TORRES NOVAS,2350-650,39.46921,-8.53239,intermarche torres novas,intermarché,rua cancela do leão\nvárzea dos mesiões\n,"1,939 €",2026-05-15_dgeg_postos_raw.csv,d95acef979722f79
2026-05-15,2026-05-15 14:31:32,2026-05-12 09:10:00,3b7f37b5cd7b6357,3b7f37b5cd7b6357_diesel_premium,INTERMARCHE TORRES NOVAS,INTERMARCHÉ,diesel_premium,Gasóleo especial,Outro,1.969,Torres Novas,Santarém,Rua Cancela do Leão\nVárzea dos Mesiões\n,TORRES NOVAS,2350-650,39.46921,-8.53239,intermarche torres novas,intermarché,rua cancela do leão\nvárzea dos mesiões\n,"1,969 €",2026-05-15_dgeg_postos_raw.csv,6b46f041f134356b
2026-05-15,2026-05-15 14:31:32,2026-05-12 09:10:00,3b7f37b5cd7b6357,3b7f37b5cd7b6357_gasoline_95,INTERMARCHE TORRES NOVAS,INTERMARCHÉ,gasoline_95,Gasolina simples 95,Outro,1.928,Torres Novas,Santarém,Rua Cancela do Leão\nVárzea dos Mesiões\n,TORRES NOVAS,2350-650,39.46921,-8.53239,intermarche torres novas,intermarché,rua cancela do leão\nvárzea dos mesiões\n,"1,928 €",2026-05-15_dgeg_postos_raw.csv,9a1a45589e6689cd
2026-05-15,2026-05-15 14:31:32,2026-05-12 09:10:00,8de7549a7727722a,8de7549a7727722a_diesel_premium,INTERMARCHÉ MINDE,INTERMARCHÉ,diesel_premium,Gasóleo especial,Outro,1.979,Alcanena,Santarém,RUA JOAO MARTINS,MINDE,2395-189,39.51281,-8.68554,intermarché minde,intermarché,rua joao martins,"1,979 €",2026-05-15_dgeg_postos_raw.csv,87cc38d4220d3743
2026-05-15,2026-05-15 14:31:32,2026-05-12 09:10:00,8de7549a7727722a,8de7549a7727722a_diesel_regular,INTERMARCHÉ MINDE,INTERMARCHÉ,diesel_regular,Gasóleo simples,Outro,1.929,Alcanena,Santarém,RUA JOAO MARTINS,MINDE,2395-189,39.51281,-8.68554,intermarché minde,intermarché,rua joao martins,"1,929 €",2026-05-15_dgeg_postos_raw.csv,8993f5d829ebbb8c
2026-05-15,2026-05-15 14:31:32,2026-05-12 09:10:00,8de7549a7727722a,8de7549a7727722a_gasoline_95,INTERMARCHÉ MINDE,INTERMARCHÉ,gasoline_95,Gasolina simples 95,Outro,1.908,Alcanena,Santarém,RUA JOAO MARTINS,MINDE,2395-189,39.51281,-8.68554,intermarché minde,intermarché,rua joao martins,"1,908 €",2026-05-15_dgeg_postos_raw.csv,92d207499185c97c
2026-05-15,2026-05-15 14:31:32,2026-05-12 09:15:00,bb307c550e92647a,bb307c550e92647a_gasoline_95,Posto de Abastecimento dos Cardosos,REDE ENERGIA,gasoline_95,Gasolina simples 95,Outro,1.922,Leiria,Leiria,Rua de Tomar nº 51 A,Cardosos,2420-026,39.718619,-8.714898,posto de abastecimento dos cardosos,rede energia,rua de tomar nº 51 a,"1,922 €",2026-05-15_dgeg_postos_raw.csv,5875df62cb7406f5
2026-05-15,2026-05-15 14:31:32,2026-05-12 09:15:00,bb307c550e92647a,bb307c550e92647a_diesel_premium,Posto de Abastecimento dos Cardosos,REDE ENERGIA,diesel_premium,Gasóleo especial,Outro,1.949,Leiria,Leiria,Rua de Tomar nº 51 A,Cardosos,2420-026,39.718619,-8.714898,posto de abastecimento dos cardosos,rede energia,rua de tomar nº 51 a,"1,949 €",2026-05-15_dgeg_postos_raw.csv,596ac9cdc8e484be
2026-05-15,2026-05-15 14:31:32,2026-05-12 09:15:00,bb307c550e92647a,bb307c550e92647a_diesel_regular,Posto de Abastecimento dos Cardosos,REDE ENERGIA,diesel_regular,Gasóleo simples,Outro,1.929,Leiria,Leiria,Rua de Tomar nº 51 A,Cardosos,2420-026,39.718619,-8.714898,posto de abastecimento dos cardosos,rede energia,rua de tomar nº 51 a,"1,929 €",2026-05-15_dgeg_postos_raw.csv,2b48cac541964d53
2026-05-15,2026-05-15 14:31:32,2026-05-12 09:15:00,6147a0c0f9c7dc54,6147a0c0f9c7dc54_diesel_regular,José da Silva Duarte,Genérico,diesel_regular,Gasóleo simples,Outro,1.984,Alvaiázere,Leiria,"Estrada São João Batista, 386\nLameirão",Pelmá,3250-324,39.76298,-8.45193,josé da silva duarte,genérico,"estrada são joão batista, 386\nlameirão","1,984 €",2026-05-15_dgeg_postos_raw.csv,d3e90becab09fc2a
2026-05-15,2026-05-15 14:31:32,2026-05-12 09:15:00,6147a0c0f9c7dc54,6147a0c0f9c7dc54_gasoline_95,José da Silva Duarte,Genérico,gasoline_95,Gasolina simples 95,Outro,1.999,Alvaiázere,Leiria,"Estrada São João Batista, 386\nLameirão",Pelmá,3250-324,39.76298,-8.45193,josé da silva duarte,genérico,"estrada são joão batista, 386\nlameirão","1,999 €",2026-05-15_dgeg_postos_raw.csv,5755f3416b5d01fe
2026-05-15,2026-05-15 14:31:32,2026-05-12 09:15:00,3dfe37a105d0bb16,3dfe37a105d0bb16_diesel_regular,RE - GUIA (Pombal),REDE ENERGIA,diesel_regular,Gasóleo simples,Outro,1.889,Pombal,Leiria,"EN 109, Km 154,100",Guia,3105-099,39.944891,-8.786891,re - guia (pombal),rede energia,"en 109, km 154,100","1,889 €",2026-05-15_dgeg_postos_raw.csv,6b6af3f90a1f9bf1
2026-05-15,2026-05-15 14:31:32,2026-05-12 09:15:00,3dfe37a105d0bb16,3dfe37a105d0bb16_diesel_premium,RE - GUIA (Pombal),REDE ENERGIA,diesel_premium,Gasóleo especial,Outro,1.929,Pombal,Leiria,"EN 109, Km 154,100",Guia,3105-099,39.944891,-8.786891,re - guia (pombal),rede energia,"en 109, km 154,100","1,929 €",2026-05-15_dgeg_postos_raw.csv,36771485cba81410
2026-05-15,2026-05-15 14:31:32,2026-05-12 09:15:00,3dfe37a105d0bb16,3dfe37a105d0bb16_gasoline_95,RE - GUIA (Pombal),REDE ENERGIA,gasoline_95,Gasolina simples 95,Outro,1.912,Pombal,Leiria,"EN 109, Km 154,100",Guia,3105-099,39.944891,-8.786891,re - guia (pombal),rede energia,"en 109, km 154,100","1,912 €",2026-05-15_dgeg_postos_raw.csv,ac6818fa0ee27b0b
2026-05-15,2026-05-15 14:31:32,2026-05-12 09:15:00,b507876d61488f4d,b507876d61488f4d_diesel_regular,"AGL Energias Renováveis, Lda - REDE ENERGIA Idanha a Nova",REDE ENERGIA,diesel_regular,Gasóleo simples,Outro,1.919,Idanha-a-Nova,Castelo Branco,"Estrada Nacional nº 353, Km 11",Idanha-A-Nova,6060-715,39.933403,-7.238221,"agl energias renováveis, lda - rede energia idanha a nova",rede energia,"estrada nacional nº 353, km 11","1,919 €",2026-05-15_dgeg_postos_raw.csv,dfcb1d83195d7f04
2026-05-15,2026-05-15 14:31:32,2026-05-12 09:15:00,b507876d61488f4d,b507876d61488f4d_diesel_premium,"AGL Energias Renováveis, Lda - REDE ENERGIA Idanha a Nova",REDE ENERGIA,diesel_premium,Gasóleo especial,Outro,1.939,Idanha-a-Nova,Castelo Branco,"Estrada Nacional nº 353, Km 11",Idanha-A-Nova,6060-715,39.933403,-7.238221,"agl energias renováveis, lda - rede energia idanha a nova",rede energia,"estrada nacional nº 353, km 11","1,939 €",2026-05-15_dgeg_postos_raw.csv,3fc001805ef904bc
2026-05-15,2026-05-15 14:31:32,2026-05-12 09:15:00,b507876d61488f4d,b507876d61488f4d_gasoline_95,"AGL Energias Renováveis, Lda - REDE ENERGIA Idanha a Nova",REDE ENERGIA,gasoline_95,Gasolina simples 95,Outro,1.919,Idanha-a-Nova,Castelo Branco,"Estrada Nacional nº 353, Km 11",Idanha-A-Nova,6060-715,39.933403,-7.238221,"agl energias renováveis, lda - rede energia idanha a nova",rede energia,"estrada nacional nº 353, km 11","1,919 €",2026-05-15_dgeg_postos_raw.csv,5671c1f7826806ca
2026-05-15,2026-05-15 14:31:32,2026-05-12 09:15:00,52efa3a611392248,52efa3a611392248_diesel_regular,Posto de Abastecimento de Paredes,REDE ENERGIA,diesel_regular,Gasóleo simples,Outro,1.918,Paredes,Porto,"Rua das Cancelas, nº23",Paredes,4580-051,41.21248,-8.32799,posto de abastecimento de paredes,rede energia,"rua das cancelas, nº23","1,918 €",2026-05-15_dgeg_postos_raw.csv,db81816d80f9ab8e
2026-05-15,2026-05-15 14:31:32,2026-05-12 09:15:00,52efa3a611392248,52efa3a611392248_diesel_premium,Posto de Abastecimento de Paredes,REDE ENERGIA,diesel_premium,Gasóleo especial,Outro,1.938,Paredes,Porto,"Rua das Cancelas, nº23",Paredes,4580-051,41.21248,-8.32799,posto de abastecimento de paredes,rede energia,"rua das cancelas, nº23","1,938 €",2026-05-15_dgeg_postos_raw.csv,13aa96885e7da555
2026-05-15,2026-05-15 14:31:32,2026-05-12 09:15:00,52efa3a611392248,52efa3a611392248_gasoline_95,Posto de Abastecimento de Paredes,REDE ENERGIA,gasoline_95,Gasolina simples 95,Outro,1.913,Paredes,Porto,"Rua das Cancelas, nº23",Paredes,4580-051,41.21248,-8.32799,posto de abastecimento de paredes,rede energia,"rua das cancelas, nº23","1,913 €",2026-05-15_dgeg_postos_raw.csv,7f804cc74f43664c
2026-05-15,2026-05-15 14:31:32,2026-05-12 09:20:00,30d1eeffdf8837e1,30d1eeffdf8837e1_diesel_regular,BP Santiago do Cacém - ZIL,BP,diesel_regular,Gasóleo simples,Outro,2.109,Santiago do Cacém,Setúbal,EN 261 - 3,Santiago do Cacém - ZIL,7540-235,38.01306,-8.70745,bp santiago do cacém - zil,bp,en 261 - 3,"2,109 €",2026-05-15_dgeg_postos_raw.csv,d2041ec5b7631ebe
2026-05-15,2026-05-15 14:31:32,2026-05-12 09:20:00,30d1eeffdf8837e1,30d1eeffdf8837e1_diesel_premium,BP Santiago do Cacém - ZIL,BP,diesel_premium,Gasóleo especial,Outro,2.229,Santiago do Cacém,Setúbal,EN 261 - 3,Santiago do Cacém - ZIL,7540-235,38.01306,-8.70745,bp santiago do cacém - zil,bp,en 261 - 3,"2,229 €",2026-05-15_dgeg_postos_raw.csv,247259f19ad77cac
2026-05-15,2026-05-15 14:31:32,2026-05-12 09:20:00,30d1eeffdf8837e1,30d1eeffdf8837e1_gasoline_95,BP Santiago do Cacém - ZIL,BP,gasoline_95,Gasolina simples 95,Outro,2.099,Santiago do Cacém,Setúbal,EN 261 - 3,Santiago do Cacém - ZIL,7540-235,38.01306,-8.70745,bp santiago do cacém - zil,bp,en 261 - 3,"2,099 €",2026-05-15_dgeg_postos_raw.csv,eeaa2980924a6e85
2026-05-15,2026-05-15 14:31:32,2026-05-12 09:20:00,30d1eeffdf8837e1,30d1eeffdf8837e1_gasoline_98,BP Santiago do Cacém - ZIL,BP,gasoline_98,Gasolina especial 98,Outro,2.299,Santiago do Cacém,Setúbal,EN 261 - 3,Santiago do Cacém - ZIL,7540-235,38.01306,-8.70745,bp santiago do cacém - zil,bp,en 261 - 3,"2,299 €",2026-05-15_dgeg_postos_raw.csv,d16df7ff51e442a9
2026-05-15,2026-05-15 14:31:32,2026-05-12 09:20:00,c55c4ae76f941be2,c55c4ae76f941be2_diesel_regular,PORTIMÃO - V6,BP,diesel_regular,Gasóleo simples,Outro,2.079,Portimão,Faro,Av. V6 - Alto do Quintão,Portimão - Alto do Quintão,8500-510,37.128666,-8.546687,portimão - v6,bp,av. v6 - alto do quintão,"2,079 €",2026-05-15_dgeg_postos_raw.csv,2cc98520d6e4dc8f
2026-05-15,2026-05-15 14:31:32,2026-05-12 09:20:00,c55c4ae76f941be2,c55c4ae76f941be2_diesel_premium,PORTIMÃO - V6,BP,diesel_premium,Gasóleo especial,Outro,2.229,Portimão,Faro,Av. V6 - Alto do Quintão,Portimão - Alto do Quintão,8500-510,37.128666,-8.546687,portimão - v6,bp,av. v6 - alto do quintão,"2,229 €",2026-05-15_dgeg_postos_raw.csv,ecbfe98ff965a002
2026-05-15,2026-05-15 14:31:32,2026-05-12 09:20:00,c55c4ae76f941be2,c55c4ae76f941be2_gasoline_95,PORTIMÃO - V6,BP,gasoline_95,Gasolina simples 95,Outro,2.069,Portimão,Faro,Av. V6 - Alto do Quintão,Portimão - Alto do Quintão,8500-510,37.128666,-8.546687,portimão - v6,bp,av. v6 - alto do quintão,"2,069 €",2026-05-15_dgeg_postos_raw.csv,be99aa66db7862db
2026-05-15,2026-05-15 14:31:32,2026-05-12 09:20:00,0c03ff2965109439,0c03ff2965109439_diesel_regular,BP - Bairro do Fidalgo,BP,diesel_regular,Gasóleo simples,Outro,2.109,Santiago do Cacém,Setúbal,"Av. D. Nuno Álvares Pereira (EN 120 Km 48,46)",Santiago do Cacém-Fidalgo,7540-000,38.008558,-8.693264,bp - bairro do fidalgo,bp,"av. d. nuno álvares pereira (en 120 km 48,46)","2,109 €",2026-05-15_dgeg_postos_raw.csv,86c158e217abcbf3
2026-05-15,2026-05-15 14:31:32,2026-05-12 09:20:00,0c03ff2965109439,0c03ff2965109439_diesel_premium,BP - Bairro do Fidalgo,BP,diesel_premium,Gasóleo especial,Outro,2.229,Santiago do Cacém,Setúbal,"Av. D. Nuno Álvares Pereira (EN 120 Km 48,46)",Santiago do Cacém-Fidalgo,7540-000,38.008558,-8.693264,bp - bairro do fidalgo,bp,"av. d. nuno álvares pereira (en 120 km 48,46)","2,229 €",2026-05-15_dgeg_postos_raw.csv,375abda314b5c911
2026-05-15,2026-05-15 14:31:32,2026-05-12 09:20:00,0c03ff2965109439,0c03ff2965109439_gasoline_95,BP - Bairro do Fidalgo,BP,gasoline_95,Gasolina simples 95,Outro,2.099,Santiago do Cacém,Setúbal,"Av. D. Nuno Álvares Pereira (EN 120 Km 48,46)",Santiago do Cacém-Fidalgo,7540-000,38.008558,-8.693264,bp - bairro do fidalgo,bp,"av. d. nuno álvares pereira (en 120 km 48,46)","2,099 €",2026-05-15_dgeg_postos_raw.csv,cdaba287ca0618b7
2026-05-15,2026-05-15 14:31:32,2026-05-12 09:20:00,0c03ff2965109439,0c03ff2965109439_gasoline_98,BP - Bairro do Fidalgo,BP,gasoline_98,Gasolina especial 98,Outro,2.299,Santiago do Cacém,Setúbal,"Av. D. Nuno Álvares Pereira (EN 120 Km 48,46)",Santiago do Cacém-Fidalgo,7540-000,38.008558,-8.693264,bp - bairro do fidalgo,bp,"av. d. nuno álvares pereira (en 120 km 48,46)","2,299 €",2026-05-15_dgeg_postos_raw.csv,a683a132eb6122e9
2026-05-15,2026-05-15 14:31:32,2026-05-12 09:25:00,8df62e008dcc6d92,8df62e008dcc6d92_diesel_premium,PA Alcains,PRIO,diesel_premium,Gasóleo especial,Outro,2.06,Castelo Branco,Castelo Branco,Estrada Nacional 18- Km 95,Alcains,6005-100,39.91552,-7.471436,pa alcains,prio,estrada nacional 18- km 95,"2,060 €",2026-05-15_dgeg_postos_raw.csv,66e7aebd1dcb6ee3
2026-05-15,2026-05-15 14:31:32,2026-05-12 09:25:00,8df62e008dcc6d92,8df62e008dcc6d92_gasoline_95,PA Alcains,PRIO,gasoline_95,Gasolina simples 95,Outro,2.056,Castelo Branco,Castelo Branco,Estrada Nacional 18- Km 95,Alcains,6005-100,39.91552,-7.471436,pa alcains,prio,estrada nacional 18- km 95,"2,056 €",2026-05-15_dgeg_postos_raw.csv,f81cf263d5ba71a5
2026-05-15,2026-05-15 14:31:32,2026-05-12 09:25:00,4c7638c02af95bff,4c7638c02af95bff_diesel_regular,COMBSANTOS  PINDELO DE SILGUEIROS,NOVA,diesel_regular,Gasóleo simples,Outro,1.974,Viseu,Viseu,AV. JOÃO PADEIRO,Pindelo,3500-543,40.57759,-7.94474,combsantos pindelo de silgueiros,nova,av. joão padeiro,"1,974 €",2026-05-15_dgeg_postos_raw.csv,139b3b0a5d7592e2
2026-05-15,2026-05-15 14:31:32,2026-05-12 09:25:00,4c7638c02af95bff,4c7638c02af95bff_diesel_premium,COMBSANTOS  PINDELO DE SILGUEIROS,NOVA,diesel_premium,Gasóleo especial,Outro,2.004,Viseu,Viseu,AV. JOÃO PADEIRO,Pindelo,3500-543,40.57759,-7.94474,combsantos pindelo de silgueiros,nova,av. joão padeiro,"2,004 €",2026-05-15_dgeg_postos_raw.csv,d06c7f8dc884d7e2
2026-05-15,2026-05-15 14:31:32,2026-05-12 09:25:00,4c7638c02af95bff,4c7638c02af95bff_gasoline_95,COMBSANTOS  PINDELO DE SILGUEIROS,NOVA,gasoline_95,Gasolina simples 95,Outro,1.969,Viseu,Viseu,AV. JOÃO PADEIRO,Pindelo,3500-543,40.57759,-7.94474,combsantos pindelo de silgueiros,nova,av. joão padeiro,"1,969 €",2026-05-15_dgeg_postos_raw.csv,34d56c7debecdb5a
2026-05-15,2026-05-15 14:31:32,2026-05-12 09:25:00,4c7638c02af95bff,4c7638c02af95bff_gasoline_98,COMBSANTOS  PINDELO DE SILGUEIROS,NOVA,gasoline_98,Gasolina especial 98,Outro,2.159,Viseu,Viseu,AV. JOÃO PADEIRO,Pindelo,3500-543,40.57759,-7.94474,combsantos pindelo de silgueiros,nova,av. joão padeiro,"2,159 €",2026-05-15_dgeg_postos_raw.csv,8e0b8c647aa85d7f
2026-05-15,2026-05-15 14:31:32,2026-05-12 09:30:00,91422812047ea228,91422812047ea228_gasoline_95,GALP Tavira - Cais do Gilão,GALP,gasoline_95,Gasolina simples 95,Outro,2.032,Tavira,Faro,Cais do Gilão - Porto de Tavira,Tavira,8800-354,37.124504,-7.644018,galp tavira - cais do gilão,galp,cais do gilão - porto de tavira,"2,032 €",2026-05-15_dgeg_postos_raw.csv,15e0cc645558d937
2026-05-15,2026-05-15 14:31:32,2026-05-12 09:30:00,91422812047ea228,91422812047ea228_diesel_regular,GALP Tavira - Cais do Gilão,GALP,diesel_regular,Gasóleo simples,Outro,2.029,Tavira,Faro,Cais do Gilão - Porto de Tavira,Tavira,8800-354,37.124504,-7.644018,galp tavira - cais do gilão,galp,cais do gilão - porto de tavira,"2,029 €",2026-05-15_dgeg_postos_raw.csv,e87709992f8d1fec
2026-05-15,2026-05-15 14:31:32,2026-05-12 09:30:00,86d9b0f76435e698,86d9b0f76435e698_diesel_regular,COMBSANTOS VALE DA MATA MORTAGUA,SHELL,diesel_regular,Gasóleo simples,Outro,2.044,Mortágua,Viseu,EN 334,,,40.47761,-8.310977,combsantos vale da mata mortagua,shell,en 334,"2,044 €",2026-05-15_dgeg_postos_raw.csv,60c7b731799c54ca
2026-05-15,2026-05-15 14:31:32,2026-05-12 09:30:00,86d9b0f76435e698,86d9b0f76435e698_diesel_premium,COMBSANTOS VALE DA MATA MORTAGUA,SHELL,diesel_premium,Gasóleo especial,Outro,2.074,Mortágua,Viseu,EN 334,,,40.47761,-8.310977,combsantos vale da mata mortagua,shell,en 334,"2,074 €",2026-05-15_dgeg_postos_raw.csv,1e2e8cd09d60ce96
2026-05-15,2026-05-15 14:31:32,2026-05-12 09:30:00,86d9b0f76435e698,86d9b0f76435e698_gasoline_95,COMBSANTOS VALE DA MATA MORTAGUA,SHELL,gasoline_95,Gasolina simples 95,Outro,2.044,Mortágua,Viseu,EN 334,,,40.47761,-8.310977,combsantos vale da mata mortagua,shell,en 334,"2,044 €",2026-05-15_dgeg_postos_raw.csv,0c1cffaa57db83df
2026-05-15,2026-05-15 14:31:32,2026-05-12 09:30:00,d99bcea313a8d386,d99bcea313a8d386_diesel_regular,PA Ladoeiro,Genérico,diesel_regular,Gasóleo simples,Outro,2.109,Idanha-a-Nova,Castelo Branco,EN 240,Ladoeiro,6060-261,39.83517,-7.25866,pa ladoeiro,genérico,en 240,"2,109 €",2026-05-15_dgeg_postos_raw.csv,613c50f291816483
2026-05-15,2026-05-15 14:31:32,2026-05-12 09:30:00,d99bcea313a8d386,d99bcea313a8d386_diesel_premium,PA Ladoeiro,Genérico,diesel_premium,Gasóleo especial,Outro,2.114,Idanha-a-Nova,Castelo Branco,EN 240,Ladoeiro,6060-261,39.83517,-7.25866,pa ladoeiro,genérico,en 240,"2,114 €",2026-05-15_dgeg_postos_raw.csv,18e2f3d52b06fb47
2026-05-15,2026-05-15 14:31:32,2026-05-12 09:30:00,d99bcea313a8d386,d99bcea313a8d386_gasoline_95,PA Ladoeiro,Genérico,gasoline_95,Gasolina simples 95,Outro,2.117,Idanha-a-Nova,Castelo Branco,EN 240,Ladoeiro,6060-261,39.83517,-7.25866,pa ladoeiro,genérico,en 240,"2,117 €",2026-05-15_dgeg_postos_raw.csv,47461ddea2317649
2026-05-15,2026-05-15 14:31:32,2026-05-12 09:30:00,336e8f9175cf9d09,336e8f9175cf9d09_diesel_regular,Zebreira,FREITAS,diesel_regular,Gasóleo simples,Outro,2.109,Idanha-a-Nova,Castelo Branco,"Av.Dr.Antonio M.Boavida, Nº98",Zebreira,6060-557,39.84468,-7.06811,zebreira,freitas,"av.dr.antonio m.boavida, nº98","2,109 €",2026-05-15_dgeg_postos_raw.csv,32110be6bb8e092a
2026-05-15,2026-05-15 14:31:32,2026-05-12 09:30:00,336e8f9175cf9d09,336e8f9175cf9d09_diesel_premium,Zebreira,FREITAS,diesel_premium,Gasóleo especial,Outro,2.114,Idanha-a-Nova,Castelo Branco,"Av.Dr.Antonio M.Boavida, Nº98",Zebreira,6060-557,39.84468,-7.06811,zebreira,freitas,"av.dr.antonio m.boavida, nº98","2,114 €",2026-05-15_dgeg_postos_raw.csv,6dfc96b38f397d37
2026-05-15,2026-05-15 14:31:32,2026-05-12 09:30:00,336e8f9175cf9d09,336e8f9175cf9d09_gasoline_95,Zebreira,FREITAS,gasoline_95,Gasolina simples 95,Outro,2.117,Idanha-a-Nova,Castelo Branco,"Av.Dr.Antonio M.Boavida, Nº98",Zebreira,6060-557,39.84468,-7.06811,zebreira,freitas,"av.dr.antonio m.boavida, nº98","2,117 €",2026-05-15_dgeg_postos_raw.csv,da8283315d3dd4f0
2026-05-15,2026-05-15 14:31:32,2026-05-12 09:30:00,84bf0022d1bf6c3e,84bf0022d1bf6c3e_diesel_regular,PA Proença-a-Nova,PRIO,diesel_regular,Gasóleo simples,Outro,2.14,Proença-a-Nova,Castelo Branco,Rua da Sertã,Proença-a-Nova,6150-000,39.7513,-7.929256,pa proença-a-nova,prio,rua da sertã,"2,140 €",2026-05-15_dgeg_postos_raw.csv,63eab243e0955d19
2026-05-15,2026-05-15 14:31:32,2026-05-12 09:30:00,84bf0022d1bf6c3e,84bf0022d1bf6c3e_diesel_premium,PA Proença-a-Nova,PRIO,diesel_premium,Gasóleo especial,Outro,2.12,Proença-a-Nova,Castelo Branco,Rua da Sertã,Proença-a-Nova,6150-000,39.7513,-7.929256,pa proença-a-nova,prio,rua da sertã,"2,120 €",2026-05-15_dgeg_postos_raw.csv,831c64c623523856
2026-05-15,2026-05-15 14:31:32,2026-05-12 09:30:00,84bf0022d1bf6c3e,84bf0022d1bf6c3e_gasoline_95,PA Proença-a-Nova,PRIO,gasoline_95,Gasolina simples 95,Outro,2.141,Proença-a-Nova,Castelo Branco,Rua da Sertã,Proença-a-Nova,6150-000,39.7513,-7.929256,pa proença-a-nova,prio,rua da sertã,"2,141 €",2026-05-15_dgeg_postos_raw.csv,00f68d64f735deef
2026-05-15,2026-05-15 14:31:32,2026-05-12 09:30:00,cd2b7c7706f8fbcb,cd2b7c7706f8fbcb_diesel_regular,COMBSANTOS CHÃS DE TAVARES,PRIO,diesel_regular,Gasóleo simples,Outro,2.039,Mangualde,Viseu,"EN 16, Nº 2, 3530-031 Chãs de Tavares",Chãs de Tavares,3530-031,40.618379,-7.614118,combsantos chãs de tavares,prio,"en 16, nº 2, 3530-031 chãs de tavares","2,039 €",2026-05-15_dgeg_postos_raw.csv,c3c04282f73ada5d
2026-05-15,2026-05-15 14:31:32,2026-05-12 09:30:00,cd2b7c7706f8fbcb,cd2b7c7706f8fbcb_diesel_premium,COMBSANTOS CHÃS DE TAVARES,PRIO,diesel_premium,Gasóleo especial,Outro,2.049,Mangualde,Viseu,"EN 16, Nº 2, 3530-031 Chãs de Tavares",Chãs de Tavares,3530-031,40.618379,-7.614118,combsantos chãs de tavares,prio,"en 16, nº 2, 3530-031 chãs de tavares","2,049 €",2026-05-15_dgeg_postos_raw.csv,feb43c4e25a2aab0
2026-05-15,2026-05-15 14:31:32,2026-05-12 09:30:00,cd2b7c7706f8fbcb,cd2b7c7706f8fbcb_gasoline_95,COMBSANTOS CHÃS DE TAVARES,PRIO,gasoline_95,Gasolina simples 95,Outro,2.039,Mangualde,Viseu,"EN 16, Nº 2, 3530-031 Chãs de Tavares",Chãs de Tavares,3530-031,40.618379,-7.614118,combsantos chãs de tavares,prio,"en 16, nº 2, 3530-031 chãs de tavares","2,039 €",2026-05-15_dgeg_postos_raw.csv,d9d5a08e08a309b1
2026-05-15,2026-05-15 14:31:32,2026-05-12 09:30:00,32079474cbe15dda,32079474cbe15dda_diesel_premium,PA Cebolais de  Cima,PRIO,diesel_premium,Gasóleo especial,Outro,2.12,Castelo Branco,Castelo Branco,Rua do outeiro,Cebolais de Cima,6000-500,39.750923,-7.568679,pa cebolais de cima,prio,rua do outeiro,"2,120 €",2026-05-15_dgeg_postos_raw.csv,3e1df28922001e3f
2026-05-15,2026-05-15 14:31:32,2026-05-12 09:30:00,32079474cbe15dda,32079474cbe15dda_gasoline_95,PA Cebolais de  Cima,PRIO,gasoline_95,Gasolina simples 95,Outro,2.116,Castelo Branco,Castelo Branco,Rua do outeiro,Cebolais de Cima,6000-500,39.750923,-7.568679,pa cebolais de cima,prio,rua do outeiro,"2,116 €",2026-05-15_dgeg_postos_raw.csv,3de1c57aeb36ad65
2026-05-15,2026-05-15 14:31:32,2026-05-12 09:30:00,8ba0c1fcf4f7cd88,8ba0c1fcf4f7cd88_diesel_premium,COMBSANTOS SARZEDA P19,PRIO,diesel_premium,Gasóleo especial,Outro,2.039,Sernancelhe,Viseu,EN 229,Sarzeda,3640-229,40.9034,-7.47205,combsantos sarzeda p19,prio,en 229,"2,039 €",2026-05-15_dgeg_postos_raw.csv,9930cc99aa3a92a4
2026-05-15,2026-05-15 14:31:32,2026-05-12 09:30:00,8ba0c1fcf4f7cd88,8ba0c1fcf4f7cd88_gasoline_95,COMBSANTOS SARZEDA P19,PRIO,gasoline_95,Gasolina simples 95,Outro,2.034,Sernancelhe,Viseu,EN 229,Sarzeda,3640-229,40.9034,-7.47205,combsantos sarzeda p19,prio,en 229,"2,034 €",2026-05-15_dgeg_postos_raw.csv,17f4461454c6f262
2026-05-15,2026-05-15 14:31:32,2026-05-12 09:30:00,5c57ed6b44d1cc25,5c57ed6b44d1cc25_diesel_premium,BP Tavarede,BP,diesel_premium,Gasóleo especial,Outro,2.229,Figueira da Foz,Coimbra,Av. Dom João Alves,Tavarede-Figueira da Foz,3080-604,40.162286,-8.848058,bp tavarede,bp,av. dom joão alves,"2,229 €",2026-05-15_dgeg_postos_raw.csv,4c8828af80ba73fe
2026-05-15,2026-05-15 14:31:32,2026-05-12 09:30:00,5c57ed6b44d1cc25,5c57ed6b44d1cc25_diesel_regular,BP Tavarede,BP,diesel_regular,Gasóleo simples,Outro,2.039,Figueira da Foz,Coimbra,Av. Dom João Alves,Tavarede-Figueira da Foz,3080-604,40.162286,-8.848058,bp tavarede,bp,av. dom joão alves,"2,039 €",2026-05-15_dgeg_postos_raw.csv,2b1b29f3f5278a95
2026-05-15,2026-05-15 14:31:32,2026-05-12 09:30:00,5c57ed6b44d1cc25,5c57ed6b44d1cc25_gasoline_98,BP Tavarede,BP,gasoline_98,Gasolina especial 98,Outro,2.299,Figueira da Foz,Coimbra,Av. Dom João Alves,Tavarede-Figueira da Foz,3080-604,40.162286,-8.848058,bp tavarede,bp,av. dom joão alves,"2,299 €",2026-05-15_dgeg_postos_raw.csv,13231eda1fbf0b37
2026-05-15,2026-05-15 14:31:32,2026-05-12 09:30:00,5c57ed6b44d1cc25,5c57ed6b44d1cc25_gasoline_95,BP Tavarede,BP,gasoline_95,Gasolina simples 95,Outro,2.037,Figueira da Foz,Coimbra,Av. Dom João Alves,Tavarede-Figueira da Foz,3080-604,40.162286,-8.848058,bp tavarede,bp,av. dom joão alves,"2,037 €",2026-05-15_dgeg_postos_raw.csv,b4530e295eeaafc6
2026-05-15,2026-05-15 14:31:32,2026-05-12 09:30:00,49d1baabb9888e31,49d1baabb9888e31_diesel_regular,"Interalter Supermercados, LDa",INTERMARCHÉ,diesel_regular,Gasóleo simples,Outro,1.919,Alter do Chão,Portalegre,"ZI da Tapada do Lago, Lt L9-A, Ed Inter",Alter do Chão,7440-026,39.189053,-7.655572,"interalter supermercados, lda",intermarché,"zi da tapada do lago, lt l9-a, ed inter","1,919 €",2026-05-15_dgeg_postos_raw.csv,0898344d93027b80
2026-05-15,2026-05-15 14:31:32,2026-05-12 09:30:00,49d1baabb9888e31,49d1baabb9888e31_diesel_premium,"Interalter Supermercados, LDa",INTERMARCHÉ,diesel_premium,Gasóleo especial,Outro,1.969,Alter do Chão,Portalegre,"ZI da Tapada do Lago, Lt L9-A, Ed Inter",Alter do Chão,7440-026,39.189053,-7.655572,"interalter supermercados, lda",intermarché,"zi da tapada do lago, lt l9-a, ed inter","1,969 €",2026-05-15_dgeg_postos_raw.csv,9c4e546e1c093505
2026-05-15,2026-05-15 14:31:32,2026-05-12 09:30:00,49d1baabb9888e31,49d1baabb9888e31_gasoline_95,"Interalter Supermercados, LDa",INTERMARCHÉ,gasoline_95,Gasolina simples 95,Outro,1.899,Alter do Chão,Portalegre,"ZI da Tapada do Lago, Lt L9-A, Ed Inter",Alter do Chão,7440-026,39.189053,-7.655572,"interalter supermercados, lda",intermarché,"zi da tapada do lago, lt l9-a, ed inter","1,899 €",2026-05-15_dgeg_postos_raw.csv,60d1cdbaca132ce7
2026-05-15,2026-05-15 14:31:32,2026-05-12 09:30:00,63e9c8cc62737935,63e9c8cc62737935_diesel_regular,PASV -  Senhora dos Verdes,ALVES BANDEIRA,diesel_regular,Gasóleo simples,Outro,2.075,Manteigas,Guarda,Senhora dos Verdes,Senhora dos Verdes,6260-194,40.394356,-7.543583,pasv - senhora dos verdes,alves bandeira,senhora dos verdes,"2,075 €",2026-05-15_dgeg_postos_raw.csv,9fc0a0849d125ca6
2026-05-15,2026-05-15 14:31:32,2026-05-12 09:30:00,63e9c8cc62737935,63e9c8cc62737935_diesel_premium,PASV -  Senhora dos Verdes,ALVES BANDEIRA,diesel_premium,Gasóleo especial,Outro,2.095,Manteigas,Guarda,Senhora dos Verdes,Senhora dos Verdes,6260-194,40.394356,-7.543583,pasv - senhora dos verdes,alves bandeira,senhora dos verdes,"2,095 €",2026-05-15_dgeg_postos_raw.csv,1092dd4839bf40c7
2026-05-15,2026-05-15 14:31:32,2026-05-12 09:30:00,63e9c8cc62737935,63e9c8cc62737935_gasoline_95,PASV -  Senhora dos Verdes,ALVES BANDEIRA,gasoline_95,Gasolina simples 95,Outro,2.081,Manteigas,Guarda,Senhora dos Verdes,Senhora dos Verdes,6260-194,40.394356,-7.543583,pasv - senhora dos verdes,alves bandeira,senhora dos verdes,"2,081 €",2026-05-15_dgeg_postos_raw.csv,de558e0eea5100e4
2026-05-15,2026-05-15 14:31:32,2026-05-12 09:30:00,72427f70c6433b3e,72427f70c6433b3e_diesel_regular,COMBSANTOS PENEDONO,SHELL,diesel_regular,Gasóleo simples,Outro,2.029,Penedono,Viseu,EN 229,Granja-Quinta da Picoila,3630-113,41.01661,-7.404,combsantos penedono,shell,en 229,"2,029 €",2026-05-15_dgeg_postos_raw.csv,7728859d58826c0f
2026-05-15,2026-05-15 14:31:32,2026-05-12 09:30:00,72427f70c6433b3e,72427f70c6433b3e_diesel_premium,COMBSANTOS PENEDONO,SHELL,diesel_premium,Gasóleo especial,Outro,2.069,Penedono,Viseu,EN 229,Granja-Quinta da Picoila,3630-113,41.01661,-7.404,combsantos penedono,shell,en 229,"2,069 €",2026-05-15_dgeg_postos_raw.csv,fa59dad1dc9ed14f
2026-05-15,2026-05-15 14:31:32,2026-05-12 09:30:00,72427f70c6433b3e,72427f70c6433b3e_gasoline_95,COMBSANTOS PENEDONO,SHELL,gasoline_95,Gasolina simples 95,Outro,2.044,Penedono,Viseu,EN 229,Granja-Quinta da Picoila,3630-113,41.01661,-7.404,combsantos penedono,shell,en 229,"2,044 €",2026-05-15_dgeg_postos_raw.csv,ce40e3c7fdb5c743
2026-05-15,2026-05-15 14:31:32,2026-05-12 09:30:00,bc6c2c89310a70f9,bc6c2c89310a70f9_diesel_premium,PA Medelim,PRIO,diesel_premium,Gasóleo especial,Outro,2.13,Idanha-a-Nova,Castelo Branco,Estrada da Lameira (N239),Medelim,6060-996,40.04614,-7.184454,pa medelim,prio,estrada da lameira (n239),"2,130 €",2026-05-15_dgeg_postos_raw.csv,760aa333a5407b20
2026-05-15,2026-05-15 14:31:32,2026-05-12 09:30:00,bc6c2c89310a70f9,bc6c2c89310a70f9_gasoline_95,PA Medelim,PRIO,gasoline_95,Gasolina simples 95,Outro,2.126,Idanha-a-Nova,Castelo Branco,Estrada da Lameira (N239),Medelim,6060-996,40.04614,-7.184454,pa medelim,prio,estrada da lameira (n239),"2,126 €",2026-05-15_dgeg_postos_raw.csv,846bae53b2ea9b47
2026-05-15,2026-05-15 14:31:32,2026-05-12 09:30:00,e4000035c9b3334b,e4000035c9b3334b_diesel_regular,PETROLEITAO,BP,diesel_regular,Gasóleo simples,Outro,2.039,Sátão,Viseu,EM 581 (Estrada Principal),Lamas,3560-049,40.77911,-7.69609,petroleitao,bp,em 581 (estrada principal),"2,039 €",2026-05-15_dgeg_postos_raw.csv,435ae10a61334458
2026-05-15,2026-05-15 14:31:32,2026-05-12 09:30:00,e4000035c9b3334b,e4000035c9b3334b_diesel_premium,PETROLEITAO,BP,diesel_premium,Gasóleo especial,Outro,2.089,Sátão,Viseu,EM 581 (Estrada Principal),Lamas,3560-049,40.77911,-7.69609,petroleitao,bp,em 581 (estrada principal),"2,089 €",2026-05-15_dgeg_postos_raw.csv,ada934a8a8d3c843
2026-05-15,2026-05-15 14:31:32,2026-05-12 09:30:00,e4000035c9b3334b,e4000035c9b3334b_gasoline_95,PETROLEITAO,BP,gasoline_95,Gasolina simples 95,Outro,2.035,Sátão,Viseu,EM 581 (Estrada Principal),Lamas,3560-049,40.77911,-7.69609,petroleitao,bp,em 581 (estrada principal),"2,035 €",2026-05-15_dgeg_postos_raw.csv,459e69a1b35596a9
2026-05-15,2026-05-15 14:31:32,2026-05-12 09:30:00,d2b0db78f8ebcbe7,d2b0db78f8ebcbe7_diesel_premium,COMBSANTOS PENALVA DO CASTELO,PRIO,diesel_premium,Gasóleo especial,Outro,2.009,Penalva do Castelo,Viseu,EN 329-1 (Frente à Adega Cooperativa),Sangemil,3550-166,40.66995,-7.70897,combsantos penalva do castelo,prio,en 329-1 (frente à adega cooperativa),"2,009 €",2026-05-15_dgeg_postos_raw.csv,27e5dd2150fb7823
2026-05-15,2026-05-15 14:31:32,2026-05-12 09:30:00,d2b0db78f8ebcbe7,d2b0db78f8ebcbe7_gasoline_95,COMBSANTOS PENALVA DO CASTELO,PRIO,gasoline_95,Gasolina simples 95,Outro,2.019,Penalva do Castelo,Viseu,EN 329-1 (Frente à Adega Cooperativa),Sangemil,3550-166,40.66995,-7.70897,combsantos penalva do castelo,prio,en 329-1 (frente à adega cooperativa),"2,019 €",2026-05-15_dgeg_postos_raw.csv,974ae91d402cfcfa
2026-05-15,2026-05-15 14:31:32,2026-05-12 09:35:00,e081a17861b76912,e081a17861b76912_diesel_regular,INTERMARCHE PESO DA REGUA,INTERMARCHÉ,diesel_regular,Gasóleo simples,Outro,1.919,Peso da Régua,Vila Real,Lugar da Salgueiral - Godim,Peso da Régua,5050-102,41.16222,-7.80365,intermarche peso da regua,intermarché,lugar da salgueiral - godim,"1,919 €",2026-05-15_dgeg_postos_raw.csv,82207f1409306e49
2026-05-15,2026-05-15 14:31:32,2026-05-12 09:35:00,e081a17861b76912,e081a17861b76912_diesel_premium,INTERMARCHE PESO DA REGUA,INTERMARCHÉ,diesel_premium,Gasóleo especial,Outro,2.019,Peso da Régua,Vila Real,Lugar da Salgueiral - Godim,Peso da Régua,5050-102,41.16222,-7.80365,intermarche peso da regua,intermarché,lugar da salgueiral - godim,"2,019 €",2026-05-15_dgeg_postos_raw.csv,81979ca5ee5436ff
2026-05-15,2026-05-15 14:31:32,2026-05-12 09:35:00,e081a17861b76912,e081a17861b76912_gasoline_95,INTERMARCHE PESO DA REGUA,INTERMARCHÉ,gasoline_95,Gasolina simples 95,Outro,1.929,Peso da Régua,Vila Real,Lugar da Salgueiral - Godim,Peso da Régua,5050-102,41.16222,-7.80365,intermarche peso da regua,intermarché,lugar da salgueiral - godim,"1,929 €",2026-05-15_dgeg_postos_raw.csv,92b1c7743ee33a2e
2026-05-15,2026-05-15 14:31:32,2026-05-12 09:35:00,51e49d56a00a9db8,51e49d56a00a9db8_diesel_premium,PRIO Alhais (Combsantos),PRIO,diesel_premium,Gasóleo especial,Outro,1.994,Vila Nova de Paiva,Viseu,RUA PADRE MANUEL RAMOS PINTO Nº63,Vila Nova de Paiva,3650-240,40.85823,-7.71581,prio alhais (combsantos),prio,rua padre manuel ramos pinto nº63,"1,994 €",2026-05-15_dgeg_postos_raw.csv,17f3d25d9fc8114b
2026-05-15,2026-05-15 14:31:32,2026-05-12 09:35:00,51e49d56a00a9db8,51e49d56a00a9db8_gasoline_95,PRIO Alhais (Combsantos),PRIO,gasoline_95,Gasolina simples 95,Outro,2.009,Vila Nova de Paiva,Viseu,RUA PADRE MANUEL RAMOS PINTO Nº63,Vila Nova de Paiva,3650-240,40.85823,-7.71581,prio alhais (combsantos),prio,rua padre manuel ramos pinto nº63,"2,009 €",2026-05-15_dgeg_postos_raw.csv,6c08761d49cbb90c
2026-05-15,2026-05-15 14:31:32,2026-05-12 09:35:00,541fe27280992e73,541fe27280992e73_diesel_regular,Intermarché Figueiró dos Vinhos,INTERMARCHÉ,diesel_regular,Gasóleo simples,Outro,1.859,Figueiró dos Vinhos,Leiria,"Senhora dos Remédios, Lote 1",Figueiró dos Vinhos,3260-000,39.90614,-8.2806,intermarché figueiró dos vinhos,intermarché,"senhora dos remédios, lote 1","1,859 €",2026-05-15_dgeg_postos_raw.csv,7a4e479b2c86d457
2026-05-15,2026-05-15 14:31:32,2026-05-12 09:35:00,541fe27280992e73,541fe27280992e73_diesel_premium,Intermarché Figueiró dos Vinhos,INTERMARCHÉ,diesel_premium,Gasóleo especial,Outro,1.879,Figueiró dos Vinhos,Leiria,"Senhora dos Remédios, Lote 1",Figueiró dos Vinhos,3260-000,39.90614,-8.2806,intermarché figueiró dos vinhos,intermarché,"senhora dos remédios, lote 1","1,879 €",2026-05-15_dgeg_postos_raw.csv,0918103c1e291404
2026-05-15,2026-05-15 14:31:32,2026-05-12 09:35:00,8ceab609dc289bb8,8ceab609dc289bb8_diesel_regular,Intermarché Carregado,INTERMARCHÉ,diesel_regular,Gasóleo simples,Outro,1.899,Alenquer,Lisboa,Quinta da Colónia Lote 2,Carregado,2580-491,39.02912,-8.98085,intermarché carregado,intermarché,quinta da colónia lote 2,"1,899 €",2026-05-15_dgeg_postos_raw.csv,fb93cee02a176865
2026-05-15,2026-05-15 14:31:32,2026-05-12 09:35:00,8ceab609dc289bb8,8ceab609dc289bb8_diesel_premium,Intermarché Carregado,INTERMARCHÉ,diesel_premium,Gasóleo especial,Outro,1.929,Alenquer,Lisboa,Quinta da Colónia Lote 2,Carregado,2580-491,39.02912,-8.98085,intermarché carregado,intermarché,quinta da colónia lote 2,"1,929 €",2026-05-15_dgeg_postos_raw.csv,6b53a54278a0055b
2026-05-15,2026-05-15 14:31:32,2026-05-12 09:35:00,8ceab609dc289bb8,8ceab609dc289bb8_gasoline_95,Intermarché Carregado,INTERMARCHÉ,gasoline_95,Gasolina simples 95,Outro,1.919,Alenquer,Lisboa,Quinta da Colónia Lote 2,Carregado,2580-491,39.02912,-8.98085,intermarché carregado,intermarché,quinta da colónia lote 2,"1,919 €",2026-05-15_dgeg_postos_raw.csv,0822eccc60ba9415
2026-05-15,2026-05-15 14:31:32,2026-05-12 09:35:00,c2666f63beafece6,c2666f63beafece6_gasoline_95,ÉMARCA,Genérico,gasoline_95,Gasolina simples 95,Outro,1.919,Miranda do Douro,Bragança,ESTRADA NACIONAL 221,DUAS IGREJAS,5210-065,41.470486,-6.366352,émarca,genérico,estrada nacional 221,"1,919 €",2026-05-15_dgeg_postos_raw.csv,3edf0d0212c0c2ca
2026-05-15,2026-05-15 14:31:32,2026-05-12 09:35:00,c2666f63beafece6,c2666f63beafece6_diesel_regular,ÉMARCA,Genérico,diesel_regular,Gasóleo simples,Outro,1.939,Miranda do Douro,Bragança,ESTRADA NACIONAL 221,DUAS IGREJAS,5210-065,41.470486,-6.366352,émarca,genérico,estrada nacional 221,"1,939 €",2026-05-15_dgeg_postos_raw.csv,3925708fd53ce419
2026-05-15,2026-05-15 14:31:32,2026-05-12 09:35:00,c2666f63beafece6,c2666f63beafece6_diesel_premium,ÉMARCA,Genérico,diesel_premium,Gasóleo especial,Outro,1.969,Miranda do Douro,Bragança,ESTRADA NACIONAL 221,DUAS IGREJAS,5210-065,41.470486,-6.366352,émarca,genérico,estrada nacional 221,"1,969 €",2026-05-15_dgeg_postos_raw.csv,a80c05ea5d608587
2026-05-15,2026-05-15 14:31:32,2026-05-12 09:40:00,eebeb59fba7c25dc,eebeb59fba7c25dc_diesel_regular,PA Neomaquina Supermercado Benedita,Genérico,diesel_regular,Gasóleo simples,Outro,1.869,Alcobaça,Leiria,Rua Monges de Cister S/N,Benedita,2475-130,39.422565,-8.978751,pa neomaquina supermercado benedita,genérico,rua monges de cister s/n,"1,869 €",2026-05-15_dgeg_postos_raw.csv,00cdd025f4795563
2026-05-15,2026-05-15 14:31:32,2026-05-12 09:40:00,eebeb59fba7c25dc,eebeb59fba7c25dc_diesel_premium,PA Neomaquina Supermercado Benedita,Genérico,diesel_premium,Gasóleo especial,Outro,1.909,Alcobaça,Leiria,Rua Monges de Cister S/N,Benedita,2475-130,39.422565,-8.978751,pa neomaquina supermercado benedita,genérico,rua monges de cister s/n,"1,909 €",2026-05-15_dgeg_postos_raw.csv,06659201204b4fdc
2026-05-15,2026-05-15 14:31:32,2026-05-12 09:40:00,eebeb59fba7c25dc,eebeb59fba7c25dc_gasoline_95,PA Neomaquina Supermercado Benedita,Genérico,gasoline_95,Gasolina simples 95,Outro,1.859,Alcobaça,Leiria,Rua Monges de Cister S/N,Benedita,2475-130,39.422565,-8.978751,pa neomaquina supermercado benedita,genérico,rua monges de cister s/n,"1,859 €",2026-05-15_dgeg_postos_raw.csv,78a076a2db164bd4
2026-05-15,2026-05-15 14:31:32,2026-05-12 09:40:00,402ab2f269f73cc2,402ab2f269f73cc2_diesel_regular,PONTO RURAL,BP,diesel_regular,Gasóleo simples,Outro,2.03,Tomar,Santarém,"Rua Principal, nº6",Vales-Além da Ribeira,2305-025,39.68703,-8.40667,ponto rural,bp,"rua principal, nº6","2,030 €",2026-05-15_dgeg_postos_raw.csv,8b2079f7d3376ffa
2026-05-15,2026-05-15 14:31:32,2026-05-12 09:40:00,402ab2f269f73cc2,402ab2f269f73cc2_gasoline_95,PONTO RURAL,BP,gasoline_95,Gasolina simples 95,Outro,2.03,Tomar,Santarém,"Rua Principal, nº6",Vales-Além da Ribeira,2305-025,39.68703,-8.40667,ponto rural,bp,"rua principal, nº6","2,030 €",2026-05-15_dgeg_postos_raw.csv,ffd6a0890ea1a693
2026-05-15,2026-05-15 14:31:32,2026-05-12 09:40:00,03b2dee3ac1bdd91,03b2dee3ac1bdd91_gasoline_98,Bp Boliqueime II,BP,gasoline_98,Gasolina especial 98,Outro,2.299,Loulé,Faro,Posto BP Boliqueime Sitio Matos da Picota N270,Boliqueime-Sítio Matos da Picota,8100-307,37.1499,-8.12591,bp boliqueime ii,bp,posto bp boliqueime sitio matos da picota n270,"2,299 €",2026-05-15_dgeg_postos_raw.csv,d0520bc3a110c7c0
2026-05-15,2026-05-15 14:31:32,2026-05-12 09:40:00,a4cc1da5eac81cdc,a4cc1da5eac81cdc_gasoline_98,BP Sines,BP,gasoline_98,Gasolina especial 98,Área comercial (Hipermercados),2.299,Sines,Setúbal,Loteamento Municipal da R52 - Lote 8,Sines,7520-001,37.966354,-8.857225,bp sines,bp,loteamento municipal da r52 - lote 8,"2,299 €",2026-05-15_dgeg_postos_raw.csv,63113eaf2a0bb085
2026-05-15,2026-05-15 14:31:32,2026-05-12 09:40:00,541fe27280992e73,541fe27280992e73_gasoline_95,Intermarché Figueiró dos Vinhos,INTERMARCHÉ,gasoline_95,Gasolina simples 95,Outro,1.869,Figueiró dos Vinhos,Leiria,"Senhora dos Remédios, Lote 1",Figueiró dos Vinhos,3260-000,39.90614,-8.2806,intermarché figueiró dos vinhos,intermarché,"senhora dos remédios, lote 1","1,869 €",2026-05-15_dgeg_postos_raw.csv,1e7554191cb248e1
2026-05-15,2026-05-15 14:31:32,2026-05-12 09:40:00,03b2dee3ac1bdd91,03b2dee3ac1bdd91_diesel_regular,Bp Boliqueime II,BP,diesel_regular,Gasóleo simples,Outro,2.109,Loulé,Faro,Posto BP Boliqueime Sitio Matos da Picota N270,Boliqueime-Sítio Matos da Picota,8100-307,37.1499,-8.12591,bp boliqueime ii,bp,posto bp boliqueime sitio matos da picota n270,"2,109 €",2026-05-15_dgeg_postos_raw.csv,786465693fc41c89
2026-05-15,2026-05-15 14:31:32,2026-05-12 09:40:00,03b2dee3ac1bdd91,03b2dee3ac1bdd91_diesel_premium,Bp Boliqueime II,BP,diesel_premium,Gasóleo especial,Outro,2.229,Loulé,Faro,Posto BP Boliqueime Sitio Matos da Picota N270,Boliqueime-Sítio Matos da Picota,8100-307,37.1499,-8.12591,bp boliqueime ii,bp,posto bp boliqueime sitio matos da picota n270,"2,229 €",2026-05-15_dgeg_postos_raw.csv,1378324947e62a82
2026-05-15,2026-05-15 14:31:32,2026-05-12 09:40:00,03b2dee3ac1bdd91,03b2dee3ac1bdd91_gasoline_95,Bp Boliqueime II,BP,gasoline_95,Gasolina simples 95,Outro,2.099,Loulé,Faro,Posto BP Boliqueime Sitio Matos da Picota N270,Boliqueime-Sítio Matos da Picota,8100-307,37.1499,-8.12591,bp boliqueime ii,bp,posto bp boliqueime sitio matos da picota n270,"2,099 €",2026-05-15_dgeg_postos_raw.csv,e341ab673fa89f82
2026-05-15,2026-05-15 14:31:32,2026-05-12 09:40:00,f56e6e0b7055581a,f56e6e0b7055581a_diesel_regular,Intermarché da Sertã,INTERMARCHÉ,diesel_regular,Gasóleo simples,Outro,1.859,Sertã,Castelo Branco,EN 2,Sertã-São João do Couto,6100-698,39.812378,-8.10804,intermarché da sertã,intermarché,en 2,"1,859 €",2026-05-15_dgeg_postos_raw.csv,e8ac09afbde58e9c
2026-05-15,2026-05-15 14:31:32,2026-05-12 09:40:00,f56e6e0b7055581a,f56e6e0b7055581a_diesel_premium,Intermarché da Sertã,INTERMARCHÉ,diesel_premium,Gasóleo especial,Outro,1.879,Sertã,Castelo Branco,EN 2,Sertã-São João do Couto,6100-698,39.812378,-8.10804,intermarché da sertã,intermarché,en 2,"1,879 €",2026-05-15_dgeg_postos_raw.csv,1b8fb1ea09a2b6f4
2026-05-15,2026-05-15 14:31:32,2026-05-12 09:40:00,f56e6e0b7055581a,f56e6e0b7055581a_gasoline_95,Intermarché da Sertã,INTERMARCHÉ,gasoline_95,Gasolina simples 95,Outro,1.869,Sertã,Castelo Branco,EN 2,Sertã-São João do Couto,6100-698,39.812378,-8.10804,intermarché da sertã,intermarché,en 2,"1,869 €",2026-05-15_dgeg_postos_raw.csv,8baabff776f707dd
2026-05-15,2026-05-15 14:31:32,2026-05-12 09:40:00,10394764091dca16,10394764091dca16_diesel_premium,PETRO BASTO ENERGIA -  Cabeceira de Basto,PETRO BASTO,diesel_premium,Gasóleo especial,Outro,2.076,Cabeceiras de Basto,Braga,Rua Monsenhor Dr. António Tanque - PINHEIRO,Refojos de Basto,4860-401,41.50852,-7.994753,petro basto energia - cabeceira de basto,petro basto,rua monsenhor dr. antónio tanque - pinheiro,"2,076 €",2026-05-15_dgeg_postos_raw.csv,9a7a70152eab59ff
2026-05-15,2026-05-15 14:31:32,2026-05-12 09:40:00,10394764091dca16,10394764091dca16_diesel_regular,PETRO BASTO ENERGIA -  Cabeceira de Basto,PETRO BASTO,diesel_regular,Gasóleo simples,Outro,2.028,Cabeceiras de Basto,Braga,Rua Monsenhor Dr. António Tanque - PINHEIRO,Refojos de Basto,4860-401,41.50852,-7.994753,petro basto energia - cabeceira de basto,petro basto,rua monsenhor dr. antónio tanque - pinheiro,"2,028 €",2026-05-15_dgeg_postos_raw.csv,926a1361d5a13ea5
2026-05-15,2026-05-15 14:31:32,2026-05-12 09:40:00,10394764091dca16,10394764091dca16_gasoline_95,PETRO BASTO ENERGIA -  Cabeceira de Basto,PETRO BASTO,gasoline_95,Gasolina simples 95,Outro,2.028,Cabeceiras de Basto,Braga,Rua Monsenhor Dr. António Tanque - PINHEIRO,Refojos de Basto,4860-401,41.50852,-7.994753,petro basto energia - cabeceira de basto,petro basto,rua monsenhor dr. antónio tanque - pinheiro,"2,028 €",2026-05-15_dgeg_postos_raw.csv,bf1d8352f0b812fc
2026-05-15,2026-05-15 14:31:32,2026-05-12 09:40:00,a4cc1da5eac81cdc,a4cc1da5eac81cdc_diesel_regular,BP Sines,BP,diesel_regular,Gasóleo simples,Área comercial (Hipermercados),2.109,Sines,Setúbal,Loteamento Municipal da R52 - Lote 8,Sines,7520-001,37.966354,-8.857225,bp sines,bp,loteamento municipal da r52 - lote 8,"2,109 €",2026-05-15_dgeg_postos_raw.csv,e0c83371f5793bd7
2026-05-15,2026-05-15 14:31:32,2026-05-12 09:40:00,a4cc1da5eac81cdc,a4cc1da5eac81cdc_gasoline_95,BP Sines,BP,gasoline_95,Gasolina simples 95,Área comercial (Hipermercados),2.099,Sines,Setúbal,Loteamento Municipal da R52 - Lote 8,Sines,7520-001,37.966354,-8.857225,bp sines,bp,loteamento municipal da r52 - lote 8,"2,099 €",2026-05-15_dgeg_postos_raw.csv,9a0dbee28c18a4cd
2026-05-15,2026-05-15 14:31:32,2026-05-12 09:40:00,388ce6ff33725eca,388ce6ff33725eca_diesel_premium,Prio Pombal (Travasso),PRIO,diesel_premium,Gasóleo especial,Outro,1.984,Pombal,Leiria,Parque Comercial Europa Nº9Travasso,Travasso,3100-371,39.8933,-8.658104,prio pombal (travasso),prio,parque comercial europa nº9travasso,"1,984 €",2026-05-15_dgeg_postos_raw.csv,a94f8211c87335a4
2026-05-15,2026-05-15 14:31:32,2026-05-12 09:40:00,388ce6ff33725eca,388ce6ff33725eca_gasoline_95,Prio Pombal (Travasso),PRIO,gasoline_95,Gasolina simples 95,Outro,1.979,Pombal,Leiria,Parque Comercial Europa Nº9Travasso,Travasso,3100-371,39.8933,-8.658104,prio pombal (travasso),prio,parque comercial europa nº9travasso,"1,979 €",2026-05-15_dgeg_postos_raw.csv,3cbad9c5722362a8
2026-05-15,2026-05-15 14:31:32,2026-05-12 09:40:00,a4cc1da5eac81cdc,a4cc1da5eac81cdc_diesel_premium,BP Sines,BP,diesel_premium,Gasóleo especial,Área comercial (Hipermercados),2.229,Sines,Setúbal,Loteamento Municipal da R52 - Lote 8,Sines,7520-001,37.966354,-8.857225,bp sines,bp,loteamento municipal da r52 - lote 8,"2,229 €",2026-05-15_dgeg_postos_raw.csv,a0b0bc85c0e0a4d5
2026-05-15,2026-05-15 14:31:32,2026-05-12 09:40:00,8be7734127286fcb,8be7734127286fcb_diesel_regular,LISBOA - R. DOMINGOS SEQUEIRA,BP,diesel_regular,Gasóleo simples,Outro,2.109,Lisboa,Lisboa,Rua Domingos Sequeira nº 20,Lisboa,1350-122,38.714312,-9.161721,lisboa - r. domingos sequeira,bp,rua domingos sequeira nº 20,"2,109 €",2026-05-15_dgeg_postos_raw.csv,a0b2f2db3c79967e
2026-05-15,2026-05-15 14:31:32,2026-05-12 09:40:00,8be7734127286fcb,8be7734127286fcb_diesel_premium,LISBOA - R. DOMINGOS SEQUEIRA,BP,diesel_premium,Gasóleo especial,Outro,2.229,Lisboa,Lisboa,Rua Domingos Sequeira nº 20,Lisboa,1350-122,38.714312,-9.161721,lisboa - r. domingos sequeira,bp,rua domingos sequeira nº 20,"2,229 €",2026-05-15_dgeg_postos_raw.csv,a6482c72039d75d9
2026-05-15,2026-05-15 14:31:32,2026-05-12 09:40:00,8be7734127286fcb,8be7734127286fcb_gasoline_95,LISBOA - R. DOMINGOS SEQUEIRA,BP,gasoline_95,Gasolina simples 95,Outro,2.099,Lisboa,Lisboa,Rua Domingos Sequeira nº 20,Lisboa,1350-122,38.714312,-9.161721,lisboa - r. domingos sequeira,bp,rua domingos sequeira nº 20,"2,099 €",2026-05-15_dgeg_postos_raw.csv,fea7fdde8bab4825
2026-05-15,2026-05-15 14:31:32,2026-05-12 09:40:00,8be7734127286fcb,8be7734127286fcb_gasoline_98,LISBOA - R. DOMINGOS SEQUEIRA,BP,gasoline_98,Gasolina especial 98,Outro,2.299,Lisboa,Lisboa,Rua Domingos Sequeira nº 20,Lisboa,1350-122,38.714312,-9.161721,lisboa - r. domingos sequeira,bp,rua domingos sequeira nº 20,"2,299 €",2026-05-15_dgeg_postos_raw.csv,0955b208eb5aba15
2026-05-15,2026-05-15 14:31:32,2026-05-12 09:45:00,92f87ffa7488a4f7,92f87ffa7488a4f7_diesel_regular,PETRO BASTO ENERGIA - Fafe,PETRO BASTO,diesel_regular,Gasóleo simples,Outro,2.036,Fafe,Braga,"Via Circular, Santo Ovídio",Fafe,4820-384,41.451916,-8.185973,petro basto energia - fafe,petro basto,"via circular, santo ovídio","2,036 €",2026-05-15_dgeg_postos_raw.csv,790c30881ba3a8dc
2026-05-15,2026-05-15 14:31:32,2026-05-12 09:45:00,92f87ffa7488a4f7,92f87ffa7488a4f7_diesel_premium,PETRO BASTO ENERGIA - Fafe,PETRO BASTO,diesel_premium,Gasóleo especial,Outro,2.076,Fafe,Braga,"Via Circular, Santo Ovídio",Fafe,4820-384,41.451916,-8.185973,petro basto energia - fafe,petro basto,"via circular, santo ovídio","2,076 €",2026-05-15_dgeg_postos_raw.csv,07363bc23d2f8177
2026-05-15,2026-05-15 14:31:32,2026-05-12 09:45:00,92f87ffa7488a4f7,92f87ffa7488a4f7_gasoline_95,PETRO BASTO ENERGIA - Fafe,PETRO BASTO,gasoline_95,Gasolina simples 95,Outro,2.028,Fafe,Braga,"Via Circular, Santo Ovídio",Fafe,4820-384,41.451916,-8.185973,petro basto energia - fafe,petro basto,"via circular, santo ovídio","2,028 €",2026-05-15_dgeg_postos_raw.csv,c693af76a2b9c4d2
2026-05-15,2026-05-15 14:31:32,2026-05-12 09:45:00,2a4ae603f3a32ee2,2a4ae603f3a32ee2_diesel_regular,PA Chã / GASPE Penedones,Genérico,diesel_regular,Gasóleo simples,Outro,2.029,Montalegre,Vila Real,EN 103 Penedones - Montalegre,Penedones,5470-069,41.76412,-7.804109,pa chã / gaspe penedones,genérico,en 103 penedones - montalegre,"2,029 €",2026-05-15_dgeg_postos_raw.csv,c0a03e642e400b47
2026-05-15,2026-05-15 14:31:32,2026-05-12 09:45:00,2a4ae603f3a32ee2,2a4ae603f3a32ee2_gasoline_95,PA Chã / GASPE Penedones,Genérico,gasoline_95,Gasolina simples 95,Outro,2.032,Montalegre,Vila Real,EN 103 Penedones - Montalegre,Penedones,5470-069,41.76412,-7.804109,pa chã / gaspe penedones,genérico,en 103 penedones - montalegre,"2,032 €",2026-05-15_dgeg_postos_raw.csv,7cafd880312bb0ba
2026-05-15,2026-05-15 14:31:32,2026-05-12 09:45:00,2a4ae603f3a32ee2,2a4ae603f3a32ee2_diesel_premium,PA Chã / GASPE Penedones,Genérico,diesel_premium,Gasóleo especial,Outro,2.049,Montalegre,Vila Real,EN 103 Penedones - Montalegre,Penedones,5470-069,41.76412,-7.804109,pa chã / gaspe penedones,genérico,en 103 penedones - montalegre,"2,049 €",2026-05-15_dgeg_postos_raw.csv,5c4b2780575d1e13
2026-05-15,2026-05-15 14:31:32,2026-05-12 09:50:00,5d645dc90c7203da,5d645dc90c7203da_diesel_regular,BP Fátima,BP,diesel_regular,Gasóleo simples,Outro,2.109,Ourém,Santarém,"Av. João XXIII, Cabeço do Serrado Alagado posto BP",Cova da Iria,2495-405,39.628216,-8.681163,bp fátima,bp,"av. joão xxiii, cabeço do serrado alagado posto bp","2,109 €",2026-05-15_dgeg_postos_raw.csv,35d3d71c44cf8fa3
2026-05-15,2026-05-15 14:31:32,2026-05-12 09:50:00,5d645dc90c7203da,5d645dc90c7203da_gasoline_95,BP Fátima,BP,gasoline_95,Gasolina simples 95,Outro,2.099,Ourém,Santarém,"Av. João XXIII, Cabeço do Serrado Alagado posto BP",Cova da Iria,2495-405,39.628216,-8.681163,bp fátima,bp,"av. joão xxiii, cabeço do serrado alagado posto bp","2,099 €",2026-05-15_dgeg_postos_raw.csv,23c345bfa18fef7a
2026-05-15,2026-05-15 14:31:32,2026-05-12 09:50:00,5d645dc90c7203da,5d645dc90c7203da_diesel_premium,BP Fátima,BP,diesel_premium,Gasóleo especial,Outro,2.229,Ourém,Santarém,"Av. João XXIII, Cabeço do Serrado Alagado posto BP",Cova da Iria,2495-405,39.628216,-8.681163,bp fátima,bp,"av. joão xxiii, cabeço do serrado alagado posto bp","2,229 €",2026-05-15_dgeg_postos_raw.csv,566fad0676e7e8a0
2026-05-15,2026-05-15 14:31:32,2026-05-12 09:50:00,5d645dc90c7203da,5d645dc90c7203da_gasoline_98,BP Fátima,BP,gasoline_98,Gasolina especial 98,Outro,2.299,Ourém,Santarém,"Av. João XXIII, Cabeço do Serrado Alagado posto BP",Cova da Iria,2495-405,39.628216,-8.681163,bp fátima,bp,"av. joão xxiii, cabeço do serrado alagado posto bp","2,299 €",2026-05-15_dgeg_postos_raw.csv,6db249465e7a4c54
2026-05-15,2026-05-15 14:31:32,2026-05-12 09:55:00,c4e7ca510afcb7c3,c4e7ca510afcb7c3_diesel_regular,Alves Bandeira - Soito,ALVES BANDEIRA,diesel_regular,Gasóleo simples,Outro,2.019,Sabugal,Guarda,Av. Nª Srª de Fátima n.º35,Souto,6320-621,40.36357,-6.97422,alves bandeira - soito,alves bandeira,av. nª srª de fátima n.º35,"2,019 €",2026-05-15_dgeg_postos_raw.csv,80848ee79bab7bcc
2026-05-15,2026-05-15 14:31:32,2026-05-12 09:55:00,c4e7ca510afcb7c3,c4e7ca510afcb7c3_gasoline_95,Alves Bandeira - Soito,ALVES BANDEIRA,gasoline_95,Gasolina simples 95,Outro,2.069,Sabugal,Guarda,Av. Nª Srª de Fátima n.º35,Souto,6320-621,40.36357,-6.97422,alves bandeira - soito,alves bandeira,av. nª srª de fátima n.º35,"2,069 €",2026-05-15_dgeg_postos_raw.csv,a45613c6804afc5b
2026-05-15,2026-05-15 14:31:32,2026-05-12 09:55:00,c4e7ca510afcb7c3,c4e7ca510afcb7c3_diesel_premium,Alves Bandeira - Soito,ALVES BANDEIRA,diesel_premium,Gasóleo especial,Outro,2.079,Sabugal,Guarda,Av. Nª Srª de Fátima n.º35,Souto,6320-621,40.36357,-6.97422,alves bandeira - soito,alves bandeira,av. nª srª de fátima n.º35,"2,079 €",2026-05-15_dgeg_postos_raw.csv,cc2428ea71c6dabc
2026-05-15,2026-05-15 14:31:32,2026-05-12 10:00:00,11f952dff886a191,11f952dff886a191_gasoline_95,PRIO Vimieiro Sul (Arraiolos-Estremoz),PRIO,gasoline_95,Gasolina simples 95,Outro,2.024,Arraiolos,Évora,"EN 4, Km 96,6",Vimieiro,7040-613,38.82955,-7.829324,prio vimieiro sul (arraiolos-estremoz),prio,"en 4, km 96,6","2,024 €",2026-05-15_dgeg_postos_raw.csv,f1a5a24c4043d6b8
2026-05-15,2026-05-15 14:31:32,2026-05-12 10:00:00,11f952dff886a191,11f952dff886a191_diesel_premium,PRIO Vimieiro Sul (Arraiolos-Estremoz),PRIO,diesel_premium,Gasóleo especial,Outro,1.999,Arraiolos,Évora,"EN 4, Km 96,6",Vimieiro,7040-613,38.82955,-7.829324,prio vimieiro sul (arraiolos-estremoz),prio,"en 4, km 96,6","1,999 €",2026-05-15_dgeg_postos_raw.csv,e4848433200b4afa
2026-05-15,2026-05-15 14:31:32,2026-05-12 10:00:00,0f1d00389c0a3912,0f1d00389c0a3912_diesel_regular,PA COOPOR Portalegre,Genérico,diesel_regular,Gasóleo simples,Outro,2.075,Portalegre,Portalegre,Sítio do Joenal,Portalegre,7300-526,39.270695,-7.437906,pa coopor portalegre,genérico,sítio do joenal,"2,075 €",2026-05-15_dgeg_postos_raw.csv,8d874835512a35f9
2026-05-15,2026-05-15 14:31:32,2026-05-12 10:00:00,121efa7867c5e9ef,121efa7867c5e9ef_diesel_regular,Intermarché da Moita,INTERMARCHÉ,diesel_regular,Gasóleo simples,Outro,1.924,Moita,Setúbal,Rua da Classe Operária - Moita,Alhos Vedros,2860-010,38.6466,-8.99418,intermarché da moita,intermarché,rua da classe operária - moita,"1,924 €",2026-05-15_dgeg_postos_raw.csv,62154609bad9c475
2026-05-15,2026-05-15 14:31:32,2026-05-12 10:00:00,121efa7867c5e9ef,121efa7867c5e9ef_diesel_premium,Intermarché da Moita,INTERMARCHÉ,diesel_premium,Gasóleo especial,Outro,1.944,Moita,Setúbal,Rua da Classe Operária - Moita,Alhos Vedros,2860-010,38.6466,-8.99418,intermarché da moita,intermarché,rua da classe operária - moita,"1,944 €",2026-05-15_dgeg_postos_raw.csv,ae37542cdfb45b48
2026-05-15,2026-05-15 14:31:32,2026-05-12 10:00:00,121efa7867c5e9ef,121efa7867c5e9ef_gasoline_95,Intermarché da Moita,INTERMARCHÉ,gasoline_95,Gasolina simples 95,Outro,1.923,Moita,Setúbal,Rua da Classe Operária - Moita,Alhos Vedros,2860-010,38.6466,-8.99418,intermarché da moita,intermarché,rua da classe operária - moita,"1,923 €",2026-05-15_dgeg_postos_raw.csv,24ccbea985a3d7cd
2026-05-15,2026-05-15 14:31:32,2026-05-12 10:05:00,44a1a7d142ff9f15,44a1a7d142ff9f15_diesel_regular,PA Martins & Filhos,Genérico,diesel_regular,Gasóleo simples,Outro,2.045,Vagos,Aveiro,RUA PRINCIPAL Nº 245 ANDAL - SANTA CATARINA,Santa Catarina,3840-572,40.462242,-8.637413,pa martins & filhos,genérico,rua principal nº 245 andal - santa catarina,"2,045 €",2026-05-15_dgeg_postos_raw.csv,21ca59cf0bafedb6
2026-05-15,2026-05-15 14:31:32,2026-05-12 10:05:00,44a1a7d142ff9f15,44a1a7d142ff9f15_diesel_premium,PA Martins & Filhos,Genérico,diesel_premium,Gasóleo especial,Outro,2.065,Vagos,Aveiro,RUA PRINCIPAL Nº 245 ANDAL - SANTA CATARINA,Santa Catarina,3840-572,40.462242,-8.637413,pa martins & filhos,genérico,rua principal nº 245 andal - santa catarina,"2,065 €",2026-05-15_dgeg_postos_raw.csv,c8bfb4264ee69bb0
2026-05-15,2026-05-15 14:31:32,2026-05-12 10:05:00,44a1a7d142ff9f15,44a1a7d142ff9f15_gasoline_95,PA Martins & Filhos,Genérico,gasoline_95,Gasolina simples 95,Outro,2.051,Vagos,Aveiro,RUA PRINCIPAL Nº 245 ANDAL - SANTA CATARINA,Santa Catarina,3840-572,40.462242,-8.637413,pa martins & filhos,genérico,rua principal nº 245 andal - santa catarina,"2,051 €",2026-05-15_dgeg_postos_raw.csv,8eecb9ffaa50e15b
2026-05-15,2026-05-15 14:31:32,2026-05-12 10:05:00,9e844c4fc501efcb,9e844c4fc501efcb_gasoline_95,PRIO Vimieiro Norte (Estremoz-Arraiolos),PRIO,gasoline_95,Gasolina simples 95,Outro,2.024,Arraiolos,Évora,Estrada Nacional nº 4  KM 96.6,Vimieiro,7040-613,38.829983,-7.829419,prio vimieiro norte (estremoz-arraiolos),prio,estrada nacional nº 4 km 96.6,"2,024 €",2026-05-15_dgeg_postos_raw.csv,915e1a29122a927b
2026-05-15,2026-05-15 14:31:32,2026-05-12 10:05:00,9e844c4fc501efcb,9e844c4fc501efcb_diesel_premium,PRIO Vimieiro Norte (Estremoz-Arraiolos),PRIO,diesel_premium,Gasóleo especial,Outro,1.999,Arraiolos,Évora,Estrada Nacional nº 4  KM 96.6,Vimieiro,7040-613,38.829983,-7.829419,prio vimieiro norte (estremoz-arraiolos),prio,estrada nacional nº 4 km 96.6,"1,999 €",2026-05-15_dgeg_postos_raw.csv,115cd71469df1e95
2026-05-15,2026-05-15 14:31:32,2026-05-12 10:05:00,abfd207377dad301,abfd207377dad301_diesel_regular,INTERMARCHÉ Portel,INTERMARCHÉ,diesel_regular,Gasóleo simples,Outro,1.954,Portel,Évora,Tapada dos Arcos (Distriportel),Portel,7220-413,38.30448,-7.706178,intermarché portel,intermarché,tapada dos arcos (distriportel),"1,954 €",2026-05-15_dgeg_postos_raw.csv,d174e3b238a3e69b
2026-05-15,2026-05-15 14:31:32,2026-05-12 10:05:00,abfd207377dad301,abfd207377dad301_gasoline_95,INTERMARCHÉ Portel,INTERMARCHÉ,gasoline_95,Gasolina simples 95,Outro,1.959,Portel,Évora,Tapada dos Arcos (Distriportel),Portel,7220-413,38.30448,-7.706178,intermarché portel,intermarché,tapada dos arcos (distriportel),"1,959 €",2026-05-15_dgeg_postos_raw.csv,bbef21cdf552b3cd
2026-05-15,2026-05-15 14:31:32,2026-05-12 10:10:00,f571fca340405f26,f571fca340405f26_diesel_premium,PRIO Herdade da Barrosinha (Alcácer do Sal),PRIO,diesel_premium,Gasóleo especial,Outro,2.073,Alcácer do Sal,Setúbal,Herdade da Barrosinha - Rua Abel Severino Felicíssimo - EN 5,Barrosinha,7580-514,38.362164,-8.481049,prio herdade da barrosinha (alcácer do sal),prio,herdade da barrosinha - rua abel severino felicíssimo - en 5,"2,073 €",2026-05-15_dgeg_postos_raw.csv,852c7ad546d41891
2026-05-15,2026-05-15 14:31:32,2026-05-12 10:10:00,58d6fa39081836ad,58d6fa39081836ad_diesel_regular,António Joaquim Martins Cardoso,REPSOL,diesel_regular,Gasóleo simples,Outro,1.979,Penamacor,Castelo Branco,Rua da Fonte Velha,Benquerença,6096-344,40.22551,-7.24381,antónio joaquim martins cardoso,repsol,rua da fonte velha,"1,979 €",2026-05-15_dgeg_postos_raw.csv,718cd942df77946d
2026-05-15,2026-05-15 14:31:32,2026-05-12 10:10:00,58d6fa39081836ad,58d6fa39081836ad_gasoline_95,António Joaquim Martins Cardoso,REPSOL,gasoline_95,Gasolina simples 95,Outro,2.009,Penamacor,Castelo Branco,Rua da Fonte Velha,Benquerença,6096-344,40.22551,-7.24381,antónio joaquim martins cardoso,repsol,rua da fonte velha,"2,009 €",2026-05-15_dgeg_postos_raw.csv,2dfc9ab5ef57b783
2026-05-15,2026-05-15 14:31:32,2026-05-12 10:10:00,49e93632f2fbff06,49e93632f2fbff06_gasoline_98,"Pedro & Cristina Benedito,Lda",BP,gasoline_98,Gasolina especial 98,Outro,2.299,Monchique,Faro,Pé da Cruz,Pé da Cruz,8550-328,37.311115,-8.556418,"pedro & cristina benedito,lda",bp,pé da cruz,"2,299 €",2026-05-15_dgeg_postos_raw.csv,eb3f747ac70a0ef8
2026-05-15,2026-05-15 14:31:32,2026-05-12 10:10:00,1110772909b5a1f5,1110772909b5a1f5_diesel_regular,ARCOS DE VALDEVEZ INTERMARCHE,INTERMARCHÉ,diesel_regular,Gasóleo simples,Área comercial (Hipermercados),1.889,Arcos de Valdevez,Viana do Castelo,LUGAR DE ATAÚDE FREGUESIA DE PAÇÔ,Ataúde,4970-235,41.81428,-8.418253,arcos de valdevez intermarche,intermarché,lugar de ataúde freguesia de paçô,"1,889 €",2026-05-15_dgeg_postos_raw.csv,0eef2dcc37e554f7
2026-05-15,2026-05-15 14:31:32,2026-05-12 10:10:00,1110772909b5a1f5,1110772909b5a1f5_diesel_premium,ARCOS DE VALDEVEZ INTERMARCHE,INTERMARCHÉ,diesel_premium,Gasóleo especial,Área comercial (Hipermercados),1.919,Arcos de Valdevez,Viana do Castelo,LUGAR DE ATAÚDE FREGUESIA DE PAÇÔ,Ataúde,4970-235,41.81428,-8.418253,arcos de valdevez intermarche,intermarché,lugar de ataúde freguesia de paçô,"1,919 €",2026-05-15_dgeg_postos_raw.csv,4274bb95b7334ea3
2026-05-15,2026-05-15 14:31:32,2026-05-12 10:10:00,1110772909b5a1f5,1110772909b5a1f5_gasoline_95,ARCOS DE VALDEVEZ INTERMARCHE,INTERMARCHÉ,gasoline_95,Gasolina simples 95,Área comercial (Hipermercados),1.886,Arcos de Valdevez,Viana do Castelo,LUGAR DE ATAÚDE FREGUESIA DE PAÇÔ,Ataúde,4970-235,41.81428,-8.418253,arcos de valdevez intermarche,intermarché,lugar de ataúde freguesia de paçô,"1,886 €",2026-05-15_dgeg_postos_raw.csv,2c0d76adc8a191e2
2026-05-15,2026-05-15 14:31:32,2026-05-12 10:10:00,49e93632f2fbff06,49e93632f2fbff06_diesel_regular,"Pedro & Cristina Benedito,Lda",BP,diesel_regular,Gasóleo simples,Outro,2.049,Monchique,Faro,Pé da Cruz,Pé da Cruz,8550-328,37.311115,-8.556418,"pedro & cristina benedito,lda",bp,pé da cruz,"2,049 €",2026-05-15_dgeg_postos_raw.csv,3717739e12b5ec7f
2026-05-15,2026-05-15 14:31:32,2026-05-12 10:10:00,49e93632f2fbff06,49e93632f2fbff06_diesel_premium,"Pedro & Cristina Benedito,Lda",BP,diesel_premium,Gasóleo especial,Outro,2.229,Monchique,Faro,Pé da Cruz,Pé da Cruz,8550-328,37.311115,-8.556418,"pedro & cristina benedito,lda",bp,pé da cruz,"2,229 €",2026-05-15_dgeg_postos_raw.csv,fdfed3ec12eba9f8
2026-05-15,2026-05-15 14:31:32,2026-05-12 10:10:00,49e93632f2fbff06,49e93632f2fbff06_gasoline_95,"Pedro & Cristina Benedito,Lda",BP,gasoline_95,Gasolina simples 95,Outro,2.047,Monchique,Faro,Pé da Cruz,Pé da Cruz,8550-328,37.311115,-8.556418,"pedro & cristina benedito,lda",bp,pé da cruz,"2,047 €",2026-05-15_dgeg_postos_raw.csv,a7fea8132e1966d9
2026-05-15,2026-05-15 14:31:32,2026-05-12 10:15:00,1d30115aecf929fb,1d30115aecf929fb_diesel_regular,INTERMARCHÉ CARTAXO,INTERMARCHÉ,diesel_regular,Gasóleo simples,Outro,1.919,Cartaxo,Santarém,Av. Mestre Cid,Cartaxo,2070-012,39.15938,-8.79401,intermarché cartaxo,intermarché,av. mestre cid,"1,919 €",2026-05-15_dgeg_postos_raw.csv,40c3c4a407b2f320
2026-05-15,2026-05-15 14:31:32,2026-05-12 10:15:00,1d30115aecf929fb,1d30115aecf929fb_diesel_premium,INTERMARCHÉ CARTAXO,INTERMARCHÉ,diesel_premium,Gasóleo especial,Outro,1.959,Cartaxo,Santarém,Av. Mestre Cid,Cartaxo,2070-012,39.15938,-8.79401,intermarché cartaxo,intermarché,av. mestre cid,"1,959 €",2026-05-15_dgeg_postos_raw.csv,c8186a3927afee06
2026-05-15,2026-05-15 14:31:32,2026-05-12 10:15:00,1d30115aecf929fb,1d30115aecf929fb_gasoline_95,INTERMARCHÉ CARTAXO,INTERMARCHÉ,gasoline_95,Gasolina simples 95,Outro,1.919,Cartaxo,Santarém,Av. Mestre Cid,Cartaxo,2070-012,39.15938,-8.79401,intermarché cartaxo,intermarché,av. mestre cid,"1,919 €",2026-05-15_dgeg_postos_raw.csv,73b3ae9575dc5b0f
2026-05-15,2026-05-15 14:31:32,2026-05-12 10:15:00,fbab895ebc3ca60a,fbab895ebc3ca60a_diesel_regular,BP ALMANCIL,BP,diesel_regular,Gasóleo simples,Outro,2.109,Loulé,Faro,VALE FORMOSO,ALMANCIL,8135-148,37.09222,-8.0267,bp almancil,bp,vale formoso,"2,109 €",2026-05-15_dgeg_postos_raw.csv,af772002c680e8d2
2026-05-15,2026-05-15 14:31:32,2026-05-12 10:15:00,fbab895ebc3ca60a,fbab895ebc3ca60a_diesel_premium,BP ALMANCIL,BP,diesel_premium,Gasóleo especial,Outro,2.229,Loulé,Faro,VALE FORMOSO,ALMANCIL,8135-148,37.09222,-8.0267,bp almancil,bp,vale formoso,"2,229 €",2026-05-15_dgeg_postos_raw.csv,3d3257013fbb7faf
2026-05-15,2026-05-15 14:31:32,2026-05-12 10:15:00,fbab895ebc3ca60a,fbab895ebc3ca60a_gasoline_95,BP ALMANCIL,BP,gasoline_95,Gasolina simples 95,Outro,2.099,Loulé,Faro,VALE FORMOSO,ALMANCIL,8135-148,37.09222,-8.0267,bp almancil,bp,vale formoso,"2,099 €",2026-05-15_dgeg_postos_raw.csv,0a8487a7cc23515b
2026-05-15,2026-05-15 14:31:32,2026-05-12 10:15:00,fbab895ebc3ca60a,fbab895ebc3ca60a_gasoline_98,BP ALMANCIL,BP,gasoline_98,Gasolina especial 98,Outro,2.299,Loulé,Faro,VALE FORMOSO,ALMANCIL,8135-148,37.09222,-8.0267,bp almancil,bp,vale formoso,"2,299 €",2026-05-15_dgeg_postos_raw.csv,f6520e0ee6f3c5b7
2026-05-15,2026-05-15 14:31:32,2026-05-12 10:15:00,6714472943327351,6714472943327351_diesel_regular,BP ALMANCIL-PEREIRAS,BP,diesel_regular,Gasóleo simples,Outro,2.109,Loulé,Faro,Estrada das Escanxinas,Almancil,8135-016,37.09143,-8.04466,bp almancil-pereiras,bp,estrada das escanxinas,"2,109 €",2026-05-15_dgeg_postos_raw.csv,3e845af127fab160
2026-05-15,2026-05-15 14:31:32,2026-05-12 10:15:00,6714472943327351,6714472943327351_diesel_premium,BP ALMANCIL-PEREIRAS,BP,diesel_premium,Gasóleo especial,Outro,2.229,Loulé,Faro,Estrada das Escanxinas,Almancil,8135-016,37.09143,-8.04466,bp almancil-pereiras,bp,estrada das escanxinas,"2,229 €",2026-05-15_dgeg_postos_raw.csv,2f4383bf7a776348
2026-05-15,2026-05-15 14:31:32,2026-05-12 10:15:00,6714472943327351,6714472943327351_gasoline_95,BP ALMANCIL-PEREIRAS,BP,gasoline_95,Gasolina simples 95,Outro,2.099,Loulé,Faro,Estrada das Escanxinas,Almancil,8135-016,37.09143,-8.04466,bp almancil-pereiras,bp,estrada das escanxinas,"2,099 €",2026-05-15_dgeg_postos_raw.csv,bdfc6ddf2bcb2b50
2026-05-15,2026-05-15 14:31:32,2026-05-12 10:15:00,6714472943327351,6714472943327351_gasoline_98,BP ALMANCIL-PEREIRAS,BP,gasoline_98,Gasolina especial 98,Outro,2.299,Loulé,Faro,Estrada das Escanxinas,Almancil,8135-016,37.09143,-8.04466,bp almancil-pereiras,bp,estrada das escanxinas,"2,299 €",2026-05-15_dgeg_postos_raw.csv,49b46d9bc1ae2a4a
2026-05-15,2026-05-15 14:31:32,2026-05-12 10:15:00,add2cbb403ba6c8e,add2cbb403ba6c8e_diesel_regular,BP MARMELETE,BP,diesel_regular,Gasóleo simples,Outro,2.049,Monchique,Faro,EN 267,Marmelete,8550-000,37.31154,-8.66628,bp marmelete,bp,en 267,"2,049 €",2026-05-15_dgeg_postos_raw.csv,658e7a459c71470e
2026-05-15,2026-05-15 14:31:32,2026-05-12 10:15:00,add2cbb403ba6c8e,add2cbb403ba6c8e_diesel_premium,BP MARMELETE,BP,diesel_premium,Gasóleo especial,Outro,2.229,Monchique,Faro,EN 267,Marmelete,8550-000,37.31154,-8.66628,bp marmelete,bp,en 267,"2,229 €",2026-05-15_dgeg_postos_raw.csv,a036954707912225
2026-05-15,2026-05-15 14:31:32,2026-05-12 10:15:00,add2cbb403ba6c8e,add2cbb403ba6c8e_gasoline_95,BP MARMELETE,BP,gasoline_95,Gasolina simples 95,Outro,2.047,Monchique,Faro,EN 267,Marmelete,8550-000,37.31154,-8.66628,bp marmelete,bp,en 267,"2,047 €",2026-05-15_dgeg_postos_raw.csv,469a1720a1962bcc
2026-05-15,2026-05-15 14:31:32,2026-05-12 10:15:00,add2cbb403ba6c8e,add2cbb403ba6c8e_gasoline_98,BP MARMELETE,BP,gasoline_98,Gasolina especial 98,Outro,2.299,Monchique,Faro,EN 267,Marmelete,8550-000,37.31154,-8.66628,bp marmelete,bp,en 267,"2,299 €",2026-05-15_dgeg_postos_raw.csv,a7c9b0b0fe1be2e5
2026-05-15,2026-05-15 14:31:32,2026-05-12 10:15:00,54a009299c584ba5,54a009299c584ba5_diesel_regular,Posto Alguber,Genérico,diesel_regular,Gasóleo simples,Outro,1.999,Cadaval,Lisboa,"Rua Mapril Fogaça, 6",Alguber,2550-012,39.275536,-9.022869,posto alguber,genérico,"rua mapril fogaça, 6","1,999 €",2026-05-15_dgeg_postos_raw.csv,244cbf7314cbb02d
2026-05-15,2026-05-15 14:31:32,2026-05-12 10:15:00,54a009299c584ba5,54a009299c584ba5_gasoline_95,Posto Alguber,Genérico,gasoline_95,Gasolina simples 95,Outro,1.969,Cadaval,Lisboa,"Rua Mapril Fogaça, 6",Alguber,2550-012,39.275536,-9.022869,posto alguber,genérico,"rua mapril fogaça, 6","1,969 €",2026-05-15_dgeg_postos_raw.csv,2e0490f7ae8e5ec4
2026-05-15,2026-05-15 14:31:32,2026-05-12 10:15:00,54a009299c584ba5,54a009299c584ba5_diesel_premium,Posto Alguber,Genérico,diesel_premium,Gasóleo especial,Outro,2.009,Cadaval,Lisboa,"Rua Mapril Fogaça, 6",Alguber,2550-012,39.275536,-9.022869,posto alguber,genérico,"rua mapril fogaça, 6","2,009 €",2026-05-15_dgeg_postos_raw.csv,e076c35366b23caf
2026-05-15,2026-05-15 14:31:32,2026-05-12 10:20:00,d1768434a8f7eda3,d1768434a8f7eda3_diesel_regular,DISTRILAVOS - PA Intermarché Lavos,INTERMARCHÉ,diesel_regular,Gasóleo simples,Outro,1.898,Figueira da Foz,Coimbra,Rua das Flores,Bairro Alto,3090-452,40.084465,-8.825225,distrilavos - pa intermarché lavos,intermarché,rua das flores,"1,898 €",2026-05-15_dgeg_postos_raw.csv,3c3b3d8cc0f9af45
2026-05-15,2026-05-15 14:31:32,2026-05-12 10:20:00,d1768434a8f7eda3,d1768434a8f7eda3_diesel_premium,DISTRILAVOS - PA Intermarché Lavos,INTERMARCHÉ,diesel_premium,Gasóleo especial,Outro,1.928,Figueira da Foz,Coimbra,Rua das Flores,Bairro Alto,3090-452,40.084465,-8.825225,distrilavos - pa intermarché lavos,intermarché,rua das flores,"1,928 €",2026-05-15_dgeg_postos_raw.csv,6f28646f6f060dd9
2026-05-15,2026-05-15 14:31:32,2026-05-12 10:20:00,d1768434a8f7eda3,d1768434a8f7eda3_gasoline_95,DISTRILAVOS - PA Intermarché Lavos,INTERMARCHÉ,gasoline_95,Gasolina simples 95,Outro,1.898,Figueira da Foz,Coimbra,Rua das Flores,Bairro Alto,3090-452,40.084465,-8.825225,distrilavos - pa intermarché lavos,intermarché,rua das flores,"1,898 €",2026-05-15_dgeg_postos_raw.csv,6a809b1d810be1b7
2026-05-15,2026-05-15 14:31:32,2026-05-12 10:25:00,c4b92bc8c1bbcf84,c4b92bc8c1bbcf84_diesel_regular,BP Vila  Meã,BP,diesel_regular,Gasóleo simples,Outro,2.109,Amarante,Porto,"Rua das Lapas, n.º541",Vila Meã,4605-333,41.244434,-8.184612,bp vila meã,bp,"rua das lapas, n.º541","2,109 €",2026-05-15_dgeg_postos_raw.csv,71f36d074c38c637
2026-05-15,2026-05-15 14:31:32,2026-05-12 10:25:00,c4b92bc8c1bbcf84,c4b92bc8c1bbcf84_diesel_premium,BP Vila  Meã,BP,diesel_premium,Gasóleo especial,Outro,2.229,Amarante,Porto,"Rua das Lapas, n.º541",Vila Meã,4605-333,41.244434,-8.184612,bp vila meã,bp,"rua das lapas, n.º541","2,229 €",2026-05-15_dgeg_postos_raw.csv,bff6ef4c5f67cd4f
2026-05-15,2026-05-15 14:31:32,2026-05-12 10:25:00,c4b92bc8c1bbcf84,c4b92bc8c1bbcf84_gasoline_95,BP Vila  Meã,BP,gasoline_95,Gasolina simples 95,Outro,2.099,Amarante,Porto,"Rua das Lapas, n.º541",Vila Meã,4605-333,41.244434,-8.184612,bp vila meã,bp,"rua das lapas, n.º541","2,099 €",2026-05-15_dgeg_postos_raw.csv,26cb551653769b66
2026-05-15,2026-05-15 14:31:32,2026-05-12 10:25:00,c4b92bc8c1bbcf84,c4b92bc8c1bbcf84_gasoline_98,BP Vila  Meã,BP,gasoline_98,Gasolina especial 98,Outro,2.299,Amarante,Porto,"Rua das Lapas, n.º541",Vila Meã,4605-333,41.244434,-8.184612,bp vila meã,bp,"rua das lapas, n.º541","2,299 €",2026-05-15_dgeg_postos_raw.csv,5635f42719f0c8ae
2026-05-15,2026-05-15 14:31:32,2026-05-12 10:30:00,107a589477c98e24,107a589477c98e24_diesel_premium,Dpp Mamarrosa,DPP,diesel_premium,Gasóleo especial,Outro,1.969,Oliveira do Bairro,Aveiro,"R. da Lagoinha,17",Mamarrosa,3770-033,40.48851,-8.57906,dpp mamarrosa,dpp,"r. da lagoinha,17","1,969 €",2026-05-15_dgeg_postos_raw.csv,627c383d6aa912ab
2026-05-15,2026-05-15 14:31:32,2026-05-12 10:30:00,107a589477c98e24,107a589477c98e24_diesel_regular,Dpp Mamarrosa,DPP,diesel_regular,Gasóleo simples,Outro,1.899,Oliveira do Bairro,Aveiro,"R. da Lagoinha,17",Mamarrosa,3770-033,40.48851,-8.57906,dpp mamarrosa,dpp,"r. da lagoinha,17","1,899 €",2026-05-15_dgeg_postos_raw.csv,8b5e70467ab0814e
2026-05-15,2026-05-15 14:31:32,2026-05-12 10:30:00,107a589477c98e24,107a589477c98e24_gasoline_95,Dpp Mamarrosa,DPP,gasoline_95,Gasolina simples 95,Outro,1.879,Oliveira do Bairro,Aveiro,"R. da Lagoinha,17",Mamarrosa,3770-033,40.48851,-8.57906,dpp mamarrosa,dpp,"r. da lagoinha,17","1,879 €",2026-05-15_dgeg_postos_raw.csv,8d55f8f170b4a9cd
2026-05-15,2026-05-15 14:31:32,2026-05-12 10:30:00,479c5b87d212daca,479c5b87d212daca_diesel_premium,PA Freixo de Cima - Lixa (DPP),DPP,diesel_premium,Gasóleo especial,Outro,1.909,Amarante,Porto,"Av. Alto da Lixa, 1233",Alto da Lixa,4615-013,41.31465,-8.14631,pa freixo de cima - lixa (dpp),dpp,"av. alto da lixa, 1233","1,909 €",2026-05-15_dgeg_postos_raw.csv,3fd39c7775cbf51a
2026-05-15,2026-05-15 14:31:32,2026-05-12 10:30:00,479c5b87d212daca,479c5b87d212daca_diesel_regular,PA Freixo de Cima - Lixa (DPP),DPP,diesel_regular,Gasóleo simples,Outro,1.889,Amarante,Porto,"Av. Alto da Lixa, 1233",Alto da Lixa,4615-013,41.31465,-8.14631,pa freixo de cima - lixa (dpp),dpp,"av. alto da lixa, 1233","1,889 €",2026-05-15_dgeg_postos_raw.csv,6f6000a4cb0eb3b7
2026-05-15,2026-05-15 14:31:32,2026-05-12 10:30:00,479c5b87d212daca,479c5b87d212daca_gasoline_95,PA Freixo de Cima - Lixa (DPP),DPP,gasoline_95,Gasolina simples 95,Outro,1.899,Amarante,Porto,"Av. Alto da Lixa, 1233",Alto da Lixa,4615-013,41.31465,-8.14631,pa freixo de cima - lixa (dpp),dpp,"av. alto da lixa, 1233","1,899 €",2026-05-15_dgeg_postos_raw.csv,32834d3f72b92a6f
2026-05-15,2026-05-15 14:31:32,2026-05-12 10:30:00,fd89f0f18c904252,fd89f0f18c904252_diesel_regular,POSTO DA CIDREIRA,CEPSA,diesel_regular,Gasóleo simples,Outro,2.041,Coimbra,Coimbra,"EN.111-KM 35,100 - CIDREIRA",CIDREIRA,3025-300,40.24117,-8.48303,posto da cidreira,cepsa,"en.111-km 35,100 - cidreira","2,041 €",2026-05-15_dgeg_postos_raw.csv,2c7ef643472ef4ab
2026-05-15,2026-05-15 14:31:32,2026-05-12 10:30:00,fd89f0f18c904252,fd89f0f18c904252_diesel_premium,POSTO DA CIDREIRA,CEPSA,diesel_premium,Gasóleo especial,Outro,2.091,Coimbra,Coimbra,"EN.111-KM 35,100 - CIDREIRA",CIDREIRA,3025-300,40.24117,-8.48303,posto da cidreira,cepsa,"en.111-km 35,100 - cidreira","2,091 €",2026-05-15_dgeg_postos_raw.csv,a88a4ed230c0ec8e
2026-05-15,2026-05-15 14:31:32,2026-05-12 10:30:00,fd89f0f18c904252,fd89f0f18c904252_gasoline_95,POSTO DA CIDREIRA,CEPSA,gasoline_95,Gasolina simples 95,Outro,2.003,Coimbra,Coimbra,"EN.111-KM 35,100 - CIDREIRA",CIDREIRA,3025-300,40.24117,-8.48303,posto da cidreira,cepsa,"en.111-km 35,100 - cidreira","2,003 €",2026-05-15_dgeg_postos_raw.csv,d6b946c1da0ac4d1
2026-05-15,2026-05-15 14:31:32,2026-05-12 10:30:00,fd89f0f18c904252,fd89f0f18c904252_gasoline_98,POSTO DA CIDREIRA,CEPSA,gasoline_98,Gasolina especial 98,Outro,2.215,Coimbra,Coimbra,"EN.111-KM 35,100 - CIDREIRA",CIDREIRA,3025-300,40.24117,-8.48303,posto da cidreira,cepsa,"en.111-km 35,100 - cidreira","2,215 €",2026-05-15_dgeg_postos_raw.csv,e235a81d1440503a
2026-05-15,2026-05-15 14:31:32,2026-05-12 10:35:00,2034315eb7b6abe6,2034315eb7b6abe6_gasoline_98,BP CHÃO DA FEIRA,BP,gasoline_98,Gasolina especial 98,Outro,2.299,Porto de Mós,Leiria,"EN 1, Km 107,4",Chão da Feira,2480-062,39.624098,-8.85721,bp chão da feira,bp,"en 1, km 107,4","2,299 €",2026-05-15_dgeg_postos_raw.csv,34cf98c8b9339ad5
2026-05-15,2026-05-15 14:31:32,2026-05-12 10:45:00,80097e29ffe0449d,80097e29ffe0449d_diesel_regular,Posto de Abastecimento Ponte de Vagos,Genérico,diesel_regular,Gasóleo simples,Outro,2.049,Vagos,Aveiro,Rua Principal,Ponte de Vagos,3840-326,40.47856,-8.67128,posto de abastecimento ponte de vagos,genérico,rua principal,"2,049 €",2026-05-15_dgeg_postos_raw.csv,1be5a47afd848653
2026-05-15,2026-05-15 14:31:32,2026-05-12 10:45:00,80097e29ffe0449d,80097e29ffe0449d_diesel_premium,Posto de Abastecimento Ponte de Vagos,Genérico,diesel_premium,Gasóleo especial,Outro,2.099,Vagos,Aveiro,Rua Principal,Ponte de Vagos,3840-326,40.47856,-8.67128,posto de abastecimento ponte de vagos,genérico,rua principal,"2,099 €",2026-05-15_dgeg_postos_raw.csv,98d35328b98ed2fb
2026-05-15,2026-05-15 14:31:32,2026-05-12 10:45:00,80097e29ffe0449d,80097e29ffe0449d_gasoline_95,Posto de Abastecimento Ponte de Vagos,Genérico,gasoline_95,Gasolina simples 95,Outro,2.089,Vagos,Aveiro,Rua Principal,Ponte de Vagos,3840-326,40.47856,-8.67128,posto de abastecimento ponte de vagos,genérico,rua principal,"2,089 €",2026-05-15_dgeg_postos_raw.csv,529f9a4a1d6ac2bd
2026-05-15,2026-05-15 14:31:32,2026-05-12 10:45:00,3e03100e77a797dc,3e03100e77a797dc_diesel_regular,CREIXOAUTO GUIMARAES,BP,diesel_regular,Gasóleo simples,Outro,2.104,Guimarães,Braga,Rua Miradouro de Baixo,Creixomil,4835-079,41.43717,-8.31279,creixoauto guimaraes,bp,rua miradouro de baixo,"2,104 €",2026-05-15_dgeg_postos_raw.csv,8dc18326f18336fb
2026-05-15,2026-05-15 14:31:32,2026-05-12 10:45:00,3e03100e77a797dc,3e03100e77a797dc_diesel_premium,CREIXOAUTO GUIMARAES,BP,diesel_premium,Gasóleo especial,Outro,2.239,Guimarães,Braga,Rua Miradouro de Baixo,Creixomil,4835-079,41.43717,-8.31279,creixoauto guimaraes,bp,rua miradouro de baixo,"2,239 €",2026-05-15_dgeg_postos_raw.csv,92df0d4d02ea96bf
2026-05-15,2026-05-15 14:31:32,2026-05-12 10:45:00,3e03100e77a797dc,3e03100e77a797dc_gasoline_95,CREIXOAUTO GUIMARAES,BP,gasoline_95,Gasolina simples 95,Outro,2.099,Guimarães,Braga,Rua Miradouro de Baixo,Creixomil,4835-079,41.43717,-8.31279,creixoauto guimaraes,bp,rua miradouro de baixo,"2,099 €",2026-05-15_dgeg_postos_raw.csv,a80a851c31efbce6
2026-05-15,2026-05-15 14:31:32,2026-05-12 10:50:00,be8de40874c2cba7,be8de40874c2cba7_diesel_regular,INTERMARCHÉ - VIZELA,INTERMARCHÉ,diesel_regular,Gasóleo simples,Outro,1.899,Vizela,Braga,"SOUTO DOS MILAGRES, 74",VIZELA,4620-574,41.36401,-8.30262,intermarché - vizela,intermarché,"souto dos milagres, 74","1,899 €",2026-05-15_dgeg_postos_raw.csv,cc93b0e91084644c
2026-05-15,2026-05-15 14:31:32,2026-05-12 10:50:00,be8de40874c2cba7,be8de40874c2cba7_gasoline_95,INTERMARCHÉ - VIZELA,INTERMARCHÉ,gasoline_95,Gasolina simples 95,Outro,1.878,Vizela,Braga,"SOUTO DOS MILAGRES, 74",VIZELA,4620-574,41.36401,-8.30262,intermarché - vizela,intermarché,"souto dos milagres, 74","1,878 €",2026-05-15_dgeg_postos_raw.csv,ed7c7b75153f67c1
2026-05-15,2026-05-15 14:31:32,2026-05-12 10:50:00,12070a0a0f686058,12070a0a0f686058_diesel_regular,ERICEIRA,BP,diesel_regular,Gasóleo simples,Outro,2.059,Mafra,Lisboa,"EN 247, Mil Regos",Ericeira,2655-319,38.982386,-9.417686,ericeira,bp,"en 247, mil regos","2,059 €",2026-05-15_dgeg_postos_raw.csv,67d251848bd82198
2026-05-15,2026-05-15 14:31:32,2026-05-12 10:50:00,12070a0a0f686058,12070a0a0f686058_diesel_premium,ERICEIRA,BP,diesel_premium,Gasóleo especial,Outro,2.229,Mafra,Lisboa,"EN 247, Mil Regos",Ericeira,2655-319,38.982386,-9.417686,ericeira,bp,"en 247, mil regos","2,229 €",2026-05-15_dgeg_postos_raw.csv,2e5595beeaf3baa6
2026-05-15,2026-05-15 14:31:32,2026-05-12 10:50:00,12070a0a0f686058,12070a0a0f686058_gasoline_95,ERICEIRA,BP,gasoline_95,Gasolina simples 95,Outro,2.049,Mafra,Lisboa,"EN 247, Mil Regos",Ericeira,2655-319,38.982386,-9.417686,ericeira,bp,"en 247, mil regos","2,049 €",2026-05-15_dgeg_postos_raw.csv,5f3a59ac44c5938d
2026-05-15,2026-05-15 14:31:32,2026-05-12 10:50:00,12070a0a0f686058,12070a0a0f686058_gasoline_98,ERICEIRA,BP,gasoline_98,Gasolina especial 98,Outro,2.299,Mafra,Lisboa,"EN 247, Mil Regos",Ericeira,2655-319,38.982386,-9.417686,ericeira,bp,"en 247, mil regos","2,299 €",2026-05-15_dgeg_postos_raw.csv,6d9fcd13f8a398bf
2026-05-15,2026-05-15 14:31:32,2026-05-12 10:50:00,a8049eea0ba6c9ff,a8049eea0ba6c9ff_diesel_regular,Intermarché Vila das Aves,INTERMARCHÉ,diesel_regular,Gasóleo simples,Outro,1.899,Santo Tirso,Porto,Lugar da Tojela,Vila das Aves,4796-908,41.36472,-8.40245,intermarché vila das aves,intermarché,lugar da tojela,"1,899 €",2026-05-15_dgeg_postos_raw.csv,eb6754eeb214bd4b
2026-05-15,2026-05-15 14:31:32,2026-05-12 10:50:00,a8049eea0ba6c9ff,a8049eea0ba6c9ff_diesel_premium,Intermarché Vila das Aves,INTERMARCHÉ,diesel_premium,Gasóleo especial,Outro,1.929,Santo Tirso,Porto,Lugar da Tojela,Vila das Aves,4796-908,41.36472,-8.40245,intermarché vila das aves,intermarché,lugar da tojela,"1,929 €",2026-05-15_dgeg_postos_raw.csv,ec40da8821fc2535
2026-05-15,2026-05-15 14:31:32,2026-05-12 10:50:00,a8049eea0ba6c9ff,a8049eea0ba6c9ff_gasoline_95,Intermarché Vila das Aves,INTERMARCHÉ,gasoline_95,Gasolina simples 95,Outro,1.878,Santo Tirso,Porto,Lugar da Tojela,Vila das Aves,4796-908,41.36472,-8.40245,intermarché vila das aves,intermarché,lugar da tojela,"1,878 €",2026-05-15_dgeg_postos_raw.csv,398569d6547eb6b1
2026-05-15,2026-05-15 14:31:32,2026-05-12 10:50:00,be8de40874c2cba7,be8de40874c2cba7_diesel_premium,INTERMARCHÉ - VIZELA,INTERMARCHÉ,diesel_premium,Gasóleo especial,Outro,1.929,Vizela,Braga,"SOUTO DOS MILAGRES, 74",VIZELA,4620-574,41.36401,-8.30262,intermarché - vizela,intermarché,"souto dos milagres, 74","1,929 €",2026-05-15_dgeg_postos_raw.csv,ac30336d0af92bcb
2026-05-15,2026-05-15 14:31:32,2026-05-12 10:55:00,2af73650479a51dd,2af73650479a51dd_diesel_premium,BP Ansião - Sul,BP,diesel_premium,Gasóleo especial,Outro,2.229,Ansião,Leiria,"IC 8 Km 17,5",Ansião-Moinhos João da Serra,3240-226,39.91557,-8.45845,bp ansião - sul,bp,"ic 8 km 17,5","2,229 €",2026-05-15_dgeg_postos_raw.csv,f837e98b8157f16e
2026-05-15,2026-05-15 14:31:32,2026-05-12 10:55:00,2af73650479a51dd,2af73650479a51dd_diesel_regular,BP Ansião - Sul,BP,diesel_regular,Gasóleo simples,Outro,2.109,Ansião,Leiria,"IC 8 Km 17,5",Ansião-Moinhos João da Serra,3240-226,39.91557,-8.45845,bp ansião - sul,bp,"ic 8 km 17,5","2,109 €",2026-05-15_dgeg_postos_raw.csv,315847225bcdbb58
2026-05-15,2026-05-15 14:31:32,2026-05-12 10:55:00,2af73650479a51dd,2af73650479a51dd_gasoline_95,BP Ansião - Sul,BP,gasoline_95,Gasolina simples 95,Outro,2.099,Ansião,Leiria,"IC 8 Km 17,5",Ansião-Moinhos João da Serra,3240-226,39.91557,-8.45845,bp ansião - sul,bp,"ic 8 km 17,5","2,099 €",2026-05-15_dgeg_postos_raw.csv,b5b92091ba0f1c20
2026-05-15,2026-05-15 14:31:32,2026-05-12 10:55:00,ec7f82bb4758e814,ec7f82bb4758e814_diesel_premium,BP ANSIÃO NORTE,BP,diesel_premium,Gasóleo especial,Outro,2.229,Ansião,Leiria,"IC 8 Km 17,5",Ansião-Moinhos João da Serra,3240-226,39.917,-8.45714,bp ansião norte,bp,"ic 8 km 17,5","2,229 €",2026-05-15_dgeg_postos_raw.csv,18b190e249b50160
2026-05-15,2026-05-15 14:31:32,2026-05-12 10:55:00,ec7f82bb4758e814,ec7f82bb4758e814_diesel_regular,BP ANSIÃO NORTE,BP,diesel_regular,Gasóleo simples,Outro,2.109,Ansião,Leiria,"IC 8 Km 17,5",Ansião-Moinhos João da Serra,3240-226,39.917,-8.45714,bp ansião norte,bp,"ic 8 km 17,5","2,109 €",2026-05-15_dgeg_postos_raw.csv,7d3b9ff736aa059a
2026-05-15,2026-05-15 14:31:32,2026-05-12 10:55:00,ec7f82bb4758e814,ec7f82bb4758e814_gasoline_95,BP ANSIÃO NORTE,BP,gasoline_95,Gasolina simples 95,Outro,2.099,Ansião,Leiria,"IC 8 Km 17,5",Ansião-Moinhos João da Serra,3240-226,39.917,-8.45714,bp ansião norte,bp,"ic 8 km 17,5","2,099 €",2026-05-15_dgeg_postos_raw.csv,2341075d343042a6
2026-05-15,2026-05-15 14:31:32,2026-05-12 10:55:00,ec7f82bb4758e814,ec7f82bb4758e814_gasoline_98,BP ANSIÃO NORTE,BP,gasoline_98,Gasolina especial 98,Outro,2.299,Ansião,Leiria,"IC 8 Km 17,5",Ansião-Moinhos João da Serra,3240-226,39.917,-8.45714,bp ansião norte,bp,"ic 8 km 17,5","2,299 €",2026-05-15_dgeg_postos_raw.csv,90ca9862e52d4e08
2026-05-15,2026-05-15 14:31:32,2026-05-12 10:55:00,c903f9cdbf1866ac,c903f9cdbf1866ac_diesel_regular,ESTORIL - ST. ANTÓNIO,BP,diesel_regular,Gasóleo simples,Outro,2.109,Cascais,Lisboa,Estrada Marginal,Estoril,2765-249,38.703337,-9.398216,estoril - st. antónio,bp,estrada marginal,"2,109 €",2026-05-15_dgeg_postos_raw.csv,6115cde84ab69279
2026-05-15,2026-05-15 14:31:32,2026-05-12 10:55:00,c903f9cdbf1866ac,c903f9cdbf1866ac_diesel_premium,ESTORIL - ST. ANTÓNIO,BP,diesel_premium,Gasóleo especial,Outro,2.229,Cascais,Lisboa,Estrada Marginal,Estoril,2765-249,38.703337,-9.398216,estoril - st. antónio,bp,estrada marginal,"2,229 €",2026-05-15_dgeg_postos_raw.csv,4d89bff7ad927f1d
2026-05-15,2026-05-15 14:31:32,2026-05-12 10:55:00,c903f9cdbf1866ac,c903f9cdbf1866ac_gasoline_95,ESTORIL - ST. ANTÓNIO,BP,gasoline_95,Gasolina simples 95,Outro,2.099,Cascais,Lisboa,Estrada Marginal,Estoril,2765-249,38.703337,-9.398216,estoril - st. antónio,bp,estrada marginal,"2,099 €",2026-05-15_dgeg_postos_raw.csv,c37a1638bc823491
2026-05-15,2026-05-15 14:31:32,2026-05-12 10:55:00,b85270ad6a1146fb,b85270ad6a1146fb_diesel_regular,BP PAÇO DE ARCOS,BP,diesel_regular,Gasóleo simples,Outro,2.109,Oeiras,Lisboa,Av. Bonneville Franco,Paço de Arcos,2780-000,38.693822,-9.297101,bp paço de arcos,bp,av. bonneville franco,"2,109 €",2026-05-15_dgeg_postos_raw.csv,7ba3a1d4dd35b0e9
2026-05-15,2026-05-15 14:31:32,2026-05-12 10:55:00,b85270ad6a1146fb,b85270ad6a1146fb_diesel_premium,BP PAÇO DE ARCOS,BP,diesel_premium,Gasóleo especial,Outro,2.229,Oeiras,Lisboa,Av. Bonneville Franco,Paço de Arcos,2780-000,38.693822,-9.297101,bp paço de arcos,bp,av. bonneville franco,"2,229 €",2026-05-15_dgeg_postos_raw.csv,5182ba2245f658ef
2026-05-15,2026-05-15 14:31:32,2026-05-12 10:55:00,b85270ad6a1146fb,b85270ad6a1146fb_gasoline_95,BP PAÇO DE ARCOS,BP,gasoline_95,Gasolina simples 95,Outro,2.099,Oeiras,Lisboa,Av. Bonneville Franco,Paço de Arcos,2780-000,38.693822,-9.297101,bp paço de arcos,bp,av. bonneville franco,"2,099 €",2026-05-15_dgeg_postos_raw.csv,b6541751c094751b
2026-05-15,2026-05-15 14:31:32,2026-05-12 10:55:00,b85270ad6a1146fb,b85270ad6a1146fb_gasoline_98,BP PAÇO DE ARCOS,BP,gasoline_98,Gasolina especial 98,Outro,2.299,Oeiras,Lisboa,Av. Bonneville Franco,Paço de Arcos,2780-000,38.693822,-9.297101,bp paço de arcos,bp,av. bonneville franco,"2,299 €",2026-05-15_dgeg_postos_raw.csv,ac935f4cd74148ad
2026-05-15,2026-05-15 14:31:32,2026-05-12 10:55:00,36fc5385b9c43390,36fc5385b9c43390_diesel_regular,A21 MAFRA (NORTE),BP,diesel_regular,Gasóleo simples,Auto-estrada,2.109,Mafra,Lisboa,"A 21 - Troço Malveira Mafra Km 13,7 e 13,9",Milharados - Mafra,2640-367,38.936082,-9.282505,a21 mafra (norte),bp,"a 21 - troço malveira mafra km 13,7 e 13,9","2,109 €",2026-05-15_dgeg_postos_raw.csv,ee238bdc1aa36a91
2026-05-15,2026-05-15 14:31:32,2026-05-12 10:55:00,36fc5385b9c43390,36fc5385b9c43390_diesel_premium,A21 MAFRA (NORTE),BP,diesel_premium,Gasóleo especial,Auto-estrada,2.229,Mafra,Lisboa,"A 21 - Troço Malveira Mafra Km 13,7 e 13,9",Milharados - Mafra,2640-367,38.936082,-9.282505,a21 mafra (norte),bp,"a 21 - troço malveira mafra km 13,7 e 13,9","2,229 €",2026-05-15_dgeg_postos_raw.csv,f54b6312cc769ff0
2026-05-15,2026-05-15 14:31:32,2026-05-12 10:55:00,36fc5385b9c43390,36fc5385b9c43390_gasoline_95,A21 MAFRA (NORTE),BP,gasoline_95,Gasolina simples 95,Auto-estrada,2.099,Mafra,Lisboa,"A 21 - Troço Malveira Mafra Km 13,7 e 13,9",Milharados - Mafra,2640-367,38.936082,-9.282505,a21 mafra (norte),bp,"a 21 - troço malveira mafra km 13,7 e 13,9","2,099 €",2026-05-15_dgeg_postos_raw.csv,b296bd94a72a6995
2026-05-15,2026-05-15 14:31:32,2026-05-12 10:55:00,36fc5385b9c43390,36fc5385b9c43390_gasoline_98,A21 MAFRA (NORTE),BP,gasoline_98,Gasolina especial 98,Auto-estrada,2.299,Mafra,Lisboa,"A 21 - Troço Malveira Mafra Km 13,7 e 13,9",Milharados - Mafra,2640-367,38.936082,-9.282505,a21 mafra (norte),bp,"a 21 - troço malveira mafra km 13,7 e 13,9","2,299 €",2026-05-15_dgeg_postos_raw.csv,1bdbb9507a8198f2
2026-05-15,2026-05-15 14:31:32,2026-05-12 10:55:00,8e9550d3698d1cb7,8e9550d3698d1cb7_diesel_regular,A21 MAFRA (SUL),BP,diesel_regular,Gasóleo simples,Auto-estrada,2.109,Mafra,Lisboa,"A 21 - Troço Mafra - Malveira Km 13,7 e 13,9",Milharados - Mafra,2640-367,38.935252,-9.283496,a21 mafra (sul),bp,"a 21 - troço mafra - malveira km 13,7 e 13,9","2,109 €",2026-05-15_dgeg_postos_raw.csv,b6835035777e51b7
2026-05-15,2026-05-15 14:31:32,2026-05-12 10:55:00,8e9550d3698d1cb7,8e9550d3698d1cb7_diesel_premium,A21 MAFRA (SUL),BP,diesel_premium,Gasóleo especial,Auto-estrada,2.229,Mafra,Lisboa,"A 21 - Troço Mafra - Malveira Km 13,7 e 13,9",Milharados - Mafra,2640-367,38.935252,-9.283496,a21 mafra (sul),bp,"a 21 - troço mafra - malveira km 13,7 e 13,9","2,229 €",2026-05-15_dgeg_postos_raw.csv,3a7df15a5d39ecdd
2026-05-15,2026-05-15 14:31:32,2026-05-12 10:55:00,8e9550d3698d1cb7,8e9550d3698d1cb7_gasoline_95,A21 MAFRA (SUL),BP,gasoline_95,Gasolina simples 95,Auto-estrada,2.099,Mafra,Lisboa,"A 21 - Troço Mafra - Malveira Km 13,7 e 13,9",Milharados - Mafra,2640-367,38.935252,-9.283496,a21 mafra (sul),bp,"a 21 - troço mafra - malveira km 13,7 e 13,9","2,099 €",2026-05-15_dgeg_postos_raw.csv,90f212b4d9ba36b7
2026-05-15,2026-05-15 14:31:32,2026-05-12 10:55:00,8e9550d3698d1cb7,8e9550d3698d1cb7_gasoline_98,A21 MAFRA (SUL),BP,gasoline_98,Gasolina especial 98,Auto-estrada,2.299,Mafra,Lisboa,"A 21 - Troço Mafra - Malveira Km 13,7 e 13,9",Milharados - Mafra,2640-367,38.935252,-9.283496,a21 mafra (sul),bp,"a 21 - troço mafra - malveira km 13,7 e 13,9","2,299 €",2026-05-15_dgeg_postos_raw.csv,42677cc90fc16f6c
2026-05-15,2026-05-15 14:31:32,2026-05-12 11:00:00,5c520b84f3a94d8a,5c520b84f3a94d8a_diesel_regular,BP S. PEDRO,BP,diesel_regular,Gasóleo simples,Outro,2.109,Cascais,Lisboa,Estrada Marginal EN 6 Km 14,S. Pedro Estoril,2765-000,38.693566,-9.367508,bp s. pedro,bp,estrada marginal en 6 km 14,"2,109 €",2026-05-15_dgeg_postos_raw.csv,294503b6cdfc4bd0
2026-05-15,2026-05-15 14:31:32,2026-05-12 11:00:00,5c520b84f3a94d8a,5c520b84f3a94d8a_diesel_premium,BP S. PEDRO,BP,diesel_premium,Gasóleo especial,Outro,2.229,Cascais,Lisboa,Estrada Marginal EN 6 Km 14,S. Pedro Estoril,2765-000,38.693566,-9.367508,bp s. pedro,bp,estrada marginal en 6 km 14,"2,229 €",2026-05-15_dgeg_postos_raw.csv,ca56c9145353c255
2026-05-15,2026-05-15 14:31:32,2026-05-12 11:00:00,5c520b84f3a94d8a,5c520b84f3a94d8a_gasoline_95,BP S. PEDRO,BP,gasoline_95,Gasolina simples 95,Outro,2.099,Cascais,Lisboa,Estrada Marginal EN 6 Km 14,S. Pedro Estoril,2765-000,38.693566,-9.367508,bp s. pedro,bp,estrada marginal en 6 km 14,"2,099 €",2026-05-15_dgeg_postos_raw.csv,b0ac946b7a7eef90
2026-05-15,2026-05-15 14:31:32,2026-05-12 11:00:00,5c520b84f3a94d8a,5c520b84f3a94d8a_gasoline_98,BP S. PEDRO,BP,gasoline_98,Gasolina especial 98,Outro,2.299,Cascais,Lisboa,Estrada Marginal EN 6 Km 14,S. Pedro Estoril,2765-000,38.693566,-9.367508,bp s. pedro,bp,estrada marginal en 6 km 14,"2,299 €",2026-05-15_dgeg_postos_raw.csv,6c3696b86991ea14
2026-05-15,2026-05-15 14:31:32,2026-05-12 11:00:00,428568f69acc82f2,428568f69acc82f2_diesel_regular,ESTORIL - TAMARIZ,BP,diesel_regular,Gasóleo simples,Outro,2.109,Cascais,Lisboa,Estrada Marginal,Estoril,2765-249,38.70381,-9.400081,estoril - tamariz,bp,estrada marginal,"2,109 €",2026-05-15_dgeg_postos_raw.csv,818f6b18a21327dd
2026-05-15,2026-05-15 14:31:32,2026-05-12 11:00:00,428568f69acc82f2,428568f69acc82f2_diesel_premium,ESTORIL - TAMARIZ,BP,diesel_premium,Gasóleo especial,Outro,2.229,Cascais,Lisboa,Estrada Marginal,Estoril,2765-249,38.70381,-9.400081,estoril - tamariz,bp,estrada marginal,"2,229 €",2026-05-15_dgeg_postos_raw.csv,4b7e43de05212e09
2026-05-15,2026-05-15 14:31:32,2026-05-12 11:00:00,428568f69acc82f2,428568f69acc82f2_gasoline_95,ESTORIL - TAMARIZ,BP,gasoline_95,Gasolina simples 95,Outro,2.099,Cascais,Lisboa,Estrada Marginal,Estoril,2765-249,38.70381,-9.400081,estoril - tamariz,bp,estrada marginal,"2,099 €",2026-05-15_dgeg_postos_raw.csv,6856c67c70c35675
2026-05-15,2026-05-15 14:31:32,2026-05-12 11:00:00,428568f69acc82f2,428568f69acc82f2_gasoline_98,ESTORIL - TAMARIZ,BP,gasoline_98,Gasolina especial 98,Outro,2.299,Cascais,Lisboa,Estrada Marginal,Estoril,2765-249,38.70381,-9.400081,estoril - tamariz,bp,estrada marginal,"2,299 €",2026-05-15_dgeg_postos_raw.csv,c6f5adb3957e5002
2026-05-15,2026-05-15 14:31:32,2026-05-12 11:00:00,ccf201f212d2503f,ccf201f212d2503f_diesel_regular,PLENERGY - OURÉM I,PLENERGY,diesel_regular,Gasóleo simples,Outro,1.865,Ourém,Santarém,"Avenida Nossa Senhora de Fátima, n.º 88",Fátima,2495-560,39.639294,-8.68459,plenergy - ourém i,plenergy,"avenida nossa senhora de fátima, n.º 88","1,865 €",2026-05-15_dgeg_postos_raw.csv,af52157f3476e018
2026-05-15,2026-05-15 14:31:32,2026-05-12 11:00:00,ccf201f212d2503f,ccf201f212d2503f_gasoline_95,PLENERGY - OURÉM I,PLENERGY,gasoline_95,Gasolina simples 95,Outro,1.857,Ourém,Santarém,"Avenida Nossa Senhora de Fátima, n.º 88",Fátima,2495-560,39.639294,-8.68459,plenergy - ourém i,plenergy,"avenida nossa senhora de fátima, n.º 88","1,857 €",2026-05-15_dgeg_postos_raw.csv,729e6dec1b388683
2026-05-15,2026-05-15 14:31:32,2026-05-12 11:00:00,ccf201f212d2503f,ccf201f212d2503f_diesel_premium,PLENERGY - OURÉM I,PLENERGY,diesel_premium,Gasóleo especial,Outro,1.915,Ourém,Santarém,"Avenida Nossa Senhora de Fátima, n.º 88",Fátima,2495-560,39.639294,-8.68459,plenergy - ourém i,plenergy,"avenida nossa senhora de fátima, n.º 88","1,915 €",2026-05-15_dgeg_postos_raw.csv,881e701341c72248
2026-05-15,2026-05-15 14:31:32,2026-05-12 11:00:00,7c35051d2e762623,7c35051d2e762623_diesel_regular,PLENERGY - BRAGA I,PLENERGY,diesel_regular,Gasóleo simples,Outro,1.855,Braga,Braga,Travessa da União,Celeirós,4705-462,41.51878,-8.449879,plenergy - braga i,plenergy,travessa da união,"1,855 €",2026-05-15_dgeg_postos_raw.csv,c15c8024feed2195
2026-05-15,2026-05-15 14:31:32,2026-05-12 11:00:00,7c35051d2e762623,7c35051d2e762623_gasoline_95,PLENERGY - BRAGA I,PLENERGY,gasoline_95,Gasolina simples 95,Outro,1.849,Braga,Braga,Travessa da União,Celeirós,4705-462,41.51878,-8.449879,plenergy - braga i,plenergy,travessa da união,"1,849 €",2026-05-15_dgeg_postos_raw.csv,0368be3d48871496
2026-05-15,2026-05-15 14:31:32,2026-05-12 11:00:00,7c35051d2e762623,7c35051d2e762623_diesel_premium,PLENERGY - BRAGA I,PLENERGY,diesel_premium,Gasóleo especial,Outro,1.875,Braga,Braga,Travessa da União,Celeirós,4705-462,41.51878,-8.449879,plenergy - braga i,plenergy,travessa da união,"1,875 €",2026-05-15_dgeg_postos_raw.csv,d41916dbfd397aac
2026-05-15,2026-05-15 14:31:32,2026-05-12 11:00:00,13d3249e31da68b9,13d3249e31da68b9_diesel_regular,PLENERGY - LOURES I,PLENERGY,diesel_regular,Gasóleo simples,Outro,1.799,Loures,Lisboa,"Rua 28 de Setembro / E.N.250 ao km 29,120 (lado esquerdo)",Frielas,2660-018,38.82265,-9.146076,plenergy - loures i,plenergy,"rua 28 de setembro / e.n.250 ao km 29,120 (lado esquerdo)","1,799 €",2026-05-15_dgeg_postos_raw.csv,e3a39ae6fe8954d7
2026-05-15,2026-05-15 14:31:32,2026-05-12 11:00:00,13d3249e31da68b9,13d3249e31da68b9_gasoline_95,PLENERGY - LOURES I,PLENERGY,gasoline_95,Gasolina simples 95,Outro,1.789,Loures,Lisboa,"Rua 28 de Setembro / E.N.250 ao km 29,120 (lado esquerdo)",Frielas,2660-018,38.82265,-9.146076,plenergy - loures i,plenergy,"rua 28 de setembro / e.n.250 ao km 29,120 (lado esquerdo)","1,789 €",2026-05-15_dgeg_postos_raw.csv,b169165ea6f150c1
2026-05-15,2026-05-15 14:31:32,2026-05-12 11:00:00,13d3249e31da68b9,13d3249e31da68b9_diesel_premium,PLENERGY - LOURES I,PLENERGY,diesel_premium,Gasóleo especial,Outro,1.849,Loures,Lisboa,"Rua 28 de Setembro / E.N.250 ao km 29,120 (lado esquerdo)",Frielas,2660-018,38.82265,-9.146076,plenergy - loures i,plenergy,"rua 28 de setembro / e.n.250 ao km 29,120 (lado esquerdo)","1,849 €",2026-05-15_dgeg_postos_raw.csv,eb3eed688e67f6eb
2026-05-15,2026-05-15 14:31:32,2026-05-12 11:00:00,263aeecb06dbd08b,263aeecb06dbd08b_diesel_regular,PLENERGY - VILA NOVA DE GAIA II,PLENERGY,diesel_regular,Gasóleo simples,Outro,1.879,Vila Nova de Gaia,Porto,"Avenida dos Combatentes do Ultramar Português, n.º 566",Vila Nova de Gaia,4405-931,41.085503,-8.633518,plenergy - vila nova de gaia ii,plenergy,"avenida dos combatentes do ultramar português, n.º 566","1,879 €",2026-05-15_dgeg_postos_raw.csv,5aeffbff633b573b
2026-05-15,2026-05-15 14:31:32,2026-05-12 11:00:00,263aeecb06dbd08b,263aeecb06dbd08b_gasoline_95,PLENERGY - VILA NOVA DE GAIA II,PLENERGY,gasoline_95,Gasolina simples 95,Outro,1.859,Vila Nova de Gaia,Porto,"Avenida dos Combatentes do Ultramar Português, n.º 566",Vila Nova de Gaia,4405-931,41.085503,-8.633518,plenergy - vila nova de gaia ii,plenergy,"avenida dos combatentes do ultramar português, n.º 566","1,859 €",2026-05-15_dgeg_postos_raw.csv,071a8b320a649365
2026-05-15,2026-05-15 14:31:32,2026-05-12 11:00:00,263aeecb06dbd08b,263aeecb06dbd08b_diesel_premium,PLENERGY - VILA NOVA DE GAIA II,PLENERGY,diesel_premium,Gasóleo especial,Outro,1.889,Vila Nova de Gaia,Porto,"Avenida dos Combatentes do Ultramar Português, n.º 566",Vila Nova de Gaia,4405-931,41.085503,-8.633518,plenergy - vila nova de gaia ii,plenergy,"avenida dos combatentes do ultramar português, n.º 566","1,889 €",2026-05-15_dgeg_postos_raw.csv,85f2b52f0e29ec4d
2026-05-15,2026-05-15 14:31:32,2026-05-12 11:00:00,fce8dfd4c892a9b0,fce8dfd4c892a9b0_diesel_regular,PLENERGY - VILA NOVA DE GAIA III,PLENERGY,diesel_regular,Gasóleo simples,Outro,1.869,Vila Nova de Gaia,Porto,"Travessa Particular da Azenha, n.º 24",Vila Nova de Gaia,4405-620,41.07227,-8.625206,plenergy - vila nova de gaia iii,plenergy,"travessa particular da azenha, n.º 24","1,869 €",2026-05-15_dgeg_postos_raw.csv,9510e4b5b66c28d1
2026-05-15,2026-05-15 14:31:32,2026-05-12 11:00:00,fce8dfd4c892a9b0,fce8dfd4c892a9b0_gasoline_95,PLENERGY - VILA NOVA DE GAIA III,PLENERGY,gasoline_95,Gasolina simples 95,Outro,1.849,Vila Nova de Gaia,Porto,"Travessa Particular da Azenha, n.º 24",Vila Nova de Gaia,4405-620,41.07227,-8.625206,plenergy - vila nova de gaia iii,plenergy,"travessa particular da azenha, n.º 24","1,849 €",2026-05-15_dgeg_postos_raw.csv,8bed5ccd10efea06
2026-05-15,2026-05-15 14:31:32,2026-05-12 11:00:00,fce8dfd4c892a9b0,fce8dfd4c892a9b0_diesel_premium,PLENERGY - VILA NOVA DE GAIA III,PLENERGY,diesel_premium,Gasóleo especial,Outro,1.879,Vila Nova de Gaia,Porto,"Travessa Particular da Azenha, n.º 24",Vila Nova de Gaia,4405-620,41.07227,-8.625206,plenergy - vila nova de gaia iii,plenergy,"travessa particular da azenha, n.º 24","1,879 €",2026-05-15_dgeg_postos_raw.csv,abe7e85a01359d1c
2026-05-15,2026-05-15 14:31:32,2026-05-12 11:00:00,6063ad5207908ede,6063ad5207908ede_diesel_premium,Bp Carcavelos,BP,diesel_premium,Gasóleo especial,Outro,2.229,Cascais,Lisboa,"Rua Dr. José Joaquim Almeida, 1062",Carcavelos,2775-594,38.69034,-9.34065,bp carcavelos,bp,"rua dr. josé joaquim almeida, 1062","2,229 €",2026-05-15_dgeg_postos_raw.csv,bffba90d5635e6e9
2026-05-15,2026-05-15 14:31:32,2026-05-12 11:00:00,6063ad5207908ede,6063ad5207908ede_diesel_regular,Bp Carcavelos,BP,diesel_regular,Gasóleo simples,Outro,2.109,Cascais,Lisboa,"Rua Dr. José Joaquim Almeida, 1062",Carcavelos,2775-594,38.69034,-9.34065,bp carcavelos,bp,"rua dr. josé joaquim almeida, 1062","2,109 €",2026-05-15_dgeg_postos_raw.csv,0c8824892fac2983
2026-05-15,2026-05-15 14:31:32,2026-05-12 11:00:00,6063ad5207908ede,6063ad5207908ede_gasoline_98,Bp Carcavelos,BP,gasoline_98,Gasolina especial 98,Outro,2.299,Cascais,Lisboa,"Rua Dr. José Joaquim Almeida, 1062",Carcavelos,2775-594,38.69034,-9.34065,bp carcavelos,bp,"rua dr. josé joaquim almeida, 1062","2,299 €",2026-05-15_dgeg_postos_raw.csv,4472d234836e7846
2026-05-15,2026-05-15 14:31:32,2026-05-12 11:00:00,6063ad5207908ede,6063ad5207908ede_gasoline_95,Bp Carcavelos,BP,gasoline_95,Gasolina simples 95,Outro,2.099,Cascais,Lisboa,"Rua Dr. José Joaquim Almeida, 1062",Carcavelos,2775-594,38.69034,-9.34065,bp carcavelos,bp,"rua dr. josé joaquim almeida, 1062","2,099 €",2026-05-15_dgeg_postos_raw.csv,7ab93c0f9cf958de
2026-05-15,2026-05-15 14:31:32,2026-05-12 11:00:00,99e9d90af3d9e577,99e9d90af3d9e577_diesel_regular,PLENERGY - SANTA MARIA DA FEIRA,PLENERGY,diesel_regular,Gasóleo simples,Outro,1.869,Santa Maria da Feira,Aveiro,"Rua dos Castanheiros, 343, São João de Ver",São João de Ver,4535-013,40.969728,-8.53862,plenergy - santa maria da feira,plenergy,"rua dos castanheiros, 343, são joão de ver","1,869 €",2026-05-15_dgeg_postos_raw.csv,94467e02a6fd28a5
2026-05-15,2026-05-15 14:31:32,2026-05-12 11:00:00,99e9d90af3d9e577,99e9d90af3d9e577_diesel_premium,PLENERGY - SANTA MARIA DA FEIRA,PLENERGY,diesel_premium,Gasóleo especial,Outro,1.909,Santa Maria da Feira,Aveiro,"Rua dos Castanheiros, 343, São João de Ver",São João de Ver,4535-013,40.969728,-8.53862,plenergy - santa maria da feira,plenergy,"rua dos castanheiros, 343, são joão de ver","1,909 €",2026-05-15_dgeg_postos_raw.csv,5af716b8c5272b51
2026-05-15,2026-05-15 14:31:32,2026-05-12 11:00:00,99e9d90af3d9e577,99e9d90af3d9e577_gasoline_95,PLENERGY - SANTA MARIA DA FEIRA,PLENERGY,gasoline_95,Gasolina simples 95,Outro,1.859,Santa Maria da Feira,Aveiro,"Rua dos Castanheiros, 343, São João de Ver",São João de Ver,4535-013,40.969728,-8.53862,plenergy - santa maria da feira,plenergy,"rua dos castanheiros, 343, são joão de ver","1,859 €",2026-05-15_dgeg_postos_raw.csv,edc0df98b14518a3
2026-05-15,2026-05-15 14:31:32,2026-05-12 11:00:00,c4a8d0cc2a6f3184,c4a8d0cc2a6f3184_diesel_regular,PLENERGY - VILA NOVA DE GAIA I,PLENERGY,diesel_regular,Gasóleo simples,Outro,1.899,Vila Nova de Gaia,Porto,"Avenida Vasco da Gama, 3070, Vilar de Andorinho",Vila Nova de Gaia,4430-247,41.109215,-8.575438,plenergy - vila nova de gaia i,plenergy,"avenida vasco da gama, 3070, vilar de andorinho","1,899 €",2026-05-15_dgeg_postos_raw.csv,a90a28aca0ba7bad
2026-05-15,2026-05-15 14:31:32,2026-05-12 11:00:00,c4a8d0cc2a6f3184,c4a8d0cc2a6f3184_diesel_premium,PLENERGY - VILA NOVA DE GAIA I,PLENERGY,diesel_premium,Gasóleo especial,Outro,1.919,Vila Nova de Gaia,Porto,"Avenida Vasco da Gama, 3070, Vilar de Andorinho",Vila Nova de Gaia,4430-247,41.109215,-8.575438,plenergy - vila nova de gaia i,plenergy,"avenida vasco da gama, 3070, vilar de andorinho","1,919 €",2026-05-15_dgeg_postos_raw.csv,a731156d6d608faa
2026-05-15,2026-05-15 14:31:32,2026-05-12 11:00:00,c4a8d0cc2a6f3184,c4a8d0cc2a6f3184_gasoline_95,PLENERGY - VILA NOVA DE GAIA I,PLENERGY,gasoline_95,Gasolina simples 95,Outro,1.889,Vila Nova de Gaia,Porto,"Avenida Vasco da Gama, 3070, Vilar de Andorinho",Vila Nova de Gaia,4430-247,41.109215,-8.575438,plenergy - vila nova de gaia i,plenergy,"avenida vasco da gama, 3070, vilar de andorinho","1,889 €",2026-05-15_dgeg_postos_raw.csv,8ddf18def1032e85
2026-05-15,2026-05-15 14:31:32,2026-05-12 11:00:00,ef330c5046b73556,ef330c5046b73556_diesel_premium,PLENERGY - PÓVOA DE VARZIM I,PLENERGY,diesel_premium,Gasóleo especial,Outro,1.919,Póvoa de Varzim,Porto,Rua Gomes Amorim (EN 13) n.º 1865,Póvoa de Varzim,4490-001,41.39857,-8.767058,plenergy - póvoa de varzim i,plenergy,rua gomes amorim (en 13) n.º 1865,"1,919 €",2026-05-15_dgeg_postos_raw.csv,9b9de1351bd845a3
2026-05-15,2026-05-15 14:31:32,2026-05-12 11:00:00,ef330c5046b73556,ef330c5046b73556_diesel_regular,PLENERGY - PÓVOA DE VARZIM I,PLENERGY,diesel_regular,Gasóleo simples,Outro,1.889,Póvoa de Varzim,Porto,Rua Gomes Amorim (EN 13) n.º 1865,Póvoa de Varzim,4490-001,41.39857,-8.767058,plenergy - póvoa de varzim i,plenergy,rua gomes amorim (en 13) n.º 1865,"1,889 €",2026-05-15_dgeg_postos_raw.csv,49c144adb5e4f285
2026-05-15,2026-05-15 14:31:32,2026-05-12 11:00:00,ef330c5046b73556,ef330c5046b73556_gasoline_95,PLENERGY - PÓVOA DE VARZIM I,PLENERGY,gasoline_95,Gasolina simples 95,Outro,1.879,Póvoa de Varzim,Porto,Rua Gomes Amorim (EN 13) n.º 1865,Póvoa de Varzim,4490-001,41.39857,-8.767058,plenergy - póvoa de varzim i,plenergy,rua gomes amorim (en 13) n.º 1865,"1,879 €",2026-05-15_dgeg_postos_raw.csv,52b6762242e75e6b
2026-05-15,2026-05-15 14:31:32,2026-05-12 11:00:00,fc13d154d2933560,fc13d154d2933560_diesel_regular,PLENERGY Viana do Castelo I,PLENERGY,diesel_regular,Gasóleo simples,Outro,1.919,Viana do Castelo,Viana do Castelo,Variante à N203,Viana do Castelo,4935-238,41.68191,-8.779241,plenergy viana do castelo i,plenergy,variante à n203,"1,919 €",2026-05-15_dgeg_postos_raw.csv,c4ab12d9a0499ef4
2026-05-15,2026-05-15 14:31:32,2026-05-12 11:00:00,fc13d154d2933560,fc13d154d2933560_diesel_premium,PLENERGY Viana do Castelo I,PLENERGY,diesel_premium,Gasóleo especial,Outro,1.949,Viana do Castelo,Viana do Castelo,Variante à N203,Viana do Castelo,4935-238,41.68191,-8.779241,plenergy viana do castelo i,plenergy,variante à n203,"1,949 €",2026-05-15_dgeg_postos_raw.csv,9e2f9ad5cb3a814f
2026-05-15,2026-05-15 14:31:32,2026-05-12 11:00:00,fc13d154d2933560,fc13d154d2933560_gasoline_95,PLENERGY Viana do Castelo I,PLENERGY,gasoline_95,Gasolina simples 95,Outro,1.919,Viana do Castelo,Viana do Castelo,Variante à N203,Viana do Castelo,4935-238,41.68191,-8.779241,plenergy viana do castelo i,plenergy,variante à n203,"1,919 €",2026-05-15_dgeg_postos_raw.csv,82a4406fa0cd18dc
2026-05-15,2026-05-15 14:31:32,2026-05-12 11:00:00,2034315eb7b6abe6,2034315eb7b6abe6_diesel_regular,BP CHÃO DA FEIRA,BP,diesel_regular,Gasóleo simples,Outro,2.109,Porto de Mós,Leiria,"EN 1, Km 107,4",Chão da Feira,2480-062,39.624098,-8.85721,bp chão da feira,bp,"en 1, km 107,4","2,109 €",2026-05-15_dgeg_postos_raw.csv,83a53c244c927a01
2026-05-15,2026-05-15 14:31:32,2026-05-12 11:00:00,2034315eb7b6abe6,2034315eb7b6abe6_diesel_premium,BP CHÃO DA FEIRA,BP,diesel_premium,Gasóleo especial,Outro,2.229,Porto de Mós,Leiria,"EN 1, Km 107,4",Chão da Feira,2480-062,39.624098,-8.85721,bp chão da feira,bp,"en 1, km 107,4","2,229 €",2026-05-15_dgeg_postos_raw.csv,c1a369be9626706a
2026-05-15,2026-05-15 14:31:32,2026-05-12 11:00:00,2034315eb7b6abe6,2034315eb7b6abe6_gasoline_95,BP CHÃO DA FEIRA,BP,gasoline_95,Gasolina simples 95,Outro,2.099,Porto de Mós,Leiria,"EN 1, Km 107,4",Chão da Feira,2480-062,39.624098,-8.85721,bp chão da feira,bp,"en 1, km 107,4","2,099 €",2026-05-15_dgeg_postos_raw.csv,300f0175b8877f9a
2026-05-15,2026-05-15 14:31:32,2026-05-12 11:05:00,ba57c117bd212129,ba57c117bd212129_diesel_regular,MOLEANOS,BP,diesel_regular,Gasóleo simples,Outro,2.109,Alcobaça,Leiria,EN 1 Km 95,Moleanos,2460-615,39.52482,-8.91063,moleanos,bp,en 1 km 95,"2,109 €",2026-05-15_dgeg_postos_raw.csv,01d3e9875a3f9445
2026-05-15,2026-05-15 14:31:32,2026-05-12 11:05:00,ba57c117bd212129,ba57c117bd212129_diesel_premium,MOLEANOS,BP,diesel_premium,Gasóleo especial,Outro,2.229,Alcobaça,Leiria,EN 1 Km 95,Moleanos,2460-615,39.52482,-8.91063,moleanos,bp,en 1 km 95,"2,229 €",2026-05-15_dgeg_postos_raw.csv,7cd6babd258b6c1d
2026-05-15,2026-05-15 14:31:32,2026-05-12 11:05:00,ba57c117bd212129,ba57c117bd212129_gasoline_95,MOLEANOS,BP,gasoline_95,Gasolina simples 95,Outro,2.099,Alcobaça,Leiria,EN 1 Km 95,Moleanos,2460-615,39.52482,-8.91063,moleanos,bp,en 1 km 95,"2,099 €",2026-05-15_dgeg_postos_raw.csv,fb8a15b1aa74c8be
2026-05-15,2026-05-15 14:31:32,2026-05-12 11:10:00,1cef3409661074f5,1cef3409661074f5_diesel_regular,GASPE - Fajões,GASPE,diesel_regular,Gasóleo simples,Outro,1.889,Oliveira de Azeméis,Aveiro,"R. dos Bombeiros Voluntários, 208",Fajões,3700-660,40.91811965,-8.42595511,gaspe - fajões,gaspe,"r. dos bombeiros voluntários, 208","1,889 €",2026-05-15_dgeg_postos_raw.csv,5c341f01e9a6725b
2026-05-15,2026-05-15 14:31:32,2026-05-12 11:10:00,1cef3409661074f5,1cef3409661074f5_diesel_premium,GASPE - Fajões,GASPE,diesel_premium,Gasóleo especial,Outro,1.929,Oliveira de Azeméis,Aveiro,"R. dos Bombeiros Voluntários, 208",Fajões,3700-660,40.91811965,-8.42595511,gaspe - fajões,gaspe,"r. dos bombeiros voluntários, 208","1,929 €",2026-05-15_dgeg_postos_raw.csv,8e048adaa985d944
2026-05-15,2026-05-15 14:31:32,2026-05-12 11:10:00,1cef3409661074f5,1cef3409661074f5_gasoline_95,GASPE - Fajões,GASPE,gasoline_95,Gasolina simples 95,Outro,1.889,Oliveira de Azeméis,Aveiro,"R. dos Bombeiros Voluntários, 208",Fajões,3700-660,40.91811965,-8.42595511,gaspe - fajões,gaspe,"r. dos bombeiros voluntários, 208","1,889 €",2026-05-15_dgeg_postos_raw.csv,71a85a2c3203a03e
2026-05-15,2026-05-15 14:31:32,2026-05-12 11:10:00,46c8a846bd978a17,46c8a846bd978a17_diesel_regular,GALP Silves,GALP,diesel_regular,Gasóleo simples,Outro,2.055,Silves,Faro,"EN124 ao km.17,900",Silves,8300-111,37.185993,-8.443821,galp silves,galp,"en124 ao km.17,900","2,055 €",2026-05-15_dgeg_postos_raw.csv,55c8fcecf0a478dd
2026-05-15,2026-05-15 14:31:32,2026-05-12 11:10:00,46c8a846bd978a17,46c8a846bd978a17_diesel_premium,GALP Silves,GALP,diesel_premium,Gasóleo especial,Outro,2.105,Silves,Faro,"EN124 ao km.17,900",Silves,8300-111,37.185993,-8.443821,galp silves,galp,"en124 ao km.17,900","2,105 €",2026-05-15_dgeg_postos_raw.csv,cec2f14f366a7df3
2026-05-15,2026-05-15 14:31:32,2026-05-12 11:10:00,46c8a846bd978a17,46c8a846bd978a17_gasoline_95,GALP Silves,GALP,gasoline_95,Gasolina simples 95,Outro,2.051,Silves,Faro,"EN124 ao km.17,900",Silves,8300-111,37.185993,-8.443821,galp silves,galp,"en124 ao km.17,900","2,051 €",2026-05-15_dgeg_postos_raw.csv,1318bc3c8d1a9d62
2026-05-15,2026-05-15 14:31:32,2026-05-12 11:15:00,d72676dd15c4884f,d72676dd15c4884f_diesel_regular,INTERMARCHÉ CHARNECA/SOBREDA,INTERMARCHÉ,diesel_regular,Gasóleo simples,Outro,1.955,Almada,Setúbal,"Estr. Qta. da Carcereira, 22",Vale Figueira,2820-246,38.631201,-9.176822,intermarché charneca/sobreda,intermarché,"estr. qta. da carcereira, 22","1,955 €",2026-05-15_dgeg_postos_raw.csv,0c2c00719e9a523f
2026-05-15,2026-05-15 14:31:32,2026-05-12 11:15:00,d72676dd15c4884f,d72676dd15c4884f_diesel_premium,INTERMARCHÉ CHARNECA/SOBREDA,INTERMARCHÉ,diesel_premium,Gasóleo especial,Outro,1.995,Almada,Setúbal,"Estr. Qta. da Carcereira, 22",Vale Figueira,2820-246,38.631201,-9.176822,intermarché charneca/sobreda,intermarché,"estr. qta. da carcereira, 22","1,995 €",2026-05-15_dgeg_postos_raw.csv,f5b1bd43a06b7206
2026-05-15,2026-05-15 14:31:32,2026-05-12 11:15:00,d72676dd15c4884f,d72676dd15c4884f_gasoline_95,INTERMARCHÉ CHARNECA/SOBREDA,INTERMARCHÉ,gasoline_95,Gasolina simples 95,Outro,1.953,Almada,Setúbal,"Estr. Qta. da Carcereira, 22",Vale Figueira,2820-246,38.631201,-9.176822,intermarché charneca/sobreda,intermarché,"estr. qta. da carcereira, 22","1,953 €",2026-05-15_dgeg_postos_raw.csv,68cc27e8e7dbe57b
2026-05-15,2026-05-15 14:31:32,2026-05-12 11:15:00,ad21dafa4c0959f0,ad21dafa4c0959f0_diesel_regular,VALADA,BP,diesel_regular,Gasóleo simples,Outro,2.099,Cartaxo,Santarém,Estrada Nacional 3-3,Valada,2070-512,39.0794,-8.76367,valada,bp,estrada nacional 3-3,"2,099 €",2026-05-15_dgeg_postos_raw.csv,d2389a63498d15dd
2026-05-15,2026-05-15 14:31:32,2026-05-12 11:15:00,ad21dafa4c0959f0,ad21dafa4c0959f0_gasoline_95,VALADA,BP,gasoline_95,Gasolina simples 95,Outro,2.089,Cartaxo,Santarém,Estrada Nacional 3-3,Valada,2070-512,39.0794,-8.76367,valada,bp,estrada nacional 3-3,"2,089 €",2026-05-15_dgeg_postos_raw.csv,97b06deeb344b6ec
2026-05-15,2026-05-15 14:31:32,2026-05-12 11:20:00,96a38f79c7725f87,96a38f79c7725f87_diesel_regular,ENCANTANGULAR COMBUSTIVEIS,CEPSA,diesel_regular,Gasóleo simples,Outro,1.999,Felgueiras,Porto,Lugar de Rapadiça,Revinhade,4650-373,41.33841,-8.26672,encantangular combustiveis,cepsa,lugar de rapadiça,"1,999 €",2026-05-15_dgeg_postos_raw.csv,59fcef32ad6a03f2
2026-05-15,2026-05-15 14:31:32,2026-05-12 11:20:00,96a38f79c7725f87,96a38f79c7725f87_diesel_premium,ENCANTANGULAR COMBUSTIVEIS,CEPSA,diesel_premium,Gasóleo especial,Outro,2.086,Felgueiras,Porto,Lugar de Rapadiça,Revinhade,4650-373,41.33841,-8.26672,encantangular combustiveis,cepsa,lugar de rapadiça,"2,086 €",2026-05-15_dgeg_postos_raw.csv,da5e17501b95efec
2026-05-15,2026-05-15 14:31:32,2026-05-12 11:20:00,96a38f79c7725f87,96a38f79c7725f87_gasoline_95,ENCANTANGULAR COMBUSTIVEIS,CEPSA,gasoline_95,Gasolina simples 95,Outro,1.999,Felgueiras,Porto,Lugar de Rapadiça,Revinhade,4650-373,41.33841,-8.26672,encantangular combustiveis,cepsa,lugar de rapadiça,"1,999 €",2026-05-15_dgeg_postos_raw.csv,fa22df62465931a5
2026-05-15,2026-05-15 14:31:32,2026-05-12 11:25:00,361480c3cc8902bd,361480c3cc8902bd_diesel_regular,GALP  A dos Francos,GALP,diesel_regular,Gasóleo simples,Outro,2.03,Caldas da Rainha,Leiria,"Rua Professora Custódia Nogueira, 75",A dos Francos,2500-038,39.319412,-9.042718,galp a dos francos,galp,"rua professora custódia nogueira, 75","2,030 €",2026-05-15_dgeg_postos_raw.csv,276401e3a8659344
2026-05-15,2026-05-15 14:31:32,2026-05-12 11:25:00,361480c3cc8902bd,361480c3cc8902bd_gasoline_95,GALP  A dos Francos,GALP,gasoline_95,Gasolina simples 95,Outro,2.02,Caldas da Rainha,Leiria,"Rua Professora Custódia Nogueira, 75",A dos Francos,2500-038,39.319412,-9.042718,galp a dos francos,galp,"rua professora custódia nogueira, 75","2,020 €",2026-05-15_dgeg_postos_raw.csv,54351b9f9daf4417
2026-05-15,2026-05-15 14:31:32,2026-05-12 11:25:00,361480c3cc8902bd,361480c3cc8902bd_diesel_premium,GALP  A dos Francos,GALP,diesel_premium,Gasóleo especial,Outro,2.08,Caldas da Rainha,Leiria,"Rua Professora Custódia Nogueira, 75",A dos Francos,2500-038,39.319412,-9.042718,galp a dos francos,galp,"rua professora custódia nogueira, 75","2,080 €",2026-05-15_dgeg_postos_raw.csv,f8be28cd3f33e1f8
2026-05-15,2026-05-15 14:31:32,2026-05-12 11:25:00,ae832c89e89c7e8d,ae832c89e89c7e8d_diesel_regular,REDE ENERGIA Leiria Centro,REDE ENERGIA,diesel_regular,Gasóleo simples,Outro,1.895,Leiria,Leiria,"Rua Capitão Mouzinho de Albuquerque, 70",Leiria,2400-193,39.747562,-8.805167,rede energia leiria centro,rede energia,"rua capitão mouzinho de albuquerque, 70","1,895 €",2026-05-15_dgeg_postos_raw.csv,64d1dfe561113030
2026-05-15,2026-05-15 14:31:32,2026-05-12 11:25:00,ae832c89e89c7e8d,ae832c89e89c7e8d_gasoline_95,REDE ENERGIA Leiria Centro,REDE ENERGIA,gasoline_95,Gasolina simples 95,Outro,1.91,Leiria,Leiria,"Rua Capitão Mouzinho de Albuquerque, 70",Leiria,2400-193,39.747562,-8.805167,rede energia leiria centro,rede energia,"rua capitão mouzinho de albuquerque, 70","1,910 €",2026-05-15_dgeg_postos_raw.csv,8f8cdfc0144d38cf
2026-05-15,2026-05-15 14:31:32,2026-05-12 11:25:00,ae832c89e89c7e8d,ae832c89e89c7e8d_diesel_premium,REDE ENERGIA Leiria Centro,REDE ENERGIA,diesel_premium,Gasóleo especial,Outro,1.945,Leiria,Leiria,"Rua Capitão Mouzinho de Albuquerque, 70",Leiria,2400-193,39.747562,-8.805167,rede energia leiria centro,rede energia,"rua capitão mouzinho de albuquerque, 70","1,945 €",2026-05-15_dgeg_postos_raw.csv,b96b97246740f38f
2026-05-15,2026-05-15 14:31:32,2026-05-12 11:35:00,dcbff14d043e4050,dcbff14d043e4050_diesel_premium,E. LECLERC BARCELOS,LECLERC,diesel_premium,Gasóleo especial,Outro,1.909,Barcelos,Braga,"Rua Irmão Martinho Corral Alcalde, nº 175 Barcelinhos",Barcelos,4755-054,41.5211,-8.60856,e. leclerc barcelos,leclerc,"rua irmão martinho corral alcalde, nº 175 barcelinhos","1,909 €",2026-05-15_dgeg_postos_raw.csv,ea92dcddd3eec4f0
2026-05-15,2026-05-15 14:31:32,2026-05-12 11:35:00,dcbff14d043e4050,dcbff14d043e4050_diesel_regular,E. LECLERC BARCELOS,LECLERC,diesel_regular,Gasóleo simples,Outro,1.879,Barcelos,Braga,"Rua Irmão Martinho Corral Alcalde, nº 175 Barcelinhos",Barcelos,4755-054,41.5211,-8.60856,e. leclerc barcelos,leclerc,"rua irmão martinho corral alcalde, nº 175 barcelinhos","1,879 €",2026-05-15_dgeg_postos_raw.csv,d04405677cf54315
2026-05-15,2026-05-15 14:31:32,2026-05-12 11:35:00,dcbff14d043e4050,dcbff14d043e4050_gasoline_95,E. LECLERC BARCELOS,LECLERC,gasoline_95,Gasolina simples 95,Outro,1.885,Barcelos,Braga,"Rua Irmão Martinho Corral Alcalde, nº 175 Barcelinhos",Barcelos,4755-054,41.5211,-8.60856,e. leclerc barcelos,leclerc,"rua irmão martinho corral alcalde, nº 175 barcelinhos","1,885 €",2026-05-15_dgeg_postos_raw.csv,0bc85d6e9a072ec2
2026-05-15,2026-05-15 14:31:32,2026-05-12 11:35:00,06039e1212a6bffa,06039e1212a6bffa_diesel_regular,BP Valongo,BP,diesel_regular,Gasóleo simples,Outro,2.049,Valongo,Porto,Rua Central de Campo,Valongo,4440-038,41.182166,-8.464255,bp valongo,bp,rua central de campo,"2,049 €",2026-05-15_dgeg_postos_raw.csv,3cc315d806a707bd
2026-05-15,2026-05-15 14:31:32,2026-05-12 11:35:00,06039e1212a6bffa,06039e1212a6bffa_diesel_premium,BP Valongo,BP,diesel_premium,Gasóleo especial,Outro,2.229,Valongo,Porto,Rua Central de Campo,Valongo,4440-038,41.182166,-8.464255,bp valongo,bp,rua central de campo,"2,229 €",2026-05-15_dgeg_postos_raw.csv,398ee83fa3780842
2026-05-15,2026-05-15 14:31:32,2026-05-12 11:35:00,06039e1212a6bffa,06039e1212a6bffa_gasoline_95,BP Valongo,BP,gasoline_95,Gasolina simples 95,Outro,2.049,Valongo,Porto,Rua Central de Campo,Valongo,4440-038,41.182166,-8.464255,bp valongo,bp,rua central de campo,"2,049 €",2026-05-15_dgeg_postos_raw.csv,29876c51c843f015
2026-05-15,2026-05-15 14:31:32,2026-05-12 11:35:00,06039e1212a6bffa,06039e1212a6bffa_gasoline_98,BP Valongo,BP,gasoline_98,Gasolina especial 98,Outro,2.299,Valongo,Porto,Rua Central de Campo,Valongo,4440-038,41.182166,-8.464255,bp valongo,bp,rua central de campo,"2,299 €",2026-05-15_dgeg_postos_raw.csv,f8c1847be4899226
2026-05-15,2026-05-15 14:31:32,2026-05-12 11:45:00,dcaedd7f9b5d9569,dcaedd7f9b5d9569_gasoline_95,PLENERGY Cartaxo I,PLENERGY,gasoline_95,Gasolina simples 95,Outro,1.919,Cartaxo,Santarém,"Urbanização Vinha do Lopes, lote 4 – EN 3, Vila Chã de Ourique",Cartaxo,2070-085,39.165535,-8.781746,plenergy cartaxo i,plenergy,"urbanização vinha do lopes, lote 4 – en 3, vila chã de ourique","1,919 €",2026-05-15_dgeg_postos_raw.csv,22f08ebcb4e4a2e9
2026-05-15,2026-05-15 14:31:32,2026-05-12 11:45:00,dcaedd7f9b5d9569,dcaedd7f9b5d9569_diesel_regular,PLENERGY Cartaxo I,PLENERGY,diesel_regular,Gasóleo simples,Outro,1.919,Cartaxo,Santarém,"Urbanização Vinha do Lopes, lote 4 – EN 3, Vila Chã de Ourique",Cartaxo,2070-085,39.165535,-8.781746,plenergy cartaxo i,plenergy,"urbanização vinha do lopes, lote 4 – en 3, vila chã de ourique","1,919 €",2026-05-15_dgeg_postos_raw.csv,3c63c25dae719392
2026-05-15,2026-05-15 14:31:32,2026-05-12 11:45:00,dcaedd7f9b5d9569,dcaedd7f9b5d9569_diesel_premium,PLENERGY Cartaxo I,PLENERGY,diesel_premium,Gasóleo especial,Outro,1.959,Cartaxo,Santarém,"Urbanização Vinha do Lopes, lote 4 – EN 3, Vila Chã de Ourique",Cartaxo,2070-085,39.165535,-8.781746,plenergy cartaxo i,plenergy,"urbanização vinha do lopes, lote 4 – en 3, vila chã de ourique","1,959 €",2026-05-15_dgeg_postos_raw.csv,96cfaa668b87bf86
2026-05-15,2026-05-15 14:31:32,2026-05-12 11:50:00,6820301f2c14020e,6820301f2c14020e_diesel_premium,"Samor-Sociedade de Combustíveis e Acessórios para Automóveis,Lda",REDE ENERGIA,diesel_premium,Gasóleo especial,Outro,2.049,Estremoz,Évora,Rossio Marquês de Pombal nº63,Estremoz,7100-513,38.84237,-7.58474,"samor-sociedade de combustíveis e acessórios para automóveis,lda",rede energia,rossio marquês de pombal nº63,"2,049 €",2026-05-15_dgeg_postos_raw.csv,2f3a1f162c922fff
2026-05-15,2026-05-15 14:31:32,2026-05-12 11:50:00,6820301f2c14020e,6820301f2c14020e_diesel_regular,"Samor-Sociedade de Combustíveis e Acessórios para Automóveis,Lda",REDE ENERGIA,diesel_regular,Gasóleo simples,Outro,2.029,Estremoz,Évora,Rossio Marquês de Pombal nº63,Estremoz,7100-513,38.84237,-7.58474,"samor-sociedade de combustíveis e acessórios para automóveis,lda",rede energia,rossio marquês de pombal nº63,"2,029 €",2026-05-15_dgeg_postos_raw.csv,a463bbb450bb5e2d
2026-05-15,2026-05-15 14:31:32,2026-05-12 11:50:00,6820301f2c14020e,6820301f2c14020e_gasoline_95,"Samor-Sociedade de Combustíveis e Acessórios para Automóveis,Lda",REDE ENERGIA,gasoline_95,Gasolina simples 95,Outro,2.049,Estremoz,Évora,Rossio Marquês de Pombal nº63,Estremoz,7100-513,38.84237,-7.58474,"samor-sociedade de combustíveis e acessórios para automóveis,lda",rede energia,rossio marquês de pombal nº63,"2,049 €",2026-05-15_dgeg_postos_raw.csv,095ced518f6e1aaf
2026-05-15,2026-05-15 14:31:32,2026-05-12 11:55:00,259ffb2292ca92e8,259ffb2292ca92e8_gasoline_98,MOEVE OLHÃO II,MOEVE,gasoline_98,Gasolina especial 98,Outro,2.19,Olhão,Faro,zona industrial olhao lote 233,Olhão,8700-281,37.029327,-7.830433,moeve olhão ii,moeve,zona industrial olhao lote 233,"2,190 €",2026-05-15_dgeg_postos_raw.csv,2c1b5376ccf6d9bd
2026-05-15,2026-05-15 14:31:32,2026-05-12 12:00:00,bab2a8012c15ccf4,bab2a8012c15ccf4_diesel_regular,E.S. ALVIOBEIRA,REPSOL,diesel_regular,Gasóleo simples,Outro,2.049,Tomar,Santarém,Entroncamento de Cima,Pintado,2300-000,39.66676,-8.3645,e.s. alviobeira,repsol,entroncamento de cima,"2,049 €",2026-05-15_dgeg_postos_raw.csv,3e5d588de7257619
2026-05-15,2026-05-15 14:31:32,2026-05-12 12:00:00,bab2a8012c15ccf4,bab2a8012c15ccf4_diesel_premium,E.S. ALVIOBEIRA,REPSOL,diesel_premium,Gasóleo especial,Outro,2.099,Tomar,Santarém,Entroncamento de Cima,Pintado,2300-000,39.66676,-8.3645,e.s. alviobeira,repsol,entroncamento de cima,"2,099 €",2026-05-15_dgeg_postos_raw.csv,739119266ed02f58
2026-05-15,2026-05-15 14:31:32,2026-05-12 12:00:00,bab2a8012c15ccf4,bab2a8012c15ccf4_gasoline_95,E.S. ALVIOBEIRA,REPSOL,gasoline_95,Gasolina simples 95,Outro,2.047,Tomar,Santarém,Entroncamento de Cima,Pintado,2300-000,39.66676,-8.3645,e.s. alviobeira,repsol,entroncamento de cima,"2,047 €",2026-05-15_dgeg_postos_raw.csv,4e34b8adb992a208
2026-05-15,2026-05-15 14:31:32,2026-05-12 12:00:00,bab2a8012c15ccf4,bab2a8012c15ccf4_gasoline_98,E.S. ALVIOBEIRA,REPSOL,gasoline_98,Gasolina especial 98,Outro,2.217,Tomar,Santarém,Entroncamento de Cima,Pintado,2300-000,39.66676,-8.3645,e.s. alviobeira,repsol,entroncamento de cima,"2,217 €",2026-05-15_dgeg_postos_raw.csv,7c3080b726b6a51b
2026-05-15,2026-05-15 14:31:32,2026-05-12 12:00:00,e607d366a181d0c4,e607d366a181d0c4_diesel_regular,Intermarché de Massamá,INTERMARCHÉ,diesel_regular,Gasóleo simples,Outro,1.899,Sintra,Lisboa,Av. Salgueiro Maia Lote 189,Belas,2605-229,38.76769,-9.27852,intermarché de massamá,intermarché,av. salgueiro maia lote 189,"1,899 €",2026-05-15_dgeg_postos_raw.csv,8eacc30cc1d0722d
2026-05-15,2026-05-15 14:31:32,2026-05-12 12:00:00,e607d366a181d0c4,e607d366a181d0c4_diesel_premium,Intermarché de Massamá,INTERMARCHÉ,diesel_premium,Gasóleo especial,Outro,1.929,Sintra,Lisboa,Av. Salgueiro Maia Lote 189,Belas,2605-229,38.76769,-9.27852,intermarché de massamá,intermarché,av. salgueiro maia lote 189,"1,929 €",2026-05-15_dgeg_postos_raw.csv,610d7ec0dcd1dca2
2026-05-15,2026-05-15 14:31:32,2026-05-12 12:00:00,e607d366a181d0c4,e607d366a181d0c4_gasoline_95,Intermarché de Massamá,INTERMARCHÉ,gasoline_95,Gasolina simples 95,Outro,1.949,Sintra,Lisboa,Av. Salgueiro Maia Lote 189,Belas,2605-229,38.76769,-9.27852,intermarché de massamá,intermarché,av. salgueiro maia lote 189,"1,949 €",2026-05-15_dgeg_postos_raw.csv,4d8d6537842690f3
2026-05-15,2026-05-15 14:31:32,2026-05-12 12:00:00,5eb46ddf89dc2c7b,5eb46ddf89dc2c7b_diesel_regular,PA São Bento,Genérico,diesel_regular,Gasóleo simples,Outro,2.049,Porto de Mós,Leiria,Rua Luis de Camões nº 682,São Bento,2480-142,39.52379,-8.7893,pa são bento,genérico,rua luis de camões nº 682,"2,049 €",2026-05-15_dgeg_postos_raw.csv,6146cae7eefa452e
2026-05-15,2026-05-15 14:31:32,2026-05-12 12:00:00,5eb46ddf89dc2c7b,5eb46ddf89dc2c7b_diesel_premium,PA São Bento,Genérico,diesel_premium,Gasóleo especial,Outro,2.074,Porto de Mós,Leiria,Rua Luis de Camões nº 682,São Bento,2480-142,39.52379,-8.7893,pa são bento,genérico,rua luis de camões nº 682,"2,074 €",2026-05-15_dgeg_postos_raw.csv,bf6687aed226cde3
2026-05-15,2026-05-15 14:31:32,2026-05-12 12:00:00,5eb46ddf89dc2c7b,5eb46ddf89dc2c7b_gasoline_95,PA São Bento,Genérico,gasoline_95,Gasolina simples 95,Outro,1.999,Porto de Mós,Leiria,Rua Luis de Camões nº 682,São Bento,2480-142,39.52379,-8.7893,pa são bento,genérico,rua luis de camões nº 682,"1,999 €",2026-05-15_dgeg_postos_raw.csv,2869adb247af98cc
2026-05-15,2026-05-15 14:31:32,2026-05-12 12:00:00,a678efb33ca90223,a678efb33ca90223_gasoline_95,PLENERGY -  MATOSINHOS I,PLENERGY,gasoline_95,Gasolina simples 95,Outro,1.879,Matosinhos,Porto,"Avenida Arquiteto Alcino Soutinho, 592, 4455-790 Santa Cruz do Bispo",Santa Cruz do Bispo,4455-790,41.209568,-8.683022,plenergy - matosinhos i,plenergy,"avenida arquiteto alcino soutinho, 592, 4455-790 santa cruz do bispo","1,879 €",2026-05-15_dgeg_postos_raw.csv,20182d54f47bac51
2026-05-15,2026-05-15 14:31:32,2026-05-12 12:00:00,a678efb33ca90223,a678efb33ca90223_diesel_regular,PLENERGY -  MATOSINHOS I,PLENERGY,diesel_regular,Gasóleo simples,Outro,1.869,Matosinhos,Porto,"Avenida Arquiteto Alcino Soutinho, 592, 4455-790 Santa Cruz do Bispo",Santa Cruz do Bispo,4455-790,41.209568,-8.683022,plenergy - matosinhos i,plenergy,"avenida arquiteto alcino soutinho, 592, 4455-790 santa cruz do bispo","1,869 €",2026-05-15_dgeg_postos_raw.csv,cd1580536fdfa8d5
2026-05-15,2026-05-15 14:31:32,2026-05-12 12:00:00,a678efb33ca90223,a678efb33ca90223_diesel_premium,PLENERGY -  MATOSINHOS I,PLENERGY,diesel_premium,Gasóleo especial,Outro,1.919,Matosinhos,Porto,"Avenida Arquiteto Alcino Soutinho, 592, 4455-790 Santa Cruz do Bispo",Santa Cruz do Bispo,4455-790,41.209568,-8.683022,plenergy - matosinhos i,plenergy,"avenida arquiteto alcino soutinho, 592, 4455-790 santa cruz do bispo","1,919 €",2026-05-15_dgeg_postos_raw.csv,61f813bb28936e40
2026-05-15,2026-05-15 14:31:32,2026-05-12 12:15:00,9806ab18f4b25309,9806ab18f4b25309_diesel_regular,Dpp Cesar,DPP,diesel_regular,Gasóleo simples,Outro,1.889,Oliveira de Azeméis,Aveiro,Rua Villa Cesari,Zona Industrial de Cesar,3700-729,40.90267,-8.43973,dpp cesar,dpp,rua villa cesari,"1,889 €",2026-05-15_dgeg_postos_raw.csv,328444a410996ca7
2026-05-15,2026-05-15 14:31:32,2026-05-12 12:15:00,9806ab18f4b25309,9806ab18f4b25309_diesel_premium,Dpp Cesar,DPP,diesel_premium,Gasóleo especial,Outro,1.929,Oliveira de Azeméis,Aveiro,Rua Villa Cesari,Zona Industrial de Cesar,3700-729,40.90267,-8.43973,dpp cesar,dpp,rua villa cesari,"1,929 €",2026-05-15_dgeg_postos_raw.csv,afc3fa229721bf92
2026-05-15,2026-05-15 14:31:32,2026-05-12 12:15:00,9806ab18f4b25309,9806ab18f4b25309_gasoline_95,Dpp Cesar,DPP,gasoline_95,Gasolina simples 95,Outro,1.889,Oliveira de Azeméis,Aveiro,Rua Villa Cesari,Zona Industrial de Cesar,3700-729,40.90267,-8.43973,dpp cesar,dpp,rua villa cesari,"1,889 €",2026-05-15_dgeg_postos_raw.csv,c3a0e5e5204968f7
2026-05-15,2026-05-15 14:31:32,2026-05-12 12:20:00,39d9291c40644777,39d9291c40644777_diesel_regular,Cepsa- BRAGANÇA II,CEPSA,diesel_regular,Gasóleo simples,Outro,1.986,Bragança,Bragança,Av. Cidade da Zamora,Bragança,5300-111,41.807056,-6.754673,cepsa- bragança ii,cepsa,av. cidade da zamora,"1,986 €",2026-05-15_dgeg_postos_raw.csv,f1a4271c0b789ffe
2026-05-15,2026-05-15 14:31:32,2026-05-12 12:20:00,39d9291c40644777,39d9291c40644777_diesel_premium,Cepsa- BRAGANÇA II,CEPSA,diesel_premium,Gasóleo especial,Outro,2.036,Bragança,Bragança,Av. Cidade da Zamora,Bragança,5300-111,41.807056,-6.754673,cepsa- bragança ii,cepsa,av. cidade da zamora,"2,036 €",2026-05-15_dgeg_postos_raw.csv,d1e8059d96b860eb
2026-05-15,2026-05-15 14:31:32,2026-05-12 12:20:00,39d9291c40644777,39d9291c40644777_gasoline_95,Cepsa- BRAGANÇA II,CEPSA,gasoline_95,Gasolina simples 95,Outro,1.978,Bragança,Bragança,Av. Cidade da Zamora,Bragança,5300-111,41.807056,-6.754673,cepsa- bragança ii,cepsa,av. cidade da zamora,"1,978 €",2026-05-15_dgeg_postos_raw.csv,70fcf37d914a46ae
2026-05-15,2026-05-15 14:31:32,2026-05-12 12:30:00,6271673c13927b49,6271673c13927b49_diesel_regular,INTERMARCHE VALPAÇOS,INTERMARCHÉ,diesel_regular,Gasóleo simples,Outro,1.919,Valpaços,Vila Real,"Rua do Freixo, nº 6",Valpaços,5430-424,41.60636,-7.304635,intermarche valpaços,intermarché,"rua do freixo, nº 6","1,919 €",2026-05-15_dgeg_postos_raw.csv,935771551729b118
2026-05-15,2026-05-15 14:31:32,2026-05-12 12:30:00,6271673c13927b49,6271673c13927b49_diesel_premium,INTERMARCHE VALPAÇOS,INTERMARCHÉ,diesel_premium,Gasóleo especial,Outro,1.949,Valpaços,Vila Real,"Rua do Freixo, nº 6",Valpaços,5430-424,41.60636,-7.304635,intermarche valpaços,intermarché,"rua do freixo, nº 6","1,949 €",2026-05-15_dgeg_postos_raw.csv,d75a5ec8725223c9
2026-05-15,2026-05-15 14:31:32,2026-05-12 12:30:00,6271673c13927b49,6271673c13927b49_gasoline_95,INTERMARCHE VALPAÇOS,INTERMARCHÉ,gasoline_95,Gasolina simples 95,Outro,1.909,Valpaços,Vila Real,"Rua do Freixo, nº 6",Valpaços,5430-424,41.60636,-7.304635,intermarche valpaços,intermarché,"rua do freixo, nº 6","1,909 €",2026-05-15_dgeg_postos_raw.csv,3255e047777dbdd4
2026-05-15,2026-05-15 14:31:32,2026-05-12 12:35:00,a5f7ddeedf7e27c5,a5f7ddeedf7e27c5_diesel_regular,Intermarche Mirandela,INTERMARCHÉ,diesel_regular,Gasóleo simples,Outro,1.909,Mirandela,Bragança,Lugar de Vale de Cerdeira - Golfeiras,Mirandela,5370-520,41.4828,-7.19477,intermarche mirandela,intermarché,lugar de vale de cerdeira - golfeiras,"1,909 €",2026-05-15_dgeg_postos_raw.csv,f520d96405e63822
2026-05-15,2026-05-15 14:31:32,2026-05-12 12:35:00,a5f7ddeedf7e27c5,a5f7ddeedf7e27c5_diesel_premium,Intermarche Mirandela,INTERMARCHÉ,diesel_premium,Gasóleo especial,Outro,1.949,Mirandela,Bragança,Lugar de Vale de Cerdeira - Golfeiras,Mirandela,5370-520,41.4828,-7.19477,intermarche mirandela,intermarché,lugar de vale de cerdeira - golfeiras,"1,949 €",2026-05-15_dgeg_postos_raw.csv,62eb3380eee91044
2026-05-15,2026-05-15 14:31:32,2026-05-12 12:35:00,a5f7ddeedf7e27c5,a5f7ddeedf7e27c5_gasoline_95,Intermarche Mirandela,INTERMARCHÉ,gasoline_95,Gasolina simples 95,Outro,1.889,Mirandela,Bragança,Lugar de Vale de Cerdeira - Golfeiras,Mirandela,5370-520,41.4828,-7.19477,intermarche mirandela,intermarché,lugar de vale de cerdeira - golfeiras,"1,889 €",2026-05-15_dgeg_postos_raw.csv,3d969bf269fff53b
2026-05-15,2026-05-15 14:31:32,2026-05-12 12:45:00,787d73ddac2d2be4,787d73ddac2d2be4_diesel_regular,PA Alves Bandeira - AB Cabanas de Viriato,ALVES BANDEIRA,diesel_regular,Gasóleo simples,Outro,2.025,Carregal do Sal,Viseu,"Avenida Dr. Aristides de Sousa Mendes, s/n",Cabanas de Viriato,3430-607,40.473843,-7.976222,pa alves bandeira - ab cabanas de viriato,alves bandeira,"avenida dr. aristides de sousa mendes, s/n","2,025 €",2026-05-15_dgeg_postos_raw.csv,87968e09e6b879fe
2026-05-15,2026-05-15 14:31:32,2026-05-12 12:45:00,787d73ddac2d2be4,787d73ddac2d2be4_diesel_premium,PA Alves Bandeira - AB Cabanas de Viriato,ALVES BANDEIRA,diesel_premium,Gasóleo especial,Outro,2.045,Carregal do Sal,Viseu,"Avenida Dr. Aristides de Sousa Mendes, s/n",Cabanas de Viriato,3430-607,40.473843,-7.976222,pa alves bandeira - ab cabanas de viriato,alves bandeira,"avenida dr. aristides de sousa mendes, s/n","2,045 €",2026-05-15_dgeg_postos_raw.csv,b198dab01efc21e9
2026-05-15,2026-05-15 14:31:32,2026-05-12 12:45:00,787d73ddac2d2be4,787d73ddac2d2be4_gasoline_95,PA Alves Bandeira - AB Cabanas de Viriato,ALVES BANDEIRA,gasoline_95,Gasolina simples 95,Outro,2.031,Carregal do Sal,Viseu,"Avenida Dr. Aristides de Sousa Mendes, s/n",Cabanas de Viriato,3430-607,40.473843,-7.976222,pa alves bandeira - ab cabanas de viriato,alves bandeira,"avenida dr. aristides de sousa mendes, s/n","2,031 €",2026-05-15_dgeg_postos_raw.csv,4a8fe05b9c4f5f00
2026-05-15,2026-05-15 14:31:32,2026-05-12 12:45:00,d5e5320fd5050e5a,d5e5320fd5050e5a_diesel_regular,PA Urrós,Genérico,diesel_regular,Gasóleo simples,Outro,1.995,Mogadouro,Bragança,"Avenida de São Sebastião, nº 67",Urrós,5200-461,41.354706,-6.470283,pa urrós,genérico,"avenida de são sebastião, nº 67","1,995 €",2026-05-15_dgeg_postos_raw.csv,faccf69526c092ee
2026-05-15,2026-05-15 14:31:32,2026-05-12 12:50:00,f2657b96cf805012,f2657b96cf805012_gasoline_95,Posto Abastecimento BP - Torres Novas,BP,gasoline_95,Gasolina simples 95,Outro,2.059,Torres Novas,Santarém,Avenida Andrade Corvo,Torres Novas,2350-463,39.471306,-8.542961,posto abastecimento bp - torres novas,bp,avenida andrade corvo,"2,059 €",2026-05-15_dgeg_postos_raw.csv,311da06ab5ec2bf3
2026-05-15,2026-05-15 14:31:32,2026-05-12 12:50:00,f2657b96cf805012,f2657b96cf805012_diesel_regular,Posto Abastecimento BP - Torres Novas,BP,diesel_regular,Gasóleo simples,Outro,2.069,Torres Novas,Santarém,Avenida Andrade Corvo,Torres Novas,2350-463,39.471306,-8.542961,posto abastecimento bp - torres novas,bp,avenida andrade corvo,"2,069 €",2026-05-15_dgeg_postos_raw.csv,e62953446a552a49
2026-05-15,2026-05-15 14:31:32,2026-05-12 12:50:00,f2657b96cf805012,f2657b96cf805012_diesel_premium,Posto Abastecimento BP - Torres Novas,BP,diesel_premium,Gasóleo especial,Outro,2.229,Torres Novas,Santarém,Avenida Andrade Corvo,Torres Novas,2350-463,39.471306,-8.542961,posto abastecimento bp - torres novas,bp,avenida andrade corvo,"2,229 €",2026-05-15_dgeg_postos_raw.csv,bf0b34e526073783
2026-05-15,2026-05-15 14:31:32,2026-05-12 12:55:00,84bcedd2832ace87,84bcedd2832ace87_diesel_regular,BP Ferreira - Variante,BP,diesel_regular,Gasóleo simples,Outro,2.069,Paços de Ferreira,Porto,"Via do Poder Local, n.º889",Ferreira,4590-901,41.27705,-8.35772,bp ferreira - variante,bp,"via do poder local, n.º889","2,069 €",2026-05-15_dgeg_postos_raw.csv,f4cdb16731c375d7
2026-05-15,2026-05-15 14:31:32,2026-05-12 12:55:00,84bcedd2832ace87,84bcedd2832ace87_diesel_premium,BP Ferreira - Variante,BP,diesel_premium,Gasóleo especial,Outro,2.229,Paços de Ferreira,Porto,"Via do Poder Local, n.º889",Ferreira,4590-901,41.27705,-8.35772,bp ferreira - variante,bp,"via do poder local, n.º889","2,229 €",2026-05-15_dgeg_postos_raw.csv,dd9b7fe800830d51
2026-05-15,2026-05-15 14:31:32,2026-05-12 12:55:00,84bcedd2832ace87,84bcedd2832ace87_gasoline_95,BP Ferreira - Variante,BP,gasoline_95,Gasolina simples 95,Outro,2.059,Paços de Ferreira,Porto,"Via do Poder Local, n.º889",Ferreira,4590-901,41.27705,-8.35772,bp ferreira - variante,bp,"via do poder local, n.º889","2,059 €",2026-05-15_dgeg_postos_raw.csv,66d5c6bad5eabc4c
2026-05-15,2026-05-15 14:31:32,2026-05-12 12:55:00,84bcedd2832ace87,84bcedd2832ace87_gasoline_98,BP Ferreira - Variante,BP,gasoline_98,Gasolina especial 98,Outro,2.299,Paços de Ferreira,Porto,"Via do Poder Local, n.º889",Ferreira,4590-901,41.27705,-8.35772,bp ferreira - variante,bp,"via do poder local, n.º889","2,299 €",2026-05-15_dgeg_postos_raw.csv,daa95d8e6df7d783
2026-05-15,2026-05-15 14:31:32,2026-05-12 12:55:00,2bc869fa6f9bf045,2bc869fa6f9bf045_diesel_regular,BP João XXIII (Este),BP,diesel_regular,Gasóleo simples,Outro,2.069,Paços de Ferreira,Porto,Av. João XXIII nº 151,Paços de Ferreira,4590-515,41.28017,-8.37042,bp joão xxiii (este),bp,av. joão xxiii nº 151,"2,069 €",2026-05-15_dgeg_postos_raw.csv,96416108e223f0fd
2026-05-15,2026-05-15 14:31:32,2026-05-12 12:55:00,2bc869fa6f9bf045,2bc869fa6f9bf045_diesel_premium,BP João XXIII (Este),BP,diesel_premium,Gasóleo especial,Outro,2.229,Paços de Ferreira,Porto,Av. João XXIII nº 151,Paços de Ferreira,4590-515,41.28017,-8.37042,bp joão xxiii (este),bp,av. joão xxiii nº 151,"2,229 €",2026-05-15_dgeg_postos_raw.csv,a1a07dcded9d9ca3
2026-05-15,2026-05-15 14:31:32,2026-05-12 12:55:00,2bc869fa6f9bf045,2bc869fa6f9bf045_gasoline_95,BP João XXIII (Este),BP,gasoline_95,Gasolina simples 95,Outro,2.059,Paços de Ferreira,Porto,Av. João XXIII nº 151,Paços de Ferreira,4590-515,41.28017,-8.37042,bp joão xxiii (este),bp,av. joão xxiii nº 151,"2,059 €",2026-05-15_dgeg_postos_raw.csv,b9483474d75682f2
2026-05-15,2026-05-15 14:31:32,2026-05-12 12:55:00,2bc869fa6f9bf045,2bc869fa6f9bf045_gasoline_98,BP João XXIII (Este),BP,gasoline_98,Gasolina especial 98,Outro,2.299,Paços de Ferreira,Porto,Av. João XXIII nº 151,Paços de Ferreira,4590-515,41.28017,-8.37042,bp joão xxiii (este),bp,av. joão xxiii nº 151,"2,299 €",2026-05-15_dgeg_postos_raw.csv,5ad4d3ef3672914b
2026-05-15,2026-05-15 14:31:32,2026-05-12 12:55:00,178f9ebbdbba0721,178f9ebbdbba0721_diesel_regular,BP João XXIII (Oeste),BP,diesel_regular,Gasóleo simples,Outro,2.069,Paços de Ferreira,Porto,Av. João XXIII nº 192,Paços de Ferreira,4590-515,41.27985,-8.371397,bp joão xxiii (oeste),bp,av. joão xxiii nº 192,"2,069 €",2026-05-15_dgeg_postos_raw.csv,dd8d686fee2d39af
2026-05-15,2026-05-15 14:31:32,2026-05-12 12:55:00,178f9ebbdbba0721,178f9ebbdbba0721_diesel_premium,BP João XXIII (Oeste),BP,diesel_premium,Gasóleo especial,Outro,2.229,Paços de Ferreira,Porto,Av. João XXIII nº 192,Paços de Ferreira,4590-515,41.27985,-8.371397,bp joão xxiii (oeste),bp,av. joão xxiii nº 192,"2,229 €",2026-05-15_dgeg_postos_raw.csv,ebfa74cf9efd9bff
2026-05-15,2026-05-15 14:31:32,2026-05-12 12:55:00,178f9ebbdbba0721,178f9ebbdbba0721_gasoline_95,BP João XXIII (Oeste),BP,gasoline_95,Gasolina simples 95,Outro,2.059,Paços de Ferreira,Porto,Av. João XXIII nº 192,Paços de Ferreira,4590-515,41.27985,-8.371397,bp joão xxiii (oeste),bp,av. joão xxiii nº 192,"2,059 €",2026-05-15_dgeg_postos_raw.csv,0a310d9537725096
2026-05-15,2026-05-15 14:31:32,2026-05-12 12:55:00,178f9ebbdbba0721,178f9ebbdbba0721_gasoline_98,BP João XXIII (Oeste),BP,gasoline_98,Gasolina especial 98,Outro,2.299,Paços de Ferreira,Porto,Av. João XXIII nº 192,Paços de Ferreira,4590-515,41.27985,-8.371397,bp joão xxiii (oeste),bp,av. joão xxiii nº 192,"2,299 €",2026-05-15_dgeg_postos_raw.csv,b1b6eccd17d6a669
2026-05-15,2026-05-15 14:31:32,2026-05-12 13:10:00,3c03b52b9a0f4d73,3c03b52b9a0f4d73_diesel_regular,BP IC2 - POMBAL,BP,diesel_regular,Gasóleo simples,Outro,2.109,Pombal,Leiria,"IC2 - KM148,35 POMBAL",POMBAL,3100-545,39.908627,-8.632954,bp ic2 - pombal,bp,"ic2 - km148,35 pombal","2,109 €",2026-05-15_dgeg_postos_raw.csv,c98aec6d76397015
2026-05-15,2026-05-15 14:31:32,2026-05-12 13:10:00,3c03b52b9a0f4d73,3c03b52b9a0f4d73_diesel_premium,BP IC2 - POMBAL,BP,diesel_premium,Gasóleo especial,Outro,2.224,Pombal,Leiria,"IC2 - KM148,35 POMBAL",POMBAL,3100-545,39.908627,-8.632954,bp ic2 - pombal,bp,"ic2 - km148,35 pombal","2,224 €",2026-05-15_dgeg_postos_raw.csv,74aaff1efa8e2a3a
2026-05-15,2026-05-15 14:31:32,2026-05-12 13:10:00,3c03b52b9a0f4d73,3c03b52b9a0f4d73_gasoline_95,BP IC2 - POMBAL,BP,gasoline_95,Gasolina simples 95,Outro,2.099,Pombal,Leiria,"IC2 - KM148,35 POMBAL",POMBAL,3100-545,39.908627,-8.632954,bp ic2 - pombal,bp,"ic2 - km148,35 pombal","2,099 €",2026-05-15_dgeg_postos_raw.csv,bfd03b65c2162ce1
2026-05-15,2026-05-15 14:31:32,2026-05-12 13:10:00,3c03b52b9a0f4d73,3c03b52b9a0f4d73_gasoline_98,BP IC2 - POMBAL,BP,gasoline_98,Gasolina especial 98,Outro,2.299,Pombal,Leiria,"IC2 - KM148,35 POMBAL",POMBAL,3100-545,39.908627,-8.632954,bp ic2 - pombal,bp,"ic2 - km148,35 pombal","2,299 €",2026-05-15_dgeg_postos_raw.csv,67694dabfe59a180
2026-05-15,2026-05-15 14:31:32,2026-05-12 13:20:00,43e15f3f55b201fa,43e15f3f55b201fa_diesel_regular,BP Aguiar da Beira,BP,diesel_regular,Gasóleo simples,Outro,2.109,Aguiar da Beira,Guarda,"EN 229, km 55,100 - Quinta Lameiras",Pinheiro,3570-180,40.787804,-7.592288,bp aguiar da beira,bp,"en 229, km 55,100 - quinta lameiras","2,109 €",2026-05-15_dgeg_postos_raw.csv,0d322437e30edfeb
2026-05-15,2026-05-15 14:31:32,2026-05-12 13:20:00,43e15f3f55b201fa,43e15f3f55b201fa_diesel_premium,BP Aguiar da Beira,BP,diesel_premium,Gasóleo especial,Outro,2.229,Aguiar da Beira,Guarda,"EN 229, km 55,100 - Quinta Lameiras",Pinheiro,3570-180,40.787804,-7.592288,bp aguiar da beira,bp,"en 229, km 55,100 - quinta lameiras","2,229 €",2026-05-15_dgeg_postos_raw.csv,2591b34afd69ab79
2026-05-15,2026-05-15 14:31:32,2026-05-12 13:20:00,43e15f3f55b201fa,43e15f3f55b201fa_gasoline_95,BP Aguiar da Beira,BP,gasoline_95,Gasolina simples 95,Outro,2.099,Aguiar da Beira,Guarda,"EN 229, km 55,100 - Quinta Lameiras",Pinheiro,3570-180,40.787804,-7.592288,bp aguiar da beira,bp,"en 229, km 55,100 - quinta lameiras","2,099 €",2026-05-15_dgeg_postos_raw.csv,e0dcf3a527a8a5fc
2026-05-15,2026-05-15 14:31:32,2026-05-12 13:20:00,43e15f3f55b201fa,43e15f3f55b201fa_gasoline_98,BP Aguiar da Beira,BP,gasoline_98,Gasolina especial 98,Outro,2.299,Aguiar da Beira,Guarda,"EN 229, km 55,100 - Quinta Lameiras",Pinheiro,3570-180,40.787804,-7.592288,bp aguiar da beira,bp,"en 229, km 55,100 - quinta lameiras","2,299 €",2026-05-15_dgeg_postos_raw.csv,694495a3f5f0cf7a
2026-05-15,2026-05-15 14:31:32,2026-05-12 13:20:00,d5dbf3e1734aa469,d5dbf3e1734aa469_diesel_regular,E.S. PATAIAS,REPSOL,diesel_regular,Gasóleo simples,Outro,2.029,Alcobaça,Leiria,"E.N. 242 - Km 24,650 - Av. Rainha Santa Isabel N.º 255",Pataias,2445-206,39.66632,-9.00369,e.s. pataias,repsol,"e.n. 242 - km 24,650 - av. rainha santa isabel n.º 255","2,029 €",2026-05-15_dgeg_postos_raw.csv,07822f5d7bd0ab2d
2026-05-15,2026-05-15 14:31:32,2026-05-12 13:20:00,d5dbf3e1734aa469,d5dbf3e1734aa469_diesel_premium,E.S. PATAIAS,REPSOL,diesel_premium,Gasóleo especial,Outro,2.089,Alcobaça,Leiria,"E.N. 242 - Km 24,650 - Av. Rainha Santa Isabel N.º 255",Pataias,2445-206,39.66632,-9.00369,e.s. pataias,repsol,"e.n. 242 - km 24,650 - av. rainha santa isabel n.º 255","2,089 €",2026-05-15_dgeg_postos_raw.csv,3760a7c8e5a76af7
2026-05-15,2026-05-15 14:31:32,2026-05-12 13:20:00,d5dbf3e1734aa469,d5dbf3e1734aa469_gasoline_95,E.S. PATAIAS,REPSOL,gasoline_95,Gasolina simples 95,Outro,2.027,Alcobaça,Leiria,"E.N. 242 - Km 24,650 - Av. Rainha Santa Isabel N.º 255",Pataias,2445-206,39.66632,-9.00369,e.s. pataias,repsol,"e.n. 242 - km 24,650 - av. rainha santa isabel n.º 255","2,027 €",2026-05-15_dgeg_postos_raw.csv,3dec843bc7ec5fd0
2026-05-15,2026-05-15 14:31:32,2026-05-12 13:25:00,beccfadde161e372,beccfadde161e372_diesel_regular,ACÁCIO MARQUES GOMES,GALP,diesel_regular,Gasóleo simples,Outro,2.069,Ourém,Santarém,"Rua da várzea n.º18  (EN356 Km 58,4=",Várzea do Bispo - Freixianda,2435-321,39.77116,-8.46383,acácio marques gomes,galp,"rua da várzea n.º18 (en356 km 58,4=","2,069 €",2026-05-15_dgeg_postos_raw.csv,8e7115d81f4a5f59
2026-05-15,2026-05-15 14:31:32,2026-05-12 13:25:00,beccfadde161e372,beccfadde161e372_gasoline_95,ACÁCIO MARQUES GOMES,GALP,gasoline_95,Gasolina simples 95,Outro,2.072,Ourém,Santarém,"Rua da várzea n.º18  (EN356 Km 58,4=",Várzea do Bispo - Freixianda,2435-321,39.77116,-8.46383,acácio marques gomes,galp,"rua da várzea n.º18 (en356 km 58,4=","2,072 €",2026-05-15_dgeg_postos_raw.csv,c90df9cf36346bb8
2026-05-15,2026-05-15 14:31:32,2026-05-12 13:25:00,beccfadde161e372,beccfadde161e372_diesel_premium,ACÁCIO MARQUES GOMES,GALP,diesel_premium,Gasóleo especial,Outro,2.079,Ourém,Santarém,"Rua da várzea n.º18  (EN356 Km 58,4=",Várzea do Bispo - Freixianda,2435-321,39.77116,-8.46383,acácio marques gomes,galp,"rua da várzea n.º18 (en356 km 58,4=","2,079 €",2026-05-15_dgeg_postos_raw.csv,f9f403837276739a
2026-05-15,2026-05-15 14:31:32,2026-05-12 13:40:00,ff705f75ea16b238,ff705f75ea16b238_gasoline_98,BP VILAMOURA,BP,gasoline_98,Gasolina especial 98,Outro,2.299,Loulé,Faro,EM 526,Vilamoura - Retorta,8125-302,37.115239,-8.150029,bp vilamoura,bp,em 526,"2,299 €",2026-05-15_dgeg_postos_raw.csv,34b32bd3ec5a9e63
2026-05-15,2026-05-15 14:31:32,2026-05-12 13:40:00,ff705f75ea16b238,ff705f75ea16b238_diesel_regular,BP VILAMOURA,BP,diesel_regular,Gasóleo simples,Outro,2.109,Loulé,Faro,EM 526,Vilamoura - Retorta,8125-302,37.115239,-8.150029,bp vilamoura,bp,em 526,"2,109 €",2026-05-15_dgeg_postos_raw.csv,c63fec851fa5dc78
2026-05-15,2026-05-15 14:31:32,2026-05-12 13:40:00,ff705f75ea16b238,ff705f75ea16b238_diesel_premium,BP VILAMOURA,BP,diesel_premium,Gasóleo especial,Outro,2.229,Loulé,Faro,EM 526,Vilamoura - Retorta,8125-302,37.115239,-8.150029,bp vilamoura,bp,em 526,"2,229 €",2026-05-15_dgeg_postos_raw.csv,80ae833a632f43d4
2026-05-15,2026-05-15 14:31:32,2026-05-12 13:40:00,ff705f75ea16b238,ff705f75ea16b238_gasoline_95,BP VILAMOURA,BP,gasoline_95,Gasolina simples 95,Outro,2.099,Loulé,Faro,EM 526,Vilamoura - Retorta,8125-302,37.115239,-8.150029,bp vilamoura,bp,em 526,"2,099 €",2026-05-15_dgeg_postos_raw.csv,e25a4cbea94908c8
2026-05-15,2026-05-15 14:31:32,2026-05-12 13:55:00,5d3c826065181387,5d3c826065181387_diesel_regular,Bp-Calendário,BP,diesel_regular,Gasóleo simples,Outro,2.049,Vila Nova de Famalicão,Braga,Rua Dr. Alberto Sampaio nº 1150,Calendário,4760-292,41.40034,-8.53341,bp-calendário,bp,rua dr. alberto sampaio nº 1150,"2,049 €",2026-05-15_dgeg_postos_raw.csv,b522dadd12125e54
2026-05-15,2026-05-15 14:31:32,2026-05-12 13:55:00,5d3c826065181387,5d3c826065181387_diesel_premium,Bp-Calendário,BP,diesel_premium,Gasóleo especial,Outro,2.229,Vila Nova de Famalicão,Braga,Rua Dr. Alberto Sampaio nº 1150,Calendário,4760-292,41.40034,-8.53341,bp-calendário,bp,rua dr. alberto sampaio nº 1150,"2,229 €",2026-05-15_dgeg_postos_raw.csv,f256f6920fe5a034
2026-05-15,2026-05-15 14:31:32,2026-05-12 13:55:00,5d3c826065181387,5d3c826065181387_gasoline_95,Bp-Calendário,BP,gasoline_95,Gasolina simples 95,Outro,2.039,Vila Nova de Famalicão,Braga,Rua Dr. Alberto Sampaio nº 1150,Calendário,4760-292,41.40034,-8.53341,bp-calendário,bp,rua dr. alberto sampaio nº 1150,"2,039 €",2026-05-15_dgeg_postos_raw.csv,6450b223dc33f700
2026-05-15,2026-05-15 14:31:32,2026-05-12 13:55:00,5d3c826065181387,5d3c826065181387_gasoline_98,Bp-Calendário,BP,gasoline_98,Gasolina especial 98,Outro,2.299,Vila Nova de Famalicão,Braga,Rua Dr. Alberto Sampaio nº 1150,Calendário,4760-292,41.40034,-8.53341,bp-calendário,bp,rua dr. alberto sampaio nº 1150,"2,299 €",2026-05-15_dgeg_postos_raw.csv,6b71336924a1f14f
2026-05-15,2026-05-15 14:31:32,2026-05-12 14:00:00,a0d59a643bc90779,a0d59a643bc90779_diesel_regular,Petrin - Santa Clara-a-Velha,PETRIN,diesel_regular,Gasóleo simples,Outro,2.109,Odemira,Beja,Alameda da Índia,Santa Clara-a-Velha,7665-880,37.5134,-8.4768,petrin - santa clara-a-velha,petrin,alameda da índia,"2,109 €",2026-05-15_dgeg_postos_raw.csv,59c35e885fc9d6ef
2026-05-15,2026-05-15 14:31:32,2026-05-12 14:00:00,a0d59a643bc90779,a0d59a643bc90779_diesel_premium,Petrin - Santa Clara-a-Velha,PETRIN,diesel_premium,Gasóleo especial,Outro,2.229,Odemira,Beja,Alameda da Índia,Santa Clara-a-Velha,7665-880,37.5134,-8.4768,petrin - santa clara-a-velha,petrin,alameda da índia,"2,229 €",2026-05-15_dgeg_postos_raw.csv,7381df636f8ea42d
2026-05-15,2026-05-15 14:31:32,2026-05-12 14:00:00,a0d59a643bc90779,a0d59a643bc90779_gasoline_95,Petrin - Santa Clara-a-Velha,PETRIN,gasoline_95,Gasolina simples 95,Outro,2.099,Odemira,Beja,Alameda da Índia,Santa Clara-a-Velha,7665-880,37.5134,-8.4768,petrin - santa clara-a-velha,petrin,alameda da índia,"2,099 €",2026-05-15_dgeg_postos_raw.csv,3391265674793340
2026-05-15,2026-05-15 14:31:32,2026-05-12 14:15:00,aea569bcb0f8ff2b,aea569bcb0f8ff2b_diesel_regular,Intermarché Macedo de Cavaleiros,INTERMARCHÉ,diesel_regular,Gasóleo simples,Área comercial (Hipermercados),1.909,Macedo de Cavaleiros,Bragança,"Lugar do Prado, Rua Camilo Castelo Branco",Macedo de Cavaleiros,5340-211,41.53225,-6.95185,intermarché macedo de cavaleiros,intermarché,"lugar do prado, rua camilo castelo branco","1,909 €",2026-05-15_dgeg_postos_raw.csv,c3e82cfbebca8939
2026-05-15,2026-05-15 14:31:32,2026-05-12 14:15:00,aea569bcb0f8ff2b,aea569bcb0f8ff2b_diesel_premium,Intermarché Macedo de Cavaleiros,INTERMARCHÉ,diesel_premium,Gasóleo especial,Área comercial (Hipermercados),1.929,Macedo de Cavaleiros,Bragança,"Lugar do Prado, Rua Camilo Castelo Branco",Macedo de Cavaleiros,5340-211,41.53225,-6.95185,intermarché macedo de cavaleiros,intermarché,"lugar do prado, rua camilo castelo branco","1,929 €",2026-05-15_dgeg_postos_raw.csv,16848d3ac4a4a9c0
2026-05-15,2026-05-15 14:31:32,2026-05-12 14:15:00,aea569bcb0f8ff2b,aea569bcb0f8ff2b_gasoline_95,Intermarché Macedo de Cavaleiros,INTERMARCHÉ,gasoline_95,Gasolina simples 95,Área comercial (Hipermercados),1.889,Macedo de Cavaleiros,Bragança,"Lugar do Prado, Rua Camilo Castelo Branco",Macedo de Cavaleiros,5340-211,41.53225,-6.95185,intermarché macedo de cavaleiros,intermarché,"lugar do prado, rua camilo castelo branco","1,889 €",2026-05-15_dgeg_postos_raw.csv,eef7139a5717c3df
2026-05-15,2026-05-15 14:31:32,2026-05-12 14:15:00,53f27d33754ff9c5,53f27d33754ff9c5_diesel_regular,BP Av. Republica Este (1),BP,diesel_regular,Gasóleo simples,Outro,2.029,Póvoa de Lanhoso,Braga,Avenida da Republica,Póvoa de Lanhoso,4830-000,41.580902,-8.276455,bp av. republica este (1),bp,avenida da republica,"2,029 €",2026-05-15_dgeg_postos_raw.csv,38ddb2ac6af2c6fc
2026-05-15,2026-05-15 14:31:32,2026-05-12 14:15:00,53f27d33754ff9c5,53f27d33754ff9c5_diesel_premium,BP Av. Republica Este (1),BP,diesel_premium,Gasóleo especial,Outro,2.229,Póvoa de Lanhoso,Braga,Avenida da Republica,Póvoa de Lanhoso,4830-000,41.580902,-8.276455,bp av. republica este (1),bp,avenida da republica,"2,229 €",2026-05-15_dgeg_postos_raw.csv,4af3eba74919b084
2026-05-15,2026-05-15 14:31:32,2026-05-12 14:15:00,53f27d33754ff9c5,53f27d33754ff9c5_gasoline_95,BP Av. Republica Este (1),BP,gasoline_95,Gasolina simples 95,Outro,2.027,Póvoa de Lanhoso,Braga,Avenida da Republica,Póvoa de Lanhoso,4830-000,41.580902,-8.276455,bp av. republica este (1),bp,avenida da republica,"2,027 €",2026-05-15_dgeg_postos_raw.csv,b88e99d6d12e1f21
2026-05-15,2026-05-15 14:31:32,2026-05-12 14:15:00,53f27d33754ff9c5,53f27d33754ff9c5_gasoline_98,BP Av. Republica Este (1),BP,gasoline_98,Gasolina especial 98,Outro,2.299,Póvoa de Lanhoso,Braga,Avenida da Republica,Póvoa de Lanhoso,4830-000,41.580902,-8.276455,bp av. republica este (1),bp,avenida da republica,"2,299 €",2026-05-15_dgeg_postos_raw.csv,b373d36b4cf8da0c
2026-05-15,2026-05-15 14:31:32,2026-05-12 14:20:00,322fa23723029c09,322fa23723029c09_diesel_premium,BP CRATO,BP,diesel_premium,Gasóleo especial,Outro,2.229,Crato,Portalegre,"EN 245 Zona Industrial do Crato, Lote N.º 6",Flor da Rosa,7430-213,39.299081,-7.645296,bp crato,bp,"en 245 zona industrial do crato, lote n.º 6","2,229 €",2026-05-15_dgeg_postos_raw.csv,72fe50fdde9bade9
2026-05-15,2026-05-15 14:31:32,2026-05-12 14:20:00,322fa23723029c09,322fa23723029c09_diesel_regular,BP CRATO,BP,diesel_regular,Gasóleo simples,Outro,2.05,Crato,Portalegre,"EN 245 Zona Industrial do Crato, Lote N.º 6",Flor da Rosa,7430-213,39.299081,-7.645296,bp crato,bp,"en 245 zona industrial do crato, lote n.º 6","2,050 €",2026-05-15_dgeg_postos_raw.csv,6b019e05288adca5
2026-05-15,2026-05-15 14:31:32,2026-05-12 14:20:00,322fa23723029c09,322fa23723029c09_gasoline_95,BP CRATO,BP,gasoline_95,Gasolina simples 95,Outro,2.046,Crato,Portalegre,"EN 245 Zona Industrial do Crato, Lote N.º 6",Flor da Rosa,7430-213,39.299081,-7.645296,bp crato,bp,"en 245 zona industrial do crato, lote n.º 6","2,046 €",2026-05-15_dgeg_postos_raw.csv,4437836e64319b16
2026-05-15,2026-05-15 14:31:32,2026-05-12 14:20:00,322fa23723029c09,322fa23723029c09_gasoline_98,BP CRATO,BP,gasoline_98,Gasolina especial 98,Outro,2.299,Crato,Portalegre,"EN 245 Zona Industrial do Crato, Lote N.º 6",Flor da Rosa,7430-213,39.299081,-7.645296,bp crato,bp,"en 245 zona industrial do crato, lote n.º 6","2,299 €",2026-05-15_dgeg_postos_raw.csv,79f095eb2a0351db
2026-05-15,2026-05-15 14:31:32,2026-05-12 14:20:00,ce3dade192c911a6,ce3dade192c911a6_gasoline_98,BP SÃO LAZARO,BP,gasoline_98,Gasolina especial 98,Outro,2.299,Bragança,Bragança,Av. do Sabor,Bragança - S. Lázaro,5300-000,41.812238,-6.742117,bp são lazaro,bp,av. do sabor,"2,299 €",2026-05-15_dgeg_postos_raw.csv,130744c4d9dff47d
2026-05-15,2026-05-15 14:31:32,2026-05-12 14:20:00,8e83c102278183d4,8e83c102278183d4_gasoline_98,BP Cerdeirinhas,BP,gasoline_98,Gasolina especial 98,Outro,2.299,Vieira do Minho,Braga,"EN 103, Km 68,25",Cerdeirinhas,4850-000,41.6354,-8.18885,bp cerdeirinhas,bp,"en 103, km 68,25","2,299 €",2026-05-15_dgeg_postos_raw.csv,00706da59e02f7ea
2026-05-15,2026-05-15 14:31:32,2026-05-12 14:20:00,44c72b436346bebc,44c72b436346bebc_diesel_regular,PA CEPSA ÍLHAVO,CEPSA,diesel_regular,Gasóleo simples,Outro,1.966,Ílhavo,Aveiro,Rua de Ílhavo,Gafanha da Encarnação,3830-488,40.613533,-8.726525,pa cepsa ílhavo,cepsa,rua de ílhavo,"1,966 €",2026-05-15_dgeg_postos_raw.csv,35015e7c69f2978e
2026-05-15,2026-05-15 14:31:32,2026-05-12 14:20:00,44c72b436346bebc,44c72b436346bebc_diesel_premium,PA CEPSA ÍLHAVO,CEPSA,diesel_premium,Gasóleo especial,Outro,2.016,Ílhavo,Aveiro,Rua de Ílhavo,Gafanha da Encarnação,3830-488,40.613533,-8.726525,pa cepsa ílhavo,cepsa,rua de ílhavo,"2,016 €",2026-05-15_dgeg_postos_raw.csv,03f7887f96ac399d
2026-05-15,2026-05-15 14:31:32,2026-05-12 14:20:00,44c72b436346bebc,44c72b436346bebc_gasoline_95,PA CEPSA ÍLHAVO,CEPSA,gasoline_95,Gasolina simples 95,Outro,1.958,Ílhavo,Aveiro,Rua de Ílhavo,Gafanha da Encarnação,3830-488,40.613533,-8.726525,pa cepsa ílhavo,cepsa,rua de ílhavo,"1,958 €",2026-05-15_dgeg_postos_raw.csv,94f1147c7143603d
2026-05-15,2026-05-15 14:31:32,2026-05-12 14:20:00,8e83c102278183d4,8e83c102278183d4_diesel_regular,BP Cerdeirinhas,BP,diesel_regular,Gasóleo simples,Outro,2.109,Vieira do Minho,Braga,"EN 103, Km 68,25",Cerdeirinhas,4850-000,41.6354,-8.18885,bp cerdeirinhas,bp,"en 103, km 68,25","2,109 €",2026-05-15_dgeg_postos_raw.csv,db6c9c9a97190bb3
2026-05-15,2026-05-15 14:31:32,2026-05-12 14:20:00,8e83c102278183d4,8e83c102278183d4_diesel_premium,BP Cerdeirinhas,BP,diesel_premium,Gasóleo especial,Outro,2.229,Vieira do Minho,Braga,"EN 103, Km 68,25",Cerdeirinhas,4850-000,41.6354,-8.18885,bp cerdeirinhas,bp,"en 103, km 68,25","2,229 €",2026-05-15_dgeg_postos_raw.csv,5b1bee262108b663
2026-05-15,2026-05-15 14:31:32,2026-05-12 14:20:00,8e83c102278183d4,8e83c102278183d4_gasoline_95,BP Cerdeirinhas,BP,gasoline_95,Gasolina simples 95,Outro,2.099,Vieira do Minho,Braga,"EN 103, Km 68,25",Cerdeirinhas,4850-000,41.6354,-8.18885,bp cerdeirinhas,bp,"en 103, km 68,25","2,099 €",2026-05-15_dgeg_postos_raw.csv,8e106c5b4e597c7d
2026-05-15,2026-05-15 14:31:32,2026-05-12 14:20:00,02bd793e3bcfe25e,02bd793e3bcfe25e_diesel_regular,PRIO CANTARIAS,PRIO,diesel_regular,Gasóleo simples,Outro,2.024,Bragança,Bragança,Alto das Cantarias,Zona Industrial,5300-107,41.78112,-6.77907,prio cantarias,prio,alto das cantarias,"2,024 €",2026-05-15_dgeg_postos_raw.csv,b6670aeff48ef03f
2026-05-15,2026-05-15 14:31:32,2026-05-12 14:20:00,02bd793e3bcfe25e,02bd793e3bcfe25e_diesel_premium,PRIO CANTARIAS,PRIO,diesel_premium,Gasóleo especial,Outro,1.979,Bragança,Bragança,Alto das Cantarias,Zona Industrial,5300-107,41.78112,-6.77907,prio cantarias,prio,alto das cantarias,"1,979 €",2026-05-15_dgeg_postos_raw.csv,dccde827eaba25ea
2026-05-15,2026-05-15 14:31:32,2026-05-12 14:20:00,02bd793e3bcfe25e,02bd793e3bcfe25e_gasoline_95,PRIO CANTARIAS,PRIO,gasoline_95,Gasolina simples 95,Outro,1.969,Bragança,Bragança,Alto das Cantarias,Zona Industrial,5300-107,41.78112,-6.77907,prio cantarias,prio,alto das cantarias,"1,969 €",2026-05-15_dgeg_postos_raw.csv,b401c288e6887356
2026-05-15,2026-05-15 14:31:32,2026-05-12 14:20:00,ce3dade192c911a6,ce3dade192c911a6_diesel_regular,BP SÃO LAZARO,BP,diesel_regular,Gasóleo simples,Outro,2.109,Bragança,Bragança,Av. do Sabor,Bragança - S. Lázaro,5300-000,41.812238,-6.742117,bp são lazaro,bp,av. do sabor,"2,109 €",2026-05-15_dgeg_postos_raw.csv,0f2193940866ed41
2026-05-15,2026-05-15 14:31:32,2026-05-12 14:20:00,ce3dade192c911a6,ce3dade192c911a6_diesel_premium,BP SÃO LAZARO,BP,diesel_premium,Gasóleo especial,Outro,2.229,Bragança,Bragança,Av. do Sabor,Bragança - S. Lázaro,5300-000,41.812238,-6.742117,bp são lazaro,bp,av. do sabor,"2,229 €",2026-05-15_dgeg_postos_raw.csv,c0be21e7140fc982
2026-05-15,2026-05-15 14:31:32,2026-05-12 14:20:00,ce3dade192c911a6,ce3dade192c911a6_gasoline_95,BP SÃO LAZARO,BP,gasoline_95,Gasolina simples 95,Outro,2.099,Bragança,Bragança,Av. do Sabor,Bragança - S. Lázaro,5300-000,41.812238,-6.742117,bp são lazaro,bp,av. do sabor,"2,099 €",2026-05-15_dgeg_postos_raw.csv,96e954c9651ddf81
2026-05-15,2026-05-15 14:31:32,2026-05-12 14:20:00,a8eaa75817c0fbbd,a8eaa75817c0fbbd_diesel_regular,PA MOEVE ÁGUEDA,MOEVE,diesel_regular,Gasóleo simples,Outro,1.966,Águeda,Aveiro,Rua João Batista,Travassô,3750-755,40.594254,-8.498242,pa moeve águeda,moeve,rua joão batista,"1,966 €",2026-05-15_dgeg_postos_raw.csv,32b04922a79f94d8
2026-05-15,2026-05-15 14:31:32,2026-05-12 14:20:00,a8eaa75817c0fbbd,a8eaa75817c0fbbd_diesel_premium,PA MOEVE ÁGUEDA,MOEVE,diesel_premium,Gasóleo especial,Outro,2.016,Águeda,Aveiro,Rua João Batista,Travassô,3750-755,40.594254,-8.498242,pa moeve águeda,moeve,rua joão batista,"2,016 €",2026-05-15_dgeg_postos_raw.csv,043ef6fa3886a8c7
2026-05-15,2026-05-15 14:31:32,2026-05-12 14:20:00,a8eaa75817c0fbbd,a8eaa75817c0fbbd_gasoline_95,PA MOEVE ÁGUEDA,MOEVE,gasoline_95,Gasolina simples 95,Outro,1.958,Águeda,Aveiro,Rua João Batista,Travassô,3750-755,40.594254,-8.498242,pa moeve águeda,moeve,rua joão batista,"1,958 €",2026-05-15_dgeg_postos_raw.csv,f1ecc487e05e920b
2026-05-15,2026-05-15 14:31:32,2026-05-12 14:20:00,a4d352dfaf75be19,a4d352dfaf75be19_diesel_premium,BP Mirão,BP,diesel_premium,Gasóleo especial,Outro,2.229,Póvoa de Lanhoso,Braga,Lugar de Mirão,Póvoa de Lanhoso-Galegos,4830-000,41.566048,-8.267545,bp mirão,bp,lugar de mirão,"2,229 €",2026-05-15_dgeg_postos_raw.csv,db11f4e0a32a2390
2026-05-15,2026-05-15 14:31:32,2026-05-12 14:25:00,a4d352dfaf75be19,a4d352dfaf75be19_gasoline_95,BP Mirão,BP,gasoline_95,Gasolina simples 95,Outro,2.027,Póvoa de Lanhoso,Braga,Lugar de Mirão,Póvoa de Lanhoso-Galegos,4830-000,41.566048,-8.267545,bp mirão,bp,lugar de mirão,"2,027 €",2026-05-15_dgeg_postos_raw.csv,7c73c3bf4a3f5b46
2026-05-15,2026-05-15 14:31:32,2026-05-12 14:25:00,a4d352dfaf75be19,a4d352dfaf75be19_gasoline_98,BP Mirão,BP,gasoline_98,Gasolina especial 98,Outro,2.299,Póvoa de Lanhoso,Braga,Lugar de Mirão,Póvoa de Lanhoso-Galegos,4830-000,41.566048,-8.267545,bp mirão,bp,lugar de mirão,"2,299 €",2026-05-15_dgeg_postos_raw.csv,a4d6aa3a7cc5a439
2026-05-15,2026-05-15 14:31:32,2026-05-12 14:25:00,d1019d446cf0eeae,d1019d446cf0eeae_diesel_regular,BP Pisoes,BP,diesel_regular,Gasóleo simples,Outro,2.109,Montalegre,Vila Real,Lugar de Fernamouro\r\n,Pisoes,5470-000,41.75012,-7.87209,bp pisoes,bp,lugar de fernamouro\r\n,"2,109 €",2026-05-15_dgeg_postos_raw.csv,33c6a50e6219fd00
2026-05-15,2026-05-15 14:31:32,2026-05-12 14:25:00,d1019d446cf0eeae,d1019d446cf0eeae_diesel_premium,BP Pisoes,BP,diesel_premium,Gasóleo especial,Outro,2.229,Montalegre,Vila Real,Lugar de Fernamouro\r\n,Pisoes,5470-000,41.75012,-7.87209,bp pisoes,bp,lugar de fernamouro\r\n,"2,229 €",2026-05-15_dgeg_postos_raw.csv,0c6c0ece45d2a1cc
2026-05-15,2026-05-15 14:31:32,2026-05-12 14:25:00,d1019d446cf0eeae,d1019d446cf0eeae_gasoline_95,BP Pisoes,BP,gasoline_95,Gasolina simples 95,Outro,2.099,Montalegre,Vila Real,Lugar de Fernamouro\r\n,Pisoes,5470-000,41.75012,-7.87209,bp pisoes,bp,lugar de fernamouro\r\n,"2,099 €",2026-05-15_dgeg_postos_raw.csv,41b138a8d5692d7d
2026-05-15,2026-05-15 14:31:32,2026-05-12 14:25:00,d1019d446cf0eeae,d1019d446cf0eeae_gasoline_98,BP Pisoes,BP,gasoline_98,Gasolina especial 98,Outro,2.299,Montalegre,Vila Real,Lugar de Fernamouro\r\n,Pisoes,5470-000,41.75012,-7.87209,bp pisoes,bp,lugar de fernamouro\r\n,"2,299 €",2026-05-15_dgeg_postos_raw.csv,55ebd52589114eda
2026-05-15,2026-05-15 14:31:32,2026-05-12 14:25:00,1bafd07fb93747b7,1bafd07fb93747b7_diesel_regular,BP Pinheiro Norte,BP,diesel_regular,Gasóleo simples,Outro,2.029,Póvoa de Lanhoso,Braga,Lugar do Pinheiro,Póvoa de Lanhoso,4830-000,41.588764,-8.297942,bp pinheiro norte,bp,lugar do pinheiro,"2,029 €",2026-05-15_dgeg_postos_raw.csv,de9c138b599ba143
2026-05-15,2026-05-15 14:31:32,2026-05-12 14:25:00,1bafd07fb93747b7,1bafd07fb93747b7_diesel_premium,BP Pinheiro Norte,BP,diesel_premium,Gasóleo especial,Outro,2.229,Póvoa de Lanhoso,Braga,Lugar do Pinheiro,Póvoa de Lanhoso,4830-000,41.588764,-8.297942,bp pinheiro norte,bp,lugar do pinheiro,"2,229 €",2026-05-15_dgeg_postos_raw.csv,b080448b2ecc21fc
2026-05-15,2026-05-15 14:31:32,2026-05-12 14:25:00,1bafd07fb93747b7,1bafd07fb93747b7_gasoline_95,BP Pinheiro Norte,BP,gasoline_95,Gasolina simples 95,Outro,2.027,Póvoa de Lanhoso,Braga,Lugar do Pinheiro,Póvoa de Lanhoso,4830-000,41.588764,-8.297942,bp pinheiro norte,bp,lugar do pinheiro,"2,027 €",2026-05-15_dgeg_postos_raw.csv,f59dbbee3502dbe8
2026-05-15,2026-05-15 14:31:32,2026-05-12 14:25:00,1bafd07fb93747b7,1bafd07fb93747b7_gasoline_98,BP Pinheiro Norte,BP,gasoline_98,Gasolina especial 98,Outro,2.299,Póvoa de Lanhoso,Braga,Lugar do Pinheiro,Póvoa de Lanhoso,4830-000,41.588764,-8.297942,bp pinheiro norte,bp,lugar do pinheiro,"2,299 €",2026-05-15_dgeg_postos_raw.csv,e9ee2feb696df5b9
2026-05-15,2026-05-15 14:31:32,2026-05-12 14:25:00,a4d352dfaf75be19,a4d352dfaf75be19_diesel_regular,BP Mirão,BP,diesel_regular,Gasóleo simples,Outro,2.029,Póvoa de Lanhoso,Braga,Lugar de Mirão,Póvoa de Lanhoso-Galegos,4830-000,41.566048,-8.267545,bp mirão,bp,lugar de mirão,"2,029 €",2026-05-15_dgeg_postos_raw.csv,0a81c8079fe3e1f1
2026-05-15,2026-05-15 14:31:32,2026-05-12 14:25:00,6c366ec01a3179e1,6c366ec01a3179e1_diesel_regular,BP Rodovia,BP,diesel_regular,Gasóleo simples,Outro,2.104,Braga,Braga,Av. João Paulo II,São Vitor,4700-034,41.55101,-8.41017,bp rodovia,bp,av. joão paulo ii,"2,104 €",2026-05-15_dgeg_postos_raw.csv,04a37d3686876069
2026-05-15,2026-05-15 14:31:32,2026-05-12 14:25:00,6c366ec01a3179e1,6c366ec01a3179e1_diesel_premium,BP Rodovia,BP,diesel_premium,Gasóleo especial,Outro,2.229,Braga,Braga,Av. João Paulo II,São Vitor,4700-034,41.55101,-8.41017,bp rodovia,bp,av. joão paulo ii,"2,229 €",2026-05-15_dgeg_postos_raw.csv,c9080fa6f0b9fcd9
2026-05-15,2026-05-15 14:31:32,2026-05-12 14:25:00,6c366ec01a3179e1,6c366ec01a3179e1_gasoline_95,BP Rodovia,BP,gasoline_95,Gasolina simples 95,Outro,2.099,Braga,Braga,Av. João Paulo II,São Vitor,4700-034,41.55101,-8.41017,bp rodovia,bp,av. joão paulo ii,"2,099 €",2026-05-15_dgeg_postos_raw.csv,f989de35a3c9b304
2026-05-15,2026-05-15 14:31:32,2026-05-12 14:25:00,6c366ec01a3179e1,6c366ec01a3179e1_gasoline_98,BP Rodovia,BP,gasoline_98,Gasolina especial 98,Outro,2.299,Braga,Braga,Av. João Paulo II,São Vitor,4700-034,41.55101,-8.41017,bp rodovia,bp,av. joão paulo ii,"2,299 €",2026-05-15_dgeg_postos_raw.csv,0ef884f88890ab93
2026-05-15,2026-05-15 14:31:32,2026-05-12 14:25:00,826637ad4d479a37,826637ad4d479a37_diesel_premium,PA Generico S. João da Ribeira,Genérico,diesel_premium,Gasóleo especial,Outro,2.08,Rio Maior,Santarém,Rua Princilal nº15,São João da Ribeira,2040-460,39.31443,-8.86976,pa generico s. joão da ribeira,genérico,rua princilal nº15,"2,080 €",2026-05-15_dgeg_postos_raw.csv,0f235be0f3cde22f
2026-05-15,2026-05-15 14:31:32,2026-05-12 14:25:00,826637ad4d479a37,826637ad4d479a37_diesel_regular,PA Generico S. João da Ribeira,Genérico,diesel_regular,Gasóleo simples,Outro,2.04,Rio Maior,Santarém,Rua Princilal nº15,São João da Ribeira,2040-460,39.31443,-8.86976,pa generico s. joão da ribeira,genérico,rua princilal nº15,"2,040 €",2026-05-15_dgeg_postos_raw.csv,f27982117eacafa3
2026-05-15,2026-05-15 14:31:32,2026-05-12 14:25:00,826637ad4d479a37,826637ad4d479a37_gasoline_95,PA Generico S. João da Ribeira,Genérico,gasoline_95,Gasolina simples 95,Outro,2.04,Rio Maior,Santarém,Rua Princilal nº15,São João da Ribeira,2040-460,39.31443,-8.86976,pa generico s. joão da ribeira,genérico,rua princilal nº15,"2,040 €",2026-05-15_dgeg_postos_raw.csv,4449fb4bc566e73a
2026-05-15,2026-05-15 14:31:32,2026-05-12 14:25:00,4abc75f850d5a0a3,4abc75f850d5a0a3_diesel_premium,BP Seixas,BP,diesel_premium,Gasóleo especial,Outro,2.229,Caminha,Viana do Castelo,"Avenida Joaquim Maria Portela - EN 13 (IC1), Km 94,060",Seixas,4910-348,41.893284,-8.820441,bp seixas,bp,"avenida joaquim maria portela - en 13 (ic1), km 94,060","2,229 €",2026-05-15_dgeg_postos_raw.csv,ec3afaa95587d952
2026-05-15,2026-05-15 14:31:32,2026-05-12 14:25:00,4abc75f850d5a0a3,4abc75f850d5a0a3_diesel_regular,BP Seixas,BP,diesel_regular,Gasóleo simples,Outro,2.109,Caminha,Viana do Castelo,"Avenida Joaquim Maria Portela - EN 13 (IC1), Km 94,060",Seixas,4910-348,41.893284,-8.820441,bp seixas,bp,"avenida joaquim maria portela - en 13 (ic1), km 94,060","2,109 €",2026-05-15_dgeg_postos_raw.csv,f5696acf45b7006b
2026-05-15,2026-05-15 14:31:32,2026-05-12 14:25:00,4abc75f850d5a0a3,4abc75f850d5a0a3_gasoline_98,BP Seixas,BP,gasoline_98,Gasolina especial 98,Outro,2.299,Caminha,Viana do Castelo,"Avenida Joaquim Maria Portela - EN 13 (IC1), Km 94,060",Seixas,4910-348,41.893284,-8.820441,bp seixas,bp,"avenida joaquim maria portela - en 13 (ic1), km 94,060","2,299 €",2026-05-15_dgeg_postos_raw.csv,6a64853ae7222df6
2026-05-15,2026-05-15 14:31:32,2026-05-12 14:25:00,4abc75f850d5a0a3,4abc75f850d5a0a3_gasoline_95,BP Seixas,BP,gasoline_95,Gasolina simples 95,Outro,2.099,Caminha,Viana do Castelo,"Avenida Joaquim Maria Portela - EN 13 (IC1), Km 94,060",Seixas,4910-348,41.893284,-8.820441,bp seixas,bp,"avenida joaquim maria portela - en 13 (ic1), km 94,060","2,099 €",2026-05-15_dgeg_postos_raw.csv,e8351380b5424709
2026-05-15,2026-05-15 14:31:32,2026-05-12 14:25:00,80f6d32324a2a621,80f6d32324a2a621_diesel_premium,BP Nogueira Oeste (2),BP,diesel_premium,Gasóleo especial,Outro,2.229,Braga,Braga,"Avenida Barros e Soares - EN 101, Km 93,225",Braga,4715-214,41.531124,-8.419017,bp nogueira oeste (2),bp,"avenida barros e soares - en 101, km 93,225","2,229 €",2026-05-15_dgeg_postos_raw.csv,93ba1e0508b0ff49
2026-05-15,2026-05-15 14:31:32,2026-05-12 14:25:00,80f6d32324a2a621,80f6d32324a2a621_diesel_regular,BP Nogueira Oeste (2),BP,diesel_regular,Gasóleo simples,Outro,2.029,Braga,Braga,"Avenida Barros e Soares - EN 101, Km 93,225",Braga,4715-214,41.531124,-8.419017,bp nogueira oeste (2),bp,"avenida barros e soares - en 101, km 93,225","2,029 €",2026-05-15_dgeg_postos_raw.csv,558ccac764c24f9f
2026-05-15,2026-05-15 14:31:32,2026-05-12 14:25:00,80f6d32324a2a621,80f6d32324a2a621_gasoline_95,BP Nogueira Oeste (2),BP,gasoline_95,Gasolina simples 95,Outro,2.027,Braga,Braga,"Avenida Barros e Soares - EN 101, Km 93,225",Braga,4715-214,41.531124,-8.419017,bp nogueira oeste (2),bp,"avenida barros e soares - en 101, km 93,225","2,027 €",2026-05-15_dgeg_postos_raw.csv,d40ebfe03d8ccd9f
2026-05-15,2026-05-15 14:31:32,2026-05-12 14:25:00,80f6d32324a2a621,80f6d32324a2a621_gasoline_98,BP Nogueira Oeste (2),BP,gasoline_98,Gasolina especial 98,Outro,2.299,Braga,Braga,"Avenida Barros e Soares - EN 101, Km 93,225",Braga,4715-214,41.531124,-8.419017,bp nogueira oeste (2),bp,"avenida barros e soares - en 101, km 93,225","2,299 €",2026-05-15_dgeg_postos_raw.csv,484fa9c3d6cdbfa4
2026-05-15,2026-05-15 14:31:32,2026-05-12 14:30:00,0072d8a75ad2c4c9,0072d8a75ad2c4c9_diesel_premium,BP Sobreposta,BP,diesel_premium,Gasóleo especial,Outro,2.229,Braga,Braga,Rua Nossa Senhora da Conceição,Sobreposta,4715-554,41.55424,-8.34659,bp sobreposta,bp,rua nossa senhora da conceição,"2,229 €",2026-05-15_dgeg_postos_raw.csv,160c8456c7e7e127
2026-05-15,2026-05-15 14:31:32,2026-05-12 14:30:00,0072d8a75ad2c4c9,0072d8a75ad2c4c9_gasoline_98,BP Sobreposta,BP,gasoline_98,Gasolina especial 98,Outro,2.299,Braga,Braga,Rua Nossa Senhora da Conceição,Sobreposta,4715-554,41.55424,-8.34659,bp sobreposta,bp,rua nossa senhora da conceição,"2,299 €",2026-05-15_dgeg_postos_raw.csv,d31a8131aa3fac6b
2026-05-15,2026-05-15 14:31:32,2026-05-12 14:30:00,8949e1d424e63311,8949e1d424e63311_diesel_regular,"Agricarmões, Lda",AUTO JULIO,diesel_regular,Gasóleo simples,Outro,2.029,Torres Vedras,Lisboa,"EN 115, nº17",São Domingos de Carmões,2565-116,39.057843,-9.131519,"agricarmões, lda",auto julio,"en 115, nº17","2,029 €",2026-05-15_dgeg_postos_raw.csv,2206873a5c40a1a8
2026-05-15,2026-05-15 14:31:32,2026-05-12 14:30:00,8949e1d424e63311,8949e1d424e63311_diesel_premium,"Agricarmões, Lda",AUTO JULIO,diesel_premium,Gasóleo especial,Outro,2.049,Torres Vedras,Lisboa,"EN 115, nº17",São Domingos de Carmões,2565-116,39.057843,-9.131519,"agricarmões, lda",auto julio,"en 115, nº17","2,049 €",2026-05-15_dgeg_postos_raw.csv,1c4086e2cb69b78e
2026-05-15,2026-05-15 14:31:32,2026-05-12 14:30:00,8949e1d424e63311,8949e1d424e63311_gasoline_95,"Agricarmões, Lda",AUTO JULIO,gasoline_95,Gasolina simples 95,Outro,2.029,Torres Vedras,Lisboa,"EN 115, nº17",São Domingos de Carmões,2565-116,39.057843,-9.131519,"agricarmões, lda",auto julio,"en 115, nº17","2,029 €",2026-05-15_dgeg_postos_raw.csv,aff2c502fc395ad7
2026-05-15,2026-05-15 14:31:32,2026-05-12 14:30:00,d9022780bf38a008,d9022780bf38a008_diesel_regular,PAP GALP Fuseta (+PA),GALP,diesel_regular,Gasóleo simples,Outro,2.059,Olhão,Faro,Av. Marginal - Largo 1º de Maio,Fuseta,8700-037,37.05516,-7.744237,pap galp fuseta (+pa),galp,av. marginal - largo 1º de maio,"2,059 €",2026-05-15_dgeg_postos_raw.csv,57e8d189fb30955a
2026-05-15,2026-05-15 14:31:32,2026-05-12 14:30:00,d9022780bf38a008,d9022780bf38a008_gasoline_95,PAP GALP Fuseta (+PA),GALP,gasoline_95,Gasolina simples 95,Outro,2.061,Olhão,Faro,Av. Marginal - Largo 1º de Maio,Fuseta,8700-037,37.05516,-7.744237,pap galp fuseta (+pa),galp,av. marginal - largo 1º de maio,"2,061 €",2026-05-15_dgeg_postos_raw.csv,6ba5ada5f43fae8f
2026-05-15,2026-05-15 14:31:32,2026-05-12 14:30:00,0072d8a75ad2c4c9,0072d8a75ad2c4c9_diesel_regular,BP Sobreposta,BP,diesel_regular,Gasóleo simples,Outro,2.069,Braga,Braga,Rua Nossa Senhora da Conceição,Sobreposta,4715-554,41.55424,-8.34659,bp sobreposta,bp,rua nossa senhora da conceição,"2,069 €",2026-05-15_dgeg_postos_raw.csv,670e67668e97a59e
2026-05-15,2026-05-15 14:31:32,2026-05-12 14:30:00,0072d8a75ad2c4c9,0072d8a75ad2c4c9_gasoline_95,BP Sobreposta,BP,gasoline_95,Gasolina simples 95,Outro,2.059,Braga,Braga,Rua Nossa Senhora da Conceição,Sobreposta,4715-554,41.55424,-8.34659,bp sobreposta,bp,rua nossa senhora da conceição,"2,059 €",2026-05-15_dgeg_postos_raw.csv,07be68cb1ce2e962
2026-05-15,2026-05-15 14:31:32,2026-05-12 14:45:00,bca1aaf0d7fd63c4,bca1aaf0d7fd63c4_diesel_regular,"Ultra Resistente - Combustiveis, Ldª",GALP,diesel_regular,Gasóleo simples,Outro,2.059,Sátão,Viseu,EN 229 Km 69.800,Longra,3560-085,40.75569,-7.72737,"ultra resistente - combustiveis, ldª",galp,en 229 km 69.800,"2,059 €",2026-05-15_dgeg_postos_raw.csv,2d6435179d4d91a8
2026-05-15,2026-05-15 14:31:32,2026-05-12 14:45:00,bca1aaf0d7fd63c4,bca1aaf0d7fd63c4_diesel_premium,"Ultra Resistente - Combustiveis, Ldª",GALP,diesel_premium,Gasóleo especial,Outro,2.079,Sátão,Viseu,EN 229 Km 69.800,Longra,3560-085,40.75569,-7.72737,"ultra resistente - combustiveis, ldª",galp,en 229 km 69.800,"2,079 €",2026-05-15_dgeg_postos_raw.csv,ee54787f3f8288e1
2026-05-15,2026-05-15 14:31:32,2026-05-12 14:45:00,bca1aaf0d7fd63c4,bca1aaf0d7fd63c4_gasoline_95,"Ultra Resistente - Combustiveis, Ldª",GALP,gasoline_95,Gasolina simples 95,Outro,2.062,Sátão,Viseu,EN 229 Km 69.800,Longra,3560-085,40.75569,-7.72737,"ultra resistente - combustiveis, ldª",galp,en 229 km 69.800,"2,062 €",2026-05-15_dgeg_postos_raw.csv,c2a0ce3913043917
2026-05-15,2026-05-15 14:31:32,2026-05-12 14:50:00,ae0f6ef46223822b,ae0f6ef46223822b_diesel_premium,ECOBRENT - Santarém Retail,ECOBRENT,diesel_premium,Gasóleo especial,Área comercial (Hipermercados),1.949,Santarém,Santarém,"Santarém Retail Park Quinta das Cegonhas, Lote 28",Santarém,2000-471,39.214977,-8.691306,ecobrent - santarém retail,ecobrent,"santarém retail park quinta das cegonhas, lote 28","1,949 €",2026-05-15_dgeg_postos_raw.csv,5aaf61e137f41f01
2026-05-15,2026-05-15 14:31:32,2026-05-12 14:50:00,ae0f6ef46223822b,ae0f6ef46223822b_diesel_regular,ECOBRENT - Santarém Retail,ECOBRENT,diesel_regular,Gasóleo simples,Área comercial (Hipermercados),1.919,Santarém,Santarém,"Santarém Retail Park Quinta das Cegonhas, Lote 28",Santarém,2000-471,39.214977,-8.691306,ecobrent - santarém retail,ecobrent,"santarém retail park quinta das cegonhas, lote 28","1,919 €",2026-05-15_dgeg_postos_raw.csv,27b77a731b23d7a0
2026-05-15,2026-05-15 14:31:32,2026-05-12 14:50:00,ae0f6ef46223822b,ae0f6ef46223822b_gasoline_95,ECOBRENT - Santarém Retail,ECOBRENT,gasoline_95,Gasolina simples 95,Área comercial (Hipermercados),1.919,Santarém,Santarém,"Santarém Retail Park Quinta das Cegonhas, Lote 28",Santarém,2000-471,39.214977,-8.691306,ecobrent - santarém retail,ecobrent,"santarém retail park quinta das cegonhas, lote 28","1,919 €",2026-05-15_dgeg_postos_raw.csv,9bfe8b31e3170cf3
2026-05-15,2026-05-15 14:31:32,2026-05-12 14:50:00,43de7ce404ba812d,43de7ce404ba812d_diesel_regular,ECOBRENT Modivas (Vila do Conde),ECOBRENT,diesel_regular,Gasóleo simples,Outro,1.909,Vila do Conde,Porto,Avenida Fonte Cova 400,Modivas,4485-592,41.29811,-8.70692,ecobrent modivas (vila do conde),ecobrent,avenida fonte cova 400,"1,909 €",2026-05-15_dgeg_postos_raw.csv,b5306078b1a24b2a
2026-05-15,2026-05-15 14:31:32,2026-05-12 14:50:00,43de7ce404ba812d,43de7ce404ba812d_diesel_premium,ECOBRENT Modivas (Vila do Conde),ECOBRENT,diesel_premium,Gasóleo especial,Outro,1.939,Vila do Conde,Porto,Avenida Fonte Cova 400,Modivas,4485-592,41.29811,-8.70692,ecobrent modivas (vila do conde),ecobrent,avenida fonte cova 400,"1,939 €",2026-05-15_dgeg_postos_raw.csv,b5339114179e7186
2026-05-15,2026-05-15 14:31:32,2026-05-12 14:50:00,43de7ce404ba812d,43de7ce404ba812d_gasoline_95,ECOBRENT Modivas (Vila do Conde),ECOBRENT,gasoline_95,Gasolina simples 95,Outro,1.919,Vila do Conde,Porto,Avenida Fonte Cova 400,Modivas,4485-592,41.29811,-8.70692,ecobrent modivas (vila do conde),ecobrent,avenida fonte cova 400,"1,919 €",2026-05-15_dgeg_postos_raw.csv,7b0c547e5b1ef63e
2026-05-15,2026-05-15 14:31:32,2026-05-12 14:50:00,a28ec201e3e4a942,a28ec201e3e4a942_diesel_regular,ECOBRENT - Viana do Castelo,ECOBRENT,diesel_regular,Gasóleo simples,Outro,1.919,Viana do Castelo,Viana do Castelo,"Rua dos Carregais, 106",Viana do Castelo,4900-665,41.70683,-8.80188,ecobrent - viana do castelo,ecobrent,"rua dos carregais, 106","1,919 €",2026-05-15_dgeg_postos_raw.csv,af6f86eb86ba33af
2026-05-15,2026-05-15 14:31:32,2026-05-12 14:50:00,a28ec201e3e4a942,a28ec201e3e4a942_diesel_premium,ECOBRENT - Viana do Castelo,ECOBRENT,diesel_premium,Gasóleo especial,Outro,1.949,Viana do Castelo,Viana do Castelo,"Rua dos Carregais, 106",Viana do Castelo,4900-665,41.70683,-8.80188,ecobrent - viana do castelo,ecobrent,"rua dos carregais, 106","1,949 €",2026-05-15_dgeg_postos_raw.csv,2d74ca930ce2bca3
2026-05-15,2026-05-15 14:31:32,2026-05-12 14:50:00,a28ec201e3e4a942,a28ec201e3e4a942_gasoline_95,ECOBRENT - Viana do Castelo,ECOBRENT,gasoline_95,Gasolina simples 95,Outro,1.919,Viana do Castelo,Viana do Castelo,"Rua dos Carregais, 106",Viana do Castelo,4900-665,41.70683,-8.80188,ecobrent - viana do castelo,ecobrent,"rua dos carregais, 106","1,919 €",2026-05-15_dgeg_postos_raw.csv,df4f3fd70cfd4a6c
2026-05-15,2026-05-15 14:31:32,2026-05-12 14:50:00,bb1e1fcac11d335a,bb1e1fcac11d335a_diesel_regular,ECOBRENT - Guia,ECOBRENT,diesel_regular,Gasóleo simples,Outro,1.919,Albufeira,Faro,"EN 125, Km 66,6",Cortelhas,8200-413,37.12776,-8.29955,ecobrent - guia,ecobrent,"en 125, km 66,6","1,919 €",2026-05-15_dgeg_postos_raw.csv,d21c3e7c5137c7a4
2026-05-15,2026-05-15 14:31:32,2026-05-12 14:50:00,bb1e1fcac11d335a,bb1e1fcac11d335a_diesel_premium,ECOBRENT - Guia,ECOBRENT,diesel_premium,Gasóleo especial,Outro,1.949,Albufeira,Faro,"EN 125, Km 66,6",Cortelhas,8200-413,37.12776,-8.29955,ecobrent - guia,ecobrent,"en 125, km 66,6","1,949 €",2026-05-15_dgeg_postos_raw.csv,504434715566186c
2026-05-15,2026-05-15 14:31:32,2026-05-12 14:50:00,bb1e1fcac11d335a,bb1e1fcac11d335a_gasoline_95,ECOBRENT - Guia,ECOBRENT,gasoline_95,Gasolina simples 95,Outro,1.919,Albufeira,Faro,"EN 125, Km 66,6",Cortelhas,8200-413,37.12776,-8.29955,ecobrent - guia,ecobrent,"en 125, km 66,6","1,919 €",2026-05-15_dgeg_postos_raw.csv,c48d0df74e426148
2026-05-15,2026-05-15 14:31:32,2026-05-12 15:00:00,49cc2ccdcf829550,49cc2ccdcf829550_diesel_regular,Circunstancia Azul - Prio Assentiz,PRIO,diesel_regular,Gasóleo simples,Outro,1.969,Rio Maior,Santarém,R. de Assentiz,Assentiz,2040-536,39.25711,-8.85381,circunstancia azul - prio assentiz,prio,r. de assentiz,"1,969 €",2026-05-15_dgeg_postos_raw.csv,6010f69637897960
2026-05-15,2026-05-15 14:31:32,2026-05-12 15:00:00,49cc2ccdcf829550,49cc2ccdcf829550_diesel_premium,Circunstancia Azul - Prio Assentiz,PRIO,diesel_premium,Gasóleo especial,Outro,1.979,Rio Maior,Santarém,R. de Assentiz,Assentiz,2040-536,39.25711,-8.85381,circunstancia azul - prio assentiz,prio,r. de assentiz,"1,979 €",2026-05-15_dgeg_postos_raw.csv,030fc6f381a5b08d
2026-05-15,2026-05-15 14:31:32,2026-05-12 15:00:00,49cc2ccdcf829550,49cc2ccdcf829550_gasoline_95,Circunstancia Azul - Prio Assentiz,PRIO,gasoline_95,Gasolina simples 95,Outro,2.009,Rio Maior,Santarém,R. de Assentiz,Assentiz,2040-536,39.25711,-8.85381,circunstancia azul - prio assentiz,prio,r. de assentiz,"2,009 €",2026-05-15_dgeg_postos_raw.csv,ac21569b6383d147
2026-05-15,2026-05-15 14:31:32,2026-05-12 15:10:00,75b140f2e4368682,75b140f2e4368682_diesel_regular,Intermarché Fajões,INTERMARCHÉ,diesel_regular,Gasóleo simples,Outro,1.889,Oliveira de Azeméis,Aveiro,Lugar do Cruzeiro,Fajões,3700-672,40.91826,-8.424232,intermarché fajões,intermarché,lugar do cruzeiro,"1,889 €",2026-05-15_dgeg_postos_raw.csv,7071e4ba23ad757a
2026-05-15,2026-05-15 14:31:32,2026-05-12 15:10:00,75b140f2e4368682,75b140f2e4368682_diesel_premium,Intermarché Fajões,INTERMARCHÉ,diesel_premium,Gasóleo especial,Outro,1.929,Oliveira de Azeméis,Aveiro,Lugar do Cruzeiro,Fajões,3700-672,40.91826,-8.424232,intermarché fajões,intermarché,lugar do cruzeiro,"1,929 €",2026-05-15_dgeg_postos_raw.csv,0a9a40aad032fdf0
2026-05-15,2026-05-15 14:31:32,2026-05-12 15:10:00,75b140f2e4368682,75b140f2e4368682_gasoline_95,Intermarché Fajões,INTERMARCHÉ,gasoline_95,Gasolina simples 95,Outro,1.889,Oliveira de Azeméis,Aveiro,Lugar do Cruzeiro,Fajões,3700-672,40.91826,-8.424232,intermarché fajões,intermarché,lugar do cruzeiro,"1,889 €",2026-05-15_dgeg_postos_raw.csv,d345b7ded8ea33e8
2026-05-15,2026-05-15 14:31:32,2026-05-12 15:15:00,6236638bb64e1bab,6236638bb64e1bab_diesel_regular,PENINA (NORTE),BP,diesel_regular,Gasóleo simples,Outro,2.079,Portimão,Faro,EN 125 Km 109,Alvor- Penina,8500-082,37.161818,-8.574504,penina (norte),bp,en 125 km 109,"2,079 €",2026-05-15_dgeg_postos_raw.csv,006f2faf92e9106f
2026-05-15,2026-05-15 14:31:32,2026-05-12 15:15:00,6236638bb64e1bab,6236638bb64e1bab_diesel_premium,PENINA (NORTE),BP,diesel_premium,Gasóleo especial,Outro,2.229,Portimão,Faro,EN 125 Km 109,Alvor- Penina,8500-082,37.161818,-8.574504,penina (norte),bp,en 125 km 109,"2,229 €",2026-05-15_dgeg_postos_raw.csv,d85af868f4f1d006
2026-05-15,2026-05-15 14:31:32,2026-05-12 15:15:00,6236638bb64e1bab,6236638bb64e1bab_gasoline_95,PENINA (NORTE),BP,gasoline_95,Gasolina simples 95,Outro,2.089,Portimão,Faro,EN 125 Km 109,Alvor- Penina,8500-082,37.161818,-8.574504,penina (norte),bp,en 125 km 109,"2,089 €",2026-05-15_dgeg_postos_raw.csv,48b8d3972b76d11b
2026-05-15,2026-05-15 14:31:32,2026-05-12 15:15:00,6236638bb64e1bab,6236638bb64e1bab_gasoline_98,PENINA (NORTE),BP,gasoline_98,Gasolina especial 98,Outro,2.299,Portimão,Faro,EN 125 Km 109,Alvor- Penina,8500-082,37.161818,-8.574504,penina (norte),bp,en 125 km 109,"2,299 €",2026-05-15_dgeg_postos_raw.csv,681fdcc1a64a245a
2026-05-15,2026-05-15 14:31:32,2026-05-12 15:20:00,f31bfa4733dc2b7f,f31bfa4733dc2b7f_diesel_regular,PENINA (SUL),BP,diesel_regular,Gasóleo simples,Outro,2.079,Portimão,Faro,EN 125 Km 109,Alvor- Penina,8500-082,37.161486,-8.574579,penina (sul),bp,en 125 km 109,"2,079 €",2026-05-15_dgeg_postos_raw.csv,9a66325c73e94e05
2026-05-15,2026-05-15 14:31:32,2026-05-12 15:20:00,f31bfa4733dc2b7f,f31bfa4733dc2b7f_diesel_premium,PENINA (SUL),BP,diesel_premium,Gasóleo especial,Outro,2.229,Portimão,Faro,EN 125 Km 109,Alvor- Penina,8500-082,37.161486,-8.574579,penina (sul),bp,en 125 km 109,"2,229 €",2026-05-15_dgeg_postos_raw.csv,00de3892cd3b7390
2026-05-15,2026-05-15 14:31:32,2026-05-12 15:20:00,f31bfa4733dc2b7f,f31bfa4733dc2b7f_gasoline_95,PENINA (SUL),BP,gasoline_95,Gasolina simples 95,Outro,2.089,Portimão,Faro,EN 125 Km 109,Alvor- Penina,8500-082,37.161486,-8.574579,penina (sul),bp,en 125 km 109,"2,089 €",2026-05-15_dgeg_postos_raw.csv,d8fdf091ed908c64
2026-05-15,2026-05-15 14:31:32,2026-05-12 15:20:00,f31bfa4733dc2b7f,f31bfa4733dc2b7f_gasoline_98,PENINA (SUL),BP,gasoline_98,Gasolina especial 98,Outro,2.299,Portimão,Faro,EN 125 Km 109,Alvor- Penina,8500-082,37.161486,-8.574579,penina (sul),bp,en 125 km 109,"2,299 €",2026-05-15_dgeg_postos_raw.csv,328235b77e12648c
2026-05-15,2026-05-15 14:31:32,2026-05-12 15:25:00,4c92be96c2282aed,4c92be96c2282aed_gasoline_95,Ouro Negro - Almeirim,Genérico,gasoline_95,Gasolina simples 95,Outro,1.937,Almeirim,Santarém,"Zona Industrial de Almeirim, Lote 10",Almeirim,2080-221,39.19523,-8.62582,ouro negro - almeirim,genérico,"zona industrial de almeirim, lote 10","1,937 €",2026-05-15_dgeg_postos_raw.csv,78deb00a7ffb549e
2026-05-15,2026-05-15 14:31:32,2026-05-12 15:25:00,4c92be96c2282aed,4c92be96c2282aed_diesel_regular,Ouro Negro - Almeirim,Genérico,diesel_regular,Gasóleo simples,Outro,1.922,Almeirim,Santarém,"Zona Industrial de Almeirim, Lote 10",Almeirim,2080-221,39.19523,-8.62582,ouro negro - almeirim,genérico,"zona industrial de almeirim, lote 10","1,922 €",2026-05-15_dgeg_postos_raw.csv,8cd41dcb6653832f
2026-05-15,2026-05-15 14:31:32,2026-05-12 15:25:00,4c92be96c2282aed,4c92be96c2282aed_diesel_premium,Ouro Negro - Almeirim,Genérico,diesel_premium,Gasóleo especial,Outro,1.952,Almeirim,Santarém,"Zona Industrial de Almeirim, Lote 10",Almeirim,2080-221,39.19523,-8.62582,ouro negro - almeirim,genérico,"zona industrial de almeirim, lote 10","1,952 €",2026-05-15_dgeg_postos_raw.csv,7fdd532c2a5529cf
2026-05-15,2026-05-15 14:31:32,2026-05-12 15:25:00,8621726ec913c756,8621726ec913c756_gasoline_95,Ouro Negro - Golegã,Genérico,gasoline_95,Gasolina simples 95,Outro,1.977,Golegã,Santarém,"Rua 5 Outubro, nº 15",Golegã,2154-124,39.40651,-8.485913,ouro negro - golegã,genérico,"rua 5 outubro, nº 15","1,977 €",2026-05-15_dgeg_postos_raw.csv,f67c42f21b869fcf
2026-05-15,2026-05-15 14:31:32,2026-05-12 15:25:00,8621726ec913c756,8621726ec913c756_diesel_regular,Ouro Negro - Golegã,Genérico,diesel_regular,Gasóleo simples,Outro,1.939,Golegã,Santarém,"Rua 5 Outubro, nº 15",Golegã,2154-124,39.40651,-8.485913,ouro negro - golegã,genérico,"rua 5 outubro, nº 15","1,939 €",2026-05-15_dgeg_postos_raw.csv,7581aa5327a1d983
2026-05-15,2026-05-15 14:31:32,2026-05-12 15:30:00,9464d74dfbcf06a4,9464d74dfbcf06a4_gasoline_95,OURO NEGRO - Azambuja_Norte,Genérico,gasoline_95,Gasolina simples 95,Outro,1.919,Azambuja,Lisboa,E.N. 3 - Km 10.250 ANTIGO CAMPO DA FEIRA,Azambuja,2050-319,39.065964,-8.876442,ouro negro - azambuja_norte,genérico,e.n. 3 - km 10.250 antigo campo da feira,"1,919 €",2026-05-15_dgeg_postos_raw.csv,e78fae1d7e0af418
2026-05-15,2026-05-15 14:31:32,2026-05-12 15:30:00,9464d74dfbcf06a4,9464d74dfbcf06a4_diesel_regular,OURO NEGRO - Azambuja_Norte,Genérico,diesel_regular,Gasóleo simples,Outro,1.919,Azambuja,Lisboa,E.N. 3 - Km 10.250 ANTIGO CAMPO DA FEIRA,Azambuja,2050-319,39.065964,-8.876442,ouro negro - azambuja_norte,genérico,e.n. 3 - km 10.250 antigo campo da feira,"1,919 €",2026-05-15_dgeg_postos_raw.csv,eaad888767d5abf4
2026-05-15,2026-05-15 14:31:32,2026-05-12 15:30:00,9464d74dfbcf06a4,9464d74dfbcf06a4_diesel_premium,OURO NEGRO - Azambuja_Norte,Genérico,diesel_premium,Gasóleo especial,Outro,1.949,Azambuja,Lisboa,E.N. 3 - Km 10.250 ANTIGO CAMPO DA FEIRA,Azambuja,2050-319,39.065964,-8.876442,ouro negro - azambuja_norte,genérico,e.n. 3 - km 10.250 antigo campo da feira,"1,949 €",2026-05-15_dgeg_postos_raw.csv,05ac0301b2318b48
2026-05-15,2026-05-15 14:31:32,2026-05-12 15:30:00,3dbbc38d90e6d340,3dbbc38d90e6d340_gasoline_95,OURO NEGRO - Azambuja - Sul,Genérico,gasoline_95,Gasolina simples 95,Outro,1.919,Azambuja,Lisboa,E.N. 3 - Km 10.250 - ANTIGO CAMPO DA FEIRA,Azambuja,2050-319,39.06548,-8.876479,ouro negro - azambuja - sul,genérico,e.n. 3 - km 10.250 - antigo campo da feira,"1,919 €",2026-05-15_dgeg_postos_raw.csv,52b39f8484837cca
2026-05-15,2026-05-15 14:31:32,2026-05-12 15:30:00,3dbbc38d90e6d340,3dbbc38d90e6d340_diesel_regular,OURO NEGRO - Azambuja - Sul,Genérico,diesel_regular,Gasóleo simples,Outro,1.919,Azambuja,Lisboa,E.N. 3 - Km 10.250 - ANTIGO CAMPO DA FEIRA,Azambuja,2050-319,39.06548,-8.876479,ouro negro - azambuja - sul,genérico,e.n. 3 - km 10.250 - antigo campo da feira,"1,919 €",2026-05-15_dgeg_postos_raw.csv,147c9c996e9ab8e4
2026-05-15,2026-05-15 14:31:32,2026-05-12 15:30:00,3dbbc38d90e6d340,3dbbc38d90e6d340_diesel_premium,OURO NEGRO - Azambuja - Sul,Genérico,diesel_premium,Gasóleo especial,Outro,1.949,Azambuja,Lisboa,E.N. 3 - Km 10.250 - ANTIGO CAMPO DA FEIRA,Azambuja,2050-319,39.06548,-8.876479,ouro negro - azambuja - sul,genérico,e.n. 3 - km 10.250 - antigo campo da feira,"1,949 €",2026-05-15_dgeg_postos_raw.csv,f311a6b749a036fd
2026-05-15,2026-05-15 14:31:32,2026-05-12 15:30:00,183acfdc40a9bfec,183acfdc40a9bfec_diesel_regular,PA 4L Combustiveis,Genérico,diesel_regular,Gasóleo simples,Outro,1.889,Loures,Lisboa,"Rua Salvador Allende, nº 9-A",Sacavém,2685-114,38.79364,-9.109774,pa 4l combustiveis,genérico,"rua salvador allende, nº 9-a","1,889 €",2026-05-15_dgeg_postos_raw.csv,6ee78ee7464d4592
2026-05-15,2026-05-15 14:31:32,2026-05-12 15:30:00,b2c7f7c2e0bd2525,b2c7f7c2e0bd2525_gasoline_95,Ouro Negro - Pombal - Poente,Genérico,gasoline_95,Gasolina simples 95,Outro,1.977,Pombal,Leiria,"EN 1 Km 159,8",Pelariga,3105-295,39.938229,-8.628914,ouro negro - pombal - poente,genérico,"en 1 km 159,8","1,977 €",2026-05-15_dgeg_postos_raw.csv,5056d368ca82d053
2026-05-15,2026-05-15 14:31:32,2026-05-12 15:30:00,b2c7f7c2e0bd2525,b2c7f7c2e0bd2525_diesel_regular,Ouro Negro - Pombal - Poente,Genérico,diesel_regular,Gasóleo simples,Outro,1.939,Pombal,Leiria,"EN 1 Km 159,8",Pelariga,3105-295,39.938229,-8.628914,ouro negro - pombal - poente,genérico,"en 1 km 159,8","1,939 €",2026-05-15_dgeg_postos_raw.csv,c8d91be8572a3c1c
2026-05-15,2026-05-15 14:31:32,2026-05-12 15:30:00,b2c7f7c2e0bd2525,b2c7f7c2e0bd2525_diesel_premium,Ouro Negro - Pombal - Poente,Genérico,diesel_premium,Gasóleo especial,Outro,1.969,Pombal,Leiria,"EN 1 Km 159,8",Pelariga,3105-295,39.938229,-8.628914,ouro negro - pombal - poente,genérico,"en 1 km 159,8","1,969 €",2026-05-15_dgeg_postos_raw.csv,33e0105861e42c76
2026-05-15,2026-05-15 14:31:32,2026-05-12 15:30:00,5c9677f4134915cf,5c9677f4134915cf_diesel_regular,Ouro Negro - Pombal - Nascente,Genérico,diesel_regular,Gasóleo simples,Outro,1.939,Pombal,Leiria,"EN 1 Km 151,8",Moncalva,3105-295,39.938364,-8.628303,ouro negro - pombal - nascente,genérico,"en 1 km 151,8","1,939 €",2026-05-15_dgeg_postos_raw.csv,b22e6944f9866260
2026-05-15,2026-05-15 14:31:32,2026-05-12 15:30:00,5c9677f4134915cf,5c9677f4134915cf_gasoline_95,Ouro Negro - Pombal - Nascente,Genérico,gasoline_95,Gasolina simples 95,Outro,1.977,Pombal,Leiria,"EN 1 Km 151,8",Moncalva,3105-295,39.938364,-8.628303,ouro negro - pombal - nascente,genérico,"en 1 km 151,8","1,977 €",2026-05-15_dgeg_postos_raw.csv,59f0a2b485ee9379
2026-05-15,2026-05-15 14:31:32,2026-05-12 15:30:00,5c9677f4134915cf,5c9677f4134915cf_diesel_premium,Ouro Negro - Pombal - Nascente,Genérico,diesel_premium,Gasóleo especial,Outro,1.969,Pombal,Leiria,"EN 1 Km 151,8",Moncalva,3105-295,39.938364,-8.628303,ouro negro - pombal - nascente,genérico,"en 1 km 151,8","1,969 €",2026-05-15_dgeg_postos_raw.csv,5315d7bd24dc32ba
2026-05-15,2026-05-15 14:31:32,2026-05-12 15:30:00,183acfdc40a9bfec,183acfdc40a9bfec_diesel_premium,PA 4L Combustiveis,Genérico,diesel_premium,Gasóleo especial,Outro,1.919,Loures,Lisboa,"Rua Salvador Allende, nº 9-A",Sacavém,2685-114,38.79364,-9.109774,pa 4l combustiveis,genérico,"rua salvador allende, nº 9-a","1,919 €",2026-05-15_dgeg_postos_raw.csv,bc81e2e7634d1e16
2026-05-15,2026-05-15 14:31:32,2026-05-12 15:30:00,d11c332fd317ad47,d11c332fd317ad47_diesel_regular,PA Alvite (Moimenta da Beira),BP,diesel_regular,Gasóleo simples,Outro,1.999,Moimenta da Beira,Viseu,Largo da Neta,Alvite,3620-030,40.979572,-7.7127,pa alvite (moimenta da beira),bp,largo da neta,"1,999 €",2026-05-15_dgeg_postos_raw.csv,a659a1d203b7508d
2026-05-15,2026-05-15 14:31:32,2026-05-12 15:30:00,d11c332fd317ad47,d11c332fd317ad47_gasoline_95,PA Alvite (Moimenta da Beira),BP,gasoline_95,Gasolina simples 95,Outro,1.989,Moimenta da Beira,Viseu,Largo da Neta,Alvite,3620-030,40.979572,-7.7127,pa alvite (moimenta da beira),bp,largo da neta,"1,989 €",2026-05-15_dgeg_postos_raw.csv,2e2b7c60c181b55a
2026-05-15,2026-05-15 14:31:32,2026-05-12 15:30:00,d11c332fd317ad47,d11c332fd317ad47_diesel_premium,PA Alvite (Moimenta da Beira),BP,diesel_premium,Gasóleo especial,Outro,2.039,Moimenta da Beira,Viseu,Largo da Neta,Alvite,3620-030,40.979572,-7.7127,pa alvite (moimenta da beira),bp,largo da neta,"2,039 €",2026-05-15_dgeg_postos_raw.csv,3ae39281f093b36c
2026-05-15,2026-05-15 14:31:32,2026-05-12 15:30:00,0b3e5cdd8f88a002,0b3e5cdd8f88a002_diesel_regular,"PARTÍCULA SORRIDENTE, LDA",PRIO,diesel_regular,Gasóleo simples,Outro,2.019,Sever do Vouga,Aveiro,Rua Nossa Senhora da Graça,Talhadas,3740-412,40.66011,-8.33056,"partícula sorridente, lda",prio,rua nossa senhora da graça,"2,019 €",2026-05-15_dgeg_postos_raw.csv,bf628a96268165ee
2026-05-15,2026-05-15 14:31:32,2026-05-12 15:30:00,0b3e5cdd8f88a002,0b3e5cdd8f88a002_diesel_premium,"PARTÍCULA SORRIDENTE, LDA",PRIO,diesel_premium,Gasóleo especial,Outro,1.999,Sever do Vouga,Aveiro,Rua Nossa Senhora da Graça,Talhadas,3740-412,40.66011,-8.33056,"partícula sorridente, lda",prio,rua nossa senhora da graça,"1,999 €",2026-05-15_dgeg_postos_raw.csv,25a44310f83e38fe
2026-05-15,2026-05-15 14:31:32,2026-05-12 15:30:00,0b3e5cdd8f88a002,0b3e5cdd8f88a002_gasoline_95,"PARTÍCULA SORRIDENTE, LDA",PRIO,gasoline_95,Gasolina simples 95,Outro,2.019,Sever do Vouga,Aveiro,Rua Nossa Senhora da Graça,Talhadas,3740-412,40.66011,-8.33056,"partícula sorridente, lda",prio,rua nossa senhora da graça,"2,019 €",2026-05-15_dgeg_postos_raw.csv,d3d7cdc8361c093b
2026-05-15,2026-05-15 14:31:32,2026-05-12 15:35:00,b4d9c0d92972670b,b4d9c0d92972670b_gasoline_95,PETROPRIX Covilhã,PETROPRIX,gasoline_95,Gasolina simples 95,Outro,1.859,Covilhã,Castelo Branco,Alameda Pêro da Covilhã - Quinta das Laranjeiras,Covilhã,6200-507,40.268307,-7.505144,petroprix covilhã,petroprix,alameda pêro da covilhã - quinta das laranjeiras,"1,859 €",2026-05-15_dgeg_postos_raw.csv,775411812c2b30a4
2026-05-15,2026-05-15 14:31:32,2026-05-12 15:35:00,b4d9c0d92972670b,b4d9c0d92972670b_diesel_regular,PETROPRIX Covilhã,PETROPRIX,diesel_regular,Gasóleo simples,Outro,1.879,Covilhã,Castelo Branco,Alameda Pêro da Covilhã - Quinta das Laranjeiras,Covilhã,6200-507,40.268307,-7.505144,petroprix covilhã,petroprix,alameda pêro da covilhã - quinta das laranjeiras,"1,879 €",2026-05-15_dgeg_postos_raw.csv,5a58cfa2007470d5
2026-05-15,2026-05-15 14:31:32,2026-05-12 15:35:00,6a6ee9a77125fd5a,6a6ee9a77125fd5a_diesel_regular,PETROPRIX Pedroso,PETROPRIX,diesel_regular,Gasóleo simples,Outro,1.879,Vila Nova de Gaia,Porto,"Rua da Seada, Lote 1",Pedroso,4415-342,41.049908,-8.565804,petroprix pedroso,petroprix,"rua da seada, lote 1","1,879 €",2026-05-15_dgeg_postos_raw.csv,fb57df4daf5c0493
2026-05-15,2026-05-15 14:31:32,2026-05-12 15:35:00,6a6ee9a77125fd5a,6a6ee9a77125fd5a_gasoline_95,PETROPRIX Pedroso,PETROPRIX,gasoline_95,Gasolina simples 95,Outro,1.869,Vila Nova de Gaia,Porto,"Rua da Seada, Lote 1",Pedroso,4415-342,41.049908,-8.565804,petroprix pedroso,petroprix,"rua da seada, lote 1","1,869 €",2026-05-15_dgeg_postos_raw.csv,11a5adaa3df00417
2026-05-15,2026-05-15 14:31:32,2026-05-12 15:40:00,5a0646607ce1693a,5a0646607ce1693a_gasoline_95,PETROPRIX Sintra 1 - Massamá,PETROPRIX,gasoline_95,Gasolina simples 95,Outro,1.939,Sintra,Lisboa,Avenida Salgueiro Maia n.º 101 e Rua Cidade de Hull n.º 29,Agualva-Cacém,2735-211,38.766922,-9.279598,petroprix sintra 1 - massamá,petroprix,avenida salgueiro maia n.º 101 e rua cidade de hull n.º 29,"1,939 €",2026-05-15_dgeg_postos_raw.csv,faca406940d70193
2026-05-15,2026-05-15 14:31:32,2026-05-12 15:40:00,5a0646607ce1693a,5a0646607ce1693a_diesel_regular,PETROPRIX Sintra 1 - Massamá,PETROPRIX,diesel_regular,Gasóleo simples,Outro,1.889,Sintra,Lisboa,Avenida Salgueiro Maia n.º 101 e Rua Cidade de Hull n.º 29,Agualva-Cacém,2735-211,38.766922,-9.279598,petroprix sintra 1 - massamá,petroprix,avenida salgueiro maia n.º 101 e rua cidade de hull n.º 29,"1,889 €",2026-05-15_dgeg_postos_raw.csv,42b096515420fe05
2026-05-15,2026-05-15 14:31:32,2026-05-12 15:40:00,f33308731b714ab4,f33308731b714ab4_diesel_premium,CLGF.LDA,FREITAS,diesel_premium,Gasóleo especial,Outro,2.079,Sabugal,Guarda,"EN 324 , Nº1",Cerdeira,6320-131,40.50452,-7.039117,clgf.lda,freitas,"en 324 , nº1","2,079 €",2026-05-15_dgeg_postos_raw.csv,695bce497a13e1f7
2026-05-15,2026-05-15 14:31:32,2026-05-12 15:40:00,fd3d6b29a2dbdeeb,fd3d6b29a2dbdeeb_diesel_regular,Bp Cuba,BP,diesel_regular,Gasóleo simples,Outro,2.069,Cuba,Beja,Alameda Bento de Jesus Caraça S/N,Cuba,7940-101,38.160785,-7.89581,bp cuba,bp,alameda bento de jesus caraça s/n,"2,069 €",2026-05-15_dgeg_postos_raw.csv,1e623cfd106549ed
2026-05-15,2026-05-15 14:31:32,2026-05-12 15:40:00,fd3d6b29a2dbdeeb,fd3d6b29a2dbdeeb_diesel_premium,Bp Cuba,BP,diesel_premium,Gasóleo especial,Outro,2.229,Cuba,Beja,Alameda Bento de Jesus Caraça S/N,Cuba,7940-101,38.160785,-7.89581,bp cuba,bp,alameda bento de jesus caraça s/n,"2,229 €",2026-05-15_dgeg_postos_raw.csv,c6b1557d35069a7a
2026-05-15,2026-05-15 14:31:32,2026-05-12 15:40:00,fd3d6b29a2dbdeeb,fd3d6b29a2dbdeeb_gasoline_95,Bp Cuba,BP,gasoline_95,Gasolina simples 95,Outro,2.099,Cuba,Beja,Alameda Bento de Jesus Caraça S/N,Cuba,7940-101,38.160785,-7.89581,bp cuba,bp,alameda bento de jesus caraça s/n,"2,099 €",2026-05-15_dgeg_postos_raw.csv,aac2050683aaa180
2026-05-15,2026-05-15 14:31:32,2026-05-12 15:40:00,6ddcad96d8113e18,6ddcad96d8113e18_diesel_regular,PRIO SATAO,PRIO,diesel_regular,Gasóleo simples,Outro,1.979,Sátão,Viseu,EN 229,Barreiros - Brufe,3560-133,40.736841,-7.775877,prio satao,prio,en 229,"1,979 €",2026-05-15_dgeg_postos_raw.csv,56bf35c0788aae84
2026-05-15,2026-05-15 14:31:32,2026-05-12 15:40:00,6ddcad96d8113e18,6ddcad96d8113e18_diesel_premium,PRIO SATAO,PRIO,diesel_premium,Gasóleo especial,Outro,1.979,Sátão,Viseu,EN 229,Barreiros - Brufe,3560-133,40.736841,-7.775877,prio satao,prio,en 229,"1,979 €",2026-05-15_dgeg_postos_raw.csv,853ff2be927e385c
2026-05-15,2026-05-15 14:31:32,2026-05-12 15:40:00,6ddcad96d8113e18,6ddcad96d8113e18_gasoline_95,PRIO SATAO,PRIO,gasoline_95,Gasolina simples 95,Outro,1.989,Sátão,Viseu,EN 229,Barreiros - Brufe,3560-133,40.736841,-7.775877,prio satao,prio,en 229,"1,989 €",2026-05-15_dgeg_postos_raw.csv,5e082a1f757a11ac
2026-05-15,2026-05-15 14:31:32,2026-05-12 15:40:00,f33308731b714ab4,f33308731b714ab4_diesel_regular,CLGF.LDA,FREITAS,diesel_regular,Gasóleo simples,Outro,2.059,Sabugal,Guarda,"EN 324 , Nº1",Cerdeira,6320-131,40.50452,-7.039117,clgf.lda,freitas,"en 324 , nº1","2,059 €",2026-05-15_dgeg_postos_raw.csv,72f2d5e39249e33c
2026-05-15,2026-05-15 14:31:32,2026-05-12 15:40:00,f33308731b714ab4,f33308731b714ab4_gasoline_95,CLGF.LDA,FREITAS,gasoline_95,Gasolina simples 95,Outro,2.062,Sabugal,Guarda,"EN 324 , Nº1",Cerdeira,6320-131,40.50452,-7.039117,clgf.lda,freitas,"en 324 , nº1","2,062 €",2026-05-15_dgeg_postos_raw.csv,6a7f27c4094d1a9b
2026-05-15,2026-05-15 14:31:32,2026-05-12 15:45:00,9bd80bb1f92d06f7,9bd80bb1f92d06f7_diesel_regular,GASPE Vilarandelo,GASPE,diesel_regular,Gasóleo simples,Outro,2.059,Valpaços,Vila Real,"Rua Professora Amélia Castelo,196",Vilarandelo,5430-659,41.663982,-7.325851,gaspe vilarandelo,gaspe,"rua professora amélia castelo,196","2,059 €",2026-05-15_dgeg_postos_raw.csv,bbdcebe19f1de408
2026-05-15,2026-05-15 14:31:32,2026-05-12 15:45:00,9bd80bb1f92d06f7,9bd80bb1f92d06f7_gasoline_95,GASPE Vilarandelo,GASPE,gasoline_95,Gasolina simples 95,Outro,2.062,Valpaços,Vila Real,"Rua Professora Amélia Castelo,196",Vilarandelo,5430-659,41.663982,-7.325851,gaspe vilarandelo,gaspe,"rua professora amélia castelo,196","2,062 €",2026-05-15_dgeg_postos_raw.csv,11805d50786ceee5
2026-05-15,2026-05-15 14:31:32,2026-05-12 15:45:00,72ff6d1004db8a1f,72ff6d1004db8a1f_gasoline_98,BP Runa,BP,gasoline_98,Gasolina especial 98,Outro,2.319,Torres Vedras,Lisboa,"E.N. 248, Rua da Liberdade, n.º 1A",Runa,2565-737,39.060986,-9.2098,bp runa,bp,"e.n. 248, rua da liberdade, n.º 1a","2,319 €",2026-05-15_dgeg_postos_raw.csv,9bcece99ae26f0eb
2026-05-15,2026-05-15 14:31:32,2026-05-12 15:45:00,72ff6d1004db8a1f,72ff6d1004db8a1f_diesel_regular,BP Runa,BP,diesel_regular,Gasóleo simples,Outro,2.109,Torres Vedras,Lisboa,"E.N. 248, Rua da Liberdade, n.º 1A",Runa,2565-737,39.060986,-9.2098,bp runa,bp,"e.n. 248, rua da liberdade, n.º 1a","2,109 €",2026-05-15_dgeg_postos_raw.csv,9cc1bbe3fccaa57e
2026-05-15,2026-05-15 14:31:32,2026-05-12 15:45:00,72ff6d1004db8a1f,72ff6d1004db8a1f_diesel_premium,BP Runa,BP,diesel_premium,Gasóleo especial,Outro,2.249,Torres Vedras,Lisboa,"E.N. 248, Rua da Liberdade, n.º 1A",Runa,2565-737,39.060986,-9.2098,bp runa,bp,"e.n. 248, rua da liberdade, n.º 1a","2,249 €",2026-05-15_dgeg_postos_raw.csv,192681f41e13cee3
2026-05-15,2026-05-15 14:31:32,2026-05-12 15:45:00,72ff6d1004db8a1f,72ff6d1004db8a1f_gasoline_95,BP Runa,BP,gasoline_95,Gasolina simples 95,Outro,2.099,Torres Vedras,Lisboa,"E.N. 248, Rua da Liberdade, n.º 1A",Runa,2565-737,39.060986,-9.2098,bp runa,bp,"e.n. 248, rua da liberdade, n.º 1a","2,099 €",2026-05-15_dgeg_postos_raw.csv,f1410682c9e06ad0
2026-05-15,2026-05-15 14:31:32,2026-05-12 16:00:00,115a4d6c5e00af3c,115a4d6c5e00af3c_diesel_premium,OEIRAS,BP,diesel_premium,Gasóleo especial,Outro,2.229,Oeiras,Lisboa,Estrada Marginal,Oeiras - Alto da Barra,2780-267,38.681157,-9.316065,oeiras,bp,estrada marginal,"2,229 €",2026-05-15_dgeg_postos_raw.csv,58642a1217981d4a
2026-05-15,2026-05-15 14:31:32,2026-05-12 16:00:00,115a4d6c5e00af3c,115a4d6c5e00af3c_diesel_regular,OEIRAS,BP,diesel_regular,Gasóleo simples,Outro,2.109,Oeiras,Lisboa,Estrada Marginal,Oeiras - Alto da Barra,2780-267,38.681157,-9.316065,oeiras,bp,estrada marginal,"2,109 €",2026-05-15_dgeg_postos_raw.csv,f751ed71d331f2d8
2026-05-15,2026-05-15 14:31:32,2026-05-12 16:00:00,115a4d6c5e00af3c,115a4d6c5e00af3c_gasoline_95,OEIRAS,BP,gasoline_95,Gasolina simples 95,Outro,2.099,Oeiras,Lisboa,Estrada Marginal,Oeiras - Alto da Barra,2780-267,38.681157,-9.316065,oeiras,bp,estrada marginal,"2,099 €",2026-05-15_dgeg_postos_raw.csv,95caa66cf63c0a16
2026-05-15,2026-05-15 14:31:32,2026-05-12 16:00:00,164cf8680afac14d,164cf8680afac14d_diesel_regular,BP Madalena,BP,diesel_regular,Gasóleo simples,Outro,2.079,Vila Nova de Gaia,Porto,Rua Escola do Maninho 260,Vila Nova de Gaia,4405-794,41.109535,-8.632258,bp madalena,bp,rua escola do maninho 260,"2,079 €",2026-05-15_dgeg_postos_raw.csv,c524a28524d9af7a
2026-05-15,2026-05-15 14:31:32,2026-05-12 16:00:00,164cf8680afac14d,164cf8680afac14d_gasoline_95,BP Madalena,BP,gasoline_95,Gasolina simples 95,Outro,2.069,Vila Nova de Gaia,Porto,Rua Escola do Maninho 260,Vila Nova de Gaia,4405-794,41.109535,-8.632258,bp madalena,bp,rua escola do maninho 260,"2,069 €",2026-05-15_dgeg_postos_raw.csv,01b96a5e418aff85
2026-05-15,2026-05-15 14:31:32,2026-05-12 16:00:00,164cf8680afac14d,164cf8680afac14d_diesel_premium,BP Madalena,BP,diesel_premium,Gasóleo especial,Outro,2.229,Vila Nova de Gaia,Porto,Rua Escola do Maninho 260,Vila Nova de Gaia,4405-794,41.109535,-8.632258,bp madalena,bp,rua escola do maninho 260,"2,229 €",2026-05-15_dgeg_postos_raw.csv,81f1c27e8a13f4da
2026-05-15,2026-05-15 14:31:32,2026-05-12 16:00:00,164cf8680afac14d,164cf8680afac14d_gasoline_98,BP Madalena,BP,gasoline_98,Gasolina especial 98,Outro,2.299,Vila Nova de Gaia,Porto,Rua Escola do Maninho 260,Vila Nova de Gaia,4405-794,41.109535,-8.632258,bp madalena,bp,rua escola do maninho 260,"2,299 €",2026-05-15_dgeg_postos_raw.csv,ed00aad28e1e7610
2026-05-15,2026-05-15 14:31:32,2026-05-12 16:00:00,c71756a656b513ac,c71756a656b513ac_diesel_regular,GABARITO PRINCIPAL LDA,SHELL,diesel_regular,Gasóleo simples,Outro,2.029,Mogadouro,Bragança,AVENIDA DO SABOR,Mogadouro,5200-204,41.345251,-6.705865,gabarito principal lda,shell,avenida do sabor,"2,029 €",2026-05-15_dgeg_postos_raw.csv,c0eca361f4c0f515
2026-05-15,2026-05-15 14:31:32,2026-05-12 16:00:00,c71756a656b513ac,c71756a656b513ac_diesel_premium,GABARITO PRINCIPAL LDA,SHELL,diesel_premium,Gasóleo especial,Outro,2.059,Mogadouro,Bragança,AVENIDA DO SABOR,Mogadouro,5200-204,41.345251,-6.705865,gabarito principal lda,shell,avenida do sabor,"2,059 €",2026-05-15_dgeg_postos_raw.csv,013aa4bfd8cc2ab2
2026-05-15,2026-05-15 14:31:32,2026-05-12 16:00:00,c71756a656b513ac,c71756a656b513ac_gasoline_95,GABARITO PRINCIPAL LDA,SHELL,gasoline_95,Gasolina simples 95,Outro,2.039,Mogadouro,Bragança,AVENIDA DO SABOR,Mogadouro,5200-204,41.345251,-6.705865,gabarito principal lda,shell,avenida do sabor,"2,039 €",2026-05-15_dgeg_postos_raw.csv,d9ffe95c82757cbd
2026-05-15,2026-05-15 14:31:32,2026-05-12 16:00:00,f4d6969863ab3044,f4d6969863ab3044_diesel_regular,BP Abóboda,BP,diesel_regular,Gasóleo simples,Outro,2.109,Cascais,Lisboa,Estrada Conceição da Abóboda,S. Domingos de Rana,2785-543,38.728103,-9.328885,bp abóboda,bp,estrada conceição da abóboda,"2,109 €",2026-05-15_dgeg_postos_raw.csv,7b357c77162843f7
2026-05-15,2026-05-15 14:31:32,2026-05-12 16:00:00,f4d6969863ab3044,f4d6969863ab3044_gasoline_95,BP Abóboda,BP,gasoline_95,Gasolina simples 95,Outro,2.099,Cascais,Lisboa,Estrada Conceição da Abóboda,S. Domingos de Rana,2785-543,38.728103,-9.328885,bp abóboda,bp,estrada conceição da abóboda,"2,099 €",2026-05-15_dgeg_postos_raw.csv,cb7a89fc8ccbb8dd
2026-05-15,2026-05-15 14:31:32,2026-05-12 16:00:00,f4d6969863ab3044,f4d6969863ab3044_gasoline_98,BP Abóboda,BP,gasoline_98,Gasolina especial 98,Outro,2.299,Cascais,Lisboa,Estrada Conceição da Abóboda,S. Domingos de Rana,2785-543,38.728103,-9.328885,bp abóboda,bp,estrada conceição da abóboda,"2,299 €",2026-05-15_dgeg_postos_raw.csv,b9a55d3d2b811b70
2026-05-15,2026-05-15 14:31:32,2026-05-12 16:00:00,f4d6969863ab3044,f4d6969863ab3044_diesel_premium,BP Abóboda,BP,diesel_premium,Gasóleo especial,Outro,2.229,Cascais,Lisboa,Estrada Conceição da Abóboda,S. Domingos de Rana,2785-543,38.728103,-9.328885,bp abóboda,bp,estrada conceição da abóboda,"2,229 €",2026-05-15_dgeg_postos_raw.csv,ed8ce11f0351d184
2026-05-15,2026-05-15 14:31:32,2026-05-12 16:00:00,f6bb8069db917b74,f6bb8069db917b74_diesel_regular,BP BOM SUCESSO,BP,diesel_regular,Gasóleo simples,Outro,2.109,Lisboa,Lisboa,Av. de Brasília,Lisboa,1400-038,38.69376,-9.212198,bp bom sucesso,bp,av. de brasília,"2,109 €",2026-05-15_dgeg_postos_raw.csv,76c1f2185caa9d45
2026-05-15,2026-05-15 14:31:32,2026-05-12 16:00:00,f6bb8069db917b74,f6bb8069db917b74_diesel_premium,BP BOM SUCESSO,BP,diesel_premium,Gasóleo especial,Outro,2.229,Lisboa,Lisboa,Av. de Brasília,Lisboa,1400-038,38.69376,-9.212198,bp bom sucesso,bp,av. de brasília,"2,229 €",2026-05-15_dgeg_postos_raw.csv,ff855cae92bbc65b
2026-05-15,2026-05-15 14:31:32,2026-05-12 16:00:00,f6bb8069db917b74,f6bb8069db917b74_gasoline_95,BP BOM SUCESSO,BP,gasoline_95,Gasolina simples 95,Outro,2.099,Lisboa,Lisboa,Av. de Brasília,Lisboa,1400-038,38.69376,-9.212198,bp bom sucesso,bp,av. de brasília,"2,099 €",2026-05-15_dgeg_postos_raw.csv,1438fc8dbea10442
2026-05-15,2026-05-15 14:31:32,2026-05-12 16:05:00,1f21ca58f481512e,1f21ca58f481512e_diesel_regular,Auto Petro Diz & Diz Lda,BP,diesel_regular,Gasóleo simples,Outro,2.129,Vimioso,Bragança,EN 317,Carção,5230-125,41.59052,-6.59719,auto petro diz & diz lda,bp,en 317,"2,129 €",2026-05-15_dgeg_postos_raw.csv,6b166731084602a7
2026-05-15,2026-05-15 14:31:32,2026-05-12 16:05:00,1f21ca58f481512e,1f21ca58f481512e_gasoline_95,Auto Petro Diz & Diz Lda,BP,gasoline_95,Gasolina simples 95,Outro,2.099,Vimioso,Bragança,EN 317,Carção,5230-125,41.59052,-6.59719,auto petro diz & diz lda,bp,en 317,"2,099 €",2026-05-15_dgeg_postos_raw.csv,64cb0d7a99586caa
2026-05-15,2026-05-15 14:31:32,2026-05-12 16:20:00,88604f474da05fcd,88604f474da05fcd_diesel_regular,PA Vila Verde de Ficalho,ALVES BANDEIRA,diesel_regular,Gasóleo simples,Outro,2.075,Serpa,Beja,Rua do Outeiro nº 54,Vila Verde de Ficalho,7830-654,37.946495,-7.307253,pa vila verde de ficalho,alves bandeira,rua do outeiro nº 54,"2,075 €",2026-05-15_dgeg_postos_raw.csv,32f41de4c955c323
2026-05-15,2026-05-15 14:31:32,2026-05-12 16:20:00,88604f474da05fcd,88604f474da05fcd_diesel_premium,PA Vila Verde de Ficalho,ALVES BANDEIRA,diesel_premium,Gasóleo especial,Outro,2.095,Serpa,Beja,Rua do Outeiro nº 54,Vila Verde de Ficalho,7830-654,37.946495,-7.307253,pa vila verde de ficalho,alves bandeira,rua do outeiro nº 54,"2,095 €",2026-05-15_dgeg_postos_raw.csv,0dde92ffbb5a563b
2026-05-15,2026-05-15 14:31:32,2026-05-12 16:20:00,88604f474da05fcd,88604f474da05fcd_gasoline_95,PA Vila Verde de Ficalho,ALVES BANDEIRA,gasoline_95,Gasolina simples 95,Outro,2.081,Serpa,Beja,Rua do Outeiro nº 54,Vila Verde de Ficalho,7830-654,37.946495,-7.307253,pa vila verde de ficalho,alves bandeira,rua do outeiro nº 54,"2,081 €",2026-05-15_dgeg_postos_raw.csv,daab6da1213a2436
2026-05-15,2026-05-15 14:31:32,2026-05-12 16:25:00,735349607c305b3b,735349607c305b3b_diesel_regular,CANTANHEDE,BP,diesel_regular,Gasóleo simples,Outro,2.059,Cantanhede,Coimbra,"Rotunda da EN 234/EN 234-1 Km 1,6",Cantanhede,3060-124,40.34788,-8.58496,cantanhede,bp,"rotunda da en 234/en 234-1 km 1,6","2,059 €",2026-05-15_dgeg_postos_raw.csv,9aca0d1483df5685
2026-05-15,2026-05-15 14:31:32,2026-05-12 16:25:00,735349607c305b3b,735349607c305b3b_diesel_premium,CANTANHEDE,BP,diesel_premium,Gasóleo especial,Outro,2.229,Cantanhede,Coimbra,"Rotunda da EN 234/EN 234-1 Km 1,6",Cantanhede,3060-124,40.34788,-8.58496,cantanhede,bp,"rotunda da en 234/en 234-1 km 1,6","2,229 €",2026-05-15_dgeg_postos_raw.csv,bcef510046e61820
2026-05-15,2026-05-15 14:31:32,2026-05-12 16:25:00,735349607c305b3b,735349607c305b3b_gasoline_95,CANTANHEDE,BP,gasoline_95,Gasolina simples 95,Outro,2.049,Cantanhede,Coimbra,"Rotunda da EN 234/EN 234-1 Km 1,6",Cantanhede,3060-124,40.34788,-8.58496,cantanhede,bp,"rotunda da en 234/en 234-1 km 1,6","2,049 €",2026-05-15_dgeg_postos_raw.csv,67c00b654e3bea83
2026-05-15,2026-05-15 14:31:32,2026-05-12 16:25:00,735349607c305b3b,735349607c305b3b_gasoline_98,CANTANHEDE,BP,gasoline_98,Gasolina especial 98,Outro,2.299,Cantanhede,Coimbra,"Rotunda da EN 234/EN 234-1 Km 1,6",Cantanhede,3060-124,40.34788,-8.58496,cantanhede,bp,"rotunda da en 234/en 234-1 km 1,6","2,299 €",2026-05-15_dgeg_postos_raw.csv,4776c40908f67352
2026-05-15,2026-05-15 14:31:32,2026-05-12 16:25:00,4b8182a1bb4fe1cc,4b8182a1bb4fe1cc_diesel_regular,BP - Murtede,BP,diesel_regular,Gasóleo simples,Outro,2.059,Cantanhede,Coimbra,EN 234 Km 22,Murtede,3060-371,40.3587679927,-8.52622900767,bp - murtede,bp,en 234 km 22,"2,059 €",2026-05-15_dgeg_postos_raw.csv,c2373be9dd970c72
2026-05-15,2026-05-15 14:31:32,2026-05-12 16:25:00,4b8182a1bb4fe1cc,4b8182a1bb4fe1cc_diesel_premium,BP - Murtede,BP,diesel_premium,Gasóleo especial,Outro,2.229,Cantanhede,Coimbra,EN 234 Km 22,Murtede,3060-371,40.3587679927,-8.52622900767,bp - murtede,bp,en 234 km 22,"2,229 €",2026-05-15_dgeg_postos_raw.csv,77294014657878af
2026-05-15,2026-05-15 14:31:32,2026-05-12 16:25:00,4b8182a1bb4fe1cc,4b8182a1bb4fe1cc_gasoline_95,BP - Murtede,BP,gasoline_95,Gasolina simples 95,Outro,2.049,Cantanhede,Coimbra,EN 234 Km 22,Murtede,3060-371,40.3587679927,-8.52622900767,bp - murtede,bp,en 234 km 22,"2,049 €",2026-05-15_dgeg_postos_raw.csv,bf58b0788fce7c70
2026-05-15,2026-05-15 14:31:32,2026-05-12 16:25:00,4b8182a1bb4fe1cc,4b8182a1bb4fe1cc_gasoline_98,BP - Murtede,BP,gasoline_98,Gasolina especial 98,Outro,2.299,Cantanhede,Coimbra,EN 234 Km 22,Murtede,3060-371,40.3587679927,-8.52622900767,bp - murtede,bp,en 234 km 22,"2,299 €",2026-05-15_dgeg_postos_raw.csv,d445430ded708713
2026-05-15,2026-05-15 14:31:32,2026-05-12 16:30:00,7cc2cae4eefa7317,7cc2cae4eefa7317_diesel_regular,BP Marco de Canavezes  (Norte),BP,diesel_regular,Gasóleo simples,Outro,2.109,Marco de Canaveses,Porto,"Avenida Gago Coutinho, 248",Marco de Canaveses,4630-206,41.187843,-8.145531,bp marco de canavezes (norte),bp,"avenida gago coutinho, 248","2,109 €",2026-05-15_dgeg_postos_raw.csv,2d8e0aa7d29fae5c
2026-05-15,2026-05-15 14:31:32,2026-05-12 16:30:00,7cc2cae4eefa7317,7cc2cae4eefa7317_diesel_premium,BP Marco de Canavezes  (Norte),BP,diesel_premium,Gasóleo especial,Outro,2.229,Marco de Canaveses,Porto,"Avenida Gago Coutinho, 248",Marco de Canaveses,4630-206,41.187843,-8.145531,bp marco de canavezes (norte),bp,"avenida gago coutinho, 248","2,229 €",2026-05-15_dgeg_postos_raw.csv,98d7e203af48e6b6
2026-05-15,2026-05-15 14:31:32,2026-05-12 16:30:00,7cc2cae4eefa7317,7cc2cae4eefa7317_gasoline_95,BP Marco de Canavezes  (Norte),BP,gasoline_95,Gasolina simples 95,Outro,2.099,Marco de Canaveses,Porto,"Avenida Gago Coutinho, 248",Marco de Canaveses,4630-206,41.187843,-8.145531,bp marco de canavezes (norte),bp,"avenida gago coutinho, 248","2,099 €",2026-05-15_dgeg_postos_raw.csv,9694577f3849d322
2026-05-15,2026-05-15 14:31:32,2026-05-12 16:30:00,7cc2cae4eefa7317,7cc2cae4eefa7317_gasoline_98,BP Marco de Canavezes  (Norte),BP,gasoline_98,Gasolina especial 98,Outro,2.299,Marco de Canaveses,Porto,"Avenida Gago Coutinho, 248",Marco de Canaveses,4630-206,41.187843,-8.145531,bp marco de canavezes (norte),bp,"avenida gago coutinho, 248","2,299 €",2026-05-15_dgeg_postos_raw.csv,1d1dd114e8600bc8
2026-05-15,2026-05-15 14:31:32,2026-05-12 16:35:00,0c13f37e3fade811,0c13f37e3fade811_gasoline_98,BP Marco de Canavezesb (Sul),BP,gasoline_98,Gasolina especial 98,Outro,2.299,Marco de Canaveses,Porto,"Av. Gago Coutinho,248",Marco de Canaveses,4630-206,41.18764,-8.145383,bp marco de canavezesb (sul),bp,"av. gago coutinho,248","2,299 €",2026-05-15_dgeg_postos_raw.csv,672c9575bfdf642a
2026-05-15,2026-05-15 14:31:32,2026-05-12 16:35:00,0c13f37e3fade811,0c13f37e3fade811_diesel_regular,BP Marco de Canavezesb (Sul),BP,diesel_regular,Gasóleo simples,Outro,2.109,Marco de Canaveses,Porto,"Av. Gago Coutinho,248",Marco de Canaveses,4630-206,41.18764,-8.145383,bp marco de canavezesb (sul),bp,"av. gago coutinho,248","2,109 €",2026-05-15_dgeg_postos_raw.csv,d0967af4bf9932a5
2026-05-15,2026-05-15 14:31:32,2026-05-12 16:35:00,0c13f37e3fade811,0c13f37e3fade811_diesel_premium,BP Marco de Canavezesb (Sul),BP,diesel_premium,Gasóleo especial,Outro,2.229,Marco de Canaveses,Porto,"Av. Gago Coutinho,248",Marco de Canaveses,4630-206,41.18764,-8.145383,bp marco de canavezesb (sul),bp,"av. gago coutinho,248","2,229 €",2026-05-15_dgeg_postos_raw.csv,9476bf67eefff8eb
2026-05-15,2026-05-15 14:31:32,2026-05-12 16:35:00,0c13f37e3fade811,0c13f37e3fade811_gasoline_95,BP Marco de Canavezesb (Sul),BP,gasoline_95,Gasolina simples 95,Outro,2.099,Marco de Canaveses,Porto,"Av. Gago Coutinho,248",Marco de Canaveses,4630-206,41.18764,-8.145383,bp marco de canavezesb (sul),bp,"av. gago coutinho,248","2,099 €",2026-05-15_dgeg_postos_raw.csv,e8c47d86254a988a
2026-05-15,2026-05-15 14:31:32,2026-05-12 16:40:00,b7e824c35b2f6efb,b7e824c35b2f6efb_diesel_regular,E.S. S. JOAO MADEIRA I,REPSOL,diesel_regular,Gasóleo simples,Outro,2.029,São João da Madeira,Aveiro,Rua Dr. Oliveira Júnior nº 630,São João da Madeira,3700-242,40.904331,-8.495301,e.s. s. joao madeira i,repsol,rua dr. oliveira júnior nº 630,"2,029 €",2026-05-15_dgeg_postos_raw.csv,6aa2082089a6b313
2026-05-15,2026-05-15 14:31:32,2026-05-12 16:40:00,b7e824c35b2f6efb,b7e824c35b2f6efb_diesel_premium,E.S. S. JOAO MADEIRA I,REPSOL,diesel_premium,Gasóleo especial,Outro,2.089,São João da Madeira,Aveiro,Rua Dr. Oliveira Júnior nº 630,São João da Madeira,3700-242,40.904331,-8.495301,e.s. s. joao madeira i,repsol,rua dr. oliveira júnior nº 630,"2,089 €",2026-05-15_dgeg_postos_raw.csv,ece473b4e3d31d42
2026-05-15,2026-05-15 14:31:32,2026-05-12 16:40:00,b7e824c35b2f6efb,b7e824c35b2f6efb_gasoline_95,E.S. S. JOAO MADEIRA I,REPSOL,gasoline_95,Gasolina simples 95,Outro,2.027,São João da Madeira,Aveiro,Rua Dr. Oliveira Júnior nº 630,São João da Madeira,3700-242,40.904331,-8.495301,e.s. s. joao madeira i,repsol,rua dr. oliveira júnior nº 630,"2,027 €",2026-05-15_dgeg_postos_raw.csv,8bb43a5fc82982ac
2026-05-15,2026-05-15 14:31:32,2026-05-12 16:40:00,b7e824c35b2f6efb,b7e824c35b2f6efb_gasoline_98,E.S. S. JOAO MADEIRA I,REPSOL,gasoline_98,Gasolina especial 98,Outro,2.217,São João da Madeira,Aveiro,Rua Dr. Oliveira Júnior nº 630,São João da Madeira,3700-242,40.904331,-8.495301,e.s. s. joao madeira i,repsol,rua dr. oliveira júnior nº 630,"2,217 €",2026-05-15_dgeg_postos_raw.csv,9f78a79ffbc9fb83
2026-05-15,2026-05-15 14:31:32,2026-05-12 16:40:00,26329acc671bfccd,26329acc671bfccd_diesel_regular,E.S. AGUEDA CENTRO,REPSOL,diesel_regular,Gasóleo simples,Outro,2.029,Águeda,Aveiro,Rua Dr. António Breda,Águeda,3750-000,40.576367,-8.449411,e.s. agueda centro,repsol,rua dr. antónio breda,"2,029 €",2026-05-15_dgeg_postos_raw.csv,966ef3de4df2802b
2026-05-15,2026-05-15 14:31:32,2026-05-12 16:40:00,26329acc671bfccd,26329acc671bfccd_diesel_premium,E.S. AGUEDA CENTRO,REPSOL,diesel_premium,Gasóleo especial,Outro,2.089,Águeda,Aveiro,Rua Dr. António Breda,Águeda,3750-000,40.576367,-8.449411,e.s. agueda centro,repsol,rua dr. antónio breda,"2,089 €",2026-05-15_dgeg_postos_raw.csv,c20e4cb285a09c6e
2026-05-15,2026-05-15 14:31:32,2026-05-12 16:40:00,26329acc671bfccd,26329acc671bfccd_gasoline_95,E.S. AGUEDA CENTRO,REPSOL,gasoline_95,Gasolina simples 95,Outro,2.027,Águeda,Aveiro,Rua Dr. António Breda,Águeda,3750-000,40.576367,-8.449411,e.s. agueda centro,repsol,rua dr. antónio breda,"2,027 €",2026-05-15_dgeg_postos_raw.csv,65ad15996ffe26f2
2026-05-15,2026-05-15 14:31:32,2026-05-12 16:40:00,26329acc671bfccd,26329acc671bfccd_gasoline_98,E.S. AGUEDA CENTRO,REPSOL,gasoline_98,Gasolina especial 98,Outro,2.217,Águeda,Aveiro,Rua Dr. António Breda,Águeda,3750-000,40.576367,-8.449411,e.s. agueda centro,repsol,rua dr. antónio breda,"2,217 €",2026-05-15_dgeg_postos_raw.csv,cdda5cc7df25fedc
2026-05-15,2026-05-15 14:31:32,2026-05-12 16:50:00,d4ad40c2a6593b5a,d4ad40c2a6593b5a_diesel_regular,DURAES FERREIRA E COMPANHIA LDA,PRIO,diesel_regular,Gasóleo simples,Outro,1.969,Vila Nova de Famalicão,Braga,"Av. Silva Pereira, nº 600",Bairro,4765-014,41.37135,-8.43338,duraes ferreira e companhia lda,prio,"av. silva pereira, nº 600","1,969 €",2026-05-15_dgeg_postos_raw.csv,c147ba0b7f461e12
2026-05-15,2026-05-15 14:31:32,2026-05-12 16:50:00,d4ad40c2a6593b5a,d4ad40c2a6593b5a_diesel_premium,DURAES FERREIRA E COMPANHIA LDA,PRIO,diesel_premium,Gasóleo especial,Outro,1.959,Vila Nova de Famalicão,Braga,"Av. Silva Pereira, nº 600",Bairro,4765-014,41.37135,-8.43338,duraes ferreira e companhia lda,prio,"av. silva pereira, nº 600","1,959 €",2026-05-15_dgeg_postos_raw.csv,b2187b106df50482
2026-05-15,2026-05-15 14:31:32,2026-05-12 16:50:00,d4ad40c2a6593b5a,d4ad40c2a6593b5a_gasoline_95,DURAES FERREIRA E COMPANHIA LDA,PRIO,gasoline_95,Gasolina simples 95,Outro,1.949,Vila Nova de Famalicão,Braga,"Av. Silva Pereira, nº 600",Bairro,4765-014,41.37135,-8.43338,duraes ferreira e companhia lda,prio,"av. silva pereira, nº 600","1,949 €",2026-05-15_dgeg_postos_raw.csv,f0f5d61d91bbbb51
2026-05-15,2026-05-15 14:31:32,2026-05-12 16:50:00,8c852e42f0508f1c,8c852e42f0508f1c_diesel_regular,E.S. MATO DA TORRE,REPSOL,diesel_regular,Gasóleo simples,Outro,2.079,Cascais,Lisboa,Estrada Mata da Torre,São Domingos Rana,2775-000,38.71221,-9.33875,e.s. mato da torre,repsol,estrada mata da torre,"2,079 €",2026-05-15_dgeg_postos_raw.csv,944c20bce9294b7d
2026-05-15,2026-05-15 14:31:32,2026-05-12 16:50:00,8c852e42f0508f1c,8c852e42f0508f1c_diesel_premium,E.S. MATO DA TORRE,REPSOL,diesel_premium,Gasóleo especial,Outro,2.149,Cascais,Lisboa,Estrada Mata da Torre,São Domingos Rana,2775-000,38.71221,-9.33875,e.s. mato da torre,repsol,estrada mata da torre,"2,149 €",2026-05-15_dgeg_postos_raw.csv,732344c26338e092
2026-05-15,2026-05-15 14:31:32,2026-05-12 16:50:00,8c852e42f0508f1c,8c852e42f0508f1c_gasoline_95,E.S. MATO DA TORRE,REPSOL,gasoline_95,Gasolina simples 95,Outro,2.067,Cascais,Lisboa,Estrada Mata da Torre,São Domingos Rana,2775-000,38.71221,-9.33875,e.s. mato da torre,repsol,estrada mata da torre,"2,067 €",2026-05-15_dgeg_postos_raw.csv,932c2ada7ed20120
2026-05-15,2026-05-15 14:31:32,2026-05-12 16:50:00,8c852e42f0508f1c,8c852e42f0508f1c_gasoline_98,E.S. MATO DA TORRE,REPSOL,gasoline_98,Gasolina especial 98,Outro,2.267,Cascais,Lisboa,Estrada Mata da Torre,São Domingos Rana,2775-000,38.71221,-9.33875,e.s. mato da torre,repsol,estrada mata da torre,"2,267 €",2026-05-15_dgeg_postos_raw.csv,3bef3e31f6baccac
2026-05-15,2026-05-15 14:31:32,2026-05-12 16:50:00,2ac1dbf9a05343d8,2ac1dbf9a05343d8_diesel_premium,INTERMARCHÉ  Samora Correia,INTERMARCHÉ,diesel_premium,Gasóleo especial,Outro,1.959,Benavente,Santarém,Rua da Esteveira nº 4,Samora Correia,2135-218,38.938137,-8.864159,intermarché samora correia,intermarché,rua da esteveira nº 4,"1,959 €",2026-05-15_dgeg_postos_raw.csv,3b58e08e27acae01
2026-05-15,2026-05-15 14:31:32,2026-05-12 16:50:00,2ac1dbf9a05343d8,2ac1dbf9a05343d8_diesel_regular,INTERMARCHÉ  Samora Correia,INTERMARCHÉ,diesel_regular,Gasóleo simples,Outro,1.919,Benavente,Santarém,Rua da Esteveira nº 4,Samora Correia,2135-218,38.938137,-8.864159,intermarché samora correia,intermarché,rua da esteveira nº 4,"1,919 €",2026-05-15_dgeg_postos_raw.csv,ffae8d425428e574
2026-05-15,2026-05-15 14:31:32,2026-05-12 16:50:00,2ac1dbf9a05343d8,2ac1dbf9a05343d8_gasoline_95,INTERMARCHÉ  Samora Correia,INTERMARCHÉ,gasoline_95,Gasolina simples 95,Outro,1.949,Benavente,Santarém,Rua da Esteveira nº 4,Samora Correia,2135-218,38.938137,-8.864159,intermarché samora correia,intermarché,rua da esteveira nº 4,"1,949 €",2026-05-15_dgeg_postos_raw.csv,2ce35b6c97870c2f
2026-05-15,2026-05-15 14:31:32,2026-05-12 17:00:00,a331a1519726442b,a331a1519726442b_diesel_regular,PLENERGY - ABRANTES I,PLENERGY,diesel_regular,Gasóleo simples,Outro,1.887,Abrantes,Santarém,Avenida Dom João I,Abrantes,2200-233,39.472458,-8.19324,plenergy - abrantes i,plenergy,avenida dom joão i,"1,887 €",2026-05-15_dgeg_postos_raw.csv,514ca175c57a4f0a
2026-05-15,2026-05-15 14:31:32,2026-05-12 17:00:00,a331a1519726442b,a331a1519726442b_diesel_premium,PLENERGY - ABRANTES I,PLENERGY,diesel_premium,Gasóleo especial,Outro,1.937,Abrantes,Santarém,Avenida Dom João I,Abrantes,2200-233,39.472458,-8.19324,plenergy - abrantes i,plenergy,avenida dom joão i,"1,937 €",2026-05-15_dgeg_postos_raw.csv,db36b17e320bb87c
2026-05-15,2026-05-15 14:31:32,2026-05-12 17:00:00,a331a1519726442b,a331a1519726442b_gasoline_95,PLENERGY - ABRANTES I,PLENERGY,gasoline_95,Gasolina simples 95,Outro,1.819,Abrantes,Santarém,Avenida Dom João I,Abrantes,2200-233,39.472458,-8.19324,plenergy - abrantes i,plenergy,avenida dom joão i,"1,819 €",2026-05-15_dgeg_postos_raw.csv,e2702c279c9e34d8
2026-05-15,2026-05-15 14:31:32,2026-05-12 17:40:00,2088521387ee86c8,2088521387ee86c8_diesel_regular,BP Condeixa a Nova,BP,diesel_regular,Gasóleo simples,Outro,2.079,Condeixa-a-Nova,Coimbra,EN 342 - Palha Cana,Condeixa a nova,3150-259,40.107243,-8.51169,bp condeixa a nova,bp,en 342 - palha cana,"2,079 €",2026-05-15_dgeg_postos_raw.csv,f5f72ca5f6b6364e
2026-05-15,2026-05-15 14:31:32,2026-05-12 17:40:00,2088521387ee86c8,2088521387ee86c8_diesel_premium,BP Condeixa a Nova,BP,diesel_premium,Gasóleo especial,Outro,2.229,Condeixa-a-Nova,Coimbra,EN 342 - Palha Cana,Condeixa a nova,3150-259,40.107243,-8.51169,bp condeixa a nova,bp,en 342 - palha cana,"2,229 €",2026-05-15_dgeg_postos_raw.csv,2f57d58e0c2f7bee
2026-05-15,2026-05-15 14:31:32,2026-05-12 17:40:00,2088521387ee86c8,2088521387ee86c8_gasoline_95,BP Condeixa a Nova,BP,gasoline_95,Gasolina simples 95,Outro,2.069,Condeixa-a-Nova,Coimbra,EN 342 - Palha Cana,Condeixa a nova,3150-259,40.107243,-8.51169,bp condeixa a nova,bp,en 342 - palha cana,"2,069 €",2026-05-15_dgeg_postos_raw.csv,76dea1bb5eefedac
2026-05-15,2026-05-15 14:31:32,2026-05-12 17:40:00,2088521387ee86c8,2088521387ee86c8_gasoline_98,BP Condeixa a Nova,BP,gasoline_98,Gasolina especial 98,Outro,2.299,Condeixa-a-Nova,Coimbra,EN 342 - Palha Cana,Condeixa a nova,3150-259,40.107243,-8.51169,bp condeixa a nova,bp,en 342 - palha cana,"2,299 €",2026-05-15_dgeg_postos_raw.csv,fa9594a1611c3341
2026-05-15,2026-05-15 14:31:32,2026-05-12 17:40:00,b95fe6f7c1085dd0,b95fe6f7c1085dd0_diesel_regular,"LIMA & LIMA, Lda",Genérico,diesel_regular,Gasóleo simples,Outro,2.076,Póvoa de Varzim,Porto,"Rua da Codixeira, n.º 159",Aguçadoura,4495-025,41.43083,-8.77771,"lima & lima, lda",genérico,"rua da codixeira, n.º 159","2,076 €",2026-05-15_dgeg_postos_raw.csv,9d7cb8298763b5e2
2026-05-15,2026-05-15 14:31:32,2026-05-12 17:40:00,b95fe6f7c1085dd0,b95fe6f7c1085dd0_diesel_premium,"LIMA & LIMA, Lda",Genérico,diesel_premium,Gasóleo especial,Outro,2.118,Póvoa de Varzim,Porto,"Rua da Codixeira, n.º 159",Aguçadoura,4495-025,41.43083,-8.77771,"lima & lima, lda",genérico,"rua da codixeira, n.º 159","2,118 €",2026-05-15_dgeg_postos_raw.csv,234f4308aa991a0d
2026-05-15,2026-05-15 14:31:32,2026-05-12 17:40:00,b95fe6f7c1085dd0,b95fe6f7c1085dd0_gasoline_95,"LIMA & LIMA, Lda",Genérico,gasoline_95,Gasolina simples 95,Outro,2.057,Póvoa de Varzim,Porto,"Rua da Codixeira, n.º 159",Aguçadoura,4495-025,41.43083,-8.77771,"lima & lima, lda",genérico,"rua da codixeira, n.º 159","2,057 €",2026-05-15_dgeg_postos_raw.csv,15983657c8e0d768
2026-05-15,2026-05-15 14:31:32,2026-05-12 17:40:00,08841d051d4831df,08841d051d4831df_diesel_regular,COIMBRA - PEDRULHA,BP,diesel_regular,Gasóleo simples,Outro,2.089,Coimbra,Coimbra,Rotunda da Pedrulha,Coimbra-Cabeço da Romeira,3020-000,40.238182,-8.43772,coimbra - pedrulha,bp,rotunda da pedrulha,"2,089 €",2026-05-15_dgeg_postos_raw.csv,2c74829db49a663f
2026-05-15,2026-05-15 14:31:32,2026-05-12 17:40:00,08841d051d4831df,08841d051d4831df_diesel_premium,COIMBRA - PEDRULHA,BP,diesel_premium,Gasóleo especial,Outro,2.229,Coimbra,Coimbra,Rotunda da Pedrulha,Coimbra-Cabeço da Romeira,3020-000,40.238182,-8.43772,coimbra - pedrulha,bp,rotunda da pedrulha,"2,229 €",2026-05-15_dgeg_postos_raw.csv,7d7b1d1e81b55015
2026-05-15,2026-05-15 14:31:32,2026-05-12 17:40:00,08841d051d4831df,08841d051d4831df_gasoline_95,COIMBRA - PEDRULHA,BP,gasoline_95,Gasolina simples 95,Outro,2.079,Coimbra,Coimbra,Rotunda da Pedrulha,Coimbra-Cabeço da Romeira,3020-000,40.238182,-8.43772,coimbra - pedrulha,bp,rotunda da pedrulha,"2,079 €",2026-05-15_dgeg_postos_raw.csv,86e4fecedcbe7218
2026-05-15,2026-05-15 14:31:32,2026-05-12 17:40:00,08841d051d4831df,08841d051d4831df_gasoline_98,COIMBRA - PEDRULHA,BP,gasoline_98,Gasolina especial 98,Outro,2.299,Coimbra,Coimbra,Rotunda da Pedrulha,Coimbra-Cabeço da Romeira,3020-000,40.238182,-8.43772,coimbra - pedrulha,bp,rotunda da pedrulha,"2,299 €",2026-05-15_dgeg_postos_raw.csv,5bd5e0a8b2529153
2026-05-15,2026-05-15 14:31:32,2026-05-12 17:55:00,38ace081f31353e9,38ace081f31353e9_diesel_regular,intermarché Mesão Frio,INTERMARCHÉ,diesel_regular,Gasóleo simples,Outro,1.899,Guimarães,Braga,Rua da Eira nº 85,Mesão Frio,4810-007,41.45493,-8.27512,intermarché mesão frio,intermarché,rua da eira nº 85,"1,899 €",2026-05-15_dgeg_postos_raw.csv,55c4d572f2e79893
2026-05-15,2026-05-15 14:31:32,2026-05-12 17:55:00,38ace081f31353e9,38ace081f31353e9_diesel_premium,intermarché Mesão Frio,INTERMARCHÉ,diesel_premium,Gasóleo especial,Outro,1.919,Guimarães,Braga,Rua da Eira nº 85,Mesão Frio,4810-007,41.45493,-8.27512,intermarché mesão frio,intermarché,rua da eira nº 85,"1,919 €",2026-05-15_dgeg_postos_raw.csv,daa6a4a51c473706
2026-05-15,2026-05-15 14:31:32,2026-05-12 17:55:00,38ace081f31353e9,38ace081f31353e9_gasoline_95,intermarché Mesão Frio,INTERMARCHÉ,gasoline_95,Gasolina simples 95,Outro,1.919,Guimarães,Braga,Rua da Eira nº 85,Mesão Frio,4810-007,41.45493,-8.27512,intermarché mesão frio,intermarché,rua da eira nº 85,"1,919 €",2026-05-15_dgeg_postos_raw.csv,cf0b520539665f8a
2026-05-15,2026-05-15 14:31:32,2026-05-12 18:00:00,966091215d280c69,966091215d280c69_diesel_regular,INTERMARCHÉ GOLEGÃ,INTERMARCHÉ,diesel_regular,Gasóleo simples,Outro,1.935,Golegã,Santarém,"LUGAR SERRADORA, EN 243",GOLEGÃ,2150-128,39.41133,-8.4885,intermarché golegã,intermarché,"lugar serradora, en 243","1,935 €",2026-05-15_dgeg_postos_raw.csv,e0080500406e4e0c
2026-05-15,2026-05-15 14:31:32,2026-05-12 18:00:00,966091215d280c69,966091215d280c69_diesel_premium,INTERMARCHÉ GOLEGÃ,INTERMARCHÉ,diesel_premium,Gasóleo especial,Outro,1.985,Golegã,Santarém,"LUGAR SERRADORA, EN 243",GOLEGÃ,2150-128,39.41133,-8.4885,intermarché golegã,intermarché,"lugar serradora, en 243","1,985 €",2026-05-15_dgeg_postos_raw.csv,49594ba672fadd7b
2026-05-15,2026-05-15 14:31:32,2026-05-12 18:00:00,966091215d280c69,966091215d280c69_gasoline_95,INTERMARCHÉ GOLEGÃ,INTERMARCHÉ,gasoline_95,Gasolina simples 95,Outro,1.928,Golegã,Santarém,"LUGAR SERRADORA, EN 243",GOLEGÃ,2150-128,39.41133,-8.4885,intermarché golegã,intermarché,"lugar serradora, en 243","1,928 €",2026-05-15_dgeg_postos_raw.csv,fb9a022e7d097946
2026-05-15,2026-05-15 14:31:32,2026-05-12 18:10:00,285935764fdb84b6,285935764fdb84b6_diesel_regular,Intermarché de Mira,INTERMARCHÉ,diesel_regular,Gasóleo simples,Outro,1.878,Mira,Coimbra,Rua Fernandes Costa,Mira,3070-323,40.42665,-8.73057,intermarché de mira,intermarché,rua fernandes costa,"1,878 €",2026-05-15_dgeg_postos_raw.csv,daa8f4eebc7c6f44
2026-05-15,2026-05-15 14:31:32,2026-05-12 18:10:00,285935764fdb84b6,285935764fdb84b6_diesel_premium,Intermarché de Mira,INTERMARCHÉ,diesel_premium,Gasóleo especial,Outro,1.918,Mira,Coimbra,Rua Fernandes Costa,Mira,3070-323,40.42665,-8.73057,intermarché de mira,intermarché,rua fernandes costa,"1,918 €",2026-05-15_dgeg_postos_raw.csv,21c0f93780e206bc
2026-05-15,2026-05-15 14:31:32,2026-05-12 18:10:00,285935764fdb84b6,285935764fdb84b6_gasoline_95,Intermarché de Mira,INTERMARCHÉ,gasoline_95,Gasolina simples 95,Outro,1.885,Mira,Coimbra,Rua Fernandes Costa,Mira,3070-323,40.42665,-8.73057,intermarché de mira,intermarché,rua fernandes costa,"1,885 €",2026-05-15_dgeg_postos_raw.csv,2c14aa52be1fc6a7
2026-05-15,2026-05-15 14:31:32,2026-05-12 18:55:00,6f12ba46dec30bc0,6f12ba46dec30bc0_diesel_regular,GALP Oleiros,GALP,diesel_regular,Gasóleo simples,Outro,2.059,Oleiros,Castelo Branco,EN 238,Oleiros - Casal de Sta. Margarida,6160-301,39.917868,-7.908097,galp oleiros,galp,en 238,"2,059 €",2026-05-15_dgeg_postos_raw.csv,415836772fa0a0ad
2026-05-15,2026-05-15 14:31:32,2026-05-12 18:55:00,6f12ba46dec30bc0,6f12ba46dec30bc0_diesel_premium,GALP Oleiros,GALP,diesel_premium,Gasóleo especial,Outro,2.079,Oleiros,Castelo Branco,EN 238,Oleiros - Casal de Sta. Margarida,6160-301,39.917868,-7.908097,galp oleiros,galp,en 238,"2,079 €",2026-05-15_dgeg_postos_raw.csv,345ff225487003a2
2026-05-15,2026-05-15 14:31:32,2026-05-12 18:55:00,6f12ba46dec30bc0,6f12ba46dec30bc0_gasoline_95,GALP Oleiros,GALP,gasoline_95,Gasolina simples 95,Outro,2.062,Oleiros,Castelo Branco,EN 238,Oleiros - Casal de Sta. Margarida,6160-301,39.917868,-7.908097,galp oleiros,galp,en 238,"2,062 €",2026-05-15_dgeg_postos_raw.csv,4bcb83a34e4e4c12
2026-05-15,2026-05-15 14:31:32,2026-05-12 19:25:00,3a4ac427374b2736,3a4ac427374b2736_diesel_regular,GALP Favões,GALP,diesel_regular,Gasóleo simples,Outro,2.055,Marco de Canaveses,Porto,"Av. do Entroncamento, 46",Favões,4625-068,41.122246,-8.218762,galp favões,galp,"av. do entroncamento, 46","2,055 €",2026-05-15_dgeg_postos_raw.csv,55121ee0c3210dfc
2026-05-15,2026-05-15 14:31:32,2026-05-12 19:25:00,3a4ac427374b2736,3a4ac427374b2736_diesel_premium,GALP Favões,GALP,diesel_premium,Gasóleo especial,Outro,2.105,Marco de Canaveses,Porto,"Av. do Entroncamento, 46",Favões,4625-068,41.122246,-8.218762,galp favões,galp,"av. do entroncamento, 46","2,105 €",2026-05-15_dgeg_postos_raw.csv,136b6aa902ca1cf2
2026-05-15,2026-05-15 14:31:32,2026-05-12 19:25:00,3a4ac427374b2736,3a4ac427374b2736_gasoline_95,GALP Favões,GALP,gasoline_95,Gasolina simples 95,Outro,2.051,Marco de Canaveses,Porto,"Av. do Entroncamento, 46",Favões,4625-068,41.122246,-8.218762,galp favões,galp,"av. do entroncamento, 46","2,051 €",2026-05-15_dgeg_postos_raw.csv,9ebafb1d139ca9e2
2026-05-15,2026-05-15 14:31:32,2026-05-12 19:25:00,3a4ac427374b2736,3a4ac427374b2736_gasoline_98,GALP Favões,GALP,gasoline_98,Gasolina especial 98,Outro,2.261,Marco de Canaveses,Porto,"Av. do Entroncamento, 46",Favões,4625-068,41.122246,-8.218762,galp favões,galp,"av. do entroncamento, 46","2,261 €",2026-05-15_dgeg_postos_raw.csv,3805d20de6f2d45c
2026-05-15,2026-05-15 14:31:32,2026-05-12 19:45:00,c578ddb455e72e7a,c578ddb455e72e7a_diesel_regular,Voltas & Piruetas  Combustiveis Unipessoal Lda - CEPSA,CEPSA,diesel_regular,Gasóleo simples,Outro,1.986,Penafiel,Porto,Av. José Júlio nº 221 2 crt dto,Penafiel,4564-547,41.199944,-8.289742,voltas & piruetas combustiveis unipessoal lda - cepsa,cepsa,av. josé júlio nº 221 2 crt dto,"1,986 €",2026-05-15_dgeg_postos_raw.csv,12eb7d1d09173cfb
2026-05-15,2026-05-15 14:31:32,2026-05-12 19:45:00,c578ddb455e72e7a,c578ddb455e72e7a_diesel_premium,Voltas & Piruetas  Combustiveis Unipessoal Lda - CEPSA,CEPSA,diesel_premium,Gasóleo especial,Outro,2.036,Penafiel,Porto,Av. José Júlio nº 221 2 crt dto,Penafiel,4564-547,41.199944,-8.289742,voltas & piruetas combustiveis unipessoal lda - cepsa,cepsa,av. josé júlio nº 221 2 crt dto,"2,036 €",2026-05-15_dgeg_postos_raw.csv,64afa8c58da9943e
2026-05-15,2026-05-15 14:31:32,2026-05-12 19:45:00,c578ddb455e72e7a,c578ddb455e72e7a_gasoline_95,Voltas & Piruetas  Combustiveis Unipessoal Lda - CEPSA,CEPSA,gasoline_95,Gasolina simples 95,Outro,1.978,Penafiel,Porto,Av. José Júlio nº 221 2 crt dto,Penafiel,4564-547,41.199944,-8.289742,voltas & piruetas combustiveis unipessoal lda - cepsa,cepsa,av. josé júlio nº 221 2 crt dto,"1,978 €",2026-05-15_dgeg_postos_raw.csv,5816c19c777d56c5
2026-05-15,2026-05-15 14:31:32,2026-05-12 19:45:00,c578ddb455e72e7a,c578ddb455e72e7a_gasoline_98,Voltas & Piruetas  Combustiveis Unipessoal Lda - CEPSA,CEPSA,gasoline_98,Gasolina especial 98,Outro,2.19,Penafiel,Porto,Av. José Júlio nº 221 2 crt dto,Penafiel,4564-547,41.199944,-8.289742,voltas & piruetas combustiveis unipessoal lda - cepsa,cepsa,av. josé júlio nº 221 2 crt dto,"2,190 €",2026-05-15_dgeg_postos_raw.csv,cd15877472e61cec
2026-05-15,2026-05-15 14:31:32,2026-05-12 20:00:00,9dffa4f89bb9d500,9dffa4f89bb9d500_diesel_regular,Inter Miranda Corvo,INTERMARCHÉ,diesel_regular,Gasóleo simples,Área comercial (Hipermercados),1.899,Miranda do Corvo,Coimbra,Quinta de S. Pedro - Meâs,Miranda do Corvo,3220-115,40.08,-8.32,inter miranda corvo,intermarché,quinta de s. pedro - meâs,"1,899 €",2026-05-15_dgeg_postos_raw.csv,2475e716c64232a4
2026-05-15,2026-05-15 14:31:32,2026-05-12 20:00:00,9dffa4f89bb9d500,9dffa4f89bb9d500_gasoline_95,Inter Miranda Corvo,INTERMARCHÉ,gasoline_95,Gasolina simples 95,Área comercial (Hipermercados),1.919,Miranda do Corvo,Coimbra,Quinta de S. Pedro - Meâs,Miranda do Corvo,3220-115,40.08,-8.32,inter miranda corvo,intermarché,quinta de s. pedro - meâs,"1,919 €",2026-05-15_dgeg_postos_raw.csv,b33bbee577ee2417
2026-05-15,2026-05-15 14:31:32,2026-05-12 20:00:00,9dffa4f89bb9d500,9dffa4f89bb9d500_diesel_premium,Inter Miranda Corvo,INTERMARCHÉ,diesel_premium,Gasóleo especial,Área comercial (Hipermercados),1.949,Miranda do Corvo,Coimbra,Quinta de S. Pedro - Meâs,Miranda do Corvo,3220-115,40.08,-8.32,inter miranda corvo,intermarché,quinta de s. pedro - meâs,"1,949 €",2026-05-15_dgeg_postos_raw.csv,55341989657c751a
2026-05-15,2026-05-15 14:31:32,2026-05-12 20:00:00,64c20713f85c0d78,64c20713f85c0d78_diesel_regular,INTERMARCHÉ  Anadia,INTERMARCHÉ,diesel_regular,Gasóleo simples,Área comercial (Hipermercados),1.877,Anadia,Aveiro,"Avenida Monte Crasto, nº.2",Anadia,3780-305,40.442833,-8.439242,intermarché anadia,intermarché,"avenida monte crasto, nº.2","1,877 €",2026-05-15_dgeg_postos_raw.csv,03bd2e25eccfe77c
2026-05-15,2026-05-15 14:31:32,2026-05-12 20:00:00,64c20713f85c0d78,64c20713f85c0d78_diesel_premium,INTERMARCHÉ  Anadia,INTERMARCHÉ,diesel_premium,Gasóleo especial,Área comercial (Hipermercados),1.917,Anadia,Aveiro,"Avenida Monte Crasto, nº.2",Anadia,3780-305,40.442833,-8.439242,intermarché anadia,intermarché,"avenida monte crasto, nº.2","1,917 €",2026-05-15_dgeg_postos_raw.csv,ac41eae8ae002b0a
2026-05-15,2026-05-15 14:31:32,2026-05-12 20:00:00,64c20713f85c0d78,64c20713f85c0d78_gasoline_95,INTERMARCHÉ  Anadia,INTERMARCHÉ,gasoline_95,Gasolina simples 95,Área comercial (Hipermercados),1.884,Anadia,Aveiro,"Avenida Monte Crasto, nº.2",Anadia,3780-305,40.442833,-8.439242,intermarché anadia,intermarché,"avenida monte crasto, nº.2","1,884 €",2026-05-15_dgeg_postos_raw.csv,dce0ce2513d23d30
2026-05-15,2026-05-15 14:31:32,2026-05-12 20:00:00,e6221eae6da07fde,e6221eae6da07fde_diesel_regular,INTERMARCHÉ DE PONTE DE SOR,INTERMARCHÉ,diesel_regular,Gasóleo simples,Outro,1.899,Ponte de Sor,Portalegre,EN 119,Hortas Novas do Domingão,7400-123,39.24392,-8.02221,intermarché de ponte de sor,intermarché,en 119,"1,899 €",2026-05-15_dgeg_postos_raw.csv,5e719ea29724d225
2026-05-15,2026-05-15 14:31:32,2026-05-12 20:00:00,e6221eae6da07fde,e6221eae6da07fde_diesel_premium,INTERMARCHÉ DE PONTE DE SOR,INTERMARCHÉ,diesel_premium,Gasóleo especial,Outro,1.969,Ponte de Sor,Portalegre,EN 119,Hortas Novas do Domingão,7400-123,39.24392,-8.02221,intermarché de ponte de sor,intermarché,en 119,"1,969 €",2026-05-15_dgeg_postos_raw.csv,05ea2ed6698e9989
2026-05-15,2026-05-15 14:31:32,2026-05-12 20:00:00,e6221eae6da07fde,e6221eae6da07fde_gasoline_95,INTERMARCHÉ DE PONTE DE SOR,INTERMARCHÉ,gasoline_95,Gasolina simples 95,Outro,1.904,Ponte de Sor,Portalegre,EN 119,Hortas Novas do Domingão,7400-123,39.24392,-8.02221,intermarché de ponte de sor,intermarché,en 119,"1,904 €",2026-05-15_dgeg_postos_raw.csv,4e10154bf38530e7
2026-05-15,2026-05-15 14:31:32,2026-05-12 20:10:00,56b5176273ccdea8,56b5176273ccdea8_diesel_regular,Intermarché de Soure (espadinha),INTERMARCHÉ,diesel_regular,Gasóleo simples,Outro,1.899,Soure,Coimbra,Rua Dr. João Esteves Simões,Olivais de Stº António,3130-200,40.06335,-8.61887,intermarché de soure (espadinha),intermarché,rua dr. joão esteves simões,"1,899 €",2026-05-15_dgeg_postos_raw.csv,4dbf71fafa73a591
2026-05-15,2026-05-15 14:31:32,2026-05-12 20:10:00,56b5176273ccdea8,56b5176273ccdea8_diesel_premium,Intermarché de Soure (espadinha),INTERMARCHÉ,diesel_premium,Gasóleo especial,Outro,1.949,Soure,Coimbra,Rua Dr. João Esteves Simões,Olivais de Stº António,3130-200,40.06335,-8.61887,intermarché de soure (espadinha),intermarché,rua dr. joão esteves simões,"1,949 €",2026-05-15_dgeg_postos_raw.csv,0dbd554c6b77d3b6
2026-05-15,2026-05-15 14:31:32,2026-05-12 20:10:00,56b5176273ccdea8,56b5176273ccdea8_gasoline_95,Intermarché de Soure (espadinha),INTERMARCHÉ,gasoline_95,Gasolina simples 95,Outro,1.919,Soure,Coimbra,Rua Dr. João Esteves Simões,Olivais de Stº António,3130-200,40.06335,-8.61887,intermarché de soure (espadinha),intermarché,rua dr. joão esteves simões,"1,919 €",2026-05-15_dgeg_postos_raw.csv,05efe066b3f56756
2026-05-15,2026-05-15 14:31:32,2026-05-12 20:30:00,154f277bf5ae7c24,154f277bf5ae7c24_diesel_regular,Intermarché Condeixa-a-Nova,INTERMARCHÉ,diesel_regular,Gasóleo simples,Outro,1.899,Condeixa-a-Nova,Coimbra,Barreira,Barreira,3150-110,40.12305,-8.50265,intermarché condeixa-a-nova,intermarché,barreira,"1,899 €",2026-05-15_dgeg_postos_raw.csv,6a86466e62ddd89c
2026-05-15,2026-05-15 14:31:32,2026-05-12 20:30:00,154f277bf5ae7c24,154f277bf5ae7c24_diesel_premium,Intermarché Condeixa-a-Nova,INTERMARCHÉ,diesel_premium,Gasóleo especial,Outro,1.949,Condeixa-a-Nova,Coimbra,Barreira,Barreira,3150-110,40.12305,-8.50265,intermarché condeixa-a-nova,intermarché,barreira,"1,949 €",2026-05-15_dgeg_postos_raw.csv,d1f9525e452c7240
2026-05-15,2026-05-15 14:31:32,2026-05-12 20:30:00,154f277bf5ae7c24,154f277bf5ae7c24_gasoline_95,Intermarché Condeixa-a-Nova,INTERMARCHÉ,gasoline_95,Gasolina simples 95,Outro,1.919,Condeixa-a-Nova,Coimbra,Barreira,Barreira,3150-110,40.12305,-8.50265,intermarché condeixa-a-nova,intermarché,barreira,"1,919 €",2026-05-15_dgeg_postos_raw.csv,23514e04852eeb2b
2026-05-15,2026-05-15 14:31:32,2026-05-12 20:30:00,63017adddc19050e,63017adddc19050e_diesel_regular,Intermarché - Marinha da Guia,INTERMARCHÉ,diesel_regular,Gasóleo simples,Outro,1.877,Pombal,Leiria,Serrado da Estrada nº 24,Marinha da Guia,3105-063,39.969017,-8.792913,intermarché - marinha da guia,intermarché,serrado da estrada nº 24,"1,877 €",2026-05-15_dgeg_postos_raw.csv,b2a94fd679fdf8a1
2026-05-15,2026-05-15 14:31:32,2026-05-12 20:30:00,63017adddc19050e,63017adddc19050e_diesel_premium,Intermarché - Marinha da Guia,INTERMARCHÉ,diesel_premium,Gasóleo especial,Outro,1.917,Pombal,Leiria,Serrado da Estrada nº 24,Marinha da Guia,3105-063,39.969017,-8.792913,intermarché - marinha da guia,intermarché,serrado da estrada nº 24,"1,917 €",2026-05-15_dgeg_postos_raw.csv,7eb952d65c312a7c
2026-05-15,2026-05-15 14:31:32,2026-05-12 20:30:00,63017adddc19050e,63017adddc19050e_gasoline_95,Intermarché - Marinha da Guia,INTERMARCHÉ,gasoline_95,Gasolina simples 95,Outro,1.864,Pombal,Leiria,Serrado da Estrada nº 24,Marinha da Guia,3105-063,39.969017,-8.792913,intermarché - marinha da guia,intermarché,serrado da estrada nº 24,"1,864 €",2026-05-15_dgeg_postos_raw.csv,ca2e0792376b6b80
2026-05-15,2026-05-15 14:31:32,2026-05-12 20:30:00,52cd5c4598361aad,52cd5c4598361aad_diesel_regular,INTERMARCHÉ MEALHADA,INTERMARCHÉ,diesel_regular,Gasóleo simples,Outro,1.877,Mealhada,Aveiro,Lugar das Pedrinhas\nEdifício Intermarché,Mealhada,3050-343,40.37173,-8.45217,intermarché mealhada,intermarché,lugar das pedrinhas\nedifício intermarché,"1,877 €",2026-05-15_dgeg_postos_raw.csv,72063f21456e526f
2026-05-15,2026-05-15 14:31:32,2026-05-12 20:30:00,52cd5c4598361aad,52cd5c4598361aad_diesel_premium,INTERMARCHÉ MEALHADA,INTERMARCHÉ,diesel_premium,Gasóleo especial,Outro,1.917,Mealhada,Aveiro,Lugar das Pedrinhas\nEdifício Intermarché,Mealhada,3050-343,40.37173,-8.45217,intermarché mealhada,intermarché,lugar das pedrinhas\nedifício intermarché,"1,917 €",2026-05-15_dgeg_postos_raw.csv,3577f57696385e2b
2026-05-15,2026-05-15 14:31:32,2026-05-12 20:30:00,52cd5c4598361aad,52cd5c4598361aad_gasoline_95,INTERMARCHÉ MEALHADA,INTERMARCHÉ,gasoline_95,Gasolina simples 95,Outro,1.884,Mealhada,Aveiro,Lugar das Pedrinhas\nEdifício Intermarché,Mealhada,3050-343,40.37173,-8.45217,intermarché mealhada,intermarché,lugar das pedrinhas\nedifício intermarché,"1,884 €",2026-05-15_dgeg_postos_raw.csv,ffbffee6661e02f8
2026-05-15,2026-05-15 14:31:32,2026-05-12 20:30:00,2004b36195531596,2004b36195531596_diesel_premium,Intermarché Ansião,INTERMARCHÉ,diesel_premium,Gasóleo especial,Área comercial (Hipermercados),1.917,Ansião,Leiria,Av. Sá Carneiro,Ansião,3240-235,39.91202,-8.44018,intermarché ansião,intermarché,av. sá carneiro,"1,917 €",2026-05-15_dgeg_postos_raw.csv,b9950e29dc962e1d
2026-05-15,2026-05-15 14:31:32,2026-05-12 20:30:00,041539066cb2da10,041539066cb2da10_diesel_premium,Inter Ansião ZI,INTERMARCHÉ,diesel_premium,Gasóleo especial,Outro,1.917,Ansião,Leiria,Zona Industrial de CamporêsLote nº 6Chão de Couce,Ansião,3240-235,39.91945,-8.39422,inter ansião zi,intermarché,zona industrial de camporêslote nº 6chão de couce,"1,917 €",2026-05-15_dgeg_postos_raw.csv,2157b6120cb9e6dc
2026-05-15,2026-05-15 14:31:32,2026-05-12 20:30:00,25b71fe3053d94bb,25b71fe3053d94bb_diesel_premium,Intermarché Lousã,INTERMARCHÉ,diesel_premium,Gasóleo especial,Área comercial (Hipermercados),1.949,Lousã,Coimbra,Rua Cidade de Coimbra  (Casa Velha),Lousã,3200-261,40.12998,-8.25017,intermarché lousã,intermarché,rua cidade de coimbra (casa velha),"1,949 €",2026-05-15_dgeg_postos_raw.csv,dce4273db39ec712
2026-05-15,2026-05-15 14:31:32,2026-05-12 20:30:00,25b71fe3053d94bb,25b71fe3053d94bb_diesel_regular,Intermarché Lousã,INTERMARCHÉ,diesel_regular,Gasóleo simples,Área comercial (Hipermercados),1.899,Lousã,Coimbra,Rua Cidade de Coimbra  (Casa Velha),Lousã,3200-261,40.12998,-8.25017,intermarché lousã,intermarché,rua cidade de coimbra (casa velha),"1,899 €",2026-05-15_dgeg_postos_raw.csv,7d0cec1c64ee5e37
2026-05-15,2026-05-15 14:31:32,2026-05-12 20:30:00,25b71fe3053d94bb,25b71fe3053d94bb_gasoline_95,Intermarché Lousã,INTERMARCHÉ,gasoline_95,Gasolina simples 95,Área comercial (Hipermercados),1.919,Lousã,Coimbra,Rua Cidade de Coimbra  (Casa Velha),Lousã,3200-261,40.12998,-8.25017,intermarché lousã,intermarché,rua cidade de coimbra (casa velha),"1,919 €",2026-05-15_dgeg_postos_raw.csv,7f0f1fce9ed16eb7
2026-05-15,2026-05-15 14:31:32,2026-05-12 20:30:00,041539066cb2da10,041539066cb2da10_diesel_regular,Inter Ansião ZI,INTERMARCHÉ,diesel_regular,Gasóleo simples,Outro,1.877,Ansião,Leiria,Zona Industrial de CamporêsLote nº 6Chão de Couce,Ansião,3240-235,39.91945,-8.39422,inter ansião zi,intermarché,zona industrial de camporêslote nº 6chão de couce,"1,877 €",2026-05-15_dgeg_postos_raw.csv,82013973da282551
2026-05-15,2026-05-15 14:31:32,2026-05-12 20:30:00,041539066cb2da10,041539066cb2da10_gasoline_95,Inter Ansião ZI,INTERMARCHÉ,gasoline_95,Gasolina simples 95,Outro,1.864,Ansião,Leiria,Zona Industrial de CamporêsLote nº 6Chão de Couce,Ansião,3240-235,39.91945,-8.39422,inter ansião zi,intermarché,zona industrial de camporêslote nº 6chão de couce,"1,864 €",2026-05-15_dgeg_postos_raw.csv,f92f310aef047b41
2026-05-15,2026-05-15 14:31:32,2026-05-12 20:30:00,2004b36195531596,2004b36195531596_diesel_regular,Intermarché Ansião,INTERMARCHÉ,diesel_regular,Gasóleo simples,Área comercial (Hipermercados),1.877,Ansião,Leiria,Av. Sá Carneiro,Ansião,3240-235,39.91202,-8.44018,intermarché ansião,intermarché,av. sá carneiro,"1,877 €",2026-05-15_dgeg_postos_raw.csv,094a736ec1f057be
2026-05-15,2026-05-15 14:31:32,2026-05-12 20:30:00,2004b36195531596,2004b36195531596_gasoline_95,Intermarché Ansião,INTERMARCHÉ,gasoline_95,Gasolina simples 95,Área comercial (Hipermercados),1.864,Ansião,Leiria,Av. Sá Carneiro,Ansião,3240-235,39.91202,-8.44018,intermarché ansião,intermarché,av. sá carneiro,"1,864 €",2026-05-15_dgeg_postos_raw.csv,edca55847af27d8a
2026-05-15,2026-05-15 14:31:32,2026-05-12 20:50:00,4afaf35aa40561ba,4afaf35aa40561ba_diesel_premium,Gasocombustíveis,Genérico,diesel_premium,Gasóleo especial,Outro,2.125,Proença-a-Nova,Castelo Branco,São Pedro do Esteval,São Pedro do Esteval,6100-623,39.63756,-7.84444,gasocombustíveis,genérico,são pedro do esteval,"2,125 €",2026-05-15_dgeg_postos_raw.csv,60b2b4e7ecc78ee2
2026-05-15,2026-05-15 14:31:32,2026-05-12 20:50:00,4afaf35aa40561ba,4afaf35aa40561ba_diesel_regular,Gasocombustíveis,Genérico,diesel_regular,Gasóleo simples,Outro,2.105,Proença-a-Nova,Castelo Branco,São Pedro do Esteval,São Pedro do Esteval,6100-623,39.63756,-7.84444,gasocombustíveis,genérico,são pedro do esteval,"2,105 €",2026-05-15_dgeg_postos_raw.csv,fd4aec0237ede2d3
2026-05-15,2026-05-15 14:31:32,2026-05-12 20:50:00,4afaf35aa40561ba,4afaf35aa40561ba_gasoline_95,Gasocombustíveis,Genérico,gasoline_95,Gasolina simples 95,Outro,2.21,Proença-a-Nova,Castelo Branco,São Pedro do Esteval,São Pedro do Esteval,6100-623,39.63756,-7.84444,gasocombustíveis,genérico,são pedro do esteval,"2,210 €",2026-05-15_dgeg_postos_raw.csv,a225dd7b7659fa07
2026-05-15,2026-05-15 14:31:32,2026-05-12 21:00:00,54b451cea2e0adfd,54b451cea2e0adfd_diesel_regular,Intermarché Santa Clara,INTERMARCHÉ,diesel_regular,Gasóleo simples,Outro,1.899,Coimbra,Coimbra,"R. Central da Mesura, nº35",Mesura,3040-197,40.19675,-8.44575,intermarché santa clara,intermarché,"r. central da mesura, nº35","1,899 €",2026-05-15_dgeg_postos_raw.csv,a5bc39d4fa28138d
2026-05-15,2026-05-15 14:31:32,2026-05-12 21:00:00,54b451cea2e0adfd,54b451cea2e0adfd_diesel_premium,Intermarché Santa Clara,INTERMARCHÉ,diesel_premium,Gasóleo especial,Outro,1.949,Coimbra,Coimbra,"R. Central da Mesura, nº35",Mesura,3040-197,40.19675,-8.44575,intermarché santa clara,intermarché,"r. central da mesura, nº35","1,949 €",2026-05-15_dgeg_postos_raw.csv,742ef74774cf3da3
2026-05-15,2026-05-15 14:31:32,2026-05-12 21:00:00,54b451cea2e0adfd,54b451cea2e0adfd_gasoline_95,Intermarché Santa Clara,INTERMARCHÉ,gasoline_95,Gasolina simples 95,Outro,1.919,Coimbra,Coimbra,"R. Central da Mesura, nº35",Mesura,3040-197,40.19675,-8.44575,intermarché santa clara,intermarché,"r. central da mesura, nº35","1,919 €",2026-05-15_dgeg_postos_raw.csv,357a09d85b7a915a
2026-05-15,2026-05-15 14:31:32,2026-05-12 21:00:00,e1c1f6689cfd797f,e1c1f6689cfd797f_diesel_regular,Posto da Portelada - ALMEIDA & PINHO,Genérico,diesel_regular,Gasóleo simples,Outro,1.899,Arouca,Aveiro,"Estrada Municipal 504, nº 6655",São Miguel do Mato,4540-573,40.966522,-8.391024,posto da portelada - almeida & pinho,genérico,"estrada municipal 504, nº 6655","1,899 €",2026-05-15_dgeg_postos_raw.csv,61518efd10b8d4cf
2026-05-15,2026-05-15 14:31:32,2026-05-12 21:00:00,e1c1f6689cfd797f,e1c1f6689cfd797f_diesel_premium,Posto da Portelada - ALMEIDA & PINHO,Genérico,diesel_premium,Gasóleo especial,Outro,1.949,Arouca,Aveiro,"Estrada Municipal 504, nº 6655",São Miguel do Mato,4540-573,40.966522,-8.391024,posto da portelada - almeida & pinho,genérico,"estrada municipal 504, nº 6655","1,949 €",2026-05-15_dgeg_postos_raw.csv,73984feea8ae4eb2
2026-05-15,2026-05-15 14:31:32,2026-05-12 21:00:00,e1c1f6689cfd797f,e1c1f6689cfd797f_gasoline_95,Posto da Portelada - ALMEIDA & PINHO,Genérico,gasoline_95,Gasolina simples 95,Outro,1.92,Arouca,Aveiro,"Estrada Municipal 504, nº 6655",São Miguel do Mato,4540-573,40.966522,-8.391024,posto da portelada - almeida & pinho,genérico,"estrada municipal 504, nº 6655","1,920 €",2026-05-15_dgeg_postos_raw.csv,9f8357d246890b1f
2026-05-15,2026-05-15 14:31:32,2026-05-12 21:00:00,97fd656dd4abd9d3,97fd656dd4abd9d3_diesel_regular,INTERMARCHÉ Monte Redondo,INTERMARCHÉ,diesel_regular,Gasóleo simples,Auto-estrada,1.879,Leiria,Leiria,Rua Estrada das Lavegadas,Monte Redondo,2425-617,39.89086,-8.83345,intermarché monte redondo,intermarché,rua estrada das lavegadas,"1,879 €",2026-05-15_dgeg_postos_raw.csv,6c89a66e24f56697
2026-05-15,2026-05-15 14:31:32,2026-05-12 21:00:00,97fd656dd4abd9d3,97fd656dd4abd9d3_gasoline_95,INTERMARCHÉ Monte Redondo,INTERMARCHÉ,gasoline_95,Gasolina simples 95,Auto-estrada,1.864,Leiria,Leiria,Rua Estrada das Lavegadas,Monte Redondo,2425-617,39.89086,-8.83345,intermarché monte redondo,intermarché,rua estrada das lavegadas,"1,864 €",2026-05-15_dgeg_postos_raw.csv,681023b40c016001
2026-05-15,2026-05-15 14:31:32,2026-05-12 21:00:00,97fd656dd4abd9d3,97fd656dd4abd9d3_diesel_premium,INTERMARCHÉ Monte Redondo,INTERMARCHÉ,diesel_premium,Gasóleo especial,Auto-estrada,1.919,Leiria,Leiria,Rua Estrada das Lavegadas,Monte Redondo,2425-617,39.89086,-8.83345,intermarché monte redondo,intermarché,rua estrada das lavegadas,"1,919 €",2026-05-15_dgeg_postos_raw.csv,9dd8a503dd0d7df9
2026-05-15,2026-05-15 14:31:32,2026-05-12 21:00:00,6eb8df3c6335718f,6eb8df3c6335718f_diesel_premium,INTERMARCHÉ de Abrigada,INTERMARCHÉ,diesel_premium,Gasóleo especial,Outro,2.029,Alenquer,Lisboa,Lugar da Funileira,Abrigada,2580-031,39.14495,-9.02272,intermarché de abrigada,intermarché,lugar da funileira,"2,029 €",2026-05-15_dgeg_postos_raw.csv,880e4f817606c2cb
2026-05-15,2026-05-15 14:31:32,2026-05-12 21:00:00,7cabcfb6165c6d67,7cabcfb6165c6d67_diesel_regular,CUCUJÃES,CEPSA,diesel_regular,Gasóleo simples,Outro,1.936,Oliveira de Azeméis,Aveiro,Lugar de Fermil,Vila de Cucujães,3720-659,40.887832,-8.514765,cucujães,cepsa,lugar de fermil,"1,936 €",2026-05-15_dgeg_postos_raw.csv,7afce67036a78238
2026-05-15,2026-05-15 14:31:32,2026-05-12 21:00:00,7cabcfb6165c6d67,7cabcfb6165c6d67_diesel_premium,CUCUJÃES,CEPSA,diesel_premium,Gasóleo especial,Outro,1.986,Oliveira de Azeméis,Aveiro,Lugar de Fermil,Vila de Cucujães,3720-659,40.887832,-8.514765,cucujães,cepsa,lugar de fermil,"1,986 €",2026-05-15_dgeg_postos_raw.csv,a9813a694c1922dd
2026-05-15,2026-05-15 14:31:32,2026-05-12 21:00:00,7cabcfb6165c6d67,7cabcfb6165c6d67_gasoline_95,CUCUJÃES,CEPSA,gasoline_95,Gasolina simples 95,Outro,1.928,Oliveira de Azeméis,Aveiro,Lugar de Fermil,Vila de Cucujães,3720-659,40.887832,-8.514765,cucujães,cepsa,lugar de fermil,"1,928 €",2026-05-15_dgeg_postos_raw.csv,70939cc898adbb6d
2026-05-15,2026-05-15 14:31:32,2026-05-12 21:00:00,7cabcfb6165c6d67,7cabcfb6165c6d67_gasoline_98,CUCUJÃES,CEPSA,gasoline_98,Gasolina especial 98,Outro,2.14,Oliveira de Azeméis,Aveiro,Lugar de Fermil,Vila de Cucujães,3720-659,40.887832,-8.514765,cucujães,cepsa,lugar de fermil,"2,140 €",2026-05-15_dgeg_postos_raw.csv,8529bb8ef0164820
2026-05-15,2026-05-15 14:31:32,2026-05-12 21:00:00,6eb8df3c6335718f,6eb8df3c6335718f_diesel_regular,INTERMARCHÉ de Abrigada,INTERMARCHÉ,diesel_regular,Gasóleo simples,Outro,1.949,Alenquer,Lisboa,Lugar da Funileira,Abrigada,2580-031,39.14495,-9.02272,intermarché de abrigada,intermarché,lugar da funileira,"1,949 €",2026-05-15_dgeg_postos_raw.csv,8f90a6ac9dcf0437
2026-05-15,2026-05-15 14:31:32,2026-05-12 21:00:00,6eb8df3c6335718f,6eb8df3c6335718f_gasoline_95,INTERMARCHÉ de Abrigada,INTERMARCHÉ,gasoline_95,Gasolina simples 95,Outro,1.929,Alenquer,Lisboa,Lugar da Funileira,Abrigada,2580-031,39.14495,-9.02272,intermarché de abrigada,intermarché,lugar da funileira,"1,929 €",2026-05-15_dgeg_postos_raw.csv,f9af3723960da170
2026-05-15,2026-05-15 14:31:32,2026-05-12 21:20:00,6c1fc1147f3de053,6c1fc1147f3de053_diesel_regular,BP Pevidém,BP,diesel_regular,Gasóleo simples,Outro,2.049,Guimarães,Braga,Rua João Pereira Fernandes,Selho S. Jorge - Pevidem,4835-324,41.42508,-8.35169,bp pevidém,bp,rua joão pereira fernandes,"2,049 €",2026-05-15_dgeg_postos_raw.csv,01fd3a5c11a0dc22
2026-05-15,2026-05-15 14:31:32,2026-05-12 21:20:00,6c1fc1147f3de053,6c1fc1147f3de053_diesel_premium,BP Pevidém,BP,diesel_premium,Gasóleo especial,Outro,2.229,Guimarães,Braga,Rua João Pereira Fernandes,Selho S. Jorge - Pevidem,4835-324,41.42508,-8.35169,bp pevidém,bp,rua joão pereira fernandes,"2,229 €",2026-05-15_dgeg_postos_raw.csv,dfe591b9a3a37a87
2026-05-15,2026-05-15 14:31:32,2026-05-12 21:20:00,6c1fc1147f3de053,6c1fc1147f3de053_gasoline_95,BP Pevidém,BP,gasoline_95,Gasolina simples 95,Outro,2.039,Guimarães,Braga,Rua João Pereira Fernandes,Selho S. Jorge - Pevidem,4835-324,41.42508,-8.35169,bp pevidém,bp,rua joão pereira fernandes,"2,039 €",2026-05-15_dgeg_postos_raw.csv,220d9ec3fac18c77
2026-05-15,2026-05-15 14:31:32,2026-05-12 21:20:00,6c1fc1147f3de053,6c1fc1147f3de053_gasoline_98,BP Pevidém,BP,gasoline_98,Gasolina especial 98,Outro,2.299,Guimarães,Braga,Rua João Pereira Fernandes,Selho S. Jorge - Pevidem,4835-324,41.42508,-8.35169,bp pevidém,bp,rua joão pereira fernandes,"2,299 €",2026-05-15_dgeg_postos_raw.csv,e9e3d6f46bc47fb5
2026-05-15,2026-05-15 14:31:32,2026-05-12 21:30:00,da0908894ac176fa,da0908894ac176fa_diesel_premium,BP Monte Redondo,BP,diesel_premium,Gasóleo especial,Outro,2.229,Leiria,Leiria,"EN 109 Km 150,5",Monte Redondo,2425-617,39.89887,-8.82703,bp monte redondo,bp,"en 109 km 150,5","2,229 €",2026-05-15_dgeg_postos_raw.csv,62d31a3501f305b4
2026-05-15,2026-05-15 14:31:32,2026-05-12 21:30:00,da0908894ac176fa,da0908894ac176fa_diesel_regular,BP Monte Redondo,BP,diesel_regular,Gasóleo simples,Outro,2.069,Leiria,Leiria,"EN 109 Km 150,5",Monte Redondo,2425-617,39.89887,-8.82703,bp monte redondo,bp,"en 109 km 150,5","2,069 €",2026-05-15_dgeg_postos_raw.csv,6b0b67b63a247853
2026-05-15,2026-05-15 14:31:32,2026-05-12 21:30:00,da0908894ac176fa,da0908894ac176fa_gasoline_98,BP Monte Redondo,BP,gasoline_98,Gasolina especial 98,Outro,2.299,Leiria,Leiria,"EN 109 Km 150,5",Monte Redondo,2425-617,39.89887,-8.82703,bp monte redondo,bp,"en 109 km 150,5","2,299 €",2026-05-15_dgeg_postos_raw.csv,ebea138f23db1acd
2026-05-15,2026-05-15 14:31:32,2026-05-12 21:30:00,da0908894ac176fa,da0908894ac176fa_gasoline_95,BP Monte Redondo,BP,gasoline_95,Gasolina simples 95,Outro,2.059,Leiria,Leiria,"EN 109 Km 150,5",Monte Redondo,2425-617,39.89887,-8.82703,bp monte redondo,bp,"en 109 km 150,5","2,059 €",2026-05-15_dgeg_postos_raw.csv,16bd3c7bda9c37d2
2026-05-15,2026-05-15 14:31:32,2026-05-12 21:55:00,5f2d56133021f431,5f2d56133021f431_diesel_regular,Bxpress Braga,BXPRESS,diesel_regular,Gasóleo simples,Outro,1.899,Braga,Braga,"Avenida Cidade do Porto, EN 14",União das Freguesias de Ferreiros e Gondizalves,4705-084,41.534244,-8.438093,bxpress braga,bxpress,"avenida cidade do porto, en 14","1,899 €",2026-05-15_dgeg_postos_raw.csv,756ecb4ef0861209
2026-05-15,2026-05-15 14:31:32,2026-05-12 21:55:00,5f2d56133021f431,5f2d56133021f431_gasoline_95,Bxpress Braga,BXPRESS,gasoline_95,Gasolina simples 95,Outro,1.869,Braga,Braga,"Avenida Cidade do Porto, EN 14",União das Freguesias de Ferreiros e Gondizalves,4705-084,41.534244,-8.438093,bxpress braga,bxpress,"avenida cidade do porto, en 14","1,869 €",2026-05-15_dgeg_postos_raw.csv,086713a0a8809029
2026-05-15,2026-05-15 14:31:32,2026-05-12 21:55:00,640365231ab309f6,640365231ab309f6_gasoline_98,Oeiras Barcarena,BP,gasoline_98,Gasolina especial 98,Outro,2.299,Oeiras,Lisboa,"Estrada de São Marcos Lote 2A, Barcarena",Barcarena,2730-267,38.750997,-9.304463,oeiras barcarena,bp,"estrada de são marcos lote 2a, barcarena","2,299 €",2026-05-15_dgeg_postos_raw.csv,dfeeb19436bd6763
2026-05-15,2026-05-15 14:31:32,2026-05-12 21:55:00,640365231ab309f6,640365231ab309f6_diesel_premium,Oeiras Barcarena,BP,diesel_premium,Gasóleo especial,Outro,2.229,Oeiras,Lisboa,"Estrada de São Marcos Lote 2A, Barcarena",Barcarena,2730-267,38.750997,-9.304463,oeiras barcarena,bp,"estrada de são marcos lote 2a, barcarena","2,229 €",2026-05-15_dgeg_postos_raw.csv,a7da211ab080023b
2026-05-15,2026-05-15 14:31:32,2026-05-12 21:55:00,640365231ab309f6,640365231ab309f6_gasoline_95,Oeiras Barcarena,BP,gasoline_95,Gasolina simples 95,Outro,2.099,Oeiras,Lisboa,"Estrada de São Marcos Lote 2A, Barcarena",Barcarena,2730-267,38.750997,-9.304463,oeiras barcarena,bp,"estrada de são marcos lote 2a, barcarena","2,099 €",2026-05-15_dgeg_postos_raw.csv,25e56465f1ed6949
2026-05-15,2026-05-15 14:31:32,2026-05-12 21:55:00,640365231ab309f6,640365231ab309f6_diesel_regular,Oeiras Barcarena,BP,diesel_regular,Gasóleo simples,Outro,2.109,Oeiras,Lisboa,"Estrada de São Marcos Lote 2A, Barcarena",Barcarena,2730-267,38.750997,-9.304463,oeiras barcarena,bp,"estrada de são marcos lote 2a, barcarena","2,109 €",2026-05-15_dgeg_postos_raw.csv,c57c10ce0616a477
2026-05-15,2026-05-15 14:31:32,2026-05-12 21:55:00,a5fdef8fee18b28d,a5fdef8fee18b28d_diesel_regular,BXPRESS SANGALHOS,BXPRESS,diesel_regular,Gasóleo simples,Outro,1.939,Anadia,Aveiro,"EN 235 Km 23,9",Sangalhos,3780-124,40.48576,-8.46909,bxpress sangalhos,bxpress,"en 235 km 23,9","1,939 €",2026-05-15_dgeg_postos_raw.csv,83fad28d18e062bc
2026-05-15,2026-05-15 14:31:32,2026-05-12 21:55:00,a5fdef8fee18b28d,a5fdef8fee18b28d_gasoline_95,BXPRESS SANGALHOS,BXPRESS,gasoline_95,Gasolina simples 95,Outro,1.869,Anadia,Aveiro,"EN 235 Km 23,9",Sangalhos,3780-124,40.48576,-8.46909,bxpress sangalhos,bxpress,"en 235 km 23,9","1,869 €",2026-05-15_dgeg_postos_raw.csv,530b114d9b54b2a9
2026-05-15,2026-05-15 14:31:32,2026-05-12 22:00:00,1a02cd8ef3057a83,1a02cd8ef3057a83_diesel_regular,BXPRESS ESTARREJA,BXPRESS,diesel_regular,Gasóleo simples,Outro,1.919,Estarreja,Aveiro,Rua Dr. Manuel Ferreira da SilvaEN 109 - Arrotinha,Estarreja- Arrotinha,3860-210,40.764812,-8.571344,bxpress estarreja,bxpress,rua dr. manuel ferreira da silvaen 109 - arrotinha,"1,919 €",2026-05-15_dgeg_postos_raw.csv,316b49c4a6e924f1
2026-05-15,2026-05-15 14:31:32,2026-05-12 22:00:00,1a02cd8ef3057a83,1a02cd8ef3057a83_gasoline_95,BXPRESS ESTARREJA,BXPRESS,gasoline_95,Gasolina simples 95,Outro,1.869,Estarreja,Aveiro,Rua Dr. Manuel Ferreira da SilvaEN 109 - Arrotinha,Estarreja- Arrotinha,3860-210,40.764812,-8.571344,bxpress estarreja,bxpress,rua dr. manuel ferreira da silvaen 109 - arrotinha,"1,869 €",2026-05-15_dgeg_postos_raw.csv,e0bc39172c019ddd
2026-05-15,2026-05-15 14:31:32,2026-05-12 22:15:00,8bc3517417aa1635,8bc3517417aa1635_diesel_regular,VALCARCE Lebução,VALCARCE,diesel_regular,Gasóleo simples,Outro,1.935,Valpaços,Vila Real,"Avenida do Estádio,01",Lebução,5430-163,41.757376,-7.262693,valcarce lebução,valcarce,"avenida do estádio,01","1,935 €",2026-05-15_dgeg_postos_raw.csv,293fe1cee61dd040
2026-05-15,2026-05-15 14:31:32,2026-05-12 22:15:00,8bc3517417aa1635,8bc3517417aa1635_gasoline_95,VALCARCE Lebução,VALCARCE,gasoline_95,Gasolina simples 95,Outro,1.96,Valpaços,Vila Real,"Avenida do Estádio,01",Lebução,5430-163,41.757376,-7.262693,valcarce lebução,valcarce,"avenida do estádio,01","1,960 €",2026-05-15_dgeg_postos_raw.csv,9649880da79da5e4
2026-05-15,2026-05-15 14:31:32,2026-05-12 22:30:00,7a06f568f53fa766,7a06f568f53fa766_diesel_regular,Vieira Combustíveis,Genérico,diesel_regular,Gasóleo simples,Outro,2.009,Ovar,Aveiro,"Rua Cimo de Vila, 507",São João de Ovar,3880-743,40.87295,-8.59193,vieira combustíveis,genérico,"rua cimo de vila, 507","2,009 €",2026-05-15_dgeg_postos_raw.csv,07f1f48b93b8f9a6
2026-05-15,2026-05-15 14:31:32,2026-05-12 22:30:00,7a06f568f53fa766,7a06f568f53fa766_diesel_premium,Vieira Combustíveis,Genérico,diesel_premium,Gasóleo especial,Outro,2.039,Ovar,Aveiro,"Rua Cimo de Vila, 507",São João de Ovar,3880-743,40.87295,-8.59193,vieira combustíveis,genérico,"rua cimo de vila, 507","2,039 €",2026-05-15_dgeg_postos_raw.csv,e6655953c2a05ec7
2026-05-15,2026-05-15 14:31:32,2026-05-12 22:30:00,7a06f568f53fa766,7a06f568f53fa766_gasoline_95,Vieira Combustíveis,Genérico,gasoline_95,Gasolina simples 95,Outro,2.029,Ovar,Aveiro,"Rua Cimo de Vila, 507",São João de Ovar,3880-743,40.87295,-8.59193,vieira combustíveis,genérico,"rua cimo de vila, 507","2,029 €",2026-05-15_dgeg_postos_raw.csv,ea288b7486c403d0
2026-05-15,2026-05-15 14:31:32,2026-05-12 23:00:00,9ab82f555b12dd9b,9ab82f555b12dd9b_diesel_regular,TFGEST - MARTIM,FREITAS,diesel_regular,Gasóleo simples,Outro,1.999,Barcelos,Braga,"Avenida de Martim, 1166",Martim,4755-313,41.533585,-8.511274,tfgest - martim,freitas,"avenida de martim, 1166","1,999 €",2026-05-15_dgeg_postos_raw.csv,f695c79531222f6d
2026-05-15,2026-05-15 14:31:32,2026-05-12 23:00:00,9ab82f555b12dd9b,9ab82f555b12dd9b_diesel_premium,TFGEST - MARTIM,FREITAS,diesel_premium,Gasóleo especial,Outro,2.029,Barcelos,Braga,"Avenida de Martim, 1166",Martim,4755-313,41.533585,-8.511274,tfgest - martim,freitas,"avenida de martim, 1166","2,029 €",2026-05-15_dgeg_postos_raw.csv,127c61209f0b184d
2026-05-15,2026-05-15 14:31:32,2026-05-12 23:00:00,9ab82f555b12dd9b,9ab82f555b12dd9b_gasoline_95,TFGEST - MARTIM,FREITAS,gasoline_95,Gasolina simples 95,Outro,1.999,Barcelos,Braga,"Avenida de Martim, 1166",Martim,4755-313,41.533585,-8.511274,tfgest - martim,freitas,"avenida de martim, 1166","1,999 €",2026-05-15_dgeg_postos_raw.csv,2af0920e4b10cde8
2026-05-15,2026-05-15 14:31:32,2026-05-12 23:00:00,9ab82f555b12dd9b,9ab82f555b12dd9b_gasoline_98,TFGEST - MARTIM,FREITAS,gasoline_98,Gasolina especial 98,Outro,2.189,Barcelos,Braga,"Avenida de Martim, 1166",Martim,4755-313,41.533585,-8.511274,tfgest - martim,freitas,"avenida de martim, 1166","2,189 €",2026-05-15_dgeg_postos_raw.csv,c628797a3ff469b5
2026-05-15,2026-05-15 14:31:32,2026-05-12 23:35:00,2a6eef21c5f14750,2a6eef21c5f14750_gasoline_95,PETROPRIX SANTO TIRSO,PETROPRIX,gasoline_95,Gasolina simples 95,Outro,1.869,Santo Tirso,Porto,Rua Bernardino Alves Barbosa Santarém,Santo Tirso,4780-410,41.34141,-8.492591,petroprix santo tirso,petroprix,rua bernardino alves barbosa santarém,"1,869 €",2026-05-15_dgeg_postos_raw.csv,576b633c23745471
2026-05-15,2026-05-15 14:31:32,2026-05-12 23:35:00,2a6eef21c5f14750,2a6eef21c5f14750_diesel_regular,PETROPRIX SANTO TIRSO,PETROPRIX,diesel_regular,Gasóleo simples,Outro,1.869,Santo Tirso,Porto,Rua Bernardino Alves Barbosa Santarém,Santo Tirso,4780-410,41.34141,-8.492591,petroprix santo tirso,petroprix,rua bernardino alves barbosa santarém,"1,869 €",2026-05-15_dgeg_postos_raw.csv,166c892109a3e4c8
2026-05-15,2026-05-15 14:31:32,2026-05-12 23:55:00,fb14d50dfc815187,fb14d50dfc815187_diesel_regular,Intermarche Vila Nova Barquinha,INTERMARCHÉ,diesel_regular,Gasóleo simples,Outro,1.939,Vila Nova da Barquinha,Santarém,"Rua Capitão Salgueiro Maia, Edf Intermarche",Vila Nova da Barquinha,2260-418,39.46172,-8.45227,intermarche vila nova barquinha,intermarché,"rua capitão salgueiro maia, edf intermarche","1,939 €",2026-05-15_dgeg_postos_raw.csv,4dd6c76934acc9ff
2026-05-15,2026-05-15 14:31:32,2026-05-12 23:55:00,fb14d50dfc815187,fb14d50dfc815187_diesel_premium,Intermarche Vila Nova Barquinha,INTERMARCHÉ,diesel_premium,Gasóleo especial,Outro,1.969,Vila Nova da Barquinha,Santarém,"Rua Capitão Salgueiro Maia, Edf Intermarche",Vila Nova da Barquinha,2260-418,39.46172,-8.45227,intermarche vila nova barquinha,intermarché,"rua capitão salgueiro maia, edf intermarche","1,969 €",2026-05-15_dgeg_postos_raw.csv,007d8cc6b57dea4f
2026-05-15,2026-05-15 14:31:32,2026-05-12 23:55:00,fb14d50dfc815187,fb14d50dfc815187_gasoline_95,Intermarche Vila Nova Barquinha,INTERMARCHÉ,gasoline_95,Gasolina simples 95,Outro,1.928,Vila Nova da Barquinha,Santarém,"Rua Capitão Salgueiro Maia, Edf Intermarche",Vila Nova da Barquinha,2260-418,39.46172,-8.45227,intermarche vila nova barquinha,intermarché,"rua capitão salgueiro maia, edf intermarche","1,928 €",2026-05-15_dgeg_postos_raw.csv,0df797f0748c8014
2026-05-15,2026-05-15 14:31:32,2026-05-13 00:00:00,8635252bbc7ce1e7,8635252bbc7ce1e7_diesel_premium,BP Azoia,BP,diesel_premium,Gasóleo especial,Outro,2.229,Leiria,Leiria,Est. da Maceira Cruz de São Tomé,Azoia,2400-823,39.71452,-8.831504,bp azoia,bp,est. da maceira cruz de são tomé,"2,229 €",2026-05-15_dgeg_postos_raw.csv,e07ac23072358756
2026-05-15,2026-05-15 14:31:32,2026-05-13 00:00:00,8635252bbc7ce1e7,8635252bbc7ce1e7_gasoline_95,BP Azoia,BP,gasoline_95,Gasolina simples 95,Outro,2.079,Leiria,Leiria,Est. da Maceira Cruz de São Tomé,Azoia,2400-823,39.71452,-8.831504,bp azoia,bp,est. da maceira cruz de são tomé,"2,079 €",2026-05-15_dgeg_postos_raw.csv,b50f2e8fe5098d51
2026-05-15,2026-05-15 14:31:32,2026-05-13 00:00:00,8635252bbc7ce1e7,8635252bbc7ce1e7_diesel_regular,BP Azoia,BP,diesel_regular,Gasóleo simples,Outro,2.089,Leiria,Leiria,Est. da Maceira Cruz de São Tomé,Azoia,2400-823,39.71452,-8.831504,bp azoia,bp,est. da maceira cruz de são tomé,"2,089 €",2026-05-15_dgeg_postos_raw.csv,48d5a0bbbcd94584
2026-05-15,2026-05-15 14:31:32,2026-05-13 00:00:00,4df1c9dbfbc427e8,4df1c9dbfbc427e8_diesel_regular,GALP Pinhanços - Seia,GALP,diesel_regular,Gasóleo simples,Outro,2.079,Seia,Guarda,"EN 17 Km 99,400 - Pinhanços",Pinhanços,6270-141,40.462475,-7.688754,galp pinhanços - seia,galp,"en 17 km 99,400 - pinhanços","2,079 €",2026-05-15_dgeg_postos_raw.csv,f517a6265fa1ae07
2026-05-15,2026-05-15 14:31:32,2026-05-13 00:00:00,4df1c9dbfbc427e8,4df1c9dbfbc427e8_diesel_premium,GALP Pinhanços - Seia,GALP,diesel_premium,Gasóleo especial,Outro,2.139,Seia,Guarda,"EN 17 Km 99,400 - Pinhanços",Pinhanços,6270-141,40.462475,-7.688754,galp pinhanços - seia,galp,"en 17 km 99,400 - pinhanços","2,139 €",2026-05-15_dgeg_postos_raw.csv,d033f5face63fb3e
2026-05-15,2026-05-15 14:31:32,2026-05-13 00:00:00,4df1c9dbfbc427e8,4df1c9dbfbc427e8_gasoline_95,GALP Pinhanços - Seia,GALP,gasoline_95,Gasolina simples 95,Outro,2.072,Seia,Guarda,"EN 17 Km 99,400 - Pinhanços",Pinhanços,6270-141,40.462475,-7.688754,galp pinhanços - seia,galp,"en 17 km 99,400 - pinhanços","2,072 €",2026-05-15_dgeg_postos_raw.csv,372ea1c4c3fcddd4
2026-05-15,2026-05-15 14:31:32,2026-05-13 00:00:00,e6834fbb94ccf794,e6834fbb94ccf794_diesel_regular,GALP Carnaxide (Qta. do Minote),GALP,diesel_regular,Gasóleo simples,Outro,2.079,Oeiras,Lisboa,"Rua Sertório Monte Pereira, 2 - Zona Industrial da Outurela",Carnaxide,2794-051,38.72214,-9.219003,galp carnaxide (qta. do minote),galp,"rua sertório monte pereira, 2 - zona industrial da outurela","2,079 €",2026-05-15_dgeg_postos_raw.csv,0a1c40a3356dc58a
2026-05-15,2026-05-15 14:31:32,2026-05-13 00:00:00,e6834fbb94ccf794,e6834fbb94ccf794_diesel_premium,GALP Carnaxide (Qta. do Minote),GALP,diesel_premium,Gasóleo especial,Outro,2.129,Oeiras,Lisboa,"Rua Sertório Monte Pereira, 2 - Zona Industrial da Outurela",Carnaxide,2794-051,38.72214,-9.219003,galp carnaxide (qta. do minote),galp,"rua sertório monte pereira, 2 - zona industrial da outurela","2,129 €",2026-05-15_dgeg_postos_raw.csv,c8629091d24eed99
2026-05-15,2026-05-15 14:31:32,2026-05-13 00:00:00,e6834fbb94ccf794,e6834fbb94ccf794_gasoline_95,GALP Carnaxide (Qta. do Minote),GALP,gasoline_95,Gasolina simples 95,Outro,2.076,Oeiras,Lisboa,"Rua Sertório Monte Pereira, 2 - Zona Industrial da Outurela",Carnaxide,2794-051,38.72214,-9.219003,galp carnaxide (qta. do minote),galp,"rua sertório monte pereira, 2 - zona industrial da outurela","2,076 €",2026-05-15_dgeg_postos_raw.csv,334ab61457b96512
2026-05-15,2026-05-15 14:31:32,2026-05-13 00:00:00,14c757f9d1788e8b,14c757f9d1788e8b_diesel_regular,GALP Frei Miguel Contreiras  (Av. Roma),GALP,diesel_regular,Gasóleo simples,Outro,2.079,Lisboa,Lisboa,Av. Frei Miguel Contreiras 56 A e 56 C,Lisboa,1700-213,38.74584,-9.13956,galp frei miguel contreiras (av. roma),galp,av. frei miguel contreiras 56 a e 56 c,"2,079 €",2026-05-15_dgeg_postos_raw.csv,d48fd775d1be3db8
2026-05-15,2026-05-15 14:31:32,2026-05-13 00:00:00,14c757f9d1788e8b,14c757f9d1788e8b_diesel_premium,GALP Frei Miguel Contreiras  (Av. Roma),GALP,diesel_premium,Gasóleo especial,Outro,2.139,Lisboa,Lisboa,Av. Frei Miguel Contreiras 56 A e 56 C,Lisboa,1700-213,38.74584,-9.13956,galp frei miguel contreiras (av. roma),galp,av. frei miguel contreiras 56 a e 56 c,"2,139 €",2026-05-15_dgeg_postos_raw.csv,7cb4e19211abefc3
2026-05-15,2026-05-15 14:31:32,2026-05-13 00:00:00,14c757f9d1788e8b,14c757f9d1788e8b_gasoline_95,GALP Frei Miguel Contreiras  (Av. Roma),GALP,gasoline_95,Gasolina simples 95,Outro,2.076,Lisboa,Lisboa,Av. Frei Miguel Contreiras 56 A e 56 C,Lisboa,1700-213,38.74584,-9.13956,galp frei miguel contreiras (av. roma),galp,av. frei miguel contreiras 56 a e 56 c,"2,076 €",2026-05-15_dgeg_postos_raw.csv,05bbe99f1e33fbae
2026-05-15,2026-05-15 14:31:32,2026-05-13 00:00:00,491ee3eabfa6f7be,491ee3eabfa6f7be_diesel_regular,GALP Mem Martins (Coudel),GALP,diesel_regular,Gasóleo simples,Outro,2.079,Sintra,Lisboa,Rua do Coudel,Algueirão,2725-037,38.786724,-9.345892,galp mem martins (coudel),galp,rua do coudel,"2,079 €",2026-05-15_dgeg_postos_raw.csv,283286244dd93559
2026-05-15,2026-05-15 14:31:32,2026-05-13 00:00:00,491ee3eabfa6f7be,491ee3eabfa6f7be_diesel_premium,GALP Mem Martins (Coudel),GALP,diesel_premium,Gasóleo especial,Outro,2.129,Sintra,Lisboa,Rua do Coudel,Algueirão,2725-037,38.786724,-9.345892,galp mem martins (coudel),galp,rua do coudel,"2,129 €",2026-05-15_dgeg_postos_raw.csv,31f119bb7da58b15
2026-05-15,2026-05-15 14:31:32,2026-05-13 00:00:00,491ee3eabfa6f7be,491ee3eabfa6f7be_gasoline_95,GALP Mem Martins (Coudel),GALP,gasoline_95,Gasolina simples 95,Outro,2.072,Sintra,Lisboa,Rua do Coudel,Algueirão,2725-037,38.786724,-9.345892,galp mem martins (coudel),galp,rua do coudel,"2,072 €",2026-05-15_dgeg_postos_raw.csv,c2c994ba4e587bac
2026-05-15,2026-05-15 14:31:32,2026-05-13 00:00:00,e6df659cceca362b,e6df659cceca362b_diesel_regular,Galp- Serafim Batista Duarte Lda.,GALP,diesel_regular,Gasóleo simples,Outro,2.035,Celorico da Beira,Guarda,Rua Sacadura Cabral 155,Celorico da Beira,6360-350,40.637604,-7.390125,galp- serafim batista duarte lda.,galp,rua sacadura cabral 155,"2,035 €",2026-05-15_dgeg_postos_raw.csv,98273ab992c28295
2026-05-15,2026-05-15 14:31:32,2026-05-13 00:00:00,e6df659cceca362b,e6df659cceca362b_diesel_premium,Galp- Serafim Batista Duarte Lda.,GALP,diesel_premium,Gasóleo especial,Outro,2.085,Celorico da Beira,Guarda,Rua Sacadura Cabral 155,Celorico da Beira,6360-350,40.637604,-7.390125,galp- serafim batista duarte lda.,galp,rua sacadura cabral 155,"2,085 €",2026-05-15_dgeg_postos_raw.csv,4652f527da3dfa44
2026-05-15,2026-05-15 14:31:32,2026-05-13 00:00:00,e6df659cceca362b,e6df659cceca362b_gasoline_95,Galp- Serafim Batista Duarte Lda.,GALP,gasoline_95,Gasolina simples 95,Outro,2.031,Celorico da Beira,Guarda,Rua Sacadura Cabral 155,Celorico da Beira,6360-350,40.637604,-7.390125,galp- serafim batista duarte lda.,galp,rua sacadura cabral 155,"2,031 €",2026-05-15_dgeg_postos_raw.csv,9ec0d076829f004e
2026-05-15,2026-05-15 14:31:32,2026-05-13 00:00:00,8635252bbc7ce1e7,8635252bbc7ce1e7_gasoline_98,BP Azoia,BP,gasoline_98,Gasolina especial 98,Outro,2.299,Leiria,Leiria,Est. da Maceira Cruz de São Tomé,Azoia,2400-823,39.71452,-8.831504,bp azoia,bp,est. da maceira cruz de são tomé,"2,299 €",2026-05-15_dgeg_postos_raw.csv,910947b1d872f58a
2026-05-15,2026-05-15 14:31:32,2026-05-13 00:00:00,a070a4e17149be4e,a070a4e17149be4e_diesel_regular,"FRANCISCO BARRETO& IRMÃO,LDA - GALP Águas",GALP,diesel_regular,Gasóleo simples,Outro,2.019,Penamacor,Castelo Branco,"EN233,162",Águas,6090-017,40.10869,-7.223459,"francisco barreto& irmão,lda - galp águas",galp,"en233,162","2,019 €",2026-05-15_dgeg_postos_raw.csv,a060d66623f2e214
2026-05-15,2026-05-15 14:31:32,2026-05-13 00:00:00,a070a4e17149be4e,a070a4e17149be4e_diesel_premium,"FRANCISCO BARRETO& IRMÃO,LDA - GALP Águas",GALP,diesel_premium,Gasóleo especial,Outro,2.079,Penamacor,Castelo Branco,"EN233,162",Águas,6090-017,40.10869,-7.223459,"francisco barreto& irmão,lda - galp águas",galp,"en233,162","2,079 €",2026-05-15_dgeg_postos_raw.csv,8764148742c98039
2026-05-15,2026-05-15 14:31:32,2026-05-13 00:00:00,a070a4e17149be4e,a070a4e17149be4e_gasoline_95,"FRANCISCO BARRETO& IRMÃO,LDA - GALP Águas",GALP,gasoline_95,Gasolina simples 95,Outro,2.016,Penamacor,Castelo Branco,"EN233,162",Águas,6090-017,40.10869,-7.223459,"francisco barreto& irmão,lda - galp águas",galp,"en233,162","2,016 €",2026-05-15_dgeg_postos_raw.csv,45c685bc49ab9ad0
2026-05-15,2026-05-15 14:31:32,2026-05-13 00:00:00,fc96dd21a7bf5d8d,fc96dd21a7bf5d8d_diesel_regular,E.S. FARO-CAMPINAS A,REPSOL,diesel_regular,Gasóleo simples,Outro,2.079,Faro,Faro,"EN 2 Km 735,8",Campinas,8000-606,37.04511,-7.92845,e.s. faro-campinas a,repsol,"en 2 km 735,8","2,079 €",2026-05-15_dgeg_postos_raw.csv,2931d81612ed3a90
2026-05-15,2026-05-15 14:31:32,2026-05-13 00:00:00,fc96dd21a7bf5d8d,fc96dd21a7bf5d8d_diesel_premium,E.S. FARO-CAMPINAS A,REPSOL,diesel_premium,Gasóleo especial,Outro,2.145,Faro,Faro,"EN 2 Km 735,8",Campinas,8000-606,37.04511,-7.92845,e.s. faro-campinas a,repsol,"en 2 km 735,8","2,145 €",2026-05-15_dgeg_postos_raw.csv,04148e2327a4dab0
2026-05-15,2026-05-15 14:31:32,2026-05-13 00:00:00,fc96dd21a7bf5d8d,fc96dd21a7bf5d8d_gasoline_95,E.S. FARO-CAMPINAS A,REPSOL,gasoline_95,Gasolina simples 95,Outro,2.019,Faro,Faro,"EN 2 Km 735,8",Campinas,8000-606,37.04511,-7.92845,e.s. faro-campinas a,repsol,"en 2 km 735,8","2,019 €",2026-05-15_dgeg_postos_raw.csv,13eced936d67d3ac
2026-05-15,2026-05-15 14:31:32,2026-05-13 00:00:00,fc96dd21a7bf5d8d,fc96dd21a7bf5d8d_gasoline_98,E.S. FARO-CAMPINAS A,REPSOL,gasoline_98,Gasolina especial 98,Outro,2.209,Faro,Faro,"EN 2 Km 735,8",Campinas,8000-606,37.04511,-7.92845,e.s. faro-campinas a,repsol,"en 2 km 735,8","2,209 €",2026-05-15_dgeg_postos_raw.csv,070ad9149caa434b
2026-05-15,2026-05-15 14:31:32,2026-05-13 00:00:00,1d592d86cfde5c5b,1d592d86cfde5c5b_diesel_regular,E.S. FARO-CAMPINAS B,REPSOL,diesel_regular,Gasóleo simples,Outro,2.079,Faro,Faro,"EN 2 Km 735,8",Campinas,8000-606,37.04408,-7.92912,e.s. faro-campinas b,repsol,"en 2 km 735,8","2,079 €",2026-05-15_dgeg_postos_raw.csv,bd2131923036a0d3
2026-05-15,2026-05-15 14:31:32,2026-05-13 00:00:00,1d592d86cfde5c5b,1d592d86cfde5c5b_diesel_premium,E.S. FARO-CAMPINAS B,REPSOL,diesel_premium,Gasóleo especial,Outro,2.149,Faro,Faro,"EN 2 Km 735,8",Campinas,8000-606,37.04408,-7.92912,e.s. faro-campinas b,repsol,"en 2 km 735,8","2,149 €",2026-05-15_dgeg_postos_raw.csv,4c0f3d6c4ccc95b6
2026-05-15,2026-05-15 14:31:32,2026-05-13 00:00:00,1d592d86cfde5c5b,1d592d86cfde5c5b_gasoline_95,E.S. FARO-CAMPINAS B,REPSOL,gasoline_95,Gasolina simples 95,Outro,2.019,Faro,Faro,"EN 2 Km 735,8",Campinas,8000-606,37.04408,-7.92912,e.s. faro-campinas b,repsol,"en 2 km 735,8","2,019 €",2026-05-15_dgeg_postos_raw.csv,a3304fdad6adce35
2026-05-15,2026-05-15 14:31:32,2026-05-13 00:00:00,1d592d86cfde5c5b,1d592d86cfde5c5b_gasoline_98,E.S. FARO-CAMPINAS B,REPSOL,gasoline_98,Gasolina especial 98,Outro,2.209,Faro,Faro,"EN 2 Km 735,8",Campinas,8000-606,37.04408,-7.92912,e.s. faro-campinas b,repsol,"en 2 km 735,8","2,209 €",2026-05-15_dgeg_postos_raw.csv,72a9b013f5eb640e
2026-05-15,2026-05-15 14:31:32,2026-05-13 00:00:00,d744ac8b070b8d7a,d744ac8b070b8d7a_diesel_regular,E.S. V. R. S. ANTONIO,REPSOL,diesel_regular,Gasóleo simples,Outro,2.009,Vila Real de Santo António,Faro,Av. da República nº 110,Vila Real de Santo António,8900-000,37.19667,-7.41454,e.s. v. r. s. antonio,repsol,av. da república nº 110,"2,009 €",2026-05-15_dgeg_postos_raw.csv,3ec4aa4647cf1a90
2026-05-15,2026-05-15 14:31:32,2026-05-13 00:00:00,d744ac8b070b8d7a,d744ac8b070b8d7a_diesel_premium,E.S. V. R. S. ANTONIO,REPSOL,diesel_premium,Gasóleo especial,Outro,2.069,Vila Real de Santo António,Faro,Av. da República nº 110,Vila Real de Santo António,8900-000,37.19667,-7.41454,e.s. v. r. s. antonio,repsol,av. da república nº 110,"2,069 €",2026-05-15_dgeg_postos_raw.csv,98036d897e22122e
2026-05-15,2026-05-15 14:31:32,2026-05-13 00:00:00,87f3c8d4ac074b20,87f3c8d4ac074b20_gasoline_98,E.S. TAVIRA,REPSOL,gasoline_98,Gasolina especial 98,Outro,2.209,Tavira,Faro,Rua das Salinas,Tavira,8800-201,37.12401,-7.6454,e.s. tavira,repsol,rua das salinas,"2,209 €",2026-05-15_dgeg_postos_raw.csv,333bfcf0db55038d
2026-05-15,2026-05-15 14:31:32,2026-05-13 00:00:00,debb2f57415ff6d5,debb2f57415ff6d5_diesel_regular,"AMERICO OLIVEIRA E FILHOS, LDA",GALP,diesel_regular,Gasóleo simples,Outro,2.079,Cascais,Lisboa,Rua Combatentes do Ultramar / Rua Doutor Carlos Amaro,Murtal - Parede,2765-000,38.70078,-9.36064,"americo oliveira e filhos, lda",galp,rua combatentes do ultramar / rua doutor carlos amaro,"2,079 €",2026-05-15_dgeg_postos_raw.csv,01aa4c9dde5f805f
2026-05-15,2026-05-15 14:31:32,2026-05-13 00:00:00,debb2f57415ff6d5,debb2f57415ff6d5_diesel_premium,"AMERICO OLIVEIRA E FILHOS, LDA",GALP,diesel_premium,Gasóleo especial,Outro,2.128,Cascais,Lisboa,Rua Combatentes do Ultramar / Rua Doutor Carlos Amaro,Murtal - Parede,2765-000,38.70078,-9.36064,"americo oliveira e filhos, lda",galp,rua combatentes do ultramar / rua doutor carlos amaro,"2,128 €",2026-05-15_dgeg_postos_raw.csv,7dd4f09a79f50def
2026-05-15,2026-05-15 14:31:32,2026-05-13 00:00:00,debb2f57415ff6d5,debb2f57415ff6d5_gasoline_95,"AMERICO OLIVEIRA E FILHOS, LDA",GALP,gasoline_95,Gasolina simples 95,Outro,2.076,Cascais,Lisboa,Rua Combatentes do Ultramar / Rua Doutor Carlos Amaro,Murtal - Parede,2765-000,38.70078,-9.36064,"americo oliveira e filhos, lda",galp,rua combatentes do ultramar / rua doutor carlos amaro,"2,076 €",2026-05-15_dgeg_postos_raw.csv,861ef34b039d6498
2026-05-15,2026-05-15 14:31:32,2026-05-13 00:00:00,f0299e0d7ad574b8,f0299e0d7ad574b8_diesel_regular,"MARCOS & MENDES, LDA.",GALP,diesel_regular,Gasóleo simples,Outro,2.029,Abrantes,Santarém,"E.N.118 ao Km.149,800 - Rua 5 de Outubro, nº54",Alvega,2205-104,39.46431,-8.042503,"marcos & mendes, lda.",galp,"e.n.118 ao km.149,800 - rua 5 de outubro, nº54","2,029 €",2026-05-15_dgeg_postos_raw.csv,912a123ae9ffc630
2026-05-15,2026-05-15 14:31:32,2026-05-13 00:00:00,f0299e0d7ad574b8,f0299e0d7ad574b8_diesel_premium,"MARCOS & MENDES, LDA.",GALP,diesel_premium,Gasóleo especial,Outro,2.079,Abrantes,Santarém,"E.N.118 ao Km.149,800 - Rua 5 de Outubro, nº54",Alvega,2205-104,39.46431,-8.042503,"marcos & mendes, lda.",galp,"e.n.118 ao km.149,800 - rua 5 de outubro, nº54","2,079 €",2026-05-15_dgeg_postos_raw.csv,af7bb5a85ae934fd
2026-05-15,2026-05-15 14:31:32,2026-05-13 00:00:00,f0299e0d7ad574b8,f0299e0d7ad574b8_gasoline_95,"MARCOS & MENDES, LDA.",GALP,gasoline_95,Gasolina simples 95,Outro,2.026,Abrantes,Santarém,"E.N.118 ao Km.149,800 - Rua 5 de Outubro, nº54",Alvega,2205-104,39.46431,-8.042503,"marcos & mendes, lda.",galp,"e.n.118 ao km.149,800 - rua 5 de outubro, nº54","2,026 €",2026-05-15_dgeg_postos_raw.csv,fc1dfcee452ed6ae
2026-05-15,2026-05-15 14:31:32,2026-05-13 00:00:00,e159c2e538378528,e159c2e538378528_diesel_regular,GALP  Mirandela,GALP,diesel_regular,Gasóleo simples,Outro,2.035,Mirandela,Bragança,Av. das Comunidades Europeias,Mirandela,5370-205,41.49177,-7.17704,galp mirandela,galp,av. das comunidades europeias,"2,035 €",2026-05-15_dgeg_postos_raw.csv,bce0313af1e0e43d
2026-05-15,2026-05-15 14:31:32,2026-05-13 00:00:00,e159c2e538378528,e159c2e538378528_diesel_premium,GALP  Mirandela,GALP,diesel_premium,Gasóleo especial,Outro,2.085,Mirandela,Bragança,Av. das Comunidades Europeias,Mirandela,5370-205,41.49177,-7.17704,galp mirandela,galp,av. das comunidades europeias,"2,085 €",2026-05-15_dgeg_postos_raw.csv,4d29d71af3d5ddec
2026-05-15,2026-05-15 14:31:32,2026-05-13 00:00:00,e159c2e538378528,e159c2e538378528_gasoline_95,GALP  Mirandela,GALP,gasoline_95,Gasolina simples 95,Outro,2.031,Mirandela,Bragança,Av. das Comunidades Europeias,Mirandela,5370-205,41.49177,-7.17704,galp mirandela,galp,av. das comunidades europeias,"2,031 €",2026-05-15_dgeg_postos_raw.csv,354bc440adc4f7f0
2026-05-15,2026-05-15 14:31:32,2026-05-13 00:00:00,2c4f3826da438297,2c4f3826da438297_diesel_regular,"Pit Lane, Lda",GALP,diesel_regular,Gasóleo simples,Outro,2.019,Guimarães,Braga,"Av. 25 de Abril, nº 5",Caldas das Taipas - Caldelas,4805-083,41.48699,-8.35223,"pit lane, lda",galp,"av. 25 de abril, nº 5","2,019 €",2026-05-15_dgeg_postos_raw.csv,39ed2d8a66873a66
2026-05-15,2026-05-15 14:31:32,2026-05-13 00:00:00,2c4f3826da438297,2c4f3826da438297_diesel_premium,"Pit Lane, Lda",GALP,diesel_premium,Gasóleo especial,Outro,2.069,Guimarães,Braga,"Av. 25 de Abril, nº 5",Caldas das Taipas - Caldelas,4805-083,41.48699,-8.35223,"pit lane, lda",galp,"av. 25 de abril, nº 5","2,069 €",2026-05-15_dgeg_postos_raw.csv,4a4570dd4c1f507b
2026-05-15,2026-05-15 14:31:32,2026-05-13 00:00:00,2c4f3826da438297,2c4f3826da438297_gasoline_95,"Pit Lane, Lda",GALP,gasoline_95,Gasolina simples 95,Outro,2.017,Guimarães,Braga,"Av. 25 de Abril, nº 5",Caldas das Taipas - Caldelas,4805-083,41.48699,-8.35223,"pit lane, lda",galp,"av. 25 de abril, nº 5","2,017 €",2026-05-15_dgeg_postos_raw.csv,3fe4d3ecfdfb8d36
2026-05-15,2026-05-15 14:31:32,2026-05-13 00:00:00,2c4f3826da438297,2c4f3826da438297_gasoline_98,"Pit Lane, Lda",GALP,gasoline_98,Gasolina especial 98,Outro,2.227,Guimarães,Braga,"Av. 25 de Abril, nº 5",Caldas das Taipas - Caldelas,4805-083,41.48699,-8.35223,"pit lane, lda",galp,"av. 25 de abril, nº 5","2,227 €",2026-05-15_dgeg_postos_raw.csv,559a81a2e67cf810
2026-05-15,2026-05-15 14:31:32,2026-05-13 00:00:00,f1a9664790269f17,f1a9664790269f17_diesel_regular,BP AMADORA,BP,diesel_regular,Gasóleo simples,Outro,2.109,Amadora,Lisboa,Rua Gonçalves Ramos,Amadora,2700-439,38.755483,-9.240932,bp amadora,bp,rua gonçalves ramos,"2,109 €",2026-05-15_dgeg_postos_raw.csv,be0f3e7bcce01eab
2026-05-15,2026-05-15 14:31:32,2026-05-13 00:00:00,f1a9664790269f17,f1a9664790269f17_diesel_premium,BP AMADORA,BP,diesel_premium,Gasóleo especial,Outro,2.229,Amadora,Lisboa,Rua Gonçalves Ramos,Amadora,2700-439,38.755483,-9.240932,bp amadora,bp,rua gonçalves ramos,"2,229 €",2026-05-15_dgeg_postos_raw.csv,9d4bf79bc53212c5
2026-05-15,2026-05-15 14:31:32,2026-05-13 00:00:00,f1a9664790269f17,f1a9664790269f17_gasoline_95,BP AMADORA,BP,gasoline_95,Gasolina simples 95,Outro,2.099,Amadora,Lisboa,Rua Gonçalves Ramos,Amadora,2700-439,38.755483,-9.240932,bp amadora,bp,rua gonçalves ramos,"2,099 €",2026-05-15_dgeg_postos_raw.csv,e69d972d6b50e782
2026-05-15,2026-05-15 14:31:32,2026-05-13 00:00:00,f1a9664790269f17,f1a9664790269f17_gasoline_98,BP AMADORA,BP,gasoline_98,Gasolina especial 98,Outro,2.299,Amadora,Lisboa,Rua Gonçalves Ramos,Amadora,2700-439,38.755483,-9.240932,bp amadora,bp,rua gonçalves ramos,"2,299 €",2026-05-15_dgeg_postos_raw.csv,5aa13aae751c4d24
2026-05-15,2026-05-15 14:31:32,2026-05-13 00:05:00,649cfb1e96859637,649cfb1e96859637_diesel_regular,BP Combatentes - Porto,BP,diesel_regular,Gasóleo simples,Outro,2.069,Porto,Porto,Av. Combatentes da Grande Guerra nº 627,Porto,4200-190,41.165233,-8.598091,bp combatentes - porto,bp,av. combatentes da grande guerra nº 627,"2,069 €",2026-05-15_dgeg_postos_raw.csv,c82b5a9ef7fcf21c
2026-05-15,2026-05-15 14:31:32,2026-05-13 00:05:00,649cfb1e96859637,649cfb1e96859637_diesel_premium,BP Combatentes - Porto,BP,diesel_premium,Gasóleo especial,Outro,2.229,Porto,Porto,Av. Combatentes da Grande Guerra nº 627,Porto,4200-190,41.165233,-8.598091,bp combatentes - porto,bp,av. combatentes da grande guerra nº 627,"2,229 €",2026-05-15_dgeg_postos_raw.csv,e395d4b4de73ab71
2026-05-15,2026-05-15 14:31:32,2026-05-13 00:05:00,649cfb1e96859637,649cfb1e96859637_gasoline_95,BP Combatentes - Porto,BP,gasoline_95,Gasolina simples 95,Outro,2.059,Porto,Porto,Av. Combatentes da Grande Guerra nº 627,Porto,4200-190,41.165233,-8.598091,bp combatentes - porto,bp,av. combatentes da grande guerra nº 627,"2,059 €",2026-05-15_dgeg_postos_raw.csv,27924b00c0ace8a0
2026-05-15,2026-05-15 14:31:32,2026-05-13 00:05:00,649cfb1e96859637,649cfb1e96859637_gasoline_98,BP Combatentes - Porto,BP,gasoline_98,Gasolina especial 98,Outro,2.299,Porto,Porto,Av. Combatentes da Grande Guerra nº 627,Porto,4200-190,41.165233,-8.598091,bp combatentes - porto,bp,av. combatentes da grande guerra nº 627,"2,299 €",2026-05-15_dgeg_postos_raw.csv,4852e3cd39fcbc24
2026-05-15,2026-05-15 14:31:32,2026-05-13 00:05:00,c0f2e9da6641e9a3,c0f2e9da6641e9a3_diesel_regular,BP FÃO,BP,diesel_regular,Gasóleo simples,Outro,2.059,Esposende,Braga,"EN 13 Km 40,5 (Av. S. Cristóvão)",Fão,4740-321,41.504212,-8.762344,bp fão,bp,"en 13 km 40,5 (av. s. cristóvão)","2,059 €",2026-05-15_dgeg_postos_raw.csv,7980cb072bfd048f
2026-05-15,2026-05-15 14:31:32,2026-05-13 00:05:00,c0f2e9da6641e9a3,c0f2e9da6641e9a3_diesel_premium,BP FÃO,BP,diesel_premium,Gasóleo especial,Outro,2.229,Esposende,Braga,"EN 13 Km 40,5 (Av. S. Cristóvão)",Fão,4740-321,41.504212,-8.762344,bp fão,bp,"en 13 km 40,5 (av. s. cristóvão)","2,229 €",2026-05-15_dgeg_postos_raw.csv,40364c594c85688a
2026-05-15,2026-05-15 14:31:32,2026-05-13 00:05:00,c0f2e9da6641e9a3,c0f2e9da6641e9a3_gasoline_95,BP FÃO,BP,gasoline_95,Gasolina simples 95,Outro,2.049,Esposende,Braga,"EN 13 Km 40,5 (Av. S. Cristóvão)",Fão,4740-321,41.504212,-8.762344,bp fão,bp,"en 13 km 40,5 (av. s. cristóvão)","2,049 €",2026-05-15_dgeg_postos_raw.csv,87c5365cd6adf1e3
2026-05-15,2026-05-15 14:31:32,2026-05-13 00:05:00,c0f2e9da6641e9a3,c0f2e9da6641e9a3_gasoline_98,BP FÃO,BP,gasoline_98,Gasolina especial 98,Outro,2.299,Esposende,Braga,"EN 13 Km 40,5 (Av. S. Cristóvão)",Fão,4740-321,41.504212,-8.762344,bp fão,bp,"en 13 km 40,5 (av. s. cristóvão)","2,299 €",2026-05-15_dgeg_postos_raw.csv,ce8859bfaa960a0c
2026-05-15,2026-05-15 14:31:32,2026-05-13 00:05:00,3e1b3b7fda928755,3e1b3b7fda928755_gasoline_98,BP - FONTE BOA,BP,gasoline_98,Gasolina especial 98,Outro,2.299,Esposende,Braga,Rua da Cruz nº 1,Fonte Boa,4740-418,41.49459,-8.74393,bp - fonte boa,bp,rua da cruz nº 1,"2,299 €",2026-05-15_dgeg_postos_raw.csv,bf28bfe6d9dfb9cc
2026-05-15,2026-05-15 14:31:32,2026-05-13 00:05:00,3e1b3b7fda928755,3e1b3b7fda928755_diesel_premium,BP - FONTE BOA,BP,diesel_premium,Gasóleo especial,Outro,2.229,Esposende,Braga,Rua da Cruz nº 1,Fonte Boa,4740-418,41.49459,-8.74393,bp - fonte boa,bp,rua da cruz nº 1,"2,229 €",2026-05-15_dgeg_postos_raw.csv,8fc79d715cb0c176
2026-05-15,2026-05-15 14:31:32,2026-05-13 00:05:00,3e1b3b7fda928755,3e1b3b7fda928755_diesel_regular,BP - FONTE BOA,BP,diesel_regular,Gasóleo simples,Outro,2.059,Esposende,Braga,Rua da Cruz nº 1,Fonte Boa,4740-418,41.49459,-8.74393,bp - fonte boa,bp,rua da cruz nº 1,"2,059 €",2026-05-15_dgeg_postos_raw.csv,adb3781d36b374b0
2026-05-15,2026-05-15 14:31:32,2026-05-13 00:05:00,3e1b3b7fda928755,3e1b3b7fda928755_gasoline_95,BP - FONTE BOA,BP,gasoline_95,Gasolina simples 95,Outro,2.049,Esposende,Braga,Rua da Cruz nº 1,Fonte Boa,4740-418,41.49459,-8.74393,bp - fonte boa,bp,rua da cruz nº 1,"2,049 €",2026-05-15_dgeg_postos_raw.csv,1776be3299130a2a
2026-05-15,2026-05-15 14:31:32,2026-05-13 00:05:00,402edf496f1aab71,402edf496f1aab71_diesel_regular,BP Caneças,BP,diesel_regular,Gasóleo simples,Outro,2.109,Odivelas,Lisboa,"E. N. 250 - Km 19,5 E",Caneças,1685-355,38.81048,-9.234183,bp caneças,bp,"e. n. 250 - km 19,5 e","2,109 €",2026-05-15_dgeg_postos_raw.csv,083eb50f2b0171f4
2026-05-15,2026-05-15 14:31:32,2026-05-13 00:05:00,402edf496f1aab71,402edf496f1aab71_diesel_premium,BP Caneças,BP,diesel_premium,Gasóleo especial,Outro,2.229,Odivelas,Lisboa,"E. N. 250 - Km 19,5 E",Caneças,1685-355,38.81048,-9.234183,bp caneças,bp,"e. n. 250 - km 19,5 e","2,229 €",2026-05-15_dgeg_postos_raw.csv,bb5eeed84ecfd896
2026-05-15,2026-05-15 14:31:32,2026-05-13 00:05:00,402edf496f1aab71,402edf496f1aab71_gasoline_95,BP Caneças,BP,gasoline_95,Gasolina simples 95,Outro,2.099,Odivelas,Lisboa,"E. N. 250 - Km 19,5 E",Caneças,1685-355,38.81048,-9.234183,bp caneças,bp,"e. n. 250 - km 19,5 e","2,099 €",2026-05-15_dgeg_postos_raw.csv,74d61c5053c097d6
2026-05-15,2026-05-15 14:31:32,2026-05-13 06:05:00,3eed389f71efc94b,3eed389f71efc94b_diesel_regular,GALP Tourais (Seia),GALP,diesel_regular,Gasóleo simples,Outro,2.079,Seia,Guarda,EN 231,Tourais,6270-581,40.46377,-7.753826,galp tourais (seia),galp,en 231,"2,079 €",2026-05-15_dgeg_postos_raw.csv,e0afda2ca73805b4
2026-05-15,2026-05-15 14:31:32,2026-05-13 06:05:00,3eed389f71efc94b,3eed389f71efc94b_diesel_premium,GALP Tourais (Seia),GALP,diesel_premium,Gasóleo especial,Outro,2.139,Seia,Guarda,EN 231,Tourais,6270-581,40.46377,-7.753826,galp tourais (seia),galp,en 231,"2,139 €",2026-05-15_dgeg_postos_raw.csv,af847b0566ff0580
2026-05-15,2026-05-15 14:31:32,2026-05-13 06:05:00,3eed389f71efc94b,3eed389f71efc94b_gasoline_95,GALP Tourais (Seia),GALP,gasoline_95,Gasolina simples 95,Outro,2.072,Seia,Guarda,EN 231,Tourais,6270-581,40.46377,-7.753826,galp tourais (seia),galp,en 231,"2,072 €",2026-05-15_dgeg_postos_raw.csv,49678c15602ff6ce
2026-05-15,2026-05-15 14:31:32,2026-05-13 06:05:00,3eed389f71efc94b,3eed389f71efc94b_gasoline_98,GALP Tourais (Seia),GALP,gasoline_98,Gasolina especial 98,Outro,2.282,Seia,Guarda,EN 231,Tourais,6270-581,40.46377,-7.753826,galp tourais (seia),galp,en 231,"2,282 €",2026-05-15_dgeg_postos_raw.csv,8deb1fb836fd21e0
2026-05-15,2026-05-15 14:31:32,2026-05-13 06:15:00,dee6ce000a914da8,dee6ce000a914da8_diesel_regular,PA GALP - LIXA,GALP,diesel_regular,Gasóleo simples,Outro,2.029,Felgueiras,Porto,Av. da Republica,Lixa,4615-676,41.33089,-8.150838,pa galp - lixa,galp,av. da republica,"2,029 €",2026-05-15_dgeg_postos_raw.csv,e91016cb9cd9286c
2026-05-15,2026-05-15 14:31:32,2026-05-13 06:15:00,dee6ce000a914da8,dee6ce000a914da8_diesel_premium,PA GALP - LIXA,GALP,diesel_premium,Gasóleo especial,Outro,2.079,Felgueiras,Porto,Av. da Republica,Lixa,4615-676,41.33089,-8.150838,pa galp - lixa,galp,av. da republica,"2,079 €",2026-05-15_dgeg_postos_raw.csv,6ca28a4ce4e967a6
2026-05-15,2026-05-15 14:31:32,2026-05-13 06:15:00,dee6ce000a914da8,dee6ce000a914da8_gasoline_95,PA GALP - LIXA,GALP,gasoline_95,Gasolina simples 95,Outro,2.026,Felgueiras,Porto,Av. da Republica,Lixa,4615-676,41.33089,-8.150838,pa galp - lixa,galp,av. da republica,"2,026 €",2026-05-15_dgeg_postos_raw.csv,03dffc3431dc50ec
2026-05-15,2026-05-15 14:31:32,2026-05-13 06:30:00,570a05732b828a9c,570a05732b828a9c_diesel_premium,Posto Lopes,FREITAS,diesel_premium,Gasóleo especial,Outro,2.079,Póvoa de Lanhoso,Braga,EN 205,Monsul,4830-400,41.61699,-8.30662,posto lopes,freitas,en 205,"2,079 €",2026-05-15_dgeg_postos_raw.csv,db7aa12f186d4d46
2026-05-15,2026-05-15 14:31:32,2026-05-13 06:30:00,570a05732b828a9c,570a05732b828a9c_diesel_regular,Posto Lopes,FREITAS,diesel_regular,Gasóleo simples,Outro,2.059,Póvoa de Lanhoso,Braga,EN 205,Monsul,4830-400,41.61699,-8.30662,posto lopes,freitas,en 205,"2,059 €",2026-05-15_dgeg_postos_raw.csv,6e835f1b22456e23
2026-05-15,2026-05-15 14:31:32,2026-05-13 06:30:00,570a05732b828a9c,570a05732b828a9c_gasoline_95,Posto Lopes,FREITAS,gasoline_95,Gasolina simples 95,Outro,2.069,Póvoa de Lanhoso,Braga,EN 205,Monsul,4830-400,41.61699,-8.30662,posto lopes,freitas,en 205,"2,069 €",2026-05-15_dgeg_postos_raw.csv,62f6ac58b217f4df
2026-05-15,2026-05-15 14:31:32,2026-05-13 06:45:00,35add2ec6d38b0ab,35add2ec6d38b0ab_diesel_regular,Galp Guilhadeses,GALP,diesel_regular,Gasóleo simples,Outro,2.016,Arcos de Valdevez,Viana do Castelo,"EN 202 - Quinta Carvalhas, Lt 18",Guilhadeses,4970-786,41.83436,-8.42205,galp guilhadeses,galp,"en 202 - quinta carvalhas, lt 18","2,016 €",2026-05-15_dgeg_postos_raw.csv,c0d16bd6cd518770
2026-05-15,2026-05-15 14:31:32,2026-05-13 06:45:00,35add2ec6d38b0ab,35add2ec6d38b0ab_diesel_premium,Galp Guilhadeses,GALP,diesel_premium,Gasóleo especial,Outro,2.071,Arcos de Valdevez,Viana do Castelo,"EN 202 - Quinta Carvalhas, Lt 18",Guilhadeses,4970-786,41.83436,-8.42205,galp guilhadeses,galp,"en 202 - quinta carvalhas, lt 18","2,071 €",2026-05-15_dgeg_postos_raw.csv,737115d121cabf92
2026-05-15,2026-05-15 14:31:32,2026-05-13 06:45:00,35add2ec6d38b0ab,35add2ec6d38b0ab_gasoline_95,Galp Guilhadeses,GALP,gasoline_95,Gasolina simples 95,Outro,2.016,Arcos de Valdevez,Viana do Castelo,"EN 202 - Quinta Carvalhas, Lt 18",Guilhadeses,4970-786,41.83436,-8.42205,galp guilhadeses,galp,"en 202 - quinta carvalhas, lt 18","2,016 €",2026-05-15_dgeg_postos_raw.csv,77865109c3bd317a
2026-05-15,2026-05-15 14:31:32,2026-05-13 06:45:00,35add2ec6d38b0ab,35add2ec6d38b0ab_gasoline_98,Galp Guilhadeses,GALP,gasoline_98,Gasolina especial 98,Outro,2.226,Arcos de Valdevez,Viana do Castelo,"EN 202 - Quinta Carvalhas, Lt 18",Guilhadeses,4970-786,41.83436,-8.42205,galp guilhadeses,galp,"en 202 - quinta carvalhas, lt 18","2,226 €",2026-05-15_dgeg_postos_raw.csv,4742953d62cc7821
2026-05-15,2026-05-15 14:31:32,2026-05-13 07:20:00,4b207037ce57737b,4b207037ce57737b_diesel_regular,GALP Darque,GALP,diesel_regular,Gasóleo simples,Outro,2.029,Viana do Castelo,Viana do Castelo,"Av. Paulo VI, nº 203 - Cais Novo - Darque",Viana do Castelo,4935-058,41.681774,-8.808389,galp darque,galp,"av. paulo vi, nº 203 - cais novo - darque","2,029 €",2026-05-15_dgeg_postos_raw.csv,626c3497871d284e
2026-05-15,2026-05-15 14:31:32,2026-05-13 07:20:00,4b207037ce57737b,4b207037ce57737b_diesel_premium,GALP Darque,GALP,diesel_premium,Gasóleo especial,Outro,2.079,Viana do Castelo,Viana do Castelo,"Av. Paulo VI, nº 203 - Cais Novo - Darque",Viana do Castelo,4935-058,41.681774,-8.808389,galp darque,galp,"av. paulo vi, nº 203 - cais novo - darque","2,079 €",2026-05-15_dgeg_postos_raw.csv,b7e2417a5daab5a0
2026-05-15,2026-05-15 14:31:32,2026-05-13 07:20:00,4b207037ce57737b,4b207037ce57737b_gasoline_95,GALP Darque,GALP,gasoline_95,Gasolina simples 95,Outro,2.026,Viana do Castelo,Viana do Castelo,"Av. Paulo VI, nº 203 - Cais Novo - Darque",Viana do Castelo,4935-058,41.681774,-8.808389,galp darque,galp,"av. paulo vi, nº 203 - cais novo - darque","2,026 €",2026-05-15_dgeg_postos_raw.csv,5ac88cde9d769b58
2026-05-15,2026-05-15 14:31:32,2026-05-13 07:30:00,08b74a14eab8373c,08b74a14eab8373c_diesel_premium,E.LECLERC CALDAS DA RAINHA,LECLERC,diesel_premium,Gasóleo especial,Área comercial (Hipermercados),1.988,Caldas da Rainha,Leiria,Quinta do Salgado,Caldas da Rainha,2504-915,39.403405,-9.148029,e.leclerc caldas da rainha,leclerc,quinta do salgado,"1,988 €",2026-05-15_dgeg_postos_raw.csv,e70944c63afcae26
2026-05-15,2026-05-15 14:31:32,2026-05-13 07:30:00,08b74a14eab8373c,08b74a14eab8373c_diesel_regular,E.LECLERC CALDAS DA RAINHA,LECLERC,diesel_regular,Gasóleo simples,Área comercial (Hipermercados),1.959,Caldas da Rainha,Leiria,Quinta do Salgado,Caldas da Rainha,2504-915,39.403405,-9.148029,e.leclerc caldas da rainha,leclerc,quinta do salgado,"1,959 €",2026-05-15_dgeg_postos_raw.csv,55b48c6e8c93219f
2026-05-15,2026-05-15 14:31:32,2026-05-13 07:30:00,08b74a14eab8373c,08b74a14eab8373c_gasoline_95,E.LECLERC CALDAS DA RAINHA,LECLERC,gasoline_95,Gasolina simples 95,Área comercial (Hipermercados),1.928,Caldas da Rainha,Leiria,Quinta do Salgado,Caldas da Rainha,2504-915,39.403405,-9.148029,e.leclerc caldas da rainha,leclerc,quinta do salgado,"1,928 €",2026-05-15_dgeg_postos_raw.csv,d7d1ff08f6470e30
2026-05-15,2026-05-15 14:31:32,2026-05-13 07:45:00,1304af3e9f1db7d1,1304af3e9f1db7d1_gasoline_98,PA Cepsa - ALCANEDE,CEPSA,gasoline_98,Gasolina especial 98,Outro,2.206,Santarém,Santarém,"ESTRADA NACIONAL 362, KM 31,200",Alcanede,2025-040,39.41516,-8.82175,pa cepsa - alcanede,cepsa,"estrada nacional 362, km 31,200","2,206 €",2026-05-15_dgeg_postos_raw.csv,68c0c8c698aae6a6
2026-05-15,2026-05-15 14:31:32,2026-05-13 07:45:00,1304af3e9f1db7d1,1304af3e9f1db7d1_diesel_regular,PA Cepsa - ALCANEDE,CEPSA,diesel_regular,Gasóleo simples,Outro,2.06,Santarém,Santarém,"ESTRADA NACIONAL 362, KM 31,200",Alcanede,2025-040,39.41516,-8.82175,pa cepsa - alcanede,cepsa,"estrada nacional 362, km 31,200","2,060 €",2026-05-15_dgeg_postos_raw.csv,db3af0230e727167
2026-05-15,2026-05-15 14:31:32,2026-05-13 07:45:00,1304af3e9f1db7d1,1304af3e9f1db7d1_diesel_premium,PA Cepsa - ALCANEDE,CEPSA,diesel_premium,Gasóleo especial,Outro,2.11,Santarém,Santarém,"ESTRADA NACIONAL 362, KM 31,200",Alcanede,2025-040,39.41516,-8.82175,pa cepsa - alcanede,cepsa,"estrada nacional 362, km 31,200","2,110 €",2026-05-15_dgeg_postos_raw.csv,5afb7231fa1374c5
2026-05-15,2026-05-15 14:31:32,2026-05-13 07:45:00,1304af3e9f1db7d1,1304af3e9f1db7d1_gasoline_95,PA Cepsa - ALCANEDE,CEPSA,gasoline_95,Gasolina simples 95,Outro,2.034,Santarém,Santarém,"ESTRADA NACIONAL 362, KM 31,200",Alcanede,2025-040,39.41516,-8.82175,pa cepsa - alcanede,cepsa,"estrada nacional 362, km 31,200","2,034 €",2026-05-15_dgeg_postos_raw.csv,73f0102e336fd1ad
2026-05-15,2026-05-15 14:31:32,2026-05-13 07:55:00,3a09baabe10c03dc,3a09baabe10c03dc_diesel_regular,PETROPRIX Estarreja,PETROPRIX,diesel_regular,Gasóleo simples,Outro,1.909,Estarreja,Aveiro,Tv. da Arrotinha 109,Estarreja,3860-210,40.769615,-8.569939,petroprix estarreja,petroprix,tv. da arrotinha 109,"1,909 €",2026-05-15_dgeg_postos_raw.csv,74626c167ec972ec
2026-05-15,2026-05-15 14:31:32,2026-05-13 07:55:00,3a09baabe10c03dc,3a09baabe10c03dc_gasoline_95,PETROPRIX Estarreja,PETROPRIX,gasoline_95,Gasolina simples 95,Outro,1.859,Estarreja,Aveiro,Tv. da Arrotinha 109,Estarreja,3860-210,40.769615,-8.569939,petroprix estarreja,petroprix,tv. da arrotinha 109,"1,859 €",2026-05-15_dgeg_postos_raw.csv,7da7a12591d01f07
2026-05-15,2026-05-15 14:31:32,2026-05-13 08:00:00,677404077af72881,677404077af72881_diesel_regular,Galp - SERAFIM ROSA & FOS.LDA.- Vale da Azinheira,GALP,diesel_regular,Gasóleo simples,Outro,2.079,Albufeira,Faro,P.Galp - E.Mun.256 - Vale da Azinheira,Patã de Baixo,8200-592,37.10381,-8.193544,galp - serafim rosa & fos.lda.- vale da azinheira,galp,p.galp - e.mun.256 - vale da azinheira,"2,079 €",2026-05-15_dgeg_postos_raw.csv,26d5dfcf4660bdf8
2026-05-15,2026-05-15 14:31:32,2026-05-13 08:00:00,677404077af72881,677404077af72881_diesel_premium,Galp - SERAFIM ROSA & FOS.LDA.- Vale da Azinheira,GALP,diesel_premium,Gasóleo especial,Outro,2.129,Albufeira,Faro,P.Galp - E.Mun.256 - Vale da Azinheira,Patã de Baixo,8200-592,37.10381,-8.193544,galp - serafim rosa & fos.lda.- vale da azinheira,galp,p.galp - e.mun.256 - vale da azinheira,"2,129 €",2026-05-15_dgeg_postos_raw.csv,2c3bf1d8e28808dd
2026-05-15,2026-05-15 14:31:32,2026-05-13 08:00:00,677404077af72881,677404077af72881_gasoline_95,Galp - SERAFIM ROSA & FOS.LDA.- Vale da Azinheira,GALP,gasoline_95,Gasolina simples 95,Outro,2.072,Albufeira,Faro,P.Galp - E.Mun.256 - Vale da Azinheira,Patã de Baixo,8200-592,37.10381,-8.193544,galp - serafim rosa & fos.lda.- vale da azinheira,galp,p.galp - e.mun.256 - vale da azinheira,"2,072 €",2026-05-15_dgeg_postos_raw.csv,acf9d54f86daa3e0
2026-05-15,2026-05-15 14:31:32,2026-05-13 08:00:00,cd6f65e98a86306a,cd6f65e98a86306a_diesel_premium,PD PENAFIEL,PINGO DOCE,diesel_premium,Gasóleo especial,Outro,2.224,Penafiel,Porto,QUINTA DA LAGARTEIRA EN 593,Guilhufe,4560-146,41.193211,-8.306485,pd penafiel,pingo doce,quinta da lagarteira en 593,"2,224 €",2026-05-15_dgeg_postos_raw.csv,b05fba86e287cddb
2026-05-15,2026-05-15 14:31:32,2026-05-13 08:00:00,cd6f65e98a86306a,cd6f65e98a86306a_gasoline_98,PD PENAFIEL,PINGO DOCE,gasoline_98,Gasolina especial 98,Outro,2.299,Penafiel,Porto,QUINTA DA LAGARTEIRA EN 593,Guilhufe,4560-146,41.193211,-8.306485,pd penafiel,pingo doce,quinta da lagarteira en 593,"2,299 €",2026-05-15_dgeg_postos_raw.csv,82caf3ed60525673
2026-05-15,2026-05-15 14:31:32,2026-05-13 08:00:00,fc75cddfab8354ca,fc75cddfab8354ca_diesel_premium,PD LOUROSA TRAVANCA,PINGO DOCE,diesel_premium,Gasóleo especial,Outro,2.224,Santa Maria da Feira,Aveiro,Lugar da Aldeira Nova,Lourosa,4520-802,40.9701,-8.53776,pd lourosa travanca,pingo doce,lugar da aldeira nova,"2,224 €",2026-05-15_dgeg_postos_raw.csv,2c5ec8fc2ba17f20
2026-05-15,2026-05-15 14:31:32,2026-05-13 08:00:00,fc75cddfab8354ca,fc75cddfab8354ca_gasoline_98,PD LOUROSA TRAVANCA,PINGO DOCE,gasoline_98,Gasolina especial 98,Outro,2.299,Santa Maria da Feira,Aveiro,Lugar da Aldeira Nova,Lourosa,4520-802,40.9701,-8.53776,pd lourosa travanca,pingo doce,lugar da aldeira nova,"2,299 €",2026-05-15_dgeg_postos_raw.csv,efcdd88b0606604c
2026-05-15,2026-05-15 14:31:32,2026-05-13 08:00:00,d75da1ecb2813d33,d75da1ecb2813d33_gasoline_98,PD TROFA SÃO TIAGO,PINGO DOCE,gasoline_98,Gasolina especial 98,Outro,2.299,Trofa,Porto,Rua Aldeias de Cima,São Tiago Bougado,4785-699,41.326407,-8.570117,pd trofa são tiago,pingo doce,rua aldeias de cima,"2,299 €",2026-05-15_dgeg_postos_raw.csv,682323a469b361e3
2026-05-15,2026-05-15 14:31:32,2026-05-13 08:00:00,1f0201e1a27dd1d5,1f0201e1a27dd1d5_diesel_premium,PD TORRES NOVAS,PINGO DOCE,diesel_premium,Gasóleo especial,Outro,2.224,Torres Novas,Santarém,Est. Nacional 243,Torres Novas-Bairro do Nicho,2350-606,39.46526,-8.52417,pd torres novas,pingo doce,est. nacional 243,"2,224 €",2026-05-15_dgeg_postos_raw.csv,4922dd848d9cf39b
2026-05-15,2026-05-15 14:31:32,2026-05-13 08:00:00,1f0201e1a27dd1d5,1f0201e1a27dd1d5_gasoline_98,PD TORRES NOVAS,PINGO DOCE,gasoline_98,Gasolina especial 98,Outro,2.299,Torres Novas,Santarém,Est. Nacional 243,Torres Novas-Bairro do Nicho,2350-606,39.46526,-8.52417,pd torres novas,pingo doce,est. nacional 243,"2,299 €",2026-05-15_dgeg_postos_raw.csv,cb3f4bf8843c5985
2026-05-15,2026-05-15 14:31:32,2026-05-13 08:00:00,552b878ed38be138,552b878ed38be138_diesel_premium,PD CARTAXO,PINGO DOCE,diesel_premium,Gasóleo especial,Outro,2.224,Cartaxo,Santarém,EN 3 (Rua da Ponte),Cartaxo- Sítio da Portela,2070-621,39.1685,-8.77673,pd cartaxo,pingo doce,en 3 (rua da ponte),"2,224 €",2026-05-15_dgeg_postos_raw.csv,0ec6f1e94cbe4cdd
2026-05-15,2026-05-15 14:31:32,2026-05-13 08:00:00,552b878ed38be138,552b878ed38be138_gasoline_98,PD CARTAXO,PINGO DOCE,gasoline_98,Gasolina especial 98,Outro,2.299,Cartaxo,Santarém,EN 3 (Rua da Ponte),Cartaxo- Sítio da Portela,2070-621,39.1685,-8.77673,pd cartaxo,pingo doce,en 3 (rua da ponte),"2,299 €",2026-05-15_dgeg_postos_raw.csv,714a8189c8794a4d
2026-05-15,2026-05-15 14:31:32,2026-05-13 08:00:00,244a076a0c2925e5,244a076a0c2925e5_diesel_premium,PD ALMEIRIM,PINGO DOCE,diesel_premium,Gasóleo especial,Outro,2.224,Almeirim,Santarém,"Quinta da Alorna, Lts. 61, 62 e 63",Almeirim,2080-156,39.19059,-8.62429,pd almeirim,pingo doce,"quinta da alorna, lts. 61, 62 e 63","2,224 €",2026-05-15_dgeg_postos_raw.csv,6bd4d70a601355e8
2026-05-15,2026-05-15 14:31:32,2026-05-13 08:00:00,244a076a0c2925e5,244a076a0c2925e5_gasoline_98,PD ALMEIRIM,PINGO DOCE,gasoline_98,Gasolina especial 98,Outro,2.299,Almeirim,Santarém,"Quinta da Alorna, Lts. 61, 62 e 63",Almeirim,2080-156,39.19059,-8.62429,pd almeirim,pingo doce,"quinta da alorna, lts. 61, 62 e 63","2,299 €",2026-05-15_dgeg_postos_raw.csv,0906b5392bbcf5a8
2026-05-15,2026-05-15 14:31:32,2026-05-13 08:00:00,a7ac51fd6f8eabd2,a7ac51fd6f8eabd2_diesel_premium,PD SESIMBRA CARRASQUEIRA,PINGO DOCE,diesel_premium,Gasóleo especial,Outro,2.224,Sesimbra,Setúbal,EN 378 -Urbanização Quinta da Mesquita,Carrasqueira,2970-649,38.48908,-9.10501,pd sesimbra carrasqueira,pingo doce,en 378 -urbanização quinta da mesquita,"2,224 €",2026-05-15_dgeg_postos_raw.csv,6ad7e8f5c4b7ba22
2026-05-15,2026-05-15 14:31:32,2026-05-13 08:00:00,a7ac51fd6f8eabd2,a7ac51fd6f8eabd2_gasoline_98,PD SESIMBRA CARRASQUEIRA,PINGO DOCE,gasoline_98,Gasolina especial 98,Outro,2.299,Sesimbra,Setúbal,EN 378 -Urbanização Quinta da Mesquita,Carrasqueira,2970-649,38.48908,-9.10501,pd sesimbra carrasqueira,pingo doce,en 378 -urbanização quinta da mesquita,"2,299 €",2026-05-15_dgeg_postos_raw.csv,80e1c17d7167735c
2026-05-15,2026-05-15 14:31:32,2026-05-13 08:00:00,e670e2a2e9d5c2ec,e670e2a2e9d5c2ec_diesel_premium,PD QUINTA DO CONDE,PINGO DOCE,diesel_premium,Gasóleo especial,Outro,2.224,Sesimbra,Setúbal,"EN 10, Km 19",Quinta do Conde,2975-403,38.57365,-9.03701,pd quinta do conde,pingo doce,"en 10, km 19","2,224 €",2026-05-15_dgeg_postos_raw.csv,a33f9f1fcbde7bb2
2026-05-15,2026-05-15 14:31:32,2026-05-13 08:00:00,e670e2a2e9d5c2ec,e670e2a2e9d5c2ec_gasoline_98,PD QUINTA DO CONDE,PINGO DOCE,gasoline_98,Gasolina especial 98,Outro,2.299,Sesimbra,Setúbal,"EN 10, Km 19",Quinta do Conde,2975-403,38.57365,-9.03701,pd quinta do conde,pingo doce,"en 10, km 19","2,299 €",2026-05-15_dgeg_postos_raw.csv,13e8d560b1d9f91a
2026-05-15,2026-05-15 14:31:32,2026-05-13 08:00:00,56616911242176bf,56616911242176bf_diesel_regular,PD CARREGAL DO SAL,PINGO DOCE,diesel_regular,Gasóleo simples,Outro,1.922,Carregal do Sal,Viseu,Rua Tenente Leonardo Meireles nº46,Carregal do Sal,3430-000,40.43594,-7.99122,pd carregal do sal,pingo doce,rua tenente leonardo meireles nº46,"1,922 €",2026-05-15_dgeg_postos_raw.csv,878dd84941b71592
2026-05-15,2026-05-15 14:31:32,2026-05-13 08:00:00,56616911242176bf,56616911242176bf_diesel_premium,PD CARREGAL DO SAL,PINGO DOCE,diesel_premium,Gasóleo especial,Outro,2.224,Carregal do Sal,Viseu,Rua Tenente Leonardo Meireles nº46,Carregal do Sal,3430-000,40.43594,-7.99122,pd carregal do sal,pingo doce,rua tenente leonardo meireles nº46,"2,224 €",2026-05-15_dgeg_postos_raw.csv,b10bd9416154406d
2026-05-15,2026-05-15 14:31:32,2026-05-13 08:00:00,56616911242176bf,56616911242176bf_gasoline_95,PD CARREGAL DO SAL,PINGO DOCE,gasoline_95,Gasolina simples 95,Outro,1.937,Carregal do Sal,Viseu,Rua Tenente Leonardo Meireles nº46,Carregal do Sal,3430-000,40.43594,-7.99122,pd carregal do sal,pingo doce,rua tenente leonardo meireles nº46,"1,937 €",2026-05-15_dgeg_postos_raw.csv,a68fe1cc3e95c890
2026-05-15,2026-05-15 14:31:32,2026-05-13 08:00:00,56616911242176bf,56616911242176bf_gasoline_98,PD CARREGAL DO SAL,PINGO DOCE,gasoline_98,Gasolina especial 98,Outro,2.299,Carregal do Sal,Viseu,Rua Tenente Leonardo Meireles nº46,Carregal do Sal,3430-000,40.43594,-7.99122,pd carregal do sal,pingo doce,rua tenente leonardo meireles nº46,"2,299 €",2026-05-15_dgeg_postos_raw.csv,edfe5199cafa2dbc
2026-05-15,2026-05-15 14:31:32,2026-05-13 08:00:00,5242bca6471bacf2,5242bca6471bacf2_diesel_regular,PD VILA VERDE,PINGO DOCE,diesel_regular,Gasóleo simples,Outro,1.922,Vila Verde,Braga,"Av. Mesquita Gavião, 206",Vila Verde-Lugar da Torre,4730-010,41.64359,-8.43295,pd vila verde,pingo doce,"av. mesquita gavião, 206","1,922 €",2026-05-15_dgeg_postos_raw.csv,259dc2ee035135b7
2026-05-15,2026-05-15 14:31:32,2026-05-13 08:00:00,5242bca6471bacf2,5242bca6471bacf2_diesel_premium,PD VILA VERDE,PINGO DOCE,diesel_premium,Gasóleo especial,Outro,2.224,Vila Verde,Braga,"Av. Mesquita Gavião, 206",Vila Verde-Lugar da Torre,4730-010,41.64359,-8.43295,pd vila verde,pingo doce,"av. mesquita gavião, 206","2,224 €",2026-05-15_dgeg_postos_raw.csv,d1e08e98327189ec
2026-05-15,2026-05-15 14:31:32,2026-05-13 08:00:00,5242bca6471bacf2,5242bca6471bacf2_gasoline_95,PD VILA VERDE,PINGO DOCE,gasoline_95,Gasolina simples 95,Outro,1.937,Vila Verde,Braga,"Av. Mesquita Gavião, 206",Vila Verde-Lugar da Torre,4730-010,41.64359,-8.43295,pd vila verde,pingo doce,"av. mesquita gavião, 206","1,937 €",2026-05-15_dgeg_postos_raw.csv,4be53e8c90c52577
2026-05-15,2026-05-15 14:31:32,2026-05-13 08:00:00,5242bca6471bacf2,5242bca6471bacf2_gasoline_98,PD VILA VERDE,PINGO DOCE,gasoline_98,Gasolina especial 98,Outro,2.299,Vila Verde,Braga,"Av. Mesquita Gavião, 206",Vila Verde-Lugar da Torre,4730-010,41.64359,-8.43295,pd vila verde,pingo doce,"av. mesquita gavião, 206","2,299 €",2026-05-15_dgeg_postos_raw.csv,2b9ed2573d643f7b
2026-05-15,2026-05-15 14:31:32,2026-05-13 08:00:00,4ec2258eb89d9caf,4ec2258eb89d9caf_diesel_regular,PD BORBA,PINGO DOCE,diesel_regular,Gasóleo simples,Outro,1.922,Borba,Évora,EN 255,Horta do Mosteiro,7150-000,38.80962,-7.4509,pd borba,pingo doce,en 255,"1,922 €",2026-05-15_dgeg_postos_raw.csv,8d62d82af8918fe6
2026-05-15,2026-05-15 14:31:32,2026-05-13 08:00:00,4ec2258eb89d9caf,4ec2258eb89d9caf_diesel_premium,PD BORBA,PINGO DOCE,diesel_premium,Gasóleo especial,Outro,2.224,Borba,Évora,EN 255,Horta do Mosteiro,7150-000,38.80962,-7.4509,pd borba,pingo doce,en 255,"2,224 €",2026-05-15_dgeg_postos_raw.csv,2c7c0d15e92765b2
2026-05-15,2026-05-15 14:31:32,2026-05-13 08:00:00,4ec2258eb89d9caf,4ec2258eb89d9caf_gasoline_95,PD BORBA,PINGO DOCE,gasoline_95,Gasolina simples 95,Outro,1.937,Borba,Évora,EN 255,Horta do Mosteiro,7150-000,38.80962,-7.4509,pd borba,pingo doce,en 255,"1,937 €",2026-05-15_dgeg_postos_raw.csv,2da554d9a03388a4
2026-05-15,2026-05-15 14:31:32,2026-05-13 08:00:00,4ec2258eb89d9caf,4ec2258eb89d9caf_gasoline_98,PD BORBA,PINGO DOCE,gasoline_98,Gasolina especial 98,Outro,2.299,Borba,Évora,EN 255,Horta do Mosteiro,7150-000,38.80962,-7.4509,pd borba,pingo doce,en 255,"2,299 €",2026-05-15_dgeg_postos_raw.csv,f52e3d7686325eca
2026-05-15,2026-05-15 14:31:32,2026-05-13 08:00:00,fa02bce58265c31d,fa02bce58265c31d_diesel_regular,PD ARRIFANA,PINGO DOCE,diesel_regular,Gasóleo simples,Outro,1.922,Santa Maria da Feira,Aveiro,Rua Pedro Alvares Cabral,Arrifana,3700-530,40.91904,-8.49672,pd arrifana,pingo doce,rua pedro alvares cabral,"1,922 €",2026-05-15_dgeg_postos_raw.csv,050e2bb33f8347e0
2026-05-15,2026-05-15 14:31:32,2026-05-13 08:00:00,fa02bce58265c31d,fa02bce58265c31d_diesel_premium,PD ARRIFANA,PINGO DOCE,diesel_premium,Gasóleo especial,Outro,2.224,Santa Maria da Feira,Aveiro,Rua Pedro Alvares Cabral,Arrifana,3700-530,40.91904,-8.49672,pd arrifana,pingo doce,rua pedro alvares cabral,"2,224 €",2026-05-15_dgeg_postos_raw.csv,bd535c0d626d08ad
2026-05-15,2026-05-15 14:31:32,2026-05-13 08:00:00,fa02bce58265c31d,fa02bce58265c31d_gasoline_95,PD ARRIFANA,PINGO DOCE,gasoline_95,Gasolina simples 95,Outro,1.937,Santa Maria da Feira,Aveiro,Rua Pedro Alvares Cabral,Arrifana,3700-530,40.91904,-8.49672,pd arrifana,pingo doce,rua pedro alvares cabral,"1,937 €",2026-05-15_dgeg_postos_raw.csv,84d6c6f9d60c957f
2026-05-15,2026-05-15 14:31:32,2026-05-13 08:00:00,fa02bce58265c31d,fa02bce58265c31d_gasoline_98,PD ARRIFANA,PINGO DOCE,gasoline_98,Gasolina especial 98,Outro,2.299,Santa Maria da Feira,Aveiro,Rua Pedro Alvares Cabral,Arrifana,3700-530,40.91904,-8.49672,pd arrifana,pingo doce,rua pedro alvares cabral,"2,299 €",2026-05-15_dgeg_postos_raw.csv,fd1ba0b249ed39d9
2026-05-15,2026-05-15 14:31:32,2026-05-13 08:00:00,42cb848bb7af1ab1,42cb848bb7af1ab1_diesel_regular,PD PORTO DE MÓS,PINGO DOCE,diesel_regular,Gasóleo simples,Outro,1.922,Porto de Mós,Leiria,"IC2 Km 107,4","Chão da Feira, Calvária de Cima",2480-060,39.62395,-8.85685,pd porto de mós,pingo doce,"ic2 km 107,4","1,922 €",2026-05-15_dgeg_postos_raw.csv,b647b9f1c44eae6d
2026-05-15,2026-05-15 14:31:32,2026-05-13 08:00:00,42cb848bb7af1ab1,42cb848bb7af1ab1_diesel_premium,PD PORTO DE MÓS,PINGO DOCE,diesel_premium,Gasóleo especial,Outro,2.224,Porto de Mós,Leiria,"IC2 Km 107,4","Chão da Feira, Calvária de Cima",2480-060,39.62395,-8.85685,pd porto de mós,pingo doce,"ic2 km 107,4","2,224 €",2026-05-15_dgeg_postos_raw.csv,39439ca160880d84
2026-05-15,2026-05-15 14:31:32,2026-05-13 08:00:00,42cb848bb7af1ab1,42cb848bb7af1ab1_gasoline_95,PD PORTO DE MÓS,PINGO DOCE,gasoline_95,Gasolina simples 95,Outro,1.937,Porto de Mós,Leiria,"IC2 Km 107,4","Chão da Feira, Calvária de Cima",2480-060,39.62395,-8.85685,pd porto de mós,pingo doce,"ic2 km 107,4","1,937 €",2026-05-15_dgeg_postos_raw.csv,5ceef756afd1e029
2026-05-15,2026-05-15 14:31:32,2026-05-13 08:00:00,42cb848bb7af1ab1,42cb848bb7af1ab1_gasoline_98,PD PORTO DE MÓS,PINGO DOCE,gasoline_98,Gasolina especial 98,Outro,2.299,Porto de Mós,Leiria,"IC2 Km 107,4","Chão da Feira, Calvária de Cima",2480-060,39.62395,-8.85685,pd porto de mós,pingo doce,"ic2 km 107,4","2,299 €",2026-05-15_dgeg_postos_raw.csv,de7898a88c976929
2026-05-15,2026-05-15 14:31:32,2026-05-13 08:00:00,b4dcd9773c907a8e,b4dcd9773c907a8e_diesel_regular,PD GRIJÓ,PINGO DOCE,diesel_regular,Gasóleo simples,Outro,1.922,Vila Nova de Gaia,Porto,B.Park-Rua Boavista-Lugar Barrancas-G,Grijó,4415-000,41.045485,-8.568003,pd grijó,pingo doce,b.park-rua boavista-lugar barrancas-g,"1,922 €",2026-05-15_dgeg_postos_raw.csv,919be0513b3b6841
2026-05-15,2026-05-15 14:31:32,2026-05-13 08:00:00,b4dcd9773c907a8e,b4dcd9773c907a8e_diesel_premium,PD GRIJÓ,PINGO DOCE,diesel_premium,Gasóleo especial,Outro,2.224,Vila Nova de Gaia,Porto,B.Park-Rua Boavista-Lugar Barrancas-G,Grijó,4415-000,41.045485,-8.568003,pd grijó,pingo doce,b.park-rua boavista-lugar barrancas-g,"2,224 €",2026-05-15_dgeg_postos_raw.csv,9f296a62c8518db6
2026-05-15,2026-05-15 14:31:32,2026-05-13 08:00:00,b4dcd9773c907a8e,b4dcd9773c907a8e_gasoline_95,PD GRIJÓ,PINGO DOCE,gasoline_95,Gasolina simples 95,Outro,1.937,Vila Nova de Gaia,Porto,B.Park-Rua Boavista-Lugar Barrancas-G,Grijó,4415-000,41.045485,-8.568003,pd grijó,pingo doce,b.park-rua boavista-lugar barrancas-g,"1,937 €",2026-05-15_dgeg_postos_raw.csv,5f0d58a9290ef9dc
2026-05-15,2026-05-15 14:31:32,2026-05-13 08:00:00,b4dcd9773c907a8e,b4dcd9773c907a8e_gasoline_98,PD GRIJÓ,PINGO DOCE,gasoline_98,Gasolina especial 98,Outro,2.299,Vila Nova de Gaia,Porto,B.Park-Rua Boavista-Lugar Barrancas-G,Grijó,4415-000,41.045485,-8.568003,pd grijó,pingo doce,b.park-rua boavista-lugar barrancas-g,"2,299 €",2026-05-15_dgeg_postos_raw.csv,2b6e5996c3e3f3ca
2026-05-15,2026-05-15 14:31:32,2026-05-13 08:00:00,6555b47a69aff541,6555b47a69aff541_diesel_regular,PD MONÇÃO,PINGO DOCE,diesel_regular,Gasóleo simples,Outro,1.922,Monção,Viana do Castelo,EN 101,Monção - Mazedo,4950-298,42.06306,-8.50755,pd monção,pingo doce,en 101,"1,922 €",2026-05-15_dgeg_postos_raw.csv,97aee09d74d80eeb
2026-05-15,2026-05-15 14:31:32,2026-05-13 08:00:00,6555b47a69aff541,6555b47a69aff541_diesel_premium,PD MONÇÃO,PINGO DOCE,diesel_premium,Gasóleo especial,Outro,2.224,Monção,Viana do Castelo,EN 101,Monção - Mazedo,4950-298,42.06306,-8.50755,pd monção,pingo doce,en 101,"2,224 €",2026-05-15_dgeg_postos_raw.csv,03036bf1aae3d3c1
2026-05-15,2026-05-15 14:31:32,2026-05-13 08:00:00,6555b47a69aff541,6555b47a69aff541_gasoline_95,PD MONÇÃO,PINGO DOCE,gasoline_95,Gasolina simples 95,Outro,1.937,Monção,Viana do Castelo,EN 101,Monção - Mazedo,4950-298,42.06306,-8.50755,pd monção,pingo doce,en 101,"1,937 €",2026-05-15_dgeg_postos_raw.csv,3955e0927f4e874f
2026-05-15,2026-05-15 14:31:32,2026-05-13 08:00:00,6555b47a69aff541,6555b47a69aff541_gasoline_98,PD MONÇÃO,PINGO DOCE,gasoline_98,Gasolina especial 98,Outro,2.299,Monção,Viana do Castelo,EN 101,Monção - Mazedo,4950-298,42.06306,-8.50755,pd monção,pingo doce,en 101,"2,299 €",2026-05-15_dgeg_postos_raw.csv,d956f58a19af477e
2026-05-15,2026-05-15 14:31:32,2026-05-13 08:00:00,febff14a4b012480,febff14a4b012480_diesel_regular,PD CORUCHE,PINGO DOCE,diesel_regular,Gasóleo simples,Outro,1.922,Coruche,Santarém,EN 114,Santo Antonino,2100-048,38.96553,-8.53289,pd coruche,pingo doce,en 114,"1,922 €",2026-05-15_dgeg_postos_raw.csv,ac0ddb48bd9685c5
2026-05-15,2026-05-15 14:31:32,2026-05-13 08:00:00,febff14a4b012480,febff14a4b012480_gasoline_95,PD CORUCHE,PINGO DOCE,gasoline_95,Gasolina simples 95,Outro,1.937,Coruche,Santarém,EN 114,Santo Antonino,2100-048,38.96553,-8.53289,pd coruche,pingo doce,en 114,"1,937 €",2026-05-15_dgeg_postos_raw.csv,90bc526fa4ec70b1
2026-05-15,2026-05-15 14:31:32,2026-05-13 08:00:00,b16ec0492ffdb218,b16ec0492ffdb218_diesel_regular,PD MOITA,PINGO DOCE,diesel_regular,Gasóleo simples,Outro,1.922,Moita,Setúbal,EN 11,Moita,2860-006,38.64915,-8.99752,pd moita,pingo doce,en 11,"1,922 €",2026-05-15_dgeg_postos_raw.csv,ed05bf0eb0fc6320
2026-05-15,2026-05-15 14:31:32,2026-05-13 08:00:00,b16ec0492ffdb218,b16ec0492ffdb218_diesel_premium,PD MOITA,PINGO DOCE,diesel_premium,Gasóleo especial,Outro,2.224,Moita,Setúbal,EN 11,Moita,2860-006,38.64915,-8.99752,pd moita,pingo doce,en 11,"2,224 €",2026-05-15_dgeg_postos_raw.csv,cc035e4849b91ac7
2026-05-15,2026-05-15 14:31:32,2026-05-13 08:00:00,b16ec0492ffdb218,b16ec0492ffdb218_gasoline_95,PD MOITA,PINGO DOCE,gasoline_95,Gasolina simples 95,Outro,1.937,Moita,Setúbal,EN 11,Moita,2860-006,38.64915,-8.99752,pd moita,pingo doce,en 11,"1,937 €",2026-05-15_dgeg_postos_raw.csv,182316a05f4b170e
2026-05-15,2026-05-15 14:31:32,2026-05-13 08:00:00,fc75cddfab8354ca,fc75cddfab8354ca_diesel_regular,PD LOUROSA TRAVANCA,PINGO DOCE,diesel_regular,Gasóleo simples,Outro,1.922,Santa Maria da Feira,Aveiro,Lugar da Aldeira Nova,Lourosa,4520-802,40.9701,-8.53776,pd lourosa travanca,pingo doce,lugar da aldeira nova,"1,922 €",2026-05-15_dgeg_postos_raw.csv,09195b289cb78447
2026-05-15,2026-05-15 14:31:32,2026-05-13 08:00:00,fc75cddfab8354ca,fc75cddfab8354ca_gasoline_95,PD LOUROSA TRAVANCA,PINGO DOCE,gasoline_95,Gasolina simples 95,Outro,1.937,Santa Maria da Feira,Aveiro,Lugar da Aldeira Nova,Lourosa,4520-802,40.9701,-8.53776,pd lourosa travanca,pingo doce,lugar da aldeira nova,"1,937 €",2026-05-15_dgeg_postos_raw.csv,b44eeee07bada13b
2026-05-15,2026-05-15 14:31:32,2026-05-13 08:00:00,ddc8fc7667122420,ddc8fc7667122420_diesel_regular,PD PESO DA RÉGUA,PINGO DOCE,diesel_regular,Gasóleo simples,Outro,1.922,Peso da Régua,Vila Real,Quinta das Forcas,Godim,5050-063,41.16836,-7.80291,pd peso da régua,pingo doce,quinta das forcas,"1,922 €",2026-05-15_dgeg_postos_raw.csv,5a5387bd8523137b
2026-05-15,2026-05-15 14:31:32,2026-05-13 08:00:00,ddc8fc7667122420,ddc8fc7667122420_gasoline_95,PD PESO DA RÉGUA,PINGO DOCE,gasoline_95,Gasolina simples 95,Outro,1.937,Peso da Régua,Vila Real,Quinta das Forcas,Godim,5050-063,41.16836,-7.80291,pd peso da régua,pingo doce,quinta das forcas,"1,937 €",2026-05-15_dgeg_postos_raw.csv,7855326a9b1cd5fb
2026-05-15,2026-05-15 14:31:32,2026-05-13 08:00:00,2619e83fd49998f4,2619e83fd49998f4_diesel_regular,PD MANGUALDE,PINGO DOCE,diesel_regular,Gasóleo simples,Outro,1.922,Mangualde,Viseu,Av. Heróis do Ultramar,Lavandeira,3530-261,40.61551,-7.75893,pd mangualde,pingo doce,av. heróis do ultramar,"1,922 €",2026-05-15_dgeg_postos_raw.csv,a275546b839d2a19
2026-05-15,2026-05-15 14:31:32,2026-05-13 08:00:00,2619e83fd49998f4,2619e83fd49998f4_gasoline_95,PD MANGUALDE,PINGO DOCE,gasoline_95,Gasolina simples 95,Outro,1.937,Mangualde,Viseu,Av. Heróis do Ultramar,Lavandeira,3530-261,40.61551,-7.75893,pd mangualde,pingo doce,av. heróis do ultramar,"1,937 €",2026-05-15_dgeg_postos_raw.csv,69b535aa504cb8a0
2026-05-15,2026-05-15 14:31:32,2026-05-13 08:00:00,7079e1a4f7adbfc6,7079e1a4f7adbfc6_diesel_regular,PD ESTREMOZ,PINGO DOCE,diesel_regular,Gasóleo simples,Outro,1.922,Estremoz,Évora,Courela ao Bairro de Stº António,Estremoz,7100-106,38.838344,-7.579075,pd estremoz,pingo doce,courela ao bairro de stº antónio,"1,922 €",2026-05-15_dgeg_postos_raw.csv,18cf9f21a9b8f255
2026-05-15,2026-05-15 14:31:32,2026-05-13 08:00:00,7079e1a4f7adbfc6,7079e1a4f7adbfc6_diesel_premium,PD ESTREMOZ,PINGO DOCE,diesel_premium,Gasóleo especial,Outro,2.224,Estremoz,Évora,Courela ao Bairro de Stº António,Estremoz,7100-106,38.838344,-7.579075,pd estremoz,pingo doce,courela ao bairro de stº antónio,"2,224 €",2026-05-15_dgeg_postos_raw.csv,b4f0b76ec315d000
2026-05-15,2026-05-15 14:31:32,2026-05-13 08:00:00,7079e1a4f7adbfc6,7079e1a4f7adbfc6_gasoline_95,PD ESTREMOZ,PINGO DOCE,gasoline_95,Gasolina simples 95,Outro,1.937,Estremoz,Évora,Courela ao Bairro de Stº António,Estremoz,7100-106,38.838344,-7.579075,pd estremoz,pingo doce,courela ao bairro de stº antónio,"1,937 €",2026-05-15_dgeg_postos_raw.csv,4b1b5fc4a3607080
2026-05-15,2026-05-15 14:31:32,2026-05-13 08:00:00,7079e1a4f7adbfc6,7079e1a4f7adbfc6_gasoline_98,PD ESTREMOZ,PINGO DOCE,gasoline_98,Gasolina especial 98,Outro,2.299,Estremoz,Évora,Courela ao Bairro de Stº António,Estremoz,7100-106,38.838344,-7.579075,pd estremoz,pingo doce,courela ao bairro de stº antónio,"2,299 €",2026-05-15_dgeg_postos_raw.csv,9bae2ce7083cecb2
2026-05-15,2026-05-15 14:31:32,2026-05-13 08:00:00,752089fe60d687e7,752089fe60d687e7_diesel_regular,PD LOUSADA,PINGO DOCE,diesel_regular,Gasóleo simples,Outro,1.922,Lousada,Porto,Rua Sto. André,Cristelos,4620-214,41.27032,-8.28709,pd lousada,pingo doce,rua sto. andré,"1,922 €",2026-05-15_dgeg_postos_raw.csv,788a2b550ade8e26
2026-05-15,2026-05-15 14:31:32,2026-05-13 08:00:00,752089fe60d687e7,752089fe60d687e7_diesel_premium,PD LOUSADA,PINGO DOCE,diesel_premium,Gasóleo especial,Outro,2.224,Lousada,Porto,Rua Sto. André,Cristelos,4620-214,41.27032,-8.28709,pd lousada,pingo doce,rua sto. andré,"2,224 €",2026-05-15_dgeg_postos_raw.csv,a37c15fbfa9ddcc5
2026-05-15,2026-05-15 14:31:32,2026-05-13 08:00:00,752089fe60d687e7,752089fe60d687e7_gasoline_95,PD LOUSADA,PINGO DOCE,gasoline_95,Gasolina simples 95,Outro,1.937,Lousada,Porto,Rua Sto. André,Cristelos,4620-214,41.27032,-8.28709,pd lousada,pingo doce,rua sto. andré,"1,937 €",2026-05-15_dgeg_postos_raw.csv,aac741f58272b925
2026-05-15,2026-05-15 14:31:32,2026-05-13 08:00:00,752089fe60d687e7,752089fe60d687e7_gasoline_98,PD LOUSADA,PINGO DOCE,gasoline_98,Gasolina especial 98,Outro,2.299,Lousada,Porto,Rua Sto. André,Cristelos,4620-214,41.27032,-8.28709,pd lousada,pingo doce,rua sto. andré,"2,299 €",2026-05-15_dgeg_postos_raw.csv,43fa651b755a2c50
2026-05-15,2026-05-15 14:31:32,2026-05-13 08:00:00,a1773b5b83588a12,a1773b5b83588a12_diesel_regular,PD FAFE,PINGO DOCE,diesel_regular,Gasóleo simples,Outro,1.922,Fafe,Braga,Lugar de Cavadas,Fafe,4820-587,41.444955,-8.164413,pd fafe,pingo doce,lugar de cavadas,"1,922 €",2026-05-15_dgeg_postos_raw.csv,727c11e8715b209e
2026-05-15,2026-05-15 14:31:32,2026-05-13 08:00:00,a1773b5b83588a12,a1773b5b83588a12_diesel_premium,PD FAFE,PINGO DOCE,diesel_premium,Gasóleo especial,Outro,2.224,Fafe,Braga,Lugar de Cavadas,Fafe,4820-587,41.444955,-8.164413,pd fafe,pingo doce,lugar de cavadas,"2,224 €",2026-05-15_dgeg_postos_raw.csv,8d89bcac2efae40e
2026-05-15,2026-05-15 14:31:32,2026-05-13 08:00:00,a1773b5b83588a12,a1773b5b83588a12_gasoline_95,PD FAFE,PINGO DOCE,gasoline_95,Gasolina simples 95,Outro,1.937,Fafe,Braga,Lugar de Cavadas,Fafe,4820-587,41.444955,-8.164413,pd fafe,pingo doce,lugar de cavadas,"1,937 €",2026-05-15_dgeg_postos_raw.csv,e8fef3811237547e
2026-05-15,2026-05-15 14:31:32,2026-05-13 08:00:00,a1773b5b83588a12,a1773b5b83588a12_gasoline_98,PD FAFE,PINGO DOCE,gasoline_98,Gasolina especial 98,Outro,2.299,Fafe,Braga,Lugar de Cavadas,Fafe,4820-587,41.444955,-8.164413,pd fafe,pingo doce,lugar de cavadas,"2,299 €",2026-05-15_dgeg_postos_raw.csv,08e20f1d400eff9e
2026-05-15,2026-05-15 14:31:32,2026-05-13 08:00:00,a7ac51fd6f8eabd2,a7ac51fd6f8eabd2_diesel_regular,PD SESIMBRA CARRASQUEIRA,PINGO DOCE,diesel_regular,Gasóleo simples,Outro,1.922,Sesimbra,Setúbal,EN 378 -Urbanização Quinta da Mesquita,Carrasqueira,2970-649,38.48908,-9.10501,pd sesimbra carrasqueira,pingo doce,en 378 -urbanização quinta da mesquita,"1,922 €",2026-05-15_dgeg_postos_raw.csv,2e7e6989f044edda
2026-05-15,2026-05-15 14:31:32,2026-05-13 08:00:00,a7ac51fd6f8eabd2,a7ac51fd6f8eabd2_gasoline_95,PD SESIMBRA CARRASQUEIRA,PINGO DOCE,gasoline_95,Gasolina simples 95,Outro,1.937,Sesimbra,Setúbal,EN 378 -Urbanização Quinta da Mesquita,Carrasqueira,2970-649,38.48908,-9.10501,pd sesimbra carrasqueira,pingo doce,en 378 -urbanização quinta da mesquita,"1,937 €",2026-05-15_dgeg_postos_raw.csv,531511e942618da1
2026-05-15,2026-05-15 14:31:32,2026-05-13 08:00:00,2f69ded562d192c1,2f69ded562d192c1_diesel_regular,PD ESTARREJA,PINGO DOCE,diesel_regular,Gasóleo simples,Outro,1.922,Estarreja,Aveiro,Rua Dr. Tavares da Silva,Estarreja,3860-078,40.76239,-8.57014,pd estarreja,pingo doce,rua dr. tavares da silva,"1,922 €",2026-05-15_dgeg_postos_raw.csv,7185a2ac76d2ca7b
2026-05-15,2026-05-15 14:31:32,2026-05-13 08:00:00,2f69ded562d192c1,2f69ded562d192c1_gasoline_95,PD ESTARREJA,PINGO DOCE,gasoline_95,Gasolina simples 95,Outro,1.937,Estarreja,Aveiro,Rua Dr. Tavares da Silva,Estarreja,3860-078,40.76239,-8.57014,pd estarreja,pingo doce,rua dr. tavares da silva,"1,937 €",2026-05-15_dgeg_postos_raw.csv,d978f201872e4556
2026-05-15,2026-05-15 14:31:32,2026-05-13 08:00:00,45fc1ecbb0597a15,45fc1ecbb0597a15_diesel_regular,PD LEIRIA MARRAZES,PINGO DOCE,diesel_regular,Gasóleo simples,Outro,1.922,Leiria,Leiria,Rua 25 de Abril,Marrazes - Rego de Água,2415-598,39.76125,-8.82138,pd leiria marrazes,pingo doce,rua 25 de abril,"1,922 €",2026-05-15_dgeg_postos_raw.csv,e4805edf494be7ba
2026-05-15,2026-05-15 14:31:32,2026-05-13 08:00:00,45fc1ecbb0597a15,45fc1ecbb0597a15_gasoline_95,PD LEIRIA MARRAZES,PINGO DOCE,gasoline_95,Gasolina simples 95,Outro,1.937,Leiria,Leiria,Rua 25 de Abril,Marrazes - Rego de Água,2415-598,39.76125,-8.82138,pd leiria marrazes,pingo doce,rua 25 de abril,"1,937 €",2026-05-15_dgeg_postos_raw.csv,66fe340060dfd6b3
2026-05-15,2026-05-15 14:31:32,2026-05-13 08:00:00,d75da1ecb2813d33,d75da1ecb2813d33_diesel_regular,PD TROFA SÃO TIAGO,PINGO DOCE,diesel_regular,Gasóleo simples,Outro,1.922,Trofa,Porto,Rua Aldeias de Cima,São Tiago Bougado,4785-699,41.326407,-8.570117,pd trofa são tiago,pingo doce,rua aldeias de cima,"1,922 €",2026-05-15_dgeg_postos_raw.csv,15916a880c5190b9
2026-05-15,2026-05-15 14:31:32,2026-05-13 08:00:00,d75da1ecb2813d33,d75da1ecb2813d33_diesel_premium,PD TROFA SÃO TIAGO,PINGO DOCE,diesel_premium,Gasóleo especial,Outro,2.224,Trofa,Porto,Rua Aldeias de Cima,São Tiago Bougado,4785-699,41.326407,-8.570117,pd trofa são tiago,pingo doce,rua aldeias de cima,"2,224 €",2026-05-15_dgeg_postos_raw.csv,fc73ccd148918b7c
2026-05-15,2026-05-15 14:31:32,2026-05-13 08:00:00,d75da1ecb2813d33,d75da1ecb2813d33_gasoline_95,PD TROFA SÃO TIAGO,PINGO DOCE,gasoline_95,Gasolina simples 95,Outro,1.937,Trofa,Porto,Rua Aldeias de Cima,São Tiago Bougado,4785-699,41.326407,-8.570117,pd trofa são tiago,pingo doce,rua aldeias de cima,"1,937 €",2026-05-15_dgeg_postos_raw.csv,0c2504b47ab6658e
2026-05-15,2026-05-15 14:31:32,2026-05-13 08:00:00,ac3c576e9404e223,ac3c576e9404e223_diesel_regular,PD OLIVEIRA DO BAIRRO,PINGO DOCE,diesel_regular,Gasóleo simples,Outro,1.922,Oliveira do Bairro,Aveiro,"R. de S. Sebastião, EN235",Oliveira do Bairro,3770-221,40.50806,-8.48574,pd oliveira do bairro,pingo doce,"r. de s. sebastião, en235","1,922 €",2026-05-15_dgeg_postos_raw.csv,4092dbcd93c4cbb6
2026-05-15,2026-05-15 14:31:32,2026-05-13 08:00:00,ac3c576e9404e223,ac3c576e9404e223_diesel_premium,PD OLIVEIRA DO BAIRRO,PINGO DOCE,diesel_premium,Gasóleo especial,Outro,2.224,Oliveira do Bairro,Aveiro,"R. de S. Sebastião, EN235",Oliveira do Bairro,3770-221,40.50806,-8.48574,pd oliveira do bairro,pingo doce,"r. de s. sebastião, en235","2,224 €",2026-05-15_dgeg_postos_raw.csv,93a65052ff945731
2026-05-15,2026-05-15 14:31:32,2026-05-13 08:00:00,ac3c576e9404e223,ac3c576e9404e223_gasoline_95,PD OLIVEIRA DO BAIRRO,PINGO DOCE,gasoline_95,Gasolina simples 95,Outro,1.937,Oliveira do Bairro,Aveiro,"R. de S. Sebastião, EN235",Oliveira do Bairro,3770-221,40.50806,-8.48574,pd oliveira do bairro,pingo doce,"r. de s. sebastião, en235","1,937 €",2026-05-15_dgeg_postos_raw.csv,29e145161f3c4703
2026-05-15,2026-05-15 14:31:32,2026-05-13 08:00:00,ac3c576e9404e223,ac3c576e9404e223_gasoline_98,PD OLIVEIRA DO BAIRRO,PINGO DOCE,gasoline_98,Gasolina especial 98,Outro,2.299,Oliveira do Bairro,Aveiro,"R. de S. Sebastião, EN235",Oliveira do Bairro,3770-221,40.50806,-8.48574,pd oliveira do bairro,pingo doce,"r. de s. sebastião, en235","2,299 €",2026-05-15_dgeg_postos_raw.csv,c316345c2f78c828
2026-05-15,2026-05-15 14:31:32,2026-05-13 08:00:00,e670e2a2e9d5c2ec,e670e2a2e9d5c2ec_diesel_regular,PD QUINTA DO CONDE,PINGO DOCE,diesel_regular,Gasóleo simples,Outro,1.922,Sesimbra,Setúbal,"EN 10, Km 19",Quinta do Conde,2975-403,38.57365,-9.03701,pd quinta do conde,pingo doce,"en 10, km 19","1,922 €",2026-05-15_dgeg_postos_raw.csv,6dbb445f1ad894f8
2026-05-15,2026-05-15 14:31:32,2026-05-13 08:00:00,e670e2a2e9d5c2ec,e670e2a2e9d5c2ec_gasoline_95,PD QUINTA DO CONDE,PINGO DOCE,gasoline_95,Gasolina simples 95,Outro,1.937,Sesimbra,Setúbal,"EN 10, Km 19",Quinta do Conde,2975-403,38.57365,-9.03701,pd quinta do conde,pingo doce,"en 10, km 19","1,937 €",2026-05-15_dgeg_postos_raw.csv,e54945ddbee35c80
2026-05-15,2026-05-15 14:31:32,2026-05-13 08:00:00,552b878ed38be138,552b878ed38be138_diesel_regular,PD CARTAXO,PINGO DOCE,diesel_regular,Gasóleo simples,Outro,1.922,Cartaxo,Santarém,EN 3 (Rua da Ponte),Cartaxo- Sítio da Portela,2070-621,39.1685,-8.77673,pd cartaxo,pingo doce,en 3 (rua da ponte),"1,922 €",2026-05-15_dgeg_postos_raw.csv,e25b962333e9b0e8
2026-05-15,2026-05-15 14:31:32,2026-05-13 08:00:00,552b878ed38be138,552b878ed38be138_gasoline_95,PD CARTAXO,PINGO DOCE,gasoline_95,Gasolina simples 95,Outro,1.937,Cartaxo,Santarém,EN 3 (Rua da Ponte),Cartaxo- Sítio da Portela,2070-621,39.1685,-8.77673,pd cartaxo,pingo doce,en 3 (rua da ponte),"1,937 €",2026-05-15_dgeg_postos_raw.csv,e181d3289cbce660
2026-05-15,2026-05-15 14:31:32,2026-05-13 08:00:00,6ffb3d99c321fe20,6ffb3d99c321fe20_diesel_regular,PD AMARANTE,PINGO DOCE,diesel_regular,Gasóleo simples,Outro,1.922,Amarante,Porto,"E.N. 15 - Lugar da Boavista, 275",Telões,4600-756,41.28697,-8.09559,pd amarante,pingo doce,"e.n. 15 - lugar da boavista, 275","1,922 €",2026-05-15_dgeg_postos_raw.csv,0b91c24bdcbcc816
2026-05-15,2026-05-15 14:31:32,2026-05-13 08:00:00,6ffb3d99c321fe20,6ffb3d99c321fe20_diesel_premium,PD AMARANTE,PINGO DOCE,diesel_premium,Gasóleo especial,Outro,2.224,Amarante,Porto,"E.N. 15 - Lugar da Boavista, 275",Telões,4600-756,41.28697,-8.09559,pd amarante,pingo doce,"e.n. 15 - lugar da boavista, 275","2,224 €",2026-05-15_dgeg_postos_raw.csv,a8387e17f66b6e7a
2026-05-15,2026-05-15 14:31:32,2026-05-13 08:00:00,6ffb3d99c321fe20,6ffb3d99c321fe20_gasoline_95,PD AMARANTE,PINGO DOCE,gasoline_95,Gasolina simples 95,Outro,1.937,Amarante,Porto,"E.N. 15 - Lugar da Boavista, 275",Telões,4600-756,41.28697,-8.09559,pd amarante,pingo doce,"e.n. 15 - lugar da boavista, 275","1,937 €",2026-05-15_dgeg_postos_raw.csv,2f386ad3ee4382a6
2026-05-15,2026-05-15 14:31:32,2026-05-13 08:00:00,6ffb3d99c321fe20,6ffb3d99c321fe20_gasoline_98,PD AMARANTE,PINGO DOCE,gasoline_98,Gasolina especial 98,Outro,2.299,Amarante,Porto,"E.N. 15 - Lugar da Boavista, 275",Telões,4600-756,41.28697,-8.09559,pd amarante,pingo doce,"e.n. 15 - lugar da boavista, 275","2,299 €",2026-05-15_dgeg_postos_raw.csv,2e8b98d23c365b24
2026-05-15,2026-05-15 14:31:32,2026-05-13 08:00:00,c90d35371c2dbbd7,c90d35371c2dbbd7_diesel_regular,PD CASTELO BRANCO CC FORUM,PINGO DOCE,diesel_regular,Gasóleo simples,Outro,1.922,Castelo Branco,Castelo Branco,"Avª Professor Egas Moniz, Centro Comercial Forum",Castelo Branco,6000-056,39.80937,-7.51502,pd castelo branco cc forum,pingo doce,"avª professor egas moniz, centro comercial forum","1,922 €",2026-05-15_dgeg_postos_raw.csv,b95ce1bd29975399
2026-05-15,2026-05-15 14:31:32,2026-05-13 08:00:00,c90d35371c2dbbd7,c90d35371c2dbbd7_diesel_premium,PD CASTELO BRANCO CC FORUM,PINGO DOCE,diesel_premium,Gasóleo especial,Outro,2.224,Castelo Branco,Castelo Branco,"Avª Professor Egas Moniz, Centro Comercial Forum",Castelo Branco,6000-056,39.80937,-7.51502,pd castelo branco cc forum,pingo doce,"avª professor egas moniz, centro comercial forum","2,224 €",2026-05-15_dgeg_postos_raw.csv,bf3fc3666c0118a2
2026-05-15,2026-05-15 14:31:32,2026-05-13 08:00:00,c90d35371c2dbbd7,c90d35371c2dbbd7_gasoline_95,PD CASTELO BRANCO CC FORUM,PINGO DOCE,gasoline_95,Gasolina simples 95,Outro,1.937,Castelo Branco,Castelo Branco,"Avª Professor Egas Moniz, Centro Comercial Forum",Castelo Branco,6000-056,39.80937,-7.51502,pd castelo branco cc forum,pingo doce,"avª professor egas moniz, centro comercial forum","1,937 €",2026-05-15_dgeg_postos_raw.csv,d833596e3ec31390
2026-05-15,2026-05-15 14:31:32,2026-05-13 08:00:00,c90d35371c2dbbd7,c90d35371c2dbbd7_gasoline_98,PD CASTELO BRANCO CC FORUM,PINGO DOCE,gasoline_98,Gasolina especial 98,Outro,2.299,Castelo Branco,Castelo Branco,"Avª Professor Egas Moniz, Centro Comercial Forum",Castelo Branco,6000-056,39.80937,-7.51502,pd castelo branco cc forum,pingo doce,"avª professor egas moniz, centro comercial forum","2,299 €",2026-05-15_dgeg_postos_raw.csv,1697705d3f5a42e4
2026-05-15,2026-05-15 14:31:32,2026-05-13 08:00:00,4e2b7ed6d9e93bd3,4e2b7ed6d9e93bd3_diesel_regular,PD RIO MAIOR TAIPAS,PINGO DOCE,diesel_regular,Gasóleo simples,Outro,1.922,Rio Maior,Santarém,"Rua das Taipas, nº10",Rio Maior,2040-339,39.33199,-8.93783,pd rio maior taipas,pingo doce,"rua das taipas, nº10","1,922 €",2026-05-15_dgeg_postos_raw.csv,92bfaf0d23461fbf
2026-05-15,2026-05-15 14:31:32,2026-05-13 08:00:00,4e2b7ed6d9e93bd3,4e2b7ed6d9e93bd3_diesel_premium,PD RIO MAIOR TAIPAS,PINGO DOCE,diesel_premium,Gasóleo especial,Outro,2.224,Rio Maior,Santarém,"Rua das Taipas, nº10",Rio Maior,2040-339,39.33199,-8.93783,pd rio maior taipas,pingo doce,"rua das taipas, nº10","2,224 €",2026-05-15_dgeg_postos_raw.csv,011a3fc6a54127a0
2026-05-15,2026-05-15 14:31:32,2026-05-13 08:00:00,4e2b7ed6d9e93bd3,4e2b7ed6d9e93bd3_gasoline_95,PD RIO MAIOR TAIPAS,PINGO DOCE,gasoline_95,Gasolina simples 95,Outro,1.937,Rio Maior,Santarém,"Rua das Taipas, nº10",Rio Maior,2040-339,39.33199,-8.93783,pd rio maior taipas,pingo doce,"rua das taipas, nº10","1,937 €",2026-05-15_dgeg_postos_raw.csv,4ce237c5734d014a
2026-05-15,2026-05-15 14:31:32,2026-05-13 08:00:00,4e2b7ed6d9e93bd3,4e2b7ed6d9e93bd3_gasoline_98,PD RIO MAIOR TAIPAS,PINGO DOCE,gasoline_98,Gasolina especial 98,Outro,2.299,Rio Maior,Santarém,"Rua das Taipas, nº10",Rio Maior,2040-339,39.33199,-8.93783,pd rio maior taipas,pingo doce,"rua das taipas, nº10","2,299 €",2026-05-15_dgeg_postos_raw.csv,7a11652014a1eaa9
2026-05-15,2026-05-15 14:31:32,2026-05-13 08:00:00,b16ec0492ffdb218,b16ec0492ffdb218_gasoline_98,PD MOITA,PINGO DOCE,gasoline_98,Gasolina especial 98,Outro,2.299,Moita,Setúbal,EN 11,Moita,2860-006,38.64915,-8.99752,pd moita,pingo doce,en 11,"2,299 €",2026-05-15_dgeg_postos_raw.csv,7ca344b08b6541df
2026-05-15,2026-05-15 14:31:32,2026-05-13 08:00:00,febff14a4b012480,febff14a4b012480_diesel_premium,PD CORUCHE,PINGO DOCE,diesel_premium,Gasóleo especial,Outro,2.224,Coruche,Santarém,EN 114,Santo Antonino,2100-048,38.96553,-8.53289,pd coruche,pingo doce,en 114,"2,224 €",2026-05-15_dgeg_postos_raw.csv,250d7d87d80371ba
2026-05-15,2026-05-15 14:31:32,2026-05-13 08:00:00,febff14a4b012480,febff14a4b012480_gasoline_98,PD CORUCHE,PINGO DOCE,gasoline_98,Gasolina especial 98,Outro,2.299,Coruche,Santarém,EN 114,Santo Antonino,2100-048,38.96553,-8.53289,pd coruche,pingo doce,en 114,"2,299 €",2026-05-15_dgeg_postos_raw.csv,5d7446bd940c2ef9
2026-05-15,2026-05-15 14:31:32,2026-05-13 08:00:00,9f3083a5103d72ea,9f3083a5103d72ea_diesel_premium,PD ABRANTES,PINGO DOCE,diesel_premium,Gasóleo especial,Outro,2.224,Abrantes,Santarém,Av. 14 de Junho,Abrantes,2200-298,39.466388,-8.205163,pd abrantes,pingo doce,av. 14 de junho,"2,224 €",2026-05-15_dgeg_postos_raw.csv,caf5cb770fb65a55
2026-05-15,2026-05-15 14:31:32,2026-05-13 08:00:00,9f3083a5103d72ea,9f3083a5103d72ea_gasoline_98,PD ABRANTES,PINGO DOCE,gasoline_98,Gasolina especial 98,Outro,2.299,Abrantes,Santarém,Av. 14 de Junho,Abrantes,2200-298,39.466388,-8.205163,pd abrantes,pingo doce,av. 14 de junho,"2,299 €",2026-05-15_dgeg_postos_raw.csv,211dc8f58ce9e3b5
2026-05-15,2026-05-15 14:31:32,2026-05-13 08:00:00,45fc1ecbb0597a15,45fc1ecbb0597a15_diesel_premium,PD LEIRIA MARRAZES,PINGO DOCE,diesel_premium,Gasóleo especial,Outro,2.224,Leiria,Leiria,Rua 25 de Abril,Marrazes - Rego de Água,2415-598,39.76125,-8.82138,pd leiria marrazes,pingo doce,rua 25 de abril,"2,224 €",2026-05-15_dgeg_postos_raw.csv,54cb10da683b0ce0
2026-05-15,2026-05-15 14:31:32,2026-05-13 08:00:00,45fc1ecbb0597a15,45fc1ecbb0597a15_gasoline_98,PD LEIRIA MARRAZES,PINGO DOCE,gasoline_98,Gasolina especial 98,Outro,2.299,Leiria,Leiria,Rua 25 de Abril,Marrazes - Rego de Água,2415-598,39.76125,-8.82138,pd leiria marrazes,pingo doce,rua 25 de abril,"2,299 €",2026-05-15_dgeg_postos_raw.csv,7ca20df51e5afc54
2026-05-15,2026-05-15 14:31:32,2026-05-13 08:00:00,2f69ded562d192c1,2f69ded562d192c1_diesel_premium,PD ESTARREJA,PINGO DOCE,diesel_premium,Gasóleo especial,Outro,2.224,Estarreja,Aveiro,Rua Dr. Tavares da Silva,Estarreja,3860-078,40.76239,-8.57014,pd estarreja,pingo doce,rua dr. tavares da silva,"2,224 €",2026-05-15_dgeg_postos_raw.csv,327eb53865250f3f
2026-05-15,2026-05-15 14:31:32,2026-05-13 08:00:00,2f69ded562d192c1,2f69ded562d192c1_gasoline_98,PD ESTARREJA,PINGO DOCE,gasoline_98,Gasolina especial 98,Outro,2.299,Estarreja,Aveiro,Rua Dr. Tavares da Silva,Estarreja,3860-078,40.76239,-8.57014,pd estarreja,pingo doce,rua dr. tavares da silva,"2,299 €",2026-05-15_dgeg_postos_raw.csv,77ba04ba834b358c
2026-05-15,2026-05-15 14:31:32,2026-05-13 08:00:00,50fdc3d5b35e9597,50fdc3d5b35e9597_diesel_premium,PD MIRANDELA,PINGO DOCE,diesel_premium,Gasóleo especial,Outro,2.224,Mirandela,Bragança,Lugar de Telheiras,Mirandela,5370-000,41.49678,-7.17842,pd mirandela,pingo doce,lugar de telheiras,"2,224 €",2026-05-15_dgeg_postos_raw.csv,3b69fb23d6ca014f
2026-05-15,2026-05-15 14:31:32,2026-05-13 08:00:00,50fdc3d5b35e9597,50fdc3d5b35e9597_gasoline_98,PD MIRANDELA,PINGO DOCE,gasoline_98,Gasolina especial 98,Outro,2.299,Mirandela,Bragança,Lugar de Telheiras,Mirandela,5370-000,41.49678,-7.17842,pd mirandela,pingo doce,lugar de telheiras,"2,299 €",2026-05-15_dgeg_postos_raw.csv,7e8c4a6f70d98b1f
2026-05-15,2026-05-15 14:31:32,2026-05-13 08:00:00,ddc8fc7667122420,ddc8fc7667122420_diesel_premium,PD PESO DA RÉGUA,PINGO DOCE,diesel_premium,Gasóleo especial,Outro,2.224,Peso da Régua,Vila Real,Quinta das Forcas,Godim,5050-063,41.16836,-7.80291,pd peso da régua,pingo doce,quinta das forcas,"2,224 €",2026-05-15_dgeg_postos_raw.csv,dee15e367e272208
2026-05-15,2026-05-15 14:31:32,2026-05-13 08:00:00,ddc8fc7667122420,ddc8fc7667122420_gasoline_98,PD PESO DA RÉGUA,PINGO DOCE,gasoline_98,Gasolina especial 98,Outro,2.299,Peso da Régua,Vila Real,Quinta das Forcas,Godim,5050-063,41.16836,-7.80291,pd peso da régua,pingo doce,quinta das forcas,"2,299 €",2026-05-15_dgeg_postos_raw.csv,f5764381131585ab
2026-05-15,2026-05-15 14:31:32,2026-05-13 08:00:00,2619e83fd49998f4,2619e83fd49998f4_diesel_premium,PD MANGUALDE,PINGO DOCE,diesel_premium,Gasóleo especial,Outro,2.224,Mangualde,Viseu,Av. Heróis do Ultramar,Lavandeira,3530-261,40.61551,-7.75893,pd mangualde,pingo doce,av. heróis do ultramar,"2,224 €",2026-05-15_dgeg_postos_raw.csv,04b94d982a297463
2026-05-15,2026-05-15 14:31:32,2026-05-13 08:00:00,2619e83fd49998f4,2619e83fd49998f4_gasoline_98,PD MANGUALDE,PINGO DOCE,gasoline_98,Gasolina especial 98,Outro,2.299,Mangualde,Viseu,Av. Heróis do Ultramar,Lavandeira,3530-261,40.61551,-7.75893,pd mangualde,pingo doce,av. heróis do ultramar,"2,299 €",2026-05-15_dgeg_postos_raw.csv,55815a078b10893c
2026-05-15,2026-05-15 14:31:32,2026-05-13 08:00:00,2e2966be103f08c8,2e2966be103f08c8_diesel_regular,Galp Sardoal,GALP,diesel_regular,Gasóleo simples,Outro,2.029,Sardoal,Santarém,Ribeiro Barato,Sardoal,2230-999,39.52578,-8.15618,galp sardoal,galp,ribeiro barato,"2,029 €",2026-05-15_dgeg_postos_raw.csv,755b87cdbb54c951
2026-05-15,2026-05-15 14:31:32,2026-05-13 08:00:00,2e2966be103f08c8,2e2966be103f08c8_diesel_premium,Galp Sardoal,GALP,diesel_premium,Gasóleo especial,Outro,2.079,Sardoal,Santarém,Ribeiro Barato,Sardoal,2230-999,39.52578,-8.15618,galp sardoal,galp,ribeiro barato,"2,079 €",2026-05-15_dgeg_postos_raw.csv,50b30c8c2b24040f
2026-05-15,2026-05-15 14:31:32,2026-05-13 08:00:00,2e2966be103f08c8,2e2966be103f08c8_gasoline_95,Galp Sardoal,GALP,gasoline_95,Gasolina simples 95,Outro,2.026,Sardoal,Santarém,Ribeiro Barato,Sardoal,2230-999,39.52578,-8.15618,galp sardoal,galp,ribeiro barato,"2,026 €",2026-05-15_dgeg_postos_raw.csv,df6c203337a5ebea
2026-05-15,2026-05-15 14:31:32,2026-05-13 08:00:00,e45b59a51a7e2358,e45b59a51a7e2358_diesel_regular,PD CALDAS DA RAINHA,PINGO DOCE,diesel_regular,Gasóleo simples,Outro,1.922,Caldas da Rainha,Leiria,ESTRADA NACIONAL 8 - LAVRADIO,CALDAS DA RAINHA,2500-294,39.42633,-9.13059,pd caldas da rainha,pingo doce,estrada nacional 8 - lavradio,"1,922 €",2026-05-15_dgeg_postos_raw.csv,85de014d7cd768f3
2026-05-15,2026-05-15 14:31:32,2026-05-13 08:00:00,e45b59a51a7e2358,e45b59a51a7e2358_diesel_premium,PD CALDAS DA RAINHA,PINGO DOCE,diesel_premium,Gasóleo especial,Outro,2.224,Caldas da Rainha,Leiria,ESTRADA NACIONAL 8 - LAVRADIO,CALDAS DA RAINHA,2500-294,39.42633,-9.13059,pd caldas da rainha,pingo doce,estrada nacional 8 - lavradio,"2,224 €",2026-05-15_dgeg_postos_raw.csv,d27018265147a2d7
2026-05-15,2026-05-15 14:31:32,2026-05-13 08:00:00,e45b59a51a7e2358,e45b59a51a7e2358_gasoline_95,PD CALDAS DA RAINHA,PINGO DOCE,gasoline_95,Gasolina simples 95,Outro,1.937,Caldas da Rainha,Leiria,ESTRADA NACIONAL 8 - LAVRADIO,CALDAS DA RAINHA,2500-294,39.42633,-9.13059,pd caldas da rainha,pingo doce,estrada nacional 8 - lavradio,"1,937 €",2026-05-15_dgeg_postos_raw.csv,f489908396e76ec0
2026-05-15,2026-05-15 14:31:32,2026-05-13 08:00:00,e45b59a51a7e2358,e45b59a51a7e2358_gasoline_98,PD CALDAS DA RAINHA,PINGO DOCE,gasoline_98,Gasolina especial 98,Outro,2.299,Caldas da Rainha,Leiria,ESTRADA NACIONAL 8 - LAVRADIO,CALDAS DA RAINHA,2500-294,39.42633,-9.13059,pd caldas da rainha,pingo doce,estrada nacional 8 - lavradio,"2,299 €",2026-05-15_dgeg_postos_raw.csv,f831653463754bab
2026-05-15,2026-05-15 14:31:32,2026-05-13 08:00:00,0f853ba1d29208ad,0f853ba1d29208ad_diesel_regular,PD TONDELA,PINGO DOCE,diesel_regular,Gasóleo simples,Outro,1.922,Tondela,Viseu,Estrada Municipal 627,MOLELOS,3460-269,40.52982,-8.08765,pd tondela,pingo doce,estrada municipal 627,"1,922 €",2026-05-15_dgeg_postos_raw.csv,1192ab52f637ee75
2026-05-15,2026-05-15 14:31:32,2026-05-13 08:00:00,0f853ba1d29208ad,0f853ba1d29208ad_diesel_premium,PD TONDELA,PINGO DOCE,diesel_premium,Gasóleo especial,Outro,2.224,Tondela,Viseu,Estrada Municipal 627,MOLELOS,3460-269,40.52982,-8.08765,pd tondela,pingo doce,estrada municipal 627,"2,224 €",2026-05-15_dgeg_postos_raw.csv,2f9dd0aeaf04782c
2026-05-15,2026-05-15 14:31:32,2026-05-13 08:00:00,0f853ba1d29208ad,0f853ba1d29208ad_gasoline_95,PD TONDELA,PINGO DOCE,gasoline_95,Gasolina simples 95,Outro,1.937,Tondela,Viseu,Estrada Municipal 627,MOLELOS,3460-269,40.52982,-8.08765,pd tondela,pingo doce,estrada municipal 627,"1,937 €",2026-05-15_dgeg_postos_raw.csv,0c9243628e74bc7a
2026-05-15,2026-05-15 14:31:32,2026-05-13 08:00:00,0f853ba1d29208ad,0f853ba1d29208ad_gasoline_98,PD TONDELA,PINGO DOCE,gasoline_98,Gasolina especial 98,Outro,2.299,Tondela,Viseu,Estrada Municipal 627,MOLELOS,3460-269,40.52982,-8.08765,pd tondela,pingo doce,estrada municipal 627,"2,299 €",2026-05-15_dgeg_postos_raw.csv,7eef6d68bfe15c06
2026-05-15,2026-05-15 14:31:32,2026-05-13 08:00:00,9b3bf67fd68b6b9c,9b3bf67fd68b6b9c_diesel_regular,PD GUARDA,PINGO DOCE,diesel_regular,Gasóleo simples,Outro,1.922,Guarda,Guarda,Bairro S. Domingos Quinta do Camalhão,GUARDA,6300-804,40.55904,-7.25038,pd guarda,pingo doce,bairro s. domingos quinta do camalhão,"1,922 €",2026-05-15_dgeg_postos_raw.csv,672fd2549fe12524
2026-05-15,2026-05-15 14:31:32,2026-05-13 08:00:00,9b3bf67fd68b6b9c,9b3bf67fd68b6b9c_diesel_premium,PD GUARDA,PINGO DOCE,diesel_premium,Gasóleo especial,Outro,2.224,Guarda,Guarda,Bairro S. Domingos Quinta do Camalhão,GUARDA,6300-804,40.55904,-7.25038,pd guarda,pingo doce,bairro s. domingos quinta do camalhão,"2,224 €",2026-05-15_dgeg_postos_raw.csv,b3ff2b158a93d80b
2026-05-15,2026-05-15 14:31:32,2026-05-13 08:00:00,9b3bf67fd68b6b9c,9b3bf67fd68b6b9c_gasoline_95,PD GUARDA,PINGO DOCE,gasoline_95,Gasolina simples 95,Outro,1.937,Guarda,Guarda,Bairro S. Domingos Quinta do Camalhão,GUARDA,6300-804,40.55904,-7.25038,pd guarda,pingo doce,bairro s. domingos quinta do camalhão,"1,937 €",2026-05-15_dgeg_postos_raw.csv,4fa37b21f33559d6
2026-05-15,2026-05-15 14:31:32,2026-05-13 08:00:00,9b3bf67fd68b6b9c,9b3bf67fd68b6b9c_gasoline_98,PD GUARDA,PINGO DOCE,gasoline_98,Gasolina especial 98,Outro,2.299,Guarda,Guarda,Bairro S. Domingos Quinta do Camalhão,GUARDA,6300-804,40.55904,-7.25038,pd guarda,pingo doce,bairro s. domingos quinta do camalhão,"2,299 €",2026-05-15_dgeg_postos_raw.csv,db7e6d3929195ac9
2026-05-15,2026-05-15 14:31:32,2026-05-13 08:00:00,b2d302f4bfa18f23,b2d302f4bfa18f23_diesel_regular,PD FUNDÃO,PINGO DOCE,diesel_regular,Gasóleo simples,Outro,1.922,Fundão,Castelo Branco,Quinta da Arieira,Fundão,6230-205,40.162156,-7.498763,pd fundão,pingo doce,quinta da arieira,"1,922 €",2026-05-15_dgeg_postos_raw.csv,7703297683d44a2d
2026-05-15,2026-05-15 14:31:32,2026-05-13 08:00:00,b2d302f4bfa18f23,b2d302f4bfa18f23_diesel_premium,PD FUNDÃO,PINGO DOCE,diesel_premium,Gasóleo especial,Outro,2.224,Fundão,Castelo Branco,Quinta da Arieira,Fundão,6230-205,40.162156,-7.498763,pd fundão,pingo doce,quinta da arieira,"2,224 €",2026-05-15_dgeg_postos_raw.csv,fb7a6c2a30d288aa
2026-05-15,2026-05-15 14:31:32,2026-05-13 08:00:00,b2d302f4bfa18f23,b2d302f4bfa18f23_gasoline_95,PD FUNDÃO,PINGO DOCE,gasoline_95,Gasolina simples 95,Outro,1.937,Fundão,Castelo Branco,Quinta da Arieira,Fundão,6230-205,40.162156,-7.498763,pd fundão,pingo doce,quinta da arieira,"1,937 €",2026-05-15_dgeg_postos_raw.csv,5206fc21633d9c32
2026-05-15,2026-05-15 14:31:32,2026-05-13 08:00:00,b2d302f4bfa18f23,b2d302f4bfa18f23_gasoline_98,PD FUNDÃO,PINGO DOCE,gasoline_98,Gasolina especial 98,Outro,2.299,Fundão,Castelo Branco,Quinta da Arieira,Fundão,6230-205,40.162156,-7.498763,pd fundão,pingo doce,quinta da arieira,"2,299 €",2026-05-15_dgeg_postos_raw.csv,04d10c41272ce0d5
2026-05-15,2026-05-15 14:31:32,2026-05-13 08:00:00,b0f3e2ad1edecbe0,b0f3e2ad1edecbe0_diesel_regular,PD PONTE DE SÔR,PINGO DOCE,diesel_regular,Gasóleo simples,Outro,1.922,Ponte de Sor,Portalegre,Zona Industrial - Barreiras,Ponte de Sôr,7400-114,39.26838,-8.01336,pd ponte de sôr,pingo doce,zona industrial - barreiras,"1,922 €",2026-05-15_dgeg_postos_raw.csv,f8048d4f529707cd
2026-05-15,2026-05-15 14:31:32,2026-05-13 08:00:00,b0f3e2ad1edecbe0,b0f3e2ad1edecbe0_diesel_premium,PD PONTE DE SÔR,PINGO DOCE,diesel_premium,Gasóleo especial,Outro,2.224,Ponte de Sor,Portalegre,Zona Industrial - Barreiras,Ponte de Sôr,7400-114,39.26838,-8.01336,pd ponte de sôr,pingo doce,zona industrial - barreiras,"2,224 €",2026-05-15_dgeg_postos_raw.csv,a331c6b0aadc388e
2026-05-15,2026-05-15 14:31:32,2026-05-13 08:00:00,b0f3e2ad1edecbe0,b0f3e2ad1edecbe0_gasoline_95,PD PONTE DE SÔR,PINGO DOCE,gasoline_95,Gasolina simples 95,Outro,1.937,Ponte de Sor,Portalegre,Zona Industrial - Barreiras,Ponte de Sôr,7400-114,39.26838,-8.01336,pd ponte de sôr,pingo doce,zona industrial - barreiras,"1,937 €",2026-05-15_dgeg_postos_raw.csv,8fe87d7e68512fcf
2026-05-15,2026-05-15 14:31:32,2026-05-13 08:00:00,b0f3e2ad1edecbe0,b0f3e2ad1edecbe0_gasoline_98,PD PONTE DE SÔR,PINGO DOCE,gasoline_98,Gasolina especial 98,Outro,2.299,Ponte de Sor,Portalegre,Zona Industrial - Barreiras,Ponte de Sôr,7400-114,39.26838,-8.01336,pd ponte de sôr,pingo doce,zona industrial - barreiras,"2,299 €",2026-05-15_dgeg_postos_raw.csv,c4b5553b688c9609
2026-05-15,2026-05-15 14:31:32,2026-05-13 08:00:00,a269cbf88fe931ff,a269cbf88fe931ff_diesel_regular,PD SANTARÉM,PINGO DOCE,diesel_regular,Gasóleo simples,Outro,1.922,Santarém,Santarém,Estrada de S. Domingos,Santarém,2005-324,39.23923,-8.70244,pd santarém,pingo doce,estrada de s. domingos,"1,922 €",2026-05-15_dgeg_postos_raw.csv,6e6cbb9320320fce
2026-05-15,2026-05-15 14:31:32,2026-05-13 08:00:00,a269cbf88fe931ff,a269cbf88fe931ff_diesel_premium,PD SANTARÉM,PINGO DOCE,diesel_premium,Gasóleo especial,Outro,2.224,Santarém,Santarém,Estrada de S. Domingos,Santarém,2005-324,39.23923,-8.70244,pd santarém,pingo doce,estrada de s. domingos,"2,224 €",2026-05-15_dgeg_postos_raw.csv,a200733d2c3c466c
2026-05-15,2026-05-15 14:31:32,2026-05-13 08:00:00,a269cbf88fe931ff,a269cbf88fe931ff_gasoline_95,PD SANTARÉM,PINGO DOCE,gasoline_95,Gasolina simples 95,Outro,1.937,Santarém,Santarém,Estrada de S. Domingos,Santarém,2005-324,39.23923,-8.70244,pd santarém,pingo doce,estrada de s. domingos,"1,937 €",2026-05-15_dgeg_postos_raw.csv,fbf944bb473d8638
2026-05-15,2026-05-15 14:31:32,2026-05-13 08:00:00,a269cbf88fe931ff,a269cbf88fe931ff_gasoline_98,PD SANTARÉM,PINGO DOCE,gasoline_98,Gasolina especial 98,Outro,2.299,Santarém,Santarém,Estrada de S. Domingos,Santarém,2005-324,39.23923,-8.70244,pd santarém,pingo doce,estrada de s. domingos,"2,299 €",2026-05-15_dgeg_postos_raw.csv,022a630dae55e5b4
2026-05-15,2026-05-15 14:31:32,2026-05-13 08:00:00,244a076a0c2925e5,244a076a0c2925e5_diesel_regular,PD ALMEIRIM,PINGO DOCE,diesel_regular,Gasóleo simples,Outro,1.922,Almeirim,Santarém,"Quinta da Alorna, Lts. 61, 62 e 63",Almeirim,2080-156,39.19059,-8.62429,pd almeirim,pingo doce,"quinta da alorna, lts. 61, 62 e 63","1,922 €",2026-05-15_dgeg_postos_raw.csv,85ec6b7844b040ed
2026-05-15,2026-05-15 14:31:32,2026-05-13 08:00:00,244a076a0c2925e5,244a076a0c2925e5_gasoline_95,PD ALMEIRIM,PINGO DOCE,gasoline_95,Gasolina simples 95,Outro,1.937,Almeirim,Santarém,"Quinta da Alorna, Lts. 61, 62 e 63",Almeirim,2080-156,39.19059,-8.62429,pd almeirim,pingo doce,"quinta da alorna, lts. 61, 62 e 63","1,937 €",2026-05-15_dgeg_postos_raw.csv,82cb6f610a952927
2026-05-15,2026-05-15 14:31:32,2026-05-13 08:00:00,85696600dcc3bb19,85696600dcc3bb19_diesel_regular,PD CHAMUSCA,PINGO DOCE,diesel_regular,Gasóleo simples,Outro,1.922,Chamusca,Santarém,"Rua Direita de S.Pedro, EN 118 - Km 99,78",Chamusca,2140-098,39.36849,-8.47141,pd chamusca,pingo doce,"rua direita de s.pedro, en 118 - km 99,78","1,922 €",2026-05-15_dgeg_postos_raw.csv,a9d0b1dd56f2e355
2026-05-15,2026-05-15 14:31:32,2026-05-13 08:00:00,85696600dcc3bb19,85696600dcc3bb19_diesel_premium,PD CHAMUSCA,PINGO DOCE,diesel_premium,Gasóleo especial,Outro,2.224,Chamusca,Santarém,"Rua Direita de S.Pedro, EN 118 - Km 99,78",Chamusca,2140-098,39.36849,-8.47141,pd chamusca,pingo doce,"rua direita de s.pedro, en 118 - km 99,78","2,224 €",2026-05-15_dgeg_postos_raw.csv,647e9dd199c2196f
2026-05-15,2026-05-15 14:31:32,2026-05-13 08:00:00,85696600dcc3bb19,85696600dcc3bb19_gasoline_95,PD CHAMUSCA,PINGO DOCE,gasoline_95,Gasolina simples 95,Outro,1.937,Chamusca,Santarém,"Rua Direita de S.Pedro, EN 118 - Km 99,78",Chamusca,2140-098,39.36849,-8.47141,pd chamusca,pingo doce,"rua direita de s.pedro, en 118 - km 99,78","1,937 €",2026-05-15_dgeg_postos_raw.csv,98d8e50e11910fe6
2026-05-15,2026-05-15 14:31:32,2026-05-13 08:00:00,85696600dcc3bb19,85696600dcc3bb19_gasoline_98,PD CHAMUSCA,PINGO DOCE,gasoline_98,Gasolina especial 98,Outro,2.299,Chamusca,Santarém,"Rua Direita de S.Pedro, EN 118 - Km 99,78",Chamusca,2140-098,39.36849,-8.47141,pd chamusca,pingo doce,"rua direita de s.pedro, en 118 - km 99,78","2,299 €",2026-05-15_dgeg_postos_raw.csv,6d71380504a561d2
2026-05-15,2026-05-15 14:31:32,2026-05-13 08:00:00,cd6f65e98a86306a,cd6f65e98a86306a_diesel_regular,PD PENAFIEL,PINGO DOCE,diesel_regular,Gasóleo simples,Outro,1.922,Penafiel,Porto,QUINTA DA LAGARTEIRA EN 593,Guilhufe,4560-146,41.193211,-8.306485,pd penafiel,pingo doce,quinta da lagarteira en 593,"1,922 €",2026-05-15_dgeg_postos_raw.csv,7dfd9b0d40662e97
2026-05-15,2026-05-15 14:31:32,2026-05-13 08:00:00,cd6f65e98a86306a,cd6f65e98a86306a_gasoline_95,PD PENAFIEL,PINGO DOCE,gasoline_95,Gasolina simples 95,Outro,1.937,Penafiel,Porto,QUINTA DA LAGARTEIRA EN 593,Guilhufe,4560-146,41.193211,-8.306485,pd penafiel,pingo doce,quinta da lagarteira en 593,"1,937 €",2026-05-15_dgeg_postos_raw.csv,33f9fcef01436f62
2026-05-15,2026-05-15 14:31:32,2026-05-13 08:00:00,9f3083a5103d72ea,9f3083a5103d72ea_diesel_regular,PD ABRANTES,PINGO DOCE,diesel_regular,Gasóleo simples,Outro,1.922,Abrantes,Santarém,Av. 14 de Junho,Abrantes,2200-298,39.466388,-8.205163,pd abrantes,pingo doce,av. 14 de junho,"1,922 €",2026-05-15_dgeg_postos_raw.csv,d9748f162fe72058
2026-05-15,2026-05-15 14:31:32,2026-05-13 08:00:00,9f3083a5103d72ea,9f3083a5103d72ea_gasoline_95,PD ABRANTES,PINGO DOCE,gasoline_95,Gasolina simples 95,Outro,1.937,Abrantes,Santarém,Av. 14 de Junho,Abrantes,2200-298,39.466388,-8.205163,pd abrantes,pingo doce,av. 14 de junho,"1,937 €",2026-05-15_dgeg_postos_raw.csv,3d2f9c9ac704ba63
2026-05-15,2026-05-15 14:31:32,2026-05-13 08:00:00,50fdc3d5b35e9597,50fdc3d5b35e9597_diesel_regular,PD MIRANDELA,PINGO DOCE,diesel_regular,Gasóleo simples,Outro,1.922,Mirandela,Bragança,Lugar de Telheiras,Mirandela,5370-000,41.49678,-7.17842,pd mirandela,pingo doce,lugar de telheiras,"1,922 €",2026-05-15_dgeg_postos_raw.csv,d88bfe72cbe9242f
2026-05-15,2026-05-15 14:31:32,2026-05-13 08:00:00,50fdc3d5b35e9597,50fdc3d5b35e9597_gasoline_95,PD MIRANDELA,PINGO DOCE,gasoline_95,Gasolina simples 95,Outro,1.937,Mirandela,Bragança,Lugar de Telheiras,Mirandela,5370-000,41.49678,-7.17842,pd mirandela,pingo doce,lugar de telheiras,"1,937 €",2026-05-15_dgeg_postos_raw.csv,026595df0030d3d1
2026-05-15,2026-05-15 14:31:32,2026-05-13 08:00:00,1f0201e1a27dd1d5,1f0201e1a27dd1d5_diesel_regular,PD TORRES NOVAS,PINGO DOCE,diesel_regular,Gasóleo simples,Outro,1.922,Torres Novas,Santarém,Est. Nacional 243,Torres Novas-Bairro do Nicho,2350-606,39.46526,-8.52417,pd torres novas,pingo doce,est. nacional 243,"1,922 €",2026-05-15_dgeg_postos_raw.csv,77fe4bfe2f0fcda7
2026-05-15,2026-05-15 14:31:32,2026-05-13 08:00:00,1f0201e1a27dd1d5,1f0201e1a27dd1d5_gasoline_95,PD TORRES NOVAS,PINGO DOCE,gasoline_95,Gasolina simples 95,Outro,1.937,Torres Novas,Santarém,Est. Nacional 243,Torres Novas-Bairro do Nicho,2350-606,39.46526,-8.52417,pd torres novas,pingo doce,est. nacional 243,"1,937 €",2026-05-15_dgeg_postos_raw.csv,142e81ee4ee62ccd
2026-05-15,2026-05-15 14:31:32,2026-05-13 08:00:00,56508a91a80bbab1,56508a91a80bbab1_diesel_regular,PD AVEIRO,PINGO DOCE,diesel_regular,Gasóleo simples,Outro,1.922,Aveiro,Aveiro,Estrada Nacional 109,Aveiro,3800-042,40.6516,-8.62083,pd aveiro,pingo doce,estrada nacional 109,"1,922 €",2026-05-15_dgeg_postos_raw.csv,9dfab20be0766d03
2026-05-15,2026-05-15 14:31:32,2026-05-13 08:00:00,56508a91a80bbab1,56508a91a80bbab1_diesel_premium,PD AVEIRO,PINGO DOCE,diesel_premium,Gasóleo especial,Outro,2.224,Aveiro,Aveiro,Estrada Nacional 109,Aveiro,3800-042,40.6516,-8.62083,pd aveiro,pingo doce,estrada nacional 109,"2,224 €",2026-05-15_dgeg_postos_raw.csv,1d8d75cac6d29836
2026-05-15,2026-05-15 14:31:32,2026-05-13 08:00:00,56508a91a80bbab1,56508a91a80bbab1_gasoline_95,PD AVEIRO,PINGO DOCE,gasoline_95,Gasolina simples 95,Outro,1.937,Aveiro,Aveiro,Estrada Nacional 109,Aveiro,3800-042,40.6516,-8.62083,pd aveiro,pingo doce,estrada nacional 109,"1,937 €",2026-05-15_dgeg_postos_raw.csv,73bc7116c27d4183
2026-05-15,2026-05-15 14:31:32,2026-05-13 08:00:00,56508a91a80bbab1,56508a91a80bbab1_gasoline_98,PD AVEIRO,PINGO DOCE,gasoline_98,Gasolina especial 98,Outro,2.299,Aveiro,Aveiro,Estrada Nacional 109,Aveiro,3800-042,40.6516,-8.62083,pd aveiro,pingo doce,estrada nacional 109,"2,299 €",2026-05-15_dgeg_postos_raw.csv,adeabb1fb2b09ca3
2026-05-15,2026-05-15 14:31:32,2026-05-13 08:15:00,fc1a2824db60e6bc,fc1a2824db60e6bc_diesel_regular,Intermarché Olhão,INTERMARCHÉ,diesel_regular,Gasóleo simples,Outro,1.899,Olhão,Faro,Rua Calouste Gulbenkian,Olhão - Quelfes,8700-221,37.03164,-7.83338,intermarché olhão,intermarché,rua calouste gulbenkian,"1,899 €",2026-05-15_dgeg_postos_raw.csv,f4fc750e781f1f2a
2026-05-15,2026-05-15 14:31:32,2026-05-13 08:15:00,fc1a2824db60e6bc,fc1a2824db60e6bc_gasoline_95,Intermarché Olhão,INTERMARCHÉ,gasoline_95,Gasolina simples 95,Outro,1.909,Olhão,Faro,Rua Calouste Gulbenkian,Olhão - Quelfes,8700-221,37.03164,-7.83338,intermarché olhão,intermarché,rua calouste gulbenkian,"1,909 €",2026-05-15_dgeg_postos_raw.csv,5bad2b9c1e0c8dd3
2026-05-15,2026-05-15 14:31:32,2026-05-13 08:30:00,4efe196a2663fa97,4efe196a2663fa97_diesel_premium,GALP Castelo Branco Av. de Espanha,GALP,diesel_premium,Gasóleo especial,Outro,2.049,Castelo Branco,Castelo Branco,"Estrada Nacional 233, Km 108.2 - Cruz de Montalvão",Castelo Branco,6000-082,39.831863,-7.480762,galp castelo branco av. de espanha,galp,"estrada nacional 233, km 108.2 - cruz de montalvão","2,049 €",2026-05-15_dgeg_postos_raw.csv,064b67d5810c8d86
2026-05-15,2026-05-15 14:31:32,2026-05-13 08:30:00,4efe196a2663fa97,4efe196a2663fa97_diesel_regular,GALP Castelo Branco Av. de Espanha,GALP,diesel_regular,Gasóleo simples,Outro,1.999,Castelo Branco,Castelo Branco,"Estrada Nacional 233, Km 108.2 - Cruz de Montalvão",Castelo Branco,6000-082,39.831863,-7.480762,galp castelo branco av. de espanha,galp,"estrada nacional 233, km 108.2 - cruz de montalvão","1,999 €",2026-05-15_dgeg_postos_raw.csv,22bdf447f88d466e
2026-05-15,2026-05-15 14:31:32,2026-05-13 08:30:00,4efe196a2663fa97,4efe196a2663fa97_gasoline_95,GALP Castelo Branco Av. de Espanha,GALP,gasoline_95,Gasolina simples 95,Outro,2.002,Castelo Branco,Castelo Branco,"Estrada Nacional 233, Km 108.2 - Cruz de Montalvão",Castelo Branco,6000-082,39.831863,-7.480762,galp castelo branco av. de espanha,galp,"estrada nacional 233, km 108.2 - cruz de montalvão","2,002 €",2026-05-15_dgeg_postos_raw.csv,dca777518c98a76f
2026-05-15,2026-05-15 14:31:32,2026-05-13 08:30:00,208bab2eb20c3b22,208bab2eb20c3b22_diesel_regular,GALP Montalvão,GALP,diesel_regular,Gasóleo simples,Outro,1.999,Castelo Branco,Castelo Branco,Av. Infante de Sagres,Castelo Branco,6000-082,39.81659,-7.50138,galp montalvão,galp,av. infante de sagres,"1,999 €",2026-05-15_dgeg_postos_raw.csv,08f45b991d49a1f1
2026-05-15,2026-05-15 14:31:32,2026-05-13 08:30:00,208bab2eb20c3b22,208bab2eb20c3b22_diesel_premium,GALP Montalvão,GALP,diesel_premium,Gasóleo especial,Outro,2.049,Castelo Branco,Castelo Branco,Av. Infante de Sagres,Castelo Branco,6000-082,39.81659,-7.50138,galp montalvão,galp,av. infante de sagres,"2,049 €",2026-05-15_dgeg_postos_raw.csv,63d24b0e410a1563
2026-05-15,2026-05-15 14:31:32,2026-05-13 08:30:00,208bab2eb20c3b22,208bab2eb20c3b22_gasoline_95,GALP Montalvão,GALP,gasoline_95,Gasolina simples 95,Outro,2.002,Castelo Branco,Castelo Branco,Av. Infante de Sagres,Castelo Branco,6000-082,39.81659,-7.50138,galp montalvão,galp,av. infante de sagres,"2,002 €",2026-05-15_dgeg_postos_raw.csv,463a5bda95c4f7d8
2026-05-15,2026-05-15 14:31:32,2026-05-13 08:30:00,208bab2eb20c3b22,208bab2eb20c3b22_gasoline_98,GALP Montalvão,GALP,gasoline_98,Gasolina especial 98,Outro,2.212,Castelo Branco,Castelo Branco,Av. Infante de Sagres,Castelo Branco,6000-082,39.81659,-7.50138,galp montalvão,galp,av. infante de sagres,"2,212 €",2026-05-15_dgeg_postos_raw.csv,1c0969130683495b
2026-05-15,2026-05-15 14:31:32,2026-05-13 08:35:00,cc627ac9cc65916d,cc627ac9cc65916d_diesel_regular,COPARI- COOPERATIVA DOS PRODUTORES AGRICOLAS DE RIBEIRADIO CRL,GALP,diesel_regular,Gasóleo simples,Outro,1.999,Oliveira de Frades,Viseu,QUINTA DO LADARIO,Quinta Ladario,3680-232,40.73332,-8.300371,copari- cooperativa dos produtores agricolas de ribeiradio crl,galp,quinta do ladario,"1,999 €",2026-05-15_dgeg_postos_raw.csv,13cb8c06409e1d63
2026-05-15,2026-05-15 14:31:32,2026-05-13 08:50:00,20bd948e82a42994,20bd948e82a42994_diesel_regular,LVCR-Combustiveis - PA LVCR Fragoso,Genérico,diesel_regular,Gasóleo simples,Outro,2.099,Barcelos,Braga,Rua Santa Isabel nº 639,Fragoso,4905-106,41.61488,-8.717065,lvcr-combustiveis - pa lvcr fragoso,genérico,rua santa isabel nº 639,"2,099 €",2026-05-15_dgeg_postos_raw.csv,e446064d33f6207d
2026-05-15,2026-05-15 14:31:32,2026-05-13 08:50:00,20bd948e82a42994,20bd948e82a42994_gasoline_95,LVCR-Combustiveis - PA LVCR Fragoso,Genérico,gasoline_95,Gasolina simples 95,Outro,2.099,Barcelos,Braga,Rua Santa Isabel nº 639,Fragoso,4905-106,41.61488,-8.717065,lvcr-combustiveis - pa lvcr fragoso,genérico,rua santa isabel nº 639,"2,099 €",2026-05-15_dgeg_postos_raw.csv,64657eac48244ce7
2026-05-15,2026-05-15 14:31:32,2026-05-13 08:50:00,20bd948e82a42994,20bd948e82a42994_gasoline_98,LVCR-Combustiveis - PA LVCR Fragoso,Genérico,gasoline_98,Gasolina especial 98,Outro,2.199,Barcelos,Braga,Rua Santa Isabel nº 639,Fragoso,4905-106,41.61488,-8.717065,lvcr-combustiveis - pa lvcr fragoso,genérico,rua santa isabel nº 639,"2,199 €",2026-05-15_dgeg_postos_raw.csv,600261ac8966a3f6
2026-05-15,2026-05-15 14:31:32,2026-05-13 08:50:00,83f74ab6ce75ed10,83f74ab6ce75ed10_diesel_regular,ASA Combustiveis & Lubrificantes,GALP,diesel_regular,Gasóleo simples,Outro,2.019,Sertã,Castelo Branco,"Paque Industrial, Lote 15Ap. 10",Sertã,6104-909,39.81495,-8.10892,asa combustiveis & lubrificantes,galp,"paque industrial, lote 15ap. 10","2,019 €",2026-05-15_dgeg_postos_raw.csv,e5f1753a6aeb59fa
2026-05-15,2026-05-15 14:31:32,2026-05-13 08:50:00,83f74ab6ce75ed10,83f74ab6ce75ed10_diesel_premium,ASA Combustiveis & Lubrificantes,GALP,diesel_premium,Gasóleo especial,Outro,2.069,Sertã,Castelo Branco,"Paque Industrial, Lote 15Ap. 10",Sertã,6104-909,39.81495,-8.10892,asa combustiveis & lubrificantes,galp,"paque industrial, lote 15ap. 10","2,069 €",2026-05-15_dgeg_postos_raw.csv,5711953c6da57364
2026-05-15,2026-05-15 14:31:32,2026-05-13 08:50:00,83f74ab6ce75ed10,83f74ab6ce75ed10_gasoline_95,ASA Combustiveis & Lubrificantes,GALP,gasoline_95,Gasolina simples 95,Outro,2.017,Sertã,Castelo Branco,"Paque Industrial, Lote 15Ap. 10",Sertã,6104-909,39.81495,-8.10892,asa combustiveis & lubrificantes,galp,"paque industrial, lote 15ap. 10","2,017 €",2026-05-15_dgeg_postos_raw.csv,d655aa60a0a162a8
2026-05-15,2026-05-15 14:31:32,2026-05-13 09:00:00,9fa45808b1116a05,9fa45808b1116a05_diesel_regular,Intermarché Vila Flor,INTERMARCHÉ,diesel_regular,Gasóleo simples,Outro,1.909,Vila Flor,Bragança,Lugar dos Caseirões,Vila Flor,5360-305,41.310218,-7.163259,intermarché vila flor,intermarché,lugar dos caseirões,"1,909 €",2026-05-15_dgeg_postos_raw.csv,eea814381487d34a
2026-05-15,2026-05-15 14:31:32,2026-05-13 09:00:00,9fa45808b1116a05,9fa45808b1116a05_gasoline_95,Intermarché Vila Flor,INTERMARCHÉ,gasoline_95,Gasolina simples 95,Outro,1.889,Vila Flor,Bragança,Lugar dos Caseirões,Vila Flor,5360-305,41.310218,-7.163259,intermarché vila flor,intermarché,lugar dos caseirões,"1,889 €",2026-05-15_dgeg_postos_raw.csv,a1d11acb11cd1fb8
2026-05-15,2026-05-15 14:31:32,2026-05-13 09:10:00,99d600b08976ea29,99d600b08976ea29_diesel_regular,GALP Estrada de Mira - POSIÇÃO 11821,GALP,diesel_regular,Gasóleo simples,Outro,2.035,Figueira da Foz,Coimbra,"EN 109, Km 117,250 - Estrada de Mira - Casal da Robala",Casal da Robala,3080-026,40.1559,-8.843305,galp estrada de mira - posição 11821,galp,"en 109, km 117,250 - estrada de mira - casal da robala","2,035 €",2026-05-15_dgeg_postos_raw.csv,cc66e5b499725418
2026-05-15,2026-05-15 14:31:32,2026-05-13 09:10:00,99d600b08976ea29,99d600b08976ea29_diesel_premium,GALP Estrada de Mira - POSIÇÃO 11821,GALP,diesel_premium,Gasóleo especial,Outro,2.085,Figueira da Foz,Coimbra,"EN 109, Km 117,250 - Estrada de Mira - Casal da Robala",Casal da Robala,3080-026,40.1559,-8.843305,galp estrada de mira - posição 11821,galp,"en 109, km 117,250 - estrada de mira - casal da robala","2,085 €",2026-05-15_dgeg_postos_raw.csv,1f323a7449cb074c
2026-05-15,2026-05-15 14:31:32,2026-05-13 09:10:00,99d600b08976ea29,99d600b08976ea29_gasoline_95,GALP Estrada de Mira - POSIÇÃO 11821,GALP,gasoline_95,Gasolina simples 95,Outro,2.031,Figueira da Foz,Coimbra,"EN 109, Km 117,250 - Estrada de Mira - Casal da Robala",Casal da Robala,3080-026,40.1559,-8.843305,galp estrada de mira - posição 11821,galp,"en 109, km 117,250 - estrada de mira - casal da robala","2,031 €",2026-05-15_dgeg_postos_raw.csv,f5fc55a7d8d9910f
2026-05-15,2026-05-15 14:31:32,2026-05-13 09:10:00,87f3c8d4ac074b20,87f3c8d4ac074b20_diesel_regular,E.S. TAVIRA,REPSOL,diesel_regular,Gasóleo simples,Outro,2.029,Tavira,Faro,Rua das Salinas,Tavira,8800-201,37.12401,-7.6454,e.s. tavira,repsol,rua das salinas,"2,029 €",2026-05-15_dgeg_postos_raw.csv,43ba687741f1b3b6
2026-05-15,2026-05-15 14:31:32,2026-05-13 09:10:00,87f3c8d4ac074b20,87f3c8d4ac074b20_diesel_premium,E.S. TAVIRA,REPSOL,diesel_premium,Gasóleo especial,Outro,2.089,Tavira,Faro,Rua das Salinas,Tavira,8800-201,37.12401,-7.6454,e.s. tavira,repsol,rua das salinas,"2,089 €",2026-05-15_dgeg_postos_raw.csv,4874c6772766607f
2026-05-15,2026-05-15 14:31:32,2026-05-13 09:10:00,87f3c8d4ac074b20,87f3c8d4ac074b20_gasoline_95,E.S. TAVIRA,REPSOL,gasoline_95,Gasolina simples 95,Outro,2.019,Tavira,Faro,Rua das Salinas,Tavira,8800-201,37.12401,-7.6454,e.s. tavira,repsol,rua das salinas,"2,019 €",2026-05-15_dgeg_postos_raw.csv,215173ff1f7172c2
2026-05-15,2026-05-15 14:31:32,2026-05-13 09:10:00,013ea2e1925fc44d,013ea2e1925fc44d_diesel_regular,AUTO MOURA - Posto GALP Portagens Valongo,GALP,diesel_regular,Gasóleo simples,Outro,2.019,Valongo,Porto,Rua Vale de Achas,Valongo,4440-804,41.19226,-8.50446,auto moura - posto galp portagens valongo,galp,rua vale de achas,"2,019 €",2026-05-15_dgeg_postos_raw.csv,d17ff83715152c50
2026-05-15,2026-05-15 14:31:32,2026-05-13 09:10:00,013ea2e1925fc44d,013ea2e1925fc44d_diesel_premium,AUTO MOURA - Posto GALP Portagens Valongo,GALP,diesel_premium,Gasóleo especial,Outro,2.069,Valongo,Porto,Rua Vale de Achas,Valongo,4440-804,41.19226,-8.50446,auto moura - posto galp portagens valongo,galp,rua vale de achas,"2,069 €",2026-05-15_dgeg_postos_raw.csv,e695791b9ef07cc9
2026-05-15,2026-05-15 14:31:32,2026-05-13 09:10:00,013ea2e1925fc44d,013ea2e1925fc44d_gasoline_95,AUTO MOURA - Posto GALP Portagens Valongo,GALP,gasoline_95,Gasolina simples 95,Outro,2.017,Valongo,Porto,Rua Vale de Achas,Valongo,4440-804,41.19226,-8.50446,auto moura - posto galp portagens valongo,galp,rua vale de achas,"2,017 €",2026-05-15_dgeg_postos_raw.csv,c0371e29c1151bc6
2026-05-15,2026-05-15 14:31:32,2026-05-13 09:10:00,013ea2e1925fc44d,013ea2e1925fc44d_gasoline_98,AUTO MOURA - Posto GALP Portagens Valongo,GALP,gasoline_98,Gasolina especial 98,Outro,2.227,Valongo,Porto,Rua Vale de Achas,Valongo,4440-804,41.19226,-8.50446,auto moura - posto galp portagens valongo,galp,rua vale de achas,"2,227 €",2026-05-15_dgeg_postos_raw.csv,077131dfaafbf393
2026-05-15,2026-05-15 14:31:32,2026-05-13 09:10:00,8a8d8533a8473ca1,8a8d8533a8473ca1_diesel_regular,AUTO MOURA Posto de Abastecimento GALP Carvalhosa,GALP,diesel_regular,Gasóleo simples,Outro,2.029,Paços de Ferreira,Porto,"Rua Nª Srª do Rosário,197 (EN 209)",Carvalhosa,4590-055,41.29194,-8.37853,auto moura posto de abastecimento galp carvalhosa,galp,"rua nª srª do rosário,197 (en 209)","2,029 €",2026-05-15_dgeg_postos_raw.csv,b9bf9452a99b879d
2026-05-15,2026-05-15 14:31:32,2026-05-13 09:10:00,8a8d8533a8473ca1,8a8d8533a8473ca1_diesel_premium,AUTO MOURA Posto de Abastecimento GALP Carvalhosa,GALP,diesel_premium,Gasóleo especial,Outro,2.079,Paços de Ferreira,Porto,"Rua Nª Srª do Rosário,197 (EN 209)",Carvalhosa,4590-055,41.29194,-8.37853,auto moura posto de abastecimento galp carvalhosa,galp,"rua nª srª do rosário,197 (en 209)","2,079 €",2026-05-15_dgeg_postos_raw.csv,42b1d02affe5bcad
2026-05-15,2026-05-15 14:31:32,2026-05-13 09:10:00,8a8d8533a8473ca1,8a8d8533a8473ca1_gasoline_95,AUTO MOURA Posto de Abastecimento GALP Carvalhosa,GALP,gasoline_95,Gasolina simples 95,Outro,2.026,Paços de Ferreira,Porto,"Rua Nª Srª do Rosário,197 (EN 209)",Carvalhosa,4590-055,41.29194,-8.37853,auto moura posto de abastecimento galp carvalhosa,galp,"rua nª srª do rosário,197 (en 209)","2,026 €",2026-05-15_dgeg_postos_raw.csv,cdb85735c413f6af
2026-05-15,2026-05-15 14:31:32,2026-05-13 09:10:00,8a8d8533a8473ca1,8a8d8533a8473ca1_gasoline_98,AUTO MOURA Posto de Abastecimento GALP Carvalhosa,GALP,gasoline_98,Gasolina especial 98,Outro,2.236,Paços de Ferreira,Porto,"Rua Nª Srª do Rosário,197 (EN 209)",Carvalhosa,4590-055,41.29194,-8.37853,auto moura posto de abastecimento galp carvalhosa,galp,"rua nª srª do rosário,197 (en 209)","2,236 €",2026-05-15_dgeg_postos_raw.csv,764c20b3800c9ea0
2026-05-15,2026-05-15 14:31:32,2026-05-13 09:15:00,c96355c5e15a8d6a,c96355c5e15a8d6a_diesel_regular,GALP TOMEIFEL,GALP,diesel_regular,Gasóleo simples,Outro,2.079,Peso da Régua,Vila Real,Av. Tondela,Godim,5050-059,41.167633,-7.79733,galp tomeifel,galp,av. tondela,"2,079 €",2026-05-15_dgeg_postos_raw.csv,22b2c6f8efa059f7
2026-05-15,2026-05-15 14:31:32,2026-05-13 09:15:00,c96355c5e15a8d6a,c96355c5e15a8d6a_diesel_premium,GALP TOMEIFEL,GALP,diesel_premium,Gasóleo especial,Outro,2.129,Peso da Régua,Vila Real,Av. Tondela,Godim,5050-059,41.167633,-7.79733,galp tomeifel,galp,av. tondela,"2,129 €",2026-05-15_dgeg_postos_raw.csv,464dedc3ac054d50
2026-05-15,2026-05-15 14:31:32,2026-05-13 09:15:00,c96355c5e15a8d6a,c96355c5e15a8d6a_gasoline_95,GALP TOMEIFEL,GALP,gasoline_95,Gasolina simples 95,Outro,2.072,Peso da Régua,Vila Real,Av. Tondela,Godim,5050-059,41.167633,-7.79733,galp tomeifel,galp,av. tondela,"2,072 €",2026-05-15_dgeg_postos_raw.csv,7574c91f65977ec5
2026-05-15,2026-05-15 14:31:32,2026-05-13 09:15:00,f5ca8f03137b1f96,f5ca8f03137b1f96_diesel_regular,"IBEROCOMBUSTIVEIS, LDA",GALP,diesel_regular,Gasóleo simples,Outro,2.035,Tavira,Faro,Rua Borda D'Água Aguiar nº 13,Tavira,8800-326,37.126527,-7.647005,"iberocombustiveis, lda",galp,rua borda d'água aguiar nº 13,"2,035 €",2026-05-15_dgeg_postos_raw.csv,6cfdc706fe60ca75
2026-05-15,2026-05-15 14:31:32,2026-05-13 09:15:00,f5ca8f03137b1f96,f5ca8f03137b1f96_diesel_premium,"IBEROCOMBUSTIVEIS, LDA",GALP,diesel_premium,Gasóleo especial,Outro,2.085,Tavira,Faro,Rua Borda D'Água Aguiar nº 13,Tavira,8800-326,37.126527,-7.647005,"iberocombustiveis, lda",galp,rua borda d'água aguiar nº 13,"2,085 €",2026-05-15_dgeg_postos_raw.csv,38b0bcf61387bc74
2026-05-15,2026-05-15 14:31:32,2026-05-13 09:15:00,f5ca8f03137b1f96,f5ca8f03137b1f96_gasoline_95,"IBEROCOMBUSTIVEIS, LDA",GALP,gasoline_95,Gasolina simples 95,Outro,2.031,Tavira,Faro,Rua Borda D'Água Aguiar nº 13,Tavira,8800-326,37.126527,-7.647005,"iberocombustiveis, lda",galp,rua borda d'água aguiar nº 13,"2,031 €",2026-05-15_dgeg_postos_raw.csv,33b848b8f9e2ff25
2026-05-15,2026-05-15 14:31:32,2026-05-13 09:15:00,5d86633b05e7e9c3,5d86633b05e7e9c3_diesel_regular,intermarche V.N.Foz Côa,INTERMARCHÉ,diesel_regular,Gasóleo simples,Outro,1.899,Vila Nova de Foz Côa,Guarda,"Zona Industrial, LOTE 53",Vila Nova de Foz Côa-Fontaínhas,5150-614,41.07127,-7.14089,intermarche v.n.foz côa,intermarché,"zona industrial, lote 53","1,899 €",2026-05-15_dgeg_postos_raw.csv,da8b3564be49fec9
2026-05-15,2026-05-15 14:31:32,2026-05-13 09:15:00,5d86633b05e7e9c3,5d86633b05e7e9c3_diesel_premium,intermarche V.N.Foz Côa,INTERMARCHÉ,diesel_premium,Gasóleo especial,Outro,1.949,Vila Nova de Foz Côa,Guarda,"Zona Industrial, LOTE 53",Vila Nova de Foz Côa-Fontaínhas,5150-614,41.07127,-7.14089,intermarche v.n.foz côa,intermarché,"zona industrial, lote 53","1,949 €",2026-05-15_dgeg_postos_raw.csv,2dedb1926f1330ba
2026-05-15,2026-05-15 14:31:32,2026-05-13 09:15:00,5d86633b05e7e9c3,5d86633b05e7e9c3_gasoline_95,intermarche V.N.Foz Côa,INTERMARCHÉ,gasoline_95,Gasolina simples 95,Outro,1.939,Vila Nova de Foz Côa,Guarda,"Zona Industrial, LOTE 53",Vila Nova de Foz Côa-Fontaínhas,5150-614,41.07127,-7.14089,intermarche v.n.foz côa,intermarché,"zona industrial, lote 53","1,939 €",2026-05-15_dgeg_postos_raw.csv,11dc45cb1513046a
2026-05-15,2026-05-15 14:31:32,2026-05-13 09:15:00,efa8563e77b7e7c6,efa8563e77b7e7c6_diesel_regular,GALP Marinha das Ondas (N/S) - POSIÇÃO 11674,GALP,diesel_regular,Gasóleo simples,Outro,2.079,Figueira da Foz,Coimbra,EN 109 - nº 176,Marinha das Ondas,3090-485,40.018032,-8.813965,galp marinha das ondas (n/s) - posição 11674,galp,en 109 - nº 176,"2,079 €",2026-05-15_dgeg_postos_raw.csv,1f792d32506a089a
2026-05-15,2026-05-15 14:31:32,2026-05-13 09:15:00,efa8563e77b7e7c6,efa8563e77b7e7c6_diesel_premium,GALP Marinha das Ondas (N/S) - POSIÇÃO 11674,GALP,diesel_premium,Gasóleo especial,Outro,2.129,Figueira da Foz,Coimbra,EN 109 - nº 176,Marinha das Ondas,3090-485,40.018032,-8.813965,galp marinha das ondas (n/s) - posição 11674,galp,en 109 - nº 176,"2,129 €",2026-05-15_dgeg_postos_raw.csv,b2aa64482dfb3599
2026-05-15,2026-05-15 14:31:32,2026-05-13 09:15:00,efa8563e77b7e7c6,efa8563e77b7e7c6_gasoline_95,GALP Marinha das Ondas (N/S) - POSIÇÃO 11674,GALP,gasoline_95,Gasolina simples 95,Outro,2.067,Figueira da Foz,Coimbra,EN 109 - nº 176,Marinha das Ondas,3090-485,40.018032,-8.813965,galp marinha das ondas (n/s) - posição 11674,galp,en 109 - nº 176,"2,067 €",2026-05-15_dgeg_postos_raw.csv,630508cd42cd5914
2026-05-15,2026-05-15 14:31:32,2026-05-13 09:20:00,706267977ee5945f,706267977ee5945f_diesel_regular,Galp- Celeirós,GALP,diesel_regular,Gasóleo simples,Outro,2.029,Braga,Braga,Av. Covedelo N01,Celeirós,4705-401,41.512196,-8.451928,galp- celeirós,galp,av. covedelo n01,"2,029 €",2026-05-15_dgeg_postos_raw.csv,0dbf41bdcfc696e8
2026-05-15,2026-05-15 14:31:32,2026-05-13 09:20:00,706267977ee5945f,706267977ee5945f_diesel_premium,Galp- Celeirós,GALP,diesel_premium,Gasóleo especial,Outro,2.079,Braga,Braga,Av. Covedelo N01,Celeirós,4705-401,41.512196,-8.451928,galp- celeirós,galp,av. covedelo n01,"2,079 €",2026-05-15_dgeg_postos_raw.csv,0d446995538dc97d
2026-05-15,2026-05-15 14:31:32,2026-05-13 09:20:00,706267977ee5945f,706267977ee5945f_gasoline_95,Galp- Celeirós,GALP,gasoline_95,Gasolina simples 95,Outro,2.026,Braga,Braga,Av. Covedelo N01,Celeirós,4705-401,41.512196,-8.451928,galp- celeirós,galp,av. covedelo n01,"2,026 €",2026-05-15_dgeg_postos_raw.csv,a4f0cecb789ce2b7
2026-05-15,2026-05-15 14:31:32,2026-05-13 09:20:00,b0ea878b035057f8,b0ea878b035057f8_diesel_regular,INTERMARCHÉ Torre de Moncorvo,INTERMARCHÉ,diesel_regular,Gasóleo simples,Outro,1.899,Torre de Moncorvo,Bragança,Rua Tomé Rodrigues Sobral,Torre de Moncorvo,5160-310,41.18806,-7.004531,intermarché torre de moncorvo,intermarché,rua tomé rodrigues sobral,"1,899 €",2026-05-15_dgeg_postos_raw.csv,c4b4c5c982f859ed
2026-05-15,2026-05-15 14:31:32,2026-05-13 09:20:00,b0ea878b035057f8,b0ea878b035057f8_diesel_premium,INTERMARCHÉ Torre de Moncorvo,INTERMARCHÉ,diesel_premium,Gasóleo especial,Outro,1.949,Torre de Moncorvo,Bragança,Rua Tomé Rodrigues Sobral,Torre de Moncorvo,5160-310,41.18806,-7.004531,intermarché torre de moncorvo,intermarché,rua tomé rodrigues sobral,"1,949 €",2026-05-15_dgeg_postos_raw.csv,febaaf64e28df8b3
2026-05-15,2026-05-15 14:31:32,2026-05-13 09:20:00,b0ea878b035057f8,b0ea878b035057f8_gasoline_95,INTERMARCHÉ Torre de Moncorvo,INTERMARCHÉ,gasoline_95,Gasolina simples 95,Outro,1.889,Torre de Moncorvo,Bragança,Rua Tomé Rodrigues Sobral,Torre de Moncorvo,5160-310,41.18806,-7.004531,intermarché torre de moncorvo,intermarché,rua tomé rodrigues sobral,"1,889 €",2026-05-15_dgeg_postos_raw.csv,c5e7b8b966593792
2026-05-15,2026-05-15 14:31:32,2026-05-13 09:20:00,160f355ca75bfb14,160f355ca75bfb14_diesel_regular,GALP Dume - Petro Celeirós,GALP,diesel_regular,Gasóleo simples,Outro,2.029,Braga,Braga,"EN 101 - Km 88,530 - Lugar de Cabanas - Dume",Braga,4700-048,41.56599,-8.421331,galp dume - petro celeirós,galp,"en 101 - km 88,530 - lugar de cabanas - dume","2,029 €",2026-05-15_dgeg_postos_raw.csv,193b27a77e9e1c17
2026-05-15,2026-05-15 14:31:32,2026-05-13 09:20:00,160f355ca75bfb14,160f355ca75bfb14_diesel_premium,GALP Dume - Petro Celeirós,GALP,diesel_premium,Gasóleo especial,Outro,2.079,Braga,Braga,"EN 101 - Km 88,530 - Lugar de Cabanas - Dume",Braga,4700-048,41.56599,-8.421331,galp dume - petro celeirós,galp,"en 101 - km 88,530 - lugar de cabanas - dume","2,079 €",2026-05-15_dgeg_postos_raw.csv,874a02d994fbbd39
2026-05-15,2026-05-15 14:31:32,2026-05-13 09:20:00,160f355ca75bfb14,160f355ca75bfb14_gasoline_95,GALP Dume - Petro Celeirós,GALP,gasoline_95,Gasolina simples 95,Outro,2.026,Braga,Braga,"EN 101 - Km 88,530 - Lugar de Cabanas - Dume",Braga,4700-048,41.56599,-8.421331,galp dume - petro celeirós,galp,"en 101 - km 88,530 - lugar de cabanas - dume","2,026 €",2026-05-15_dgeg_postos_raw.csv,deff6808e21f65c2
2026-05-15,2026-05-15 14:31:32,2026-05-13 09:20:00,0bd8d5f6d51c0b60,0bd8d5f6d51c0b60_diesel_regular,AUCHAN Alfragide,AUCHAN,diesel_regular,Gasóleo simples,Outro,1.939,Oeiras,Lisboa,Rua da Quinta do Salrego (Rua Henrique Mendes) -  Lote 12 - Portela de Carnaxide,Carnaxide,2790-144,38.731133,-9.226119,auchan alfragide,auchan,rua da quinta do salrego (rua henrique mendes) - lote 12 - portela de carnaxide,"1,939 €",2026-05-15_dgeg_postos_raw.csv,c164265c01583f39
2026-05-15,2026-05-15 14:31:32,2026-05-13 09:20:00,0bd8d5f6d51c0b60,0bd8d5f6d51c0b60_diesel_premium,AUCHAN Alfragide,AUCHAN,diesel_premium,Gasóleo especial,Outro,1.959,Oeiras,Lisboa,Rua da Quinta do Salrego (Rua Henrique Mendes) -  Lote 12 - Portela de Carnaxide,Carnaxide,2790-144,38.731133,-9.226119,auchan alfragide,auchan,rua da quinta do salrego (rua henrique mendes) - lote 12 - portela de carnaxide,"1,959 €",2026-05-15_dgeg_postos_raw.csv,38a0cbd979e1ab87
2026-05-15,2026-05-15 14:31:32,2026-05-13 09:20:00,0bd8d5f6d51c0b60,0bd8d5f6d51c0b60_gasoline_95,AUCHAN Alfragide,AUCHAN,gasoline_95,Gasolina simples 95,Outro,1.959,Oeiras,Lisboa,Rua da Quinta do Salrego (Rua Henrique Mendes) -  Lote 12 - Portela de Carnaxide,Carnaxide,2790-144,38.731133,-9.226119,auchan alfragide,auchan,rua da quinta do salrego (rua henrique mendes) - lote 12 - portela de carnaxide,"1,959 €",2026-05-15_dgeg_postos_raw.csv,6567ce5e5c94851d
2026-05-15,2026-05-15 14:31:32,2026-05-13 09:25:00,a6b60804396d802d,a6b60804396d802d_diesel_regular,AUCHAN Alverca,AUCHAN,diesel_regular,Gasóleo simples,Outro,1.919,Vila Franca de Xira,Lisboa,Qta. Drogas da Verdelha E.N.10,Alverca do Ribatejo,2615-170,38.888622,-9.041957,auchan alverca,auchan,qta. drogas da verdelha e.n.10,"1,919 €",2026-05-15_dgeg_postos_raw.csv,ee29d5bff98a9adf
2026-05-15,2026-05-15 14:31:32,2026-05-13 09:25:00,a6b60804396d802d,a6b60804396d802d_diesel_premium,AUCHAN Alverca,AUCHAN,diesel_premium,Gasóleo especial,Outro,1.939,Vila Franca de Xira,Lisboa,Qta. Drogas da Verdelha E.N.10,Alverca do Ribatejo,2615-170,38.888622,-9.041957,auchan alverca,auchan,qta. drogas da verdelha e.n.10,"1,939 €",2026-05-15_dgeg_postos_raw.csv,d02a23d47a985249
2026-05-15,2026-05-15 14:31:32,2026-05-13 09:25:00,a6b60804396d802d,a6b60804396d802d_gasoline_95,AUCHAN Alverca,AUCHAN,gasoline_95,Gasolina simples 95,Outro,1.939,Vila Franca de Xira,Lisboa,Qta. Drogas da Verdelha E.N.10,Alverca do Ribatejo,2615-170,38.888622,-9.041957,auchan alverca,auchan,qta. drogas da verdelha e.n.10,"1,939 €",2026-05-15_dgeg_postos_raw.csv,807a3d7a1a4d0192
2026-05-15,2026-05-15 14:31:32,2026-05-13 09:25:00,c58e60b41acea0bb,c58e60b41acea0bb_diesel_regular,AUCHAN Aveiro,AUCHAN,diesel_regular,Gasóleo simples,Outro,1.989,Aveiro,Aveiro,E.N. 109 - Centro Comercial Glicinias -  Aradas,Oliveirinha,3810-902,40.627163,-8.646487,auchan aveiro,auchan,e.n. 109 - centro comercial glicinias - aradas,"1,989 €",2026-05-15_dgeg_postos_raw.csv,fc964aae355ea090
2026-05-15,2026-05-15 14:31:32,2026-05-13 09:25:00,c58e60b41acea0bb,c58e60b41acea0bb_diesel_premium,AUCHAN Aveiro,AUCHAN,diesel_premium,Gasóleo especial,Outro,2.009,Aveiro,Aveiro,E.N. 109 - Centro Comercial Glicinias -  Aradas,Oliveirinha,3810-902,40.627163,-8.646487,auchan aveiro,auchan,e.n. 109 - centro comercial glicinias - aradas,"2,009 €",2026-05-15_dgeg_postos_raw.csv,2b42637248f3f156
2026-05-15,2026-05-15 14:31:32,2026-05-13 09:25:00,c58e60b41acea0bb,c58e60b41acea0bb_gasoline_95,AUCHAN Aveiro,AUCHAN,gasoline_95,Gasolina simples 95,Outro,1.949,Aveiro,Aveiro,E.N. 109 - Centro Comercial Glicinias -  Aradas,Oliveirinha,3810-902,40.627163,-8.646487,auchan aveiro,auchan,e.n. 109 - centro comercial glicinias - aradas,"1,949 €",2026-05-15_dgeg_postos_raw.csv,a9e7446b3fb1b851
2026-05-15,2026-05-15 14:31:32,2026-05-13 09:25:00,54445d566fd2bb3d,54445d566fd2bb3d_diesel_regular,Intermarché Pombal,INTERMARCHÉ,diesel_regular,Gasóleo simples,Outro,1.877,Pombal,Leiria,Várzea,Pombal,3100-389,39.92038,-8.62985,intermarché pombal,intermarché,várzea,"1,877 €",2026-05-15_dgeg_postos_raw.csv,2a9d57426120c0f0
2026-05-15,2026-05-15 14:31:32,2026-05-13 09:25:00,54445d566fd2bb3d,54445d566fd2bb3d_diesel_premium,Intermarché Pombal,INTERMARCHÉ,diesel_premium,Gasóleo especial,Outro,1.917,Pombal,Leiria,Várzea,Pombal,3100-389,39.92038,-8.62985,intermarché pombal,intermarché,várzea,"1,917 €",2026-05-15_dgeg_postos_raw.csv,bdd812ee30d018e2
2026-05-15,2026-05-15 14:31:32,2026-05-13 09:25:00,54445d566fd2bb3d,54445d566fd2bb3d_gasoline_95,Intermarché Pombal,INTERMARCHÉ,gasoline_95,Gasolina simples 95,Outro,1.864,Pombal,Leiria,Várzea,Pombal,3100-389,39.92038,-8.62985,intermarché pombal,intermarché,várzea,"1,864 €",2026-05-15_dgeg_postos_raw.csv,e88c29788e0fef22
2026-05-15,2026-05-15 14:31:32,2026-05-13 09:25:00,606d7aba5cf3cf60,606d7aba5cf3cf60_diesel_regular,AUCHAN Amadora (UBBO),AUCHAN,diesel_regular,Gasóleo simples,Outro,1.899,Amadora,Lisboa,Av Lima de Freitas Parcela A,Amadora,2650-501,38.77347,-9.216102,auchan amadora (ubbo),auchan,av lima de freitas parcela a,"1,899 €",2026-05-15_dgeg_postos_raw.csv,449f252d106da863
2026-05-15,2026-05-15 14:31:32,2026-05-13 09:25:00,606d7aba5cf3cf60,606d7aba5cf3cf60_diesel_premium,AUCHAN Amadora (UBBO),AUCHAN,diesel_premium,Gasóleo especial,Outro,1.919,Amadora,Lisboa,Av Lima de Freitas Parcela A,Amadora,2650-501,38.77347,-9.216102,auchan amadora (ubbo),auchan,av lima de freitas parcela a,"1,919 €",2026-05-15_dgeg_postos_raw.csv,63fbe24e32f86ece
2026-05-15,2026-05-15 14:31:32,2026-05-13 09:25:00,606d7aba5cf3cf60,606d7aba5cf3cf60_gasoline_95,AUCHAN Amadora (UBBO),AUCHAN,gasoline_95,Gasolina simples 95,Outro,1.899,Amadora,Lisboa,Av Lima de Freitas Parcela A,Amadora,2650-501,38.77347,-9.216102,auchan amadora (ubbo),auchan,av lima de freitas parcela a,"1,899 €",2026-05-15_dgeg_postos_raw.csv,aa92f4ca4ee75ce4
2026-05-15,2026-05-15 14:31:32,2026-05-13 09:30:00,0263b46f5afe2a47,0263b46f5afe2a47_diesel_regular,AUCHAN Canidelo,AUCHAN,diesel_regular,Gasóleo simples,Outro,1.899,Vila Nova de Gaia,Porto,"Rua do Emissor, 236-238 Canidelo",Vila Nova de Gaia,4400-436,41.130836,-8.646461,auchan canidelo,auchan,"rua do emissor, 236-238 canidelo","1,899 €",2026-05-15_dgeg_postos_raw.csv,0bcc825f17229107
2026-05-15,2026-05-15 14:31:32,2026-05-13 09:30:00,0263b46f5afe2a47,0263b46f5afe2a47_diesel_premium,AUCHAN Canidelo,AUCHAN,diesel_premium,Gasóleo especial,Outro,1.929,Vila Nova de Gaia,Porto,"Rua do Emissor, 236-238 Canidelo",Vila Nova de Gaia,4400-436,41.130836,-8.646461,auchan canidelo,auchan,"rua do emissor, 236-238 canidelo","1,929 €",2026-05-15_dgeg_postos_raw.csv,269398b3f33e3225
2026-05-15,2026-05-15 14:31:32,2026-05-13 09:30:00,0263b46f5afe2a47,0263b46f5afe2a47_gasoline_95,AUCHAN Canidelo,AUCHAN,gasoline_95,Gasolina simples 95,Outro,1.889,Vila Nova de Gaia,Porto,"Rua do Emissor, 236-238 Canidelo",Vila Nova de Gaia,4400-436,41.130836,-8.646461,auchan canidelo,auchan,"rua do emissor, 236-238 canidelo","1,889 €",2026-05-15_dgeg_postos_raw.csv,f3d40a115db60121
2026-05-15,2026-05-15 14:31:32,2026-05-13 09:30:00,2777bfa41f6ab657,2777bfa41f6ab657_diesel_regular,AUCHAN Cascais,AUCHAN,diesel_regular,Gasóleo simples,Outro,1.949,Cascais,Lisboa,Av. De Sintra / Cascais nº 1617,Alcabideche,2755-318,38.71596,-9.418377,auchan cascais,auchan,av. de sintra / cascais nº 1617,"1,949 €",2026-05-15_dgeg_postos_raw.csv,2f62def0e5507fc5
2026-05-15,2026-05-15 14:31:32,2026-05-13 09:30:00,2777bfa41f6ab657,2777bfa41f6ab657_diesel_premium,AUCHAN Cascais,AUCHAN,diesel_premium,Gasóleo especial,Outro,1.969,Cascais,Lisboa,Av. De Sintra / Cascais nº 1617,Alcabideche,2755-318,38.71596,-9.418377,auchan cascais,auchan,av. de sintra / cascais nº 1617,"1,969 €",2026-05-15_dgeg_postos_raw.csv,c2a6a0cd5762cce0
2026-05-15,2026-05-15 14:31:32,2026-05-13 09:30:00,2777bfa41f6ab657,2777bfa41f6ab657_gasoline_95,AUCHAN Cascais,AUCHAN,gasoline_95,Gasolina simples 95,Outro,1.939,Cascais,Lisboa,Av. De Sintra / Cascais nº 1617,Alcabideche,2755-318,38.71596,-9.418377,auchan cascais,auchan,av. de sintra / cascais nº 1617,"1,939 €",2026-05-15_dgeg_postos_raw.csv,1d6c4589524c1e91
2026-05-15,2026-05-15 14:31:32,2026-05-13 09:30:00,9d65991177c81195,9d65991177c81195_diesel_regular,AUCHAN Coimbra,AUCHAN,diesel_regular,Gasóleo simples,Outro,1.949,Coimbra,Coimbra,Rua Ferrer Correia (Estrada das Beiras),Coimbra,3030-329,40.189957,-8.401005,auchan coimbra,auchan,rua ferrer correia (estrada das beiras),"1,949 €",2026-05-15_dgeg_postos_raw.csv,f337b8f82c79f52d
2026-05-15,2026-05-15 14:31:32,2026-05-13 09:30:00,9d65991177c81195,9d65991177c81195_diesel_premium,AUCHAN Coimbra,AUCHAN,diesel_premium,Gasóleo especial,Outro,1.969,Coimbra,Coimbra,Rua Ferrer Correia (Estrada das Beiras),Coimbra,3030-329,40.189957,-8.401005,auchan coimbra,auchan,rua ferrer correia (estrada das beiras),"1,969 €",2026-05-15_dgeg_postos_raw.csv,73caea71d35b195c
2026-05-15,2026-05-15 14:31:32,2026-05-13 09:30:00,9d65991177c81195,9d65991177c81195_gasoline_95,AUCHAN Coimbra,AUCHAN,gasoline_95,Gasolina simples 95,Outro,1.939,Coimbra,Coimbra,Rua Ferrer Correia (Estrada das Beiras),Coimbra,3030-329,40.189957,-8.401005,auchan coimbra,auchan,rua ferrer correia (estrada das beiras),"1,939 €",2026-05-15_dgeg_postos_raw.csv,1b8a4c86ddff6faa
2026-05-15,2026-05-15 14:31:32,2026-05-13 09:30:00,16575532b1cd608f,16575532b1cd608f_diesel_regular,GALP Caxias Norte-Sul - Posição 11836,GALP,diesel_regular,Gasóleo simples,Outro,2.079,Oeiras,Lisboa,"EN 6-3, km 0,400",Caxias,2760-059,38.70403,-9.261762,galp caxias norte-sul - posição 11836,galp,"en 6-3, km 0,400","2,079 €",2026-05-15_dgeg_postos_raw.csv,a1ec46656612bfcb
2026-05-15,2026-05-15 14:31:32,2026-05-13 09:30:00,16575532b1cd608f,16575532b1cd608f_diesel_premium,GALP Caxias Norte-Sul - Posição 11836,GALP,diesel_premium,Gasóleo especial,Outro,2.139,Oeiras,Lisboa,"EN 6-3, km 0,400",Caxias,2760-059,38.70403,-9.261762,galp caxias norte-sul - posição 11836,galp,"en 6-3, km 0,400","2,139 €",2026-05-15_dgeg_postos_raw.csv,a0991790f3722757
2026-05-15,2026-05-15 14:31:32,2026-05-13 09:30:00,16575532b1cd608f,16575532b1cd608f_gasoline_95,GALP Caxias Norte-Sul - Posição 11836,GALP,gasoline_95,Gasolina simples 95,Outro,2.076,Oeiras,Lisboa,"EN 6-3, km 0,400",Caxias,2760-059,38.70403,-9.261762,galp caxias norte-sul - posição 11836,galp,"en 6-3, km 0,400","2,076 €",2026-05-15_dgeg_postos_raw.csv,dffad393ec62367c
2026-05-15,2026-05-15 14:31:32,2026-05-13 09:30:00,7473c3b8bd56ba27,7473c3b8bd56ba27_diesel_regular,GALP Amadora - Posição 11538,GALP,diesel_regular,Gasóleo simples,Outro,2.059,Amadora,Lisboa,E.N.117 Km 249 - Modelo Continente - Venteira,Amadora,2724-510,38.743584,-9.234634,galp amadora - posição 11538,galp,e.n.117 km 249 - modelo continente - venteira,"2,059 €",2026-05-15_dgeg_postos_raw.csv,0c1a68ecfc25e484
2026-05-15,2026-05-15 14:31:32,2026-05-13 09:30:00,7473c3b8bd56ba27,7473c3b8bd56ba27_diesel_premium,GALP Amadora - Posição 11538,GALP,diesel_premium,Gasóleo especial,Outro,2.109,Amadora,Lisboa,E.N.117 Km 249 - Modelo Continente - Venteira,Amadora,2724-510,38.743584,-9.234634,galp amadora - posição 11538,galp,e.n.117 km 249 - modelo continente - venteira,"2,109 €",2026-05-15_dgeg_postos_raw.csv,ed790175f210fc08
2026-05-15,2026-05-15 14:31:32,2026-05-13 09:30:00,7473c3b8bd56ba27,7473c3b8bd56ba27_gasoline_95,GALP Amadora - Posição 11538,GALP,gasoline_95,Gasolina simples 95,Outro,2.051,Amadora,Lisboa,E.N.117 Km 249 - Modelo Continente - Venteira,Amadora,2724-510,38.743584,-9.234634,galp amadora - posição 11538,galp,e.n.117 km 249 - modelo continente - venteira,"2,051 €",2026-05-15_dgeg_postos_raw.csv,6c6155d077de0343
2026-05-15,2026-05-15 14:31:32,2026-05-13 09:30:00,44cb4c71e451a3b0,44cb4c71e451a3b0_diesel_regular,"Posto Rainha da Feira, Lda",GALP,diesel_regular,Gasóleo simples,Outro,2.019,Santa Maria da Feira,Aveiro,Zona Industrial do Roligo,Espargo,4520-112,40.92342,-8.56923,"posto rainha da feira, lda",galp,zona industrial do roligo,"2,019 €",2026-05-15_dgeg_postos_raw.csv,5e94b458c3d14ce2
2026-05-15,2026-05-15 14:31:32,2026-05-13 09:30:00,44cb4c71e451a3b0,44cb4c71e451a3b0_diesel_premium,"Posto Rainha da Feira, Lda",GALP,diesel_premium,Gasóleo especial,Outro,2.069,Santa Maria da Feira,Aveiro,Zona Industrial do Roligo,Espargo,4520-112,40.92342,-8.56923,"posto rainha da feira, lda",galp,zona industrial do roligo,"2,069 €",2026-05-15_dgeg_postos_raw.csv,d50dd84f97089a39
2026-05-15,2026-05-15 14:31:32,2026-05-13 09:30:00,44cb4c71e451a3b0,44cb4c71e451a3b0_gasoline_95,"Posto Rainha da Feira, Lda",GALP,gasoline_95,Gasolina simples 95,Outro,2.017,Santa Maria da Feira,Aveiro,Zona Industrial do Roligo,Espargo,4520-112,40.92342,-8.56923,"posto rainha da feira, lda",galp,zona industrial do roligo,"2,017 €",2026-05-15_dgeg_postos_raw.csv,79b1501c81707885
2026-05-15,2026-05-15 14:31:32,2026-05-13 09:30:00,6df4315e6f16b1e1,6df4315e6f16b1e1_diesel_regular,AUCHAN Castelo Branco,AUCHAN,diesel_regular,Gasóleo simples,Outro,1.899,Castelo Branco,Castelo Branco,Zona Industrial Castelo Branco,Castelo Branco,6000-459,39.81447,-7.521308,auchan castelo branco,auchan,zona industrial castelo branco,"1,899 €",2026-05-15_dgeg_postos_raw.csv,e43daa11c93fd25e
2026-05-15,2026-05-15 14:31:32,2026-05-13 09:30:00,6df4315e6f16b1e1,6df4315e6f16b1e1_gasoline_95,AUCHAN Castelo Branco,AUCHAN,gasoline_95,Gasolina simples 95,Outro,1.899,Castelo Branco,Castelo Branco,Zona Industrial Castelo Branco,Castelo Branco,6000-459,39.81447,-7.521308,auchan castelo branco,auchan,zona industrial castelo branco,"1,899 €",2026-05-15_dgeg_postos_raw.csv,a45b5f24dd7cb49e
2026-05-15,2026-05-15 14:31:32,2026-05-13 09:30:00,8763b7b1cb23f95b,8763b7b1cb23f95b_diesel_regular,"Posto Galp Montijo-EQUILIBRIO & SUCESSO, LDA.",GALP,diesel_regular,Gasóleo simples,Outro,2.015,Montijo,Setúbal,Zona Industrial Pau Queimado,Montijo,2870-500,38.697109,-8.943135,"posto galp montijo-equilibrio & sucesso, lda.",galp,zona industrial pau queimado,"2,015 €",2026-05-15_dgeg_postos_raw.csv,865252eb249d2142
2026-05-15,2026-05-15 14:31:32,2026-05-13 09:30:00,8763b7b1cb23f95b,8763b7b1cb23f95b_diesel_premium,"Posto Galp Montijo-EQUILIBRIO & SUCESSO, LDA.",GALP,diesel_premium,Gasóleo especial,Outro,2.065,Montijo,Setúbal,Zona Industrial Pau Queimado,Montijo,2870-500,38.697109,-8.943135,"posto galp montijo-equilibrio & sucesso, lda.",galp,zona industrial pau queimado,"2,065 €",2026-05-15_dgeg_postos_raw.csv,20ee40ae6ba4a0ea
2026-05-15,2026-05-15 14:31:32,2026-05-13 09:30:00,8763b7b1cb23f95b,8763b7b1cb23f95b_gasoline_95,"Posto Galp Montijo-EQUILIBRIO & SUCESSO, LDA.",GALP,gasoline_95,Gasolina simples 95,Outro,2.011,Montijo,Setúbal,Zona Industrial Pau Queimado,Montijo,2870-500,38.697109,-8.943135,"posto galp montijo-equilibrio & sucesso, lda.",galp,zona industrial pau queimado,"2,011 €",2026-05-15_dgeg_postos_raw.csv,a15381e1d5fddf7d
2026-05-15,2026-05-15 14:31:32,2026-05-13 09:35:00,c27262a2b25d9585,c27262a2b25d9585_diesel_regular,GALP Caxias Sul-Norte - Posição 11837,GALP,diesel_regular,Gasóleo simples,Outro,2.079,Oeiras,Lisboa,"EN 6-3, km 0,200",Caxias,2760-059,38.702454,-9.260518,galp caxias sul-norte - posição 11837,galp,"en 6-3, km 0,200","2,079 €",2026-05-15_dgeg_postos_raw.csv,6ae6c8bcd21d6cce
2026-05-15,2026-05-15 14:31:32,2026-05-13 09:35:00,c27262a2b25d9585,c27262a2b25d9585_diesel_premium,GALP Caxias Sul-Norte - Posição 11837,GALP,diesel_premium,Gasóleo especial,Outro,2.139,Oeiras,Lisboa,"EN 6-3, km 0,200",Caxias,2760-059,38.702454,-9.260518,galp caxias sul-norte - posição 11837,galp,"en 6-3, km 0,200","2,139 €",2026-05-15_dgeg_postos_raw.csv,a31289324a57c846
2026-05-15,2026-05-15 14:31:32,2026-05-13 09:35:00,c27262a2b25d9585,c27262a2b25d9585_gasoline_95,GALP Caxias Sul-Norte - Posição 11837,GALP,gasoline_95,Gasolina simples 95,Outro,2.076,Oeiras,Lisboa,"EN 6-3, km 0,200",Caxias,2760-059,38.702454,-9.260518,galp caxias sul-norte - posição 11837,galp,"en 6-3, km 0,200","2,076 €",2026-05-15_dgeg_postos_raw.csv,89d17914afb419af
2026-05-15,2026-05-15 14:31:32,2026-05-13 09:35:00,47fdd25634571a58,47fdd25634571a58_diesel_regular,"Repsol- I.S.N., Lda- Cortelha (Salir)",REPSOL,diesel_regular,Gasóleo simples,Outro,2.079,Loulé,Faro,Cortelha-Salir,Cortelha,8100-170,37.254406,-7.955207,"repsol- i.s.n., lda- cortelha (salir)",repsol,cortelha-salir,"2,079 €",2026-05-15_dgeg_postos_raw.csv,3e3e11a52876491c
2026-05-15,2026-05-15 14:31:32,2026-05-13 09:35:00,47fdd25634571a58,47fdd25634571a58_gasoline_95,"Repsol- I.S.N., Lda- Cortelha (Salir)",REPSOL,gasoline_95,Gasolina simples 95,Outro,2.067,Loulé,Faro,Cortelha-Salir,Cortelha,8100-170,37.254406,-7.955207,"repsol- i.s.n., lda- cortelha (salir)",repsol,cortelha-salir,"2,067 €",2026-05-15_dgeg_postos_raw.csv,71396d901d9dde57
2026-05-15,2026-05-15 14:31:32,2026-05-13 09:35:00,47fdd25634571a58,47fdd25634571a58_diesel_premium,"Repsol- I.S.N., Lda- Cortelha (Salir)",REPSOL,diesel_premium,Gasóleo especial,Outro,2.114,Loulé,Faro,Cortelha-Salir,Cortelha,8100-170,37.254406,-7.955207,"repsol- i.s.n., lda- cortelha (salir)",repsol,cortelha-salir,"2,114 €",2026-05-15_dgeg_postos_raw.csv,294b0b9744ff82f7
2026-05-15,2026-05-15 14:31:32,2026-05-13 09:35:00,d62dcb5c86824933,d62dcb5c86824933_diesel_regular,AUCHAN Coina,AUCHAN,diesel_regular,Gasóleo simples,Outro,1.899,Barreiro,Setúbal,"EN 10  Km 18,5",Coina,2830-411,38.58063,-9.041657,auchan coina,auchan,"en 10 km 18,5","1,899 €",2026-05-15_dgeg_postos_raw.csv,31e0165e03cc3fb4
2026-05-15,2026-05-15 14:31:32,2026-05-13 09:35:00,d62dcb5c86824933,d62dcb5c86824933_diesel_premium,AUCHAN Coina,AUCHAN,diesel_premium,Gasóleo especial,Outro,1.929,Barreiro,Setúbal,"EN 10  Km 18,5",Coina,2830-411,38.58063,-9.041657,auchan coina,auchan,"en 10 km 18,5","1,929 €",2026-05-15_dgeg_postos_raw.csv,26ddadf0d766713a
2026-05-15,2026-05-15 14:31:32,2026-05-13 09:35:00,d62dcb5c86824933,d62dcb5c86824933_gasoline_95,AUCHAN Coina,AUCHAN,gasoline_95,Gasolina simples 95,Outro,1.989,Barreiro,Setúbal,"EN 10  Km 18,5",Coina,2830-411,38.58063,-9.041657,auchan coina,auchan,"en 10 km 18,5","1,989 €",2026-05-15_dgeg_postos_raw.csv,3549e7bcd2e5b8fe
2026-05-15,2026-05-15 14:31:32,2026-05-13 09:35:00,7d4e67a6c260075d,7d4e67a6c260075d_diesel_regular,AUCHAN Faro,AUCHAN,diesel_regular,Gasóleo simples,Outro,1.899,Faro,Faro,Av. Cidade Hayward,Faro,8000-074,37.02634,-7.916969,auchan faro,auchan,av. cidade hayward,"1,899 €",2026-05-15_dgeg_postos_raw.csv,31048411690cd2ab
2026-05-15,2026-05-15 14:31:32,2026-05-13 09:35:00,7d4e67a6c260075d,7d4e67a6c260075d_diesel_premium,AUCHAN Faro,AUCHAN,diesel_premium,Gasóleo especial,Outro,1.929,Faro,Faro,Av. Cidade Hayward,Faro,8000-074,37.02634,-7.916969,auchan faro,auchan,av. cidade hayward,"1,929 €",2026-05-15_dgeg_postos_raw.csv,7e8c3e217c332a44
2026-05-15,2026-05-15 14:31:32,2026-05-13 09:35:00,7d4e67a6c260075d,7d4e67a6c260075d_gasoline_95,AUCHAN Faro,AUCHAN,gasoline_95,Gasolina simples 95,Outro,1.909,Faro,Faro,Av. Cidade Hayward,Faro,8000-074,37.02634,-7.916969,auchan faro,auchan,av. cidade hayward,"1,909 €",2026-05-15_dgeg_postos_raw.csv,8c351f5d45eb5828
2026-05-15,2026-05-15 14:31:32,2026-05-13 09:35:00,a9ce2e8108b55e7d,a9ce2e8108b55e7d_diesel_regular,AUCHAN Eiras,AUCHAN,diesel_regular,Gasóleo simples,Outro,1.949,Coimbra,Coimbra,Ribeira de Eiras,Coimbra,3020-322,40.25461,-8.429237,auchan eiras,auchan,ribeira de eiras,"1,949 €",2026-05-15_dgeg_postos_raw.csv,302af95cca9de1d3
2026-05-15,2026-05-15 14:31:32,2026-05-13 09:35:00,a9ce2e8108b55e7d,a9ce2e8108b55e7d_diesel_premium,AUCHAN Eiras,AUCHAN,diesel_premium,Gasóleo especial,Outro,1.969,Coimbra,Coimbra,Ribeira de Eiras,Coimbra,3020-322,40.25461,-8.429237,auchan eiras,auchan,ribeira de eiras,"1,969 €",2026-05-15_dgeg_postos_raw.csv,c3f95af6cba1ed2b
2026-05-15,2026-05-15 14:31:32,2026-05-13 09:35:00,a9ce2e8108b55e7d,a9ce2e8108b55e7d_gasoline_95,AUCHAN Eiras,AUCHAN,gasoline_95,Gasolina simples 95,Outro,1.939,Coimbra,Coimbra,Ribeira de Eiras,Coimbra,3020-322,40.25461,-8.429237,auchan eiras,auchan,ribeira de eiras,"1,939 €",2026-05-15_dgeg_postos_raw.csv,693f4f214f5bd8a6
2026-05-15,2026-05-15 14:31:32,2026-05-13 09:35:00,67c8dae19ae61a5e,67c8dae19ae61a5e_diesel_regular,AUCHAN Évora,AUCHAN,diesel_regular,Gasóleo simples,Outro,1.949,Évora,Évora,"Rua Werner Siemens, Lote 9 - Zona Industrial",Évora,7005-345,38.551273,-7.905527,auchan évora,auchan,"rua werner siemens, lote 9 - zona industrial","1,949 €",2026-05-15_dgeg_postos_raw.csv,2fdb8e8de6940a17
2026-05-15,2026-05-15 14:31:32,2026-05-13 09:35:00,67c8dae19ae61a5e,67c8dae19ae61a5e_diesel_premium,AUCHAN Évora,AUCHAN,diesel_premium,Gasóleo especial,Outro,1.969,Évora,Évora,"Rua Werner Siemens, Lote 9 - Zona Industrial",Évora,7005-345,38.551273,-7.905527,auchan évora,auchan,"rua werner siemens, lote 9 - zona industrial","1,969 €",2026-05-15_dgeg_postos_raw.csv,27473c1f9afae2a0
2026-05-15,2026-05-15 14:31:32,2026-05-13 09:35:00,67c8dae19ae61a5e,67c8dae19ae61a5e_gasoline_95,AUCHAN Évora,AUCHAN,gasoline_95,Gasolina simples 95,Outro,1.929,Évora,Évora,"Rua Werner Siemens, Lote 9 - Zona Industrial",Évora,7005-345,38.551273,-7.905527,auchan évora,auchan,"rua werner siemens, lote 9 - zona industrial","1,929 €",2026-05-15_dgeg_postos_raw.csv,e861e14726558a67
2026-05-15,2026-05-15 14:31:32,2026-05-13 09:40:00,9f6e69e084b93988,9f6e69e084b93988_diesel_regular,AUCHAN Figueira da Foz,AUCHAN,diesel_regular,Gasóleo simples,Outro,1.899,Figueira da Foz,Coimbra,"Av. Dr. Francisco de Sá Carneiro, Vila Robim",Chã,3080-853,40.163612,-8.841515,auchan figueira da foz,auchan,"av. dr. francisco de sá carneiro, vila robim","1,899 €",2026-05-15_dgeg_postos_raw.csv,ee19d78f38c3d67e
2026-05-15,2026-05-15 14:31:32,2026-05-13 09:40:00,9f6e69e084b93988,9f6e69e084b93988_gasoline_95,AUCHAN Figueira da Foz,AUCHAN,gasoline_95,Gasolina simples 95,Outro,1.899,Figueira da Foz,Coimbra,"Av. Dr. Francisco de Sá Carneiro, Vila Robim",Chã,3080-853,40.163612,-8.841515,auchan figueira da foz,auchan,"av. dr. francisco de sá carneiro, vila robim","1,899 €",2026-05-15_dgeg_postos_raw.csv,8a60cad6db76de54
2026-05-15,2026-05-15 14:31:32,2026-05-13 09:40:00,3f010d8665ce2b3d,3f010d8665ce2b3d_diesel_regular,AUCHAN Gondomar I,AUCHAN,diesel_regular,Gasóleo simples,Outro,1.919,Gondomar,Porto,"Rua Exterior Circunvalação, 1730",Rio Tinto,4435-462,41.172474,-8.567009,auchan gondomar i,auchan,"rua exterior circunvalação, 1730","1,919 €",2026-05-15_dgeg_postos_raw.csv,26c1d78c91eb15e0
2026-05-15,2026-05-15 14:31:32,2026-05-13 09:40:00,3f010d8665ce2b3d,3f010d8665ce2b3d_gasoline_95,AUCHAN Gondomar I,AUCHAN,gasoline_95,Gasolina simples 95,Outro,1.909,Gondomar,Porto,"Rua Exterior Circunvalação, 1730",Rio Tinto,4435-462,41.172474,-8.567009,auchan gondomar i,auchan,"rua exterior circunvalação, 1730","1,909 €",2026-05-15_dgeg_postos_raw.csv,b4471b7ebe0c6086
2026-05-15,2026-05-15 14:31:32,2026-05-13 09:40:00,b968f1eb5d56118f,b968f1eb5d56118f_diesel_regular,AUCHAN Gondomar II - Campanhã,AUCHAN,diesel_regular,Gasóleo simples,Outro,1.919,Porto,Porto,Alameda de Cartes nº 429/485 (Mercado Abastecedor),Porto,4300-008,41.162495,-8.57551,auchan gondomar ii - campanhã,auchan,alameda de cartes nº 429/485 (mercado abastecedor),"1,919 €",2026-05-15_dgeg_postos_raw.csv,74c61fc3e17bae0a
2026-05-15,2026-05-15 14:31:32,2026-05-13 09:40:00,b968f1eb5d56118f,b968f1eb5d56118f_diesel_premium,AUCHAN Gondomar II - Campanhã,AUCHAN,diesel_premium,Gasóleo especial,Outro,1.949,Porto,Porto,Alameda de Cartes nº 429/485 (Mercado Abastecedor),Porto,4300-008,41.162495,-8.57551,auchan gondomar ii - campanhã,auchan,alameda de cartes nº 429/485 (mercado abastecedor),"1,949 €",2026-05-15_dgeg_postos_raw.csv,85ba420c5c52c838
2026-05-15,2026-05-15 14:31:32,2026-05-13 09:40:00,b968f1eb5d56118f,b968f1eb5d56118f_gasoline_95,AUCHAN Gondomar II - Campanhã,AUCHAN,gasoline_95,Gasolina simples 95,Outro,1.909,Porto,Porto,Alameda de Cartes nº 429/485 (Mercado Abastecedor),Porto,4300-008,41.162495,-8.57551,auchan gondomar ii - campanhã,auchan,alameda de cartes nº 429/485 (mercado abastecedor),"1,909 €",2026-05-15_dgeg_postos_raw.csv,eb57ce5156a7da19
2026-05-15,2026-05-15 14:31:32,2026-05-13 09:45:00,5be2c295c0a0032c,5be2c295c0a0032c_diesel_regular,AUCHAN Matosinhos,AUCHAN,diesel_regular,Gasóleo simples,Outro,1.889,Maia,Porto,"Av. Fernando Távora, nº 1570",Maia,4470-558,41.23662,-8.667163,auchan matosinhos,auchan,"av. fernando távora, nº 1570","1,889 €",2026-05-15_dgeg_postos_raw.csv,63b166024da412de
2026-05-15,2026-05-15 14:31:32,2026-05-13 09:45:00,5be2c295c0a0032c,5be2c295c0a0032c_diesel_premium,AUCHAN Matosinhos,AUCHAN,diesel_premium,Gasóleo especial,Outro,1.929,Maia,Porto,"Av. Fernando Távora, nº 1570",Maia,4470-558,41.23662,-8.667163,auchan matosinhos,auchan,"av. fernando távora, nº 1570","1,929 €",2026-05-15_dgeg_postos_raw.csv,4744770d861057ee
2026-05-15,2026-05-15 14:31:32,2026-05-13 09:45:00,5be2c295c0a0032c,5be2c295c0a0032c_gasoline_95,AUCHAN Matosinhos,AUCHAN,gasoline_95,Gasolina simples 95,Outro,1.889,Maia,Porto,"Av. Fernando Távora, nº 1570",Maia,4470-558,41.23662,-8.667163,auchan matosinhos,auchan,"av. fernando távora, nº 1570","1,889 €",2026-05-15_dgeg_postos_raw.csv,ee3f86fbf521be6d
2026-05-15,2026-05-15 14:31:32,2026-05-13 09:45:00,8c17a9eb29fbcdee,8c17a9eb29fbcdee_diesel_regular,AUCHAN Lagoa,AUCHAN,diesel_regular,Gasóleo simples,Outro,1.929,Lagoa,Faro,EN 125 - Sitio da Bemposta,Bemposta,8400-701,37.136505,-8.463485,auchan lagoa,auchan,en 125 - sitio da bemposta,"1,929 €",2026-05-15_dgeg_postos_raw.csv,f5b51d1d7cc30196
2026-05-15,2026-05-15 14:31:32,2026-05-13 09:45:00,8c17a9eb29fbcdee,8c17a9eb29fbcdee_diesel_premium,AUCHAN Lagoa,AUCHAN,diesel_premium,Gasóleo especial,Outro,1.959,Lagoa,Faro,EN 125 - Sitio da Bemposta,Bemposta,8400-701,37.136505,-8.463485,auchan lagoa,auchan,en 125 - sitio da bemposta,"1,959 €",2026-05-15_dgeg_postos_raw.csv,afd921084d833b69
2026-05-15,2026-05-15 14:31:32,2026-05-13 09:45:00,8c17a9eb29fbcdee,8c17a9eb29fbcdee_gasoline_95,AUCHAN Lagoa,AUCHAN,gasoline_95,Gasolina simples 95,Outro,1.939,Lagoa,Faro,EN 125 - Sitio da Bemposta,Bemposta,8400-701,37.136505,-8.463485,auchan lagoa,auchan,en 125 - sitio da bemposta,"1,939 €",2026-05-15_dgeg_postos_raw.csv,92ef8b430e041196
2026-05-15,2026-05-15 14:31:32,2026-05-13 09:45:00,67711fa70067441a,67711fa70067441a_diesel_regular,AUCHAN Maia,AUCHAN,diesel_regular,Gasóleo simples,Outro,1.949,Maia,Porto,"Rua Velha de Mandim, nº 67",Maia,4470-053,41.249943,-8.619664,auchan maia,auchan,"rua velha de mandim, nº 67","1,949 €",2026-05-15_dgeg_postos_raw.csv,54f784f489a7a0fb
2026-05-15,2026-05-15 14:31:32,2026-05-13 09:45:00,67711fa70067441a,67711fa70067441a_diesel_premium,AUCHAN Maia,AUCHAN,diesel_premium,Gasóleo especial,Outro,1.969,Maia,Porto,"Rua Velha de Mandim, nº 67",Maia,4470-053,41.249943,-8.619664,auchan maia,auchan,"rua velha de mandim, nº 67","1,969 €",2026-05-15_dgeg_postos_raw.csv,95a7c6c50c637fcc
2026-05-15,2026-05-15 14:31:32,2026-05-13 09:45:00,67711fa70067441a,67711fa70067441a_gasoline_95,AUCHAN Maia,AUCHAN,gasoline_95,Gasolina simples 95,Outro,1.939,Maia,Porto,"Rua Velha de Mandim, nº 67",Maia,4470-053,41.249943,-8.619664,auchan maia,auchan,"rua velha de mandim, nº 67","1,939 €",2026-05-15_dgeg_postos_raw.csv,4e61063ab6925f05
2026-05-15,2026-05-15 14:31:32,2026-05-13 09:45:00,eba1fdf1562d9af6,eba1fdf1562d9af6_diesel_regular,BP PORTO ALTO - NASCENTE,BP,diesel_regular,Gasóleo simples,Outro,2.055,Benavente,Santarém,"EN 118, Km 31, Av. Nossa Senhora Guadalupe, 51Porto Alto",Porto Alto,2135-015,38.91857,-8.88154,bp porto alto - nascente,bp,"en 118, km 31, av. nossa senhora guadalupe, 51porto alto","2,055 €",2026-05-15_dgeg_postos_raw.csv,e46c05f78a25b024
2026-05-15,2026-05-15 14:31:32,2026-05-13 09:45:00,eba1fdf1562d9af6,eba1fdf1562d9af6_diesel_premium,BP PORTO ALTO - NASCENTE,BP,diesel_premium,Gasóleo especial,Outro,2.299,Benavente,Santarém,"EN 118, Km 31, Av. Nossa Senhora Guadalupe, 51Porto Alto",Porto Alto,2135-015,38.91857,-8.88154,bp porto alto - nascente,bp,"en 118, km 31, av. nossa senhora guadalupe, 51porto alto","2,299 €",2026-05-15_dgeg_postos_raw.csv,94dd9d7d7ce240d5
2026-05-15,2026-05-15 14:31:32,2026-05-13 09:45:00,eba1fdf1562d9af6,eba1fdf1562d9af6_gasoline_95,BP PORTO ALTO - NASCENTE,BP,gasoline_95,Gasolina simples 95,Outro,2.051,Benavente,Santarém,"EN 118, Km 31, Av. Nossa Senhora Guadalupe, 51Porto Alto",Porto Alto,2135-015,38.91857,-8.88154,bp porto alto - nascente,bp,"en 118, km 31, av. nossa senhora guadalupe, 51porto alto","2,051 €",2026-05-15_dgeg_postos_raw.csv,c75941f33c2b1a31
2026-05-15,2026-05-15 14:31:32,2026-05-13 09:45:00,eba1fdf1562d9af6,eba1fdf1562d9af6_gasoline_98,BP PORTO ALTO - NASCENTE,BP,gasoline_98,Gasolina especial 98,Outro,2.299,Benavente,Santarém,"EN 118, Km 31, Av. Nossa Senhora Guadalupe, 51Porto Alto",Porto Alto,2135-015,38.91857,-8.88154,bp porto alto - nascente,bp,"en 118, km 31, av. nossa senhora guadalupe, 51porto alto","2,299 €",2026-05-15_dgeg_postos_raw.csv,4be881ff39f2b522
2026-05-15,2026-05-15 14:31:32,2026-05-13 09:45:00,1699796999713e09,1699796999713e09_diesel_regular,BP PORTO ALTO - POENTE,BP,diesel_regular,Gasóleo simples,Outro,2.055,Benavente,Santarém,"EN 118, Km 31, Av. Nossa Senhora Guadalupe, 50Porto Alto - Poente",Samora Correia,2135-015,38.918549,-8.881737,bp porto alto - poente,bp,"en 118, km 31, av. nossa senhora guadalupe, 50porto alto - poente","2,055 €",2026-05-15_dgeg_postos_raw.csv,cdc5cb35a01faff7
2026-05-15,2026-05-15 14:31:32,2026-05-13 09:45:00,1699796999713e09,1699796999713e09_diesel_premium,BP PORTO ALTO - POENTE,BP,diesel_premium,Gasóleo especial,Outro,2.299,Benavente,Santarém,"EN 118, Km 31, Av. Nossa Senhora Guadalupe, 50Porto Alto - Poente",Samora Correia,2135-015,38.918549,-8.881737,bp porto alto - poente,bp,"en 118, km 31, av. nossa senhora guadalupe, 50porto alto - poente","2,299 €",2026-05-15_dgeg_postos_raw.csv,c728697aed9e554f
2026-05-15,2026-05-15 14:31:32,2026-05-13 09:45:00,1699796999713e09,1699796999713e09_gasoline_95,BP PORTO ALTO - POENTE,BP,gasoline_95,Gasolina simples 95,Outro,2.051,Benavente,Santarém,"EN 118, Km 31, Av. Nossa Senhora Guadalupe, 50Porto Alto - Poente",Samora Correia,2135-015,38.918549,-8.881737,bp porto alto - poente,bp,"en 118, km 31, av. nossa senhora guadalupe, 50porto alto - poente","2,051 €",2026-05-15_dgeg_postos_raw.csv,b1da6ee6113affac
2026-05-15,2026-05-15 14:31:32,2026-05-13 09:45:00,1699796999713e09,1699796999713e09_gasoline_98,BP PORTO ALTO - POENTE,BP,gasoline_98,Gasolina especial 98,Outro,2.299,Benavente,Santarém,"EN 118, Km 31, Av. Nossa Senhora Guadalupe, 50Porto Alto - Poente",Samora Correia,2135-015,38.918549,-8.881737,bp porto alto - poente,bp,"en 118, km 31, av. nossa senhora guadalupe, 50porto alto - poente","2,299 €",2026-05-15_dgeg_postos_raw.csv,5bb63956e16c4a2b
2026-05-15,2026-05-15 14:31:32,2026-05-13 09:45:00,2e20b99a1cf042b5,2e20b99a1cf042b5_diesel_regular,GALP Caldas da Rainha Sul,GALP,diesel_regular,Gasóleo simples,Outro,2.035,Caldas da Rainha,Leiria,"Rua General Amílcar Mota, 58",Caldas da Rainha,2500-209,39.39062,-9.13069,galp caldas da rainha sul,galp,"rua general amílcar mota, 58","2,035 €",2026-05-15_dgeg_postos_raw.csv,725e5f6031ab755a
2026-05-15,2026-05-15 14:31:32,2026-05-13 09:45:00,2e20b99a1cf042b5,2e20b99a1cf042b5_diesel_premium,GALP Caldas da Rainha Sul,GALP,diesel_premium,Gasóleo especial,Outro,2.085,Caldas da Rainha,Leiria,"Rua General Amílcar Mota, 58",Caldas da Rainha,2500-209,39.39062,-9.13069,galp caldas da rainha sul,galp,"rua general amílcar mota, 58","2,085 €",2026-05-15_dgeg_postos_raw.csv,d64a53e954dd310a
2026-05-15,2026-05-15 14:31:32,2026-05-13 09:45:00,2e20b99a1cf042b5,2e20b99a1cf042b5_gasoline_95,GALP Caldas da Rainha Sul,GALP,gasoline_95,Gasolina simples 95,Outro,2.031,Caldas da Rainha,Leiria,"Rua General Amílcar Mota, 58",Caldas da Rainha,2500-209,39.39062,-9.13069,galp caldas da rainha sul,galp,"rua general amílcar mota, 58","2,031 €",2026-05-15_dgeg_postos_raw.csv,ff0a84f6526d6aa6
2026-05-15,2026-05-15 14:31:32,2026-05-13 09:45:00,35dba74179d63903,35dba74179d63903_diesel_regular,GALP Neiva,GALP,diesel_regular,Gasóleo simples,Outro,2.029,Viana do Castelo,Viana do Castelo,"E.N. 13 - Km 57,700 - Zona Industrial do Neiva 1ª Fase",Neiva,4935-231,41.64291,-8.770593,galp neiva,galp,"e.n. 13 - km 57,700 - zona industrial do neiva 1ª fase","2,029 €",2026-05-15_dgeg_postos_raw.csv,1a4c968656133f00
2026-05-15,2026-05-15 14:31:32,2026-05-13 09:45:00,35dba74179d63903,35dba74179d63903_gasoline_95,GALP Neiva,GALP,gasoline_95,Gasolina simples 95,Outro,2.026,Viana do Castelo,Viana do Castelo,"E.N. 13 - Km 57,700 - Zona Industrial do Neiva 1ª Fase",Neiva,4935-231,41.64291,-8.770593,galp neiva,galp,"e.n. 13 - km 57,700 - zona industrial do neiva 1ª fase","2,026 €",2026-05-15_dgeg_postos_raw.csv,32427546d7cfca0d
2026-05-15,2026-05-15 14:31:32,2026-05-13 09:45:00,35dba74179d63903,35dba74179d63903_diesel_premium,GALP Neiva,GALP,diesel_premium,Gasóleo especial,Outro,2.079,Viana do Castelo,Viana do Castelo,"E.N. 13 - Km 57,700 - Zona Industrial do Neiva 1ª Fase",Neiva,4935-231,41.64291,-8.770593,galp neiva,galp,"e.n. 13 - km 57,700 - zona industrial do neiva 1ª fase","2,079 €",2026-05-15_dgeg_postos_raw.csv,ed489809b92d15a5
2026-05-15,2026-05-15 14:31:32,2026-05-13 09:50:00,54e1268aee0ed5a1,54e1268aee0ed5a1_diesel_regular,AUCHAN Paço de Arcos,AUCHAN,diesel_regular,Gasóleo simples,Área comercial (Hipermercados),1.909,Oeiras,Lisboa,Estrada Paço de Arcos Lote 2,Paço de Arcos,2770-129,38.70494,-9.293772,auchan paço de arcos,auchan,estrada paço de arcos lote 2,"1,909 €",2026-05-15_dgeg_postos_raw.csv,2b14cbd7827b8ce7
2026-05-15,2026-05-15 14:31:32,2026-05-13 09:50:00,54e1268aee0ed5a1,54e1268aee0ed5a1_diesel_premium,AUCHAN Paço de Arcos,AUCHAN,diesel_premium,Gasóleo especial,Área comercial (Hipermercados),1.929,Oeiras,Lisboa,Estrada Paço de Arcos Lote 2,Paço de Arcos,2770-129,38.70494,-9.293772,auchan paço de arcos,auchan,estrada paço de arcos lote 2,"1,929 €",2026-05-15_dgeg_postos_raw.csv,edd969bf91f4823f
2026-05-15,2026-05-15 14:31:32,2026-05-13 09:50:00,54e1268aee0ed5a1,54e1268aee0ed5a1_gasoline_95,AUCHAN Paço de Arcos,AUCHAN,gasoline_95,Gasolina simples 95,Área comercial (Hipermercados),1.899,Oeiras,Lisboa,Estrada Paço de Arcos Lote 2,Paço de Arcos,2770-129,38.70494,-9.293772,auchan paço de arcos,auchan,estrada paço de arcos lote 2,"1,899 €",2026-05-15_dgeg_postos_raw.csv,28e059e3c9a556a6
2026-05-15,2026-05-15 14:31:32,2026-05-13 09:50:00,f0ebb5da3b1850f8,f0ebb5da3b1850f8_diesel_regular,AUCHAN Setúbal (Alegro),AUCHAN,diesel_regular,Gasóleo simples,Outro,1.979,Setúbal,Setúbal,"Rua Nova Sintra, Lote 18, Azeda",Setúbal,2910-039,38.538197,-8.878284,auchan setúbal (alegro),auchan,"rua nova sintra, lote 18, azeda","1,979 €",2026-05-15_dgeg_postos_raw.csv,90f63d1b305136a9
2026-05-15,2026-05-15 14:31:32,2026-05-13 09:50:00,f0ebb5da3b1850f8,f0ebb5da3b1850f8_diesel_premium,AUCHAN Setúbal (Alegro),AUCHAN,diesel_premium,Gasóleo especial,Outro,1.999,Setúbal,Setúbal,"Rua Nova Sintra, Lote 18, Azeda",Setúbal,2910-039,38.538197,-8.878284,auchan setúbal (alegro),auchan,"rua nova sintra, lote 18, azeda","1,999 €",2026-05-15_dgeg_postos_raw.csv,0f605c2326d5df70
2026-05-15,2026-05-15 14:31:32,2026-05-13 09:50:00,f0ebb5da3b1850f8,f0ebb5da3b1850f8_gasoline_95,AUCHAN Setúbal (Alegro),AUCHAN,gasoline_95,Gasolina simples 95,Outro,1.959,Setúbal,Setúbal,"Rua Nova Sintra, Lote 18, Azeda",Setúbal,2910-039,38.538197,-8.878284,auchan setúbal (alegro),auchan,"rua nova sintra, lote 18, azeda","1,959 €",2026-05-15_dgeg_postos_raw.csv,4b78d1aa131b80ad
2026-05-15,2026-05-15 14:31:32,2026-05-13 09:50:00,ca7beed784455e0a,ca7beed784455e0a_diesel_regular,AUCHAN Setúbal - (EN 10),AUCHAN,diesel_regular,Gasóleo simples,Outro,1.979,Setúbal,Setúbal,Rua Engº Ferreira Dias - (EN 10 Vale do Cobro),Setúbal,2910-000,38.535072,-8.862466,auchan setúbal - (en 10),auchan,rua engº ferreira dias - (en 10 vale do cobro),"1,979 €",2026-05-15_dgeg_postos_raw.csv,d1c14a1240e53c71
2026-05-15,2026-05-15 14:31:32,2026-05-13 09:50:00,ca7beed784455e0a,ca7beed784455e0a_diesel_premium,AUCHAN Setúbal - (EN 10),AUCHAN,diesel_premium,Gasóleo especial,Outro,1.999,Setúbal,Setúbal,Rua Engº Ferreira Dias - (EN 10 Vale do Cobro),Setúbal,2910-000,38.535072,-8.862466,auchan setúbal - (en 10),auchan,rua engº ferreira dias - (en 10 vale do cobro),"1,999 €",2026-05-15_dgeg_postos_raw.csv,7bef9be2dab37021
2026-05-15,2026-05-15 14:31:32,2026-05-13 09:50:00,ca7beed784455e0a,ca7beed784455e0a_gasoline_95,AUCHAN Setúbal - (EN 10),AUCHAN,gasoline_95,Gasolina simples 95,Outro,1.959,Setúbal,Setúbal,Rua Engº Ferreira Dias - (EN 10 Vale do Cobro),Setúbal,2910-000,38.535072,-8.862466,auchan setúbal - (en 10),auchan,rua engº ferreira dias - (en 10 vale do cobro),"1,959 €",2026-05-15_dgeg_postos_raw.csv,12d77afb39bb29bf
2026-05-15,2026-05-15 14:31:32,2026-05-13 09:55:00,1a639937a7ba2392,1a639937a7ba2392_diesel_regular,PA PETROZONA São João da Madeira,Genérico,diesel_regular,Gasóleo simples,Outro,1.928,São João da Madeira,Aveiro,Rua Domingos Jose de Oliveira,São João da Madeira,3700-317,40.898796,-8.477838,pa petrozona são joão da madeira,genérico,rua domingos jose de oliveira,"1,928 €",2026-05-15_dgeg_postos_raw.csv,3664b5f794e90884
2026-05-15,2026-05-15 14:31:32,2026-05-13 09:55:00,1a639937a7ba2392,1a639937a7ba2392_diesel_premium,PA PETROZONA São João da Madeira,Genérico,diesel_premium,Gasóleo especial,Outro,1.979,São João da Madeira,Aveiro,Rua Domingos Jose de Oliveira,São João da Madeira,3700-317,40.898796,-8.477838,pa petrozona são joão da madeira,genérico,rua domingos jose de oliveira,"1,979 €",2026-05-15_dgeg_postos_raw.csv,d9631cd0268489eb
2026-05-15,2026-05-15 14:31:32,2026-05-13 09:55:00,1a639937a7ba2392,1a639937a7ba2392_gasoline_95,PA PETROZONA São João da Madeira,Genérico,gasoline_95,Gasolina simples 95,Outro,1.979,São João da Madeira,Aveiro,Rua Domingos Jose de Oliveira,São João da Madeira,3700-317,40.898796,-8.477838,pa petrozona são joão da madeira,genérico,rua domingos jose de oliveira,"1,979 €",2026-05-15_dgeg_postos_raw.csv,cf0ab362210e4296
2026-05-15,2026-05-15 14:31:32,2026-05-13 09:55:00,3a24a2a853e58105,3a24a2a853e58105_diesel_regular,AUCHAN Sintra,AUCHAN,diesel_regular,Gasóleo simples,Outro,1.899,Sintra,Lisboa,Rua francisco lyon de castro,São Pedro,2710-116,38.778625,-9.345505,auchan sintra,auchan,rua francisco lyon de castro,"1,899 €",2026-05-15_dgeg_postos_raw.csv,85930d00db59bb1b
2026-05-15,2026-05-15 14:31:32,2026-05-13 09:55:00,3a24a2a853e58105,3a24a2a853e58105_diesel_premium,AUCHAN Sintra,AUCHAN,diesel_premium,Gasóleo especial,Outro,1.939,Sintra,Lisboa,Rua francisco lyon de castro,São Pedro,2710-116,38.778625,-9.345505,auchan sintra,auchan,rua francisco lyon de castro,"1,939 €",2026-05-15_dgeg_postos_raw.csv,2a5e3544a0a1cbb0
2026-05-15,2026-05-15 14:31:32,2026-05-13 09:55:00,3a24a2a853e58105,3a24a2a853e58105_gasoline_95,AUCHAN Sintra,AUCHAN,gasoline_95,Gasolina simples 95,Outro,1.899,Sintra,Lisboa,Rua francisco lyon de castro,São Pedro,2710-116,38.778625,-9.345505,auchan sintra,auchan,rua francisco lyon de castro,"1,899 €",2026-05-15_dgeg_postos_raw.csv,6974a96021c73238
2026-05-15,2026-05-15 14:31:32,2026-05-13 09:55:00,e248f94ce4bf0c1e,e248f94ce4bf0c1e_diesel_regular,AUCHAN  Vila do Conde,AUCHAN,diesel_regular,Gasóleo simples,Área comercial (Hipermercados),1.889,Vila do Conde,Porto,"Rua Aristides Sousa Mendes, Lote 2 4480-732  Vila do Conde",Vila do Conde,4480-732,41.362589,-8.744403,auchan vila do conde,auchan,"rua aristides sousa mendes, lote 2 4480-732 vila do conde","1,889 €",2026-05-15_dgeg_postos_raw.csv,8f350cc045dfab2f
2026-05-15,2026-05-15 14:31:32,2026-05-13 09:55:00,e248f94ce4bf0c1e,e248f94ce4bf0c1e_diesel_premium,AUCHAN  Vila do Conde,AUCHAN,diesel_premium,Gasóleo especial,Área comercial (Hipermercados),1.919,Vila do Conde,Porto,"Rua Aristides Sousa Mendes, Lote 2 4480-732  Vila do Conde",Vila do Conde,4480-732,41.362589,-8.744403,auchan vila do conde,auchan,"rua aristides sousa mendes, lote 2 4480-732 vila do conde","1,919 €",2026-05-15_dgeg_postos_raw.csv,bd9dc106d2eb46cf
2026-05-15,2026-05-15 14:31:32,2026-05-13 09:55:00,e248f94ce4bf0c1e,e248f94ce4bf0c1e_gasoline_95,AUCHAN  Vila do Conde,AUCHAN,gasoline_95,Gasolina simples 95,Área comercial (Hipermercados),1.879,Vila do Conde,Porto,"Rua Aristides Sousa Mendes, Lote 2 4480-732  Vila do Conde",Vila do Conde,4480-732,41.362589,-8.744403,auchan vila do conde,auchan,"rua aristides sousa mendes, lote 2 4480-732 vila do conde","1,879 €",2026-05-15_dgeg_postos_raw.csv,81ed4f95db1aee3c
2026-05-15,2026-05-15 14:31:32,2026-05-13 10:00:00,9ea09c6356c9eada,9ea09c6356c9eada_diesel_premium,GALP Sabrosa (Além da Ribeira),GALP,diesel_premium,Gasóleo especial,Outro,2.05,Tomar,Santarém,"Rua Principal nº 21 A - Sabrosa, Além da Ribeira e Pedreira",Sabrosa,2305-021,39.674023,-8.407022,galp sabrosa (além da ribeira),galp,"rua principal nº 21 a - sabrosa, além da ribeira e pedreira","2,050 €",2026-05-15_dgeg_postos_raw.csv,3a90cac2b097d6a4
2026-05-15,2026-05-15 14:31:32,2026-05-13 10:00:00,9ea09c6356c9eada,9ea09c6356c9eada_diesel_regular,GALP Sabrosa (Além da Ribeira),GALP,diesel_regular,Gasóleo simples,Outro,2.03,Tomar,Santarém,"Rua Principal nº 21 A - Sabrosa, Além da Ribeira e Pedreira",Sabrosa,2305-021,39.674023,-8.407022,galp sabrosa (além da ribeira),galp,"rua principal nº 21 a - sabrosa, além da ribeira e pedreira","2,030 €",2026-05-15_dgeg_postos_raw.csv,03ddf66cd58bd9be
2026-05-15,2026-05-15 14:31:32,2026-05-13 10:00:00,9ea09c6356c9eada,9ea09c6356c9eada_gasoline_95,GALP Sabrosa (Além da Ribeira),GALP,gasoline_95,Gasolina simples 95,Outro,1.95,Tomar,Santarém,"Rua Principal nº 21 A - Sabrosa, Além da Ribeira e Pedreira",Sabrosa,2305-021,39.674023,-8.407022,galp sabrosa (além da ribeira),galp,"rua principal nº 21 a - sabrosa, além da ribeira e pedreira","1,950 €",2026-05-15_dgeg_postos_raw.csv,6faff0d291487c81
2026-05-15,2026-05-15 14:31:32,2026-05-13 10:00:00,80483d3d33b776f3,80483d3d33b776f3_diesel_regular,"ESTAÇÃO DE SERVIÇO CENTRAL, LDA. - GALP Bonfim",GALP,diesel_regular,Gasóleo simples,Outro,2.019,Setúbal,Setúbal,Av.Rodrigues Manito,Setúbal,2900-065,38.530296,-8.892191,"estação de serviço central, lda. - galp bonfim",galp,av.rodrigues manito,"2,019 €",2026-05-15_dgeg_postos_raw.csv,23d08876aaea509d
2026-05-15,2026-05-15 14:31:32,2026-05-13 10:00:00,80483d3d33b776f3,80483d3d33b776f3_diesel_premium,"ESTAÇÃO DE SERVIÇO CENTRAL, LDA. - GALP Bonfim",GALP,diesel_premium,Gasóleo especial,Outro,2.069,Setúbal,Setúbal,Av.Rodrigues Manito,Setúbal,2900-065,38.530296,-8.892191,"estação de serviço central, lda. - galp bonfim",galp,av.rodrigues manito,"2,069 €",2026-05-15_dgeg_postos_raw.csv,7c9451dda08c15c3
2026-05-15,2026-05-15 14:31:32,2026-05-13 10:00:00,80483d3d33b776f3,80483d3d33b776f3_gasoline_95,"ESTAÇÃO DE SERVIÇO CENTRAL, LDA. - GALP Bonfim",GALP,gasoline_95,Gasolina simples 95,Outro,2.017,Setúbal,Setúbal,Av.Rodrigues Manito,Setúbal,2900-065,38.530296,-8.892191,"estação de serviço central, lda. - galp bonfim",galp,av.rodrigues manito,"2,017 €",2026-05-15_dgeg_postos_raw.csv,88deb7b44b6ed051
2026-05-15,2026-05-15 14:31:32,2026-05-13 10:00:00,80483d3d33b776f3,80483d3d33b776f3_gasoline_98,"ESTAÇÃO DE SERVIÇO CENTRAL, LDA. - GALP Bonfim",GALP,gasoline_98,Gasolina especial 98,Outro,2.227,Setúbal,Setúbal,Av.Rodrigues Manito,Setúbal,2900-065,38.530296,-8.892191,"estação de serviço central, lda. - galp bonfim",galp,av.rodrigues manito,"2,227 €",2026-05-15_dgeg_postos_raw.csv,8e13e1d21fe76bc2
2026-05-15,2026-05-15 14:31:32,2026-05-13 10:05:00,d3e2cdfd07a96409,d3e2cdfd07a96409_gasoline_98,"Garagem da Bela Vista,Lda",GALP,gasoline_98,Gasolina especial 98,Outro,2.282,Vila Franca de Xira,Lisboa,"EN 10 nº58 a 68 (km 133,28)",Póvoa de Santa Iría,2625-122,38.86256,-9.06379,"garagem da bela vista,lda",galp,"en 10 nº58 a 68 (km 133,28)","2,282 €",2026-05-15_dgeg_postos_raw.csv,3fb12bcf217063d5
2026-05-15,2026-05-15 14:31:32,2026-05-13 10:05:00,0d583826cb24455c,0d583826cb24455c_diesel_regular,Galp Avenida da Índia,GALP,diesel_regular,Gasóleo simples,Outro,2.079,Lisboa,Lisboa,Avª da Índia e Rua Fernão Mendes Pinto,Lisboa,1400-207,38.693817,-9.217662,galp avenida da índia,galp,avª da índia e rua fernão mendes pinto,"2,079 €",2026-05-15_dgeg_postos_raw.csv,5ab84aa4ab9c6699
2026-05-15,2026-05-15 14:31:32,2026-05-13 10:05:00,0d583826cb24455c,0d583826cb24455c_diesel_premium,Galp Avenida da Índia,GALP,diesel_premium,Gasóleo especial,Outro,2.139,Lisboa,Lisboa,Avª da Índia e Rua Fernão Mendes Pinto,Lisboa,1400-207,38.693817,-9.217662,galp avenida da índia,galp,avª da índia e rua fernão mendes pinto,"2,139 €",2026-05-15_dgeg_postos_raw.csv,ae26421a5256ffdf
2026-05-15,2026-05-15 14:31:32,2026-05-13 10:05:00,0d583826cb24455c,0d583826cb24455c_gasoline_95,Galp Avenida da Índia,GALP,gasoline_95,Gasolina simples 95,Outro,2.072,Lisboa,Lisboa,Avª da Índia e Rua Fernão Mendes Pinto,Lisboa,1400-207,38.693817,-9.217662,galp avenida da índia,galp,avª da índia e rua fernão mendes pinto,"2,072 €",2026-05-15_dgeg_postos_raw.csv,92f72ea4c773c886
2026-05-15,2026-05-15 14:31:32,2026-05-13 10:05:00,8a91e47b3147b3c8,8a91e47b3147b3c8_diesel_regular,GALP Póvoa de Santa Iria MSRI,GALP,diesel_regular,Gasóleo simples,Outro,2.079,Vila Franca de Xira,Lisboa,EN 10 km 133,Póvoa de Santa Iria,2625-122,38.85916,-9.067583,galp póvoa de santa iria msri,galp,en 10 km 133,"2,079 €",2026-05-15_dgeg_postos_raw.csv,b65d7142ae89ac1c
2026-05-15,2026-05-15 14:31:32,2026-05-13 10:05:00,8a91e47b3147b3c8,8a91e47b3147b3c8_diesel_premium,GALP Póvoa de Santa Iria MSRI,GALP,diesel_premium,Gasóleo especial,Outro,2.129,Vila Franca de Xira,Lisboa,EN 10 km 133,Póvoa de Santa Iria,2625-122,38.85916,-9.067583,galp póvoa de santa iria msri,galp,en 10 km 133,"2,129 €",2026-05-15_dgeg_postos_raw.csv,be037afbf0b0e062
2026-05-15,2026-05-15 14:31:32,2026-05-13 10:05:00,8a91e47b3147b3c8,8a91e47b3147b3c8_gasoline_95,GALP Póvoa de Santa Iria MSRI,GALP,gasoline_95,Gasolina simples 95,Outro,2.072,Vila Franca de Xira,Lisboa,EN 10 km 133,Póvoa de Santa Iria,2625-122,38.85916,-9.067583,galp póvoa de santa iria msri,galp,en 10 km 133,"2,072 €",2026-05-15_dgeg_postos_raw.csv,f542256b8d401082
2026-05-15,2026-05-15 14:31:32,2026-05-13 10:05:00,d3e2cdfd07a96409,d3e2cdfd07a96409_diesel_regular,"Garagem da Bela Vista,Lda",GALP,diesel_regular,Gasóleo simples,Outro,2.079,Vila Franca de Xira,Lisboa,"EN 10 nº58 a 68 (km 133,28)",Póvoa de Santa Iría,2625-122,38.86256,-9.06379,"garagem da bela vista,lda",galp,"en 10 nº58 a 68 (km 133,28)","2,079 €",2026-05-15_dgeg_postos_raw.csv,33792e571365237f
2026-05-15,2026-05-15 14:31:32,2026-05-13 10:05:00,d3e2cdfd07a96409,d3e2cdfd07a96409_diesel_premium,"Garagem da Bela Vista,Lda",GALP,diesel_premium,Gasóleo especial,Outro,2.129,Vila Franca de Xira,Lisboa,"EN 10 nº58 a 68 (km 133,28)",Póvoa de Santa Iría,2625-122,38.86256,-9.06379,"garagem da bela vista,lda",galp,"en 10 nº58 a 68 (km 133,28)","2,129 €",2026-05-15_dgeg_postos_raw.csv,e3a95eb9ce1b3ebd
2026-05-15,2026-05-15 14:31:32,2026-05-13 10:05:00,d3e2cdfd07a96409,d3e2cdfd07a96409_gasoline_95,"Garagem da Bela Vista,Lda",GALP,gasoline_95,Gasolina simples 95,Outro,2.072,Vila Franca de Xira,Lisboa,"EN 10 nº58 a 68 (km 133,28)",Póvoa de Santa Iría,2625-122,38.86256,-9.06379,"garagem da bela vista,lda",galp,"en 10 nº58 a 68 (km 133,28)","2,072 €",2026-05-15_dgeg_postos_raw.csv,fcfc69985b171380
2026-05-15,2026-05-15 14:31:32,2026-05-13 10:10:00,3eecca40a28855ba,3eecca40a28855ba_diesel_regular,Intermarché de Óbidos,INTERMARCHÉ,diesel_regular,Gasóleo simples,Outro,1.959,Óbidos,Leiria,Casal do Pedrógão,Gaeiras,2510-739,39.38938,-9.13109,intermarché de óbidos,intermarché,casal do pedrógão,"1,959 €",2026-05-15_dgeg_postos_raw.csv,c307e3f93c1014be
2026-05-15,2026-05-15 14:31:32,2026-05-13 10:10:00,3eecca40a28855ba,3eecca40a28855ba_diesel_premium,Intermarché de Óbidos,INTERMARCHÉ,diesel_premium,Gasóleo especial,Outro,2.029,Óbidos,Leiria,Casal do Pedrógão,Gaeiras,2510-739,39.38938,-9.13109,intermarché de óbidos,intermarché,casal do pedrógão,"2,029 €",2026-05-15_dgeg_postos_raw.csv,014f9b8e9f50602c
2026-05-15,2026-05-15 14:31:32,2026-05-13 10:10:00,3eecca40a28855ba,3eecca40a28855ba_gasoline_95,Intermarché de Óbidos,INTERMARCHÉ,gasoline_95,Gasolina simples 95,Outro,1.929,Óbidos,Leiria,Casal do Pedrógão,Gaeiras,2510-739,39.38938,-9.13109,intermarché de óbidos,intermarché,casal do pedrógão,"1,929 €",2026-05-15_dgeg_postos_raw.csv,636d6b83c24edd39
2026-05-15,2026-05-15 14:31:32,2026-05-13 10:10:00,1109efb710595e9b,1109efb710595e9b_diesel_regular,BP - AFONSO HENRIQUES - ARRIFANA,BP,diesel_regular,Gasóleo simples,Outro,2.079,Santa Maria da Feira,Aveiro,"E.N. 327 - Km 14,576 - R. Dom Afonso Henriques",Arrifana,3700-312,40.89677,-8.50631,bp - afonso henriques - arrifana,bp,"e.n. 327 - km 14,576 - r. dom afonso henriques","2,079 €",2026-05-15_dgeg_postos_raw.csv,7c4bb2dcaba9316f
2026-05-15,2026-05-15 14:31:32,2026-05-13 10:10:00,1109efb710595e9b,1109efb710595e9b_diesel_premium,BP - AFONSO HENRIQUES - ARRIFANA,BP,diesel_premium,Gasóleo especial,Outro,2.229,Santa Maria da Feira,Aveiro,"E.N. 327 - Km 14,576 - R. Dom Afonso Henriques",Arrifana,3700-312,40.89677,-8.50631,bp - afonso henriques - arrifana,bp,"e.n. 327 - km 14,576 - r. dom afonso henriques","2,229 €",2026-05-15_dgeg_postos_raw.csv,d8d398dd01950114
2026-05-15,2026-05-15 14:31:32,2026-05-13 10:10:00,1109efb710595e9b,1109efb710595e9b_gasoline_95,BP - AFONSO HENRIQUES - ARRIFANA,BP,gasoline_95,Gasolina simples 95,Outro,2.069,Santa Maria da Feira,Aveiro,"E.N. 327 - Km 14,576 - R. Dom Afonso Henriques",Arrifana,3700-312,40.89677,-8.50631,bp - afonso henriques - arrifana,bp,"e.n. 327 - km 14,576 - r. dom afonso henriques","2,069 €",2026-05-15_dgeg_postos_raw.csv,825202a8b1eb75e9
2026-05-15,2026-05-15 14:31:32,2026-05-13 10:10:00,82c2b87175e89e2a,82c2b87175e89e2a_diesel_regular,BP Arcozelo,BP,diesel_regular,Gasóleo simples,Outro,2.109,Vila Nova de Gaia,Porto,EN 109 Km 11,Arcozelo,4410-001,41.05745,-8.646,bp arcozelo,bp,en 109 km 11,"2,109 €",2026-05-15_dgeg_postos_raw.csv,325c30f65a9cfaff
2026-05-15,2026-05-15 14:31:32,2026-05-13 10:10:00,82c2b87175e89e2a,82c2b87175e89e2a_diesel_premium,BP Arcozelo,BP,diesel_premium,Gasóleo especial,Outro,2.229,Vila Nova de Gaia,Porto,EN 109 Km 11,Arcozelo,4410-001,41.05745,-8.646,bp arcozelo,bp,en 109 km 11,"2,229 €",2026-05-15_dgeg_postos_raw.csv,5dfef5285f82203c
2026-05-15,2026-05-15 14:31:32,2026-05-13 10:10:00,82c2b87175e89e2a,82c2b87175e89e2a_gasoline_95,BP Arcozelo,BP,gasoline_95,Gasolina simples 95,Outro,2.099,Vila Nova de Gaia,Porto,EN 109 Km 11,Arcozelo,4410-001,41.05745,-8.646,bp arcozelo,bp,en 109 km 11,"2,099 €",2026-05-15_dgeg_postos_raw.csv,9293b9ab47f93279
2026-05-15,2026-05-15 14:31:32,2026-05-13 10:10:00,82c2b87175e89e2a,82c2b87175e89e2a_gasoline_98,BP Arcozelo,BP,gasoline_98,Gasolina especial 98,Outro,2.299,Vila Nova de Gaia,Porto,EN 109 Km 11,Arcozelo,4410-001,41.05745,-8.646,bp arcozelo,bp,en 109 km 11,"2,299 €",2026-05-15_dgeg_postos_raw.csv,b8a09fcd6df2b8db
2026-05-15,2026-05-15 14:31:32,2026-05-13 10:10:00,61b3054f24ab7867,61b3054f24ab7867_diesel_regular,João R. Fernandes & Fos. Lda. - PA Galp Castanheiro de Ouro,GALP,diesel_regular,Gasóleo simples,Outro,2.069,Tarouca,Viseu,Avª Ordem de Cister,Castanheiro do Ouro,3610-103,41.031574,-7.775302,joão r. fernandes & fos. lda. - pa galp castanheiro de ouro,galp,avª ordem de cister,"2,069 €",2026-05-15_dgeg_postos_raw.csv,fc5e4669fcda8d6a
2026-05-15,2026-05-15 14:31:32,2026-05-13 10:10:00,61b3054f24ab7867,61b3054f24ab7867_diesel_premium,João R. Fernandes & Fos. Lda. - PA Galp Castanheiro de Ouro,GALP,diesel_premium,Gasóleo especial,Outro,2.129,Tarouca,Viseu,Avª Ordem de Cister,Castanheiro do Ouro,3610-103,41.031574,-7.775302,joão r. fernandes & fos. lda. - pa galp castanheiro de ouro,galp,avª ordem de cister,"2,129 €",2026-05-15_dgeg_postos_raw.csv,abf42224e06d8407
2026-05-15,2026-05-15 14:31:32,2026-05-13 10:10:00,61b3054f24ab7867,61b3054f24ab7867_gasoline_95,João R. Fernandes & Fos. Lda. - PA Galp Castanheiro de Ouro,GALP,gasoline_95,Gasolina simples 95,Outro,2.066,Tarouca,Viseu,Avª Ordem de Cister,Castanheiro do Ouro,3610-103,41.031574,-7.775302,joão r. fernandes & fos. lda. - pa galp castanheiro de ouro,galp,avª ordem de cister,"2,066 €",2026-05-15_dgeg_postos_raw.csv,69c736cf6e92277c
2026-05-15,2026-05-15 14:31:32,2026-05-13 10:10:00,027980db3bb55be4,027980db3bb55be4_diesel_regular,PA GALP TÁBUA,GALP,diesel_regular,Gasóleo simples,Outro,2.029,Tábua,Coimbra,"Rua Dr. Francisco Beirão, 17",Tábua,3420-325,40.35999,-8.029334,pa galp tábua,galp,"rua dr. francisco beirão, 17","2,029 €",2026-05-15_dgeg_postos_raw.csv,ce43e92ebf3cfc96
2026-05-15,2026-05-15 14:31:32,2026-05-13 10:10:00,027980db3bb55be4,027980db3bb55be4_diesel_premium,PA GALP TÁBUA,GALP,diesel_premium,Gasóleo especial,Outro,2.079,Tábua,Coimbra,"Rua Dr. Francisco Beirão, 17",Tábua,3420-325,40.35999,-8.029334,pa galp tábua,galp,"rua dr. francisco beirão, 17","2,079 €",2026-05-15_dgeg_postos_raw.csv,f5a9d94da029a132
2026-05-15,2026-05-15 14:31:32,2026-05-13 10:10:00,027980db3bb55be4,027980db3bb55be4_gasoline_95,PA GALP TÁBUA,GALP,gasoline_95,Gasolina simples 95,Outro,2.026,Tábua,Coimbra,"Rua Dr. Francisco Beirão, 17",Tábua,3420-325,40.35999,-8.029334,pa galp tábua,galp,"rua dr. francisco beirão, 17","2,026 €",2026-05-15_dgeg_postos_raw.csv,aaa3d47e53c9c71b
2026-05-15,2026-05-15 14:31:32,2026-05-13 10:10:00,64e5c69768584099,64e5c69768584099_diesel_premium,Posto Abragão,BP,diesel_premium,Gasóleo especial,Outro,2.229,Penafiel,Porto,Rua Central de Ribaçais,Abragão-Lugar do Sardoal,4560-030,41.15827,-8.2277,posto abragão,bp,rua central de ribaçais,"2,229 €",2026-05-15_dgeg_postos_raw.csv,d8077175ce98bce6
2026-05-15,2026-05-15 14:31:32,2026-05-13 10:10:00,64e5c69768584099,64e5c69768584099_diesel_regular,Posto Abragão,BP,diesel_regular,Gasóleo simples,Outro,2.109,Penafiel,Porto,Rua Central de Ribaçais,Abragão-Lugar do Sardoal,4560-030,41.15827,-8.2277,posto abragão,bp,rua central de ribaçais,"2,109 €",2026-05-15_dgeg_postos_raw.csv,3f981b11083b111e
2026-05-15,2026-05-15 14:31:32,2026-05-13 10:10:00,64e5c69768584099,64e5c69768584099_gasoline_98,Posto Abragão,BP,gasoline_98,Gasolina especial 98,Outro,2.299,Penafiel,Porto,Rua Central de Ribaçais,Abragão-Lugar do Sardoal,4560-030,41.15827,-8.2277,posto abragão,bp,rua central de ribaçais,"2,299 €",2026-05-15_dgeg_postos_raw.csv,97176bd2f4a28cb6
2026-05-15,2026-05-15 14:31:32,2026-05-13 10:10:00,64e5c69768584099,64e5c69768584099_gasoline_95,Posto Abragão,BP,gasoline_95,Gasolina simples 95,Outro,2.099,Penafiel,Porto,Rua Central de Ribaçais,Abragão-Lugar do Sardoal,4560-030,41.15827,-8.2277,posto abragão,bp,rua central de ribaçais,"2,099 €",2026-05-15_dgeg_postos_raw.csv,954bbaf6e736838e
2026-05-15,2026-05-15 14:31:32,2026-05-13 10:10:00,1109efb710595e9b,1109efb710595e9b_gasoline_98,BP - AFONSO HENRIQUES - ARRIFANA,BP,gasoline_98,Gasolina especial 98,Outro,2.299,Santa Maria da Feira,Aveiro,"E.N. 327 - Km 14,576 - R. Dom Afonso Henriques",Arrifana,3700-312,40.89677,-8.50631,bp - afonso henriques - arrifana,bp,"e.n. 327 - km 14,576 - r. dom afonso henriques","2,299 €",2026-05-15_dgeg_postos_raw.csv,97e5814724a9c305
2026-05-15,2026-05-15 14:31:32,2026-05-13 10:10:00,d41ca17c9be9f2ff,d41ca17c9be9f2ff_diesel_regular,BP Escariz,BP,diesel_regular,Gasóleo simples,Outro,2.109,Arouca,Aveiro,"EN 326 Km 23,75",Escariz-Cruzeiro,4540-302,40.94135,-8.41113,bp escariz,bp,"en 326 km 23,75","2,109 €",2026-05-15_dgeg_postos_raw.csv,71b35b09f612c48a
2026-05-15,2026-05-15 14:31:32,2026-05-13 10:10:00,d41ca17c9be9f2ff,d41ca17c9be9f2ff_diesel_premium,BP Escariz,BP,diesel_premium,Gasóleo especial,Outro,2.229,Arouca,Aveiro,"EN 326 Km 23,75",Escariz-Cruzeiro,4540-302,40.94135,-8.41113,bp escariz,bp,"en 326 km 23,75","2,229 €",2026-05-15_dgeg_postos_raw.csv,24cde5f5e1f35d37
2026-05-15,2026-05-15 14:31:32,2026-05-13 10:10:00,d41ca17c9be9f2ff,d41ca17c9be9f2ff_gasoline_95,BP Escariz,BP,gasoline_95,Gasolina simples 95,Outro,2.099,Arouca,Aveiro,"EN 326 Km 23,75",Escariz-Cruzeiro,4540-302,40.94135,-8.41113,bp escariz,bp,"en 326 km 23,75","2,099 €",2026-05-15_dgeg_postos_raw.csv,33e39d05bd69a89b
2026-05-15,2026-05-15 14:31:32,2026-05-13 10:10:00,d41ca17c9be9f2ff,d41ca17c9be9f2ff_gasoline_98,BP Escariz,BP,gasoline_98,Gasolina especial 98,Outro,2.299,Arouca,Aveiro,"EN 326 Km 23,75",Escariz-Cruzeiro,4540-302,40.94135,-8.41113,bp escariz,bp,"en 326 km 23,75","2,299 €",2026-05-15_dgeg_postos_raw.csv,e4d47ddb2cf64ab8
2026-05-15,2026-05-15 14:31:32,2026-05-13 10:10:00,5d0c6e4195e5c1a6,5d0c6e4195e5c1a6_diesel_regular,BP - GUARDA CATRAIA,BP,diesel_regular,Gasóleo simples,Outro,2.024,Guarda,Guarda,Av. Dr. Francisco Sá CarneiroCatraia da Alegria,Guarda,6300-529,40.53696,-7.28673,bp - guarda catraia,bp,av. dr. francisco sá carneirocatraia da alegria,"2,024 €",2026-05-15_dgeg_postos_raw.csv,eb65bafb6f19069b
2026-05-15,2026-05-15 14:31:32,2026-05-13 10:10:00,5d0c6e4195e5c1a6,5d0c6e4195e5c1a6_diesel_premium,BP - GUARDA CATRAIA,BP,diesel_premium,Gasóleo especial,Outro,2.194,Guarda,Guarda,Av. Dr. Francisco Sá CarneiroCatraia da Alegria,Guarda,6300-529,40.53696,-7.28673,bp - guarda catraia,bp,av. dr. francisco sá carneirocatraia da alegria,"2,194 €",2026-05-15_dgeg_postos_raw.csv,9951ea0e545d43f5
2026-05-15,2026-05-15 14:31:32,2026-05-13 10:10:00,5d0c6e4195e5c1a6,5d0c6e4195e5c1a6_gasoline_95,BP - GUARDA CATRAIA,BP,gasoline_95,Gasolina simples 95,Outro,2.019,Guarda,Guarda,Av. Dr. Francisco Sá CarneiroCatraia da Alegria,Guarda,6300-529,40.53696,-7.28673,bp - guarda catraia,bp,av. dr. francisco sá carneirocatraia da alegria,"2,019 €",2026-05-15_dgeg_postos_raw.csv,0aef10c483d0dfee
2026-05-15,2026-05-15 14:31:32,2026-05-13 10:10:00,5d0c6e4195e5c1a6,5d0c6e4195e5c1a6_gasoline_98,BP - GUARDA CATRAIA,BP,gasoline_98,Gasolina especial 98,Outro,2.269,Guarda,Guarda,Av. Dr. Francisco Sá CarneiroCatraia da Alegria,Guarda,6300-529,40.53696,-7.28673,bp - guarda catraia,bp,av. dr. francisco sá carneirocatraia da alegria,"2,269 €",2026-05-15_dgeg_postos_raw.csv,72571248e76f641a
2026-05-15,2026-05-15 14:31:32,2026-05-13 10:10:00,c5ce620028a50821,c5ce620028a50821_diesel_regular,BP da Granja,BP,diesel_regular,Gasóleo simples,Outro,2.109,Vila Nova de Gaia,Porto,Av. da Liberdade nº 213,Granja,4410-901,41.027802,-8.641969,bp da granja,bp,av. da liberdade nº 213,"2,109 €",2026-05-15_dgeg_postos_raw.csv,1805b7fc7c8f7b44
2026-05-15,2026-05-15 14:31:32,2026-05-13 10:10:00,c5ce620028a50821,c5ce620028a50821_diesel_premium,BP da Granja,BP,diesel_premium,Gasóleo especial,Outro,2.229,Vila Nova de Gaia,Porto,Av. da Liberdade nº 213,Granja,4410-901,41.027802,-8.641969,bp da granja,bp,av. da liberdade nº 213,"2,229 €",2026-05-15_dgeg_postos_raw.csv,181a62fe59ed2a6e
2026-05-15,2026-05-15 14:31:32,2026-05-13 10:10:00,c5ce620028a50821,c5ce620028a50821_gasoline_95,BP da Granja,BP,gasoline_95,Gasolina simples 95,Outro,2.099,Vila Nova de Gaia,Porto,Av. da Liberdade nº 213,Granja,4410-901,41.027802,-8.641969,bp da granja,bp,av. da liberdade nº 213,"2,099 €",2026-05-15_dgeg_postos_raw.csv,0d33a5e1a8716c9c
2026-05-15,2026-05-15 14:31:32,2026-05-13 10:10:00,c5ce620028a50821,c5ce620028a50821_gasoline_98,BP da Granja,BP,gasoline_98,Gasolina especial 98,Outro,2.299,Vila Nova de Gaia,Porto,Av. da Liberdade nº 213,Granja,4410-901,41.027802,-8.641969,bp da granja,bp,av. da liberdade nº 213,"2,299 €",2026-05-15_dgeg_postos_raw.csv,5835db7792995aae
2026-05-15,2026-05-15 14:31:32,2026-05-13 10:10:00,f5431b66947a9094,f5431b66947a9094_diesel_regular,BP Celorico da Beira,BP,diesel_regular,Gasóleo simples,Outro,2.044,Celorico da Beira,Guarda,EN 16 Km 152.5,Charrinhas,6360-357,40.64187,-7.38275,bp celorico da beira,bp,en 16 km 152.5,"2,044 €",2026-05-15_dgeg_postos_raw.csv,23028014ee9c8828
2026-05-15,2026-05-15 14:31:32,2026-05-13 10:10:00,f5431b66947a9094,f5431b66947a9094_diesel_premium,BP Celorico da Beira,BP,diesel_premium,Gasóleo especial,Outro,2.194,Celorico da Beira,Guarda,EN 16 Km 152.5,Charrinhas,6360-357,40.64187,-7.38275,bp celorico da beira,bp,en 16 km 152.5,"2,194 €",2026-05-15_dgeg_postos_raw.csv,9034054ecf59f0ac
2026-05-15,2026-05-15 14:31:32,2026-05-13 10:10:00,f5431b66947a9094,f5431b66947a9094_gasoline_95,BP Celorico da Beira,BP,gasoline_95,Gasolina simples 95,Outro,2.039,Celorico da Beira,Guarda,EN 16 Km 152.5,Charrinhas,6360-357,40.64187,-7.38275,bp celorico da beira,bp,en 16 km 152.5,"2,039 €",2026-05-15_dgeg_postos_raw.csv,99e6fe7d0c1827e5
2026-05-15,2026-05-15 14:31:32,2026-05-13 10:10:00,f5431b66947a9094,f5431b66947a9094_gasoline_98,BP Celorico da Beira,BP,gasoline_98,Gasolina especial 98,Outro,2.269,Celorico da Beira,Guarda,EN 16 Km 152.5,Charrinhas,6360-357,40.64187,-7.38275,bp celorico da beira,bp,en 16 km 152.5,"2,269 €",2026-05-15_dgeg_postos_raw.csv,56ce8007a1c5cef4
2026-05-15,2026-05-15 14:31:32,2026-05-13 10:15:00,552f307c862c669d,552f307c862c669d_diesel_regular,Prio Candedo,PRIO,diesel_regular,Gasóleo simples,Outro,2.034,Murça,Vila Real,Bairro de S.José,Candedo,5090-000,41.36199,-7.37995,prio candedo,prio,bairro de s.josé,"2,034 €",2026-05-15_dgeg_postos_raw.csv,2643686736acdd63
2026-05-15,2026-05-15 14:31:32,2026-05-13 10:15:00,552f307c862c669d,552f307c862c669d_diesel_premium,Prio Candedo,PRIO,diesel_premium,Gasóleo especial,Outro,1.994,Murça,Vila Real,Bairro de S.José,Candedo,5090-000,41.36199,-7.37995,prio candedo,prio,bairro de s.josé,"1,994 €",2026-05-15_dgeg_postos_raw.csv,77bcf49f1fac44a0
2026-05-15,2026-05-15 14:31:32,2026-05-13 10:15:00,552f307c862c669d,552f307c862c669d_gasoline_95,Prio Candedo,PRIO,gasoline_95,Gasolina simples 95,Outro,2.016,Murça,Vila Real,Bairro de S.José,Candedo,5090-000,41.36199,-7.37995,prio candedo,prio,bairro de s.josé,"2,016 €",2026-05-15_dgeg_postos_raw.csv,5535c4c6b715a84e
2026-05-15,2026-05-15 14:31:32,2026-05-13 10:15:00,38bdb3db6f58bc08,38bdb3db6f58bc08_diesel_regular,Gepoil | PAC Lavra,BP,diesel_regular,Gasóleo simples,Outro,2.109,Matosinhos,Porto,Rua Manuel Francisco Correia,Lavra,4455-158,41.24543,-8.72196,gepoil | pac lavra,bp,rua manuel francisco correia,"2,109 €",2026-05-15_dgeg_postos_raw.csv,8c8e7a2a4d7cd1a8
2026-05-15,2026-05-15 14:31:32,2026-05-13 10:15:00,38bdb3db6f58bc08,38bdb3db6f58bc08_diesel_premium,Gepoil | PAC Lavra,BP,diesel_premium,Gasóleo especial,Outro,2.229,Matosinhos,Porto,Rua Manuel Francisco Correia,Lavra,4455-158,41.24543,-8.72196,gepoil | pac lavra,bp,rua manuel francisco correia,"2,229 €",2026-05-15_dgeg_postos_raw.csv,cf47ed885f1d3eee
2026-05-15,2026-05-15 14:31:32,2026-05-13 10:15:00,38bdb3db6f58bc08,38bdb3db6f58bc08_gasoline_95,Gepoil | PAC Lavra,BP,gasoline_95,Gasolina simples 95,Outro,2.099,Matosinhos,Porto,Rua Manuel Francisco Correia,Lavra,4455-158,41.24543,-8.72196,gepoil | pac lavra,bp,rua manuel francisco correia,"2,099 €",2026-05-15_dgeg_postos_raw.csv,cfafd3f2551b926f
2026-05-15,2026-05-15 14:31:32,2026-05-13 10:15:00,25d7bc62ab73063d,25d7bc62ab73063d_diesel_regular,BP S. Roque,BP,diesel_regular,Gasóleo simples,Outro,2.079,Oliveira de Azeméis,Aveiro,Rua D. Gonçalo,São Roque-Lugar de Costa Má,3720-628,40.88126,-8.47305,bp s. roque,bp,rua d. gonçalo,"2,079 €",2026-05-15_dgeg_postos_raw.csv,e27e01e773eb6f15
2026-05-15,2026-05-15 14:31:32,2026-05-13 10:15:00,25d7bc62ab73063d,25d7bc62ab73063d_diesel_premium,BP S. Roque,BP,diesel_premium,Gasóleo especial,Outro,2.229,Oliveira de Azeméis,Aveiro,Rua D. Gonçalo,São Roque-Lugar de Costa Má,3720-628,40.88126,-8.47305,bp s. roque,bp,rua d. gonçalo,"2,229 €",2026-05-15_dgeg_postos_raw.csv,b9b43cb72dd90124
2026-05-15,2026-05-15 14:31:32,2026-05-13 10:15:00,25d7bc62ab73063d,25d7bc62ab73063d_gasoline_95,BP S. Roque,BP,gasoline_95,Gasolina simples 95,Outro,2.069,Oliveira de Azeméis,Aveiro,Rua D. Gonçalo,São Roque-Lugar de Costa Má,3720-628,40.88126,-8.47305,bp s. roque,bp,rua d. gonçalo,"2,069 €",2026-05-15_dgeg_postos_raw.csv,d7185c2ca50bb397
2026-05-15,2026-05-15 14:31:32,2026-05-13 10:15:00,25d7bc62ab73063d,25d7bc62ab73063d_gasoline_98,BP S. Roque,BP,gasoline_98,Gasolina especial 98,Outro,2.299,Oliveira de Azeméis,Aveiro,Rua D. Gonçalo,São Roque-Lugar de Costa Má,3720-628,40.88126,-8.47305,bp s. roque,bp,rua d. gonçalo,"2,299 €",2026-05-15_dgeg_postos_raw.csv,d8c3e68fba465544
2026-05-15,2026-05-15 14:31:32,2026-05-13 10:15:00,5c35f210f23efddb,5c35f210f23efddb_diesel_regular,BP S. Pedro Fins (Maia),BP,diesel_regular,Gasóleo simples,Outro,2.069,Maia,Porto,R. Central Arcos,S. Pedro de Fins,4425-321,41.25561,-8.54604,bp s. pedro fins (maia),bp,r. central arcos,"2,069 €",2026-05-15_dgeg_postos_raw.csv,1fb6829869490785
2026-05-15,2026-05-15 14:31:32,2026-05-13 10:15:00,5c35f210f23efddb,5c35f210f23efddb_diesel_premium,BP S. Pedro Fins (Maia),BP,diesel_premium,Gasóleo especial,Outro,2.229,Maia,Porto,R. Central Arcos,S. Pedro de Fins,4425-321,41.25561,-8.54604,bp s. pedro fins (maia),bp,r. central arcos,"2,229 €",2026-05-15_dgeg_postos_raw.csv,94ab09248720418b
2026-05-15,2026-05-15 14:31:32,2026-05-13 10:15:00,5c35f210f23efddb,5c35f210f23efddb_gasoline_95,BP S. Pedro Fins (Maia),BP,gasoline_95,Gasolina simples 95,Outro,2.069,Maia,Porto,R. Central Arcos,S. Pedro de Fins,4425-321,41.25561,-8.54604,bp s. pedro fins (maia),bp,r. central arcos,"2,069 €",2026-05-15_dgeg_postos_raw.csv,fb78515558e4225c
2026-05-15,2026-05-15 14:31:32,2026-05-13 10:15:00,5c35f210f23efddb,5c35f210f23efddb_gasoline_98,BP S. Pedro Fins (Maia),BP,gasoline_98,Gasolina especial 98,Outro,2.299,Maia,Porto,R. Central Arcos,S. Pedro de Fins,4425-321,41.25561,-8.54604,bp s. pedro fins (maia),bp,r. central arcos,"2,299 €",2026-05-15_dgeg_postos_raw.csv,a09b38ba457203fe
2026-05-15,2026-05-15 14:31:32,2026-05-13 10:15:00,c1f5980d5605bfe6,c1f5980d5605bfe6_diesel_regular,BP Tondela,BP,diesel_regular,Gasóleo simples,Outro,2.109,Tondela,Viseu,Rua Eduardo António Coimbra,Tondela,3460-591,40.52489,-8.08522,bp tondela,bp,rua eduardo antónio coimbra,"2,109 €",2026-05-15_dgeg_postos_raw.csv,c76127c71af6fb88
2026-05-15,2026-05-15 14:31:32,2026-05-13 10:15:00,c1f5980d5605bfe6,c1f5980d5605bfe6_diesel_premium,BP Tondela,BP,diesel_premium,Gasóleo especial,Outro,2.229,Tondela,Viseu,Rua Eduardo António Coimbra,Tondela,3460-591,40.52489,-8.08522,bp tondela,bp,rua eduardo antónio coimbra,"2,229 €",2026-05-15_dgeg_postos_raw.csv,d8a1701084fc5abb
2026-05-15,2026-05-15 14:31:32,2026-05-13 10:15:00,c1f5980d5605bfe6,c1f5980d5605bfe6_gasoline_95,BP Tondela,BP,gasoline_95,Gasolina simples 95,Outro,2.099,Tondela,Viseu,Rua Eduardo António Coimbra,Tondela,3460-591,40.52489,-8.08522,bp tondela,bp,rua eduardo antónio coimbra,"2,099 €",2026-05-15_dgeg_postos_raw.csv,86edbb3134726f8e
2026-05-15,2026-05-15 14:31:32,2026-05-13 10:15:00,c1f5980d5605bfe6,c1f5980d5605bfe6_gasoline_98,BP Tondela,BP,gasoline_98,Gasolina especial 98,Outro,2.299,Tondela,Viseu,Rua Eduardo António Coimbra,Tondela,3460-591,40.52489,-8.08522,bp tondela,bp,rua eduardo antónio coimbra,"2,299 €",2026-05-15_dgeg_postos_raw.csv,31f1beed0a696ce1
2026-05-15,2026-05-15 14:31:32,2026-05-13 10:20:00,1e14644528620740,1e14644528620740_diesel_regular,BP Trancoso,BP,diesel_regular,Gasóleo simples,Outro,2.079,Trancoso,Guarda,EN 226 - Zona Industrial,Trancoso,6420-044,40.76687,-7.35522,bp trancoso,bp,en 226 - zona industrial,"2,079 €",2026-05-15_dgeg_postos_raw.csv,49d743dda1a1ec38
2026-05-15,2026-05-15 14:31:32,2026-05-13 10:20:00,1e14644528620740,1e14644528620740_diesel_premium,BP Trancoso,BP,diesel_premium,Gasóleo especial,Outro,2.199,Trancoso,Guarda,EN 226 - Zona Industrial,Trancoso,6420-044,40.76687,-7.35522,bp trancoso,bp,en 226 - zona industrial,"2,199 €",2026-05-15_dgeg_postos_raw.csv,3ba2bde82ee80d0a
2026-05-15,2026-05-15 14:31:32,2026-05-13 10:20:00,1e14644528620740,1e14644528620740_gasoline_95,BP Trancoso,BP,gasoline_95,Gasolina simples 95,Outro,2.089,Trancoso,Guarda,EN 226 - Zona Industrial,Trancoso,6420-044,40.76687,-7.35522,bp trancoso,bp,en 226 - zona industrial,"2,089 €",2026-05-15_dgeg_postos_raw.csv,377d5a7c1d1453ef
2026-05-15,2026-05-15 14:31:32,2026-05-13 10:20:00,1e14644528620740,1e14644528620740_gasoline_98,BP Trancoso,BP,gasoline_98,Gasolina especial 98,Outro,2.299,Trancoso,Guarda,EN 226 - Zona Industrial,Trancoso,6420-044,40.76687,-7.35522,bp trancoso,bp,en 226 - zona industrial,"2,299 €",2026-05-15_dgeg_postos_raw.csv,d2f37887a8321fa1
2026-05-15,2026-05-15 14:31:32,2026-05-13 10:20:00,d2cf1c8bec9fcefa,d2cf1c8bec9fcefa_diesel_regular,BP VALADARES (Este),BP,diesel_regular,Gasóleo simples,Outro,2.079,Vila Nova de Gaia,Porto,"IC 1 Km 6,7",Valadares,4405-540,41.0933,-8.62993,bp valadares (este),bp,"ic 1 km 6,7","2,079 €",2026-05-15_dgeg_postos_raw.csv,50e60355790336d1
2026-05-15,2026-05-15 14:31:32,2026-05-13 10:20:00,d2cf1c8bec9fcefa,d2cf1c8bec9fcefa_diesel_premium,BP VALADARES (Este),BP,diesel_premium,Gasóleo especial,Outro,2.229,Vila Nova de Gaia,Porto,"IC 1 Km 6,7",Valadares,4405-540,41.0933,-8.62993,bp valadares (este),bp,"ic 1 km 6,7","2,229 €",2026-05-15_dgeg_postos_raw.csv,cfea848c0f9f640a
2026-05-15,2026-05-15 14:31:32,2026-05-13 10:20:00,d2cf1c8bec9fcefa,d2cf1c8bec9fcefa_gasoline_95,BP VALADARES (Este),BP,gasoline_95,Gasolina simples 95,Outro,2.069,Vila Nova de Gaia,Porto,"IC 1 Km 6,7",Valadares,4405-540,41.0933,-8.62993,bp valadares (este),bp,"ic 1 km 6,7","2,069 €",2026-05-15_dgeg_postos_raw.csv,3c421375f1cbe5e1
2026-05-15,2026-05-15 14:31:32,2026-05-13 10:20:00,d2cf1c8bec9fcefa,d2cf1c8bec9fcefa_gasoline_98,BP VALADARES (Este),BP,gasoline_98,Gasolina especial 98,Outro,2.299,Vila Nova de Gaia,Porto,"IC 1 Km 6,7",Valadares,4405-540,41.0933,-8.62993,bp valadares (este),bp,"ic 1 km 6,7","2,299 €",2026-05-15_dgeg_postos_raw.csv,c3eaffcb1b21569b
2026-05-15,2026-05-15 14:31:32,2026-05-13 10:20:00,3d918fa626b45fbf,3d918fa626b45fbf_diesel_regular,BP VALADARES (Oeste),BP,diesel_regular,Gasóleo simples,Outro,2.079,Vila Nova de Gaia,Porto,"IC 1 Km 6,7",Valadares,4405-540,41.093848,-8.629625,bp valadares (oeste),bp,"ic 1 km 6,7","2,079 €",2026-05-15_dgeg_postos_raw.csv,927c99d84347a006
2026-05-15,2026-05-15 14:31:32,2026-05-13 10:20:00,3d918fa626b45fbf,3d918fa626b45fbf_diesel_premium,BP VALADARES (Oeste),BP,diesel_premium,Gasóleo especial,Outro,2.229,Vila Nova de Gaia,Porto,"IC 1 Km 6,7",Valadares,4405-540,41.093848,-8.629625,bp valadares (oeste),bp,"ic 1 km 6,7","2,229 €",2026-05-15_dgeg_postos_raw.csv,5322cae7d2183a19
2026-05-15,2026-05-15 14:31:32,2026-05-13 10:20:00,3d918fa626b45fbf,3d918fa626b45fbf_gasoline_95,BP VALADARES (Oeste),BP,gasoline_95,Gasolina simples 95,Outro,2.069,Vila Nova de Gaia,Porto,"IC 1 Km 6,7",Valadares,4405-540,41.093848,-8.629625,bp valadares (oeste),bp,"ic 1 km 6,7","2,069 €",2026-05-15_dgeg_postos_raw.csv,ca326c0f89de0219
2026-05-15,2026-05-15 14:31:32,2026-05-13 10:20:00,3d918fa626b45fbf,3d918fa626b45fbf_gasoline_98,BP VALADARES (Oeste),BP,gasoline_98,Gasolina especial 98,Outro,2.299,Vila Nova de Gaia,Porto,"IC 1 Km 6,7",Valadares,4405-540,41.093848,-8.629625,bp valadares (oeste),bp,"ic 1 km 6,7","2,299 €",2026-05-15_dgeg_postos_raw.csv,b2e1ad870a787f29
2026-05-15,2026-05-15 14:31:32,2026-05-13 10:20:00,280e7db107221ea8,280e7db107221ea8_diesel_regular,BP Vouzela,BP,diesel_regular,Gasóleo simples,Outro,2.084,Vouzela,Viseu,Lamas - Estr.Nacional 333,Paços de Vilharigues,3670-151,40.69431,-8.14016,bp vouzela,bp,lamas - estr.nacional 333,"2,084 €",2026-05-15_dgeg_postos_raw.csv,55a4380d1b9e8b45
2026-05-15,2026-05-15 14:31:32,2026-05-13 10:20:00,280e7db107221ea8,280e7db107221ea8_diesel_premium,BP Vouzela,BP,diesel_premium,Gasóleo especial,Outro,2.204,Vouzela,Viseu,Lamas - Estr.Nacional 333,Paços de Vilharigues,3670-151,40.69431,-8.14016,bp vouzela,bp,lamas - estr.nacional 333,"2,204 €",2026-05-15_dgeg_postos_raw.csv,a6457f0e66d4fea8
2026-05-15,2026-05-15 14:31:32,2026-05-13 10:20:00,280e7db107221ea8,280e7db107221ea8_gasoline_95,BP Vouzela,BP,gasoline_95,Gasolina simples 95,Outro,2.079,Vouzela,Viseu,Lamas - Estr.Nacional 333,Paços de Vilharigues,3670-151,40.69431,-8.14016,bp vouzela,bp,lamas - estr.nacional 333,"2,079 €",2026-05-15_dgeg_postos_raw.csv,5908d114e4b3cb97
2026-05-15,2026-05-15 14:31:32,2026-05-13 10:20:00,280e7db107221ea8,280e7db107221ea8_gasoline_98,BP Vouzela,BP,gasoline_98,Gasolina especial 98,Outro,2.279,Vouzela,Viseu,Lamas - Estr.Nacional 333,Paços de Vilharigues,3670-151,40.69431,-8.14016,bp vouzela,bp,lamas - estr.nacional 333,"2,279 €",2026-05-15_dgeg_postos_raw.csv,77438249ecc453b3
2026-05-15,2026-05-15 14:31:32,2026-05-13 10:20:00,92cdb36389458aeb,92cdb36389458aeb_diesel_regular,Prio Valadares,PRIO,diesel_regular,Gasóleo simples,Outro,2.079,Vila Nova de Gaia,Porto,Av. Combatentes do Ultramar Português,Valadares,4405-707,41.0855,-8.63278,prio valadares,prio,av. combatentes do ultramar português,"2,079 €",2026-05-15_dgeg_postos_raw.csv,054ca5d0c4288493
2026-05-15,2026-05-15 14:31:32,2026-05-13 10:20:00,92cdb36389458aeb,92cdb36389458aeb_diesel_premium,Prio Valadares,PRIO,diesel_premium,Gasóleo especial,Outro,2.229,Vila Nova de Gaia,Porto,Av. Combatentes do Ultramar Português,Valadares,4405-707,41.0855,-8.63278,prio valadares,prio,av. combatentes do ultramar português,"2,229 €",2026-05-15_dgeg_postos_raw.csv,0ed6f5869561e048
2026-05-15,2026-05-15 14:31:32,2026-05-13 10:20:00,92cdb36389458aeb,92cdb36389458aeb_gasoline_95,Prio Valadares,PRIO,gasoline_95,Gasolina simples 95,Outro,2.069,Vila Nova de Gaia,Porto,Av. Combatentes do Ultramar Português,Valadares,4405-707,41.0855,-8.63278,prio valadares,prio,av. combatentes do ultramar português,"2,069 €",2026-05-15_dgeg_postos_raw.csv,98acd14ea0162768
2026-05-15,2026-05-15 14:31:32,2026-05-13 10:25:00,d436678886574a7a,d436678886574a7a_diesel_regular,Gepoil | Prio Paredes de Coura,PRIO,diesel_regular,Gasóleo simples,Outro,2.034,Paredes de Coura,Viana do Castelo,"EN 201 km 8,600 Cossourado - S. Bento da Porta Aberta",Cossourado,4940-132,41.93138,-8.62991,gepoil | prio paredes de coura,prio,"en 201 km 8,600 cossourado - s. bento da porta aberta","2,034 €",2026-05-15_dgeg_postos_raw.csv,5b239c45c99520b5
2026-05-15,2026-05-15 14:31:32,2026-05-13 10:25:00,d436678886574a7a,d436678886574a7a_diesel_premium,Gepoil | Prio Paredes de Coura,PRIO,diesel_premium,Gasóleo especial,Outro,1.994,Paredes de Coura,Viana do Castelo,"EN 201 km 8,600 Cossourado - S. Bento da Porta Aberta",Cossourado,4940-132,41.93138,-8.62991,gepoil | prio paredes de coura,prio,"en 201 km 8,600 cossourado - s. bento da porta aberta","1,994 €",2026-05-15_dgeg_postos_raw.csv,faeb2c4994e684c7
2026-05-15,2026-05-15 14:31:32,2026-05-13 10:25:00,d436678886574a7a,d436678886574a7a_gasoline_95,Gepoil | Prio Paredes de Coura,PRIO,gasoline_95,Gasolina simples 95,Outro,2.014,Paredes de Coura,Viana do Castelo,"EN 201 km 8,600 Cossourado - S. Bento da Porta Aberta",Cossourado,4940-132,41.93138,-8.62991,gepoil | prio paredes de coura,prio,"en 201 km 8,600 cossourado - s. bento da porta aberta","2,014 €",2026-05-15_dgeg_postos_raw.csv,542094936fdf94a6
2026-05-15,2026-05-15 14:31:32,2026-05-13 10:35:00,f48458e9a966671d,f48458e9a966671d_diesel_regular,Combustiveis Rabaçal,Genérico,diesel_regular,Gasóleo simples,Outro,1.99,Vinhais,Bragança,Av. São Venâncio,Rebordelo,5335-101,41.73914,-7.16277,combustiveis rabaçal,genérico,av. são venâncio,"1,990 €",2026-05-15_dgeg_postos_raw.csv,86f7e02015f6bc81
2026-05-15,2026-05-15 14:31:32,2026-05-13 10:35:00,db93fb0e6ce03f45,db93fb0e6ce03f45_diesel_regular,GALP Caria,GALP,diesel_regular,Gasóleo simples,Outro,2.029,Belmonte,Castelo Branco,E.N. 18-3,Caria,6250-111,40.302082,-7.370389,galp caria,galp,e.n. 18-3,"2,029 €",2026-05-15_dgeg_postos_raw.csv,3d3ba0fc46d302df
2026-05-15,2026-05-15 14:31:32,2026-05-13 10:35:00,db93fb0e6ce03f45,db93fb0e6ce03f45_diesel_premium,GALP Caria,GALP,diesel_premium,Gasóleo especial,Outro,2.079,Belmonte,Castelo Branco,E.N. 18-3,Caria,6250-111,40.302082,-7.370389,galp caria,galp,e.n. 18-3,"2,079 €",2026-05-15_dgeg_postos_raw.csv,ddca9928cf1dd358
2026-05-15,2026-05-15 14:31:32,2026-05-13 10:35:00,db93fb0e6ce03f45,db93fb0e6ce03f45_gasoline_98,GALP Caria,GALP,gasoline_98,Gasolina especial 98,Outro,2.236,Belmonte,Castelo Branco,E.N. 18-3,Caria,6250-111,40.302082,-7.370389,galp caria,galp,e.n. 18-3,"2,236 €",2026-05-15_dgeg_postos_raw.csv,431ca1d0507cc041
2026-05-15,2026-05-15 14:31:32,2026-05-13 10:35:00,f48458e9a966671d,f48458e9a966671d_gasoline_95,Combustiveis Rabaçal,Genérico,gasoline_95,Gasolina simples 95,Outro,2.05,Vinhais,Bragança,Av. São Venâncio,Rebordelo,5335-101,41.73914,-7.16277,combustiveis rabaçal,genérico,av. são venâncio,"2,050 €",2026-05-15_dgeg_postos_raw.csv,c323830d25e44079
2026-05-15,2026-05-15 14:31:32,2026-05-13 10:35:00,0d49b52b8d52578d,0d49b52b8d52578d_diesel_regular,PA Peroferreiro,Genérico,diesel_regular,Gasóleo simples,Outro,2.05,Sernancelhe,Viseu,Peroferreiro - N226,Cunha,3640-050,40.825466,-7.462063,pa peroferreiro,genérico,peroferreiro - n226,"2,050 €",2026-05-15_dgeg_postos_raw.csv,c8cc881a9efaec10
2026-05-15,2026-05-15 14:31:32,2026-05-13 10:35:00,0d49b52b8d52578d,0d49b52b8d52578d_gasoline_95,PA Peroferreiro,Genérico,gasoline_95,Gasolina simples 95,Outro,2.02,Sernancelhe,Viseu,Peroferreiro - N226,Cunha,3640-050,40.825466,-7.462063,pa peroferreiro,genérico,peroferreiro - n226,"2,020 €",2026-05-15_dgeg_postos_raw.csv,afffee79e8715942
2026-05-15,2026-05-15 14:31:32,2026-05-13 10:35:00,db93fb0e6ce03f45,db93fb0e6ce03f45_gasoline_95,GALP Caria,GALP,gasoline_95,Gasolina simples 95,Outro,2.026,Belmonte,Castelo Branco,E.N. 18-3,Caria,6250-111,40.302082,-7.370389,galp caria,galp,e.n. 18-3,"2,026 €",2026-05-15_dgeg_postos_raw.csv,d84e67a606960ead
2026-05-15,2026-05-15 14:31:32,2026-05-13 10:50:00,15816e90ca9a5862,15816e90ca9a5862_diesel_regular,AGM Nogueira Circular Poente,OZ Energia,diesel_regular,Gasóleo simples,Outro,2.029,Braga,Braga,Av. Miguel Torga,Nogueira - Lugar do Agrelo,4710-115,41.53038,-8.41306,agm nogueira circular poente,oz energia,av. miguel torga,"2,029 €",2026-05-15_dgeg_postos_raw.csv,15225c5a3155033c
2026-05-15,2026-05-15 14:31:32,2026-05-13 10:50:00,15816e90ca9a5862,15816e90ca9a5862_diesel_premium,AGM Nogueira Circular Poente,OZ Energia,diesel_premium,Gasóleo especial,Outro,1.969,Braga,Braga,Av. Miguel Torga,Nogueira - Lugar do Agrelo,4710-115,41.53038,-8.41306,agm nogueira circular poente,oz energia,av. miguel torga,"1,969 €",2026-05-15_dgeg_postos_raw.csv,e2b38ee35317563d
2026-05-15,2026-05-15 14:31:32,2026-05-13 10:50:00,15816e90ca9a5862,15816e90ca9a5862_gasoline_95,AGM Nogueira Circular Poente,OZ Energia,gasoline_95,Gasolina simples 95,Outro,2.012,Braga,Braga,Av. Miguel Torga,Nogueira - Lugar do Agrelo,4710-115,41.53038,-8.41306,agm nogueira circular poente,oz energia,av. miguel torga,"2,012 €",2026-05-15_dgeg_postos_raw.csv,3dcc1f567cda0d43
2026-05-15,2026-05-15 14:31:32,2026-05-13 10:50:00,15816e90ca9a5862,15816e90ca9a5862_gasoline_98,AGM Nogueira Circular Poente,OZ Energia,gasoline_98,Gasolina especial 98,Outro,2.208,Braga,Braga,Av. Miguel Torga,Nogueira - Lugar do Agrelo,4710-115,41.53038,-8.41306,agm nogueira circular poente,oz energia,av. miguel torga,"2,208 €",2026-05-15_dgeg_postos_raw.csv,c4532c1b235a11ff
2026-05-15,2026-05-15 14:31:32,2026-05-13 10:50:00,412ea9413f81a41b,412ea9413f81a41b_diesel_regular,Pronto - Circular (Este) 1,OZ Energia,diesel_regular,Gasóleo simples,Outro,2.029,Braga,Braga,"Lugar do Agrelo, Lote 1",,4710-115,41.52995,-8.412699,pronto - circular (este) 1,oz energia,"lugar do agrelo, lote 1","2,029 €",2026-05-15_dgeg_postos_raw.csv,d8ee41e26172273d
2026-05-15,2026-05-15 14:31:32,2026-05-13 10:50:00,412ea9413f81a41b,412ea9413f81a41b_diesel_premium,Pronto - Circular (Este) 1,OZ Energia,diesel_premium,Gasóleo especial,Outro,1.979,Braga,Braga,"Lugar do Agrelo, Lote 1",,4710-115,41.52995,-8.412699,pronto - circular (este) 1,oz energia,"lugar do agrelo, lote 1","1,979 €",2026-05-15_dgeg_postos_raw.csv,f6720264aa025a86
2026-05-15,2026-05-15 14:31:32,2026-05-13 10:50:00,412ea9413f81a41b,412ea9413f81a41b_gasoline_95,Pronto - Circular (Este) 1,OZ Energia,gasoline_95,Gasolina simples 95,Outro,2.012,Braga,Braga,"Lugar do Agrelo, Lote 1",,4710-115,41.52995,-8.412699,pronto - circular (este) 1,oz energia,"lugar do agrelo, lote 1","2,012 €",2026-05-15_dgeg_postos_raw.csv,fb585aeccb9bbcd0
2026-05-15,2026-05-15 14:31:32,2026-05-13 10:50:00,8895b9766d43f98f,8895b9766d43f98f_diesel_regular,Pronto Guimarães - Brito,OZ Energia,diesel_regular,Gasóleo simples,Outro,2.005,Guimarães,Braga,EN 206,Brito - Quinta do Ribeiro,4805-000,41.44695,-8.35735,pronto guimarães - brito,oz energia,en 206,"2,005 €",2026-05-15_dgeg_postos_raw.csv,795ff5882d011e2d
2026-05-15,2026-05-15 14:31:32,2026-05-13 10:50:00,8895b9766d43f98f,8895b9766d43f98f_diesel_premium,Pronto Guimarães - Brito,OZ Energia,diesel_premium,Gasóleo especial,Outro,1.904,Guimarães,Braga,EN 206,Brito - Quinta do Ribeiro,4805-000,41.44695,-8.35735,pronto guimarães - brito,oz energia,en 206,"1,904 €",2026-05-15_dgeg_postos_raw.csv,9cb4c8d599fbff1c
2026-05-15,2026-05-15 14:31:32,2026-05-13 10:50:00,8895b9766d43f98f,8895b9766d43f98f_gasoline_95,Pronto Guimarães - Brito,OZ Energia,gasoline_95,Gasolina simples 95,Outro,2.011,Guimarães,Braga,EN 206,Brito - Quinta do Ribeiro,4805-000,41.44695,-8.35735,pronto guimarães - brito,oz energia,en 206,"2,011 €",2026-05-15_dgeg_postos_raw.csv,1fc522e88134bb6b
2026-05-15,2026-05-15 14:31:32,2026-05-13 10:50:00,fa157fbf48313d65,fa157fbf48313d65_diesel_regular,AUTO - QUEIROGAL - PA Galp Santa Combas de Rossas,GALP,diesel_regular,Gasóleo simples,Outro,2.079,Bragança,Bragança,Estrada de Rebordainhos (M537),Santa Comba de Rossas,5300-861,41.665543,-6.834273,auto - queirogal - pa galp santa combas de rossas,galp,estrada de rebordainhos (m537),"2,079 €",2026-05-15_dgeg_postos_raw.csv,4b4e4b209acf378e
2026-05-15,2026-05-15 14:31:32,2026-05-13 10:50:00,fa157fbf48313d65,fa157fbf48313d65_diesel_premium,AUTO - QUEIROGAL - PA Galp Santa Combas de Rossas,GALP,diesel_premium,Gasóleo especial,Outro,2.129,Bragança,Bragança,Estrada de Rebordainhos (M537),Santa Comba de Rossas,5300-861,41.665543,-6.834273,auto - queirogal - pa galp santa combas de rossas,galp,estrada de rebordainhos (m537),"2,129 €",2026-05-15_dgeg_postos_raw.csv,1b3332fa2914813f
2026-05-15,2026-05-15 14:31:32,2026-05-13 10:50:00,fa157fbf48313d65,fa157fbf48313d65_gasoline_95,AUTO - QUEIROGAL - PA Galp Santa Combas de Rossas,GALP,gasoline_95,Gasolina simples 95,Outro,2.072,Bragança,Bragança,Estrada de Rebordainhos (M537),Santa Comba de Rossas,5300-861,41.665543,-6.834273,auto - queirogal - pa galp santa combas de rossas,galp,estrada de rebordainhos (m537),"2,072 €",2026-05-15_dgeg_postos_raw.csv,120cb1f88e1fafa2
2026-05-15,2026-05-15 14:31:32,2026-05-13 10:50:00,fa157fbf48313d65,fa157fbf48313d65_gasoline_98,AUTO - QUEIROGAL - PA Galp Santa Combas de Rossas,GALP,gasoline_98,Gasolina especial 98,Outro,2.282,Bragança,Bragança,Estrada de Rebordainhos (M537),Santa Comba de Rossas,5300-861,41.665543,-6.834273,auto - queirogal - pa galp santa combas de rossas,galp,estrada de rebordainhos (m537),"2,282 €",2026-05-15_dgeg_postos_raw.csv,3bf940064b4d7b75
2026-05-15,2026-05-15 14:31:32,2026-05-13 10:55:00,ca6ba3d2b00aaf47,ca6ba3d2b00aaf47_diesel_regular,"Galp- GASOGASGEST,LDA- Macieira do Liz",GALP,diesel_regular,Gasóleo simples,Outro,2.029,Leiria,Leiria,Estrada Principal s/n,Arnal,2405-004,39.684483,-8.899872,"galp- gasogasgest,lda- macieira do liz",galp,estrada principal s/n,"2,029 €",2026-05-15_dgeg_postos_raw.csv,b43106315557f41e
2026-05-15,2026-05-15 14:31:32,2026-05-13 10:55:00,ca6ba3d2b00aaf47,ca6ba3d2b00aaf47_diesel_premium,"Galp- GASOGASGEST,LDA- Macieira do Liz",GALP,diesel_premium,Gasóleo especial,Outro,2.079,Leiria,Leiria,Estrada Principal s/n,Arnal,2405-004,39.684483,-8.899872,"galp- gasogasgest,lda- macieira do liz",galp,estrada principal s/n,"2,079 €",2026-05-15_dgeg_postos_raw.csv,fb409cf1759ebf3a
2026-05-15,2026-05-15 14:31:32,2026-05-13 10:55:00,ca6ba3d2b00aaf47,ca6ba3d2b00aaf47_gasoline_95,"Galp- GASOGASGEST,LDA- Macieira do Liz",GALP,gasoline_95,Gasolina simples 95,Outro,2.026,Leiria,Leiria,Estrada Principal s/n,Arnal,2405-004,39.684483,-8.899872,"galp- gasogasgest,lda- macieira do liz",galp,estrada principal s/n,"2,026 €",2026-05-15_dgeg_postos_raw.csv,ddc1f2dab663879e
2026-05-15,2026-05-15 14:31:32,2026-05-13 10:55:00,37f6bc0fafd25318,37f6bc0fafd25318_diesel_regular,SHELL Albufeira  Marina,SHELL,diesel_regular,Gasóleo simples,Outro,2.039,Albufeira,Faro,"Avenida D. Manuel 1, Quinta da Orada, Lote 57",Albufeira,8200-372,37.08675,-8.270351,shell albufeira marina,shell,"avenida d. manuel 1, quinta da orada, lote 57","2,039 €",2026-05-15_dgeg_postos_raw.csv,a874630bcfff61b7
2026-05-15,2026-05-15 14:31:32,2026-05-13 10:55:00,37f6bc0fafd25318,37f6bc0fafd25318_diesel_premium,SHELL Albufeira  Marina,SHELL,diesel_premium,Gasóleo especial,Outro,2.119,Albufeira,Faro,"Avenida D. Manuel 1, Quinta da Orada, Lote 57",Albufeira,8200-372,37.08675,-8.270351,shell albufeira marina,shell,"avenida d. manuel 1, quinta da orada, lote 57","2,119 €",2026-05-15_dgeg_postos_raw.csv,ad5b11046ae081a3
2026-05-15,2026-05-15 14:31:32,2026-05-13 10:55:00,37f6bc0fafd25318,37f6bc0fafd25318_gasoline_95,SHELL Albufeira  Marina,SHELL,gasoline_95,Gasolina simples 95,Outro,2.034,Albufeira,Faro,"Avenida D. Manuel 1, Quinta da Orada, Lote 57",Albufeira,8200-372,37.08675,-8.270351,shell albufeira marina,shell,"avenida d. manuel 1, quinta da orada, lote 57","2,034 €",2026-05-15_dgeg_postos_raw.csv,5915b6ad83b21d7d
2026-05-15,2026-05-15 14:31:32,2026-05-13 10:55:00,37f6bc0fafd25318,37f6bc0fafd25318_gasoline_98,SHELL Albufeira  Marina,SHELL,gasoline_98,Gasolina especial 98,Outro,2.214,Albufeira,Faro,"Avenida D. Manuel 1, Quinta da Orada, Lote 57",Albufeira,8200-372,37.08675,-8.270351,shell albufeira marina,shell,"avenida d. manuel 1, quinta da orada, lote 57","2,214 €",2026-05-15_dgeg_postos_raw.csv,2a2341dc0c3e61c2
2026-05-15,2026-05-15 14:31:32,2026-05-13 11:00:00,9a6a905bc1e7eb32,9a6a905bc1e7eb32_diesel_regular,BP Cova do Gato,BP,diesel_regular,Gasóleo simples,Outro,2.109,Santiago do Cacém,Setúbal,"Estrada Nacional 121, Km 14,70",Cova do Gato,7540-031,38.00663,-8.51725,bp cova do gato,bp,"estrada nacional 121, km 14,70","2,109 €",2026-05-15_dgeg_postos_raw.csv,c656f9f3c519b5c7
2026-05-15,2026-05-15 14:31:32,2026-05-13 11:00:00,9a6a905bc1e7eb32,9a6a905bc1e7eb32_diesel_premium,BP Cova do Gato,BP,diesel_premium,Gasóleo especial,Outro,2.229,Santiago do Cacém,Setúbal,"Estrada Nacional 121, Km 14,70",Cova do Gato,7540-031,38.00663,-8.51725,bp cova do gato,bp,"estrada nacional 121, km 14,70","2,229 €",2026-05-15_dgeg_postos_raw.csv,31621909a55e6f08
2026-05-15,2026-05-15 14:31:32,2026-05-13 11:00:00,9a6a905bc1e7eb32,9a6a905bc1e7eb32_gasoline_95,BP Cova do Gato,BP,gasoline_95,Gasolina simples 95,Outro,2.099,Santiago do Cacém,Setúbal,"Estrada Nacional 121, Km 14,70",Cova do Gato,7540-031,38.00663,-8.51725,bp cova do gato,bp,"estrada nacional 121, km 14,70","2,099 €",2026-05-15_dgeg_postos_raw.csv,797370166852c654
2026-05-15,2026-05-15 14:31:32,2026-05-13 11:00:00,7ab0942c503bf141,7ab0942c503bf141_diesel_regular,REDE ENERGIA - Barreiro,REDE ENERGIA,diesel_regular,Gasóleo simples,Outro,1.898,Barreiro,Setúbal,"Rua Dr. Manuel Pacheco Nobre, 7",Barreiro,2830-080,38.66056,-9.06071,rede energia - barreiro,rede energia,"rua dr. manuel pacheco nobre, 7","1,898 €",2026-05-15_dgeg_postos_raw.csv,da5cbcd30c35a1d3
2026-05-15,2026-05-15 14:31:32,2026-05-13 11:00:00,7ab0942c503bf141,7ab0942c503bf141_diesel_premium,REDE ENERGIA - Barreiro,REDE ENERGIA,diesel_premium,Gasóleo especial,Outro,1.928,Barreiro,Setúbal,"Rua Dr. Manuel Pacheco Nobre, 7",Barreiro,2830-080,38.66056,-9.06071,rede energia - barreiro,rede energia,"rua dr. manuel pacheco nobre, 7","1,928 €",2026-05-15_dgeg_postos_raw.csv,520322ddca526573
2026-05-15,2026-05-15 14:31:32,2026-05-13 11:00:00,7ab0942c503bf141,7ab0942c503bf141_gasoline_95,REDE ENERGIA - Barreiro,REDE ENERGIA,gasoline_95,Gasolina simples 95,Outro,1.988,Barreiro,Setúbal,"Rua Dr. Manuel Pacheco Nobre, 7",Barreiro,2830-080,38.66056,-9.06071,rede energia - barreiro,rede energia,"rua dr. manuel pacheco nobre, 7","1,988 €",2026-05-15_dgeg_postos_raw.csv,eb464f78ab179e7e
2026-05-15,2026-05-15 14:31:32,2026-05-13 11:00:00,7080cf9003c9c612,7080cf9003c9c612_diesel_regular,BXPRESS ALBERGARIA,BXPRESS,diesel_regular,Gasóleo simples,Outro,1.919,Albergaria-a-Velha,Aveiro,Areeiro - Feira NovA,Albergaria-a-Velha,3850-200,40.712616,-8.482547,bxpress albergaria,bxpress,areeiro - feira nova,"1,919 €",2026-05-15_dgeg_postos_raw.csv,1487fe0ad80f317f
2026-05-15,2026-05-15 14:31:32,2026-05-13 11:00:00,7080cf9003c9c612,7080cf9003c9c612_gasoline_95,BXPRESS ALBERGARIA,BXPRESS,gasoline_95,Gasolina simples 95,Outro,1.899,Albergaria-a-Velha,Aveiro,Areeiro - Feira NovA,Albergaria-a-Velha,3850-200,40.712616,-8.482547,bxpress albergaria,bxpress,areeiro - feira nova,"1,899 €",2026-05-15_dgeg_postos_raw.csv,917ebdf114181535
2026-05-15,2026-05-15 14:31:32,2026-05-13 11:00:00,0e92d7ab64e22b8e,0e92d7ab64e22b8e_diesel_regular,PA INPAR VILA REAL,PRIO,diesel_regular,Gasóleo simples,Outro,1.989,Vila Real,Vila Real,"Mata do Ramalhão EN 313, KM 40\nZona industrial Constantim",Constantim,5000-082,41.27549,-7.715013,pa inpar vila real,prio,"mata do ramalhão en 313, km 40\nzona industrial constantim","1,989 €",2026-05-15_dgeg_postos_raw.csv,dc9d9c70b65a015c
2026-05-15,2026-05-15 14:31:32,2026-05-13 11:00:00,0e92d7ab64e22b8e,0e92d7ab64e22b8e_diesel_premium,PA INPAR VILA REAL,PRIO,diesel_premium,Gasóleo especial,Outro,1.989,Vila Real,Vila Real,"Mata do Ramalhão EN 313, KM 40\nZona industrial Constantim",Constantim,5000-082,41.27549,-7.715013,pa inpar vila real,prio,"mata do ramalhão en 313, km 40\nzona industrial constantim","1,989 €",2026-05-15_dgeg_postos_raw.csv,8b718ce376586a0d
2026-05-15,2026-05-15 14:31:32,2026-05-13 11:00:00,0e92d7ab64e22b8e,0e92d7ab64e22b8e_gasoline_95,PA INPAR VILA REAL,PRIO,gasoline_95,Gasolina simples 95,Outro,1.989,Vila Real,Vila Real,"Mata do Ramalhão EN 313, KM 40\nZona industrial Constantim",Constantim,5000-082,41.27549,-7.715013,pa inpar vila real,prio,"mata do ramalhão en 313, km 40\nzona industrial constantim","1,989 €",2026-05-15_dgeg_postos_raw.csv,8af489d9f3127c96
2026-05-15,2026-05-15 14:31:32,2026-05-13 11:00:00,4507d734722d3f52,4507d734722d3f52_diesel_regular,BP PALMELA,BP,diesel_regular,Gasóleo simples,Outro,2.059,Palmela,Setúbal,E. N. 379 Bombas\r\nLage-S.Julião,Volta da Pedra - Palmela,2950-302,38.57734,-8.89189,bp palmela,bp,e. n. 379 bombas\r\nlage-s.julião,"2,059 €",2026-05-15_dgeg_postos_raw.csv,f946f9f823d611cc
2026-05-15,2026-05-15 14:31:32,2026-05-13 11:00:00,4507d734722d3f52,4507d734722d3f52_diesel_premium,BP PALMELA,BP,diesel_premium,Gasóleo especial,Outro,2.229,Palmela,Setúbal,E. N. 379 Bombas\r\nLage-S.Julião,Volta da Pedra - Palmela,2950-302,38.57734,-8.89189,bp palmela,bp,e. n. 379 bombas\r\nlage-s.julião,"2,229 €",2026-05-15_dgeg_postos_raw.csv,3ae1944316af5199
2026-05-15,2026-05-15 14:31:32,2026-05-13 11:00:00,4507d734722d3f52,4507d734722d3f52_gasoline_95,BP PALMELA,BP,gasoline_95,Gasolina simples 95,Outro,2.049,Palmela,Setúbal,E. N. 379 Bombas\r\nLage-S.Julião,Volta da Pedra - Palmela,2950-302,38.57734,-8.89189,bp palmela,bp,e. n. 379 bombas\r\nlage-s.julião,"2,049 €",2026-05-15_dgeg_postos_raw.csv,56324d7ec8d7176f
2026-05-15,2026-05-15 14:31:32,2026-05-13 11:00:00,4507d734722d3f52,4507d734722d3f52_gasoline_98,BP PALMELA,BP,gasoline_98,Gasolina especial 98,Outro,2.299,Palmela,Setúbal,E. N. 379 Bombas\r\nLage-S.Julião,Volta da Pedra - Palmela,2950-302,38.57734,-8.89189,bp palmela,bp,e. n. 379 bombas\r\nlage-s.julião,"2,299 €",2026-05-15_dgeg_postos_raw.csv,62926cd197d9a81c
2026-05-15,2026-05-15 14:31:32,2026-05-13 11:05:00,ae8532c125c967d9,ae8532c125c967d9_diesel_regular,PA Silveirinho,Genérico,diesel_regular,Gasóleo simples,Outro,1.999,Penacova,Coimbra,"EN 2-3, km 3,400 - Silveirinho",Silveirinho,3360-259,40.30859,-8.192012,pa silveirinho,genérico,"en 2-3, km 3,400 - silveirinho","1,999 €",2026-05-15_dgeg_postos_raw.csv,9e84e26236a78ed4
2026-05-15,2026-05-15 14:31:32,2026-05-13 11:05:00,ae8532c125c967d9,ae8532c125c967d9_diesel_premium,PA Silveirinho,Genérico,diesel_premium,Gasóleo especial,Outro,2.056,Penacova,Coimbra,"EN 2-3, km 3,400 - Silveirinho",Silveirinho,3360-259,40.30859,-8.192012,pa silveirinho,genérico,"en 2-3, km 3,400 - silveirinho","2,056 €",2026-05-15_dgeg_postos_raw.csv,398e4b0ba6b21fde
2026-05-15,2026-05-15 14:31:32,2026-05-13 11:05:00,ae8532c125c967d9,ae8532c125c967d9_gasoline_95,PA Silveirinho,Genérico,gasoline_95,Gasolina simples 95,Outro,1.983,Penacova,Coimbra,"EN 2-3, km 3,400 - Silveirinho",Silveirinho,3360-259,40.30859,-8.192012,pa silveirinho,genérico,"en 2-3, km 3,400 - silveirinho","1,983 €",2026-05-15_dgeg_postos_raw.csv,020d222f4ca822ff
2026-05-15,2026-05-15 14:31:32,2026-05-13 11:20:00,763f8fc4a1e3527b,763f8fc4a1e3527b_diesel_regular,GALP-Cooperativa Agrícola Vale Vouga,GALP,diesel_regular,Gasóleo simples,Outro,2.05,Sever do Vouga,Aveiro,Rua da Cooperativa-Couto de Cima,Couto de Cima,3740-037,40.763508,-8.303129,galp-cooperativa agrícola vale vouga,galp,rua da cooperativa-couto de cima,"2,050 €",2026-05-15_dgeg_postos_raw.csv,cd308692f0f75009
2026-05-15,2026-05-15 14:31:32,2026-05-13 11:40:00,656fa796d5cf2ed1,656fa796d5cf2ed1_diesel_regular,Intermarche de Ílhavo,INTERMARCHÉ,diesel_regular,Gasóleo simples,Outro,1.925,Ílhavo,Aveiro,Estrada da Ponte,S.Salvador - Quinta da Vista Alegre,3830-309,40.58678,-8.67896,intermarche de ílhavo,intermarché,estrada da ponte,"1,925 €",2026-05-15_dgeg_postos_raw.csv,030e6c9346c380b5
2026-05-15,2026-05-15 14:31:32,2026-05-13 11:40:00,656fa796d5cf2ed1,656fa796d5cf2ed1_diesel_premium,Intermarche de Ílhavo,INTERMARCHÉ,diesel_premium,Gasóleo especial,Outro,1.929,Ílhavo,Aveiro,Estrada da Ponte,S.Salvador - Quinta da Vista Alegre,3830-309,40.58678,-8.67896,intermarche de ílhavo,intermarché,estrada da ponte,"1,929 €",2026-05-15_dgeg_postos_raw.csv,1ee5f2dd0bbd218d
2026-05-15,2026-05-15 14:31:32,2026-05-13 11:40:00,656fa796d5cf2ed1,656fa796d5cf2ed1_gasoline_95,Intermarche de Ílhavo,INTERMARCHÉ,gasoline_95,Gasolina simples 95,Outro,1.879,Ílhavo,Aveiro,Estrada da Ponte,S.Salvador - Quinta da Vista Alegre,3830-309,40.58678,-8.67896,intermarche de ílhavo,intermarché,estrada da ponte,"1,879 €",2026-05-15_dgeg_postos_raw.csv,0f65b41cb1f23ba0
2026-05-15,2026-05-15 14:31:32,2026-05-13 11:45:00,75a2cfb3ec8ff1fc,75a2cfb3ec8ff1fc_diesel_regular,BP Serpa,BP,diesel_regular,Gasóleo simples,Outro,2.109,Serpa,Beja,Rua da Eira de S. Pedro 7830-348 Serpa,Serpa,7830-348,37.938505,-7.606757,bp serpa,bp,rua da eira de s. pedro 7830-348 serpa,"2,109 €",2026-05-15_dgeg_postos_raw.csv,e38d92e8a5942023
2026-05-15,2026-05-15 14:31:32,2026-05-13 11:45:00,75a2cfb3ec8ff1fc,75a2cfb3ec8ff1fc_diesel_premium,BP Serpa,BP,diesel_premium,Gasóleo especial,Outro,2.229,Serpa,Beja,Rua da Eira de S. Pedro 7830-348 Serpa,Serpa,7830-348,37.938505,-7.606757,bp serpa,bp,rua da eira de s. pedro 7830-348 serpa,"2,229 €",2026-05-15_dgeg_postos_raw.csv,e8bff568f4449ee6
2026-05-15,2026-05-15 14:31:32,2026-05-13 11:45:00,75a2cfb3ec8ff1fc,75a2cfb3ec8ff1fc_gasoline_98,BP Serpa,BP,gasoline_98,Gasolina especial 98,Outro,2.299,Serpa,Beja,Rua da Eira de S. Pedro 7830-348 Serpa,Serpa,7830-348,37.938505,-7.606757,bp serpa,bp,rua da eira de s. pedro 7830-348 serpa,"2,299 €",2026-05-15_dgeg_postos_raw.csv,8e6aee5e9cbf28f7
2026-05-15,2026-05-15 14:31:32,2026-05-13 11:45:00,75a2cfb3ec8ff1fc,75a2cfb3ec8ff1fc_gasoline_95,BP Serpa,BP,gasoline_95,Gasolina simples 95,Outro,2.099,Serpa,Beja,Rua da Eira de S. Pedro 7830-348 Serpa,Serpa,7830-348,37.938505,-7.606757,bp serpa,bp,rua da eira de s. pedro 7830-348 serpa,"2,099 €",2026-05-15_dgeg_postos_raw.csv,2b45a51ffb6fc346
2026-05-15,2026-05-15 14:31:32,2026-05-13 12:20:00,b8dd93fd5f83c4ec,b8dd93fd5f83c4ec_gasoline_98,BP Beja (Castilho),BP,gasoline_98,Gasolina especial 98,Outro,2.299,Beja,Beja,Av. Fialho de Almeida,Beja,7800-000,38.01025,-7.86412,bp beja (castilho),bp,av. fialho de almeida,"2,299 €",2026-05-15_dgeg_postos_raw.csv,c39ff71868ede99a
2026-05-15,2026-05-15 14:31:32,2026-05-13 12:20:00,b8dd93fd5f83c4ec,b8dd93fd5f83c4ec_diesel_regular,BP Beja (Castilho),BP,diesel_regular,Gasóleo simples,Outro,2.109,Beja,Beja,Av. Fialho de Almeida,Beja,7800-000,38.01025,-7.86412,bp beja (castilho),bp,av. fialho de almeida,"2,109 €",2026-05-15_dgeg_postos_raw.csv,45878c4a045c7213
2026-05-15,2026-05-15 14:31:32,2026-05-13 12:20:00,b8dd93fd5f83c4ec,b8dd93fd5f83c4ec_diesel_premium,BP Beja (Castilho),BP,diesel_premium,Gasóleo especial,Outro,2.229,Beja,Beja,Av. Fialho de Almeida,Beja,7800-000,38.01025,-7.86412,bp beja (castilho),bp,av. fialho de almeida,"2,229 €",2026-05-15_dgeg_postos_raw.csv,ff0d999e40dd7ecb
2026-05-15,2026-05-15 14:31:32,2026-05-13 12:20:00,b8dd93fd5f83c4ec,b8dd93fd5f83c4ec_gasoline_95,BP Beja (Castilho),BP,gasoline_95,Gasolina simples 95,Outro,2.099,Beja,Beja,Av. Fialho de Almeida,Beja,7800-000,38.01025,-7.86412,bp beja (castilho),bp,av. fialho de almeida,"2,099 €",2026-05-15_dgeg_postos_raw.csv,725149029d4dafbe
2026-05-15,2026-05-15 14:31:32,2026-05-13 12:25:00,4c599cfb92768e72,4c599cfb92768e72_diesel_regular,GALP Mesão Frio,GALP,diesel_regular,Gasóleo simples,Outro,2.079,Mesão Frio,Vila Real,Rua dos Abraços,Mesão Frio,5040-289,41.159167,-7.890389,galp mesão frio,galp,rua dos abraços,"2,079 €",2026-05-15_dgeg_postos_raw.csv,b3eac9b1abf68209
2026-05-15,2026-05-15 14:31:32,2026-05-13 12:25:00,4c599cfb92768e72,4c599cfb92768e72_diesel_premium,GALP Mesão Frio,GALP,diesel_premium,Gasóleo especial,Outro,2.129,Mesão Frio,Vila Real,Rua dos Abraços,Mesão Frio,5040-289,41.159167,-7.890389,galp mesão frio,galp,rua dos abraços,"2,129 €",2026-05-15_dgeg_postos_raw.csv,6ad91e37e0abd723
2026-05-15,2026-05-15 14:31:32,2026-05-13 12:25:00,4c599cfb92768e72,4c599cfb92768e72_gasoline_95,GALP Mesão Frio,GALP,gasoline_95,Gasolina simples 95,Outro,2.072,Mesão Frio,Vila Real,Rua dos Abraços,Mesão Frio,5040-289,41.159167,-7.890389,galp mesão frio,galp,rua dos abraços,"2,072 €",2026-05-15_dgeg_postos_raw.csv,cf6cfa30bf3ed5f2
2026-05-15,2026-05-15 14:31:32,2026-05-13 12:25:00,4c599cfb92768e72,4c599cfb92768e72_gasoline_98,GALP Mesão Frio,GALP,gasoline_98,Gasolina especial 98,Outro,2.282,Mesão Frio,Vila Real,Rua dos Abraços,Mesão Frio,5040-289,41.159167,-7.890389,galp mesão frio,galp,rua dos abraços,"2,282 €",2026-05-15_dgeg_postos_raw.csv,6678a79786ac6912
2026-05-15,2026-05-15 14:31:32,2026-05-13 12:35:00,00b376d6c2470856,00b376d6c2470856_diesel_regular,PA Vila Meã EN16,Genérico,diesel_regular,Gasóleo simples,Outro,1.949,Viseu,Viseu,EN16,Povolide,3505-247,40.63552,-7.825418,pa vila meã en16,genérico,en16,"1,949 €",2026-05-15_dgeg_postos_raw.csv,9070c0f9374f0f6f
2026-05-15,2026-05-15 14:31:32,2026-05-13 12:35:00,00b376d6c2470856,00b376d6c2470856_gasoline_95,PA Vila Meã EN16,Genérico,gasoline_95,Gasolina simples 95,Outro,1.959,Viseu,Viseu,EN16,Povolide,3505-247,40.63552,-7.825418,pa vila meã en16,genérico,en16,"1,959 €",2026-05-15_dgeg_postos_raw.csv,2664d9ece9368bb5
2026-05-15,2026-05-15 14:31:32,2026-05-13 12:35:00,00b376d6c2470856,00b376d6c2470856_diesel_premium,PA Vila Meã EN16,Genérico,diesel_premium,Gasóleo especial,Outro,1.979,Viseu,Viseu,EN16,Povolide,3505-247,40.63552,-7.825418,pa vila meã en16,genérico,en16,"1,979 €",2026-05-15_dgeg_postos_raw.csv,98b19f0106ce1035
2026-05-15,2026-05-15 14:31:32,2026-05-13 12:35:00,26844d307afb1860,26844d307afb1860_diesel_regular,PA KUMA ENERGIA - Mangualde,Genérico,diesel_regular,Gasóleo simples,Outro,1.949,Mangualde,Viseu,Rua Azurara da Beira n. 125,Mangualde,3530-272,40.604404,-7.753805,pa kuma energia - mangualde,genérico,rua azurara da beira n. 125,"1,949 €",2026-05-15_dgeg_postos_raw.csv,4036ac87f2be845f
2026-05-15,2026-05-15 14:31:32,2026-05-13 12:35:00,26844d307afb1860,26844d307afb1860_gasoline_95,PA KUMA ENERGIA - Mangualde,Genérico,gasoline_95,Gasolina simples 95,Outro,1.959,Mangualde,Viseu,Rua Azurara da Beira n. 125,Mangualde,3530-272,40.604404,-7.753805,pa kuma energia - mangualde,genérico,rua azurara da beira n. 125,"1,959 €",2026-05-15_dgeg_postos_raw.csv,3c3365d139ae3481
2026-05-15,2026-05-15 14:31:32,2026-05-13 12:35:00,26844d307afb1860,26844d307afb1860_diesel_premium,PA KUMA ENERGIA - Mangualde,Genérico,diesel_premium,Gasóleo especial,Outro,1.979,Mangualde,Viseu,Rua Azurara da Beira n. 125,Mangualde,3530-272,40.604404,-7.753805,pa kuma energia - mangualde,genérico,rua azurara da beira n. 125,"1,979 €",2026-05-15_dgeg_postos_raw.csv,1003f0c47ed60341
2026-05-15,2026-05-15 14:31:32,2026-05-13 13:00:00,4fe3d3447678b68b,4fe3d3447678b68b_diesel_premium,PA AB PetroPina ZI,Genérico,diesel_premium,Gasóleo especial,Outro,2.045,Aguiar da Beira,Guarda,"Zona Industrial de Aguiar da Beira, Rua B, Lote 8 B",Aguiar da Beira,3570-049,40.811718,-7.544567,pa ab petropina zi,genérico,"zona industrial de aguiar da beira, rua b, lote 8 b","2,045 €",2026-05-15_dgeg_postos_raw.csv,f2ecb423a4eebf6f
2026-05-15,2026-05-15 14:31:32,2026-05-13 13:00:00,c8e5c9c39f29ef40,c8e5c9c39f29ef40_diesel_premium,Posto BP Gouveia,BP,diesel_premium,Gasóleo especial,Outro,2.224,Gouveia,Guarda,EN 232,Nespereira,6290-251,40.51015,-7.6274,posto bp gouveia,bp,en 232,"2,224 €",2026-05-15_dgeg_postos_raw.csv,1600878fcf59ef52
2026-05-15,2026-05-15 14:31:32,2026-05-13 13:00:00,c8e5c9c39f29ef40,c8e5c9c39f29ef40_diesel_regular,Posto BP Gouveia,BP,diesel_regular,Gasóleo simples,Outro,2.054,Gouveia,Guarda,EN 232,Nespereira,6290-251,40.51015,-7.6274,posto bp gouveia,bp,en 232,"2,054 €",2026-05-15_dgeg_postos_raw.csv,bdf862a758a3d43c
2026-05-15,2026-05-15 14:31:32,2026-05-13 13:00:00,c8e5c9c39f29ef40,c8e5c9c39f29ef40_gasoline_95,Posto BP Gouveia,BP,gasoline_95,Gasolina simples 95,Outro,2.049,Gouveia,Guarda,EN 232,Nespereira,6290-251,40.51015,-7.6274,posto bp gouveia,bp,en 232,"2,049 €",2026-05-15_dgeg_postos_raw.csv,47ab99ed79272b3d
2026-05-15,2026-05-15 14:31:32,2026-05-13 13:00:00,4fe3d3447678b68b,4fe3d3447678b68b_diesel_regular,PA AB PetroPina ZI,Genérico,diesel_regular,Gasóleo simples,Outro,2.025,Aguiar da Beira,Guarda,"Zona Industrial de Aguiar da Beira, Rua B, Lote 8 B",Aguiar da Beira,3570-049,40.811718,-7.544567,pa ab petropina zi,genérico,"zona industrial de aguiar da beira, rua b, lote 8 b","2,025 €",2026-05-15_dgeg_postos_raw.csv,d65fc69bd93d3fc3
2026-05-15,2026-05-15 14:31:32,2026-05-13 13:00:00,4fe3d3447678b68b,4fe3d3447678b68b_gasoline_95,PA AB PetroPina ZI,Genérico,gasoline_95,Gasolina simples 95,Outro,2.031,Aguiar da Beira,Guarda,"Zona Industrial de Aguiar da Beira, Rua B, Lote 8 B",Aguiar da Beira,3570-049,40.811718,-7.544567,pa ab petropina zi,genérico,"zona industrial de aguiar da beira, rua b, lote 8 b","2,031 €",2026-05-15_dgeg_postos_raw.csv,df106ed5bce7b19e
2026-05-15,2026-05-15 14:31:32,2026-05-13 13:00:00,2aa9981c27bb503d,2aa9981c27bb503d_diesel_premium,PA PETROSÁTÃO,Genérico,diesel_premium,Gasóleo especial,Outro,1.967,Sátão,Viseu,"Rua do Cardal, 48",Sátão,3560-133,40.74627,-7.731664,pa petrosátão,genérico,"rua do cardal, 48","1,967 €",2026-05-15_dgeg_postos_raw.csv,458be7a5de1c9f38
2026-05-15,2026-05-15 14:31:32,2026-05-13 13:00:00,2aa9981c27bb503d,2aa9981c27bb503d_diesel_regular,PA PETROSÁTÃO,Genérico,diesel_regular,Gasóleo simples,Outro,1.947,Sátão,Viseu,"Rua do Cardal, 48",Sátão,3560-133,40.74627,-7.731664,pa petrosátão,genérico,"rua do cardal, 48","1,947 €",2026-05-15_dgeg_postos_raw.csv,86ba5baf4c461284
2026-05-15,2026-05-15 14:31:32,2026-05-13 13:00:00,2aa9981c27bb503d,2aa9981c27bb503d_gasoline_95,PA PETROSÁTÃO,Genérico,gasoline_95,Gasolina simples 95,Outro,1.959,Sátão,Viseu,"Rua do Cardal, 48",Sátão,3560-133,40.74627,-7.731664,pa petrosátão,genérico,"rua do cardal, 48","1,959 €",2026-05-15_dgeg_postos_raw.csv,d37eb3b9c503d22b
2026-05-15,2026-05-15 14:31:32,2026-05-13 13:00:00,e2cfc844dbf93604,e2cfc844dbf93604_diesel_regular,"SOCIEDADE DISTRIBUIDORA DE COMBUSTÍVEIS DA MARGINAL, LDA.",GALP,diesel_regular,Gasóleo simples,Outro,2.079,Cascais,Lisboa,"Largo de São Domingos, 153",São Domingos de Rana,2785-595,38.70214,-9.34072,"sociedade distribuidora de combustíveis da marginal, lda.",galp,"largo de são domingos, 153","2,079 €",2026-05-15_dgeg_postos_raw.csv,07e01d12cf5e7f04
2026-05-15,2026-05-15 14:31:32,2026-05-13 13:00:00,e2cfc844dbf93604,e2cfc844dbf93604_diesel_premium,"SOCIEDADE DISTRIBUIDORA DE COMBUSTÍVEIS DA MARGINAL, LDA.",GALP,diesel_premium,Gasóleo especial,Outro,2.129,Cascais,Lisboa,"Largo de São Domingos, 153",São Domingos de Rana,2785-595,38.70214,-9.34072,"sociedade distribuidora de combustíveis da marginal, lda.",galp,"largo de são domingos, 153","2,129 €",2026-05-15_dgeg_postos_raw.csv,fcfbf68867adc3d8
2026-05-15,2026-05-15 14:31:32,2026-05-13 13:00:00,e2cfc844dbf93604,e2cfc844dbf93604_gasoline_95,"SOCIEDADE DISTRIBUIDORA DE COMBUSTÍVEIS DA MARGINAL, LDA.",GALP,gasoline_95,Gasolina simples 95,Outro,2.072,Cascais,Lisboa,"Largo de São Domingos, 153",São Domingos de Rana,2785-595,38.70214,-9.34072,"sociedade distribuidora de combustíveis da marginal, lda.",galp,"largo de são domingos, 153","2,072 €",2026-05-15_dgeg_postos_raw.csv,5b90ff6690f10e01
2026-05-15,2026-05-15 14:31:32,2026-05-13 13:15:00,30a432c204a8aaab,30a432c204a8aaab_diesel_regular,E.S. BIDOEIRA DE CIMA,REPSOL,diesel_regular,Gasóleo simples,Outro,2.029,Leiria,Leiria,Estrada da Guia - Casais da Bidoeira,Bidoeira de Cima,2415-023,39.86831,-8.75239,e.s. bidoeira de cima,repsol,estrada da guia - casais da bidoeira,"2,029 €",2026-05-15_dgeg_postos_raw.csv,0092e989d7b87d39
2026-05-15,2026-05-15 14:31:32,2026-05-13 13:15:00,30a432c204a8aaab,30a432c204a8aaab_diesel_premium,E.S. BIDOEIRA DE CIMA,REPSOL,diesel_premium,Gasóleo especial,Outro,2.089,Leiria,Leiria,Estrada da Guia - Casais da Bidoeira,Bidoeira de Cima,2415-023,39.86831,-8.75239,e.s. bidoeira de cima,repsol,estrada da guia - casais da bidoeira,"2,089 €",2026-05-15_dgeg_postos_raw.csv,4b2f95511c31f9c6
2026-05-15,2026-05-15 14:31:32,2026-05-13 13:15:00,30a432c204a8aaab,30a432c204a8aaab_gasoline_95,E.S. BIDOEIRA DE CIMA,REPSOL,gasoline_95,Gasolina simples 95,Outro,2.027,Leiria,Leiria,Estrada da Guia - Casais da Bidoeira,Bidoeira de Cima,2415-023,39.86831,-8.75239,e.s. bidoeira de cima,repsol,estrada da guia - casais da bidoeira,"2,027 €",2026-05-15_dgeg_postos_raw.csv,0077449dc232a0f7
2026-05-15,2026-05-15 14:31:32,2026-05-13 13:15:00,30a432c204a8aaab,30a432c204a8aaab_gasoline_98,E.S. BIDOEIRA DE CIMA,REPSOL,gasoline_98,Gasolina especial 98,Outro,2.217,Leiria,Leiria,Estrada da Guia - Casais da Bidoeira,Bidoeira de Cima,2415-023,39.86831,-8.75239,e.s. bidoeira de cima,repsol,estrada da guia - casais da bidoeira,"2,217 €",2026-05-15_dgeg_postos_raw.csv,4bf5ebdf6e724436
2026-05-15,2026-05-15 14:31:32,2026-05-13 13:15:00,412aac93b454dc0f,412aac93b454dc0f_diesel_premium,E.S. VERMOIL,REPSOL,diesel_premium,Gasóleo especial,Outro,2.089,Pombal,Leiria,RUA DOS COMBATENTES 2,Vermoil,3105-437,39.847633,-8.657124,e.s. vermoil,repsol,rua dos combatentes 2,"2,089 €",2026-05-15_dgeg_postos_raw.csv,bf1b3fa909742e07
2026-05-15,2026-05-15 14:31:32,2026-05-13 13:15:00,412aac93b454dc0f,412aac93b454dc0f_diesel_regular,E.S. VERMOIL,REPSOL,diesel_regular,Gasóleo simples,Outro,2.029,Pombal,Leiria,RUA DOS COMBATENTES 2,Vermoil,3105-437,39.847633,-8.657124,e.s. vermoil,repsol,rua dos combatentes 2,"2,029 €",2026-05-15_dgeg_postos_raw.csv,d8e8308accfe0b3f
2026-05-15,2026-05-15 14:31:32,2026-05-13 13:15:00,412aac93b454dc0f,412aac93b454dc0f_gasoline_95,E.S. VERMOIL,REPSOL,gasoline_95,Gasolina simples 95,Outro,2.027,Pombal,Leiria,RUA DOS COMBATENTES 2,Vermoil,3105-437,39.847633,-8.657124,e.s. vermoil,repsol,rua dos combatentes 2,"2,027 €",2026-05-15_dgeg_postos_raw.csv,3ac526a783b7b514
2026-05-15,2026-05-15 14:31:32,2026-05-13 13:15:00,412aac93b454dc0f,412aac93b454dc0f_gasoline_98,E.S. VERMOIL,REPSOL,gasoline_98,Gasolina especial 98,Outro,2.217,Pombal,Leiria,RUA DOS COMBATENTES 2,Vermoil,3105-437,39.847633,-8.657124,e.s. vermoil,repsol,rua dos combatentes 2,"2,217 €",2026-05-15_dgeg_postos_raw.csv,11af9760e8bebffc
2026-05-15,2026-05-15 14:31:32,2026-05-13 13:20:00,21b5d6923f3b1581,21b5d6923f3b1581_diesel_regular,Faustino & Faustino- Poutena,Genérico,diesel_regular,Gasóleo simples,Outro,1.971,Anadia,Aveiro,"EN 334 Km 21,5",Poutena-Vilarinho Bairro,3780-594,40.4212,-8.57509,faustino & faustino- poutena,genérico,"en 334 km 21,5","1,971 €",2026-05-15_dgeg_postos_raw.csv,9f989df8c6831aae
2026-05-15,2026-05-15 14:31:32,2026-05-13 13:20:00,21b5d6923f3b1581,21b5d6923f3b1581_diesel_premium,Faustino & Faustino- Poutena,Genérico,diesel_premium,Gasóleo especial,Outro,1.999,Anadia,Aveiro,"EN 334 Km 21,5",Poutena-Vilarinho Bairro,3780-594,40.4212,-8.57509,faustino & faustino- poutena,genérico,"en 334 km 21,5","1,999 €",2026-05-15_dgeg_postos_raw.csv,b5d8ed91b15d3e53
2026-05-15,2026-05-15 14:31:32,2026-05-13 13:20:00,21b5d6923f3b1581,21b5d6923f3b1581_gasoline_95,Faustino & Faustino- Poutena,Genérico,gasoline_95,Gasolina simples 95,Outro,1.994,Anadia,Aveiro,"EN 334 Km 21,5",Poutena-Vilarinho Bairro,3780-594,40.4212,-8.57509,faustino & faustino- poutena,genérico,"en 334 km 21,5","1,994 €",2026-05-15_dgeg_postos_raw.csv,793291e6cd312f9d
2026-05-15,2026-05-15 14:31:32,2026-05-13 13:55:00,146fcbecddc90fa6,146fcbecddc90fa6_gasoline_98,Coast Splendor,BP,gasoline_98,Gasolina especial 98,Outro,2.299,Loulé,Faro,Avenida Vilamoura XXI,Benfarras,8125-406,37.11425,-8.118029,coast splendor,bp,avenida vilamoura xxi,"2,299 €",2026-05-15_dgeg_postos_raw.csv,81635468d99a28a7
2026-05-15,2026-05-15 14:31:32,2026-05-13 13:55:00,146fcbecddc90fa6,146fcbecddc90fa6_diesel_regular,Coast Splendor,BP,diesel_regular,Gasóleo simples,Outro,2.109,Loulé,Faro,Avenida Vilamoura XXI,Benfarras,8125-406,37.11425,-8.118029,coast splendor,bp,avenida vilamoura xxi,"2,109 €",2026-05-15_dgeg_postos_raw.csv,7751d03c185d98ec
2026-05-15,2026-05-15 14:31:32,2026-05-13 13:55:00,146fcbecddc90fa6,146fcbecddc90fa6_diesel_premium,Coast Splendor,BP,diesel_premium,Gasóleo especial,Outro,2.229,Loulé,Faro,Avenida Vilamoura XXI,Benfarras,8125-406,37.11425,-8.118029,coast splendor,bp,avenida vilamoura xxi,"2,229 €",2026-05-15_dgeg_postos_raw.csv,ab4391b75d3e337e
2026-05-15,2026-05-15 14:31:32,2026-05-13 13:55:00,146fcbecddc90fa6,146fcbecddc90fa6_gasoline_95,Coast Splendor,BP,gasoline_95,Gasolina simples 95,Outro,2.099,Loulé,Faro,Avenida Vilamoura XXI,Benfarras,8125-406,37.11425,-8.118029,coast splendor,bp,avenida vilamoura xxi,"2,099 €",2026-05-15_dgeg_postos_raw.csv,2ae97295474aeba4
2026-05-15,2026-05-15 14:31:32,2026-05-13 14:00:00,3e0cfa3ead6afb42,3e0cfa3ead6afb42_diesel_regular,BP Venda do Pinheiro,BP,diesel_regular,Gasóleo simples,Outro,2.109,Mafra,Lisboa,"Av. 9 de Julho, 31\n",Venda do Pinheiro,2665-000,38.919766,-9.23032,bp venda do pinheiro,bp,"av. 9 de julho, 31\n","2,109 €",2026-05-15_dgeg_postos_raw.csv,fd292ecfac6c90be
2026-05-15,2026-05-15 14:31:32,2026-05-13 14:00:00,3e0cfa3ead6afb42,3e0cfa3ead6afb42_diesel_premium,BP Venda do Pinheiro,BP,diesel_premium,Gasóleo especial,Outro,2.229,Mafra,Lisboa,"Av. 9 de Julho, 31\n",Venda do Pinheiro,2665-000,38.919766,-9.23032,bp venda do pinheiro,bp,"av. 9 de julho, 31\n","2,229 €",2026-05-15_dgeg_postos_raw.csv,2554cd5d1b909fba
2026-05-15,2026-05-15 14:31:32,2026-05-13 14:00:00,3e0cfa3ead6afb42,3e0cfa3ead6afb42_gasoline_95,BP Venda do Pinheiro,BP,gasoline_95,Gasolina simples 95,Outro,2.099,Mafra,Lisboa,"Av. 9 de Julho, 31\n",Venda do Pinheiro,2665-000,38.919766,-9.23032,bp venda do pinheiro,bp,"av. 9 de julho, 31\n","2,099 €",2026-05-15_dgeg_postos_raw.csv,b83ef3b23ff77855
2026-05-15,2026-05-15 14:31:32,2026-05-13 14:00:00,3e0cfa3ead6afb42,3e0cfa3ead6afb42_gasoline_98,BP Venda do Pinheiro,BP,gasoline_98,Gasolina especial 98,Outro,2.299,Mafra,Lisboa,"Av. 9 de Julho, 31\n",Venda do Pinheiro,2665-000,38.919766,-9.23032,bp venda do pinheiro,bp,"av. 9 de julho, 31\n","2,299 €",2026-05-15_dgeg_postos_raw.csv,e04eaf53bd109e9c
2026-05-15,2026-05-15 14:31:32,2026-05-13 14:00:00,24f386bd4c9e8a55,24f386bd4c9e8a55_diesel_regular,GALP Nelas,GALP,diesel_regular,Gasóleo simples,Outro,2.029,Nelas,Viseu,Rua Dr. Eurico Amaral,Nelas,3520-050,40.52817,-7.85764,galp nelas,galp,rua dr. eurico amaral,"2,029 €",2026-05-15_dgeg_postos_raw.csv,78317637177ebb3f
2026-05-15,2026-05-15 14:31:32,2026-05-13 14:00:00,24f386bd4c9e8a55,24f386bd4c9e8a55_diesel_premium,GALP Nelas,GALP,diesel_premium,Gasóleo especial,Outro,2.079,Nelas,Viseu,Rua Dr. Eurico Amaral,Nelas,3520-050,40.52817,-7.85764,galp nelas,galp,rua dr. eurico amaral,"2,079 €",2026-05-15_dgeg_postos_raw.csv,3a24fad3fb08237d
2026-05-15,2026-05-15 14:31:32,2026-05-13 14:00:00,24f386bd4c9e8a55,24f386bd4c9e8a55_gasoline_95,GALP Nelas,GALP,gasoline_95,Gasolina simples 95,Outro,2.026,Nelas,Viseu,Rua Dr. Eurico Amaral,Nelas,3520-050,40.52817,-7.85764,galp nelas,galp,rua dr. eurico amaral,"2,026 €",2026-05-15_dgeg_postos_raw.csv,cfbb4d2eb12d701a
2026-05-15,2026-05-15 14:31:32,2026-05-13 14:00:00,24f386bd4c9e8a55,24f386bd4c9e8a55_gasoline_98,GALP Nelas,GALP,gasoline_98,Gasolina especial 98,Outro,2.236,Nelas,Viseu,Rua Dr. Eurico Amaral,Nelas,3520-050,40.52817,-7.85764,galp nelas,galp,rua dr. eurico amaral,"2,236 €",2026-05-15_dgeg_postos_raw.csv,073284ad03adaeaa
2026-05-15,2026-05-15 14:31:32,2026-05-13 14:15:00,5167477be85d877f,5167477be85d877f_diesel_regular,Bp Estremoz,BP,diesel_regular,Gasóleo simples,Outro,2.084,Estremoz,Évora,"Zona Industrial de Estremoz, lote nº 63",Estremoz,7100-147,38.84741,-7.5815,bp estremoz,bp,"zona industrial de estremoz, lote nº 63","2,084 €",2026-05-15_dgeg_postos_raw.csv,86f92e1bbd50fe55
2026-05-15,2026-05-15 14:31:32,2026-05-13 14:15:00,5167477be85d877f,5167477be85d877f_diesel_premium,Bp Estremoz,BP,diesel_premium,Gasóleo especial,Outro,2.224,Estremoz,Évora,"Zona Industrial de Estremoz, lote nº 63",Estremoz,7100-147,38.84741,-7.5815,bp estremoz,bp,"zona industrial de estremoz, lote nº 63","2,224 €",2026-05-15_dgeg_postos_raw.csv,7cfcfe7f945fccf1
2026-05-15,2026-05-15 14:31:32,2026-05-13 14:15:00,5167477be85d877f,5167477be85d877f_gasoline_95,Bp Estremoz,BP,gasoline_95,Gasolina simples 95,Outro,2.079,Estremoz,Évora,"Zona Industrial de Estremoz, lote nº 63",Estremoz,7100-147,38.84741,-7.5815,bp estremoz,bp,"zona industrial de estremoz, lote nº 63","2,079 €",2026-05-15_dgeg_postos_raw.csv,017ee6faa198172c
2026-05-15,2026-05-15 14:31:32,2026-05-13 14:15:00,5167477be85d877f,5167477be85d877f_gasoline_98,Bp Estremoz,BP,gasoline_98,Gasolina especial 98,Outro,2.299,Estremoz,Évora,"Zona Industrial de Estremoz, lote nº 63",Estremoz,7100-147,38.84741,-7.5815,bp estremoz,bp,"zona industrial de estremoz, lote nº 63","2,299 €",2026-05-15_dgeg_postos_raw.csv,2721b1f9e5797e01
2026-05-15,2026-05-15 14:31:32,2026-05-13 14:25:00,eb4bb830e6014f85,eb4bb830e6014f85_diesel_regular,Intermarché Miranda do Douro,INTERMARCHÉ,diesel_regular,Gasóleo simples,Área comercial (Hipermercados),1.939,Miranda do Douro,Bragança,"Estrada  Nacional 218, Choupo",Miranda do Douro,5210-206,41.505103,-6.285527,intermarché miranda do douro,intermarché,"estrada nacional 218, choupo","1,939 €",2026-05-15_dgeg_postos_raw.csv,66c0b0a135f38f55
2026-05-15,2026-05-15 14:31:32,2026-05-13 14:25:00,eb4bb830e6014f85,eb4bb830e6014f85_diesel_premium,Intermarché Miranda do Douro,INTERMARCHÉ,diesel_premium,Gasóleo especial,Área comercial (Hipermercados),1.939,Miranda do Douro,Bragança,"Estrada  Nacional 218, Choupo",Miranda do Douro,5210-206,41.505103,-6.285527,intermarché miranda do douro,intermarché,"estrada nacional 218, choupo","1,939 €",2026-05-15_dgeg_postos_raw.csv,30452cdeab463ef6
2026-05-15,2026-05-15 14:31:32,2026-05-13 14:25:00,eb4bb830e6014f85,eb4bb830e6014f85_gasoline_95,Intermarché Miranda do Douro,INTERMARCHÉ,gasoline_95,Gasolina simples 95,Área comercial (Hipermercados),1.879,Miranda do Douro,Bragança,"Estrada  Nacional 218, Choupo",Miranda do Douro,5210-206,41.505103,-6.285527,intermarché miranda do douro,intermarché,"estrada nacional 218, choupo","1,879 €",2026-05-15_dgeg_postos_raw.csv,403677b5df32e3a7
2026-05-15,2026-05-15 14:31:32,2026-05-13 14:35:00,67b70af7ed723494,67b70af7ed723494_diesel_regular,AB de Abrantes,ALVES BANDEIRA,diesel_regular,Gasóleo simples,Outro,2.027,Abrantes,Santarém,Rua D. João I,Samarra - São Vicente,2200-233,39.46791,-8.20883,ab de abrantes,alves bandeira,rua d. joão i,"2,027 €",2026-05-15_dgeg_postos_raw.csv,fbc5089261f02e66
2026-05-15,2026-05-15 14:31:32,2026-05-13 14:35:00,67b70af7ed723494,67b70af7ed723494_diesel_premium,AB de Abrantes,ALVES BANDEIRA,diesel_premium,Gasóleo especial,Outro,2.047,Abrantes,Santarém,Rua D. João I,Samarra - São Vicente,2200-233,39.46791,-8.20883,ab de abrantes,alves bandeira,rua d. joão i,"2,047 €",2026-05-15_dgeg_postos_raw.csv,2b692f68497129aa
2026-05-15,2026-05-15 14:31:32,2026-05-13 14:35:00,67b70af7ed723494,67b70af7ed723494_gasoline_95,AB de Abrantes,ALVES BANDEIRA,gasoline_95,Gasolina simples 95,Outro,2.025,Abrantes,Santarém,Rua D. João I,Samarra - São Vicente,2200-233,39.46791,-8.20883,ab de abrantes,alves bandeira,rua d. joão i,"2,025 €",2026-05-15_dgeg_postos_raw.csv,f06657d423dc55bb
2026-05-15,2026-05-15 14:31:32,2026-05-13 14:40:00,be819ed6c49432db,be819ed6c49432db_diesel_regular,BP AV. PADRE CRUZ,BP,diesel_regular,Gasóleo simples,Outro,2.109,Lisboa,Lisboa,Av. Padre Cruz,Lisboa,1600-000,38.762511,-9.163239,bp av. padre cruz,bp,av. padre cruz,"2,109 €",2026-05-15_dgeg_postos_raw.csv,b73e09d4492b6e0f
2026-05-15,2026-05-15 14:31:32,2026-05-13 14:40:00,be819ed6c49432db,be819ed6c49432db_diesel_premium,BP AV. PADRE CRUZ,BP,diesel_premium,Gasóleo especial,Outro,2.229,Lisboa,Lisboa,Av. Padre Cruz,Lisboa,1600-000,38.762511,-9.163239,bp av. padre cruz,bp,av. padre cruz,"2,229 €",2026-05-15_dgeg_postos_raw.csv,f8f3abbb7f2e2b12
2026-05-15,2026-05-15 14:31:32,2026-05-13 14:40:00,be819ed6c49432db,be819ed6c49432db_gasoline_95,BP AV. PADRE CRUZ,BP,gasoline_95,Gasolina simples 95,Outro,2.099,Lisboa,Lisboa,Av. Padre Cruz,Lisboa,1600-000,38.762511,-9.163239,bp av. padre cruz,bp,av. padre cruz,"2,099 €",2026-05-15_dgeg_postos_raw.csv,bcc5a1a04421b60e
2026-05-15,2026-05-15 14:31:32,2026-05-13 14:40:00,be819ed6c49432db,be819ed6c49432db_gasoline_98,BP AV. PADRE CRUZ,BP,gasoline_98,Gasolina especial 98,Outro,2.299,Lisboa,Lisboa,Av. Padre Cruz,Lisboa,1600-000,38.762511,-9.163239,bp av. padre cruz,bp,av. padre cruz,"2,299 €",2026-05-15_dgeg_postos_raw.csv,38a5b176799a47ee
2026-05-15,2026-05-15 14:31:32,2026-05-13 14:55:00,b590380f5ed4e016,b590380f5ed4e016_diesel_regular,POSTO AGUIAR DA BEIRA,Genérico,diesel_regular,Gasóleo simples,Outro,2.084,Aguiar da Beira,Guarda,Quinta de Stº Estevão,Ponte do Abade,3570-191,40.85363,-7.50846,posto aguiar da beira,genérico,quinta de stº estevão,"2,084 €",2026-05-15_dgeg_postos_raw.csv,11207b8512f1ff3e
2026-05-15,2026-05-15 14:31:32,2026-05-13 14:55:00,b590380f5ed4e016,b590380f5ed4e016_diesel_premium,POSTO AGUIAR DA BEIRA,Genérico,diesel_premium,Gasóleo especial,Outro,2.129,Aguiar da Beira,Guarda,Quinta de Stº Estevão,Ponte do Abade,3570-191,40.85363,-7.50846,posto aguiar da beira,genérico,quinta de stº estevão,"2,129 €",2026-05-15_dgeg_postos_raw.csv,60e690d58dd8a433
2026-05-15,2026-05-15 14:31:32,2026-05-13 14:55:00,b590380f5ed4e016,b590380f5ed4e016_gasoline_95,POSTO AGUIAR DA BEIRA,Genérico,gasoline_95,Gasolina simples 95,Outro,2.243,Aguiar da Beira,Guarda,Quinta de Stº Estevão,Ponte do Abade,3570-191,40.85363,-7.50846,posto aguiar da beira,genérico,quinta de stº estevão,"2,243 €",2026-05-15_dgeg_postos_raw.csv,f66407f717c57923
2026-05-15,2026-05-15 14:31:32,2026-05-13 15:00:00,f4809de0b1490217,f4809de0b1490217_diesel_regular,"Posto GALP Lousã EN342  - Anibal Antunes Bandeira, Lda",GALP,diesel_regular,Gasóleo simples,Outro,2.055,Lousã,Coimbra,"EN 342 ao Km 8,75 (Variante Lousã-Miranda do Corvo)",Zona Industrial do Alto do Padrão,3200-133,40.11746,-8.28732,"posto galp lousã en342 - anibal antunes bandeira, lda",galp,"en 342 ao km 8,75 (variante lousã-miranda do corvo)","2,055 €",2026-05-15_dgeg_postos_raw.csv,9562fdd00c1d3680
2026-05-15,2026-05-15 14:31:32,2026-05-13 15:00:00,f4809de0b1490217,f4809de0b1490217_diesel_premium,"Posto GALP Lousã EN342  - Anibal Antunes Bandeira, Lda",GALP,diesel_premium,Gasóleo especial,Outro,2.105,Lousã,Coimbra,"EN 342 ao Km 8,75 (Variante Lousã-Miranda do Corvo)",Zona Industrial do Alto do Padrão,3200-133,40.11746,-8.28732,"posto galp lousã en342 - anibal antunes bandeira, lda",galp,"en 342 ao km 8,75 (variante lousã-miranda do corvo)","2,105 €",2026-05-15_dgeg_postos_raw.csv,d7071d2118c04223
2026-05-15,2026-05-15 14:31:32,2026-05-13 15:00:00,f4809de0b1490217,f4809de0b1490217_gasoline_95,"Posto GALP Lousã EN342  - Anibal Antunes Bandeira, Lda",GALP,gasoline_95,Gasolina simples 95,Outro,2.051,Lousã,Coimbra,"EN 342 ao Km 8,75 (Variante Lousã-Miranda do Corvo)",Zona Industrial do Alto do Padrão,3200-133,40.11746,-8.28732,"posto galp lousã en342 - anibal antunes bandeira, lda",galp,"en 342 ao km 8,75 (variante lousã-miranda do corvo)","2,051 €",2026-05-15_dgeg_postos_raw.csv,9e3aa84aaba302bf
2026-05-15,2026-05-15 14:31:32,2026-05-13 15:25:00,3d5e1874426376ce,3d5e1874426376ce_diesel_premium,PA CHAMAGÁS Gala (Morraceira),CHAMAGÁS,diesel_premium,Gasóleo especial,Outro,1.979,Figueira da Foz,Coimbra,Rua Major Humberto Cruz - Morraceira,Cova,3090-707,40.13671,-8.847939,pa chamagás gala (morraceira),chamagás,rua major humberto cruz - morraceira,"1,979 €",2026-05-15_dgeg_postos_raw.csv,14d28a65161f03d8
2026-05-15,2026-05-15 14:31:32,2026-05-13 15:25:00,3d5e1874426376ce,3d5e1874426376ce_diesel_regular,PA CHAMAGÁS Gala (Morraceira),CHAMAGÁS,diesel_regular,Gasóleo simples,Outro,1.939,Figueira da Foz,Coimbra,Rua Major Humberto Cruz - Morraceira,Cova,3090-707,40.13671,-8.847939,pa chamagás gala (morraceira),chamagás,rua major humberto cruz - morraceira,"1,939 €",2026-05-15_dgeg_postos_raw.csv,ed186f0014ade744
2026-05-15,2026-05-15 14:31:32,2026-05-13 15:25:00,3d5e1874426376ce,3d5e1874426376ce_gasoline_95,PA CHAMAGÁS Gala (Morraceira),CHAMAGÁS,gasoline_95,Gasolina simples 95,Outro,1.944,Figueira da Foz,Coimbra,Rua Major Humberto Cruz - Morraceira,Cova,3090-707,40.13671,-8.847939,pa chamagás gala (morraceira),chamagás,rua major humberto cruz - morraceira,"1,944 €",2026-05-15_dgeg_postos_raw.csv,4e9e892f805b4c98
2026-05-15,2026-05-15 14:31:32,2026-05-13 15:25:00,a7f7bb7fd87456d3,a7f7bb7fd87456d3_diesel_regular,PA CHAMAGÁS Pedroso,CHAMAGÁS,diesel_regular,Gasóleo simples,Outro,1.934,Vila Nova de Gaia,Porto,"Rua Nova da Raposa, 353 - Pedroso",Pedroso,4415-207,41.068367,-8.575472,pa chamagás pedroso,chamagás,"rua nova da raposa, 353 - pedroso","1,934 €",2026-05-15_dgeg_postos_raw.csv,ec94986d47fd1e71
2026-05-15,2026-05-15 14:31:32,2026-05-13 15:25:00,a7f7bb7fd87456d3,a7f7bb7fd87456d3_gasoline_95,PA CHAMAGÁS Pedroso,CHAMAGÁS,gasoline_95,Gasolina simples 95,Outro,1.944,Vila Nova de Gaia,Porto,"Rua Nova da Raposa, 353 - Pedroso",Pedroso,4415-207,41.068367,-8.575472,pa chamagás pedroso,chamagás,"rua nova da raposa, 353 - pedroso","1,944 €",2026-05-15_dgeg_postos_raw.csv,82f1bc90a7fc8083
2026-05-15,2026-05-15 14:31:32,2026-05-13 15:30:00,c60ba52ca88fc28b,c60ba52ca88fc28b_diesel_regular,SUPERALJUSTREL-SUPERMERCADOS LDA,INTERMARCHÉ,diesel_regular,Gasóleo simples,Outro,1.858,Aljustrel,Beja,Ramal de Beja,Aljustrel,7600-073,37.88466,-8.15134,superaljustrel-supermercados lda,intermarché,ramal de beja,"1,858 €",2026-05-15_dgeg_postos_raw.csv,0bb51968a19cdc48
2026-05-15,2026-05-15 14:31:32,2026-05-13 15:30:00,c60ba52ca88fc28b,c60ba52ca88fc28b_diesel_premium,SUPERALJUSTREL-SUPERMERCADOS LDA,INTERMARCHÉ,diesel_premium,Gasóleo especial,Outro,1.878,Aljustrel,Beja,Ramal de Beja,Aljustrel,7600-073,37.88466,-8.15134,superaljustrel-supermercados lda,intermarché,ramal de beja,"1,878 €",2026-05-15_dgeg_postos_raw.csv,2f3164d15377caea
2026-05-15,2026-05-15 14:31:32,2026-05-13 15:30:00,c60ba52ca88fc28b,c60ba52ca88fc28b_gasoline_95,SUPERALJUSTREL-SUPERMERCADOS LDA,INTERMARCHÉ,gasoline_95,Gasolina simples 95,Outro,1.908,Aljustrel,Beja,Ramal de Beja,Aljustrel,7600-073,37.88466,-8.15134,superaljustrel-supermercados lda,intermarché,ramal de beja,"1,908 €",2026-05-15_dgeg_postos_raw.csv,3189274c384e0dcf
2026-05-15,2026-05-15 14:31:32,2026-05-13 16:55:00,ca14d2cf54ebdb21,ca14d2cf54ebdb21_diesel_premium,POSTO AMÉRICO DE SÁ,Genérico,diesel_premium,Gasóleo especial,Outro,2.029,Ansião,Leiria,Charneca do Alvorge,Alvorge,3240-407,39.97835,-8.46728,posto américo de sá,genérico,charneca do alvorge,"2,029 €",2026-05-15_dgeg_postos_raw.csv,25ff5aa8a3b6dd1c
2026-05-15,2026-05-15 14:31:32,2026-05-13 16:55:00,ca14d2cf54ebdb21,ca14d2cf54ebdb21_diesel_regular,POSTO AMÉRICO DE SÁ,Genérico,diesel_regular,Gasóleo simples,Outro,2.009,Ansião,Leiria,Charneca do Alvorge,Alvorge,3240-407,39.97835,-8.46728,posto américo de sá,genérico,charneca do alvorge,"2,009 €",2026-05-15_dgeg_postos_raw.csv,c5efada90e37dfa3
2026-05-15,2026-05-15 14:31:32,2026-05-13 16:55:00,ca14d2cf54ebdb21,ca14d2cf54ebdb21_gasoline_95,POSTO AMÉRICO DE SÁ,Genérico,gasoline_95,Gasolina simples 95,Outro,2.049,Ansião,Leiria,Charneca do Alvorge,Alvorge,3240-407,39.97835,-8.46728,posto américo de sá,genérico,charneca do alvorge,"2,049 €",2026-05-15_dgeg_postos_raw.csv,3fc6df7be095d89d
2026-05-15,2026-05-15 14:31:32,2026-05-13 17:05:00,2647d450b8fb4e8a,2647d450b8fb4e8a_diesel_regular,"Adega Cooperativa de Azueira, CRL",GALP,diesel_regular,Gasóleo simples,Outro,1.95,Mafra,Lisboa,"E.N. 8, km 14, nº1 - Carrascal",Carrascal,2665-009,38.99703,-9.27594,"adega cooperativa de azueira, crl",galp,"e.n. 8, km 14, nº1 - carrascal","1,950 €",2026-05-15_dgeg_postos_raw.csv,000736e6025873d5
2026-05-15,2026-05-15 14:31:32,2026-05-13 17:20:00,4d3910a197a4e636,4d3910a197a4e636_diesel_regular,BP Moscavide,BP,diesel_regular,Gasóleo simples,Outro,2.109,Lisboa,Lisboa,Praça José Queirós,Lisboa,1800-237,38.773537,-9.105285,bp moscavide,bp,praça josé queirós,"2,109 €",2026-05-15_dgeg_postos_raw.csv,deaac90e26a1d687
2026-05-15,2026-05-15 14:31:32,2026-05-13 17:20:00,4d3910a197a4e636,4d3910a197a4e636_diesel_premium,BP Moscavide,BP,diesel_premium,Gasóleo especial,Outro,2.229,Lisboa,Lisboa,Praça José Queirós,Lisboa,1800-237,38.773537,-9.105285,bp moscavide,bp,praça josé queirós,"2,229 €",2026-05-15_dgeg_postos_raw.csv,2c7b1f6830767724
2026-05-15,2026-05-15 14:31:32,2026-05-13 17:20:00,4d3910a197a4e636,4d3910a197a4e636_gasoline_95,BP Moscavide,BP,gasoline_95,Gasolina simples 95,Outro,2.099,Lisboa,Lisboa,Praça José Queirós,Lisboa,1800-237,38.773537,-9.105285,bp moscavide,bp,praça josé queirós,"2,099 €",2026-05-15_dgeg_postos_raw.csv,f1d4fdd51655fe27
2026-05-15,2026-05-15 14:31:32,2026-05-13 17:20:00,4d3910a197a4e636,4d3910a197a4e636_gasoline_98,BP Moscavide,BP,gasoline_98,Gasolina especial 98,Outro,2.299,Lisboa,Lisboa,Praça José Queirós,Lisboa,1800-237,38.773537,-9.105285,bp moscavide,bp,praça josé queirós,"2,299 €",2026-05-15_dgeg_postos_raw.csv,f921d1f418d429fb
2026-05-15,2026-05-15 14:31:32,2026-05-13 17:45:00,d65f010d1bc91972,d65f010d1bc91972_diesel_regular,E.S. FARO-LICEU A,REPSOL,diesel_regular,Gasóleo simples,Outro,2.029,Faro,Faro,Av. Dr. Almeida Carrapato,Faro,8000-000,37.02038,-7.92333,e.s. faro-liceu a,repsol,av. dr. almeida carrapato,"2,029 €",2026-05-15_dgeg_postos_raw.csv,6a518636fd604a90
2026-05-15,2026-05-15 14:31:32,2026-05-13 17:45:00,d65f010d1bc91972,d65f010d1bc91972_diesel_premium,E.S. FARO-LICEU A,REPSOL,diesel_premium,Gasóleo especial,Outro,2.089,Faro,Faro,Av. Dr. Almeida Carrapato,Faro,8000-000,37.02038,-7.92333,e.s. faro-liceu a,repsol,av. dr. almeida carrapato,"2,089 €",2026-05-15_dgeg_postos_raw.csv,76ec56abd611534e
2026-05-15,2026-05-15 14:31:32,2026-05-13 17:45:00,d65f010d1bc91972,d65f010d1bc91972_gasoline_95,E.S. FARO-LICEU A,REPSOL,gasoline_95,Gasolina simples 95,Outro,2.019,Faro,Faro,Av. Dr. Almeida Carrapato,Faro,8000-000,37.02038,-7.92333,e.s. faro-liceu a,repsol,av. dr. almeida carrapato,"2,019 €",2026-05-15_dgeg_postos_raw.csv,33c557adeefbbaeb
2026-05-15,2026-05-15 14:31:32,2026-05-13 17:45:00,d65f010d1bc91972,d65f010d1bc91972_gasoline_98,E.S. FARO-LICEU A,REPSOL,gasoline_98,Gasolina especial 98,Outro,2.209,Faro,Faro,Av. Dr. Almeida Carrapato,Faro,8000-000,37.02038,-7.92333,e.s. faro-liceu a,repsol,av. dr. almeida carrapato,"2,209 €",2026-05-15_dgeg_postos_raw.csv,a3d960baace3d310
2026-05-15,2026-05-15 14:31:32,2026-05-13 18:00:00,fe00cafa42611a25,fe00cafa42611a25_diesel_regular,E.S. FARO-LICEU B,REPSOL,diesel_regular,Gasóleo simples,Outro,2.029,Faro,Faro,Av. Dr. Almeida Carrapato,Faro,8000-000,37.02005,-7.92353,e.s. faro-liceu b,repsol,av. dr. almeida carrapato,"2,029 €",2026-05-15_dgeg_postos_raw.csv,b443047424452f46
2026-05-15,2026-05-15 14:31:32,2026-05-13 18:00:00,fe00cafa42611a25,fe00cafa42611a25_diesel_premium,E.S. FARO-LICEU B,REPSOL,diesel_premium,Gasóleo especial,Outro,2.089,Faro,Faro,Av. Dr. Almeida Carrapato,Faro,8000-000,37.02005,-7.92353,e.s. faro-liceu b,repsol,av. dr. almeida carrapato,"2,089 €",2026-05-15_dgeg_postos_raw.csv,9838bfb992ca73bd
2026-05-15,2026-05-15 14:31:32,2026-05-13 18:00:00,fe00cafa42611a25,fe00cafa42611a25_gasoline_95,E.S. FARO-LICEU B,REPSOL,gasoline_95,Gasolina simples 95,Outro,2.019,Faro,Faro,Av. Dr. Almeida Carrapato,Faro,8000-000,37.02005,-7.92353,e.s. faro-liceu b,repsol,av. dr. almeida carrapato,"2,019 €",2026-05-15_dgeg_postos_raw.csv,ccb31d986ecfb8c9
2026-05-15,2026-05-15 14:31:32,2026-05-13 18:00:00,fe00cafa42611a25,fe00cafa42611a25_gasoline_98,E.S. FARO-LICEU B,REPSOL,gasoline_98,Gasolina especial 98,Outro,2.209,Faro,Faro,Av. Dr. Almeida Carrapato,Faro,8000-000,37.02005,-7.92353,e.s. faro-liceu b,repsol,av. dr. almeida carrapato,"2,209 €",2026-05-15_dgeg_postos_raw.csv,a470b2c913b12f4d
2026-05-15,2026-05-15 14:31:32,2026-05-13 19:00:00,1d7542507de6f384,1d7542507de6f384_diesel_regular,AB Arco de Baulhe,ALVES BANDEIRA,diesel_regular,Gasóleo simples,Outro,2.075,Cabeceiras de Basto,Braga,Rua Alambique,Arco de Baúlhe,4860-064,41.486267,-7.966994,ab arco de baulhe,alves bandeira,rua alambique,"2,075 €",2026-05-15_dgeg_postos_raw.csv,7b8d384d0a2601de
2026-05-15,2026-05-15 14:31:32,2026-05-13 19:00:00,1d7542507de6f384,1d7542507de6f384_gasoline_95,AB Arco de Baulhe,ALVES BANDEIRA,gasoline_95,Gasolina simples 95,Outro,2.081,Cabeceiras de Basto,Braga,Rua Alambique,Arco de Baúlhe,4860-064,41.486267,-7.966994,ab arco de baulhe,alves bandeira,rua alambique,"2,081 €",2026-05-15_dgeg_postos_raw.csv,96ccc4e3ed755ddf
2026-05-15,2026-05-15 14:31:32,2026-05-13 19:00:00,1d7542507de6f384,1d7542507de6f384_diesel_premium,AB Arco de Baulhe,ALVES BANDEIRA,diesel_premium,Gasóleo especial,Outro,2.095,Cabeceiras de Basto,Braga,Rua Alambique,Arco de Baúlhe,4860-064,41.486267,-7.966994,ab arco de baulhe,alves bandeira,rua alambique,"2,095 €",2026-05-15_dgeg_postos_raw.csv,923f6d6182426f59
2026-05-15,2026-05-15 14:31:32,2026-05-13 20:55:00,37a618701f2102d1,37a618701f2102d1_diesel_regular,Tanque Xeio Combustíveis,BP,diesel_regular,Gasóleo simples,Outro,1.958,Barcelos,Braga,"Rua 25 de Abril, nº 1273",Alvelos,4755-034,41.51535,-8.61622,tanque xeio combustíveis,bp,"rua 25 de abril, nº 1273","1,958 €",2026-05-15_dgeg_postos_raw.csv,99786242f7d6b960
2026-05-15,2026-05-15 14:31:32,2026-05-13 20:55:00,37a618701f2102d1,37a618701f2102d1_diesel_premium,Tanque Xeio Combustíveis,BP,diesel_premium,Gasóleo especial,Outro,1.968,Barcelos,Braga,"Rua 25 de Abril, nº 1273",Alvelos,4755-034,41.51535,-8.61622,tanque xeio combustíveis,bp,"rua 25 de abril, nº 1273","1,968 €",2026-05-15_dgeg_postos_raw.csv,2ae3b24e5aa03cc8
2026-05-15,2026-05-15 14:31:32,2026-05-13 20:55:00,37a618701f2102d1,37a618701f2102d1_gasoline_95,Tanque Xeio Combustíveis,BP,gasoline_95,Gasolina simples 95,Outro,1.965,Barcelos,Braga,"Rua 25 de Abril, nº 1273",Alvelos,4755-034,41.51535,-8.61622,tanque xeio combustíveis,bp,"rua 25 de abril, nº 1273","1,965 €",2026-05-15_dgeg_postos_raw.csv,36df554c8d2db6b6
2026-05-15,2026-05-15 14:31:32,2026-05-14 00:00:00,885e47425862cad9,885e47425862cad9_diesel_regular,Galp  Sandim,GALP,diesel_regular,Gasóleo simples,Outro,2.055,Vila Nova de Gaia,Porto,Rua de Gondesinho Eres - Largo do Tourão,Sandim,4415-903,41.041897,-8.520756,galp sandim,galp,rua de gondesinho eres - largo do tourão,"2,055 €",2026-05-15_dgeg_postos_raw.csv,0658dd9e1f190bc3
2026-05-15,2026-05-15 14:31:32,2026-05-14 00:00:00,885e47425862cad9,885e47425862cad9_diesel_premium,Galp  Sandim,GALP,diesel_premium,Gasóleo especial,Outro,2.105,Vila Nova de Gaia,Porto,Rua de Gondesinho Eres - Largo do Tourão,Sandim,4415-903,41.041897,-8.520756,galp sandim,galp,rua de gondesinho eres - largo do tourão,"2,105 €",2026-05-15_dgeg_postos_raw.csv,a0a017240db7a4a8
2026-05-15,2026-05-15 14:31:32,2026-05-14 00:00:00,885e47425862cad9,885e47425862cad9_gasoline_95,Galp  Sandim,GALP,gasoline_95,Gasolina simples 95,Outro,2.051,Vila Nova de Gaia,Porto,Rua de Gondesinho Eres - Largo do Tourão,Sandim,4415-903,41.041897,-8.520756,galp sandim,galp,rua de gondesinho eres - largo do tourão,"2,051 €",2026-05-15_dgeg_postos_raw.csv,a78a1af37b5e27f9
2026-05-15,2026-05-15 14:31:32,2026-05-14 00:00:00,885e47425862cad9,885e47425862cad9_gasoline_98,Galp  Sandim,GALP,gasoline_98,Gasolina especial 98,Outro,2.261,Vila Nova de Gaia,Porto,Rua de Gondesinho Eres - Largo do Tourão,Sandim,4415-903,41.041897,-8.520756,galp sandim,galp,rua de gondesinho eres - largo do tourão,"2,261 €",2026-05-15_dgeg_postos_raw.csv,babda939300fadb4
2026-05-15,2026-05-15 14:31:32,2026-05-14 00:00:00,a62b5574c31a6ccf,a62b5574c31a6ccf_diesel_regular,Galp - Santo António,GALP,diesel_regular,Gasóleo simples,Outro,2.055,Arouca,Aveiro,"P.Galp-Sto Antº.-E.N.326-Km 37,100",Santo António,4540-551,40.928017,-8.270331,galp - santo antónio,galp,"p.galp-sto antº.-e.n.326-km 37,100","2,055 €",2026-05-15_dgeg_postos_raw.csv,6263ba76274a52b1
2026-05-15,2026-05-15 14:31:32,2026-05-14 00:00:00,a62b5574c31a6ccf,a62b5574c31a6ccf_diesel_premium,Galp - Santo António,GALP,diesel_premium,Gasóleo especial,Outro,2.115,Arouca,Aveiro,"P.Galp-Sto Antº.-E.N.326-Km 37,100",Santo António,4540-551,40.928017,-8.270331,galp - santo antónio,galp,"p.galp-sto antº.-e.n.326-km 37,100","2,115 €",2026-05-15_dgeg_postos_raw.csv,c63c9e4ccda3487f
2026-05-15,2026-05-15 14:31:32,2026-05-14 00:00:00,a62b5574c31a6ccf,a62b5574c31a6ccf_gasoline_95,Galp - Santo António,GALP,gasoline_95,Gasolina simples 95,Outro,2.051,Arouca,Aveiro,"P.Galp-Sto Antº.-E.N.326-Km 37,100",Santo António,4540-551,40.928017,-8.270331,galp - santo antónio,galp,"p.galp-sto antº.-e.n.326-km 37,100","2,051 €",2026-05-15_dgeg_postos_raw.csv,b6b0d1bd913a47a3
2026-05-15,2026-05-15 14:31:32,2026-05-14 00:00:00,a62b5574c31a6ccf,a62b5574c31a6ccf_gasoline_98,Galp - Santo António,GALP,gasoline_98,Gasolina especial 98,Outro,2.261,Arouca,Aveiro,"P.Galp-Sto Antº.-E.N.326-Km 37,100",Santo António,4540-551,40.928017,-8.270331,galp - santo antónio,galp,"p.galp-sto antº.-e.n.326-km 37,100","2,261 €",2026-05-15_dgeg_postos_raw.csv,96dc1e041d333579
2026-05-15,2026-05-15 14:31:32,2026-05-14 00:00:00,cac5fe403b40071d,cac5fe403b40071d_diesel_premium,E.S. ALENQUER,REPSOL,diesel_premium,Gasóleo especial,Outro,2.149,Alenquer,Lisboa,VARIANTE ALVARO PEDRO,ALENQUER,2580-347,39.039504,-8.989226,e.s. alenquer,repsol,variante alvaro pedro,"2,149 €",2026-05-15_dgeg_postos_raw.csv,d03b1543feef2aca
2026-05-15,2026-05-15 14:31:32,2026-05-14 00:00:00,cac5fe403b40071d,cac5fe403b40071d_diesel_regular,E.S. ALENQUER,REPSOL,diesel_regular,Gasóleo simples,Outro,2.079,Alenquer,Lisboa,VARIANTE ALVARO PEDRO,ALENQUER,2580-347,39.039504,-8.989226,e.s. alenquer,repsol,variante alvaro pedro,"2,079 €",2026-05-15_dgeg_postos_raw.csv,683b8a91784e7d9a
2026-05-15,2026-05-15 14:31:32,2026-05-14 00:00:00,cac5fe403b40071d,cac5fe403b40071d_gasoline_95,E.S. ALENQUER,REPSOL,gasoline_95,Gasolina simples 95,Outro,2.067,Alenquer,Lisboa,VARIANTE ALVARO PEDRO,ALENQUER,2580-347,39.039504,-8.989226,e.s. alenquer,repsol,variante alvaro pedro,"2,067 €",2026-05-15_dgeg_postos_raw.csv,8b27655eb3c13ac1
2026-05-15,2026-05-15 14:31:32,2026-05-14 00:00:00,d7ac5c270f5a37cf,d7ac5c270f5a37cf_diesel_regular,E.S. OLHAO,REPSOL,diesel_regular,Gasóleo simples,Outro,2.059,Olhão,Faro,EN 125,Brancanes,8700-207,37.030327,-7.850788,e.s. olhao,repsol,en 125,"2,059 €",2026-05-15_dgeg_postos_raw.csv,c6dddeb59d0a0e80
2026-05-15,2026-05-15 14:31:32,2026-05-14 00:00:00,d7ac5c270f5a37cf,d7ac5c270f5a37cf_diesel_premium,E.S. OLHAO,REPSOL,diesel_premium,Gasóleo especial,Outro,2.119,Olhão,Faro,EN 125,Brancanes,8700-207,37.030327,-7.850788,e.s. olhao,repsol,en 125,"2,119 €",2026-05-15_dgeg_postos_raw.csv,a310c99d12feb763
2026-05-15,2026-05-15 14:31:32,2026-05-14 00:00:00,d7ac5c270f5a37cf,d7ac5c270f5a37cf_gasoline_95,E.S. OLHAO,REPSOL,gasoline_95,Gasolina simples 95,Outro,2.054,Olhão,Faro,EN 125,Brancanes,8700-207,37.030327,-7.850788,e.s. olhao,repsol,en 125,"2,054 €",2026-05-15_dgeg_postos_raw.csv,f316be1e9f4845a7
2026-05-15,2026-05-15 14:31:32,2026-05-14 00:00:00,d7ac5c270f5a37cf,d7ac5c270f5a37cf_gasoline_98,E.S. OLHAO,REPSOL,gasoline_98,Gasolina especial 98,Outro,2.244,Olhão,Faro,EN 125,Brancanes,8700-207,37.030327,-7.850788,e.s. olhao,repsol,en 125,"2,244 €",2026-05-15_dgeg_postos_raw.csv,3c89593d8b5af47b
2026-05-15,2026-05-15 14:31:32,2026-05-14 00:00:00,f98dd89e953de30f,f98dd89e953de30f_gasoline_98,E.S. LAGOS II,REPSOL,gasoline_98,Gasolina especial 98,Outro,2.224,Lagos,Faro,Av. dos Descobrimentos,Lagos,8600-000,37.105,-8.67349,e.s. lagos ii,repsol,av. dos descobrimentos,"2,224 €",2026-05-15_dgeg_postos_raw.csv,857709e372980321
2026-05-15,2026-05-15 14:31:32,2026-05-14 00:00:00,93e5d67acdf80d05,93e5d67acdf80d05_diesel_regular,E.S. CARREGADO,REPSOL,diesel_regular,Gasóleo simples,Outro,2.079,Alenquer,Lisboa,Rua Pinto Barreiros,Carregado - Qtª Da Barrada,2580-499,39.02384,-8.97498,e.s. carregado,repsol,rua pinto barreiros,"2,079 €",2026-05-15_dgeg_postos_raw.csv,93506d5f18cdc25e
2026-05-15,2026-05-15 14:31:32,2026-05-14 00:00:00,93e5d67acdf80d05,93e5d67acdf80d05_diesel_premium,E.S. CARREGADO,REPSOL,diesel_premium,Gasóleo especial,Outro,2.149,Alenquer,Lisboa,Rua Pinto Barreiros,Carregado - Qtª Da Barrada,2580-499,39.02384,-8.97498,e.s. carregado,repsol,rua pinto barreiros,"2,149 €",2026-05-15_dgeg_postos_raw.csv,d5dec5235ab9c580
2026-05-15,2026-05-15 14:31:32,2026-05-14 00:00:00,93e5d67acdf80d05,93e5d67acdf80d05_gasoline_95,E.S. CARREGADO,REPSOL,gasoline_95,Gasolina simples 95,Outro,2.067,Alenquer,Lisboa,Rua Pinto Barreiros,Carregado - Qtª Da Barrada,2580-499,39.02384,-8.97498,e.s. carregado,repsol,rua pinto barreiros,"2,067 €",2026-05-15_dgeg_postos_raw.csv,31c16c6bf9ec2ba0
2026-05-15,2026-05-15 14:31:32,2026-05-14 00:00:00,b9408290f32f11b3,b9408290f32f11b3_diesel_regular,E.S. CONQUINHA,REPSOL,diesel_regular,Gasóleo simples,Outro,2.039,Torres Vedras,Lisboa,Av. da Liberdade,Urb da Conquinha,2560-271,39.08198,-9.26038,e.s. conquinha,repsol,av. da liberdade,"2,039 €",2026-05-15_dgeg_postos_raw.csv,b32bcc0e988c2c6e
2026-05-15,2026-05-15 14:31:32,2026-05-14 00:00:00,b9408290f32f11b3,b9408290f32f11b3_diesel_premium,E.S. CONQUINHA,REPSOL,diesel_premium,Gasóleo especial,Outro,2.099,Torres Vedras,Lisboa,Av. da Liberdade,Urb da Conquinha,2560-271,39.08198,-9.26038,e.s. conquinha,repsol,av. da liberdade,"2,099 €",2026-05-15_dgeg_postos_raw.csv,a079bc6d4f4434fb
2026-05-15,2026-05-15 14:31:32,2026-05-14 00:00:00,b9408290f32f11b3,b9408290f32f11b3_gasoline_95,E.S. CONQUINHA,REPSOL,gasoline_95,Gasolina simples 95,Outro,2.037,Torres Vedras,Lisboa,Av. da Liberdade,Urb da Conquinha,2560-271,39.08198,-9.26038,e.s. conquinha,repsol,av. da liberdade,"2,037 €",2026-05-15_dgeg_postos_raw.csv,6c4f5215f496a961
2026-05-15,2026-05-15 14:31:32,2026-05-14 00:00:00,b9408290f32f11b3,b9408290f32f11b3_gasoline_98,E.S. CONQUINHA,REPSOL,gasoline_98,Gasolina especial 98,Outro,2.227,Torres Vedras,Lisboa,Av. da Liberdade,Urb da Conquinha,2560-271,39.08198,-9.26038,e.s. conquinha,repsol,av. da liberdade,"2,227 €",2026-05-15_dgeg_postos_raw.csv,7827ea753353bf89
2026-05-15,2026-05-15 14:31:32,2026-05-14 00:00:00,8d5b3506942802f8,8d5b3506942802f8_diesel_regular,E.S. CHOUPAL,REPSOL,diesel_regular,Gasóleo simples,Outro,2.039,Torres Vedras,Lisboa,EN 8,Choupal,2560-000,39.09764,-9.26006,e.s. choupal,repsol,en 8,"2,039 €",2026-05-15_dgeg_postos_raw.csv,182d332e5784fde1
2026-05-15,2026-05-15 14:31:32,2026-05-14 00:00:00,8d5b3506942802f8,8d5b3506942802f8_diesel_premium,E.S. CHOUPAL,REPSOL,diesel_premium,Gasóleo especial,Outro,2.099,Torres Vedras,Lisboa,EN 8,Choupal,2560-000,39.09764,-9.26006,e.s. choupal,repsol,en 8,"2,099 €",2026-05-15_dgeg_postos_raw.csv,02168d71bdb4d752
2026-05-15,2026-05-15 14:31:32,2026-05-14 00:00:00,8d5b3506942802f8,8d5b3506942802f8_gasoline_95,E.S. CHOUPAL,REPSOL,gasoline_95,Gasolina simples 95,Outro,2.037,Torres Vedras,Lisboa,EN 8,Choupal,2560-000,39.09764,-9.26006,e.s. choupal,repsol,en 8,"2,037 €",2026-05-15_dgeg_postos_raw.csv,bb883bc38e5f4731
2026-05-15,2026-05-15 14:31:32,2026-05-14 00:00:00,8d5b3506942802f8,8d5b3506942802f8_gasoline_98,E.S. CHOUPAL,REPSOL,gasoline_98,Gasolina especial 98,Outro,2.227,Torres Vedras,Lisboa,EN 8,Choupal,2560-000,39.09764,-9.26006,e.s. choupal,repsol,en 8,"2,227 €",2026-05-15_dgeg_postos_raw.csv,1ce7cb3b43d5e1d5
2026-05-15,2026-05-15 14:31:32,2026-05-14 00:00:00,563e4f14ec5ece2b,563e4f14ec5ece2b_diesel_regular,GASPE Macedo de Cavaleiros,GASPE,diesel_regular,Gasóleo simples,Outro,2.059,Macedo de Cavaleiros,Bragança,Av. Comendador Joaquim António Ferreira,Macedo de Cavaleiros,5340-289,41.52921,-6.96355,gaspe macedo de cavaleiros,gaspe,av. comendador joaquim antónio ferreira,"2,059 €",2026-05-15_dgeg_postos_raw.csv,e54d16165f69fb95
2026-05-15,2026-05-15 14:31:32,2026-05-14 00:00:00,563e4f14ec5ece2b,563e4f14ec5ece2b_diesel_premium,GASPE Macedo de Cavaleiros,GASPE,diesel_premium,Gasóleo especial,Outro,2.079,Macedo de Cavaleiros,Bragança,Av. Comendador Joaquim António Ferreira,Macedo de Cavaleiros,5340-289,41.52921,-6.96355,gaspe macedo de cavaleiros,gaspe,av. comendador joaquim antónio ferreira,"2,079 €",2026-05-15_dgeg_postos_raw.csv,d14898d1f880ff0a
2026-05-15,2026-05-15 14:31:32,2026-05-14 00:00:00,563e4f14ec5ece2b,563e4f14ec5ece2b_gasoline_95,GASPE Macedo de Cavaleiros,GASPE,gasoline_95,Gasolina simples 95,Outro,2.062,Macedo de Cavaleiros,Bragança,Av. Comendador Joaquim António Ferreira,Macedo de Cavaleiros,5340-289,41.52921,-6.96355,gaspe macedo de cavaleiros,gaspe,av. comendador joaquim antónio ferreira,"2,062 €",2026-05-15_dgeg_postos_raw.csv,40413502866df3c1
2026-05-15,2026-05-15 14:31:32,2026-05-14 00:00:00,89c7a4b9316e64a9,89c7a4b9316e64a9_diesel_regular,BP A1 Santarém (Este),BP,diesel_regular,Gasóleo simples,Auto-estrada,2.098,Santarém,Santarém,A. E. 1 - Km 84,A1 Santarém (Este),2001-701,39.391315,-8.637829,bp a1 santarém (este),bp,a. e. 1 - km 84,"2,098 €",2026-05-15_dgeg_postos_raw.csv,4a40be676391fe17
2026-05-15,2026-05-15 14:31:32,2026-05-14 00:00:00,89c7a4b9316e64a9,89c7a4b9316e64a9_diesel_premium,BP A1 Santarém (Este),BP,diesel_premium,Gasóleo especial,Auto-estrada,2.218,Santarém,Santarém,A. E. 1 - Km 84,A1 Santarém (Este),2001-701,39.391315,-8.637829,bp a1 santarém (este),bp,a. e. 1 - km 84,"2,218 €",2026-05-15_dgeg_postos_raw.csv,1ef30b6df76ed209
2026-05-15,2026-05-15 14:31:32,2026-05-14 00:00:00,89c7a4b9316e64a9,89c7a4b9316e64a9_gasoline_95,BP A1 Santarém (Este),BP,gasoline_95,Gasolina simples 95,Auto-estrada,2.089,Santarém,Santarém,A. E. 1 - Km 84,A1 Santarém (Este),2001-701,39.391315,-8.637829,bp a1 santarém (este),bp,a. e. 1 - km 84,"2,089 €",2026-05-15_dgeg_postos_raw.csv,058a2928e6e1732e
2026-05-15,2026-05-15 14:31:32,2026-05-14 00:00:00,df31c8efd5c4c6dd,df31c8efd5c4c6dd_diesel_regular,BP A1 Mealhada (Oeste),BP,diesel_regular,Gasóleo simples,Auto-estrada,2.098,Cantanhede,Coimbra,A1 - Km 204 - Enxofães - Murtede,Cantanhede,3060-000,40.33284,-8.493592,bp a1 mealhada (oeste),bp,a1 - km 204 - enxofães - murtede,"2,098 €",2026-05-15_dgeg_postos_raw.csv,24b1a5059be882d9
2026-05-15,2026-05-15 14:31:32,2026-05-14 00:00:00,df31c8efd5c4c6dd,df31c8efd5c4c6dd_diesel_premium,BP A1 Mealhada (Oeste),BP,diesel_premium,Gasóleo especial,Auto-estrada,2.218,Cantanhede,Coimbra,A1 - Km 204 - Enxofães - Murtede,Cantanhede,3060-000,40.33284,-8.493592,bp a1 mealhada (oeste),bp,a1 - km 204 - enxofães - murtede,"2,218 €",2026-05-15_dgeg_postos_raw.csv,05c5493b91a00e01
2026-05-15,2026-05-15 14:31:32,2026-05-14 00:00:00,df31c8efd5c4c6dd,df31c8efd5c4c6dd_gasoline_95,BP A1 Mealhada (Oeste),BP,gasoline_95,Gasolina simples 95,Auto-estrada,2.089,Cantanhede,Coimbra,A1 - Km 204 - Enxofães - Murtede,Cantanhede,3060-000,40.33284,-8.493592,bp a1 mealhada (oeste),bp,a1 - km 204 - enxofães - murtede,"2,089 €",2026-05-15_dgeg_postos_raw.csv,a78b613ba2e5ebd4
2026-05-15,2026-05-15 14:31:32,2026-05-14 00:00:00,9f2a0207870948df,9f2a0207870948df_diesel_regular,BP A1 Mealhada (Este),BP,diesel_regular,Gasóleo simples,Auto-estrada,2.098,Cantanhede,Coimbra,A1 - Km 204 - Enxofães - Murtede,Cantanhede,3060-000,40.333252,-8.492648,bp a1 mealhada (este),bp,a1 - km 204 - enxofães - murtede,"2,098 €",2026-05-15_dgeg_postos_raw.csv,77d3e05d1ede2024
2026-05-15,2026-05-15 14:31:32,2026-05-14 00:00:00,9f2a0207870948df,9f2a0207870948df_diesel_premium,BP A1 Mealhada (Este),BP,diesel_premium,Gasóleo especial,Auto-estrada,2.218,Cantanhede,Coimbra,A1 - Km 204 - Enxofães - Murtede,Cantanhede,3060-000,40.333252,-8.492648,bp a1 mealhada (este),bp,a1 - km 204 - enxofães - murtede,"2,218 €",2026-05-15_dgeg_postos_raw.csv,d27604aab317025c
2026-05-15,2026-05-15 14:31:32,2026-05-14 00:00:00,9f2a0207870948df,9f2a0207870948df_gasoline_95,BP A1 Mealhada (Este),BP,gasoline_95,Gasolina simples 95,Auto-estrada,2.089,Cantanhede,Coimbra,A1 - Km 204 - Enxofães - Murtede,Cantanhede,3060-000,40.333252,-8.492648,bp a1 mealhada (este),bp,a1 - km 204 - enxofães - murtede,"2,089 €",2026-05-15_dgeg_postos_raw.csv,af765f993160f18f
2026-05-15,2026-05-15 14:31:32,2026-05-14 00:00:00,b0ce51e539be3727,b0ce51e539be3727_diesel_regular,BP A1 Santarém (Oeste),BP,diesel_regular,Gasóleo simples,Auto-estrada,2.098,Santarém,Santarém,A. E. 1 - Km 84,A1 Santarém (Oeste),2001-701,39.393482,-8.640076,bp a1 santarém (oeste),bp,a. e. 1 - km 84,"2,098 €",2026-05-15_dgeg_postos_raw.csv,cc1a603b4c20b881
2026-05-15,2026-05-15 14:31:32,2026-05-14 00:00:00,b0ce51e539be3727,b0ce51e539be3727_diesel_premium,BP A1 Santarém (Oeste),BP,diesel_premium,Gasóleo especial,Auto-estrada,2.218,Santarém,Santarém,A. E. 1 - Km 84,A1 Santarém (Oeste),2001-701,39.393482,-8.640076,bp a1 santarém (oeste),bp,a. e. 1 - km 84,"2,218 €",2026-05-15_dgeg_postos_raw.csv,3617029706f23d06
2026-05-15,2026-05-15 14:31:32,2026-05-14 00:00:00,b0ce51e539be3727,b0ce51e539be3727_gasoline_95,BP A1 Santarém (Oeste),BP,gasoline_95,Gasolina simples 95,Auto-estrada,2.089,Santarém,Santarém,A. E. 1 - Km 84,A1 Santarém (Oeste),2001-701,39.393482,-8.640076,bp a1 santarém (oeste),bp,a. e. 1 - km 84,"2,089 €",2026-05-15_dgeg_postos_raw.csv,80d60540ff348314
2026-05-15,2026-05-15 14:31:32,2026-05-14 00:00:00,168dcc275f36e756,168dcc275f36e756_diesel_regular,BP A2 SEIXAL,BP,diesel_regular,Gasóleo simples,Auto-estrada,2.078,Seixal,Setúbal,A. E. 2 Km 12 Sublanço Almada - Fogueteiro,Torre da Marinha,2840-000,38.622807,-9.134171,bp a2 seixal,bp,a. e. 2 km 12 sublanço almada - fogueteiro,"2,078 €",2026-05-15_dgeg_postos_raw.csv,293d6dfc5f89486a
2026-05-15,2026-05-15 14:31:32,2026-05-14 00:00:00,168dcc275f36e756,168dcc275f36e756_diesel_premium,BP A2 SEIXAL,BP,diesel_premium,Gasóleo especial,Auto-estrada,2.198,Seixal,Setúbal,A. E. 2 Km 12 Sublanço Almada - Fogueteiro,Torre da Marinha,2840-000,38.622807,-9.134171,bp a2 seixal,bp,a. e. 2 km 12 sublanço almada - fogueteiro,"2,198 €",2026-05-15_dgeg_postos_raw.csv,f0ac8e78f896e62b
2026-05-15,2026-05-15 14:31:32,2026-05-14 00:00:00,168dcc275f36e756,168dcc275f36e756_gasoline_95,BP A2 SEIXAL,BP,gasoline_95,Gasolina simples 95,Auto-estrada,2.069,Seixal,Setúbal,A. E. 2 Km 12 Sublanço Almada - Fogueteiro,Torre da Marinha,2840-000,38.622807,-9.134171,bp a2 seixal,bp,a. e. 2 km 12 sublanço almada - fogueteiro,"2,069 €",2026-05-15_dgeg_postos_raw.csv,8107baba525c5db0
2026-05-15,2026-05-15 14:31:32,2026-05-14 00:05:00,5eed1fcfcd824de0,5eed1fcfcd824de0_diesel_regular,BP IRIVO,BP,diesel_regular,Gasóleo simples,Outro,2.109,Penafiel,Porto,"Avenida da Ermida, n.º 343",Irivo,4560-171,41.16955,-8.32944,bp irivo,bp,"avenida da ermida, n.º 343","2,109 €",2026-05-15_dgeg_postos_raw.csv,5b34ea7bcd465787
2026-05-15,2026-05-15 14:31:32,2026-05-14 00:05:00,5eed1fcfcd824de0,5eed1fcfcd824de0_diesel_premium,BP IRIVO,BP,diesel_premium,Gasóleo especial,Outro,2.229,Penafiel,Porto,"Avenida da Ermida, n.º 343",Irivo,4560-171,41.16955,-8.32944,bp irivo,bp,"avenida da ermida, n.º 343","2,229 €",2026-05-15_dgeg_postos_raw.csv,281f7d3ab86e1368
2026-05-15,2026-05-15 14:31:32,2026-05-14 00:05:00,5eed1fcfcd824de0,5eed1fcfcd824de0_gasoline_95,BP IRIVO,BP,gasoline_95,Gasolina simples 95,Outro,2.099,Penafiel,Porto,"Avenida da Ermida, n.º 343",Irivo,4560-171,41.16955,-8.32944,bp irivo,bp,"avenida da ermida, n.º 343","2,099 €",2026-05-15_dgeg_postos_raw.csv,bafdf738768a215f
2026-05-15,2026-05-15 14:31:32,2026-05-14 00:05:00,5eed1fcfcd824de0,5eed1fcfcd824de0_gasoline_98,BP IRIVO,BP,gasoline_98,Gasolina especial 98,Outro,2.299,Penafiel,Porto,"Avenida da Ermida, n.º 343",Irivo,4560-171,41.16955,-8.32944,bp irivo,bp,"avenida da ermida, n.º 343","2,299 €",2026-05-15_dgeg_postos_raw.csv,15f6f61e720dba1f
2026-05-15,2026-05-15 14:31:32,2026-05-14 07:00:00,dd3c7a0b9ac9af2c,dd3c7a0b9ac9af2c_diesel_regular,BP Via Norte Amieira Este,BP,diesel_regular,Gasóleo simples,Outro,2.084,Matosinhos,Porto,Amieira Via Norte \r\nEN 13 km 0.76,S.M.Infesta,4465-000,41.18586,-8.62412,bp via norte amieira este,bp,amieira via norte \r\nen 13 km 0.76,"2,084 €",2026-05-15_dgeg_postos_raw.csv,53a79c739afff615
2026-05-15,2026-05-15 14:31:32,2026-05-14 07:00:00,dd3c7a0b9ac9af2c,dd3c7a0b9ac9af2c_diesel_premium,BP Via Norte Amieira Este,BP,diesel_premium,Gasóleo especial,Outro,2.224,Matosinhos,Porto,Amieira Via Norte \r\nEN 13 km 0.76,S.M.Infesta,4465-000,41.18586,-8.62412,bp via norte amieira este,bp,amieira via norte \r\nen 13 km 0.76,"2,224 €",2026-05-15_dgeg_postos_raw.csv,4cdf24e4ea98b8cb
2026-05-15,2026-05-15 14:31:32,2026-05-14 07:00:00,dd3c7a0b9ac9af2c,dd3c7a0b9ac9af2c_gasoline_95,BP Via Norte Amieira Este,BP,gasoline_95,Gasolina simples 95,Outro,2.089,Matosinhos,Porto,Amieira Via Norte \r\nEN 13 km 0.76,S.M.Infesta,4465-000,41.18586,-8.62412,bp via norte amieira este,bp,amieira via norte \r\nen 13 km 0.76,"2,089 €",2026-05-15_dgeg_postos_raw.csv,7339f560c4bb9840
2026-05-15,2026-05-15 14:31:32,2026-05-14 07:00:00,dd3c7a0b9ac9af2c,dd3c7a0b9ac9af2c_gasoline_98,BP Via Norte Amieira Este,BP,gasoline_98,Gasolina especial 98,Outro,2.299,Matosinhos,Porto,Amieira Via Norte \r\nEN 13 km 0.76,S.M.Infesta,4465-000,41.18586,-8.62412,bp via norte amieira este,bp,amieira via norte \r\nen 13 km 0.76,"2,299 €",2026-05-15_dgeg_postos_raw.csv,0bbc0579838d34a7
2026-05-15,2026-05-15 14:31:32,2026-05-14 07:00:00,4be350db52b2cf97,4be350db52b2cf97_diesel_regular,BP Via Norte Amieira Oeste,BP,diesel_regular,Gasóleo simples,Outro,2.084,Matosinhos,Porto,Amieira Via Norte\r\nEN13 KM 0.76,S. Mamede de Infesta,4465-000,41.18594,-8.62477,bp via norte amieira oeste,bp,amieira via norte\r\nen13 km 0.76,"2,084 €",2026-05-15_dgeg_postos_raw.csv,95f0fd51c19503d9
2026-05-15,2026-05-15 14:31:32,2026-05-14 07:00:00,4be350db52b2cf97,4be350db52b2cf97_diesel_premium,BP Via Norte Amieira Oeste,BP,diesel_premium,Gasóleo especial,Outro,2.224,Matosinhos,Porto,Amieira Via Norte\r\nEN13 KM 0.76,S. Mamede de Infesta,4465-000,41.18594,-8.62477,bp via norte amieira oeste,bp,amieira via norte\r\nen13 km 0.76,"2,224 €",2026-05-15_dgeg_postos_raw.csv,458442b37feb1c0e
2026-05-15,2026-05-15 14:31:32,2026-05-14 07:00:00,4be350db52b2cf97,4be350db52b2cf97_gasoline_95,BP Via Norte Amieira Oeste,BP,gasoline_95,Gasolina simples 95,Outro,2.089,Matosinhos,Porto,Amieira Via Norte\r\nEN13 KM 0.76,S. Mamede de Infesta,4465-000,41.18594,-8.62477,bp via norte amieira oeste,bp,amieira via norte\r\nen13 km 0.76,"2,089 €",2026-05-15_dgeg_postos_raw.csv,e03b4f4fcc54bbb5
2026-05-15,2026-05-15 14:31:32,2026-05-14 07:00:00,4be350db52b2cf97,4be350db52b2cf97_gasoline_98,BP Via Norte Amieira Oeste,BP,gasoline_98,Gasolina especial 98,Outro,2.299,Matosinhos,Porto,Amieira Via Norte\r\nEN13 KM 0.76,S. Mamede de Infesta,4465-000,41.18594,-8.62477,bp via norte amieira oeste,bp,amieira via norte\r\nen13 km 0.76,"2,299 €",2026-05-15_dgeg_postos_raw.csv,a33d88f167c140ca
2026-05-15,2026-05-15 14:31:32,2026-05-14 07:20:00,c7a82c82f42ce2f4,c7a82c82f42ce2f4_diesel_premium,E. LECLERC LAMEGO,LECLERC,diesel_premium,Gasóleo especial,Outro,2.049,Lamego,Viseu,Quinta dos Prados de Baixo - Lugar da Rina,Lamego,5100-196,41.08775,-7.798573,e. leclerc lamego,leclerc,quinta dos prados de baixo - lugar da rina,"2,049 €",2026-05-15_dgeg_postos_raw.csv,55ddd9bb67d0d167
2026-05-15,2026-05-15 14:31:32,2026-05-14 07:20:00,c7a82c82f42ce2f4,c7a82c82f42ce2f4_diesel_regular,E. LECLERC LAMEGO,LECLERC,diesel_regular,Gasóleo simples,Outro,2.029,Lamego,Viseu,Quinta dos Prados de Baixo - Lugar da Rina,Lamego,5100-196,41.08775,-7.798573,e. leclerc lamego,leclerc,quinta dos prados de baixo - lugar da rina,"2,029 €",2026-05-15_dgeg_postos_raw.csv,76294d8585ff7b80
2026-05-15,2026-05-15 14:31:32,2026-05-14 07:20:00,c7a82c82f42ce2f4,c7a82c82f42ce2f4_gasoline_95,E. LECLERC LAMEGO,LECLERC,gasoline_95,Gasolina simples 95,Outro,2.017,Lamego,Viseu,Quinta dos Prados de Baixo - Lugar da Rina,Lamego,5100-196,41.08775,-7.798573,e. leclerc lamego,leclerc,quinta dos prados de baixo - lugar da rina,"2,017 €",2026-05-15_dgeg_postos_raw.csv,1d1d1c9f9e5152ed
2026-05-15,2026-05-15 14:31:32,2026-05-14 07:30:00,554e09359e290e46,554e09359e290e46_diesel_premium,PAP SOCRABINE - Coina,Genérico,diesel_premium,Gasóleo especial,Outro,1.879,Barreiro,Setúbal,"EN-10, Fonte da Talha",Coina,2830-411,38.593212,-9.047504,pap socrabine - coina,genérico,"en-10, fonte da talha","1,879 €",2026-05-15_dgeg_postos_raw.csv,9a3c3d21909d10f2
2026-05-15,2026-05-15 14:31:32,2026-05-14 07:30:00,554e09359e290e46,554e09359e290e46_diesel_regular,PAP SOCRABINE - Coina,Genérico,diesel_regular,Gasóleo simples,Outro,1.849,Barreiro,Setúbal,"EN-10, Fonte da Talha",Coina,2830-411,38.593212,-9.047504,pap socrabine - coina,genérico,"en-10, fonte da talha","1,849 €",2026-05-15_dgeg_postos_raw.csv,92410d251bf2566c
2026-05-15,2026-05-15 14:31:32,2026-05-14 07:40:00,3d4c90b08a8bd13d,3d4c90b08a8bd13d_diesel_regular,"Socrabine, CRL",Genérico,diesel_regular,Gasóleo simples,Outro,1.899,Barreiro,Setúbal,"Estrada Nacional 10, Fonte da Talha",Coina,2830-411,38.593458,-9.047218,"socrabine, crl",genérico,"estrada nacional 10, fonte da talha","1,899 €",2026-05-15_dgeg_postos_raw.csv,47b41f6bcdf06864
2026-05-15,2026-05-15 14:31:32,2026-05-14 07:40:00,3d4c90b08a8bd13d,3d4c90b08a8bd13d_diesel_premium,"Socrabine, CRL",Genérico,diesel_premium,Gasóleo especial,Outro,1.929,Barreiro,Setúbal,"Estrada Nacional 10, Fonte da Talha",Coina,2830-411,38.593458,-9.047218,"socrabine, crl",genérico,"estrada nacional 10, fonte da talha","1,929 €",2026-05-15_dgeg_postos_raw.csv,37f8519c25f1f5e2
2026-05-15,2026-05-15 14:31:32,2026-05-14 07:40:00,3d4c90b08a8bd13d,3d4c90b08a8bd13d_gasoline_95,"Socrabine, CRL",Genérico,gasoline_95,Gasolina simples 95,Outro,1.989,Barreiro,Setúbal,"Estrada Nacional 10, Fonte da Talha",Coina,2830-411,38.593458,-9.047218,"socrabine, crl",genérico,"estrada nacional 10, fonte da talha","1,989 €",2026-05-15_dgeg_postos_raw.csv,07a3d727275f6418
2026-05-15,2026-05-15 14:31:32,2026-05-14 08:35:00,d0565ccca5a9e9ff,d0565ccca5a9e9ff_diesel_regular,"INTERMARCHÉ-Superproença-Supermercados,lda",INTERMARCHÉ,diesel_regular,Gasóleo simples,Outro,1.899,Proença-a-Nova,Castelo Branco,Lugar São Bartolomeu,Proença-a-Nova,6150-503,39.75096,-7.91761,"intermarché-superproença-supermercados,lda",intermarché,lugar são bartolomeu,"1,899 €",2026-05-15_dgeg_postos_raw.csv,ddd3d0c3bac29c79
2026-05-15,2026-05-15 14:31:32,2026-05-14 08:35:00,d0565ccca5a9e9ff,d0565ccca5a9e9ff_diesel_premium,"INTERMARCHÉ-Superproença-Supermercados,lda",INTERMARCHÉ,diesel_premium,Gasóleo especial,Outro,1.919,Proença-a-Nova,Castelo Branco,Lugar São Bartolomeu,Proença-a-Nova,6150-503,39.75096,-7.91761,"intermarché-superproença-supermercados,lda",intermarché,lugar são bartolomeu,"1,919 €",2026-05-15_dgeg_postos_raw.csv,436a47db217f15b8
2026-05-15,2026-05-15 14:31:32,2026-05-14 08:35:00,d0565ccca5a9e9ff,d0565ccca5a9e9ff_gasoline_95,"INTERMARCHÉ-Superproença-Supermercados,lda",INTERMARCHÉ,gasoline_95,Gasolina simples 95,Outro,1.899,Proença-a-Nova,Castelo Branco,Lugar São Bartolomeu,Proença-a-Nova,6150-503,39.75096,-7.91761,"intermarché-superproença-supermercados,lda",intermarché,lugar são bartolomeu,"1,899 €",2026-05-15_dgeg_postos_raw.csv,b5f814a78f73173d
2026-05-15,2026-05-15 14:31:32,2026-05-14 08:50:00,84faa40515088858,84faa40515088858_gasoline_95,PLENERGY - PAÇOS DE FERREIRA I,PLENERGY,gasoline_95,Gasolina simples 95,Outro,1.879,Paços de Ferreira,Porto,"Rua dos Moinhos, Rua Capitão da Praça e Ruela do Frazão",Paços de Ferreira,4590-570,41.271976,-8.387479,plenergy - paços de ferreira i,plenergy,"rua dos moinhos, rua capitão da praça e ruela do frazão","1,879 €",2026-05-15_dgeg_postos_raw.csv,3090ccd376ae0398
2026-05-15,2026-05-15 14:31:32,2026-05-14 08:50:00,84faa40515088858,84faa40515088858_diesel_regular,PLENERGY - PAÇOS DE FERREIRA I,PLENERGY,diesel_regular,Gasóleo simples,Outro,1.879,Paços de Ferreira,Porto,"Rua dos Moinhos, Rua Capitão da Praça e Ruela do Frazão",Paços de Ferreira,4590-570,41.271976,-8.387479,plenergy - paços de ferreira i,plenergy,"rua dos moinhos, rua capitão da praça e ruela do frazão","1,879 €",2026-05-15_dgeg_postos_raw.csv,0c06d54ed5523d42
2026-05-15,2026-05-15 14:31:32,2026-05-14 08:50:00,84faa40515088858,84faa40515088858_diesel_premium,PLENERGY - PAÇOS DE FERREIRA I,PLENERGY,diesel_premium,Gasóleo especial,Outro,1.919,Paços de Ferreira,Porto,"Rua dos Moinhos, Rua Capitão da Praça e Ruela do Frazão",Paços de Ferreira,4590-570,41.271976,-8.387479,plenergy - paços de ferreira i,plenergy,"rua dos moinhos, rua capitão da praça e ruela do frazão","1,919 €",2026-05-15_dgeg_postos_raw.csv,65d0f34eb55db639
2026-05-15,2026-05-15 14:31:32,2026-05-14 08:55:00,939eef936fe0b2de,939eef936fe0b2de_diesel_regular,Cooperativa de Vila Nova do Ceira,GALP,diesel_regular,Gasóleo simples,Outro,2.039,Góis,Coimbra,"Largo do Adro da Igreja, nº 22",Vila Nova do Ceira,3330-460,40.181637,-8.152372,cooperativa de vila nova do ceira,galp,"largo do adro da igreja, nº 22","2,039 €",2026-05-15_dgeg_postos_raw.csv,f56fc3a080f4f665
2026-05-15,2026-05-15 14:31:32,2026-05-14 08:55:00,939eef936fe0b2de,939eef936fe0b2de_gasoline_95,Cooperativa de Vila Nova do Ceira,GALP,gasoline_95,Gasolina simples 95,Outro,2.042,Góis,Coimbra,"Largo do Adro da Igreja, nº 22",Vila Nova do Ceira,3330-460,40.181637,-8.152372,cooperativa de vila nova do ceira,galp,"largo do adro da igreja, nº 22","2,042 €",2026-05-15_dgeg_postos_raw.csv,234d539fada8ad0c
2026-05-15,2026-05-15 14:31:32,2026-05-14 09:00:00,0e58fd13c16cbda2,0e58fd13c16cbda2_diesel_regular,INTERMARCHÉ DE  CHAMUSCA,INTERMARCHÉ,diesel_regular,Gasóleo simples,Outro,1.915,Chamusca,Santarém,EN 118 KM 99- QUINTA ARNEIRO DE CIMA,Chamusca,2140-011,39.367096,-8.473147,intermarché de chamusca,intermarché,en 118 km 99- quinta arneiro de cima,"1,915 €",2026-05-15_dgeg_postos_raw.csv,05e9b2925a812663
2026-05-15,2026-05-15 14:31:32,2026-05-14 09:00:00,0e58fd13c16cbda2,0e58fd13c16cbda2_diesel_premium,INTERMARCHÉ DE  CHAMUSCA,INTERMARCHÉ,diesel_premium,Gasóleo especial,Outro,1.985,Chamusca,Santarém,EN 118 KM 99- QUINTA ARNEIRO DE CIMA,Chamusca,2140-011,39.367096,-8.473147,intermarché de chamusca,intermarché,en 118 km 99- quinta arneiro de cima,"1,985 €",2026-05-15_dgeg_postos_raw.csv,da8abbf7ed7245c9
2026-05-15,2026-05-15 14:31:32,2026-05-14 09:00:00,0e58fd13c16cbda2,0e58fd13c16cbda2_gasoline_95,INTERMARCHÉ DE  CHAMUSCA,INTERMARCHÉ,gasoline_95,Gasolina simples 95,Outro,1.925,Chamusca,Santarém,EN 118 KM 99- QUINTA ARNEIRO DE CIMA,Chamusca,2140-011,39.367096,-8.473147,intermarché de chamusca,intermarché,en 118 km 99- quinta arneiro de cima,"1,925 €",2026-05-15_dgeg_postos_raw.csv,0b788626bf143007
2026-05-15,2026-05-15 14:31:32,2026-05-14 09:10:00,8c6a51fb71f38ce7,8c6a51fb71f38ce7_diesel_regular,E.S. MONTE GORDO,REPSOL,diesel_regular,Gasóleo simples,Outro,2.014,Vila Real de Santo António,Faro,"EN 125 Km 154,4",Monte Gordo,8900-401,37.186397,-7.453348,e.s. monte gordo,repsol,"en 125 km 154,4","2,014 €",2026-05-15_dgeg_postos_raw.csv,71ab3f4cfa318110
2026-05-15,2026-05-15 14:31:32,2026-05-14 09:10:00,8c6a51fb71f38ce7,8c6a51fb71f38ce7_diesel_premium,E.S. MONTE GORDO,REPSOL,diesel_premium,Gasóleo especial,Outro,2.074,Vila Real de Santo António,Faro,"EN 125 Km 154,4",Monte Gordo,8900-401,37.186397,-7.453348,e.s. monte gordo,repsol,"en 125 km 154,4","2,074 €",2026-05-15_dgeg_postos_raw.csv,71d8cfe65ee20989
2026-05-15,2026-05-15 14:31:32,2026-05-14 09:10:00,8c6a51fb71f38ce7,8c6a51fb71f38ce7_gasoline_95,E.S. MONTE GORDO,REPSOL,gasoline_95,Gasolina simples 95,Outro,2.054,Vila Real de Santo António,Faro,"EN 125 Km 154,4",Monte Gordo,8900-401,37.186397,-7.453348,e.s. monte gordo,repsol,"en 125 km 154,4","2,054 €",2026-05-15_dgeg_postos_raw.csv,1044ec99fa76a3b3
2026-05-15,2026-05-15 14:31:32,2026-05-14 09:10:00,a8c093c751e4105b,a8c093c751e4105b_diesel_premium,"INTERMEMARTINS - SUPERMERCADOS, LDA",INTERMARCHÉ,diesel_premium,Gasóleo especial,Outro,1.939,Sintra,Lisboa,Av. Capitães de Abril nº 103,Tapada das Mercês- Algueirão,2725-093,38.802612,-9.336308,"intermemartins - supermercados, lda",intermarché,av. capitães de abril nº 103,"1,939 €",2026-05-15_dgeg_postos_raw.csv,171227f31e262042
2026-05-15,2026-05-15 14:31:32,2026-05-14 09:10:00,a8c093c751e4105b,a8c093c751e4105b_diesel_regular,"INTERMEMARTINS - SUPERMERCADOS, LDA",INTERMARCHÉ,diesel_regular,Gasóleo simples,Outro,1.899,Sintra,Lisboa,Av. Capitães de Abril nº 103,Tapada das Mercês- Algueirão,2725-093,38.802612,-9.336308,"intermemartins - supermercados, lda",intermarché,av. capitães de abril nº 103,"1,899 €",2026-05-15_dgeg_postos_raw.csv,1c2dcf43222d34c6
2026-05-15,2026-05-15 14:31:32,2026-05-14 09:10:00,a8c093c751e4105b,a8c093c751e4105b_gasoline_95,"INTERMEMARTINS - SUPERMERCADOS, LDA",INTERMARCHÉ,gasoline_95,Gasolina simples 95,Outro,1.899,Sintra,Lisboa,Av. Capitães de Abril nº 103,Tapada das Mercês- Algueirão,2725-093,38.802612,-9.336308,"intermemartins - supermercados, lda",intermarché,av. capitães de abril nº 103,"1,899 €",2026-05-15_dgeg_postos_raw.csv,da9ee7fda4484cb8
2026-05-15,2026-05-15 14:31:32,2026-05-14 09:20:00,5608a4df16dfcc48,5608a4df16dfcc48_diesel_regular,GALP Av 9 de Julho,GALP,diesel_regular,Gasóleo simples,Outro,2.055,Vila Nova de Famalicão,Braga,Av 9 de Julho nº462,Vila Nova de Famalicão,4760-102,41.41505,-8.52241,galp av 9 de julho,galp,av 9 de julho nº462,"2,055 €",2026-05-15_dgeg_postos_raw.csv,254b78e66c1cadbe
2026-05-15,2026-05-15 14:31:32,2026-05-14 09:20:00,5608a4df16dfcc48,5608a4df16dfcc48_diesel_premium,GALP Av 9 de Julho,GALP,diesel_premium,Gasóleo especial,Outro,2.105,Vila Nova de Famalicão,Braga,Av 9 de Julho nº462,Vila Nova de Famalicão,4760-102,41.41505,-8.52241,galp av 9 de julho,galp,av 9 de julho nº462,"2,105 €",2026-05-15_dgeg_postos_raw.csv,fc9a0b0839207e10
2026-05-15,2026-05-15 14:31:32,2026-05-14 09:20:00,5608a4df16dfcc48,5608a4df16dfcc48_gasoline_95,GALP Av 9 de Julho,GALP,gasoline_95,Gasolina simples 95,Outro,2.051,Vila Nova de Famalicão,Braga,Av 9 de Julho nº462,Vila Nova de Famalicão,4760-102,41.41505,-8.52241,galp av 9 de julho,galp,av 9 de julho nº462,"2,051 €",2026-05-15_dgeg_postos_raw.csv,34a4d5674e34d333
2026-05-15,2026-05-15 14:31:32,2026-05-14 09:30:00,6ad904929d33ccf6,6ad904929d33ccf6_diesel_regular,E.S. FARO MARF,REPSOL,diesel_regular,Gasóleo simples,Outro,2.019,Faro,Faro,MARF- Guilhim - Estrada Municipal 520 - 2,FARO,8009-021,37.089719,-7.927981,e.s. faro marf,repsol,marf- guilhim - estrada municipal 520 - 2,"2,019 €",2026-05-15_dgeg_postos_raw.csv,48b1b2f6af70312c
2026-05-15,2026-05-15 14:31:32,2026-05-14 09:30:00,6ad904929d33ccf6,6ad904929d33ccf6_diesel_premium,E.S. FARO MARF,REPSOL,diesel_premium,Gasóleo especial,Outro,2.089,Faro,Faro,MARF- Guilhim - Estrada Municipal 520 - 2,FARO,8009-021,37.089719,-7.927981,e.s. faro marf,repsol,marf- guilhim - estrada municipal 520 - 2,"2,089 €",2026-05-15_dgeg_postos_raw.csv,a16ac0bec192ee0a
2026-05-15,2026-05-15 14:31:32,2026-05-14 09:30:00,6ad904929d33ccf6,6ad904929d33ccf6_gasoline_95,E.S. FARO MARF,REPSOL,gasoline_95,Gasolina simples 95,Outro,2.014,Faro,Faro,MARF- Guilhim - Estrada Municipal 520 - 2,FARO,8009-021,37.089719,-7.927981,e.s. faro marf,repsol,marf- guilhim - estrada municipal 520 - 2,"2,014 €",2026-05-15_dgeg_postos_raw.csv,1d886ea235624142
2026-05-15,2026-05-15 14:31:32,2026-05-14 09:30:00,edba958cb04301bc,edba958cb04301bc_diesel_premium,MERKANTE CASTANHEIRA,FREITAS,diesel_premium,Gasóleo especial,Outro,2.029,Águeda,Aveiro,"Rua António Feliciano Castilho, 1016",Águeda-Lugar de Igreja,3750-376,40.56497,-8.37343,merkante castanheira,freitas,"rua antónio feliciano castilho, 1016","2,029 €",2026-05-15_dgeg_postos_raw.csv,826b6b81669d45ff
2026-05-15,2026-05-15 14:31:32,2026-05-14 09:30:00,edba958cb04301bc,edba958cb04301bc_diesel_regular,MERKANTE CASTANHEIRA,FREITAS,diesel_regular,Gasóleo simples,Outro,2.019,Águeda,Aveiro,"Rua António Feliciano Castilho, 1016",Águeda-Lugar de Igreja,3750-376,40.56497,-8.37343,merkante castanheira,freitas,"rua antónio feliciano castilho, 1016","2,019 €",2026-05-15_dgeg_postos_raw.csv,9d85e517ebe6c95f
2026-05-15,2026-05-15 14:31:32,2026-05-14 09:30:00,edba958cb04301bc,edba958cb04301bc_gasoline_95,MERKANTE CASTANHEIRA,FREITAS,gasoline_95,Gasolina simples 95,Outro,1.989,Águeda,Aveiro,"Rua António Feliciano Castilho, 1016",Águeda-Lugar de Igreja,3750-376,40.56497,-8.37343,merkante castanheira,freitas,"rua antónio feliciano castilho, 1016","1,989 €",2026-05-15_dgeg_postos_raw.csv,001d47ecc2dc75a8
2026-05-15,2026-05-15 14:31:32,2026-05-14 09:35:00,dafa99335e2157bc,dafa99335e2157bc_diesel_premium,BP S. Maria da Feira  - Gião,BP,diesel_premium,Gasóleo especial,Outro,2.229,Santa Maria da Feira,Aveiro,"Av. da Liberdade, 540 - Lugar do Casal - Gião",Casal,4525-305,40.99777,-8.480149,bp s. maria da feira - gião,bp,"av. da liberdade, 540 - lugar do casal - gião","2,229 €",2026-05-15_dgeg_postos_raw.csv,b46f957a91fe964c
2026-05-15,2026-05-15 14:31:32,2026-05-14 09:35:00,dafa99335e2157bc,dafa99335e2157bc_diesel_regular,BP S. Maria da Feira  - Gião,BP,diesel_regular,Gasóleo simples,Outro,2.109,Santa Maria da Feira,Aveiro,"Av. da Liberdade, 540 - Lugar do Casal - Gião",Casal,4525-305,40.99777,-8.480149,bp s. maria da feira - gião,bp,"av. da liberdade, 540 - lugar do casal - gião","2,109 €",2026-05-15_dgeg_postos_raw.csv,a12fb7fee3d766c3
2026-05-15,2026-05-15 14:31:32,2026-05-14 09:35:00,dafa99335e2157bc,dafa99335e2157bc_gasoline_98,BP S. Maria da Feira  - Gião,BP,gasoline_98,Gasolina especial 98,Outro,2.299,Santa Maria da Feira,Aveiro,"Av. da Liberdade, 540 - Lugar do Casal - Gião",Casal,4525-305,40.99777,-8.480149,bp s. maria da feira - gião,bp,"av. da liberdade, 540 - lugar do casal - gião","2,299 €",2026-05-15_dgeg_postos_raw.csv,d3a14f40332bd670
2026-05-15,2026-05-15 14:31:32,2026-05-14 09:35:00,dafa99335e2157bc,dafa99335e2157bc_gasoline_95,BP S. Maria da Feira  - Gião,BP,gasoline_95,Gasolina simples 95,Outro,2.099,Santa Maria da Feira,Aveiro,"Av. da Liberdade, 540 - Lugar do Casal - Gião",Casal,4525-305,40.99777,-8.480149,bp s. maria da feira - gião,bp,"av. da liberdade, 540 - lugar do casal - gião","2,099 €",2026-05-15_dgeg_postos_raw.csv,2244131b6ac3294b
2026-05-15,2026-05-15 14:31:32,2026-05-14 10:05:00,d7ac408ad994d710,d7ac408ad994d710_diesel_regular,BP - Ciprestes,BP,diesel_regular,Gasóleo simples,Outro,2.059,Setúbal,Setúbal,Estrada dos Ciprestes,Setúbal,2900-314,38.53301,-8.88409,bp - ciprestes,bp,estrada dos ciprestes,"2,059 €",2026-05-15_dgeg_postos_raw.csv,1d3d90d50368dc08
2026-05-15,2026-05-15 14:31:32,2026-05-14 10:05:00,d7ac408ad994d710,d7ac408ad994d710_diesel_premium,BP - Ciprestes,BP,diesel_premium,Gasóleo especial,Outro,2.229,Setúbal,Setúbal,Estrada dos Ciprestes,Setúbal,2900-314,38.53301,-8.88409,bp - ciprestes,bp,estrada dos ciprestes,"2,229 €",2026-05-15_dgeg_postos_raw.csv,ee9ade98c9066eaf
2026-05-15,2026-05-15 14:31:32,2026-05-14 10:05:00,d7ac408ad994d710,d7ac408ad994d710_gasoline_95,BP - Ciprestes,BP,gasoline_95,Gasolina simples 95,Outro,2.049,Setúbal,Setúbal,Estrada dos Ciprestes,Setúbal,2900-314,38.53301,-8.88409,bp - ciprestes,bp,estrada dos ciprestes,"2,049 €",2026-05-15_dgeg_postos_raw.csv,bde783b9ed9c10f8
2026-05-15,2026-05-15 14:31:32,2026-05-14 10:10:00,c4849302d25c7000,c4849302d25c7000_diesel_regular,CEPSA FRONTEIRA,CEPSA,diesel_regular,Gasóleo simples,Outro,2.019,Fronteira,Portalegre,"Zona Industrial de Fronteira, Lote 43",Fronteira,7460-999,39.04899,-7.64171,cepsa fronteira,cepsa,"zona industrial de fronteira, lote 43","2,019 €",2026-05-15_dgeg_postos_raw.csv,42f1e23c23a5891c
2026-05-15,2026-05-15 14:31:32,2026-05-14 10:10:00,c4849302d25c7000,c4849302d25c7000_diesel_premium,CEPSA FRONTEIRA,CEPSA,diesel_premium,Gasóleo especial,Outro,2.089,Fronteira,Portalegre,"Zona Industrial de Fronteira, Lote 43",Fronteira,7460-999,39.04899,-7.64171,cepsa fronteira,cepsa,"zona industrial de fronteira, lote 43","2,089 €",2026-05-15_dgeg_postos_raw.csv,9244415dd8afd42b
2026-05-15,2026-05-15 14:31:32,2026-05-14 10:10:00,c4849302d25c7000,c4849302d25c7000_gasoline_95,CEPSA FRONTEIRA,CEPSA,gasoline_95,Gasolina simples 95,Outro,2.017,Fronteira,Portalegre,"Zona Industrial de Fronteira, Lote 43",Fronteira,7460-999,39.04899,-7.64171,cepsa fronteira,cepsa,"zona industrial de fronteira, lote 43","2,017 €",2026-05-15_dgeg_postos_raw.csv,2f5989406a302639
2026-05-15,2026-05-15 14:31:32,2026-05-14 10:15:00,b7bf8dd38480e6af,b7bf8dd38480e6af_diesel_regular,GALP São Julião do Tojal MSRI,GALP,diesel_regular,Gasóleo simples,Outro,2.015,Loures,Lisboa,E.N.115/5,São Julião do Tojal,2660-366,38.86072,-9.118242,galp são julião do tojal msri,galp,e.n.115/5,"2,015 €",2026-05-15_dgeg_postos_raw.csv,049f77461e4b5290
2026-05-15,2026-05-15 14:31:32,2026-05-14 10:15:00,b7bf8dd38480e6af,b7bf8dd38480e6af_diesel_premium,GALP São Julião do Tojal MSRI,GALP,diesel_premium,Gasóleo especial,Outro,2.065,Loures,Lisboa,E.N.115/5,São Julião do Tojal,2660-366,38.86072,-9.118242,galp são julião do tojal msri,galp,e.n.115/5,"2,065 €",2026-05-15_dgeg_postos_raw.csv,a079325a27c90230
2026-05-15,2026-05-15 14:31:32,2026-05-14 10:15:00,b7bf8dd38480e6af,b7bf8dd38480e6af_gasoline_95,GALP São Julião do Tojal MSRI,GALP,gasoline_95,Gasolina simples 95,Outro,2.011,Loures,Lisboa,E.N.115/5,São Julião do Tojal,2660-366,38.86072,-9.118242,galp são julião do tojal msri,galp,e.n.115/5,"2,011 €",2026-05-15_dgeg_postos_raw.csv,c7b2bd1824738e5e
2026-05-15,2026-05-15 14:31:32,2026-05-14 10:15:00,b7bf8dd38480e6af,b7bf8dd38480e6af_gasoline_98,GALP São Julião do Tojal MSRI,GALP,gasoline_98,Gasolina especial 98,Outro,2.221,Loures,Lisboa,E.N.115/5,São Julião do Tojal,2660-366,38.86072,-9.118242,galp são julião do tojal msri,galp,e.n.115/5,"2,221 €",2026-05-15_dgeg_postos_raw.csv,1668f55652d69619
2026-05-15,2026-05-15 14:31:32,2026-05-14 10:50:00,b7cafa4d598b6e25,b7cafa4d598b6e25_diesel_regular,INTERMARCHE MONDIM DE BASTO,INTERMARCHÉ,diesel_regular,Gasóleo simples,Outro,1.929,Mondim de Basto,Vila Real,R. da Quinta da Igreja nº 183S. Cristóvão,Mondim de Basto,4880-258,41.40662,-7.95689,intermarche mondim de basto,intermarché,r. da quinta da igreja nº 183s. cristóvão,"1,929 €",2026-05-15_dgeg_postos_raw.csv,fff63804318dd587
2026-05-15,2026-05-15 14:31:32,2026-05-14 10:50:00,b7cafa4d598b6e25,b7cafa4d598b6e25_diesel_premium,INTERMARCHE MONDIM DE BASTO,INTERMARCHÉ,diesel_premium,Gasóleo especial,Outro,1.958,Mondim de Basto,Vila Real,R. da Quinta da Igreja nº 183S. Cristóvão,Mondim de Basto,4880-258,41.40662,-7.95689,intermarche mondim de basto,intermarché,r. da quinta da igreja nº 183s. cristóvão,"1,958 €",2026-05-15_dgeg_postos_raw.csv,9f4b16b2b729435f
2026-05-15,2026-05-15 14:31:32,2026-05-14 10:50:00,b7cafa4d598b6e25,b7cafa4d598b6e25_gasoline_95,INTERMARCHE MONDIM DE BASTO,INTERMARCHÉ,gasoline_95,Gasolina simples 95,Outro,1.956,Mondim de Basto,Vila Real,R. da Quinta da Igreja nº 183S. Cristóvão,Mondim de Basto,4880-258,41.40662,-7.95689,intermarche mondim de basto,intermarché,r. da quinta da igreja nº 183s. cristóvão,"1,956 €",2026-05-15_dgeg_postos_raw.csv,02d3ffc24d4c99f0
2026-05-15,2026-05-15 14:31:32,2026-05-14 11:00:00,39a32a0683760d70,39a32a0683760d70_diesel_regular,Intermarché de Fafe,INTERMARCHÉ,diesel_regular,Gasóleo simples,Outro,1.921,Fafe,Braga,Bouça de Cavadas,Fafe,4820-099,41.44433,-8.16837,intermarché de fafe,intermarché,bouça de cavadas,"1,921 €",2026-05-15_dgeg_postos_raw.csv,e81a85dcc7a61ff2
2026-05-15,2026-05-15 14:31:32,2026-05-14 11:00:00,39a32a0683760d70,39a32a0683760d70_diesel_premium,Intermarché de Fafe,INTERMARCHÉ,diesel_premium,Gasóleo especial,Outro,1.941,Fafe,Braga,Bouça de Cavadas,Fafe,4820-099,41.44433,-8.16837,intermarché de fafe,intermarché,bouça de cavadas,"1,941 €",2026-05-15_dgeg_postos_raw.csv,ef663fb8f15b95f3
2026-05-15,2026-05-15 14:31:32,2026-05-14 11:00:00,39a32a0683760d70,39a32a0683760d70_gasoline_95,Intermarché de Fafe,INTERMARCHÉ,gasoline_95,Gasolina simples 95,Outro,1.918,Fafe,Braga,Bouça de Cavadas,Fafe,4820-099,41.44433,-8.16837,intermarché de fafe,intermarché,bouça de cavadas,"1,918 €",2026-05-15_dgeg_postos_raw.csv,3f6f79b73334065f
2026-05-15,2026-05-15 14:31:32,2026-05-14 11:20:00,115534ff7f0eb0a4,115534ff7f0eb0a4_diesel_regular,"Carreira & Gama, Lda.",Genérico,diesel_regular,Gasóleo simples,Outro,1.999,Mafra,Lisboa,Av. 25 de Abril nº 56,Milharado,2665-314,38.948999,-9.196336,"carreira & gama, lda.",genérico,av. 25 de abril nº 56,"1,999 €",2026-05-15_dgeg_postos_raw.csv,5dc0726f1cba645f
2026-05-15,2026-05-15 14:31:32,2026-05-14 11:20:00,115534ff7f0eb0a4,115534ff7f0eb0a4_diesel_premium,"Carreira & Gama, Lda.",Genérico,diesel_premium,Gasóleo especial,Outro,2.089,Mafra,Lisboa,Av. 25 de Abril nº 56,Milharado,2665-314,38.948999,-9.196336,"carreira & gama, lda.",genérico,av. 25 de abril nº 56,"2,089 €",2026-05-15_dgeg_postos_raw.csv,3a5212931e7df86b
2026-05-15,2026-05-15 14:31:32,2026-05-14 11:20:00,115534ff7f0eb0a4,115534ff7f0eb0a4_gasoline_95,"Carreira & Gama, Lda.",Genérico,gasoline_95,Gasolina simples 95,Outro,2.029,Mafra,Lisboa,Av. 25 de Abril nº 56,Milharado,2665-314,38.948999,-9.196336,"carreira & gama, lda.",genérico,av. 25 de abril nº 56,"2,029 €",2026-05-15_dgeg_postos_raw.csv,749daeee046c7712
2026-05-15,2026-05-15 14:31:32,2026-05-14 11:45:00,28d3c1e6c98a80b4,28d3c1e6c98a80b4_gasoline_98,GASPE Murtosa,GASPE,gasoline_98,Gasolina especial 98,Outro,2.242,Murtosa,Aveiro,Rua António José Freitas Guimarães,Pardelhas,3870-208,40.76189,-8.63703,gaspe murtosa,gaspe,rua antónio josé freitas guimarães,"2,242 €",2026-05-15_dgeg_postos_raw.csv,40de585b15f748ed
2026-05-15,2026-05-15 14:31:32,2026-05-14 11:45:00,28d3c1e6c98a80b4,28d3c1e6c98a80b4_diesel_regular,GASPE Murtosa,GASPE,diesel_regular,Gasóleo simples,Outro,2.059,Murtosa,Aveiro,Rua António José Freitas Guimarães,Pardelhas,3870-208,40.76189,-8.63703,gaspe murtosa,gaspe,rua antónio josé freitas guimarães,"2,059 €",2026-05-15_dgeg_postos_raw.csv,389465e1d2bed44e
2026-05-15,2026-05-15 14:31:32,2026-05-14 11:45:00,28d3c1e6c98a80b4,28d3c1e6c98a80b4_diesel_premium,GASPE Murtosa,GASPE,diesel_premium,Gasóleo especial,Outro,2.079,Murtosa,Aveiro,Rua António José Freitas Guimarães,Pardelhas,3870-208,40.76189,-8.63703,gaspe murtosa,gaspe,rua antónio josé freitas guimarães,"2,079 €",2026-05-15_dgeg_postos_raw.csv,6b0b5f4883b8b183
2026-05-15,2026-05-15 14:31:32,2026-05-14 11:45:00,28d3c1e6c98a80b4,28d3c1e6c98a80b4_gasoline_95,GASPE Murtosa,GASPE,gasoline_95,Gasolina simples 95,Outro,2.062,Murtosa,Aveiro,Rua António José Freitas Guimarães,Pardelhas,3870-208,40.76189,-8.63703,gaspe murtosa,gaspe,rua antónio josé freitas guimarães,"2,062 €",2026-05-15_dgeg_postos_raw.csv,4b78841ae92bb923
2026-05-15,2026-05-15 14:31:32,2026-05-14 12:00:00,8c31acf67551a7b4,8c31acf67551a7b4_diesel_regular,BXPRESS - VALE DE CAMBRA,BXPRESS,diesel_regular,Gasóleo simples,Outro,1.899,Vale de Cambra,Aveiro,"EN227 - km 1,150 - Av. Vale do Caima",Vale de Cambra,3730-200,40.84081,-8.39694,bxpress - vale de cambra,bxpress,"en227 - km 1,150 - av. vale do caima","1,899 €",2026-05-15_dgeg_postos_raw.csv,7efd649d3d104bcf
2026-05-15,2026-05-15 14:31:32,2026-05-14 12:00:00,8c31acf67551a7b4,8c31acf67551a7b4_diesel_premium,BXPRESS - VALE DE CAMBRA,BXPRESS,diesel_premium,Gasóleo especial,Outro,1.939,Vale de Cambra,Aveiro,"EN227 - km 1,150 - Av. Vale do Caima",Vale de Cambra,3730-200,40.84081,-8.39694,bxpress - vale de cambra,bxpress,"en227 - km 1,150 - av. vale do caima","1,939 €",2026-05-15_dgeg_postos_raw.csv,89d20a132febc291
2026-05-15,2026-05-15 14:31:32,2026-05-14 12:00:00,8c31acf67551a7b4,8c31acf67551a7b4_gasoline_95,BXPRESS - VALE DE CAMBRA,BXPRESS,gasoline_95,Gasolina simples 95,Outro,1.889,Vale de Cambra,Aveiro,"EN227 - km 1,150 - Av. Vale do Caima",Vale de Cambra,3730-200,40.84081,-8.39694,bxpress - vale de cambra,bxpress,"en227 - km 1,150 - av. vale do caima","1,889 €",2026-05-15_dgeg_postos_raw.csv,8ac7d065a1aaa3c3
2026-05-15,2026-05-15 14:31:32,2026-05-14 12:00:00,505a475359f2d03e,505a475359f2d03e_diesel_regular,BXPRESS AVEIRO,BXPRESS,diesel_regular,Gasóleo simples,Outro,1.969,Aveiro,Aveiro,Av. 5 de Outubro nº 18,Aveiro,3810-367,40.640414,-8.648978,bxpress aveiro,bxpress,av. 5 de outubro nº 18,"1,969 €",2026-05-15_dgeg_postos_raw.csv,39dd04cc3d356430
2026-05-15,2026-05-15 14:31:32,2026-05-14 12:00:00,505a475359f2d03e,505a475359f2d03e_gasoline_95,BXPRESS AVEIRO,BXPRESS,gasoline_95,Gasolina simples 95,Outro,1.919,Aveiro,Aveiro,Av. 5 de Outubro nº 18,Aveiro,3810-367,40.640414,-8.648978,bxpress aveiro,bxpress,av. 5 de outubro nº 18,"1,919 €",2026-05-15_dgeg_postos_raw.csv,777771b4f405a570
2026-05-15,2026-05-15 14:31:32,2026-05-14 12:00:00,a18efb233a52985b,a18efb233a52985b_diesel_regular,"INTERCABECEIRAS - SUPERMERCADOS, LDA",INTERMARCHÉ,diesel_regular,Gasóleo simples,Outro,1.938,Cabeceiras de Basto,Braga,AVENIDA REI DOM MANUEL I,Cabeceiras de Basto,4860-370,41.50758,-7.989193,"intercabeceiras - supermercados, lda",intermarché,avenida rei dom manuel i,"1,938 €",2026-05-15_dgeg_postos_raw.csv,a8fbfc05aafcbd95
2026-05-15,2026-05-15 14:31:32,2026-05-14 12:00:00,a18efb233a52985b,a18efb233a52985b_diesel_premium,"INTERCABECEIRAS - SUPERMERCADOS, LDA",INTERMARCHÉ,diesel_premium,Gasóleo especial,Outro,1.958,Cabeceiras de Basto,Braga,AVENIDA REI DOM MANUEL I,Cabeceiras de Basto,4860-370,41.50758,-7.989193,"intercabeceiras - supermercados, lda",intermarché,avenida rei dom manuel i,"1,958 €",2026-05-15_dgeg_postos_raw.csv,e620d12e14c32f54
2026-05-15,2026-05-15 14:31:32,2026-05-14 12:00:00,a18efb233a52985b,a18efb233a52985b_gasoline_95,"INTERCABECEIRAS - SUPERMERCADOS, LDA",INTERMARCHÉ,gasoline_95,Gasolina simples 95,Outro,1.956,Cabeceiras de Basto,Braga,AVENIDA REI DOM MANUEL I,Cabeceiras de Basto,4860-370,41.50758,-7.989193,"intercabeceiras - supermercados, lda",intermarché,avenida rei dom manuel i,"1,956 €",2026-05-15_dgeg_postos_raw.csv,59e24661c865ea6a
2026-05-15,2026-05-15 14:31:32,2026-05-14 12:00:00,9ada1c130f191dcc,9ada1c130f191dcc_diesel_regular,BXPRESS BAROSA,BXPRESS,diesel_regular,Gasóleo simples,Outro,1.929,Leiria,Leiria,Rua IndustrialZona Industrial Carreira de Água,Barosa,2400-016,39.7547,-8.8662,bxpress barosa,bxpress,rua industrialzona industrial carreira de água,"1,929 €",2026-05-15_dgeg_postos_raw.csv,cb6ac0e38e7a6b18
2026-05-15,2026-05-15 14:31:32,2026-05-14 12:00:00,9ada1c130f191dcc,9ada1c130f191dcc_gasoline_95,BXPRESS BAROSA,BXPRESS,gasoline_95,Gasolina simples 95,Outro,1.899,Leiria,Leiria,Rua IndustrialZona Industrial Carreira de Água,Barosa,2400-016,39.7547,-8.8662,bxpress barosa,bxpress,rua industrialzona industrial carreira de água,"1,899 €",2026-05-15_dgeg_postos_raw.csv,9880594de6c98e91
2026-05-15,2026-05-15 14:31:32,2026-05-14 12:00:00,ffd8a1ee8519f59a,ffd8a1ee8519f59a_diesel_regular,INTERMARCHÉ Barcelos,INTERMARCHÉ,diesel_regular,Gasóleo simples,Outro,1.895,Barcelos,Braga,"Avenida Paulo Felisberto, Lugar de Jordão, Vila Boa",Vila Frescainha,4750-698,41.548195,-8.623167,intermarché barcelos,intermarché,"avenida paulo felisberto, lugar de jordão, vila boa","1,895 €",2026-05-15_dgeg_postos_raw.csv,e1a99601125dfd5b
2026-05-15,2026-05-15 14:31:32,2026-05-14 12:00:00,ffd8a1ee8519f59a,ffd8a1ee8519f59a_diesel_premium,INTERMARCHÉ Barcelos,INTERMARCHÉ,diesel_premium,Gasóleo especial,Outro,1.925,Barcelos,Braga,"Avenida Paulo Felisberto, Lugar de Jordão, Vila Boa",Vila Frescainha,4750-698,41.548195,-8.623167,intermarché barcelos,intermarché,"avenida paulo felisberto, lugar de jordão, vila boa","1,925 €",2026-05-15_dgeg_postos_raw.csv,6fa9a93c1f44c9f0
2026-05-15,2026-05-15 14:31:32,2026-05-14 12:00:00,ffd8a1ee8519f59a,ffd8a1ee8519f59a_gasoline_95,INTERMARCHÉ Barcelos,INTERMARCHÉ,gasoline_95,Gasolina simples 95,Outro,1.895,Barcelos,Braga,"Avenida Paulo Felisberto, Lugar de Jordão, Vila Boa",Vila Frescainha,4750-698,41.548195,-8.623167,intermarché barcelos,intermarché,"avenida paulo felisberto, lugar de jordão, vila boa","1,895 €",2026-05-15_dgeg_postos_raw.csv,f8b50200f5c58050
2026-05-15,2026-05-15 14:31:32,2026-05-14 12:20:00,d6f08dedf1e6e78c,d6f08dedf1e6e78c_diesel_regular,BP Darque,BP,diesel_regular,Gasóleo simples,Outro,2.059,Viana do Castelo,Viana do Castelo,"Av. 1º Maio, EN 13, Km 64\nDarque",Darque,4935-129,41.68177,-8.8084,bp darque,bp,"av. 1º maio, en 13, km 64\ndarque","2,059 €",2026-05-15_dgeg_postos_raw.csv,679fa0a3d3916c5a
2026-05-15,2026-05-15 14:31:32,2026-05-14 12:20:00,d6f08dedf1e6e78c,d6f08dedf1e6e78c_diesel_premium,BP Darque,BP,diesel_premium,Gasóleo especial,Outro,2.229,Viana do Castelo,Viana do Castelo,"Av. 1º Maio, EN 13, Km 64\nDarque",Darque,4935-129,41.68177,-8.8084,bp darque,bp,"av. 1º maio, en 13, km 64\ndarque","2,229 €",2026-05-15_dgeg_postos_raw.csv,7e629ff6d023460d
2026-05-15,2026-05-15 14:31:32,2026-05-14 12:20:00,d6f08dedf1e6e78c,d6f08dedf1e6e78c_gasoline_95,BP Darque,BP,gasoline_95,Gasolina simples 95,Outro,2.049,Viana do Castelo,Viana do Castelo,"Av. 1º Maio, EN 13, Km 64\nDarque",Darque,4935-129,41.68177,-8.8084,bp darque,bp,"av. 1º maio, en 13, km 64\ndarque","2,049 €",2026-05-15_dgeg_postos_raw.csv,d16dfc5b2023cfe2
2026-05-15,2026-05-15 14:31:32,2026-05-14 12:20:00,d6f08dedf1e6e78c,d6f08dedf1e6e78c_gasoline_98,BP Darque,BP,gasoline_98,Gasolina especial 98,Outro,2.299,Viana do Castelo,Viana do Castelo,"Av. 1º Maio, EN 13, Km 64\nDarque",Darque,4935-129,41.68177,-8.8084,bp darque,bp,"av. 1º maio, en 13, km 64\ndarque","2,299 €",2026-05-15_dgeg_postos_raw.csv,26b9e5de1b602f89
2026-05-15,2026-05-15 14:31:32,2026-05-14 12:30:00,d258312fb0c9ea2c,d258312fb0c9ea2c_diesel_regular,M.C. Rios,Genérico,diesel_regular,Gasóleo simples,Outro,1.918,Albergaria-a-Velha,Aveiro,Areeiro (EN1/IC2),Fonte da Arraia,3850-200,40.71,-8.48426,m.c. rios,genérico,areeiro (en1/ic2),"1,918 €",2026-05-15_dgeg_postos_raw.csv,f21e2845d9fe8d4e
2026-05-15,2026-05-15 14:31:32,2026-05-14 12:30:00,d258312fb0c9ea2c,d258312fb0c9ea2c_gasoline_95,M.C. Rios,Genérico,gasoline_95,Gasolina simples 95,Outro,1.928,Albergaria-a-Velha,Aveiro,Areeiro (EN1/IC2),Fonte da Arraia,3850-200,40.71,-8.48426,m.c. rios,genérico,areeiro (en1/ic2),"1,928 €",2026-05-15_dgeg_postos_raw.csv,9e29152eebdb43f3
2026-05-15,2026-05-15 14:31:32,2026-05-14 12:40:00,3dbc36b8f8a765f1,3dbc36b8f8a765f1_diesel_regular,BXPRESS - Águeda,BXPRESS,diesel_regular,Gasóleo simples,Outro,1.959,Águeda,Aveiro,Avenida do Emigrante S/N,Águeda,3750-171,40.5783243914685,-8.43752022638244,bxpress - águeda,bxpress,avenida do emigrante s/n,"1,959 €",2026-05-15_dgeg_postos_raw.csv,349a8501b387bc06
2026-05-15,2026-05-15 14:31:32,2026-05-14 12:40:00,3dbc36b8f8a765f1,3dbc36b8f8a765f1_diesel_premium,BXPRESS - Águeda,BXPRESS,diesel_premium,Gasóleo especial,Outro,1.979,Águeda,Aveiro,Avenida do Emigrante S/N,Águeda,3750-171,40.5783243914685,-8.43752022638244,bxpress - águeda,bxpress,avenida do emigrante s/n,"1,979 €",2026-05-15_dgeg_postos_raw.csv,a4b6c145547d03a4
2026-05-15,2026-05-15 14:31:32,2026-05-14 12:40:00,3dbc36b8f8a765f1,3dbc36b8f8a765f1_gasoline_95,BXPRESS - Águeda,BXPRESS,gasoline_95,Gasolina simples 95,Outro,1.859,Águeda,Aveiro,Avenida do Emigrante S/N,Águeda,3750-171,40.5783243914685,-8.43752022638244,bxpress - águeda,bxpress,avenida do emigrante s/n,"1,859 €",2026-05-15_dgeg_postos_raw.csv,0c0e1126b586c1ae
2026-05-15,2026-05-15 14:31:32,2026-05-14 12:45:00,94df72f61225d16a,94df72f61225d16a_diesel_regular,CEPSA SOBRADO,CEPSA,diesel_regular,Gasóleo simples,Outro,1.986,Valongo,Porto,EN 209 (Rua São João Sobrado nº 3300),Sobrado,4440-339,41.21956,-8.459941,cepsa sobrado,cepsa,en 209 (rua são joão sobrado nº 3300),"1,986 €",2026-05-15_dgeg_postos_raw.csv,774e5b0e9e47a826
2026-05-15,2026-05-15 14:31:32,2026-05-14 12:45:00,94df72f61225d16a,94df72f61225d16a_diesel_premium,CEPSA SOBRADO,CEPSA,diesel_premium,Gasóleo especial,Outro,2.036,Valongo,Porto,EN 209 (Rua São João Sobrado nº 3300),Sobrado,4440-339,41.21956,-8.459941,cepsa sobrado,cepsa,en 209 (rua são joão sobrado nº 3300),"2,036 €",2026-05-15_dgeg_postos_raw.csv,8473dd4d3e9df0f9
2026-05-15,2026-05-15 14:31:32,2026-05-14 12:45:00,94df72f61225d16a,94df72f61225d16a_gasoline_95,CEPSA SOBRADO,CEPSA,gasoline_95,Gasolina simples 95,Outro,1.978,Valongo,Porto,EN 209 (Rua São João Sobrado nº 3300),Sobrado,4440-339,41.21956,-8.459941,cepsa sobrado,cepsa,en 209 (rua são joão sobrado nº 3300),"1,978 €",2026-05-15_dgeg_postos_raw.csv,5cee3540e8fc61c4
2026-05-15,2026-05-15 14:31:32,2026-05-14 13:10:00,219ea2fd4f6264b2,219ea2fd4f6264b2_diesel_premium,BOLIQUEIME,BP,diesel_premium,Gasóleo especial,Outro,2.229,Loulé,Faro,"EN 125 Km 87,800",Fonte de Boliqueime,8100-000,37.128751,-8.153507,boliqueime,bp,"en 125 km 87,800","2,229 €",2026-05-15_dgeg_postos_raw.csv,35789d373125c416
2026-05-15,2026-05-15 14:31:32,2026-05-14 13:10:00,219ea2fd4f6264b2,219ea2fd4f6264b2_diesel_regular,BOLIQUEIME,BP,diesel_regular,Gasóleo simples,Outro,2.079,Loulé,Faro,"EN 125 Km 87,800",Fonte de Boliqueime,8100-000,37.128751,-8.153507,boliqueime,bp,"en 125 km 87,800","2,079 €",2026-05-15_dgeg_postos_raw.csv,1829b25b54c10262
2026-05-15,2026-05-15 14:31:32,2026-05-14 13:10:00,219ea2fd4f6264b2,219ea2fd4f6264b2_gasoline_98,BOLIQUEIME,BP,gasoline_98,Gasolina especial 98,Outro,2.299,Loulé,Faro,"EN 125 Km 87,800",Fonte de Boliqueime,8100-000,37.128751,-8.153507,boliqueime,bp,"en 125 km 87,800","2,299 €",2026-05-15_dgeg_postos_raw.csv,078ae161b0bcdc5b
2026-05-15,2026-05-15 14:31:32,2026-05-14 13:10:00,219ea2fd4f6264b2,219ea2fd4f6264b2_gasoline_95,BOLIQUEIME,BP,gasoline_95,Gasolina simples 95,Outro,2.069,Loulé,Faro,"EN 125 Km 87,800",Fonte de Boliqueime,8100-000,37.128751,-8.153507,boliqueime,bp,"en 125 km 87,800","2,069 €",2026-05-15_dgeg_postos_raw.csv,a516cab0d37ec4ac
2026-05-15,2026-05-15 14:31:32,2026-05-14 14:35:00,e01223903bcdd907,e01223903bcdd907_diesel_premium,Galp- Caldelas,GALP,diesel_premium,Gasóleo especial,Outro,1.95,Leiria,Leiria,"Rua de Fátima, 20",Caldelas,2420-063,39.734325,-8.703522,galp- caldelas,galp,"rua de fátima, 20","1,950 €",2026-05-15_dgeg_postos_raw.csv,fdb4657358ef7a1e
2026-05-15,2026-05-15 14:31:32,2026-05-14 14:35:00,e01223903bcdd907,e01223903bcdd907_diesel_regular,Galp- Caldelas,GALP,diesel_regular,Gasóleo simples,Outro,1.93,Leiria,Leiria,"Rua de Fátima, 20",Caldelas,2420-063,39.734325,-8.703522,galp- caldelas,galp,"rua de fátima, 20","1,930 €",2026-05-15_dgeg_postos_raw.csv,0ffefe88a607f240
2026-05-15,2026-05-15 14:31:32,2026-05-14 14:35:00,e01223903bcdd907,e01223903bcdd907_gasoline_95,Galp- Caldelas,GALP,gasoline_95,Gasolina simples 95,Outro,1.94,Leiria,Leiria,"Rua de Fátima, 20",Caldelas,2420-063,39.734325,-8.703522,galp- caldelas,galp,"rua de fátima, 20","1,940 €",2026-05-15_dgeg_postos_raw.csv,c166f1b217906374
2026-05-15,2026-05-15 14:31:32,2026-05-14 14:40:00,96ddd557ba9b0f1b,96ddd557ba9b0f1b_diesel_regular,Galp- Cruz da Areia (Leiria),GALP,diesel_regular,Gasóleo simples,Outro,1.945,Leiria,Leiria,Rua D. José Alves da Silva n. 12,Leiria,2410-112,39.724262,-8.806201,galp- cruz da areia (leiria),galp,rua d. josé alves da silva n. 12,"1,945 €",2026-05-15_dgeg_postos_raw.csv,54a0ea58b7526d93
2026-05-15,2026-05-15 14:31:32,2026-05-14 14:40:00,96ddd557ba9b0f1b,96ddd557ba9b0f1b_gasoline_95,Galp- Cruz da Areia (Leiria),GALP,gasoline_95,Gasolina simples 95,Outro,1.945,Leiria,Leiria,Rua D. José Alves da Silva n. 12,Leiria,2410-112,39.724262,-8.806201,galp- cruz da areia (leiria),galp,rua d. josé alves da silva n. 12,"1,945 €",2026-05-15_dgeg_postos_raw.csv,ab7df2a48a55e999
2026-05-15,2026-05-15 14:31:32,2026-05-14 14:40:00,96ddd557ba9b0f1b,96ddd557ba9b0f1b_diesel_premium,Galp- Cruz da Areia (Leiria),GALP,diesel_premium,Gasóleo especial,Outro,1.965,Leiria,Leiria,Rua D. José Alves da Silva n. 12,Leiria,2410-112,39.724262,-8.806201,galp- cruz da areia (leiria),galp,rua d. josé alves da silva n. 12,"1,965 €",2026-05-15_dgeg_postos_raw.csv,fce57607014f5bf5
2026-05-15,2026-05-15 14:31:32,2026-05-14 14:40:00,7facf53e9a89c243,7facf53e9a89c243_diesel_regular,PA ENVENDOS,Genérico,diesel_regular,Gasóleo simples,Outro,2.059,Mação,Santarém,"RUA ORIENTAL,Nº47",Envendos,6120-017,39.566814,-7.873992,pa envendos,genérico,"rua oriental,nº47","2,059 €",2026-05-15_dgeg_postos_raw.csv,0039f92de9d3e183
2026-05-15,2026-05-15 14:31:32,2026-05-14 14:40:00,7facf53e9a89c243,7facf53e9a89c243_gasoline_95,PA ENVENDOS,Genérico,gasoline_95,Gasolina simples 95,Outro,2.082,Mação,Santarém,"RUA ORIENTAL,Nº47",Envendos,6120-017,39.566814,-7.873992,pa envendos,genérico,"rua oriental,nº47","2,082 €",2026-05-15_dgeg_postos_raw.csv,32d0b9d182d4c1fa
2026-05-15,2026-05-15 14:31:32,2026-05-14 14:50:00,7735705e7541b9b5,7735705e7541b9b5_diesel_premium,Posto Abastecimento Delongo,GALP,diesel_premium,Gasóleo especial,Outro,2.022,Tomar,Santarém,Rua Santa Catarina nº 32,Delongo,2305-512,39.54473,-8.45183,posto abastecimento delongo,galp,rua santa catarina nº 32,"2,022 €",2026-05-15_dgeg_postos_raw.csv,67ce93dae209d61d
2026-05-15,2026-05-15 14:31:32,2026-05-14 14:50:00,7735705e7541b9b5,7735705e7541b9b5_diesel_regular,Posto Abastecimento Delongo,GALP,diesel_regular,Gasóleo simples,Outro,2.002,Tomar,Santarém,Rua Santa Catarina nº 32,Delongo,2305-512,39.54473,-8.45183,posto abastecimento delongo,galp,rua santa catarina nº 32,"2,002 €",2026-05-15_dgeg_postos_raw.csv,6719c8b0f2b0e9a6
2026-05-15,2026-05-15 14:31:32,2026-05-14 14:50:00,7735705e7541b9b5,7735705e7541b9b5_gasoline_95,Posto Abastecimento Delongo,GALP,gasoline_95,Gasolina simples 95,Outro,2.001,Tomar,Santarém,Rua Santa Catarina nº 32,Delongo,2305-512,39.54473,-8.45183,posto abastecimento delongo,galp,rua santa catarina nº 32,"2,001 €",2026-05-15_dgeg_postos_raw.csv,28e32115ae2d3609
2026-05-15,2026-05-15 14:31:32,2026-05-14 15:00:00,497336f10eee3248,497336f10eee3248_diesel_regular,PRIO Atei,PRIO,diesel_regular,Gasóleo simples,Outro,2.079,Mondim de Basto,Vila Real,EN 312 - Lugar da Praça,Atei,4880-030,41.45755,-7.926569,prio atei,prio,en 312 - lugar da praça,"2,079 €",2026-05-15_dgeg_postos_raw.csv,9ac46dc05ff757db
2026-05-15,2026-05-15 14:31:32,2026-05-14 15:00:00,497336f10eee3248,497336f10eee3248_gasoline_95,PRIO Atei,PRIO,gasoline_95,Gasolina simples 95,Outro,2.079,Mondim de Basto,Vila Real,EN 312 - Lugar da Praça,Atei,4880-030,41.45755,-7.926569,prio atei,prio,en 312 - lugar da praça,"2,079 €",2026-05-15_dgeg_postos_raw.csv,7e72f1853a18d448
2026-05-15,2026-05-15 14:31:32,2026-05-14 15:05:00,cd5ebeb039e40d71,cd5ebeb039e40d71_diesel_regular,PETROBRITO 1,Genérico,diesel_regular,Gasóleo simples,Outro,1.949,Guimarães,Braga,"Rua São João Batista, nº1700",Brito,4805-036,41.45786,-8.36358,petrobrito 1,genérico,"rua são joão batista, nº1700","1,949 €",2026-05-15_dgeg_postos_raw.csv,72c0ff79b880ad62
2026-05-15,2026-05-15 14:31:32,2026-05-14 15:05:00,cd5ebeb039e40d71,cd5ebeb039e40d71_diesel_premium,PETROBRITO 1,Genérico,diesel_premium,Gasóleo especial,Outro,1.979,Guimarães,Braga,"Rua São João Batista, nº1700",Brito,4805-036,41.45786,-8.36358,petrobrito 1,genérico,"rua são joão batista, nº1700","1,979 €",2026-05-15_dgeg_postos_raw.csv,07a02d29dddc77c1
2026-05-15,2026-05-15 14:31:32,2026-05-14 15:05:00,cd5ebeb039e40d71,cd5ebeb039e40d71_gasoline_95,PETROBRITO 1,Genérico,gasoline_95,Gasolina simples 95,Outro,1.949,Guimarães,Braga,"Rua São João Batista, nº1700",Brito,4805-036,41.45786,-8.36358,petrobrito 1,genérico,"rua são joão batista, nº1700","1,949 €",2026-05-15_dgeg_postos_raw.csv,396dfe5cc09c43e3
2026-05-15,2026-05-15 14:31:32,2026-05-14 15:15:00,7bd5a534cdf3ff4e,7bd5a534cdf3ff4e_diesel_regular,E.S. MAKRO - ALBUFEIRA,REPSOL,diesel_regular,Gasóleo simples,Outro,2.009,Albufeira,Faro,Vale VerdeGuia,Tavagueira Guia,8200-856,37.12915,-8.28268,e.s. makro - albufeira,repsol,vale verdeguia,"2,009 €",2026-05-15_dgeg_postos_raw.csv,e3aceb71a370c4e6
2026-05-15,2026-05-15 14:31:32,2026-05-14 15:15:00,7bd5a534cdf3ff4e,7bd5a534cdf3ff4e_diesel_premium,E.S. MAKRO - ALBUFEIRA,REPSOL,diesel_premium,Gasóleo especial,Outro,2.069,Albufeira,Faro,Vale VerdeGuia,Tavagueira Guia,8200-856,37.12915,-8.28268,e.s. makro - albufeira,repsol,vale verdeguia,"2,069 €",2026-05-15_dgeg_postos_raw.csv,047a27430b9db7b3
2026-05-15,2026-05-15 14:31:32,2026-05-14 15:15:00,7bd5a534cdf3ff4e,7bd5a534cdf3ff4e_gasoline_95,E.S. MAKRO - ALBUFEIRA,REPSOL,gasoline_95,Gasolina simples 95,Outro,2.009,Albufeira,Faro,Vale VerdeGuia,Tavagueira Guia,8200-856,37.12915,-8.28268,e.s. makro - albufeira,repsol,vale verdeguia,"2,009 €",2026-05-15_dgeg_postos_raw.csv,8d52f47a192b3067
2026-05-15,2026-05-15 14:31:32,2026-05-14 15:45:00,40536ba383f8ce10,40536ba383f8ce10_diesel_premium,Dpp Recardães,DPP,diesel_premium,Gasóleo especial,Outro,2.049,Águeda,Aveiro,"EN 333, Km 21.1D",Recardães,3750-722,40.55803,-8.47126,dpp recardães,dpp,"en 333, km 21.1d","2,049 €",2026-05-15_dgeg_postos_raw.csv,239140818b1ca566
2026-05-15,2026-05-15 14:31:32,2026-05-14 15:45:00,40536ba383f8ce10,40536ba383f8ce10_diesel_regular,Dpp Recardães,DPP,diesel_regular,Gasóleo simples,Outro,1.979,Águeda,Aveiro,"EN 333, Km 21.1D",Recardães,3750-722,40.55803,-8.47126,dpp recardães,dpp,"en 333, km 21.1d","1,979 €",2026-05-15_dgeg_postos_raw.csv,d9570c9c63416b61
2026-05-15,2026-05-15 14:31:32,2026-05-14 15:45:00,40536ba383f8ce10,40536ba383f8ce10_gasoline_95,Dpp Recardães,DPP,gasoline_95,Gasolina simples 95,Outro,1.869,Águeda,Aveiro,"EN 333, Km 21.1D",Recardães,3750-722,40.55803,-8.47126,dpp recardães,dpp,"en 333, km 21.1d","1,869 €",2026-05-15_dgeg_postos_raw.csv,4e9385cdec813701
2026-05-15,2026-05-15 14:31:32,2026-05-14 15:50:00,019d486cfaaf681c,019d486cfaaf681c_diesel_premium,BXPRESS ESGUEIRA,BXPRESS,diesel_premium,Gasóleo especial,Outro,1.949,Aveiro,Aveiro,EN 16 KM 3,Aveiro,3800-101,40.661472,-8.612758,bxpress esgueira,bxpress,en 16 km 3,"1,949 €",2026-05-15_dgeg_postos_raw.csv,dcfc05338f0a6387
2026-05-15,2026-05-15 14:31:32,2026-05-14 15:50:00,e526b1d6e9401347,e526b1d6e9401347_diesel_premium,PLENERGY - TROFA I,PLENERGY,diesel_premium,Gasóleo especial,Outro,1.869,Trofa,Porto,"Largo Bombeiros Voluntários da Trofa, 207",São Martinho Bougado,4785-292,41.340725,-8.557713,plenergy - trofa i,plenergy,"largo bombeiros voluntários da trofa, 207","1,869 €",2026-05-15_dgeg_postos_raw.csv,abf3c1c9c70fe537
2026-05-15,2026-05-15 14:31:32,2026-05-14 15:50:00,e526b1d6e9401347,e526b1d6e9401347_diesel_regular,PLENERGY - TROFA I,PLENERGY,diesel_regular,Gasóleo simples,Outro,1.869,Trofa,Porto,"Largo Bombeiros Voluntários da Trofa, 207",São Martinho Bougado,4785-292,41.340725,-8.557713,plenergy - trofa i,plenergy,"largo bombeiros voluntários da trofa, 207","1,869 €",2026-05-15_dgeg_postos_raw.csv,41b8c8643ada953f
2026-05-15,2026-05-15 14:31:32,2026-05-14 15:50:00,e526b1d6e9401347,e526b1d6e9401347_gasoline_95,PLENERGY - TROFA I,PLENERGY,gasoline_95,Gasolina simples 95,Outro,1.869,Trofa,Porto,"Largo Bombeiros Voluntários da Trofa, 207",São Martinho Bougado,4785-292,41.340725,-8.557713,plenergy - trofa i,plenergy,"largo bombeiros voluntários da trofa, 207","1,869 €",2026-05-15_dgeg_postos_raw.csv,e241ccd947b737de
2026-05-15,2026-05-15 14:31:32,2026-05-14 15:50:00,019d486cfaaf681c,019d486cfaaf681c_diesel_regular,BXPRESS ESGUEIRA,BXPRESS,diesel_regular,Gasóleo simples,Outro,1.919,Aveiro,Aveiro,EN 16 KM 3,Aveiro,3800-101,40.661472,-8.612758,bxpress esgueira,bxpress,en 16 km 3,"1,919 €",2026-05-15_dgeg_postos_raw.csv,035cf75c34f7aa5d
2026-05-15,2026-05-15 14:31:32,2026-05-14 15:50:00,019d486cfaaf681c,019d486cfaaf681c_gasoline_95,BXPRESS ESGUEIRA,BXPRESS,gasoline_95,Gasolina simples 95,Outro,1.909,Aveiro,Aveiro,EN 16 KM 3,Aveiro,3800-101,40.661472,-8.612758,bxpress esgueira,bxpress,en 16 km 3,"1,909 €",2026-05-15_dgeg_postos_raw.csv,96a8b01becdd555f
2026-05-15,2026-05-15 14:31:32,2026-05-14 16:30:00,f5fc7758ee09618e,f5fc7758ee09618e_diesel_premium,AVIA - AZINHAL,AVIA,diesel_premium,Gasóleo especial,Outro,2.078,Castro Marim,Faro,EN 512,Azinhal-Poço dos Peixes,8950-046,37.28237,-7.47099,avia - azinhal,avia,en 512,"2,078 €",2026-05-15_dgeg_postos_raw.csv,cb640349a96c9d25
2026-05-15,2026-05-15 14:31:32,2026-05-14 16:30:00,f5fc7758ee09618e,f5fc7758ee09618e_diesel_regular,AVIA - AZINHAL,AVIA,diesel_regular,Gasóleo simples,Outro,2.028,Castro Marim,Faro,EN 512,Azinhal-Poço dos Peixes,8950-046,37.28237,-7.47099,avia - azinhal,avia,en 512,"2,028 €",2026-05-15_dgeg_postos_raw.csv,13f0a97c395dccdc
2026-05-15,2026-05-15 14:31:32,2026-05-14 16:30:00,f5fc7758ee09618e,f5fc7758ee09618e_gasoline_95,AVIA - AZINHAL,AVIA,gasoline_95,Gasolina simples 95,Outro,2.051,Castro Marim,Faro,EN 512,Azinhal-Poço dos Peixes,8950-046,37.28237,-7.47099,avia - azinhal,avia,en 512,"2,051 €",2026-05-15_dgeg_postos_raw.csv,db11058579859a11
2026-05-15,2026-05-15 14:31:32,2026-05-14 16:30:00,7f053dd677586a04,7f053dd677586a04_gasoline_95,E.S. GUARDA SUL ROTUNDA,REPSOL,gasoline_95,Gasolina simples 95,Outro,2.077,Guarda,Guarda,"Av Veiga Simão, Parque Industrial da Guarda",GUARDA,6300-625,40.53441,-7.243571,e.s. guarda sul rotunda,repsol,"av veiga simão, parque industrial da guarda","2,077 €",2026-05-15_dgeg_postos_raw.csv,29f3df1a282f5e44
2026-05-15,2026-05-15 14:31:32,2026-05-14 16:30:00,7f053dd677586a04,7f053dd677586a04_gasoline_98,E.S. GUARDA SUL ROTUNDA,REPSOL,gasoline_98,Gasolina especial 98,Outro,2.277,Guarda,Guarda,"Av Veiga Simão, Parque Industrial da Guarda",GUARDA,6300-625,40.53441,-7.243571,e.s. guarda sul rotunda,repsol,"av veiga simão, parque industrial da guarda","2,277 €",2026-05-15_dgeg_postos_raw.csv,40972aedfcdf6793
2026-05-15,2026-05-15 14:31:32,2026-05-14 16:30:00,7f053dd677586a04,7f053dd677586a04_diesel_regular,E.S. GUARDA SUL ROTUNDA,REPSOL,diesel_regular,Gasóleo simples,Outro,2.079,Guarda,Guarda,"Av Veiga Simão, Parque Industrial da Guarda",GUARDA,6300-625,40.53441,-7.243571,e.s. guarda sul rotunda,repsol,"av veiga simão, parque industrial da guarda","2,079 €",2026-05-15_dgeg_postos_raw.csv,2a0f9a65a6f12b99
2026-05-15,2026-05-15 14:31:32,2026-05-14 16:30:00,7f053dd677586a04,7f053dd677586a04_diesel_premium,E.S. GUARDA SUL ROTUNDA,REPSOL,diesel_premium,Gasóleo especial,Outro,2.149,Guarda,Guarda,"Av Veiga Simão, Parque Industrial da Guarda",GUARDA,6300-625,40.53441,-7.243571,e.s. guarda sul rotunda,repsol,"av veiga simão, parque industrial da guarda","2,149 €",2026-05-15_dgeg_postos_raw.csv,b8ed3529ae572abb
2026-05-15,2026-05-15 14:31:32,2026-05-14 16:35:00,be1d2c9fffe2e9c1,be1d2c9fffe2e9c1_diesel_regular,BP Sabrosa - Zona Industrial (Paços),BP,diesel_regular,Gasóleo simples,Outro,2.104,Sabrosa,Vila Real,"Zona Industrial de Sabrosa, Lote 20B",Paços,5060-193,41.26472,-7.589908,bp sabrosa - zona industrial (paços),bp,"zona industrial de sabrosa, lote 20b","2,104 €",2026-05-15_dgeg_postos_raw.csv,b6dee2b682637fb6
2026-05-15,2026-05-15 14:31:32,2026-05-14 16:35:00,be1d2c9fffe2e9c1,be1d2c9fffe2e9c1_gasoline_95,BP Sabrosa - Zona Industrial (Paços),BP,gasoline_95,Gasolina simples 95,Outro,2.099,Sabrosa,Vila Real,"Zona Industrial de Sabrosa, Lote 20B",Paços,5060-193,41.26472,-7.589908,bp sabrosa - zona industrial (paços),bp,"zona industrial de sabrosa, lote 20b","2,099 €",2026-05-15_dgeg_postos_raw.csv,8f174fbd76f285d3
2026-05-15,2026-05-15 14:31:32,2026-05-14 16:35:00,be1d2c9fffe2e9c1,be1d2c9fffe2e9c1_diesel_premium,BP Sabrosa - Zona Industrial (Paços),BP,diesel_premium,Gasóleo especial,Outro,2.224,Sabrosa,Vila Real,"Zona Industrial de Sabrosa, Lote 20B",Paços,5060-193,41.26472,-7.589908,bp sabrosa - zona industrial (paços),bp,"zona industrial de sabrosa, lote 20b","2,224 €",2026-05-15_dgeg_postos_raw.csv,0e2277e12b33a36b
2026-05-15,2026-05-15 14:31:32,2026-05-14 16:40:00,8111cfea9b06258a,8111cfea9b06258a_diesel_regular,Alcoitão I (EST/SIN),MOEVE,diesel_regular,Gasóleo simples,Outro,1.996,Cascais,Lisboa,"EST. NAC. 6-8, KM 4, Nº.2952 E 2952A",Bairro de Santo António,2765-143,38.738075,-9.395385,alcoitão i (est/sin),moeve,"est. nac. 6-8, km 4, nº.2952 e 2952a","1,996 €",2026-05-15_dgeg_postos_raw.csv,c492997a130e8e9c
2026-05-15,2026-05-15 14:31:32,2026-05-14 16:40:00,8111cfea9b06258a,8111cfea9b06258a_diesel_premium,Alcoitão I (EST/SIN),MOEVE,diesel_premium,Gasóleo especial,Outro,2.046,Cascais,Lisboa,"EST. NAC. 6-8, KM 4, Nº.2952 E 2952A",Bairro de Santo António,2765-143,38.738075,-9.395385,alcoitão i (est/sin),moeve,"est. nac. 6-8, km 4, nº.2952 e 2952a","2,046 €",2026-05-15_dgeg_postos_raw.csv,9c5e43fbe9bf6984
2026-05-15,2026-05-15 14:31:32,2026-05-14 16:40:00,8111cfea9b06258a,8111cfea9b06258a_gasoline_95,Alcoitão I (EST/SIN),MOEVE,gasoline_95,Gasolina simples 95,Outro,2.038,Cascais,Lisboa,"EST. NAC. 6-8, KM 4, Nº.2952 E 2952A",Bairro de Santo António,2765-143,38.738075,-9.395385,alcoitão i (est/sin),moeve,"est. nac. 6-8, km 4, nº.2952 e 2952a","2,038 €",2026-05-15_dgeg_postos_raw.csv,a0fe2732f6fbd194
2026-05-15,2026-05-15 14:31:32,2026-05-14 16:55:00,640e304ab7eacef7,640e304ab7eacef7_diesel_regular,Intermarche de Ferreira do Zezere,INTERMARCHÉ,diesel_regular,Gasóleo simples,Outro,1.889,Ferreira do Zêzere,Santarém,AV. 13 DE JUNHO\r\nMATANA,FERREIRA DO ZEZERE,2240-000,39.69478,-8.30175,intermarche de ferreira do zezere,intermarché,av. 13 de junho\r\nmatana,"1,889 €",2026-05-15_dgeg_postos_raw.csv,392d648412dcd2e1
2026-05-15,2026-05-15 14:31:32,2026-05-14 16:55:00,640e304ab7eacef7,640e304ab7eacef7_diesel_premium,Intermarche de Ferreira do Zezere,INTERMARCHÉ,diesel_premium,Gasóleo especial,Outro,1.919,Ferreira do Zêzere,Santarém,AV. 13 DE JUNHO\r\nMATANA,FERREIRA DO ZEZERE,2240-000,39.69478,-8.30175,intermarche de ferreira do zezere,intermarché,av. 13 de junho\r\nmatana,"1,919 €",2026-05-15_dgeg_postos_raw.csv,f887b5a0d6271fee
2026-05-15,2026-05-15 14:31:32,2026-05-14 16:55:00,640e304ab7eacef7,640e304ab7eacef7_gasoline_95,Intermarche de Ferreira do Zezere,INTERMARCHÉ,gasoline_95,Gasolina simples 95,Outro,1.929,Ferreira do Zêzere,Santarém,AV. 13 DE JUNHO\r\nMATANA,FERREIRA DO ZEZERE,2240-000,39.69478,-8.30175,intermarche de ferreira do zezere,intermarché,av. 13 de junho\r\nmatana,"1,929 €",2026-05-15_dgeg_postos_raw.csv,4a9144f5c8cee4ed
2026-05-15,2026-05-15 14:31:32,2026-05-14 17:45:00,b4be1c1a0cf6bb0e,b4be1c1a0cf6bb0e_diesel_regular,ELVAS,BP,diesel_regular,Gasóleo simples,Outro,2.029,Elvas,Portalegre,Av. de Badajoz,Elvas,7350-096,38.877715,-7.170924,elvas,bp,av. de badajoz,"2,029 €",2026-05-15_dgeg_postos_raw.csv,b8589c4377a6c476
2026-05-15,2026-05-15 14:31:32,2026-05-14 17:45:00,b4be1c1a0cf6bb0e,b4be1c1a0cf6bb0e_diesel_premium,ELVAS,BP,diesel_premium,Gasóleo especial,Outro,2.229,Elvas,Portalegre,Av. de Badajoz,Elvas,7350-096,38.877715,-7.170924,elvas,bp,av. de badajoz,"2,229 €",2026-05-15_dgeg_postos_raw.csv,6f58b0eca24accf0
2026-05-15,2026-05-15 14:31:32,2026-05-14 17:45:00,b4be1c1a0cf6bb0e,b4be1c1a0cf6bb0e_gasoline_95,ELVAS,BP,gasoline_95,Gasolina simples 95,Outro,2.019,Elvas,Portalegre,Av. de Badajoz,Elvas,7350-096,38.877715,-7.170924,elvas,bp,av. de badajoz,"2,019 €",2026-05-15_dgeg_postos_raw.csv,36680f8e45fac85e
2026-05-15,2026-05-15 14:31:32,2026-05-14 17:45:00,b4be1c1a0cf6bb0e,b4be1c1a0cf6bb0e_gasoline_98,ELVAS,BP,gasoline_98,Gasolina especial 98,Outro,2.294,Elvas,Portalegre,Av. de Badajoz,Elvas,7350-096,38.877715,-7.170924,elvas,bp,av. de badajoz,"2,294 €",2026-05-15_dgeg_postos_raw.csv,cab67fea8f3a67d3
2026-05-15,2026-05-15 14:31:32,2026-05-14 18:00:00,8c6e0e3a618a1c68,8c6e0e3a618a1c68_diesel_regular,BP MAFRA CIRCULAR,BP,diesel_regular,Gasóleo simples,Outro,2.079,Mafra,Lisboa,"EN 116, Km 7\nLugar Casal Mourão, Posto BP",Sobreiro,2640-410,38.95843,-9.34738,bp mafra circular,bp,"en 116, km 7\nlugar casal mourão, posto bp","2,079 €",2026-05-15_dgeg_postos_raw.csv,40d344b541c6bf7d
2026-05-15,2026-05-15 14:31:32,2026-05-14 18:00:00,8c6e0e3a618a1c68,8c6e0e3a618a1c68_diesel_premium,BP MAFRA CIRCULAR,BP,diesel_premium,Gasóleo especial,Outro,2.229,Mafra,Lisboa,"EN 116, Km 7\nLugar Casal Mourão, Posto BP",Sobreiro,2640-410,38.95843,-9.34738,bp mafra circular,bp,"en 116, km 7\nlugar casal mourão, posto bp","2,229 €",2026-05-15_dgeg_postos_raw.csv,29717a0890dc62c7
2026-05-15,2026-05-15 14:31:32,2026-05-14 18:00:00,8c6e0e3a618a1c68,8c6e0e3a618a1c68_gasoline_95,BP MAFRA CIRCULAR,BP,gasoline_95,Gasolina simples 95,Outro,2.069,Mafra,Lisboa,"EN 116, Km 7\nLugar Casal Mourão, Posto BP",Sobreiro,2640-410,38.95843,-9.34738,bp mafra circular,bp,"en 116, km 7\nlugar casal mourão, posto bp","2,069 €",2026-05-15_dgeg_postos_raw.csv,cd020fc3dabd9a39
2026-05-15,2026-05-15 14:31:32,2026-05-14 18:00:00,8c6e0e3a618a1c68,8c6e0e3a618a1c68_gasoline_98,BP MAFRA CIRCULAR,BP,gasoline_98,Gasolina especial 98,Outro,2.299,Mafra,Lisboa,"EN 116, Km 7\nLugar Casal Mourão, Posto BP",Sobreiro,2640-410,38.95843,-9.34738,bp mafra circular,bp,"en 116, km 7\nlugar casal mourão, posto bp","2,299 €",2026-05-15_dgeg_postos_raw.csv,35349476043609cc
2026-05-15,2026-05-15 14:31:32,2026-05-14 18:00:00,ab640b001fa985d1,ab640b001fa985d1_diesel_regular,GALP Hospital Covilhã,GALP,diesel_regular,Gasóleo simples,Outro,2.029,Covilhã,Castelo Branco,Quinta do Alvito,Covilhã,6200-251,40.264874,-7.491277,galp hospital covilhã,galp,quinta do alvito,"2,029 €",2026-05-15_dgeg_postos_raw.csv,b6dcb554262953bf
2026-05-15,2026-05-15 14:31:32,2026-05-14 18:00:00,ab640b001fa985d1,ab640b001fa985d1_diesel_premium,GALP Hospital Covilhã,GALP,diesel_premium,Gasóleo especial,Outro,2.079,Covilhã,Castelo Branco,Quinta do Alvito,Covilhã,6200-251,40.264874,-7.491277,galp hospital covilhã,galp,quinta do alvito,"2,079 €",2026-05-15_dgeg_postos_raw.csv,d84ef93db0a9a42c
2026-05-15,2026-05-15 14:31:32,2026-05-14 18:00:00,ab640b001fa985d1,ab640b001fa985d1_gasoline_95,GALP Hospital Covilhã,GALP,gasoline_95,Gasolina simples 95,Outro,2.026,Covilhã,Castelo Branco,Quinta do Alvito,Covilhã,6200-251,40.264874,-7.491277,galp hospital covilhã,galp,quinta do alvito,"2,026 €",2026-05-15_dgeg_postos_raw.csv,399eed58ae4e8ebe
2026-05-15,2026-05-15 14:31:32,2026-05-14 18:15:00,2b15b1dfb350f88d,2b15b1dfb350f88d_diesel_regular,REPSOL Fundão A - R Cidade Covilhã,REPSOL,diesel_regular,Gasóleo simples,Outro,2.019,Fundão,Castelo Branco,"Rua da Cidade da Covilhã, s/n",Fundão,6230-346,40.1424,-7.497109,repsol fundão a - r cidade covilhã,repsol,"rua da cidade da covilhã, s/n","2,019 €",2026-05-15_dgeg_postos_raw.csv,cd96ebcc66d37f77
2026-05-15,2026-05-15 14:31:32,2026-05-14 18:15:00,2b15b1dfb350f88d,2b15b1dfb350f88d_diesel_premium,REPSOL Fundão A - R Cidade Covilhã,REPSOL,diesel_premium,Gasóleo especial,Outro,2.069,Fundão,Castelo Branco,"Rua da Cidade da Covilhã, s/n",Fundão,6230-346,40.1424,-7.497109,repsol fundão a - r cidade covilhã,repsol,"rua da cidade da covilhã, s/n","2,069 €",2026-05-15_dgeg_postos_raw.csv,f863872b18e07165
2026-05-15,2026-05-15 14:31:32,2026-05-14 18:15:00,2b15b1dfb350f88d,2b15b1dfb350f88d_gasoline_95,REPSOL Fundão A - R Cidade Covilhã,REPSOL,gasoline_95,Gasolina simples 95,Outro,2.017,Fundão,Castelo Branco,"Rua da Cidade da Covilhã, s/n",Fundão,6230-346,40.1424,-7.497109,repsol fundão a - r cidade covilhã,repsol,"rua da cidade da covilhã, s/n","2,017 €",2026-05-15_dgeg_postos_raw.csv,e9a2d9660e0e04cb
2026-05-15,2026-05-15 14:31:32,2026-05-14 18:15:00,2b15b1dfb350f88d,2b15b1dfb350f88d_gasoline_98,REPSOL Fundão A - R Cidade Covilhã,REPSOL,gasoline_98,Gasolina especial 98,Outro,2.197,Fundão,Castelo Branco,"Rua da Cidade da Covilhã, s/n",Fundão,6230-346,40.1424,-7.497109,repsol fundão a - r cidade covilhã,repsol,"rua da cidade da covilhã, s/n","2,197 €",2026-05-15_dgeg_postos_raw.csv,2fa11e00afa15dbc
2026-05-15,2026-05-15 14:31:32,2026-05-14 18:15:00,cfc9f9f8e2bbc319,cfc9f9f8e2bbc319_diesel_regular,REPSOL  Pedrogão Grande - 1076,REPSOL,diesel_regular,Gasóleo simples,Outro,2.039,Pedrógão Grande,Leiria,Rua Dr. Joaquim nº 19,Pedrógão Grande,3270-171,39.912834,-8.149415,repsol pedrogão grande - 1076,repsol,rua dr. joaquim nº 19,"2,039 €",2026-05-15_dgeg_postos_raw.csv,aa349a9c23c5fb90
2026-05-15,2026-05-15 14:31:32,2026-05-14 18:15:00,cfc9f9f8e2bbc319,cfc9f9f8e2bbc319_diesel_premium,REPSOL  Pedrogão Grande - 1076,REPSOL,diesel_premium,Gasóleo especial,Outro,2.089,Pedrógão Grande,Leiria,Rua Dr. Joaquim nº 19,Pedrógão Grande,3270-171,39.912834,-8.149415,repsol pedrogão grande - 1076,repsol,rua dr. joaquim nº 19,"2,089 €",2026-05-15_dgeg_postos_raw.csv,7d9cb2763cc0894e
2026-05-15,2026-05-15 14:31:32,2026-05-14 18:15:00,cfc9f9f8e2bbc319,cfc9f9f8e2bbc319_gasoline_95,REPSOL  Pedrogão Grande - 1076,REPSOL,gasoline_95,Gasolina simples 95,Outro,2.037,Pedrógão Grande,Leiria,Rua Dr. Joaquim nº 19,Pedrógão Grande,3270-171,39.912834,-8.149415,repsol pedrogão grande - 1076,repsol,rua dr. joaquim nº 19,"2,037 €",2026-05-15_dgeg_postos_raw.csv,94eea1d148911ba0
2026-05-15,2026-05-15 14:31:32,2026-05-14 18:20:00,544b335bbf2a5f48,544b335bbf2a5f48_diesel_regular,REPSOL Rotunda Fundão,REPSOL,diesel_regular,Gasóleo simples,Outro,2.019,Fundão,Castelo Branco,Rua Cidade da Covilha,Fundão,6230-346,40.15476,-7.496789,repsol rotunda fundão,repsol,rua cidade da covilha,"2,019 €",2026-05-15_dgeg_postos_raw.csv,ef43d0280a3e5017
2026-05-15,2026-05-15 14:31:32,2026-05-14 18:20:00,544b335bbf2a5f48,544b335bbf2a5f48_diesel_premium,REPSOL Rotunda Fundão,REPSOL,diesel_premium,Gasóleo especial,Outro,2.069,Fundão,Castelo Branco,Rua Cidade da Covilha,Fundão,6230-346,40.15476,-7.496789,repsol rotunda fundão,repsol,rua cidade da covilha,"2,069 €",2026-05-15_dgeg_postos_raw.csv,c8869610883c6fdf
2026-05-15,2026-05-15 14:31:32,2026-05-14 18:20:00,544b335bbf2a5f48,544b335bbf2a5f48_gasoline_95,REPSOL Rotunda Fundão,REPSOL,gasoline_95,Gasolina simples 95,Outro,2.017,Fundão,Castelo Branco,Rua Cidade da Covilha,Fundão,6230-346,40.15476,-7.496789,repsol rotunda fundão,repsol,rua cidade da covilha,"2,017 €",2026-05-15_dgeg_postos_raw.csv,62bc4ea866b95a86
2026-05-15,2026-05-15 14:31:32,2026-05-14 18:20:00,d211d3111fd75165,d211d3111fd75165_diesel_regular,E.S. SOBREIRA FORMOSA,REPSOL,diesel_regular,Gasóleo simples,Outro,2.039,Proença-a-Nova,Castelo Branco,Sobreira Formosa,Sobreira Formosa,6150-000,39.773824,-7.847984,e.s. sobreira formosa,repsol,sobreira formosa,"2,039 €",2026-05-15_dgeg_postos_raw.csv,056b9410f3cc0fe7
2026-05-15,2026-05-15 14:31:32,2026-05-14 18:20:00,d211d3111fd75165,d211d3111fd75165_diesel_premium,E.S. SOBREIRA FORMOSA,REPSOL,diesel_premium,Gasóleo especial,Outro,2.089,Proença-a-Nova,Castelo Branco,Sobreira Formosa,Sobreira Formosa,6150-000,39.773824,-7.847984,e.s. sobreira formosa,repsol,sobreira formosa,"2,089 €",2026-05-15_dgeg_postos_raw.csv,ea9c9d01d872588f
2026-05-15,2026-05-15 14:31:32,2026-05-14 18:20:00,d211d3111fd75165,d211d3111fd75165_gasoline_95,E.S. SOBREIRA FORMOSA,REPSOL,gasoline_95,Gasolina simples 95,Outro,2.037,Proença-a-Nova,Castelo Branco,Sobreira Formosa,Sobreira Formosa,6150-000,39.773824,-7.847984,e.s. sobreira formosa,repsol,sobreira formosa,"2,037 €",2026-05-15_dgeg_postos_raw.csv,9621432fbedb0cd2
2026-05-15,2026-05-15 14:31:32,2026-05-14 18:20:00,d211d3111fd75165,d211d3111fd75165_gasoline_98,E.S. SOBREIRA FORMOSA,REPSOL,gasoline_98,Gasolina especial 98,Outro,2.217,Proença-a-Nova,Castelo Branco,Sobreira Formosa,Sobreira Formosa,6150-000,39.773824,-7.847984,e.s. sobreira formosa,repsol,sobreira formosa,"2,217 €",2026-05-15_dgeg_postos_raw.csv,f639a6ec871ec64e
2026-05-15,2026-05-15 14:31:32,2026-05-14 18:25:00,20349ad692f722f5,20349ad692f722f5_diesel_regular,E.S. SERTÃ,REPSOL,diesel_regular,Gasóleo simples,Outro,2.019,Sertã,Castelo Branco,Estrada Vila de Rei,Sertã - Cumeada,6100-732,39.773658,-8.109689,e.s. sertã,repsol,estrada vila de rei,"2,019 €",2026-05-15_dgeg_postos_raw.csv,bb498b57ff3d9388
2026-05-15,2026-05-15 14:31:32,2026-05-14 18:25:00,20349ad692f722f5,20349ad692f722f5_diesel_premium,E.S. SERTÃ,REPSOL,diesel_premium,Gasóleo especial,Outro,2.089,Sertã,Castelo Branco,Estrada Vila de Rei,Sertã - Cumeada,6100-732,39.773658,-8.109689,e.s. sertã,repsol,estrada vila de rei,"2,089 €",2026-05-15_dgeg_postos_raw.csv,080e3246cef5e81b
2026-05-15,2026-05-15 14:31:32,2026-05-14 18:25:00,20349ad692f722f5,20349ad692f722f5_gasoline_95,E.S. SERTÃ,REPSOL,gasoline_95,Gasolina simples 95,Outro,2.017,Sertã,Castelo Branco,Estrada Vila de Rei,Sertã - Cumeada,6100-732,39.773658,-8.109689,e.s. sertã,repsol,estrada vila de rei,"2,017 €",2026-05-15_dgeg_postos_raw.csv,81bbf7d10754bc2d
2026-05-15,2026-05-15 14:31:32,2026-05-14 18:25:00,20349ad692f722f5,20349ad692f722f5_gasoline_98,E.S. SERTÃ,REPSOL,gasoline_98,Gasolina especial 98,Outro,2.217,Sertã,Castelo Branco,Estrada Vila de Rei,Sertã - Cumeada,6100-732,39.773658,-8.109689,e.s. sertã,repsol,estrada vila de rei,"2,217 €",2026-05-15_dgeg_postos_raw.csv,086fa422694ebfd6
2026-05-15,2026-05-15 14:31:32,2026-05-14 18:25:00,59b6429d96780dc9,59b6429d96780dc9_diesel_regular,E.S. CERNACHE,REPSOL,diesel_regular,Gasóleo simples,Outro,2.019,Sertã,Castelo Branco,Rua dos Pinheiros nº 77 C,Cernache do Bonjardim,6100-266,39.8165,-8.187083,e.s. cernache,repsol,rua dos pinheiros nº 77 c,"2,019 €",2026-05-15_dgeg_postos_raw.csv,ac0d0f5f34f3be1f
2026-05-15,2026-05-15 14:31:32,2026-05-14 18:25:00,59b6429d96780dc9,59b6429d96780dc9_diesel_premium,E.S. CERNACHE,REPSOL,diesel_premium,Gasóleo especial,Outro,2.089,Sertã,Castelo Branco,Rua dos Pinheiros nº 77 C,Cernache do Bonjardim,6100-266,39.8165,-8.187083,e.s. cernache,repsol,rua dos pinheiros nº 77 c,"2,089 €",2026-05-15_dgeg_postos_raw.csv,30bafc13eaa21621
2026-05-15,2026-05-15 14:31:32,2026-05-14 18:25:00,59b6429d96780dc9,59b6429d96780dc9_gasoline_95,E.S. CERNACHE,REPSOL,gasoline_95,Gasolina simples 95,Outro,2.017,Sertã,Castelo Branco,Rua dos Pinheiros nº 77 C,Cernache do Bonjardim,6100-266,39.8165,-8.187083,e.s. cernache,repsol,rua dos pinheiros nº 77 c,"2,017 €",2026-05-15_dgeg_postos_raw.csv,6d92d68b82cb569d
2026-05-15,2026-05-15 14:31:32,2026-05-14 18:25:00,59b6429d96780dc9,59b6429d96780dc9_gasoline_98,E.S. CERNACHE,REPSOL,gasoline_98,Gasolina especial 98,Outro,2.217,Sertã,Castelo Branco,Rua dos Pinheiros nº 77 C,Cernache do Bonjardim,6100-266,39.8165,-8.187083,e.s. cernache,repsol,rua dos pinheiros nº 77 c,"2,217 €",2026-05-15_dgeg_postos_raw.csv,e97b9aaaa320472f
2026-05-15,2026-05-15 14:31:32,2026-05-14 18:55:00,db7d23f71cf727ac,db7d23f71cf727ac_diesel_regular,BP  Malaposta (Este),BP,diesel_regular,Gasóleo simples,Outro,2.109,Anadia,Aveiro,"IC 2 , n. 193 MALAPOSTA  3780-294 ANADIA",Malaposta,3780-294,40.454716,-8.453481,bp malaposta (este),bp,"ic 2 , n. 193 malaposta 3780-294 anadia","2,109 €",2026-05-15_dgeg_postos_raw.csv,ccefb15ba0a2bd15
2026-05-15,2026-05-15 14:31:32,2026-05-14 18:55:00,db7d23f71cf727ac,db7d23f71cf727ac_diesel_premium,BP  Malaposta (Este),BP,diesel_premium,Gasóleo especial,Outro,2.229,Anadia,Aveiro,"IC 2 , n. 193 MALAPOSTA  3780-294 ANADIA",Malaposta,3780-294,40.454716,-8.453481,bp malaposta (este),bp,"ic 2 , n. 193 malaposta 3780-294 anadia","2,229 €",2026-05-15_dgeg_postos_raw.csv,0ab886f1a3b19e8e
2026-05-15,2026-05-15 14:31:32,2026-05-14 18:55:00,db7d23f71cf727ac,db7d23f71cf727ac_gasoline_95,BP  Malaposta (Este),BP,gasoline_95,Gasolina simples 95,Outro,2.099,Anadia,Aveiro,"IC 2 , n. 193 MALAPOSTA  3780-294 ANADIA",Malaposta,3780-294,40.454716,-8.453481,bp malaposta (este),bp,"ic 2 , n. 193 malaposta 3780-294 anadia","2,099 €",2026-05-15_dgeg_postos_raw.csv,f6e49d5b4649fdec
2026-05-15,2026-05-15 14:31:32,2026-05-14 18:55:00,db7d23f71cf727ac,db7d23f71cf727ac_gasoline_98,BP  Malaposta (Este),BP,gasoline_98,Gasolina especial 98,Outro,2.299,Anadia,Aveiro,"IC 2 , n. 193 MALAPOSTA  3780-294 ANADIA",Malaposta,3780-294,40.454716,-8.453481,bp malaposta (este),bp,"ic 2 , n. 193 malaposta 3780-294 anadia","2,299 €",2026-05-15_dgeg_postos_raw.csv,966ce1f1fad01608
2026-05-15,2026-05-15 14:31:32,2026-05-14 18:55:00,ade6ad022890b822,ade6ad022890b822_diesel_regular,BP Malaposta (Oeste),BP,diesel_regular,Gasóleo simples,Outro,2.109,Anadia,Aveiro,IC2 n. 193  Malaposta 2780-294 ANADIA,Malaposta,3780-294,40.45508,-8.454113,bp malaposta (oeste),bp,ic2 n. 193 malaposta 2780-294 anadia,"2,109 €",2026-05-15_dgeg_postos_raw.csv,f5e56c9543aa068e
2026-05-15,2026-05-15 14:31:32,2026-05-14 18:55:00,ade6ad022890b822,ade6ad022890b822_diesel_premium,BP Malaposta (Oeste),BP,diesel_premium,Gasóleo especial,Outro,2.229,Anadia,Aveiro,IC2 n. 193  Malaposta 2780-294 ANADIA,Malaposta,3780-294,40.45508,-8.454113,bp malaposta (oeste),bp,ic2 n. 193 malaposta 2780-294 anadia,"2,229 €",2026-05-15_dgeg_postos_raw.csv,b4a9efe2e24bc8db
2026-05-15,2026-05-15 14:31:32,2026-05-14 18:55:00,ade6ad022890b822,ade6ad022890b822_gasoline_95,BP Malaposta (Oeste),BP,gasoline_95,Gasolina simples 95,Outro,2.099,Anadia,Aveiro,IC2 n. 193  Malaposta 2780-294 ANADIA,Malaposta,3780-294,40.45508,-8.454113,bp malaposta (oeste),bp,ic2 n. 193 malaposta 2780-294 anadia,"2,099 €",2026-05-15_dgeg_postos_raw.csv,b3cf445370477f61
2026-05-15,2026-05-15 14:31:32,2026-05-14 18:55:00,ade6ad022890b822,ade6ad022890b822_gasoline_98,BP Malaposta (Oeste),BP,gasoline_98,Gasolina especial 98,Outro,2.299,Anadia,Aveiro,IC2 n. 193  Malaposta 2780-294 ANADIA,Malaposta,3780-294,40.45508,-8.454113,bp malaposta (oeste),bp,ic2 n. 193 malaposta 2780-294 anadia,"2,299 €",2026-05-15_dgeg_postos_raw.csv,209a0fdc3199cb27
2026-05-15,2026-05-15 14:31:32,2026-05-14 20:05:00,307bb27bf4cd7a20,307bb27bf4cd7a20_diesel_regular,"Araujo & Ramos,  Lda",Genérico,diesel_regular,Gasóleo simples,Outro,2.0,Penamacor,Castelo Branco,Estrada Nacional - Sitio do Areeiro,Penamacor,6090-000,40.162777,-7.186296,"araujo & ramos, lda",genérico,estrada nacional - sitio do areeiro,"2,000 €",2026-05-15_dgeg_postos_raw.csv,7a9be44baaaa7180
2026-05-15,2026-05-15 14:31:32,2026-05-14 20:05:00,307bb27bf4cd7a20,307bb27bf4cd7a20_gasoline_95,"Araujo & Ramos,  Lda",Genérico,gasoline_95,Gasolina simples 95,Outro,2.0,Penamacor,Castelo Branco,Estrada Nacional - Sitio do Areeiro,Penamacor,6090-000,40.162777,-7.186296,"araujo & ramos, lda",genérico,estrada nacional - sitio do areeiro,"2,000 €",2026-05-15_dgeg_postos_raw.csv,f8bf0c15d3ca3ab5
2026-05-15,2026-05-15 14:31:32,2026-05-14 20:05:00,307bb27bf4cd7a20,307bb27bf4cd7a20_diesel_premium,"Araujo & Ramos,  Lda",Genérico,diesel_premium,Gasóleo especial,Outro,2.03,Penamacor,Castelo Branco,Estrada Nacional - Sitio do Areeiro,Penamacor,6090-000,40.162777,-7.186296,"araujo & ramos, lda",genérico,estrada nacional - sitio do areeiro,"2,030 €",2026-05-15_dgeg_postos_raw.csv,c74b5731eea6d0ad
2026-05-15,2026-05-15 14:31:32,2026-05-14 20:10:00,fee3cf3364a96739,fee3cf3364a96739_diesel_regular,POLISVARIANTE,Genérico,diesel_regular,Gasóleo simples,Outro,2.029,Fafe,Braga,Rua de Várzea,Silvares São Martinho,4820-715,41.4041,-8.16035,polisvariante,genérico,rua de várzea,"2,029 €",2026-05-15_dgeg_postos_raw.csv,eb7d9debf69581e9
2026-05-15,2026-05-15 14:31:32,2026-05-14 20:10:00,fee3cf3364a96739,fee3cf3364a96739_gasoline_95,POLISVARIANTE,Genérico,gasoline_95,Gasolina simples 95,Outro,2.027,Fafe,Braga,Rua de Várzea,Silvares São Martinho,4820-715,41.4041,-8.16035,polisvariante,genérico,rua de várzea,"2,027 €",2026-05-15_dgeg_postos_raw.csv,011495e9d2bb5fdc
2026-05-15,2026-05-15 14:31:32,2026-05-14 20:10:00,fee3cf3364a96739,fee3cf3364a96739_diesel_premium,POLISVARIANTE,Genérico,diesel_premium,Gasóleo especial,Outro,2.089,Fafe,Braga,Rua de Várzea,Silvares São Martinho,4820-715,41.4041,-8.16035,polisvariante,genérico,rua de várzea,"2,089 €",2026-05-15_dgeg_postos_raw.csv,855dee71513d2250
2026-05-15,2026-05-15 14:31:32,2026-05-14 20:30:00,be4b1cd0b75d8aa6,be4b1cd0b75d8aa6_diesel_regular,INTERMARCHÉ Interviatodos,INTERMARCHÉ,diesel_regular,Gasóleo simples,Outro,1.899,Barcelos,Braga,Rua Santa Maria de Viatodos - Edifício Intermarché,Viatodos,4775-250,41.446487,-8.555279,intermarché interviatodos,intermarché,rua santa maria de viatodos - edifício intermarché,"1,899 €",2026-05-15_dgeg_postos_raw.csv,08b217325e0988f4
2026-05-15,2026-05-15 14:31:32,2026-05-14 20:30:00,be4b1cd0b75d8aa6,be4b1cd0b75d8aa6_diesel_premium,INTERMARCHÉ Interviatodos,INTERMARCHÉ,diesel_premium,Gasóleo especial,Outro,1.929,Barcelos,Braga,Rua Santa Maria de Viatodos - Edifício Intermarché,Viatodos,4775-250,41.446487,-8.555279,intermarché interviatodos,intermarché,rua santa maria de viatodos - edifício intermarché,"1,929 €",2026-05-15_dgeg_postos_raw.csv,03818761ed6f8773
2026-05-15,2026-05-15 14:31:32,2026-05-14 20:30:00,be4b1cd0b75d8aa6,be4b1cd0b75d8aa6_gasoline_95,INTERMARCHÉ Interviatodos,INTERMARCHÉ,gasoline_95,Gasolina simples 95,Outro,1.877,Barcelos,Braga,Rua Santa Maria de Viatodos - Edifício Intermarché,Viatodos,4775-250,41.446487,-8.555279,intermarché interviatodos,intermarché,rua santa maria de viatodos - edifício intermarché,"1,877 €",2026-05-15_dgeg_postos_raw.csv,87e9158a0c0edf64
2026-05-15,2026-05-15 14:31:32,2026-05-14 21:35:00,d8a3c0ae3cd7dff7,d8a3c0ae3cd7dff7_diesel_premium,Lupins,Genérico,diesel_premium,Gasóleo especial,Outro,2.049,Leiria,Leiria,"Rua da Bidoeira, nº 146",Barracão,2420-195,39.82772,-8.7244,lupins,genérico,"rua da bidoeira, nº 146","2,049 €",2026-05-15_dgeg_postos_raw.csv,7cc4ee3b9e4a44cf
2026-05-15,2026-05-15 14:31:32,2026-05-14 21:35:00,d8a3c0ae3cd7dff7,d8a3c0ae3cd7dff7_diesel_regular,Lupins,Genérico,diesel_regular,Gasóleo simples,Outro,1.999,Leiria,Leiria,"Rua da Bidoeira, nº 146",Barracão,2420-195,39.82772,-8.7244,lupins,genérico,"rua da bidoeira, nº 146","1,999 €",2026-05-15_dgeg_postos_raw.csv,3b89982a60bc4d0a
2026-05-15,2026-05-15 14:31:32,2026-05-14 21:35:00,d8a3c0ae3cd7dff7,d8a3c0ae3cd7dff7_gasoline_95,Lupins,Genérico,gasoline_95,Gasolina simples 95,Outro,2.034,Leiria,Leiria,"Rua da Bidoeira, nº 146",Barracão,2420-195,39.82772,-8.7244,lupins,genérico,"rua da bidoeira, nº 146","2,034 €",2026-05-15_dgeg_postos_raw.csv,9dc690c973aeec02
2026-05-15,2026-05-15 14:31:32,2026-05-14 21:50:00,38a9cba15f3c20a9,38a9cba15f3c20a9_diesel_premium,"PETROCERVA, LDA",Genérico,diesel_premium,Gasóleo especial,Outro,2.09,Ribeira de Pena,Vila Real,"Rua Central da Fateca, 18",Cerva,4870-042,41.469032,-7.851048,"petrocerva, lda",genérico,"rua central da fateca, 18","2,090 €",2026-05-15_dgeg_postos_raw.csv,82437e201968a1d5
2026-05-15,2026-05-15 14:31:32,2026-05-14 21:50:00,38a9cba15f3c20a9,38a9cba15f3c20a9_diesel_regular,"PETROCERVA, LDA",Genérico,diesel_regular,Gasóleo simples,Outro,2.06,Ribeira de Pena,Vila Real,"Rua Central da Fateca, 18",Cerva,4870-042,41.469032,-7.851048,"petrocerva, lda",genérico,"rua central da fateca, 18","2,060 €",2026-05-15_dgeg_postos_raw.csv,a99ca33e2716a326
2026-05-15,2026-05-15 14:31:32,2026-05-14 21:50:00,38a9cba15f3c20a9,38a9cba15f3c20a9_gasoline_95,"PETROCERVA, LDA",Genérico,gasoline_95,Gasolina simples 95,Outro,2.0,Ribeira de Pena,Vila Real,"Rua Central da Fateca, 18",Cerva,4870-042,41.469032,-7.851048,"petrocerva, lda",genérico,"rua central da fateca, 18","2,000 €",2026-05-15_dgeg_postos_raw.csv,486e62ddc22c6104
2026-05-15,2026-05-15 14:31:32,2026-05-14 23:05:00,6610b9cfb40f6cdf,6610b9cfb40f6cdf_diesel_regular,PRIO Chaves - Fernando M. Portugal,PRIO,diesel_regular,Gasóleo simples,Outro,1.959,Chaves,Vila Real,Rua 25 de Março de 1809  n.º 4  (Lombo),Chaves,5400-016,41.7221,-7.45758,prio chaves - fernando m. portugal,prio,rua 25 de março de 1809 n.º 4 (lombo),"1,959 €",2026-05-15_dgeg_postos_raw.csv,59ee538367e5596f
2026-05-15,2026-05-15 14:31:32,2026-05-14 23:05:00,6610b9cfb40f6cdf,6610b9cfb40f6cdf_diesel_premium,PRIO Chaves - Fernando M. Portugal,PRIO,diesel_premium,Gasóleo especial,Outro,1.969,Chaves,Vila Real,Rua 25 de Março de 1809  n.º 4  (Lombo),Chaves,5400-016,41.7221,-7.45758,prio chaves - fernando m. portugal,prio,rua 25 de março de 1809 n.º 4 (lombo),"1,969 €",2026-05-15_dgeg_postos_raw.csv,a75ee0ceccbd8f81
2026-05-15,2026-05-15 14:31:32,2026-05-14 23:05:00,6610b9cfb40f6cdf,6610b9cfb40f6cdf_gasoline_95,PRIO Chaves - Fernando M. Portugal,PRIO,gasoline_95,Gasolina simples 95,Outro,1.964,Chaves,Vila Real,Rua 25 de Março de 1809  n.º 4  (Lombo),Chaves,5400-016,41.7221,-7.45758,prio chaves - fernando m. portugal,prio,rua 25 de março de 1809 n.º 4 (lombo),"1,964 €",2026-05-15_dgeg_postos_raw.csv,6d8a696e0ae747bb
2026-05-15,2026-05-15 14:31:32,2026-05-14 23:05:00,b4343f618de11dad,b4343f618de11dad_diesel_regular,E.S. EIRIZ,REPSOL,diesel_regular,Gasóleo simples,Outro,2.079,Baião,Porto,Eiriz,Eiriz,4640-000,41.12439,-8.0552,e.s. eiriz,repsol,eiriz,"2,079 €",2026-05-15_dgeg_postos_raw.csv,a9b4869289556e2a
2026-05-15,2026-05-15 14:31:32,2026-05-14 23:05:00,b4343f618de11dad,b4343f618de11dad_diesel_premium,E.S. EIRIZ,REPSOL,diesel_premium,Gasóleo especial,Outro,2.149,Baião,Porto,Eiriz,Eiriz,4640-000,41.12439,-8.0552,e.s. eiriz,repsol,eiriz,"2,149 €",2026-05-15_dgeg_postos_raw.csv,a44ede66b70c279d
2026-05-15,2026-05-15 14:31:32,2026-05-14 23:05:00,b4343f618de11dad,b4343f618de11dad_gasoline_95,E.S. EIRIZ,REPSOL,gasoline_95,Gasolina simples 95,Outro,2.067,Baião,Porto,Eiriz,Eiriz,4640-000,41.12439,-8.0552,e.s. eiriz,repsol,eiriz,"2,067 €",2026-05-15_dgeg_postos_raw.csv,47676e241adee2d4
2026-05-15,2026-05-15 14:31:32,2026-05-14 23:05:00,b4343f618de11dad,b4343f618de11dad_gasoline_98,E.S. EIRIZ,REPSOL,gasoline_98,Gasolina especial 98,Outro,2.267,Baião,Porto,Eiriz,Eiriz,4640-000,41.12439,-8.0552,e.s. eiriz,repsol,eiriz,"2,267 €",2026-05-15_dgeg_postos_raw.csv,a181bc8345eb2f66
2026-05-15,2026-05-15 14:31:32,2026-05-15 00:00:00,e6ea17c2e4c85675,e6ea17c2e4c85675_diesel_regular,E.S. BENAVENTE,REPSOL,diesel_regular,Gasóleo simples,Outro,2.039,Benavente,Santarém,Largo Nª Sª da Paz nº 4,Benavente,2130-000,38.98157,-8.80803,e.s. benavente,repsol,largo nª sª da paz nº 4,"2,039 €",2026-05-15_dgeg_postos_raw.csv,ed6f0e6a6048f322
2026-05-15,2026-05-15 14:31:32,2026-05-15 00:00:00,e6ea17c2e4c85675,e6ea17c2e4c85675_diesel_premium,E.S. BENAVENTE,REPSOL,diesel_premium,Gasóleo especial,Outro,2.109,Benavente,Santarém,Largo Nª Sª da Paz nº 4,Benavente,2130-000,38.98157,-8.80803,e.s. benavente,repsol,largo nª sª da paz nº 4,"2,109 €",2026-05-15_dgeg_postos_raw.csv,db598b7762da2787
2026-05-15,2026-05-15 14:31:32,2026-05-15 00:00:00,e6ea17c2e4c85675,e6ea17c2e4c85675_gasoline_95,E.S. BENAVENTE,REPSOL,gasoline_95,Gasolina simples 95,Outro,2.037,Benavente,Santarém,Largo Nª Sª da Paz nº 4,Benavente,2130-000,38.98157,-8.80803,e.s. benavente,repsol,largo nª sª da paz nº 4,"2,037 €",2026-05-15_dgeg_postos_raw.csv,1b56dae884c10dd1
2026-05-15,2026-05-15 14:31:32,2026-05-15 00:00:00,6c08a6586d048ed5,6c08a6586d048ed5_diesel_regular,E.S. TRAMAGAL,REPSOL,diesel_regular,Gasóleo simples,Outro,2.029,Abrantes,Santarém,"EN118, 94, Tramagal",Tramagal,2205-645,39.45403,-8.2404,e.s. tramagal,repsol,"en118, 94, tramagal","2,029 €",2026-05-15_dgeg_postos_raw.csv,a52f784f925711b7
2026-05-15,2026-05-15 14:31:32,2026-05-15 00:00:00,6c08a6586d048ed5,6c08a6586d048ed5_diesel_premium,E.S. TRAMAGAL,REPSOL,diesel_premium,Gasóleo especial,Outro,2.099,Abrantes,Santarém,"EN118, 94, Tramagal",Tramagal,2205-645,39.45403,-8.2404,e.s. tramagal,repsol,"en118, 94, tramagal","2,099 €",2026-05-15_dgeg_postos_raw.csv,98af4313d4ecd2e0
2026-05-15,2026-05-15 14:31:32,2026-05-15 00:00:00,6c08a6586d048ed5,6c08a6586d048ed5_gasoline_95,E.S. TRAMAGAL,REPSOL,gasoline_95,Gasolina simples 95,Outro,2.027,Abrantes,Santarém,"EN118, 94, Tramagal",Tramagal,2205-645,39.45403,-8.2404,e.s. tramagal,repsol,"en118, 94, tramagal","2,027 €",2026-05-15_dgeg_postos_raw.csv,bae0327a8ac88183
2026-05-15,2026-05-15 14:31:32,2026-05-15 00:00:00,6c08a6586d048ed5,6c08a6586d048ed5_gasoline_98,E.S. TRAMAGAL,REPSOL,gasoline_98,Gasolina especial 98,Outro,2.227,Abrantes,Santarém,"EN118, 94, Tramagal",Tramagal,2205-645,39.45403,-8.2404,e.s. tramagal,repsol,"en118, 94, tramagal","2,227 €",2026-05-15_dgeg_postos_raw.csv,4b22565f7473685d
2026-05-15,2026-05-15 14:31:32,2026-05-15 00:00:00,74082702ea6b2185,74082702ea6b2185_diesel_regular,Ilídio Mota - Palmeira 1,MOEVE,diesel_regular,Gasóleo simples,Outro,1.955,Braga,Braga,Avenida Cávado 268,Palmeira,4700-690,41.596783,-8.428371,ilídio mota - palmeira 1,moeve,avenida cávado 268,"1,955 €",2026-05-15_dgeg_postos_raw.csv,d0908c490a1aff4c
2026-05-15,2026-05-15 14:31:32,2026-05-15 00:00:00,74082702ea6b2185,74082702ea6b2185_diesel_premium,Ilídio Mota - Palmeira 1,MOEVE,diesel_premium,Gasóleo especial,Outro,2.086,Braga,Braga,Avenida Cávado 268,Palmeira,4700-690,41.596783,-8.428371,ilídio mota - palmeira 1,moeve,avenida cávado 268,"2,086 €",2026-05-15_dgeg_postos_raw.csv,69580941063e58c9
2026-05-15,2026-05-15 14:31:32,2026-05-15 00:00:00,74082702ea6b2185,74082702ea6b2185_gasoline_95,Ilídio Mota - Palmeira 1,MOEVE,gasoline_95,Gasolina simples 95,Outro,1.951,Braga,Braga,Avenida Cávado 268,Palmeira,4700-690,41.596783,-8.428371,ilídio mota - palmeira 1,moeve,avenida cávado 268,"1,951 €",2026-05-15_dgeg_postos_raw.csv,6f7b7d7abd2527f7
2026-05-15,2026-05-15 14:31:32,2026-05-15 00:00:00,35ee591266b89df3,35ee591266b89df3_diesel_regular,Ilídio Mota - Palmeira 2,MOEVE,diesel_regular,Gasóleo simples,Outro,1.955,Braga,Braga,Avenida Cávado 268,Palmeira,4700-690,41.59746,-8.428921,ilídio mota - palmeira 2,moeve,avenida cávado 268,"1,955 €",2026-05-15_dgeg_postos_raw.csv,538c6bbf7f01dede
2026-05-15,2026-05-15 14:31:32,2026-05-15 00:00:00,35ee591266b89df3,35ee591266b89df3_diesel_premium,Ilídio Mota - Palmeira 2,MOEVE,diesel_premium,Gasóleo especial,Outro,2.086,Braga,Braga,Avenida Cávado 268,Palmeira,4700-690,41.59746,-8.428921,ilídio mota - palmeira 2,moeve,avenida cávado 268,"2,086 €",2026-05-15_dgeg_postos_raw.csv,814fbf7c4c016895
2026-05-15,2026-05-15 14:31:32,2026-05-15 00:00:00,35ee591266b89df3,35ee591266b89df3_gasoline_95,Ilídio Mota - Palmeira 2,MOEVE,gasoline_95,Gasolina simples 95,Outro,1.951,Braga,Braga,Avenida Cávado 268,Palmeira,4700-690,41.59746,-8.428921,ilídio mota - palmeira 2,moeve,avenida cávado 268,"1,951 €",2026-05-15_dgeg_postos_raw.csv,9aec5b9063c22b97
2026-05-15,2026-05-15 14:31:32,2026-05-15 00:00:00,35ee591266b89df3,35ee591266b89df3_gasoline_98,Ilídio Mota - Palmeira 2,MOEVE,gasoline_98,Gasolina especial 98,Outro,2.024,Braga,Braga,Avenida Cávado 268,Palmeira,4700-690,41.59746,-8.428921,ilídio mota - palmeira 2,moeve,avenida cávado 268,"2,024 €",2026-05-15_dgeg_postos_raw.csv,8fac32859fb74602
2026-05-15,2026-05-15 14:31:32,2026-05-15 00:00:00,72119c3908d64b33,72119c3908d64b33_diesel_regular,CEPSA Cruto -  Vila Verde,CEPSA,diesel_regular,Gasóleo simples,Outro,1.955,Vila Verde,Braga,"Rua de Cruto, nº 10 - Cabanelas",Cabanelas,4730-093,41.585957,-8.508354,cepsa cruto - vila verde,cepsa,"rua de cruto, nº 10 - cabanelas","1,955 €",2026-05-15_dgeg_postos_raw.csv,e0bea2a989d6354d
2026-05-15,2026-05-15 14:31:32,2026-05-15 00:00:00,72119c3908d64b33,72119c3908d64b33_diesel_premium,CEPSA Cruto -  Vila Verde,CEPSA,diesel_premium,Gasóleo especial,Outro,2.086,Vila Verde,Braga,"Rua de Cruto, nº 10 - Cabanelas",Cabanelas,4730-093,41.585957,-8.508354,cepsa cruto - vila verde,cepsa,"rua de cruto, nº 10 - cabanelas","2,086 €",2026-05-15_dgeg_postos_raw.csv,b68022343c25dd5c
2026-05-15,2026-05-15 14:31:32,2026-05-15 00:00:00,72119c3908d64b33,72119c3908d64b33_gasoline_95,CEPSA Cruto -  Vila Verde,CEPSA,gasoline_95,Gasolina simples 95,Outro,1.951,Vila Verde,Braga,"Rua de Cruto, nº 10 - Cabanelas",Cabanelas,4730-093,41.585957,-8.508354,cepsa cruto - vila verde,cepsa,"rua de cruto, nº 10 - cabanelas","1,951 €",2026-05-15_dgeg_postos_raw.csv,194e679c3007489d
2026-05-15,2026-05-15 14:31:32,2026-05-15 00:00:00,5b90a4fbe71f5aa8,5b90a4fbe71f5aa8_diesel_regular,Ilídio Mota - Vila Verde,CEPSA,diesel_regular,Gasóleo simples,Outro,1.955,Vila Verde,Braga,"Avenida António Sergio, EN 101 Km 79,700 D",Vila Verde,4730-710,41.64058,-8.435425,ilídio mota - vila verde,cepsa,"avenida antónio sergio, en 101 km 79,700 d","1,955 €",2026-05-15_dgeg_postos_raw.csv,8287ef4a5e07ec36
2026-05-15,2026-05-15 14:31:32,2026-05-15 00:00:00,5b90a4fbe71f5aa8,5b90a4fbe71f5aa8_diesel_premium,Ilídio Mota - Vila Verde,CEPSA,diesel_premium,Gasóleo especial,Outro,2.086,Vila Verde,Braga,"Avenida António Sergio, EN 101 Km 79,700 D",Vila Verde,4730-710,41.64058,-8.435425,ilídio mota - vila verde,cepsa,"avenida antónio sergio, en 101 km 79,700 d","2,086 €",2026-05-15_dgeg_postos_raw.csv,39d71535ec532ce6
2026-05-15,2026-05-15 14:31:32,2026-05-15 00:00:00,5b90a4fbe71f5aa8,5b90a4fbe71f5aa8_gasoline_95,Ilídio Mota - Vila Verde,CEPSA,gasoline_95,Gasolina simples 95,Outro,1.951,Vila Verde,Braga,"Avenida António Sergio, EN 101 Km 79,700 D",Vila Verde,4730-710,41.64058,-8.435425,ilídio mota - vila verde,cepsa,"avenida antónio sergio, en 101 km 79,700 d","1,951 €",2026-05-15_dgeg_postos_raw.csv,99f9934d68b5a6dd
2026-05-15,2026-05-15 14:31:32,2026-05-15 00:00:00,c08d65f56822f41e,c08d65f56822f41e_diesel_regular,Ilídio Mota - Amares,CEPSA,diesel_regular,Gasóleo simples,Outro,1.955,Amares,Braga,"Rua Adolfo Vilela, EN 308",Amares,4720-019,41.62954,-8.347564,ilídio mota - amares,cepsa,"rua adolfo vilela, en 308","1,955 €",2026-05-15_dgeg_postos_raw.csv,c80ce14f2117d385
2026-05-15,2026-05-15 14:31:32,2026-05-15 00:00:00,c08d65f56822f41e,c08d65f56822f41e_diesel_premium,Ilídio Mota - Amares,CEPSA,diesel_premium,Gasóleo especial,Outro,2.086,Amares,Braga,"Rua Adolfo Vilela, EN 308",Amares,4720-019,41.62954,-8.347564,ilídio mota - amares,cepsa,"rua adolfo vilela, en 308","2,086 €",2026-05-15_dgeg_postos_raw.csv,badcaf0f254d8a6a
2026-05-15,2026-05-15 14:31:32,2026-05-15 00:00:00,c08d65f56822f41e,c08d65f56822f41e_gasoline_95,Ilídio Mota - Amares,CEPSA,gasoline_95,Gasolina simples 95,Outro,1.951,Amares,Braga,"Rua Adolfo Vilela, EN 308",Amares,4720-019,41.62954,-8.347564,ilídio mota - amares,cepsa,"rua adolfo vilela, en 308","1,951 €",2026-05-15_dgeg_postos_raw.csv,31c937b3a4e8515c
2026-05-15,2026-05-15 14:31:32,2026-05-15 00:00:00,825ac2a869ca692d,825ac2a869ca692d_diesel_regular,BP  Adaúfe,BP,diesel_regular,Gasóleo simples,Outro,2.109,Braga,Braga,Travessa do Comércio n.º 10,Adaúfe,4710-820,41.582527,-8.405141,bp adaúfe,bp,travessa do comércio n.º 10,"2,109 €",2026-05-15_dgeg_postos_raw.csv,e1f332fbfbc0c35b
2026-05-15,2026-05-15 14:31:32,2026-05-15 00:00:00,825ac2a869ca692d,825ac2a869ca692d_diesel_premium,BP  Adaúfe,BP,diesel_premium,Gasóleo especial,Outro,2.229,Braga,Braga,Travessa do Comércio n.º 10,Adaúfe,4710-820,41.582527,-8.405141,bp adaúfe,bp,travessa do comércio n.º 10,"2,229 €",2026-05-15_dgeg_postos_raw.csv,a774801556ea8a19
2026-05-15,2026-05-15 14:31:32,2026-05-15 00:00:00,825ac2a869ca692d,825ac2a869ca692d_gasoline_95,BP  Adaúfe,BP,gasoline_95,Gasolina simples 95,Outro,2.099,Braga,Braga,Travessa do Comércio n.º 10,Adaúfe,4710-820,41.582527,-8.405141,bp adaúfe,bp,travessa do comércio n.º 10,"2,099 €",2026-05-15_dgeg_postos_raw.csv,a335dfaa4100187a
2026-05-15,2026-05-15 14:31:32,2026-05-15 00:00:00,825ac2a869ca692d,825ac2a869ca692d_gasoline_98,BP  Adaúfe,BP,gasoline_98,Gasolina especial 98,Outro,2.299,Braga,Braga,Travessa do Comércio n.º 10,Adaúfe,4710-820,41.582527,-8.405141,bp adaúfe,bp,travessa do comércio n.º 10,"2,299 €",2026-05-15_dgeg_postos_raw.csv,2ff2bd869dc0a2fb
2026-05-15,2026-05-15 14:31:32,2026-05-15 00:00:00,a2336d45f0bf0925,a2336d45f0bf0925_diesel_regular,Ilídio Mota - Padim Graça,CEPSA,diesel_regular,Gasóleo simples,Outro,1.955,Braga,Braga,"Avenida do Assento, Nº44 - Padim da Graça",Padim da Graça,4700-646,41.56754,-8.484898,ilídio mota - padim graça,cepsa,"avenida do assento, nº44 - padim da graça","1,955 €",2026-05-15_dgeg_postos_raw.csv,55e1046da2fbed95
2026-05-15,2026-05-15 14:31:32,2026-05-15 00:00:00,a2336d45f0bf0925,a2336d45f0bf0925_diesel_premium,Ilídio Mota - Padim Graça,CEPSA,diesel_premium,Gasóleo especial,Outro,2.086,Braga,Braga,"Avenida do Assento, Nº44 - Padim da Graça",Padim da Graça,4700-646,41.56754,-8.484898,ilídio mota - padim graça,cepsa,"avenida do assento, nº44 - padim da graça","2,086 €",2026-05-15_dgeg_postos_raw.csv,91c6b785bab0c10a
2026-05-15,2026-05-15 14:31:32,2026-05-15 00:00:00,a2336d45f0bf0925,a2336d45f0bf0925_gasoline_95,Ilídio Mota - Padim Graça,CEPSA,gasoline_95,Gasolina simples 95,Outro,1.951,Braga,Braga,"Avenida do Assento, Nº44 - Padim da Graça",Padim da Graça,4700-646,41.56754,-8.484898,ilídio mota - padim graça,cepsa,"avenida do assento, nº44 - padim da graça","1,951 €",2026-05-15_dgeg_postos_raw.csv,774ec0a8ce333076
2026-05-15,2026-05-15 14:31:32,2026-05-15 00:00:00,6c34515a4f32fab8,6c34515a4f32fab8_gasoline_98,E.S. PORTIMAO-VIA V6,REPSOL,gasoline_98,Gasolina especial 98,Outro,2.232,Portimão,Faro,V6,S. Sebastiao,8500-000,37.13755,-8.54631,e.s. portimao-via v6,repsol,v6,"2,232 €",2026-05-15_dgeg_postos_raw.csv,b7673c4708715f96
2026-05-15,2026-05-15 14:31:32,2026-05-15 00:00:00,3574989012c8873c,3574989012c8873c_gasoline_98,E.S. PORTIMAO-DIQUE,REPSOL,gasoline_98,Gasolina especial 98,Outro,2.232,Portimão,Faro,Av. Um e Dois da Zona do Dique,Portimão,8500-000,37.13555,-8.53549,e.s. portimao-dique,repsol,av. um e dois da zona do dique,"2,232 €",2026-05-15_dgeg_postos_raw.csv,cb6060f570032bc4
2026-05-15,2026-05-15 14:31:32,2026-05-15 00:00:00,b8843bbfd69efb21,b8843bbfd69efb21_diesel_regular,E.S. ESTREMOZ II,REPSOL,diesel_regular,Gasóleo simples,Outro,2.079,Estremoz,Évora,Rossio Marquês Pombal nº 46-48,Estremoz,7100-000,38.843742,-7.586075,e.s. estremoz ii,repsol,rossio marquês pombal nº 46-48,"2,079 €",2026-05-15_dgeg_postos_raw.csv,2465f6a6ae8be880
2026-05-15,2026-05-15 14:31:32,2026-05-15 00:00:00,b8843bbfd69efb21,b8843bbfd69efb21_diesel_premium,E.S. ESTREMOZ II,REPSOL,diesel_premium,Gasóleo especial,Outro,2.149,Estremoz,Évora,Rossio Marquês Pombal nº 46-48,Estremoz,7100-000,38.843742,-7.586075,e.s. estremoz ii,repsol,rossio marquês pombal nº 46-48,"2,149 €",2026-05-15_dgeg_postos_raw.csv,d4a4534e10a9fdbf
2026-05-15,2026-05-15 14:31:32,2026-05-15 00:00:00,b8843bbfd69efb21,b8843bbfd69efb21_gasoline_95,E.S. ESTREMOZ II,REPSOL,gasoline_95,Gasolina simples 95,Outro,2.067,Estremoz,Évora,Rossio Marquês Pombal nº 46-48,Estremoz,7100-000,38.843742,-7.586075,e.s. estremoz ii,repsol,rossio marquês pombal nº 46-48,"2,067 €",2026-05-15_dgeg_postos_raw.csv,ec8e304eb9e78502
2026-05-15,2026-05-15 14:31:32,2026-05-15 00:00:00,b8843bbfd69efb21,b8843bbfd69efb21_gasoline_98,E.S. ESTREMOZ II,REPSOL,gasoline_98,Gasolina especial 98,Outro,2.267,Estremoz,Évora,Rossio Marquês Pombal nº 46-48,Estremoz,7100-000,38.843742,-7.586075,e.s. estremoz ii,repsol,rossio marquês pombal nº 46-48,"2,267 €",2026-05-15_dgeg_postos_raw.csv,b2ac65b0fd864cc7
2026-05-15,2026-05-15 14:31:32,2026-05-15 00:00:00,e81345fc8d010952,e81345fc8d010952_diesel_regular,E.S. ARRAIOLOS,REPSOL,diesel_regular,Gasóleo simples,Outro,2.029,Arraiolos,Évora,Rua Bombeiros Voluntarios - EN 370,Arraiolos,7040-060,38.72311,-7.98243,e.s. arraiolos,repsol,rua bombeiros voluntarios - en 370,"2,029 €",2026-05-15_dgeg_postos_raw.csv,9b6ddf59bfcdb8fe
2026-05-15,2026-05-15 14:31:32,2026-05-15 00:00:00,e81345fc8d010952,e81345fc8d010952_diesel_premium,E.S. ARRAIOLOS,REPSOL,diesel_premium,Gasóleo especial,Outro,2.089,Arraiolos,Évora,Rua Bombeiros Voluntarios - EN 370,Arraiolos,7040-060,38.72311,-7.98243,e.s. arraiolos,repsol,rua bombeiros voluntarios - en 370,"2,089 €",2026-05-15_dgeg_postos_raw.csv,f88e518bfb2f8be1
2026-05-15,2026-05-15 14:31:32,2026-05-15 00:00:00,e81345fc8d010952,e81345fc8d010952_gasoline_95,E.S. ARRAIOLOS,REPSOL,gasoline_95,Gasolina simples 95,Outro,2.027,Arraiolos,Évora,Rua Bombeiros Voluntarios - EN 370,Arraiolos,7040-060,38.72311,-7.98243,e.s. arraiolos,repsol,rua bombeiros voluntarios - en 370,"2,027 €",2026-05-15_dgeg_postos_raw.csv,c1149409ffff3748
2026-05-15,2026-05-15 14:31:32,2026-05-15 00:00:00,e81345fc8d010952,e81345fc8d010952_gasoline_98,E.S. ARRAIOLOS,REPSOL,gasoline_98,Gasolina especial 98,Outro,2.217,Arraiolos,Évora,Rua Bombeiros Voluntarios - EN 370,Arraiolos,7040-060,38.72311,-7.98243,e.s. arraiolos,repsol,rua bombeiros voluntarios - en 370,"2,217 €",2026-05-15_dgeg_postos_raw.csv,f4f4dc7fdde3964d
2026-05-15,2026-05-15 14:31:32,2026-05-15 00:00:00,de5d92c3d32bfa21,de5d92c3d32bfa21_diesel_regular,E.S. POMBAL,REPSOL,diesel_regular,Gasóleo simples,Outro,2.019,Pombal,Leiria,Parque Ind. Manuel da Mota Lt..14,Pombal,3100-354,39.93995,-8.66667,e.s. pombal,repsol,parque ind. manuel da mota lt..14,"2,019 €",2026-05-15_dgeg_postos_raw.csv,aeb816ad7143aec2
2026-05-15,2026-05-15 14:31:32,2026-05-15 00:00:00,de5d92c3d32bfa21,de5d92c3d32bfa21_diesel_premium,E.S. POMBAL,REPSOL,diesel_premium,Gasóleo especial,Outro,2.089,Pombal,Leiria,Parque Ind. Manuel da Mota Lt..14,Pombal,3100-354,39.93995,-8.66667,e.s. pombal,repsol,parque ind. manuel da mota lt..14,"2,089 €",2026-05-15_dgeg_postos_raw.csv,3b9a3b70059d0371
2026-05-15,2026-05-15 14:31:32,2026-05-15 00:00:00,de5d92c3d32bfa21,de5d92c3d32bfa21_gasoline_95,E.S. POMBAL,REPSOL,gasoline_95,Gasolina simples 95,Outro,2.017,Pombal,Leiria,Parque Ind. Manuel da Mota Lt..14,Pombal,3100-354,39.93995,-8.66667,e.s. pombal,repsol,parque ind. manuel da mota lt..14,"2,017 €",2026-05-15_dgeg_postos_raw.csv,ff1fc30f566a90fc
2026-05-15,2026-05-15 14:31:32,2026-05-15 00:00:00,de5d92c3d32bfa21,de5d92c3d32bfa21_gasoline_98,E.S. POMBAL,REPSOL,gasoline_98,Gasolina especial 98,Outro,2.217,Pombal,Leiria,Parque Ind. Manuel da Mota Lt..14,Pombal,3100-354,39.93995,-8.66667,e.s. pombal,repsol,parque ind. manuel da mota lt..14,"2,217 €",2026-05-15_dgeg_postos_raw.csv,46db92bbe1d0b365
2026-05-15,2026-05-15 14:31:32,2026-05-15 00:00:00,d0895abfdd4c9f3d,d0895abfdd4c9f3d_diesel_regular,E.S. S. JORGE BATALHA A,REPSOL,diesel_regular,Gasóleo simples,Outro,2.079,Batalha,Leiria,"IC2, nº10, Casal da Amieira",Batalha,2440-477,39.64325,-8.843011,e.s. s. jorge batalha a,repsol,"ic2, nº10, casal da amieira","2,079 €",2026-05-15_dgeg_postos_raw.csv,154008c99c550fda
2026-05-15,2026-05-15 14:31:32,2026-05-15 00:00:00,d0895abfdd4c9f3d,d0895abfdd4c9f3d_diesel_premium,E.S. S. JORGE BATALHA A,REPSOL,diesel_premium,Gasóleo especial,Outro,2.149,Batalha,Leiria,"IC2, nº10, Casal da Amieira",Batalha,2440-477,39.64325,-8.843011,e.s. s. jorge batalha a,repsol,"ic2, nº10, casal da amieira","2,149 €",2026-05-15_dgeg_postos_raw.csv,f0b3e6b6d2fc163d
2026-05-15,2026-05-15 14:31:32,2026-05-15 00:00:00,d0895abfdd4c9f3d,d0895abfdd4c9f3d_gasoline_95,E.S. S. JORGE BATALHA A,REPSOL,gasoline_95,Gasolina simples 95,Outro,2.067,Batalha,Leiria,"IC2, nº10, Casal da Amieira",Batalha,2440-477,39.64325,-8.843011,e.s. s. jorge batalha a,repsol,"ic2, nº10, casal da amieira","2,067 €",2026-05-15_dgeg_postos_raw.csv,87941ff4fb6807ac
2026-05-15,2026-05-15 14:31:32,2026-05-15 00:00:00,d0895abfdd4c9f3d,d0895abfdd4c9f3d_gasoline_98,E.S. S. JORGE BATALHA A,REPSOL,gasoline_98,Gasolina especial 98,Outro,2.267,Batalha,Leiria,"IC2, nº10, Casal da Amieira",Batalha,2440-477,39.64325,-8.843011,e.s. s. jorge batalha a,repsol,"ic2, nº10, casal da amieira","2,267 €",2026-05-15_dgeg_postos_raw.csv,f8659339831e996a
2026-05-15,2026-05-15 14:31:32,2026-05-15 00:00:00,56ca987d1f133b46,56ca987d1f133b46_diesel_regular,E.S. LEIRIA - PONTE PEDRA A,REPSOL,diesel_regular,Gasóleo simples,Outro,2.019,Leiria,Leiria,EN 109 Km 163,Ponte Pedra,2400-180,39.78856,-8.82775,e.s. leiria - ponte pedra a,repsol,en 109 km 163,"2,019 €",2026-05-15_dgeg_postos_raw.csv,8861e0a5bda760b6
2026-05-15,2026-05-15 14:31:32,2026-05-15 00:00:00,56ca987d1f133b46,56ca987d1f133b46_diesel_premium,E.S. LEIRIA - PONTE PEDRA A,REPSOL,diesel_premium,Gasóleo especial,Outro,2.089,Leiria,Leiria,EN 109 Km 163,Ponte Pedra,2400-180,39.78856,-8.82775,e.s. leiria - ponte pedra a,repsol,en 109 km 163,"2,089 €",2026-05-15_dgeg_postos_raw.csv,5591033f6604294a
2026-05-15,2026-05-15 14:31:32,2026-05-15 00:00:00,56ca987d1f133b46,56ca987d1f133b46_gasoline_95,E.S. LEIRIA - PONTE PEDRA A,REPSOL,gasoline_95,Gasolina simples 95,Outro,2.017,Leiria,Leiria,EN 109 Km 163,Ponte Pedra,2400-180,39.78856,-8.82775,e.s. leiria - ponte pedra a,repsol,en 109 km 163,"2,017 €",2026-05-15_dgeg_postos_raw.csv,ad2d272fb3cadfaa
2026-05-15,2026-05-15 14:31:32,2026-05-15 00:00:00,88acdd0c83ffb08f,88acdd0c83ffb08f_diesel_regular,E.S. LEIRIA - PONTE PEDRA B,REPSOL,diesel_regular,Gasóleo simples,Outro,2.019,Leiria,Leiria,EN 109 Km 163,Ponte Pedra,2400-180,39.79057,-8.8305,e.s. leiria - ponte pedra b,repsol,en 109 km 163,"2,019 €",2026-05-15_dgeg_postos_raw.csv,19ced22fc72572f7
2026-05-15,2026-05-15 14:31:32,2026-05-15 00:00:00,88acdd0c83ffb08f,88acdd0c83ffb08f_diesel_premium,E.S. LEIRIA - PONTE PEDRA B,REPSOL,diesel_premium,Gasóleo especial,Outro,2.089,Leiria,Leiria,EN 109 Km 163,Ponte Pedra,2400-180,39.79057,-8.8305,e.s. leiria - ponte pedra b,repsol,en 109 km 163,"2,089 €",2026-05-15_dgeg_postos_raw.csv,3258b00b8027cf8e
2026-05-15,2026-05-15 14:31:32,2026-05-15 00:00:00,88acdd0c83ffb08f,88acdd0c83ffb08f_gasoline_95,E.S. LEIRIA - PONTE PEDRA B,REPSOL,gasoline_95,Gasolina simples 95,Outro,2.017,Leiria,Leiria,EN 109 Km 163,Ponte Pedra,2400-180,39.79057,-8.8305,e.s. leiria - ponte pedra b,repsol,en 109 km 163,"2,017 €",2026-05-15_dgeg_postos_raw.csv,1f9232e7dcb3c892
2026-05-15,2026-05-15 14:31:32,2026-05-15 00:00:00,88acdd0c83ffb08f,88acdd0c83ffb08f_gasoline_98,E.S. LEIRIA - PONTE PEDRA B,REPSOL,gasoline_98,Gasolina especial 98,Outro,2.217,Leiria,Leiria,EN 109 Km 163,Ponte Pedra,2400-180,39.79057,-8.8305,e.s. leiria - ponte pedra b,repsol,en 109 km 163,"2,217 €",2026-05-15_dgeg_postos_raw.csv,6869e96a9802adbe
2026-05-15,2026-05-15 14:31:32,2026-05-15 00:00:00,1bd4a830aec5d313,1bd4a830aec5d313_diesel_regular,E.S. MARINHA GRANDE,REPSOL,diesel_regular,Gasóleo simples,Outro,2.079,Marinha Grande,Leiria,"EN 242 Km 13,7",Rotunda. Z. Desportiva,2430-535,39.73495,-8.93242,e.s. marinha grande,repsol,"en 242 km 13,7","2,079 €",2026-05-15_dgeg_postos_raw.csv,1ca5bd0f2b4c192f
2026-05-15,2026-05-15 14:31:32,2026-05-15 00:00:00,1bd4a830aec5d313,1bd4a830aec5d313_diesel_premium,E.S. MARINHA GRANDE,REPSOL,diesel_premium,Gasóleo especial,Outro,2.149,Marinha Grande,Leiria,"EN 242 Km 13,7",Rotunda. Z. Desportiva,2430-535,39.73495,-8.93242,e.s. marinha grande,repsol,"en 242 km 13,7","2,149 €",2026-05-15_dgeg_postos_raw.csv,9ae0b4a42c658d30
2026-05-15,2026-05-15 14:31:32,2026-05-15 00:00:00,1bd4a830aec5d313,1bd4a830aec5d313_gasoline_95,E.S. MARINHA GRANDE,REPSOL,gasoline_95,Gasolina simples 95,Outro,2.077,Marinha Grande,Leiria,"EN 242 Km 13,7",Rotunda. Z. Desportiva,2430-535,39.73495,-8.93242,e.s. marinha grande,repsol,"en 242 km 13,7","2,077 €",2026-05-15_dgeg_postos_raw.csv,779d80f45493db7f
2026-05-15,2026-05-15 14:31:32,2026-05-15 00:00:00,88bf7c1c2b682640,88bf7c1c2b682640_diesel_regular,E.S. COVA FAIAS A,REPSOL,diesel_regular,Gasóleo simples,Outro,2.019,Leiria,Leiria,EN 1 (IC2),Cova das Faias,2420-354,39.767183,-8.775044,e.s. cova faias a,repsol,en 1 (ic2),"2,019 €",2026-05-15_dgeg_postos_raw.csv,96ee24693b6e2cdd
2026-05-15,2026-05-15 14:31:32,2026-05-15 00:00:00,88bf7c1c2b682640,88bf7c1c2b682640_diesel_premium,E.S. COVA FAIAS A,REPSOL,diesel_premium,Gasóleo especial,Outro,2.089,Leiria,Leiria,EN 1 (IC2),Cova das Faias,2420-354,39.767183,-8.775044,e.s. cova faias a,repsol,en 1 (ic2),"2,089 €",2026-05-15_dgeg_postos_raw.csv,99db9e5144d82a08
2026-05-15,2026-05-15 14:31:32,2026-05-15 00:00:00,88bf7c1c2b682640,88bf7c1c2b682640_gasoline_95,E.S. COVA FAIAS A,REPSOL,gasoline_95,Gasolina simples 95,Outro,2.017,Leiria,Leiria,EN 1 (IC2),Cova das Faias,2420-354,39.767183,-8.775044,e.s. cova faias a,repsol,en 1 (ic2),"2,017 €",2026-05-15_dgeg_postos_raw.csv,3a0f3fcc62cf84f4
2026-05-15,2026-05-15 14:31:32,2026-05-15 00:00:00,dff4c95b13bfc361,dff4c95b13bfc361_diesel_regular,E.S. COVA FAIAS B,REPSOL,diesel_regular,Gasóleo simples,Outro,2.019,Leiria,Leiria,EN 1 (IC2),Cova das Faias,2420-354,39.767417,-8.775519,e.s. cova faias b,repsol,en 1 (ic2),"2,019 €",2026-05-15_dgeg_postos_raw.csv,5290f00d786e598e
2026-05-15,2026-05-15 14:31:32,2026-05-15 00:00:00,dff4c95b13bfc361,dff4c95b13bfc361_diesel_premium,E.S. COVA FAIAS B,REPSOL,diesel_premium,Gasóleo especial,Outro,2.089,Leiria,Leiria,EN 1 (IC2),Cova das Faias,2420-354,39.767417,-8.775519,e.s. cova faias b,repsol,en 1 (ic2),"2,089 €",2026-05-15_dgeg_postos_raw.csv,a09d7fe6035cc15c
2026-05-15,2026-05-15 14:31:32,2026-05-15 00:00:00,dff4c95b13bfc361,dff4c95b13bfc361_gasoline_95,E.S. COVA FAIAS B,REPSOL,gasoline_95,Gasolina simples 95,Outro,2.017,Leiria,Leiria,EN 1 (IC2),Cova das Faias,2420-354,39.767417,-8.775519,e.s. cova faias b,repsol,en 1 (ic2),"2,017 €",2026-05-15_dgeg_postos_raw.csv,236ed8e570db81f1
2026-05-15,2026-05-15 14:31:32,2026-05-15 00:00:00,dff4c95b13bfc361,dff4c95b13bfc361_gasoline_98,E.S. COVA FAIAS B,REPSOL,gasoline_98,Gasolina especial 98,Outro,2.217,Leiria,Leiria,EN 1 (IC2),Cova das Faias,2420-354,39.767417,-8.775519,e.s. cova faias b,repsol,en 1 (ic2),"2,217 €",2026-05-15_dgeg_postos_raw.csv,aa13d6930e5b6370
2026-05-15,2026-05-15 14:31:32,2026-05-15 00:00:00,88d6a05b4785811d,88d6a05b4785811d_diesel_regular,E.S. MAR. GRANDE - ROTUNDA,REPSOL,diesel_regular,Gasóleo simples,Outro,2.079,Marinha Grande,Leiria,Praceta do Vidreiro nº 12,Marinha Grande,2430-000,39.74714,-8.93429,e.s. mar. grande - rotunda,repsol,praceta do vidreiro nº 12,"2,079 €",2026-05-15_dgeg_postos_raw.csv,02230715be20e663
2026-05-15,2026-05-15 14:31:32,2026-05-15 00:00:00,88d6a05b4785811d,88d6a05b4785811d_diesel_premium,E.S. MAR. GRANDE - ROTUNDA,REPSOL,diesel_premium,Gasóleo especial,Outro,2.149,Marinha Grande,Leiria,Praceta do Vidreiro nº 12,Marinha Grande,2430-000,39.74714,-8.93429,e.s. mar. grande - rotunda,repsol,praceta do vidreiro nº 12,"2,149 €",2026-05-15_dgeg_postos_raw.csv,c7245ef9bfc6e8d5
2026-05-15,2026-05-15 14:31:32,2026-05-15 00:00:00,88d6a05b4785811d,88d6a05b4785811d_gasoline_95,E.S. MAR. GRANDE - ROTUNDA,REPSOL,gasoline_95,Gasolina simples 95,Outro,2.077,Marinha Grande,Leiria,Praceta do Vidreiro nº 12,Marinha Grande,2430-000,39.74714,-8.93429,e.s. mar. grande - rotunda,repsol,praceta do vidreiro nº 12,"2,077 €",2026-05-15_dgeg_postos_raw.csv,546365af47a8b3de
2026-05-15,2026-05-15 14:31:32,2026-05-15 00:00:00,88d6a05b4785811d,88d6a05b4785811d_gasoline_98,E.S. MAR. GRANDE - ROTUNDA,REPSOL,gasoline_98,Gasolina especial 98,Outro,2.277,Marinha Grande,Leiria,Praceta do Vidreiro nº 12,Marinha Grande,2430-000,39.74714,-8.93429,e.s. mar. grande - rotunda,repsol,praceta do vidreiro nº 12,"2,277 €",2026-05-15_dgeg_postos_raw.csv,0e177122b07c852a
2026-05-15,2026-05-15 14:31:32,2026-05-15 00:00:00,0f90cf9dcd153077,0f90cf9dcd153077_diesel_regular,E.S. ALBERGARIA,REPSOL,diesel_regular,Gasóleo simples,Outro,2.079,Marinha Grande,Leiria,"EN 242  Km 8,5 (Av Nª Srª Nazaré)",Albergaria,2430-011,39.7454,-8.89058,e.s. albergaria,repsol,"en 242 km 8,5 (av nª srª nazaré)","2,079 €",2026-05-15_dgeg_postos_raw.csv,25f0ba5b68fa1784
2026-05-15,2026-05-15 14:31:32,2026-05-15 00:00:00,0f90cf9dcd153077,0f90cf9dcd153077_diesel_premium,E.S. ALBERGARIA,REPSOL,diesel_premium,Gasóleo especial,Outro,2.149,Marinha Grande,Leiria,"EN 242  Km 8,5 (Av Nª Srª Nazaré)",Albergaria,2430-011,39.7454,-8.89058,e.s. albergaria,repsol,"en 242 km 8,5 (av nª srª nazaré)","2,149 €",2026-05-15_dgeg_postos_raw.csv,336e675c2052bbec
2026-05-15,2026-05-15 14:31:32,2026-05-15 00:00:00,0f90cf9dcd153077,0f90cf9dcd153077_gasoline_95,E.S. ALBERGARIA,REPSOL,gasoline_95,Gasolina simples 95,Outro,2.077,Marinha Grande,Leiria,"EN 242  Km 8,5 (Av Nª Srª Nazaré)",Albergaria,2430-011,39.7454,-8.89058,e.s. albergaria,repsol,"en 242 km 8,5 (av nª srª nazaré)","2,077 €",2026-05-15_dgeg_postos_raw.csv,bb1ba40cbd64684a
2026-05-15,2026-05-15 14:31:32,2026-05-15 00:00:00,0f90cf9dcd153077,0f90cf9dcd153077_gasoline_98,E.S. ALBERGARIA,REPSOL,gasoline_98,Gasolina especial 98,Outro,2.277,Marinha Grande,Leiria,"EN 242  Km 8,5 (Av Nª Srª Nazaré)",Albergaria,2430-011,39.7454,-8.89058,e.s. albergaria,repsol,"en 242 km 8,5 (av nª srª nazaré)","2,277 €",2026-05-15_dgeg_postos_raw.csv,3d74aa0cadbc3525
2026-05-15,2026-05-15 14:31:32,2026-05-15 00:00:00,85c9a83af4e23b9d,85c9a83af4e23b9d_diesel_regular,E.S. GONDOMAR,REPSOL,diesel_regular,Gasóleo simples,Outro,2.039,Gondomar,Porto,Rua Novais da Cunha nº 973,Valbom,4420-000,41.1423,-8.54902,e.s. gondomar,repsol,rua novais da cunha nº 973,"2,039 €",2026-05-15_dgeg_postos_raw.csv,c6e320de3bd82c53
2026-05-15,2026-05-15 14:31:32,2026-05-15 00:00:00,85c9a83af4e23b9d,85c9a83af4e23b9d_diesel_premium,E.S. GONDOMAR,REPSOL,diesel_premium,Gasóleo especial,Outro,2.109,Gondomar,Porto,Rua Novais da Cunha nº 973,Valbom,4420-000,41.1423,-8.54902,e.s. gondomar,repsol,rua novais da cunha nº 973,"2,109 €",2026-05-15_dgeg_postos_raw.csv,5baef938f83f6cc8
2026-05-15,2026-05-15 14:31:32,2026-05-15 00:00:00,85c9a83af4e23b9d,85c9a83af4e23b9d_gasoline_95,E.S. GONDOMAR,REPSOL,gasoline_95,Gasolina simples 95,Outro,2.037,Gondomar,Porto,Rua Novais da Cunha nº 973,Valbom,4420-000,41.1423,-8.54902,e.s. gondomar,repsol,rua novais da cunha nº 973,"2,037 €",2026-05-15_dgeg_postos_raw.csv,9c561dca8868e7ce
2026-05-15,2026-05-15 14:31:32,2026-05-15 00:00:00,85c9a83af4e23b9d,85c9a83af4e23b9d_gasoline_98,E.S. GONDOMAR,REPSOL,gasoline_98,Gasolina especial 98,Outro,2.237,Gondomar,Porto,Rua Novais da Cunha nº 973,Valbom,4420-000,41.1423,-8.54902,e.s. gondomar,repsol,rua novais da cunha nº 973,"2,237 €",2026-05-15_dgeg_postos_raw.csv,824079269d7df2f0
2026-05-15,2026-05-15 14:31:32,2026-05-15 00:00:00,03d401b967732ba4,03d401b967732ba4_diesel_regular,E.S. PORTALEGRE,REPSOL,diesel_regular,Gasóleo simples,Outro,2.029,Portalegre,Portalegre,Rua Mestre João Serra Lt. D,Zona Industrial,7300-069,39.26658,-7.43713,e.s. portalegre,repsol,rua mestre joão serra lt. d,"2,029 €",2026-05-15_dgeg_postos_raw.csv,3c8fde6377fa2a17
2026-05-15,2026-05-15 14:31:32,2026-05-15 00:00:00,03d401b967732ba4,03d401b967732ba4_diesel_premium,E.S. PORTALEGRE,REPSOL,diesel_premium,Gasóleo especial,Outro,2.089,Portalegre,Portalegre,Rua Mestre João Serra Lt. D,Zona Industrial,7300-069,39.26658,-7.43713,e.s. portalegre,repsol,rua mestre joão serra lt. d,"2,089 €",2026-05-15_dgeg_postos_raw.csv,cf8d3f232271a1be
2026-05-15,2026-05-15 14:31:32,2026-05-15 00:00:00,03d401b967732ba4,03d401b967732ba4_gasoline_95,E.S. PORTALEGRE,REPSOL,gasoline_95,Gasolina simples 95,Outro,2.027,Portalegre,Portalegre,Rua Mestre João Serra Lt. D,Zona Industrial,7300-069,39.26658,-7.43713,e.s. portalegre,repsol,rua mestre joão serra lt. d,"2,027 €",2026-05-15_dgeg_postos_raw.csv,7daa84edb995d369
2026-05-15,2026-05-15 14:31:32,2026-05-15 00:00:00,9a0cb06d873cab53,9a0cb06d873cab53_diesel_regular,CEPSA ÓRFÃOS -  I (Poente),MOEVE,diesel_regular,Gasóleo simples,Outro,1.955,Braga,Braga,Av. Cónego Jorge Peixoto Coutinho- variante 14,Braga,4700-000,41.543404,-8.440024,cepsa órfãos - i (poente),moeve,av. cónego jorge peixoto coutinho- variante 14,"1,955 €",2026-05-15_dgeg_postos_raw.csv,cb87edd38393177e
2026-05-15,2026-05-15 14:31:32,2026-05-15 00:00:00,9a0cb06d873cab53,9a0cb06d873cab53_diesel_premium,CEPSA ÓRFÃOS -  I (Poente),MOEVE,diesel_premium,Gasóleo especial,Outro,2.086,Braga,Braga,Av. Cónego Jorge Peixoto Coutinho- variante 14,Braga,4700-000,41.543404,-8.440024,cepsa órfãos - i (poente),moeve,av. cónego jorge peixoto coutinho- variante 14,"2,086 €",2026-05-15_dgeg_postos_raw.csv,a5f79b3cea8fbdc6
2026-05-15,2026-05-15 14:31:32,2026-05-15 00:00:00,9a0cb06d873cab53,9a0cb06d873cab53_gasoline_95,CEPSA ÓRFÃOS -  I (Poente),MOEVE,gasoline_95,Gasolina simples 95,Outro,1.951,Braga,Braga,Av. Cónego Jorge Peixoto Coutinho- variante 14,Braga,4700-000,41.543404,-8.440024,cepsa órfãos - i (poente),moeve,av. cónego jorge peixoto coutinho- variante 14,"1,951 €",2026-05-15_dgeg_postos_raw.csv,783f82e5640c81d2
2026-05-15,2026-05-15 14:31:32,2026-05-15 00:00:00,97b3c325ff273ed0,97b3c325ff273ed0_diesel_regular,Cepsa Orfãos- II- (Nascente),MOEVE,diesel_regular,Gasóleo simples,Outro,1.955,Braga,Braga,Av. Cónego Jorge Peixoto Coutinho- variante 14,Braga,4700-000,41.542747,-8.439816,cepsa orfãos- ii- (nascente),moeve,av. cónego jorge peixoto coutinho- variante 14,"1,955 €",2026-05-15_dgeg_postos_raw.csv,ce221e3a6c2ca2c5
2026-05-15,2026-05-15 14:31:32,2026-05-15 00:00:00,97b3c325ff273ed0,97b3c325ff273ed0_diesel_premium,Cepsa Orfãos- II- (Nascente),MOEVE,diesel_premium,Gasóleo especial,Outro,2.086,Braga,Braga,Av. Cónego Jorge Peixoto Coutinho- variante 14,Braga,4700-000,41.542747,-8.439816,cepsa orfãos- ii- (nascente),moeve,av. cónego jorge peixoto coutinho- variante 14,"2,086 €",2026-05-15_dgeg_postos_raw.csv,1685c92d7dafdf67
2026-05-15,2026-05-15 14:31:32,2026-05-15 00:00:00,97b3c325ff273ed0,97b3c325ff273ed0_gasoline_95,Cepsa Orfãos- II- (Nascente),MOEVE,gasoline_95,Gasolina simples 95,Outro,1.951,Braga,Braga,Av. Cónego Jorge Peixoto Coutinho- variante 14,Braga,4700-000,41.542747,-8.439816,cepsa orfãos- ii- (nascente),moeve,av. cónego jorge peixoto coutinho- variante 14,"1,951 €",2026-05-15_dgeg_postos_raw.csv,e5a6c9c32beeacb5
2026-05-15,2026-05-15 14:31:32,2026-05-15 00:00:00,744727284ca92850,744727284ca92850_diesel_regular,Adelino Rocha & Rocha,Genérico,diesel_regular,Gasóleo simples,Outro,2.011,Cantanhede,Coimbra,"Rua Dr. João de Matos, nº 36",Vilamar,3060-780,40.41613,-8.65837,adelino rocha & rocha,genérico,"rua dr. joão de matos, nº 36","2,011 €",2026-05-15_dgeg_postos_raw.csv,94fd3cc6c207ba4c
2026-05-15,2026-05-15 14:31:32,2026-05-15 00:00:00,744727284ca92850,744727284ca92850_gasoline_95,Adelino Rocha & Rocha,Genérico,gasoline_95,Gasolina simples 95,Outro,1.985,Cantanhede,Coimbra,"Rua Dr. João de Matos, nº 36",Vilamar,3060-780,40.41613,-8.65837,adelino rocha & rocha,genérico,"rua dr. joão de matos, nº 36","1,985 €",2026-05-15_dgeg_postos_raw.csv,ae51b59055f44252
2026-05-15,2026-05-15 14:31:32,2026-05-15 00:00:00,f30c80b39cd6f572,f30c80b39cd6f572_diesel_regular,Ilídio Mota- Trofa,CEPSA,diesel_regular,Gasóleo simples,Outro,1.955,Trofa,Porto,"Rua 16 de Maio, 243 – Santiago do Bougado",Santiago do Bougado,4785-607,41.336647,-8.571214,ilídio mota- trofa,cepsa,"rua 16 de maio, 243 – santiago do bougado","1,955 €",2026-05-15_dgeg_postos_raw.csv,bca16a3b7b5bc6d1
2026-05-15,2026-05-15 14:31:32,2026-05-15 00:00:00,f30c80b39cd6f572,f30c80b39cd6f572_gasoline_95,Ilídio Mota- Trofa,CEPSA,gasoline_95,Gasolina simples 95,Outro,1.951,Trofa,Porto,"Rua 16 de Maio, 243 – Santiago do Bougado",Santiago do Bougado,4785-607,41.336647,-8.571214,ilídio mota- trofa,cepsa,"rua 16 de maio, 243 – santiago do bougado","1,951 €",2026-05-15_dgeg_postos_raw.csv,7c410077496d8b36
2026-05-15,2026-05-15 14:31:32,2026-05-15 00:00:00,0d3c7401ce2732b1,0d3c7401ce2732b1_diesel_regular,POSTO ABEL CANADINHAS,LUBRIDÃO,diesel_regular,Gasóleo simples,Outro,2.075,Meda,Guarda,"EN 331 Km 42,8",Meda,6430-105,40.96238,-7.2559,posto abel canadinhas,lubridão,"en 331 km 42,8","2,075 €",2026-05-15_dgeg_postos_raw.csv,a4cad4cd2cfbb342
2026-05-15,2026-05-15 14:31:32,2026-05-15 00:00:00,0d3c7401ce2732b1,0d3c7401ce2732b1_diesel_premium,POSTO ABEL CANADINHAS,LUBRIDÃO,diesel_premium,Gasóleo especial,Outro,2.095,Meda,Guarda,"EN 331 Km 42,8",Meda,6430-105,40.96238,-7.2559,posto abel canadinhas,lubridão,"en 331 km 42,8","2,095 €",2026-05-15_dgeg_postos_raw.csv,20b15a6b12ae3041
2026-05-15,2026-05-15 14:31:32,2026-05-15 00:00:00,0d3c7401ce2732b1,0d3c7401ce2732b1_gasoline_95,POSTO ABEL CANADINHAS,LUBRIDÃO,gasoline_95,Gasolina simples 95,Outro,2.081,Meda,Guarda,"EN 331 Km 42,8",Meda,6430-105,40.96238,-7.2559,posto abel canadinhas,lubridão,"en 331 km 42,8","2,081 €",2026-05-15_dgeg_postos_raw.csv,1296f97ead48873e
2026-05-15,2026-05-15 14:31:32,2026-05-15 00:00:00,259ffb2292ca92e8,259ffb2292ca92e8_diesel_regular,MOEVE OLHÃO II,MOEVE,diesel_regular,Gasóleo simples,Outro,1.986,Olhão,Faro,zona industrial olhao lote 233,Olhão,8700-281,37.029327,-7.830433,moeve olhão ii,moeve,zona industrial olhao lote 233,"1,986 €",2026-05-15_dgeg_postos_raw.csv,558d190dc5ad3008
2026-05-15,2026-05-15 14:31:32,2026-05-15 00:00:00,259ffb2292ca92e8,259ffb2292ca92e8_diesel_premium,MOEVE OLHÃO II,MOEVE,diesel_premium,Gasóleo especial,Outro,2.036,Olhão,Faro,zona industrial olhao lote 233,Olhão,8700-281,37.029327,-7.830433,moeve olhão ii,moeve,zona industrial olhao lote 233,"2,036 €",2026-05-15_dgeg_postos_raw.csv,9efe1491c3b7ca2e
2026-05-15,2026-05-15 14:31:32,2026-05-15 00:00:00,259ffb2292ca92e8,259ffb2292ca92e8_gasoline_95,MOEVE OLHÃO II,MOEVE,gasoline_95,Gasolina simples 95,Outro,1.978,Olhão,Faro,zona industrial olhao lote 233,Olhão,8700-281,37.029327,-7.830433,moeve olhão ii,moeve,zona industrial olhao lote 233,"1,978 €",2026-05-15_dgeg_postos_raw.csv,d93aca53e7aff226
2026-05-15,2026-05-15 14:31:32,2026-05-15 00:00:00,f92f441f99cb4949,f92f441f99cb4949_diesel_regular,BP Portuzelo,BP,diesel_regular,Gasóleo simples,Outro,2.069,Viana do Castelo,Viana do Castelo,"Rua da Forneira, N.º 1",Santa Marta de Portuzelo,4925-059,41.70695,-8.78236,bp portuzelo,bp,"rua da forneira, n.º 1","2,069 €",2026-05-15_dgeg_postos_raw.csv,1c4c12062e0ddb8a
2026-05-15,2026-05-15 14:31:32,2026-05-15 00:00:00,f92f441f99cb4949,f92f441f99cb4949_diesel_premium,BP Portuzelo,BP,diesel_premium,Gasóleo especial,Outro,2.224,Viana do Castelo,Viana do Castelo,"Rua da Forneira, N.º 1",Santa Marta de Portuzelo,4925-059,41.70695,-8.78236,bp portuzelo,bp,"rua da forneira, n.º 1","2,224 €",2026-05-15_dgeg_postos_raw.csv,4dc6252d1d1ab173
2026-05-15,2026-05-15 14:31:32,2026-05-15 00:00:00,f92f441f99cb4949,f92f441f99cb4949_gasoline_95,BP Portuzelo,BP,gasoline_95,Gasolina simples 95,Outro,2.059,Viana do Castelo,Viana do Castelo,"Rua da Forneira, N.º 1",Santa Marta de Portuzelo,4925-059,41.70695,-8.78236,bp portuzelo,bp,"rua da forneira, n.º 1","2,059 €",2026-05-15_dgeg_postos_raw.csv,3b16dde0a82e225b
2026-05-15,2026-05-15 14:31:32,2026-05-15 00:00:00,049a5303825f0f0c,049a5303825f0f0c_diesel_regular,José Domingos Vaz Carvalho / GALP Sendim,GALP,diesel_regular,Gasóleo simples,Outro,2.015,Miranda do Douro,Bragança,"Estrada Nacional, 221",Sendim,5225-103,41.392117,-6.425022,josé domingos vaz carvalho / galp sendim,galp,"estrada nacional, 221","2,015 €",2026-05-15_dgeg_postos_raw.csv,253aa038bf809701
2026-05-15,2026-05-15 14:31:32,2026-05-15 00:00:00,049a5303825f0f0c,049a5303825f0f0c_gasoline_95,José Domingos Vaz Carvalho / GALP Sendim,GALP,gasoline_95,Gasolina simples 95,Outro,2.011,Miranda do Douro,Bragança,"Estrada Nacional, 221",Sendim,5225-103,41.392117,-6.425022,josé domingos vaz carvalho / galp sendim,galp,"estrada nacional, 221","2,011 €",2026-05-15_dgeg_postos_raw.csv,6d24dc662c6d7ec7
2026-05-15,2026-05-15 14:31:32,2026-05-15 00:00:00,3d5a505473fdb5fc,3d5a505473fdb5fc_gasoline_98,E.S. SAGRES II,REPSOL,gasoline_98,Gasolina especial 98,Outro,2.199,Vila do Bispo,Faro,"EN 268 Km 36,100",Sagres,8650-355,37.01334,-8.94237,e.s. sagres ii,repsol,"en 268 km 36,100","2,199 €",2026-05-15_dgeg_postos_raw.csv,ed22c3aac5fe189d
2026-05-15,2026-05-15 14:31:32,2026-05-15 00:00:00,42e734deb62ce069,42e734deb62ce069_diesel_regular,BP S. JOÃO DE BRITO,BP,diesel_regular,Gasóleo simples,Outro,2.109,Porto,Porto,Largo S. João de Brito,Porto,4100-200,41.16171,-8.65066,bp s. joão de brito,bp,largo s. joão de brito,"2,109 €",2026-05-15_dgeg_postos_raw.csv,e0eae3a141448fec
2026-05-15,2026-05-15 14:31:32,2026-05-15 00:00:00,42e734deb62ce069,42e734deb62ce069_diesel_premium,BP S. JOÃO DE BRITO,BP,diesel_premium,Gasóleo especial,Outro,2.229,Porto,Porto,Largo S. João de Brito,Porto,4100-200,41.16171,-8.65066,bp s. joão de brito,bp,largo s. joão de brito,"2,229 €",2026-05-15_dgeg_postos_raw.csv,739368e696920132
2026-05-15,2026-05-15 14:31:32,2026-05-15 00:00:00,42e734deb62ce069,42e734deb62ce069_gasoline_95,BP S. JOÃO DE BRITO,BP,gasoline_95,Gasolina simples 95,Outro,2.099,Porto,Porto,Largo S. João de Brito,Porto,4100-200,41.16171,-8.65066,bp s. joão de brito,bp,largo s. joão de brito,"2,099 €",2026-05-15_dgeg_postos_raw.csv,b856b7b410990d87
2026-05-15,2026-05-15 14:31:32,2026-05-15 00:00:00,42e734deb62ce069,42e734deb62ce069_gasoline_98,BP S. JOÃO DE BRITO,BP,gasoline_98,Gasolina especial 98,Outro,2.299,Porto,Porto,Largo S. João de Brito,Porto,4100-200,41.16171,-8.65066,bp s. joão de brito,bp,largo s. joão de brito,"2,299 €",2026-05-15_dgeg_postos_raw.csv,d060dc74d6c4bc12
2026-05-15,2026-05-15 14:31:32,2026-05-15 00:00:00,195039781964745f,195039781964745f_diesel_regular,Ilídio Mota - Vizela,CEPSA,diesel_regular,Gasóleo simples,Outro,1.955,Vizela,Braga,Rua Comendador João Pereira Magalhães nº910,Vizela,4815-400,41.372684,-8.317921,ilídio mota - vizela,cepsa,rua comendador joão pereira magalhães nº910,"1,955 €",2026-05-15_dgeg_postos_raw.csv,ace4da23f3ea0347
2026-05-15,2026-05-15 14:31:32,2026-05-15 00:00:00,195039781964745f,195039781964745f_diesel_premium,Ilídio Mota - Vizela,CEPSA,diesel_premium,Gasóleo especial,Outro,2.086,Vizela,Braga,Rua Comendador João Pereira Magalhães nº910,Vizela,4815-400,41.372684,-8.317921,ilídio mota - vizela,cepsa,rua comendador joão pereira magalhães nº910,"2,086 €",2026-05-15_dgeg_postos_raw.csv,90e755b6326f3876
2026-05-15,2026-05-15 14:31:32,2026-05-15 00:00:00,195039781964745f,195039781964745f_gasoline_95,Ilídio Mota - Vizela,CEPSA,gasoline_95,Gasolina simples 95,Outro,1.951,Vizela,Braga,Rua Comendador João Pereira Magalhães nº910,Vizela,4815-400,41.372684,-8.317921,ilídio mota - vizela,cepsa,rua comendador joão pereira magalhães nº910,"1,951 €",2026-05-15_dgeg_postos_raw.csv,096d28d7c9b08c42
2026-05-15,2026-05-15 14:31:32,2026-05-15 00:00:00,cc1f1ac6502633c2,cc1f1ac6502633c2_diesel_regular,BP FAFE,BP,diesel_regular,Gasóleo simples,Outro,2.069,Fafe,Braga,Rua Cidade de Guimarães,Fafe,4820-178,41.45328,-8.18658,bp fafe,bp,rua cidade de guimarães,"2,069 €",2026-05-15_dgeg_postos_raw.csv,3c383e14d3896b07
2026-05-15,2026-05-15 14:31:32,2026-05-15 00:00:00,cc1f1ac6502633c2,cc1f1ac6502633c2_diesel_premium,BP FAFE,BP,diesel_premium,Gasóleo especial,Outro,2.229,Fafe,Braga,Rua Cidade de Guimarães,Fafe,4820-178,41.45328,-8.18658,bp fafe,bp,rua cidade de guimarães,"2,229 €",2026-05-15_dgeg_postos_raw.csv,ec314692d7b0d24a
2026-05-15,2026-05-15 14:31:32,2026-05-15 00:00:00,cc1f1ac6502633c2,cc1f1ac6502633c2_gasoline_95,BP FAFE,BP,gasoline_95,Gasolina simples 95,Outro,2.059,Fafe,Braga,Rua Cidade de Guimarães,Fafe,4820-178,41.45328,-8.18658,bp fafe,bp,rua cidade de guimarães,"2,059 €",2026-05-15_dgeg_postos_raw.csv,5037090f539db2c3
2026-05-15,2026-05-15 14:31:32,2026-05-15 00:00:00,411ca6b66aff9a10,411ca6b66aff9a10_diesel_regular,"NEVES & QUINTAS, COMBUSTÍVEIS, LDA",BP,diesel_regular,Gasóleo simples,Outro,2.029,Alcobaça,Leiria,Estrada Nacional Nº242 km 29,Pataias,2445-252,39.638374,-9.042381,"neves & quintas, combustíveis, lda",bp,estrada nacional nº242 km 29,"2,029 €",2026-05-15_dgeg_postos_raw.csv,404b0f1af5c85c03
2026-05-15,2026-05-15 14:31:32,2026-05-15 00:00:00,411ca6b66aff9a10,411ca6b66aff9a10_diesel_premium,"NEVES & QUINTAS, COMBUSTÍVEIS, LDA",BP,diesel_premium,Gasóleo especial,Outro,2.229,Alcobaça,Leiria,Estrada Nacional Nº242 km 29,Pataias,2445-252,39.638374,-9.042381,"neves & quintas, combustíveis, lda",bp,estrada nacional nº242 km 29,"2,229 €",2026-05-15_dgeg_postos_raw.csv,507bb3e8e5bb0cbc
2026-05-15,2026-05-15 14:31:32,2026-05-15 00:00:00,411ca6b66aff9a10,411ca6b66aff9a10_gasoline_95,"NEVES & QUINTAS, COMBUSTÍVEIS, LDA",BP,gasoline_95,Gasolina simples 95,Outro,2.026,Alcobaça,Leiria,Estrada Nacional Nº242 km 29,Pataias,2445-252,39.638374,-9.042381,"neves & quintas, combustíveis, lda",bp,estrada nacional nº242 km 29,"2,026 €",2026-05-15_dgeg_postos_raw.csv,e5b67dba3f6c1fea
2026-05-15,2026-05-15 14:31:32,2026-05-15 00:00:00,411ca6b66aff9a10,411ca6b66aff9a10_gasoline_98,"NEVES & QUINTAS, COMBUSTÍVEIS, LDA",BP,gasoline_98,Gasolina especial 98,Outro,2.299,Alcobaça,Leiria,Estrada Nacional Nº242 km 29,Pataias,2445-252,39.638374,-9.042381,"neves & quintas, combustíveis, lda",bp,estrada nacional nº242 km 29,"2,299 €",2026-05-15_dgeg_postos_raw.csv,9d84804d1dc2939c
2026-05-15,2026-05-15 14:31:32,2026-05-15 00:00:00,5aa0b7215f275181,5aa0b7215f275181_diesel_regular,BP Marinha Grande,BP,diesel_regular,Gasóleo simples,Outro,2.084,Marinha Grande,Leiria,Av. Dr. José Henriques Vareda nº8,Marinha Grande,2430-307,39.745975,-8.934596,bp marinha grande,bp,av. dr. josé henriques vareda nº8,"2,084 €",2026-05-15_dgeg_postos_raw.csv,bd0be56b719e2745
2026-05-15,2026-05-15 14:31:32,2026-05-15 00:00:00,5aa0b7215f275181,5aa0b7215f275181_diesel_premium,BP Marinha Grande,BP,diesel_premium,Gasóleo especial,Outro,2.224,Marinha Grande,Leiria,Av. Dr. José Henriques Vareda nº8,Marinha Grande,2430-307,39.745975,-8.934596,bp marinha grande,bp,av. dr. josé henriques vareda nº8,"2,224 €",2026-05-15_dgeg_postos_raw.csv,e011d9ead87f3143
2026-05-15,2026-05-15 14:31:32,2026-05-15 00:00:00,5aa0b7215f275181,5aa0b7215f275181_gasoline_95,BP Marinha Grande,BP,gasoline_95,Gasolina simples 95,Outro,2.079,Marinha Grande,Leiria,Av. Dr. José Henriques Vareda nº8,Marinha Grande,2430-307,39.745975,-8.934596,bp marinha grande,bp,av. dr. josé henriques vareda nº8,"2,079 €",2026-05-15_dgeg_postos_raw.csv,c2922088a29db42f
2026-05-15,2026-05-15 14:31:32,2026-05-15 00:00:00,22a2820c9acfa7ce,22a2820c9acfa7ce_diesel_regular,"BP - GUISANDE, S.M. FEIRA",BP,diesel_regular,Gasóleo simples,Outro,2.109,Santa Maria da Feira,Aveiro,Rua de Fornos nº370,Guisande,4525-323,40.9781,-8.48164,"bp - guisande, s.m. feira",bp,rua de fornos nº370,"2,109 €",2026-05-15_dgeg_postos_raw.csv,ca1e289eb9886686
2026-05-15,2026-05-15 14:31:32,2026-05-15 00:00:00,22a2820c9acfa7ce,22a2820c9acfa7ce_diesel_premium,"BP - GUISANDE, S.M. FEIRA",BP,diesel_premium,Gasóleo especial,Outro,2.224,Santa Maria da Feira,Aveiro,Rua de Fornos nº370,Guisande,4525-323,40.9781,-8.48164,"bp - guisande, s.m. feira",bp,rua de fornos nº370,"2,224 €",2026-05-15_dgeg_postos_raw.csv,c17c4b1a5e1ebb66
2026-05-15,2026-05-15 14:31:32,2026-05-15 00:00:00,22a2820c9acfa7ce,22a2820c9acfa7ce_gasoline_95,"BP - GUISANDE, S.M. FEIRA",BP,gasoline_95,Gasolina simples 95,Outro,2.099,Santa Maria da Feira,Aveiro,Rua de Fornos nº370,Guisande,4525-323,40.9781,-8.48164,"bp - guisande, s.m. feira",bp,rua de fornos nº370,"2,099 €",2026-05-15_dgeg_postos_raw.csv,df960e575ca7aa99
2026-05-15,2026-05-15 14:31:32,2026-05-15 00:00:00,613cf9ec7af43201,613cf9ec7af43201_diesel_regular,BP S. MARIA DA FEIRA,BP,diesel_regular,Gasóleo simples,Outro,2.109,Santa Maria da Feira,Aveiro,Avenida 25 de Abril,Santa Maria da Feira,4520-161,40.92895,-8.542289,bp s. maria da feira,bp,avenida 25 de abril,"2,109 €",2026-05-15_dgeg_postos_raw.csv,215b87f439125eca
2026-05-15,2026-05-15 14:31:32,2026-05-15 00:00:00,613cf9ec7af43201,613cf9ec7af43201_diesel_premium,BP S. MARIA DA FEIRA,BP,diesel_premium,Gasóleo especial,Outro,2.229,Santa Maria da Feira,Aveiro,Avenida 25 de Abril,Santa Maria da Feira,4520-161,40.92895,-8.542289,bp s. maria da feira,bp,avenida 25 de abril,"2,229 €",2026-05-15_dgeg_postos_raw.csv,4a1cc54e599defa1
2026-05-15,2026-05-15 14:31:32,2026-05-15 00:00:00,613cf9ec7af43201,613cf9ec7af43201_gasoline_95,BP S. MARIA DA FEIRA,BP,gasoline_95,Gasolina simples 95,Outro,2.099,Santa Maria da Feira,Aveiro,Avenida 25 de Abril,Santa Maria da Feira,4520-161,40.92895,-8.542289,bp s. maria da feira,bp,avenida 25 de abril,"2,099 €",2026-05-15_dgeg_postos_raw.csv,01a750093eb3c2f1
2026-05-15,2026-05-15 14:31:32,2026-05-15 00:00:00,613cf9ec7af43201,613cf9ec7af43201_gasoline_98,BP S. MARIA DA FEIRA,BP,gasoline_98,Gasolina especial 98,Outro,2.299,Santa Maria da Feira,Aveiro,Avenida 25 de Abril,Santa Maria da Feira,4520-161,40.92895,-8.542289,bp s. maria da feira,bp,avenida 25 de abril,"2,299 €",2026-05-15_dgeg_postos_raw.csv,76d3ebc29df8f68d
2026-05-15,2026-05-15 14:31:32,2026-05-15 00:00:00,de63d81bd63e5a2b,de63d81bd63e5a2b_diesel_regular,BP MONTEMOR-O-NOVO (SUL),BP,diesel_regular,Gasóleo simples,Outro,2.079,Montemor-o-Novo,Évora,Av. Gago Coutinho nº 74,Montemor-o-Novo,7050-101,38.646862,-8.207082,bp montemor-o-novo (sul),bp,av. gago coutinho nº 74,"2,079 €",2026-05-15_dgeg_postos_raw.csv,b51d3f3b0c35e00e
2026-05-15,2026-05-15 14:31:32,2026-05-15 00:00:00,de63d81bd63e5a2b,de63d81bd63e5a2b_diesel_premium,BP MONTEMOR-O-NOVO (SUL),BP,diesel_premium,Gasóleo especial,Outro,2.229,Montemor-o-Novo,Évora,Av. Gago Coutinho nº 74,Montemor-o-Novo,7050-101,38.646862,-8.207082,bp montemor-o-novo (sul),bp,av. gago coutinho nº 74,"2,229 €",2026-05-15_dgeg_postos_raw.csv,2c5e4aca28ab751a
2026-05-15,2026-05-15 14:31:32,2026-05-15 00:00:00,de63d81bd63e5a2b,de63d81bd63e5a2b_gasoline_95,BP MONTEMOR-O-NOVO (SUL),BP,gasoline_95,Gasolina simples 95,Outro,2.069,Montemor-o-Novo,Évora,Av. Gago Coutinho nº 74,Montemor-o-Novo,7050-101,38.646862,-8.207082,bp montemor-o-novo (sul),bp,av. gago coutinho nº 74,"2,069 €",2026-05-15_dgeg_postos_raw.csv,edb6ec2a030fdaeb
2026-05-15,2026-05-15 14:31:32,2026-05-15 00:00:00,de63d81bd63e5a2b,de63d81bd63e5a2b_gasoline_98,BP MONTEMOR-O-NOVO (SUL),BP,gasoline_98,Gasolina especial 98,Outro,2.299,Montemor-o-Novo,Évora,Av. Gago Coutinho nº 74,Montemor-o-Novo,7050-101,38.646862,-8.207082,bp montemor-o-novo (sul),bp,av. gago coutinho nº 74,"2,299 €",2026-05-15_dgeg_postos_raw.csv,765cc96f48549f12
2026-05-15,2026-05-15 14:31:32,2026-05-15 00:00:00,91de5f4eeaf3b77b,91de5f4eeaf3b77b_diesel_regular,AMADORA - MOINHOS DA FUNCHEIRA,BP,diesel_regular,Gasóleo simples,Outro,2.059,Amadora,Lisboa,Estrada Serra da Mira nº 163,Moinhos da Funcheira,2700-000,38.777041,-9.230053,amadora - moinhos da funcheira,bp,estrada serra da mira nº 163,"2,059 €",2026-05-15_dgeg_postos_raw.csv,6e6773f40105eacc
2026-05-15,2026-05-15 14:31:32,2026-05-15 00:00:00,91de5f4eeaf3b77b,91de5f4eeaf3b77b_diesel_premium,AMADORA - MOINHOS DA FUNCHEIRA,BP,diesel_premium,Gasóleo especial,Outro,2.229,Amadora,Lisboa,Estrada Serra da Mira nº 163,Moinhos da Funcheira,2700-000,38.777041,-9.230053,amadora - moinhos da funcheira,bp,estrada serra da mira nº 163,"2,229 €",2026-05-15_dgeg_postos_raw.csv,1aee5411a0e9aea6
2026-05-15,2026-05-15 14:31:32,2026-05-15 00:00:00,91de5f4eeaf3b77b,91de5f4eeaf3b77b_gasoline_95,AMADORA - MOINHOS DA FUNCHEIRA,BP,gasoline_95,Gasolina simples 95,Outro,2.049,Amadora,Lisboa,Estrada Serra da Mira nº 163,Moinhos da Funcheira,2700-000,38.777041,-9.230053,amadora - moinhos da funcheira,bp,estrada serra da mira nº 163,"2,049 €",2026-05-15_dgeg_postos_raw.csv,269beb5654c9f4ad
2026-05-15,2026-05-15 14:31:32,2026-05-15 00:00:00,91de5f4eeaf3b77b,91de5f4eeaf3b77b_gasoline_98,AMADORA - MOINHOS DA FUNCHEIRA,BP,gasoline_98,Gasolina especial 98,Outro,2.299,Amadora,Lisboa,Estrada Serra da Mira nº 163,Moinhos da Funcheira,2700-000,38.777041,-9.230053,amadora - moinhos da funcheira,bp,estrada serra da mira nº 163,"2,299 €",2026-05-15_dgeg_postos_raw.csv,df76dfcc6e0840fa
2026-05-15,2026-05-15 14:31:32,2026-05-15 00:00:00,ede35a0438b6e986,ede35a0438b6e986_diesel_regular,BP A-8 Nazaré Sentido Sul/Norte,BP,diesel_regular,Gasóleo simples,Auto-estrada,2.105,Alcobaça,Leiria,"A8-Km 5,2 Sub-Lanço Valado",Pataias,2445-252,39.619507,-8.991134,bp a-8 nazaré sentido sul/norte,bp,"a8-km 5,2 sub-lanço valado","2,105 €",2026-05-15_dgeg_postos_raw.csv,4a5812ed91a63ecd
2026-05-15,2026-05-15 14:31:32,2026-05-15 00:00:00,ede35a0438b6e986,ede35a0438b6e986_diesel_premium,BP A-8 Nazaré Sentido Sul/Norte,BP,diesel_premium,Gasóleo especial,Auto-estrada,2.225,Alcobaça,Leiria,"A8-Km 5,2 Sub-Lanço Valado",Pataias,2445-252,39.619507,-8.991134,bp a-8 nazaré sentido sul/norte,bp,"a8-km 5,2 sub-lanço valado","2,225 €",2026-05-15_dgeg_postos_raw.csv,e1491e8e5a751511
2026-05-15,2026-05-15 14:31:32,2026-05-15 00:00:00,ede35a0438b6e986,ede35a0438b6e986_gasoline_95,BP A-8 Nazaré Sentido Sul/Norte,BP,gasoline_95,Gasolina simples 95,Auto-estrada,2.091,Alcobaça,Leiria,"A8-Km 5,2 Sub-Lanço Valado",Pataias,2445-252,39.619507,-8.991134,bp a-8 nazaré sentido sul/norte,bp,"a8-km 5,2 sub-lanço valado","2,091 €",2026-05-15_dgeg_postos_raw.csv,60627e5269767ab5
2026-05-15,2026-05-15 14:31:32,2026-05-15 00:00:00,ede35a0438b6e986,ede35a0438b6e986_gasoline_98,BP A-8 Nazaré Sentido Sul/Norte,BP,gasoline_98,Gasolina especial 98,Auto-estrada,2.301,Alcobaça,Leiria,"A8-Km 5,2 Sub-Lanço Valado",Pataias,2445-252,39.619507,-8.991134,bp a-8 nazaré sentido sul/norte,bp,"a8-km 5,2 sub-lanço valado","2,301 €",2026-05-15_dgeg_postos_raw.csv,e96a44b50f2f6dde
2026-05-15,2026-05-15 14:31:32,2026-05-15 00:00:00,4987e4f1cc156b44,4987e4f1cc156b44_diesel_regular,BP A-8 Nazaré Sentido Norte/Sul,BP,diesel_regular,Gasóleo simples,Auto-estrada,2.105,Alcobaça,Leiria,"A8-Km 5,2 Sub-Lanço Pataias",Pataias,2445-252,39.621147,-8.991193,bp a-8 nazaré sentido norte/sul,bp,"a8-km 5,2 sub-lanço pataias","2,105 €",2026-05-15_dgeg_postos_raw.csv,78261adc6c8db82d
2026-05-15,2026-05-15 14:31:32,2026-05-15 00:00:00,4987e4f1cc156b44,4987e4f1cc156b44_diesel_premium,BP A-8 Nazaré Sentido Norte/Sul,BP,diesel_premium,Gasóleo especial,Auto-estrada,2.225,Alcobaça,Leiria,"A8-Km 5,2 Sub-Lanço Pataias",Pataias,2445-252,39.621147,-8.991193,bp a-8 nazaré sentido norte/sul,bp,"a8-km 5,2 sub-lanço pataias","2,225 €",2026-05-15_dgeg_postos_raw.csv,90cbc4eecf7df93b
2026-05-15,2026-05-15 14:31:32,2026-05-15 00:00:00,4987e4f1cc156b44,4987e4f1cc156b44_gasoline_95,BP A-8 Nazaré Sentido Norte/Sul,BP,gasoline_95,Gasolina simples 95,Auto-estrada,2.091,Alcobaça,Leiria,"A8-Km 5,2 Sub-Lanço Pataias",Pataias,2445-252,39.621147,-8.991193,bp a-8 nazaré sentido norte/sul,bp,"a8-km 5,2 sub-lanço pataias","2,091 €",2026-05-15_dgeg_postos_raw.csv,62dc57183bbba477
2026-05-15,2026-05-15 14:31:32,2026-05-15 00:00:00,4987e4f1cc156b44,4987e4f1cc156b44_gasoline_98,BP A-8 Nazaré Sentido Norte/Sul,BP,gasoline_98,Gasolina especial 98,Auto-estrada,2.301,Alcobaça,Leiria,"A8-Km 5,2 Sub-Lanço Pataias",Pataias,2445-252,39.621147,-8.991193,bp a-8 nazaré sentido norte/sul,bp,"a8-km 5,2 sub-lanço pataias","2,301 €",2026-05-15_dgeg_postos_raw.csv,5aaa8f1fbfaf21f5
2026-05-15,2026-05-15 14:31:32,2026-05-15 00:00:00,001ca938cc47c03c,001ca938cc47c03c_diesel_regular,BP - A29 Ovar (Este) 3020,BP,diesel_regular,Gasóleo simples,Auto-estrada,2.099,Ovar,Aveiro,Lanço IC1 Angreja (IP5)/Maceda - Sublanço Ovar/Maceda - KM 13.400/13.800,Arada,3885-100,40.904545,-8.603556,bp - a29 ovar (este) 3020,bp,lanço ic1 angreja (ip5)/maceda - sublanço ovar/maceda - km 13.400/13.800,"2,099 €",2026-05-15_dgeg_postos_raw.csv,63f82605b00619d0
2026-05-15,2026-05-15 14:31:32,2026-05-15 00:00:00,001ca938cc47c03c,001ca938cc47c03c_diesel_premium,BP - A29 Ovar (Este) 3020,BP,diesel_premium,Gasóleo especial,Auto-estrada,2.219,Ovar,Aveiro,Lanço IC1 Angreja (IP5)/Maceda - Sublanço Ovar/Maceda - KM 13.400/13.800,Arada,3885-100,40.904545,-8.603556,bp - a29 ovar (este) 3020,bp,lanço ic1 angreja (ip5)/maceda - sublanço ovar/maceda - km 13.400/13.800,"2,219 €",2026-05-15_dgeg_postos_raw.csv,b87d6654c882f6c8
2026-05-15,2026-05-15 14:31:32,2026-05-15 00:00:00,001ca938cc47c03c,001ca938cc47c03c_gasoline_95,BP - A29 Ovar (Este) 3020,BP,gasoline_95,Gasolina simples 95,Auto-estrada,2.087,Ovar,Aveiro,Lanço IC1 Angreja (IP5)/Maceda - Sublanço Ovar/Maceda - KM 13.400/13.800,Arada,3885-100,40.904545,-8.603556,bp - a29 ovar (este) 3020,bp,lanço ic1 angreja (ip5)/maceda - sublanço ovar/maceda - km 13.400/13.800,"2,087 €",2026-05-15_dgeg_postos_raw.csv,d95b45000235638a
2026-05-15,2026-05-15 14:31:32,2026-05-15 00:00:00,001ca938cc47c03c,001ca938cc47c03c_gasoline_98,BP - A29 Ovar (Este) 3020,BP,gasoline_98,Gasolina especial 98,Auto-estrada,2.297,Ovar,Aveiro,Lanço IC1 Angreja (IP5)/Maceda - Sublanço Ovar/Maceda - KM 13.400/13.800,Arada,3885-100,40.904545,-8.603556,bp - a29 ovar (este) 3020,bp,lanço ic1 angreja (ip5)/maceda - sublanço ovar/maceda - km 13.400/13.800,"2,297 €",2026-05-15_dgeg_postos_raw.csv,2e24839a5fec1a95
2026-05-15,2026-05-15 14:31:32,2026-05-15 00:00:00,41205066792a979a,41205066792a979a_diesel_regular,BP - A29 Ovar (Oeste) 3010,BP,diesel_regular,Gasóleo simples,Auto-estrada,2.099,Ovar,Aveiro,Lanço IC1 Angreja (IP5)/Sublanço Ovar/Maceda - KM 13.400/13.800,Arada,3885-100,40.90531,-8.605461,bp - a29 ovar (oeste) 3010,bp,lanço ic1 angreja (ip5)/sublanço ovar/maceda - km 13.400/13.800,"2,099 €",2026-05-15_dgeg_postos_raw.csv,c1ddd6a2908e04ab
2026-05-15,2026-05-15 14:31:32,2026-05-15 00:00:00,41205066792a979a,41205066792a979a_diesel_premium,BP - A29 Ovar (Oeste) 3010,BP,diesel_premium,Gasóleo especial,Auto-estrada,2.219,Ovar,Aveiro,Lanço IC1 Angreja (IP5)/Sublanço Ovar/Maceda - KM 13.400/13.800,Arada,3885-100,40.90531,-8.605461,bp - a29 ovar (oeste) 3010,bp,lanço ic1 angreja (ip5)/sublanço ovar/maceda - km 13.400/13.800,"2,219 €",2026-05-15_dgeg_postos_raw.csv,4ae71d58ad00a339
2026-05-15,2026-05-15 14:31:32,2026-05-15 00:00:00,41205066792a979a,41205066792a979a_gasoline_95,BP - A29 Ovar (Oeste) 3010,BP,gasoline_95,Gasolina simples 95,Auto-estrada,2.087,Ovar,Aveiro,Lanço IC1 Angreja (IP5)/Sublanço Ovar/Maceda - KM 13.400/13.800,Arada,3885-100,40.90531,-8.605461,bp - a29 ovar (oeste) 3010,bp,lanço ic1 angreja (ip5)/sublanço ovar/maceda - km 13.400/13.800,"2,087 €",2026-05-15_dgeg_postos_raw.csv,5ae7d0e7df14214a
2026-05-15,2026-05-15 14:31:32,2026-05-15 00:00:00,41205066792a979a,41205066792a979a_gasoline_98,BP - A29 Ovar (Oeste) 3010,BP,gasoline_98,Gasolina especial 98,Auto-estrada,2.297,Ovar,Aveiro,Lanço IC1 Angreja (IP5)/Sublanço Ovar/Maceda - KM 13.400/13.800,Arada,3885-100,40.90531,-8.605461,bp - a29 ovar (oeste) 3010,bp,lanço ic1 angreja (ip5)/sublanço ovar/maceda - km 13.400/13.800,"2,297 €",2026-05-15_dgeg_postos_raw.csv,80bb4e0553fc1199
2026-05-15,2026-05-15 14:31:32,2026-05-15 00:00:00,0882b4ef9b280b27,0882b4ef9b280b27_diesel_regular,PA BP Viana do Castelo,BP,diesel_regular,Gasóleo simples,Outro,2.069,Viana do Castelo,Viana do Castelo,Av. Abelheira nº 156,Viana do Castelo,4900-926,41.70718,-8.821972,pa bp viana do castelo,bp,av. abelheira nº 156,"2,069 €",2026-05-15_dgeg_postos_raw.csv,3a7014406ba682d2
2026-05-15,2026-05-15 14:31:32,2026-05-15 00:00:00,0882b4ef9b280b27,0882b4ef9b280b27_diesel_premium,PA BP Viana do Castelo,BP,diesel_premium,Gasóleo especial,Outro,2.229,Viana do Castelo,Viana do Castelo,Av. Abelheira nº 156,Viana do Castelo,4900-926,41.70718,-8.821972,pa bp viana do castelo,bp,av. abelheira nº 156,"2,229 €",2026-05-15_dgeg_postos_raw.csv,6610259ecb674306
2026-05-15,2026-05-15 14:31:32,2026-05-15 00:00:00,0882b4ef9b280b27,0882b4ef9b280b27_gasoline_95,PA BP Viana do Castelo,BP,gasoline_95,Gasolina simples 95,Outro,2.059,Viana do Castelo,Viana do Castelo,Av. Abelheira nº 156,Viana do Castelo,4900-926,41.70718,-8.821972,pa bp viana do castelo,bp,av. abelheira nº 156,"2,059 €",2026-05-15_dgeg_postos_raw.csv,0e7dd02f4857175c
2026-05-15,2026-05-15 14:31:32,2026-05-15 00:00:00,1ef09527ffd3e6d7,1ef09527ffd3e6d7_diesel_regular,BP Ponte de Lima - Arcozelo,BP,diesel_regular,Gasóleo simples,Outro,2.089,Ponte de Lima,Viana do Castelo,EN 306,Faldejães-Arcozelo,4990-240,41.783,-8.586331,bp ponte de lima - arcozelo,bp,en 306,"2,089 €",2026-05-15_dgeg_postos_raw.csv,ec1051858683684b
2026-05-15,2026-05-15 14:31:32,2026-05-15 00:00:00,1ef09527ffd3e6d7,1ef09527ffd3e6d7_diesel_premium,BP Ponte de Lima - Arcozelo,BP,diesel_premium,Gasóleo especial,Outro,2.229,Ponte de Lima,Viana do Castelo,EN 306,Faldejães-Arcozelo,4990-240,41.783,-8.586331,bp ponte de lima - arcozelo,bp,en 306,"2,229 €",2026-05-15_dgeg_postos_raw.csv,d865608f5ef3d691
2026-05-15,2026-05-15 14:31:32,2026-05-15 00:00:00,1ef09527ffd3e6d7,1ef09527ffd3e6d7_gasoline_95,BP Ponte de Lima - Arcozelo,BP,gasoline_95,Gasolina simples 95,Outro,2.079,Ponte de Lima,Viana do Castelo,EN 306,Faldejães-Arcozelo,4990-240,41.783,-8.586331,bp ponte de lima - arcozelo,bp,en 306,"2,079 €",2026-05-15_dgeg_postos_raw.csv,1a2af9ab278fd418
2026-05-15,2026-05-15 14:31:32,2026-05-15 00:00:00,14846a66cec421ef,14846a66cec421ef_diesel_regular,"LEAL & LEAL, LDA.",GALP,diesel_regular,Gasóleo simples,Outro,2.019,Cadaval,Lisboa,"EN 115 Km 30,05",Vilar Oeste,2550-690,39.188815,-9.114181,"leal & leal, lda.",galp,"en 115 km 30,05","2,019 €",2026-05-15_dgeg_postos_raw.csv,693eb200de241524
2026-05-15,2026-05-15 14:31:32,2026-05-15 00:00:00,14846a66cec421ef,14846a66cec421ef_diesel_premium,"LEAL & LEAL, LDA.",GALP,diesel_premium,Gasóleo especial,Outro,2.069,Cadaval,Lisboa,"EN 115 Km 30,05",Vilar Oeste,2550-690,39.188815,-9.114181,"leal & leal, lda.",galp,"en 115 km 30,05","2,069 €",2026-05-15_dgeg_postos_raw.csv,d3aa6669cf361d3c
2026-05-15,2026-05-15 14:31:32,2026-05-15 00:00:00,14846a66cec421ef,14846a66cec421ef_gasoline_95,"LEAL & LEAL, LDA.",GALP,gasoline_95,Gasolina simples 95,Outro,2.016,Cadaval,Lisboa,"EN 115 Km 30,05",Vilar Oeste,2550-690,39.188815,-9.114181,"leal & leal, lda.",galp,"en 115 km 30,05","2,016 €",2026-05-15_dgeg_postos_raw.csv,504bb48c828ea832
2026-05-15,2026-05-15 14:31:32,2026-05-15 00:00:00,0e7ce7d43f91d568,0e7ce7d43f91d568_diesel_regular,Posto Galp Malhadas,GALP,diesel_regular,Gasóleo simples,Outro,2.015,Miranda do Douro,Bragança,"Rua Vale de Angueira, nº 5",Malhadas,5210-150,41.54472,-6.328176,posto galp malhadas,galp,"rua vale de angueira, nº 5","2,015 €",2026-05-15_dgeg_postos_raw.csv,0024cb3dffee94dc
2026-05-15,2026-05-15 14:31:32,2026-05-15 00:00:00,0e7ce7d43f91d568,0e7ce7d43f91d568_diesel_premium,Posto Galp Malhadas,GALP,diesel_premium,Gasóleo especial,Outro,2.07,Miranda do Douro,Bragança,"Rua Vale de Angueira, nº 5",Malhadas,5210-150,41.54472,-6.328176,posto galp malhadas,galp,"rua vale de angueira, nº 5","2,070 €",2026-05-15_dgeg_postos_raw.csv,5aa2ef98f361e96f
2026-05-15,2026-05-15 14:31:32,2026-05-15 00:00:00,0e7ce7d43f91d568,0e7ce7d43f91d568_gasoline_95,Posto Galp Malhadas,GALP,gasoline_95,Gasolina simples 95,Outro,2.011,Miranda do Douro,Bragança,"Rua Vale de Angueira, nº 5",Malhadas,5210-150,41.54472,-6.328176,posto galp malhadas,galp,"rua vale de angueira, nº 5","2,011 €",2026-05-15_dgeg_postos_raw.csv,2145e2c3c373b79f
2026-05-15,2026-05-15 14:31:32,2026-05-15 00:00:00,2602dee11667091d,2602dee11667091d_diesel_regular,CUNHA E MONTEIRO LDA,GALP,diesel_regular,Gasóleo simples,Outro,2.015,Marinha Grande,Leiria,Largo da República,Vieira de Leiria,2430-795,39.8691,-8.93451,cunha e monteiro lda,galp,largo da república,"2,015 €",2026-05-15_dgeg_postos_raw.csv,20424d2173381e99
2026-05-15,2026-05-15 14:31:32,2026-05-15 00:00:00,2602dee11667091d,2602dee11667091d_diesel_premium,CUNHA E MONTEIRO LDA,GALP,diesel_premium,Gasóleo especial,Outro,2.065,Marinha Grande,Leiria,Largo da República,Vieira de Leiria,2430-795,39.8691,-8.93451,cunha e monteiro lda,galp,largo da república,"2,065 €",2026-05-15_dgeg_postos_raw.csv,53b821162b7a6230
2026-05-15,2026-05-15 14:31:32,2026-05-15 00:00:00,2602dee11667091d,2602dee11667091d_gasoline_95,CUNHA E MONTEIRO LDA,GALP,gasoline_95,Gasolina simples 95,Outro,2.011,Marinha Grande,Leiria,Largo da República,Vieira de Leiria,2430-795,39.8691,-8.93451,cunha e monteiro lda,galp,largo da república,"2,011 €",2026-05-15_dgeg_postos_raw.csv,d2ee5e4778c92c30
2026-05-15,2026-05-15 14:31:32,2026-05-15 00:00:00,bf48cb9bb5e13772,bf48cb9bb5e13772_diesel_regular,GALP Sobral de Monte Agraço,GALP,diesel_regular,Gasóleo simples,Outro,2.015,Sobral de Monte Agraço,Lisboa,Avenida Marquês de Pombal nº 30,Sobral de Monte Agraço,2590-041,39.019272,-9.151253,galp sobral de monte agraço,galp,avenida marquês de pombal nº 30,"2,015 €",2026-05-15_dgeg_postos_raw.csv,177d0599184ca1c5
2026-05-15,2026-05-15 14:31:32,2026-05-15 00:00:00,bf48cb9bb5e13772,bf48cb9bb5e13772_diesel_premium,GALP Sobral de Monte Agraço,GALP,diesel_premium,Gasóleo especial,Outro,2.075,Sobral de Monte Agraço,Lisboa,Avenida Marquês de Pombal nº 30,Sobral de Monte Agraço,2590-041,39.019272,-9.151253,galp sobral de monte agraço,galp,avenida marquês de pombal nº 30,"2,075 €",2026-05-15_dgeg_postos_raw.csv,be1efb9813d22689
2026-05-15,2026-05-15 14:31:32,2026-05-15 00:00:00,bf48cb9bb5e13772,bf48cb9bb5e13772_gasoline_95,GALP Sobral de Monte Agraço,GALP,gasoline_95,Gasolina simples 95,Outro,2.011,Sobral de Monte Agraço,Lisboa,Avenida Marquês de Pombal nº 30,Sobral de Monte Agraço,2590-041,39.019272,-9.151253,galp sobral de monte agraço,galp,avenida marquês de pombal nº 30,"2,011 €",2026-05-15_dgeg_postos_raw.csv,3d414bc3baeb59cf
2026-05-15,2026-05-15 14:31:32,2026-05-15 00:00:00,bf48cb9bb5e13772,bf48cb9bb5e13772_gasoline_98,GALP Sobral de Monte Agraço,GALP,gasoline_98,Gasolina especial 98,Outro,2.221,Sobral de Monte Agraço,Lisboa,Avenida Marquês de Pombal nº 30,Sobral de Monte Agraço,2590-041,39.019272,-9.151253,galp sobral de monte agraço,galp,avenida marquês de pombal nº 30,"2,221 €",2026-05-15_dgeg_postos_raw.csv,8c61f7b8e6db599d
2026-05-15,2026-05-15 14:31:32,2026-05-15 00:00:00,611c5e17ce9624b1,611c5e17ce9624b1_diesel_premium,Repsol - Coop. Agric. Alcobaça,REPSOL,diesel_premium,Gasóleo especial,Outro,2.054,Alcobaça,Leiria,"Rua de Leiria, nº5",Alcobaça,2460-059,39.550086,-8.971485,repsol - coop. agric. alcobaça,repsol,"rua de leiria, nº5","2,054 €",2026-05-15_dgeg_postos_raw.csv,f90d5c27c75c5f74
2026-05-15,2026-05-15 14:31:32,2026-05-15 00:00:00,611c5e17ce9624b1,611c5e17ce9624b1_gasoline_95,Repsol - Coop. Agric. Alcobaça,REPSOL,gasoline_95,Gasolina simples 95,Outro,2.007,Alcobaça,Leiria,"Rua de Leiria, nº5",Alcobaça,2460-059,39.550086,-8.971485,repsol - coop. agric. alcobaça,repsol,"rua de leiria, nº5","2,007 €",2026-05-15_dgeg_postos_raw.csv,44123fb5c75b3e7a
2026-05-15,2026-05-15 14:31:32,2026-05-15 00:00:00,73abb3bd9bd9adde,73abb3bd9bd9adde_diesel_regular,BP Vila Viçosa,Genérico,diesel_regular,Gasóleo simples,Outro,2.104,Vila Viçosa,Évora,"Zona Industrial, Lote 231",Vila Viçosa,7160-000,38.76804,-7.41838,bp vila viçosa,genérico,"zona industrial, lote 231","2,104 €",2026-05-15_dgeg_postos_raw.csv,f8e371bf3c72a2de
2026-05-15,2026-05-15 14:31:32,2026-05-15 00:00:00,73abb3bd9bd9adde,73abb3bd9bd9adde_gasoline_95,BP Vila Viçosa,Genérico,gasoline_95,Gasolina simples 95,Outro,2.094,Vila Viçosa,Évora,"Zona Industrial, Lote 231",Vila Viçosa,7160-000,38.76804,-7.41838,bp vila viçosa,genérico,"zona industrial, lote 231","2,094 €",2026-05-15_dgeg_postos_raw.csv,ac8161bd0f61f7f7
2026-05-15,2026-05-15 14:31:32,2026-05-15 00:00:00,42b3df0c5959545f,42b3df0c5959545f_diesel_regular,E.S.Santo Estevão,REPSOL,diesel_regular,Gasóleo simples,Outro,2.039,Benavente,Santarém,"Rua Manuel Martins Alves, nº85",Santo Estevão,2130-143,38.8598,-8.74454,e.s.santo estevão,repsol,"rua manuel martins alves, nº85","2,039 €",2026-05-15_dgeg_postos_raw.csv,dd968bc595912de9
2026-05-15,2026-05-15 14:31:32,2026-05-15 00:00:00,42b3df0c5959545f,42b3df0c5959545f_diesel_premium,E.S.Santo Estevão,REPSOL,diesel_premium,Gasóleo especial,Outro,2.109,Benavente,Santarém,"Rua Manuel Martins Alves, nº85",Santo Estevão,2130-143,38.8598,-8.74454,e.s.santo estevão,repsol,"rua manuel martins alves, nº85","2,109 €",2026-05-15_dgeg_postos_raw.csv,ccb17b1a0cac84de
2026-05-15,2026-05-15 14:31:32,2026-05-15 00:00:00,42b3df0c5959545f,42b3df0c5959545f_gasoline_95,E.S.Santo Estevão,REPSOL,gasoline_95,Gasolina simples 95,Outro,2.037,Benavente,Santarém,"Rua Manuel Martins Alves, nº85",Santo Estevão,2130-143,38.8598,-8.74454,e.s.santo estevão,repsol,"rua manuel martins alves, nº85","2,037 €",2026-05-15_dgeg_postos_raw.csv,b6bdbb102be039ae
2026-05-15,2026-05-15 14:31:32,2026-05-15 00:00:00,42b3df0c5959545f,42b3df0c5959545f_gasoline_98,E.S.Santo Estevão,REPSOL,gasoline_98,Gasolina especial 98,Outro,2.237,Benavente,Santarém,"Rua Manuel Martins Alves, nº85",Santo Estevão,2130-143,38.8598,-8.74454,e.s.santo estevão,repsol,"rua manuel martins alves, nº85","2,237 €",2026-05-15_dgeg_postos_raw.csv,9b6c2ed0749af0e0
2026-05-15,2026-05-15 14:31:32,2026-05-15 00:00:00,d70f10ceec3f20b9,d70f10ceec3f20b9_gasoline_95,PA de Cajados,Genérico,gasoline_95,Gasolina simples 95,Outro,1.997,Palmela,Setúbal,Rua 25 de Abril nº122 - CCI 10665,Cajados,2965-503,38.5991,-8.7751,pa de cajados,genérico,rua 25 de abril nº122 - cci 10665,"1,997 €",2026-05-15_dgeg_postos_raw.csv,910bdfac147c2f1e
2026-05-15,2026-05-15 14:31:32,2026-05-15 00:00:00,24ff0ccb2b56c599,24ff0ccb2b56c599_diesel_regular,P. A. J. Pisco- Castelejo,Genérico,diesel_regular,Gasóleo simples,Outro,2.019,Ourém,Santarém,Rua Principal s/nº,Castelejo,2435-525,39.720135,-8.473367,p. a. j. pisco- castelejo,genérico,rua principal s/nº,"2,019 €",2026-05-15_dgeg_postos_raw.csv,6ffe1371cac331c9
2026-05-15,2026-05-15 14:31:32,2026-05-15 00:00:00,24ff0ccb2b56c599,24ff0ccb2b56c599_diesel_premium,P. A. J. Pisco- Castelejo,Genérico,diesel_premium,Gasóleo especial,Outro,2.039,Ourém,Santarém,Rua Principal s/nº,Castelejo,2435-525,39.720135,-8.473367,p. a. j. pisco- castelejo,genérico,rua principal s/nº,"2,039 €",2026-05-15_dgeg_postos_raw.csv,1bfd004b1296e5e6
2026-05-15,2026-05-15 14:31:32,2026-05-15 00:00:00,24ff0ccb2b56c599,24ff0ccb2b56c599_gasoline_95,P. A. J. Pisco- Castelejo,Genérico,gasoline_95,Gasolina simples 95,Outro,1.998,Ourém,Santarém,Rua Principal s/nº,Castelejo,2435-525,39.720135,-8.473367,p. a. j. pisco- castelejo,genérico,rua principal s/nº,"1,998 €",2026-05-15_dgeg_postos_raw.csv,443ea885440ef008
2026-05-15,2026-05-15 14:31:32,2026-05-15 00:00:00,d8eae9957b07cd71,d8eae9957b07cd71_diesel_regular,ILÍDIO MOTA - Posto do Couto de Cambeses,CEPSA,diesel_regular,Gasóleo simples,Outro,1.955,Barcelos,Braga,"Rua Senhora da Cruz, nº 52",Cambeses,4775-024,41.47773,-8.531881,ilídio mota - posto do couto de cambeses,cepsa,"rua senhora da cruz, nº 52","1,955 €",2026-05-15_dgeg_postos_raw.csv,0ff309d6f4e9721a
2026-05-15,2026-05-15 14:31:32,2026-05-15 00:00:00,d8eae9957b07cd71,d8eae9957b07cd71_diesel_premium,ILÍDIO MOTA - Posto do Couto de Cambeses,CEPSA,diesel_premium,Gasóleo especial,Outro,2.086,Barcelos,Braga,"Rua Senhora da Cruz, nº 52",Cambeses,4775-024,41.47773,-8.531881,ilídio mota - posto do couto de cambeses,cepsa,"rua senhora da cruz, nº 52","2,086 €",2026-05-15_dgeg_postos_raw.csv,ba45f543989bcb9f
2026-05-15,2026-05-15 14:31:32,2026-05-15 00:00:00,d8eae9957b07cd71,d8eae9957b07cd71_gasoline_95,ILÍDIO MOTA - Posto do Couto de Cambeses,CEPSA,gasoline_95,Gasolina simples 95,Outro,1.951,Barcelos,Braga,"Rua Senhora da Cruz, nº 52",Cambeses,4775-024,41.47773,-8.531881,ilídio mota - posto do couto de cambeses,cepsa,"rua senhora da cruz, nº 52","1,951 €",2026-05-15_dgeg_postos_raw.csv,40147af806efd288
2026-05-15,2026-05-15 14:31:32,2026-05-15 00:00:00,69d6db3565078d1e,69d6db3565078d1e_diesel_regular,MOEVE OLHÃO I,MOEVE,diesel_regular,Gasóleo simples,Outro,1.986,Olhão,Faro,Estrada Nacional 125 - Pinheiros de Marim,Pinheiros de Marim,8700-225,37.040318,-7.823334,moeve olhão i,moeve,estrada nacional 125 - pinheiros de marim,"1,986 €",2026-05-15_dgeg_postos_raw.csv,00ae1d67dc3540fa
2026-05-15,2026-05-15 14:31:32,2026-05-15 00:00:00,69d6db3565078d1e,69d6db3565078d1e_diesel_premium,MOEVE OLHÃO I,MOEVE,diesel_premium,Gasóleo especial,Outro,2.036,Olhão,Faro,Estrada Nacional 125 - Pinheiros de Marim,Pinheiros de Marim,8700-225,37.040318,-7.823334,moeve olhão i,moeve,estrada nacional 125 - pinheiros de marim,"2,036 €",2026-05-15_dgeg_postos_raw.csv,b64286c9f5018495
2026-05-15,2026-05-15 14:31:32,2026-05-15 00:00:00,69d6db3565078d1e,69d6db3565078d1e_gasoline_95,MOEVE OLHÃO I,MOEVE,gasoline_95,Gasolina simples 95,Outro,1.978,Olhão,Faro,Estrada Nacional 125 - Pinheiros de Marim,Pinheiros de Marim,8700-225,37.040318,-7.823334,moeve olhão i,moeve,estrada nacional 125 - pinheiros de marim,"1,978 €",2026-05-15_dgeg_postos_raw.csv,09410f3ae4da6815
2026-05-15,2026-05-15 14:31:32,2026-05-15 00:00:00,e117592ca7f2ac3b,e117592ca7f2ac3b_diesel_regular,CEPSA S. Teotónio,CEPSA,diesel_regular,Gasóleo simples,Outro,1.986,Odemira,Beja,"Loteamento Industrial da Bemposta, Lote 7",S. Teotónio,7630-614,37.50998,-8.71566,cepsa s. teotónio,cepsa,"loteamento industrial da bemposta, lote 7","1,986 €",2026-05-15_dgeg_postos_raw.csv,93dd2e1809850c3a
2026-05-15,2026-05-15 14:31:32,2026-05-15 00:00:00,e117592ca7f2ac3b,e117592ca7f2ac3b_diesel_premium,CEPSA S. Teotónio,CEPSA,diesel_premium,Gasóleo especial,Outro,2.036,Odemira,Beja,"Loteamento Industrial da Bemposta, Lote 7",S. Teotónio,7630-614,37.50998,-8.71566,cepsa s. teotónio,cepsa,"loteamento industrial da bemposta, lote 7","2,036 €",2026-05-15_dgeg_postos_raw.csv,53b0296902cd7b7d
2026-05-15,2026-05-15 14:31:32,2026-05-15 00:00:00,e117592ca7f2ac3b,e117592ca7f2ac3b_gasoline_95,CEPSA S. Teotónio,CEPSA,gasoline_95,Gasolina simples 95,Outro,1.978,Odemira,Beja,"Loteamento Industrial da Bemposta, Lote 7",S. Teotónio,7630-614,37.50998,-8.71566,cepsa s. teotónio,cepsa,"loteamento industrial da bemposta, lote 7","1,978 €",2026-05-15_dgeg_postos_raw.csv,c11538a1e7c924a4
2026-05-15,2026-05-15 14:31:32,2026-05-15 00:00:00,5056b5a52aabc2f3,5056b5a52aabc2f3_diesel_regular,E.S. ESTREMOZ  ZI,REPSOL,diesel_regular,Gasóleo simples,Outro,2.079,Estremoz,Évora,"Zona Industrial, Lotes 122, 123 124",Estremoz,7100-147,38.848517,-7.582332,e.s. estremoz zi,repsol,"zona industrial, lotes 122, 123 124","2,079 €",2026-05-15_dgeg_postos_raw.csv,d60b3fa97b963946
2026-05-15,2026-05-15 14:31:32,2026-05-15 00:00:00,5056b5a52aabc2f3,5056b5a52aabc2f3_diesel_premium,E.S. ESTREMOZ  ZI,REPSOL,diesel_premium,Gasóleo especial,Outro,2.149,Estremoz,Évora,"Zona Industrial, Lotes 122, 123 124",Estremoz,7100-147,38.848517,-7.582332,e.s. estremoz zi,repsol,"zona industrial, lotes 122, 123 124","2,149 €",2026-05-15_dgeg_postos_raw.csv,caf9f8fdd8bb29ec
2026-05-15,2026-05-15 14:31:32,2026-05-15 00:00:00,5056b5a52aabc2f3,5056b5a52aabc2f3_gasoline_95,E.S. ESTREMOZ  ZI,REPSOL,gasoline_95,Gasolina simples 95,Outro,2.067,Estremoz,Évora,"Zona Industrial, Lotes 122, 123 124",Estremoz,7100-147,38.848517,-7.582332,e.s. estremoz zi,repsol,"zona industrial, lotes 122, 123 124","2,067 €",2026-05-15_dgeg_postos_raw.csv,a294a408a4a2169e
2026-05-15,2026-05-15 14:31:32,2026-05-15 00:00:00,5056b5a52aabc2f3,5056b5a52aabc2f3_gasoline_98,E.S. ESTREMOZ  ZI,REPSOL,gasoline_98,Gasolina especial 98,Outro,2.267,Estremoz,Évora,"Zona Industrial, Lotes 122, 123 124",Estremoz,7100-147,38.848517,-7.582332,e.s. estremoz zi,repsol,"zona industrial, lotes 122, 123 124","2,267 €",2026-05-15_dgeg_postos_raw.csv,a55115697e69e6ca
2026-05-15,2026-05-15 14:31:32,2026-05-15 00:00:00,c5fd35d72af3e1e0,c5fd35d72af3e1e0_diesel_regular,BP Lourel Este,BP,diesel_regular,Gasóleo simples,Outro,2.089,Sintra,Lisboa,E.N. 9 KM 16.7 RAL\nSanta Maria - Posto BP Este,Lourel,2710-039,38.82315,-9.35839,bp lourel este,bp,e.n. 9 km 16.7 ral\nsanta maria - posto bp este,"2,089 €",2026-05-15_dgeg_postos_raw.csv,54b918682c2bcf38
2026-05-15,2026-05-15 14:31:32,2026-05-15 00:00:00,c5fd35d72af3e1e0,c5fd35d72af3e1e0_diesel_premium,BP Lourel Este,BP,diesel_premium,Gasóleo especial,Outro,2.249,Sintra,Lisboa,E.N. 9 KM 16.7 RAL\nSanta Maria - Posto BP Este,Lourel,2710-039,38.82315,-9.35839,bp lourel este,bp,e.n. 9 km 16.7 ral\nsanta maria - posto bp este,"2,249 €",2026-05-15_dgeg_postos_raw.csv,af14032d274a9a29
2026-05-15,2026-05-15 14:31:32,2026-05-15 00:00:00,c5fd35d72af3e1e0,c5fd35d72af3e1e0_gasoline_95,BP Lourel Este,BP,gasoline_95,Gasolina simples 95,Outro,2.079,Sintra,Lisboa,E.N. 9 KM 16.7 RAL\nSanta Maria - Posto BP Este,Lourel,2710-039,38.82315,-9.35839,bp lourel este,bp,e.n. 9 km 16.7 ral\nsanta maria - posto bp este,"2,079 €",2026-05-15_dgeg_postos_raw.csv,afb5bdb6e523141a
2026-05-15,2026-05-15 14:31:32,2026-05-15 00:00:00,c5fd35d72af3e1e0,c5fd35d72af3e1e0_gasoline_98,BP Lourel Este,BP,gasoline_98,Gasolina especial 98,Outro,2.319,Sintra,Lisboa,E.N. 9 KM 16.7 RAL\nSanta Maria - Posto BP Este,Lourel,2710-039,38.82315,-9.35839,bp lourel este,bp,e.n. 9 km 16.7 ral\nsanta maria - posto bp este,"2,319 €",2026-05-15_dgeg_postos_raw.csv,707b87e2ed55bd43
2026-05-15,2026-05-15 14:31:32,2026-05-15 00:00:00,2c8b8b1f24acfaa6,2c8b8b1f24acfaa6_diesel_regular,BP Lourel Oeste,BP,diesel_regular,Gasóleo simples,Outro,2.089,Sintra,Lisboa,E.N. 9 KM 16.7 RAL\nSanta Maria - Posto BP Oeste,Lourel,2710-039,38.824036,-9.358722,bp lourel oeste,bp,e.n. 9 km 16.7 ral\nsanta maria - posto bp oeste,"2,089 €",2026-05-15_dgeg_postos_raw.csv,722783bdf9c0d4c9
2026-05-15,2026-05-15 14:31:32,2026-05-15 00:00:00,2c8b8b1f24acfaa6,2c8b8b1f24acfaa6_diesel_premium,BP Lourel Oeste,BP,diesel_premium,Gasóleo especial,Outro,2.249,Sintra,Lisboa,E.N. 9 KM 16.7 RAL\nSanta Maria - Posto BP Oeste,Lourel,2710-039,38.824036,-9.358722,bp lourel oeste,bp,e.n. 9 km 16.7 ral\nsanta maria - posto bp oeste,"2,249 €",2026-05-15_dgeg_postos_raw.csv,dff920ccab597555
2026-05-15,2026-05-15 14:31:32,2026-05-15 00:00:00,2c8b8b1f24acfaa6,2c8b8b1f24acfaa6_gasoline_95,BP Lourel Oeste,BP,gasoline_95,Gasolina simples 95,Outro,2.079,Sintra,Lisboa,E.N. 9 KM 16.7 RAL\nSanta Maria - Posto BP Oeste,Lourel,2710-039,38.824036,-9.358722,bp lourel oeste,bp,e.n. 9 km 16.7 ral\nsanta maria - posto bp oeste,"2,079 €",2026-05-15_dgeg_postos_raw.csv,6e1319097a3c340d
2026-05-15,2026-05-15 14:31:32,2026-05-15 00:00:00,2c8b8b1f24acfaa6,2c8b8b1f24acfaa6_gasoline_98,BP Lourel Oeste,BP,gasoline_98,Gasolina especial 98,Outro,2.319,Sintra,Lisboa,E.N. 9 KM 16.7 RAL\nSanta Maria - Posto BP Oeste,Lourel,2710-039,38.824036,-9.358722,bp lourel oeste,bp,e.n. 9 km 16.7 ral\nsanta maria - posto bp oeste,"2,319 €",2026-05-15_dgeg_postos_raw.csv,978b7b0bd38a63ad
2026-05-15,2026-05-15 14:31:32,2026-05-15 00:00:00,87b99657aa1747b5,87b99657aa1747b5_diesel_regular,MOEVE Venda de Alcaide (XPlus),MOEVE,diesel_regular,Gasóleo simples,Outro,1.986,Palmela,Setúbal,"Estrada Municipal 533-1, Estrada dos Espanhóis",Palhota,2955-251,38.61474,-8.884826,moeve venda de alcaide (xplus),moeve,"estrada municipal 533-1, estrada dos espanhóis","1,986 €",2026-05-15_dgeg_postos_raw.csv,8bc3b6c9ed23da58
2026-05-15,2026-05-15 14:31:32,2026-05-15 00:00:00,87b99657aa1747b5,87b99657aa1747b5_diesel_premium,MOEVE Venda de Alcaide (XPlus),MOEVE,diesel_premium,Gasóleo especial,Outro,2.036,Palmela,Setúbal,"Estrada Municipal 533-1, Estrada dos Espanhóis",Palhota,2955-251,38.61474,-8.884826,moeve venda de alcaide (xplus),moeve,"estrada municipal 533-1, estrada dos espanhóis","2,036 €",2026-05-15_dgeg_postos_raw.csv,6113435266ae2955
2026-05-15,2026-05-15 14:31:32,2026-05-15 00:00:00,87b99657aa1747b5,87b99657aa1747b5_gasoline_95,MOEVE Venda de Alcaide (XPlus),MOEVE,gasoline_95,Gasolina simples 95,Outro,1.978,Palmela,Setúbal,"Estrada Municipal 533-1, Estrada dos Espanhóis",Palhota,2955-251,38.61474,-8.884826,moeve venda de alcaide (xplus),moeve,"estrada municipal 533-1, estrada dos espanhóis","1,978 €",2026-05-15_dgeg_postos_raw.csv,4b6d45a809f200db
2026-05-15,2026-05-15 14:31:32,2026-05-15 00:00:00,87b99657aa1747b5,87b99657aa1747b5_gasoline_98,MOEVE Venda de Alcaide (XPlus),MOEVE,gasoline_98,Gasolina especial 98,Outro,2.19,Palmela,Setúbal,"Estrada Municipal 533-1, Estrada dos Espanhóis",Palhota,2955-251,38.61474,-8.884826,moeve venda de alcaide (xplus),moeve,"estrada municipal 533-1, estrada dos espanhóis","2,190 €",2026-05-15_dgeg_postos_raw.csv,a2e54232932d4e9f
2026-05-15,2026-05-15 14:31:32,2026-05-15 00:00:00,374c90ff13876720,374c90ff13876720_diesel_regular,BP Entroncamento (N.ª Sra. de Fátima),BP,diesel_regular,Gasóleo simples,Outro,2.069,Entroncamento,Santarém,"Estrada Nacional 3, nº 124",Entroncamento,2330-250,39.461033,-8.493348,bp entroncamento (n.ª sra. de fátima),bp,"estrada nacional 3, nº 124","2,069 €",2026-05-15_dgeg_postos_raw.csv,1f3962c153e90c9d
2026-05-15,2026-05-15 14:31:32,2026-05-15 00:00:00,374c90ff13876720,374c90ff13876720_diesel_premium,BP Entroncamento (N.ª Sra. de Fátima),BP,diesel_premium,Gasóleo especial,Outro,2.229,Entroncamento,Santarém,"Estrada Nacional 3, nº 124",Entroncamento,2330-250,39.461033,-8.493348,bp entroncamento (n.ª sra. de fátima),bp,"estrada nacional 3, nº 124","2,229 €",2026-05-15_dgeg_postos_raw.csv,2c6b8169f27dd8f8
2026-05-15,2026-05-15 14:31:32,2026-05-15 00:00:00,374c90ff13876720,374c90ff13876720_gasoline_95,BP Entroncamento (N.ª Sra. de Fátima),BP,gasoline_95,Gasolina simples 95,Outro,2.059,Entroncamento,Santarém,"Estrada Nacional 3, nº 124",Entroncamento,2330-250,39.461033,-8.493348,bp entroncamento (n.ª sra. de fátima),bp,"estrada nacional 3, nº 124","2,059 €",2026-05-15_dgeg_postos_raw.csv,22d717ebb13633f2
2026-05-15,2026-05-15 14:31:32,2026-05-15 00:00:00,374c90ff13876720,374c90ff13876720_gasoline_98,BP Entroncamento (N.ª Sra. de Fátima),BP,gasoline_98,Gasolina especial 98,Outro,2.299,Entroncamento,Santarém,"Estrada Nacional 3, nº 124",Entroncamento,2330-250,39.461033,-8.493348,bp entroncamento (n.ª sra. de fátima),bp,"estrada nacional 3, nº 124","2,299 €",2026-05-15_dgeg_postos_raw.csv,b1d79e4c95a61d76
2026-05-15,2026-05-15 14:31:32,2026-05-15 00:00:00,6ef25748c8176a52,6ef25748c8176a52_diesel_regular,BP Tomar (Gorduchas),BP,diesel_regular,Gasóleo simples,Outro,2.059,Tomar,Santarém,"Rua de Coimbra, nº 10",Gorduchas,2300-394,39.60958,-8.398969,bp tomar (gorduchas),bp,"rua de coimbra, nº 10","2,059 €",2026-05-15_dgeg_postos_raw.csv,6bfd870b3ab24eb4
2026-05-15,2026-05-15 14:31:32,2026-05-15 00:00:00,6ef25748c8176a52,6ef25748c8176a52_diesel_premium,BP Tomar (Gorduchas),BP,diesel_premium,Gasóleo especial,Outro,2.229,Tomar,Santarém,"Rua de Coimbra, nº 10",Gorduchas,2300-394,39.60958,-8.398969,bp tomar (gorduchas),bp,"rua de coimbra, nº 10","2,229 €",2026-05-15_dgeg_postos_raw.csv,c37f98c38d7b5a1e
2026-05-15,2026-05-15 14:31:32,2026-05-15 00:00:00,6ef25748c8176a52,6ef25748c8176a52_gasoline_95,BP Tomar (Gorduchas),BP,gasoline_95,Gasolina simples 95,Outro,2.049,Tomar,Santarém,"Rua de Coimbra, nº 10",Gorduchas,2300-394,39.60958,-8.398969,bp tomar (gorduchas),bp,"rua de coimbra, nº 10","2,049 €",2026-05-15_dgeg_postos_raw.csv,e9baa4f42e695d7d
2026-05-15,2026-05-15 14:31:32,2026-05-15 00:00:00,6ef25748c8176a52,6ef25748c8176a52_gasoline_98,BP Tomar (Gorduchas),BP,gasoline_98,Gasolina especial 98,Outro,2.299,Tomar,Santarém,"Rua de Coimbra, nº 10",Gorduchas,2300-394,39.60958,-8.398969,bp tomar (gorduchas),bp,"rua de coimbra, nº 10","2,299 €",2026-05-15_dgeg_postos_raw.csv,20fd8f8aa7f67532
2026-05-15,2026-05-15 14:31:32,2026-05-15 00:00:00,f0d1d15aedb33048,f0d1d15aedb33048_diesel_regular,MOEVE Pegões Velhos (XPlus),MOEVE,diesel_regular,Gasóleo simples,Outro,1.986,Montijo,Setúbal,"Estrada Nacional 4, Km 34, Loja Nova, Monte Alegre",Pegões,2985-115,38.68435,-8.710953,moeve pegões velhos (xplus),moeve,"estrada nacional 4, km 34, loja nova, monte alegre","1,986 €",2026-05-15_dgeg_postos_raw.csv,9308e873272aa861
2026-05-15,2026-05-15 14:31:32,2026-05-15 00:00:00,f0d1d15aedb33048,f0d1d15aedb33048_diesel_premium,MOEVE Pegões Velhos (XPlus),MOEVE,diesel_premium,Gasóleo especial,Outro,2.036,Montijo,Setúbal,"Estrada Nacional 4, Km 34, Loja Nova, Monte Alegre",Pegões,2985-115,38.68435,-8.710953,moeve pegões velhos (xplus),moeve,"estrada nacional 4, km 34, loja nova, monte alegre","2,036 €",2026-05-15_dgeg_postos_raw.csv,723e47ebbc6321e6
2026-05-15,2026-05-15 14:31:32,2026-05-15 00:00:00,f0d1d15aedb33048,f0d1d15aedb33048_gasoline_95,MOEVE Pegões Velhos (XPlus),MOEVE,gasoline_95,Gasolina simples 95,Outro,1.978,Montijo,Setúbal,"Estrada Nacional 4, Km 34, Loja Nova, Monte Alegre",Pegões,2985-115,38.68435,-8.710953,moeve pegões velhos (xplus),moeve,"estrada nacional 4, km 34, loja nova, monte alegre","1,978 €",2026-05-15_dgeg_postos_raw.csv,80d4db9bc0289174
2026-05-15,2026-05-15 14:31:32,2026-05-15 00:00:00,f0d1d15aedb33048,f0d1d15aedb33048_gasoline_98,MOEVE Pegões Velhos (XPlus),MOEVE,gasoline_98,Gasolina especial 98,Outro,2.19,Montijo,Setúbal,"Estrada Nacional 4, Km 34, Loja Nova, Monte Alegre",Pegões,2985-115,38.68435,-8.710953,moeve pegões velhos (xplus),moeve,"estrada nacional 4, km 34, loja nova, monte alegre","2,190 €",2026-05-15_dgeg_postos_raw.csv,35a58bd971784b4a
2026-05-15,2026-05-15 14:31:32,2026-05-15 00:00:00,6640d70585642509,6640d70585642509_diesel_regular,BP Alcobaça,BP,diesel_regular,Gasóleo simples,Outro,2.109,Alcobaça,Leiria,"EN8, Urbanização Nova, Lote 1, Fracção 1",Alcobaça,2460-000,39.546066,-8.969452,bp alcobaça,bp,"en8, urbanização nova, lote 1, fracção 1","2,109 €",2026-05-15_dgeg_postos_raw.csv,0df16eb3ae401262
2026-05-15,2026-05-15 14:31:32,2026-05-15 00:00:00,6640d70585642509,6640d70585642509_diesel_premium,BP Alcobaça,BP,diesel_premium,Gasóleo especial,Outro,2.229,Alcobaça,Leiria,"EN8, Urbanização Nova, Lote 1, Fracção 1",Alcobaça,2460-000,39.546066,-8.969452,bp alcobaça,bp,"en8, urbanização nova, lote 1, fracção 1","2,229 €",2026-05-15_dgeg_postos_raw.csv,be79323bbf2dfe75
2026-05-15,2026-05-15 14:31:32,2026-05-15 00:00:00,6640d70585642509,6640d70585642509_gasoline_95,BP Alcobaça,BP,gasoline_95,Gasolina simples 95,Outro,2.099,Alcobaça,Leiria,"EN8, Urbanização Nova, Lote 1, Fracção 1",Alcobaça,2460-000,39.546066,-8.969452,bp alcobaça,bp,"en8, urbanização nova, lote 1, fracção 1","2,099 €",2026-05-15_dgeg_postos_raw.csv,15dfcdac12c0b6de
2026-05-15,2026-05-15 14:31:32,2026-05-15 00:00:00,6640d70585642509,6640d70585642509_gasoline_98,BP Alcobaça,BP,gasoline_98,Gasolina especial 98,Outro,2.299,Alcobaça,Leiria,"EN8, Urbanização Nova, Lote 1, Fracção 1",Alcobaça,2460-000,39.546066,-8.969452,bp alcobaça,bp,"en8, urbanização nova, lote 1, fracção 1","2,299 €",2026-05-15_dgeg_postos_raw.csv,658ff5565f138379
2026-05-15,2026-05-15 14:31:32,2026-05-15 00:00:00,438d05db4df7a233,438d05db4df7a233_diesel_premium,PA CEPSA Portela - Requião,CEPSA,diesel_premium,Gasóleo especial,Outro,2.026,Vila Nova de Famalicão,Braga,"AV. São Silvestre de Requião, Nº2561 – Famalicão",Requião,4770-460,41.41369,-8.464051,pa cepsa portela - requião,cepsa,"av. são silvestre de requião, nº2561 – famalicão","2,026 €",2026-05-15_dgeg_postos_raw.csv,00dfcbd3efb2a7be
2026-05-15,2026-05-15 14:31:32,2026-05-15 00:00:00,438d05db4df7a233,438d05db4df7a233_diesel_regular,PA CEPSA Portela - Requião,CEPSA,diesel_regular,Gasóleo simples,Outro,1.979,Vila Nova de Famalicão,Braga,"AV. São Silvestre de Requião, Nº2561 – Famalicão",Requião,4770-460,41.41369,-8.464051,pa cepsa portela - requião,cepsa,"av. são silvestre de requião, nº2561 – famalicão","1,979 €",2026-05-15_dgeg_postos_raw.csv,9720a61112b4ed01
2026-05-15,2026-05-15 14:31:32,2026-05-15 00:00:00,438d05db4df7a233,438d05db4df7a233_gasoline_95,PA CEPSA Portela - Requião,CEPSA,gasoline_95,Gasolina simples 95,Outro,1.968,Vila Nova de Famalicão,Braga,"AV. São Silvestre de Requião, Nº2561 – Famalicão",Requião,4770-460,41.41369,-8.464051,pa cepsa portela - requião,cepsa,"av. são silvestre de requião, nº2561 – famalicão","1,968 €",2026-05-15_dgeg_postos_raw.csv,ce97ad9a6db1d2de
2026-05-15,2026-05-15 14:31:32,2026-05-15 00:00:00,9090cb321c351197,9090cb321c351197_diesel_regular,AUTO JÙLIO - Posto Interno,AUTO JULIO,diesel_regular,Gasóleo simples,Outro,2.089,Caldas da Rainha,Leiria,"Rua Bernardino Simões, Nº 3",Caldas da Rainha,2500-138,39.390328,-9.131393,auto jùlio - posto interno,auto julio,"rua bernardino simões, nº 3","2,089 €",2026-05-15_dgeg_postos_raw.csv,40f23ef60cb094d4
2026-05-15,2026-05-15 14:31:32,2026-05-15 00:00:00,9090cb321c351197,9090cb321c351197_gasoline_95,AUTO JÙLIO - Posto Interno,AUTO JULIO,gasoline_95,Gasolina simples 95,Outro,2.082,Caldas da Rainha,Leiria,"Rua Bernardino Simões, Nº 3",Caldas da Rainha,2500-138,39.390328,-9.131393,auto jùlio - posto interno,auto julio,"rua bernardino simões, nº 3","2,082 €",2026-05-15_dgeg_postos_raw.csv,2133d071d1bda946
2026-05-15,2026-05-15 14:31:32,2026-05-15 00:00:00,1a7f3ffdb7f082ca,1a7f3ffdb7f082ca_diesel_premium,BP - Almodôvar,BP,diesel_premium,Gasóleo especial,Outro,2.229,Almodôvar,Beja,"Cerca da Junqueira, Apartado 89",Cerca da Junqueira,7700-094,37.515926,-8.045855,bp - almodôvar,bp,"cerca da junqueira, apartado 89","2,229 €",2026-05-15_dgeg_postos_raw.csv,7aef106b08a1025a
2026-05-15,2026-05-15 14:31:32,2026-05-15 00:00:00,1a7f3ffdb7f082ca,1a7f3ffdb7f082ca_diesel_regular,BP - Almodôvar,BP,diesel_regular,Gasóleo simples,Outro,2.109,Almodôvar,Beja,"Cerca da Junqueira, Apartado 89",Cerca da Junqueira,7700-094,37.515926,-8.045855,bp - almodôvar,bp,"cerca da junqueira, apartado 89","2,109 €",2026-05-15_dgeg_postos_raw.csv,d585b639efb80e6e
2026-05-15,2026-05-15 14:31:32,2026-05-15 00:00:00,1a7f3ffdb7f082ca,1a7f3ffdb7f082ca_gasoline_98,BP - Almodôvar,BP,gasoline_98,Gasolina especial 98,Outro,2.299,Almodôvar,Beja,"Cerca da Junqueira, Apartado 89",Cerca da Junqueira,7700-094,37.515926,-8.045855,bp - almodôvar,bp,"cerca da junqueira, apartado 89","2,299 €",2026-05-15_dgeg_postos_raw.csv,9ffdc9de4d696bcf
2026-05-15,2026-05-15 14:31:32,2026-05-15 00:00:00,1a7f3ffdb7f082ca,1a7f3ffdb7f082ca_gasoline_95,BP - Almodôvar,BP,gasoline_95,Gasolina simples 95,Outro,2.099,Almodôvar,Beja,"Cerca da Junqueira, Apartado 89",Cerca da Junqueira,7700-094,37.515926,-8.045855,bp - almodôvar,bp,"cerca da junqueira, apartado 89","2,099 €",2026-05-15_dgeg_postos_raw.csv,62cca2fe19658a4e
2026-05-15,2026-05-15 14:31:32,2026-05-15 00:00:00,62f2b33232fc2846,62f2b33232fc2846_diesel_premium,PRIO - Santa Bárbara de Nexe,PRIO,diesel_premium,Gasóleo especial,Outro,2.039,Faro,Faro,Estrada de São Brás,Santa Bárbara de Nexe,8005-491,37.104103,-7.961994,prio - santa bárbara de nexe,prio,estrada de são brás,"2,039 €",2026-05-15_dgeg_postos_raw.csv,ee6d96bd0fdd8c50
2026-05-15,2026-05-15 14:31:32,2026-05-15 00:00:00,62f2b33232fc2846,62f2b33232fc2846_diesel_regular,PRIO - Santa Bárbara de Nexe,PRIO,diesel_regular,Gasóleo simples,Outro,2.089,Faro,Faro,Estrada de São Brás,Santa Bárbara de Nexe,8005-491,37.104103,-7.961994,prio - santa bárbara de nexe,prio,estrada de são brás,"2,089 €",2026-05-15_dgeg_postos_raw.csv,f0647ce1a58cbd3b
2026-05-15,2026-05-15 14:31:32,2026-05-15 00:00:00,62f2b33232fc2846,62f2b33232fc2846_gasoline_95,PRIO - Santa Bárbara de Nexe,PRIO,gasoline_95,Gasolina simples 95,Outro,2.084,Faro,Faro,Estrada de São Brás,Santa Bárbara de Nexe,8005-491,37.104103,-7.961994,prio - santa bárbara de nexe,prio,estrada de são brás,"2,084 €",2026-05-15_dgeg_postos_raw.csv,055e94eb54bd2cb9
2026-05-15,2026-05-15 14:31:32,2026-05-15 00:00:00,ce91a2c1b2c88596,ce91a2c1b2c88596_diesel_regular,BP Embra (Marinha Grande),BP,diesel_regular,Gasóleo simples,Outro,2.089,Marinha Grande,Leiria,"E.N. 242, Km 9, Rua de Leiria, Embra",Embra,2430-091,39.74759,-8.904907,bp embra (marinha grande),bp,"e.n. 242, km 9, rua de leiria, embra","2,089 €",2026-05-15_dgeg_postos_raw.csv,fdcb9706ffcf6681
2026-05-15,2026-05-15 14:31:32,2026-05-15 00:00:00,ce91a2c1b2c88596,ce91a2c1b2c88596_gasoline_95,BP Embra (Marinha Grande),BP,gasoline_95,Gasolina simples 95,Outro,2.079,Marinha Grande,Leiria,"E.N. 242, Km 9, Rua de Leiria, Embra",Embra,2430-091,39.74759,-8.904907,bp embra (marinha grande),bp,"e.n. 242, km 9, rua de leiria, embra","2,079 €",2026-05-15_dgeg_postos_raw.csv,121150a3ff9f4698
2026-05-15,2026-05-15 14:31:32,2026-05-15 00:00:00,ce91a2c1b2c88596,ce91a2c1b2c88596_diesel_premium,BP Embra (Marinha Grande),BP,diesel_premium,Gasóleo especial,Outro,2.229,Marinha Grande,Leiria,"E.N. 242, Km 9, Rua de Leiria, Embra",Embra,2430-091,39.74759,-8.904907,bp embra (marinha grande),bp,"e.n. 242, km 9, rua de leiria, embra","2,229 €",2026-05-15_dgeg_postos_raw.csv,fe7423c05fe2cc4b
2026-05-15,2026-05-15 14:31:32,2026-05-15 00:00:00,ce91a2c1b2c88596,ce91a2c1b2c88596_gasoline_98,BP Embra (Marinha Grande),BP,gasoline_98,Gasolina especial 98,Outro,2.299,Marinha Grande,Leiria,"E.N. 242, Km 9, Rua de Leiria, Embra",Embra,2430-091,39.74759,-8.904907,bp embra (marinha grande),bp,"e.n. 242, km 9, rua de leiria, embra","2,299 €",2026-05-15_dgeg_postos_raw.csv,1f16f234b1f20274
2026-05-15,2026-05-15 14:31:32,2026-05-15 00:00:00,8d773ded8df47807,8d773ded8df47807_diesel_regular,BP MONTEMOR-O-NOVO (NORTE),BP,diesel_regular,Gasóleo simples,Outro,2.079,Montemor-o-Novo,Évora,Av. Gago Coutinho nº 74,Montemor-o-Novo,7050-101,38.647157,-8.207074,bp montemor-o-novo (norte),bp,av. gago coutinho nº 74,"2,079 €",2026-05-15_dgeg_postos_raw.csv,565175170bb3bd23
2026-05-15,2026-05-15 14:31:32,2026-05-15 00:00:00,13dd47b57ce405ba,13dd47b57ce405ba_diesel_regular,E.S. PARCHAL,REPSOL,diesel_regular,Gasóleo simples,Outro,2.034,Lagoa,Faro,ZONA INDUSTRIAL DO PATEIRO LOTE 1,PARCHAL,8400-651,37.140944,-8.5065,e.s. parchal,repsol,zona industrial do pateiro lote 1,"2,034 €",2026-05-15_dgeg_postos_raw.csv,14fb225ba8872fa3
2026-05-15,2026-05-15 14:31:32,2026-05-15 00:00:00,13dd47b57ce405ba,13dd47b57ce405ba_diesel_premium,E.S. PARCHAL,REPSOL,diesel_premium,Gasóleo especial,Outro,2.104,Lagoa,Faro,ZONA INDUSTRIAL DO PATEIRO LOTE 1,PARCHAL,8400-651,37.140944,-8.5065,e.s. parchal,repsol,zona industrial do pateiro lote 1,"2,104 €",2026-05-15_dgeg_postos_raw.csv,a4f6ea3288776b8c
2026-05-15,2026-05-15 14:31:32,2026-05-15 00:00:00,13dd47b57ce405ba,13dd47b57ce405ba_gasoline_95,E.S. PARCHAL,REPSOL,gasoline_95,Gasolina simples 95,Outro,2.032,Lagoa,Faro,ZONA INDUSTRIAL DO PATEIRO LOTE 1,PARCHAL,8400-651,37.140944,-8.5065,e.s. parchal,repsol,zona industrial do pateiro lote 1,"2,032 €",2026-05-15_dgeg_postos_raw.csv,b2d863651e580b87
2026-05-15,2026-05-15 14:31:32,2026-05-15 00:00:00,13dd47b57ce405ba,13dd47b57ce405ba_gasoline_98,E.S. PARCHAL,REPSOL,gasoline_98,Gasolina especial 98,Outro,2.232,Lagoa,Faro,ZONA INDUSTRIAL DO PATEIRO LOTE 1,PARCHAL,8400-651,37.140944,-8.5065,e.s. parchal,repsol,zona industrial do pateiro lote 1,"2,232 €",2026-05-15_dgeg_postos_raw.csv,17e8aca5e50ba02a
2026-05-15,2026-05-15 14:31:32,2026-05-15 00:00:00,f30c80b39cd6f572,f30c80b39cd6f572_diesel_premium,Ilídio Mota- Trofa,CEPSA,diesel_premium,Gasóleo especial,Outro,2.086,Trofa,Porto,"Rua 16 de Maio, 243 – Santiago do Bougado",Santiago do Bougado,4785-607,41.336647,-8.571214,ilídio mota- trofa,cepsa,"rua 16 de maio, 243 – santiago do bougado","2,086 €",2026-05-15_dgeg_postos_raw.csv,857ad4937e75bae5
2026-05-15,2026-05-15 14:31:32,2026-05-15 00:00:00,f6956a260e86d59f,f6956a260e86d59f_diesel_regular,Amadeu Marques Fortunato,BP,diesel_regular,Gasóleo simples,Outro,2.008,Figueira de Castelo Rodrigo,Guarda,"EN 332 -  KM 31,8",Castelo Rodrigo,6440-031,40.861576,-6.959868,amadeu marques fortunato,bp,"en 332 - km 31,8","2,008 €",2026-05-15_dgeg_postos_raw.csv,28edbc91b493e005
2026-05-15,2026-05-15 14:31:32,2026-05-15 00:00:00,f6956a260e86d59f,f6956a260e86d59f_gasoline_95,Amadeu Marques Fortunato,BP,gasoline_95,Gasolina simples 95,Outro,1.994,Figueira de Castelo Rodrigo,Guarda,"EN 332 -  KM 31,8",Castelo Rodrigo,6440-031,40.861576,-6.959868,amadeu marques fortunato,bp,"en 332 - km 31,8","1,994 €",2026-05-15_dgeg_postos_raw.csv,5e3552d499711967
2026-05-15,2026-05-15 14:31:32,2026-05-15 00:00:00,1be826a8f94dbf8d,1be826a8f94dbf8d_diesel_regular,BP Lagoa Parchal,BP,diesel_regular,Gasóleo simples,Outro,2.079,Lagoa,Faro,Acesso Porto de Pesca do Rio Arade,Parchal,8501-909,37.135825,-8.523515,bp lagoa parchal,bp,acesso porto de pesca do rio arade,"2,079 €",2026-05-15_dgeg_postos_raw.csv,a646f63ce404641d
2026-05-15,2026-05-15 14:31:32,2026-05-15 00:00:00,1be826a8f94dbf8d,1be826a8f94dbf8d_diesel_premium,BP Lagoa Parchal,BP,diesel_premium,Gasóleo especial,Outro,2.229,Lagoa,Faro,Acesso Porto de Pesca do Rio Arade,Parchal,8501-909,37.135825,-8.523515,bp lagoa parchal,bp,acesso porto de pesca do rio arade,"2,229 €",2026-05-15_dgeg_postos_raw.csv,9ba07ce324dc8a6a
2026-05-15,2026-05-15 14:31:32,2026-05-15 00:00:00,1be826a8f94dbf8d,1be826a8f94dbf8d_gasoline_95,BP Lagoa Parchal,BP,gasoline_95,Gasolina simples 95,Outro,2.069,Lagoa,Faro,Acesso Porto de Pesca do Rio Arade,Parchal,8501-909,37.135825,-8.523515,bp lagoa parchal,bp,acesso porto de pesca do rio arade,"2,069 €",2026-05-15_dgeg_postos_raw.csv,05f20c8685208fa5
2026-05-15,2026-05-15 14:31:32,2026-05-15 00:00:00,1be826a8f94dbf8d,1be826a8f94dbf8d_gasoline_98,BP Lagoa Parchal,BP,gasoline_98,Gasolina especial 98,Outro,2.299,Lagoa,Faro,Acesso Porto de Pesca do Rio Arade,Parchal,8501-909,37.135825,-8.523515,bp lagoa parchal,bp,acesso porto de pesca do rio arade,"2,299 €",2026-05-15_dgeg_postos_raw.csv,a6810b4b5a59d5fb
2026-05-15,2026-05-15 14:31:32,2026-05-15 00:00:00,8fe8ca43d1ddefed,8fe8ca43d1ddefed_diesel_regular,BP Entroncamento II - R.Dr. Francisco Sá Carneiro,BP,diesel_regular,Gasóleo simples,Outro,2.069,Entroncamento,Santarém,"Rua Dr. Francisco Sá Carneiro, nº 2A (Lote 2)",Entroncamento,2330-148,39.47385,-8.468649,bp entroncamento ii - r.dr. francisco sá carneiro,bp,"rua dr. francisco sá carneiro, nº 2a (lote 2)","2,069 €",2026-05-15_dgeg_postos_raw.csv,67407a51e63cebeb
2026-05-15,2026-05-15 14:31:32,2026-05-15 00:00:00,8fe8ca43d1ddefed,8fe8ca43d1ddefed_diesel_premium,BP Entroncamento II - R.Dr. Francisco Sá Carneiro,BP,diesel_premium,Gasóleo especial,Outro,2.229,Entroncamento,Santarém,"Rua Dr. Francisco Sá Carneiro, nº 2A (Lote 2)",Entroncamento,2330-148,39.47385,-8.468649,bp entroncamento ii - r.dr. francisco sá carneiro,bp,"rua dr. francisco sá carneiro, nº 2a (lote 2)","2,229 €",2026-05-15_dgeg_postos_raw.csv,43bb6fdd555212a6
2026-05-15,2026-05-15 14:31:32,2026-05-15 00:00:00,8fe8ca43d1ddefed,8fe8ca43d1ddefed_gasoline_95,BP Entroncamento II - R.Dr. Francisco Sá Carneiro,BP,gasoline_95,Gasolina simples 95,Outro,2.059,Entroncamento,Santarém,"Rua Dr. Francisco Sá Carneiro, nº 2A (Lote 2)",Entroncamento,2330-148,39.47385,-8.468649,bp entroncamento ii - r.dr. francisco sá carneiro,bp,"rua dr. francisco sá carneiro, nº 2a (lote 2)","2,059 €",2026-05-15_dgeg_postos_raw.csv,6d8318968654223c
2026-05-15,2026-05-15 14:31:32,2026-05-15 00:00:00,8fe8ca43d1ddefed,8fe8ca43d1ddefed_gasoline_98,BP Entroncamento II - R.Dr. Francisco Sá Carneiro,BP,gasoline_98,Gasolina especial 98,Outro,2.299,Entroncamento,Santarém,"Rua Dr. Francisco Sá Carneiro, nº 2A (Lote 2)",Entroncamento,2330-148,39.47385,-8.468649,bp entroncamento ii - r.dr. francisco sá carneiro,bp,"rua dr. francisco sá carneiro, nº 2a (lote 2)","2,299 €",2026-05-15_dgeg_postos_raw.csv,e8864ed8d6b87aeb
2026-05-15,2026-05-15 14:31:32,2026-05-15 00:00:00,611c5e17ce9624b1,611c5e17ce9624b1_diesel_regular,Repsol - Coop. Agric. Alcobaça,REPSOL,diesel_regular,Gasóleo simples,Outro,1.969,Alcobaça,Leiria,"Rua de Leiria, nº5",Alcobaça,2460-059,39.550086,-8.971485,repsol - coop. agric. alcobaça,repsol,"rua de leiria, nº5","1,969 €",2026-05-15_dgeg_postos_raw.csv,83dfbba475eca20a
2026-05-15,2026-05-15 14:31:32,2026-05-15 00:00:00,d70f10ceec3f20b9,d70f10ceec3f20b9_diesel_regular,PA de Cajados,Genérico,diesel_regular,Gasóleo simples,Outro,2.005,Palmela,Setúbal,Rua 25 de Abril nº122 - CCI 10665,Cajados,2965-503,38.5991,-8.7751,pa de cajados,genérico,rua 25 de abril nº122 - cci 10665,"2,005 €",2026-05-15_dgeg_postos_raw.csv,a4a5e4a2502ab445
2026-05-15,2026-05-15 14:31:32,2026-05-15 00:00:00,744727284ca92850,744727284ca92850_diesel_premium,Adelino Rocha & Rocha,Genérico,diesel_premium,Gasóleo especial,Outro,2.031,Cantanhede,Coimbra,"Rua Dr. João de Matos, nº 36",Vilamar,3060-780,40.41613,-8.65837,adelino rocha & rocha,genérico,"rua dr. joão de matos, nº 36","2,031 €",2026-05-15_dgeg_postos_raw.csv,54a1b7d0961d689f
2026-05-15,2026-05-15 14:31:32,2026-05-15 00:00:00,049a5303825f0f0c,049a5303825f0f0c_diesel_premium,José Domingos Vaz Carvalho / GALP Sendim,GALP,diesel_premium,Gasóleo especial,Outro,2.07,Miranda do Douro,Bragança,"Estrada Nacional, 221",Sendim,5225-103,41.392117,-6.425022,josé domingos vaz carvalho / galp sendim,galp,"estrada nacional, 221","2,070 €",2026-05-15_dgeg_postos_raw.csv,a6a0ba6bbdc0720d
2026-05-15,2026-05-15 14:31:32,2026-05-15 00:00:00,1ae62bd3cf2c1788,1ae62bd3cf2c1788_diesel_regular,Galp- Midões -Estrada de S.Miguel,FREITAS,diesel_regular,Gasóleo simples,Outro,2.049,Tábua,Coimbra,Estrada de S. Miguel n.º 28,Midões,3420-136,40.38647,-7.945226,galp- midões -estrada de s.miguel,freitas,estrada de s. miguel n.º 28,"2,049 €",2026-05-15_dgeg_postos_raw.csv,68e3856403e72752
2026-05-15,2026-05-15 14:31:32,2026-05-15 00:00:00,1ae62bd3cf2c1788,1ae62bd3cf2c1788_diesel_premium,Galp- Midões -Estrada de S.Miguel,FREITAS,diesel_premium,Gasóleo especial,Outro,2.069,Tábua,Coimbra,Estrada de S. Miguel n.º 28,Midões,3420-136,40.38647,-7.945226,galp- midões -estrada de s.miguel,freitas,estrada de s. miguel n.º 28,"2,069 €",2026-05-15_dgeg_postos_raw.csv,185e088e649d020b
2026-05-15,2026-05-15 14:31:32,2026-05-15 00:00:00,1ae62bd3cf2c1788,1ae62bd3cf2c1788_gasoline_95,Galp- Midões -Estrada de S.Miguel,FREITAS,gasoline_95,Gasolina simples 95,Outro,2.052,Tábua,Coimbra,Estrada de S. Miguel n.º 28,Midões,3420-136,40.38647,-7.945226,galp- midões -estrada de s.miguel,freitas,estrada de s. miguel n.º 28,"2,052 €",2026-05-15_dgeg_postos_raw.csv,b982049a1a05c2c1
2026-05-15,2026-05-15 14:31:32,2026-05-15 00:00:00,c3f453509a687b2f,c3f453509a687b2f_diesel_regular,MOEVE Caixas (Alfarim),MOEVE,diesel_regular,Gasóleo simples,Outro,1.936,Sesimbra,Setúbal,"EN 377, km 36,000 - Castelo",Caixas,2970-005,38.47178,-9.153335,moeve caixas (alfarim),moeve,"en 377, km 36,000 - castelo","1,936 €",2026-05-15_dgeg_postos_raw.csv,177294727d9c8114
2026-05-15,2026-05-15 14:31:32,2026-05-15 00:00:00,c3f453509a687b2f,c3f453509a687b2f_gasoline_95,MOEVE Caixas (Alfarim),MOEVE,gasoline_95,Gasolina simples 95,Outro,1.928,Sesimbra,Setúbal,"EN 377, km 36,000 - Castelo",Caixas,2970-005,38.47178,-9.153335,moeve caixas (alfarim),moeve,"en 377, km 36,000 - castelo","1,928 €",2026-05-15_dgeg_postos_raw.csv,400d7ed091556aaf
2026-05-15,2026-05-15 14:31:32,2026-05-15 00:00:00,f6956a260e86d59f,f6956a260e86d59f_diesel_premium,Amadeu Marques Fortunato,BP,diesel_premium,Gasóleo especial,Outro,2.024,Figueira de Castelo Rodrigo,Guarda,"EN 332 -  KM 31,8",Castelo Rodrigo,6440-031,40.861576,-6.959868,amadeu marques fortunato,bp,"en 332 - km 31,8","2,024 €",2026-05-15_dgeg_postos_raw.csv,6dd22d2b3d248317
2026-05-15,2026-05-15 14:31:32,2026-05-15 00:00:00,aacf90a322851f6c,aacf90a322851f6c_diesel_regular,COOPERATIVA AGRICOLA SABODOURO CRL,REPSOL,diesel_regular,Gasóleo simples,Outro,2.05,Mogadouro,Bragança,Av. Sabor,Mogadouro,5200-204,41.34324,-6.71055,cooperativa agricola sabodouro crl,repsol,av. sabor,"2,050 €",2026-05-15_dgeg_postos_raw.csv,0de1fb478eb8a47a
2026-05-15,2026-05-15 14:31:32,2026-05-15 00:00:00,727d2c06fa908a87,727d2c06fa908a87_diesel_regular,Posto Lampião - Azenha do Rio,FREITAS,diesel_regular,Gasóleo simples,Outro,2.059,Penacova,Coimbra,Estrada Nacional nº 2,Azenha do Rio,3360-172,40.269733,-8.272324,posto lampião - azenha do rio,freitas,estrada nacional nº 2,"2,059 €",2026-05-15_dgeg_postos_raw.csv,6314e7ad91f89a91
2026-05-15,2026-05-15 14:31:32,2026-05-15 00:00:00,727d2c06fa908a87,727d2c06fa908a87_gasoline_95,Posto Lampião - Azenha do Rio,FREITAS,gasoline_95,Gasolina simples 95,Outro,2.062,Penacova,Coimbra,Estrada Nacional nº 2,Azenha do Rio,3360-172,40.269733,-8.272324,posto lampião - azenha do rio,freitas,estrada nacional nº 2,"2,062 €",2026-05-15_dgeg_postos_raw.csv,e10c3742b965126a
2026-05-15,2026-05-15 14:31:32,2026-05-15 00:00:00,727d2c06fa908a87,727d2c06fa908a87_diesel_premium,Posto Lampião - Azenha do Rio,FREITAS,diesel_premium,Gasóleo especial,Outro,2.079,Penacova,Coimbra,Estrada Nacional nº 2,Azenha do Rio,3360-172,40.269733,-8.272324,posto lampião - azenha do rio,freitas,estrada nacional nº 2,"2,079 €",2026-05-15_dgeg_postos_raw.csv,969482a893784815
2026-05-15,2026-05-15 14:31:32,2026-05-15 00:00:00,6b84fe1713c716c2,6b84fe1713c716c2_diesel_premium,MOEVE Comporta,MOEVE,diesel_premium,Gasóleo especial,Outro,2.086,Alcácer do Sal,Setúbal,"EN 261, km 10,20 - Alcácer do Sal",Comporta,7580-621,38.365906,-8.782846,moeve comporta,moeve,"en 261, km 10,20 - alcácer do sal","2,086 €",2026-05-15_dgeg_postos_raw.csv,6db0843c6a03c55c
2026-05-15,2026-05-15 14:31:32,2026-05-15 00:00:00,6b84fe1713c716c2,6b84fe1713c716c2_diesel_regular,MOEVE Comporta,MOEVE,diesel_regular,Gasóleo simples,Outro,2.036,Alcácer do Sal,Setúbal,"EN 261, km 10,20 - Alcácer do Sal",Comporta,7580-621,38.365906,-8.782846,moeve comporta,moeve,"en 261, km 10,20 - alcácer do sal","2,036 €",2026-05-15_dgeg_postos_raw.csv,5d82ed0c27cea84c
2026-05-15,2026-05-15 14:31:32,2026-05-15 00:00:00,6b84fe1713c716c2,6b84fe1713c716c2_gasoline_98,MOEVE Comporta,MOEVE,gasoline_98,Gasolina especial 98,Outro,2.24,Alcácer do Sal,Setúbal,"EN 261, km 10,20 - Alcácer do Sal",Comporta,7580-621,38.365906,-8.782846,moeve comporta,moeve,"en 261, km 10,20 - alcácer do sal","2,240 €",2026-05-15_dgeg_postos_raw.csv,da69b83ba7edb34f
2026-05-15,2026-05-15 14:31:32,2026-05-15 00:00:00,6b84fe1713c716c2,6b84fe1713c716c2_gasoline_95,MOEVE Comporta,MOEVE,gasoline_95,Gasolina simples 95,Outro,2.028,Alcácer do Sal,Setúbal,"EN 261, km 10,20 - Alcácer do Sal",Comporta,7580-621,38.365906,-8.782846,moeve comporta,moeve,"en 261, km 10,20 - alcácer do sal","2,028 €",2026-05-15_dgeg_postos_raw.csv,18d6d6bb15f1a601
2026-05-15,2026-05-15 14:31:32,2026-05-15 00:00:00,9a0cb06d873cab53,9a0cb06d873cab53_gasoline_98,CEPSA ÓRFÃOS -  I (Poente),MOEVE,gasoline_98,Gasolina especial 98,Outro,2.24,Braga,Braga,Av. Cónego Jorge Peixoto Coutinho- variante 14,Braga,4700-000,41.543404,-8.440024,cepsa órfãos - i (poente),moeve,av. cónego jorge peixoto coutinho- variante 14,"2,240 €",2026-05-15_dgeg_postos_raw.csv,67197953f5a44d24
2026-05-15,2026-05-15 14:31:32,2026-05-15 00:00:00,af3a6cdf38e23d2f,af3a6cdf38e23d2f_diesel_regular,BP SALVATERRA DE MAGOS CENTRO,BP,diesel_regular,Gasóleo simples,Outro,2.039,Salvaterra de Magos,Santarém,"EN118, Nr.194",Salvaterra de Magos,2120-119,39.021678,-8.794558,bp salvaterra de magos centro,bp,"en118, nr.194","2,039 €",2026-05-15_dgeg_postos_raw.csv,f77a0edf07659751
2026-05-15,2026-05-15 14:31:32,2026-05-15 00:00:00,af3a6cdf38e23d2f,af3a6cdf38e23d2f_gasoline_95,BP SALVATERRA DE MAGOS CENTRO,BP,gasoline_95,Gasolina simples 95,Outro,2.037,Salvaterra de Magos,Santarém,"EN118, Nr.194",Salvaterra de Magos,2120-119,39.021678,-8.794558,bp salvaterra de magos centro,bp,"en118, nr.194","2,037 €",2026-05-15_dgeg_postos_raw.csv,27e35c30b1c4c325
2026-05-15,2026-05-15 14:31:32,2026-05-15 00:00:00,af3a6cdf38e23d2f,af3a6cdf38e23d2f_diesel_premium,BP SALVATERRA DE MAGOS CENTRO,BP,diesel_premium,Gasóleo especial,Outro,2.229,Salvaterra de Magos,Santarém,"EN118, Nr.194",Salvaterra de Magos,2120-119,39.021678,-8.794558,bp salvaterra de magos centro,bp,"en118, nr.194","2,229 €",2026-05-15_dgeg_postos_raw.csv,5e583b39d3776136
2026-05-15,2026-05-15 14:31:32,2026-05-15 00:00:00,af3a6cdf38e23d2f,af3a6cdf38e23d2f_gasoline_98,BP SALVATERRA DE MAGOS CENTRO,BP,gasoline_98,Gasolina especial 98,Outro,2.299,Salvaterra de Magos,Santarém,"EN118, Nr.194",Salvaterra de Magos,2120-119,39.021678,-8.794558,bp salvaterra de magos centro,bp,"en118, nr.194","2,299 €",2026-05-15_dgeg_postos_raw.csv,424fbc5ecf10b189
2026-05-15,2026-05-15 14:31:32,2026-05-15 00:00:00,af242543fcf7c17f,af242543fcf7c17f_diesel_premium,Moeve Fogueteiro,MOEVE,diesel_premium,Gasóleo especial,Outro,1.966,Seixal,Setúbal,"ESTRADA NACIONAL 10, KM 10,330, LUGAR DE RIO JUDEU, FOGUETEIRO",Fogueteiro,2845-591,38.616413,-9.110457,moeve fogueteiro,moeve,"estrada nacional 10, km 10,330, lugar de rio judeu, fogueteiro","1,966 €",2026-05-15_dgeg_postos_raw.csv,c42bda0bb7d4cfad
2026-05-15,2026-05-15 14:31:32,2026-05-15 00:00:00,af242543fcf7c17f,af242543fcf7c17f_diesel_regular,Moeve Fogueteiro,MOEVE,diesel_regular,Gasóleo simples,Outro,1.916,Seixal,Setúbal,"ESTRADA NACIONAL 10, KM 10,330, LUGAR DE RIO JUDEU, FOGUETEIRO",Fogueteiro,2845-591,38.616413,-9.110457,moeve fogueteiro,moeve,"estrada nacional 10, km 10,330, lugar de rio judeu, fogueteiro","1,916 €",2026-05-15_dgeg_postos_raw.csv,2a525db0893f6dc2
2026-05-15,2026-05-15 14:31:32,2026-05-15 00:00:00,af242543fcf7c17f,af242543fcf7c17f_gasoline_95,Moeve Fogueteiro,MOEVE,gasoline_95,Gasolina simples 95,Outro,1.908,Seixal,Setúbal,"ESTRADA NACIONAL 10, KM 10,330, LUGAR DE RIO JUDEU, FOGUETEIRO",Fogueteiro,2845-591,38.616413,-9.110457,moeve fogueteiro,moeve,"estrada nacional 10, km 10,330, lugar de rio judeu, fogueteiro","1,908 €",2026-05-15_dgeg_postos_raw.csv,04dac6530932cfbe
2026-05-15,2026-05-15 14:31:32,2026-05-15 00:00:00,f678dfe5a5e7c827,f678dfe5a5e7c827_diesel_regular,BP Ferreiras,BP,diesel_regular,Gasóleo simples,Outro,2.109,Albufeira,Faro,"Avenida 12 de Julho, Vale Serves",Vale de Serves,8200-559,37.1255,-8.23372,bp ferreiras,bp,"avenida 12 de julho, vale serves","2,109 €",2026-05-15_dgeg_postos_raw.csv,1864c90052c8bdf0
2026-05-15,2026-05-15 14:31:32,2026-05-15 00:00:00,f678dfe5a5e7c827,f678dfe5a5e7c827_diesel_premium,BP Ferreiras,BP,diesel_premium,Gasóleo especial,Outro,2.229,Albufeira,Faro,"Avenida 12 de Julho, Vale Serves",Vale de Serves,8200-559,37.1255,-8.23372,bp ferreiras,bp,"avenida 12 de julho, vale serves","2,229 €",2026-05-15_dgeg_postos_raw.csv,807c74234ca1ba29
2026-05-15,2026-05-15 14:31:32,2026-05-15 00:00:00,f678dfe5a5e7c827,f678dfe5a5e7c827_gasoline_95,BP Ferreiras,BP,gasoline_95,Gasolina simples 95,Outro,2.099,Albufeira,Faro,"Avenida 12 de Julho, Vale Serves",Vale de Serves,8200-559,37.1255,-8.23372,bp ferreiras,bp,"avenida 12 de julho, vale serves","2,099 €",2026-05-15_dgeg_postos_raw.csv,e17b63d530d28f2a
2026-05-15,2026-05-15 14:31:32,2026-05-15 00:00:00,f678dfe5a5e7c827,f678dfe5a5e7c827_gasoline_98,BP Ferreiras,BP,gasoline_98,Gasolina especial 98,Outro,2.299,Albufeira,Faro,"Avenida 12 de Julho, Vale Serves",Vale de Serves,8200-559,37.1255,-8.23372,bp ferreiras,bp,"avenida 12 de julho, vale serves","2,299 €",2026-05-15_dgeg_postos_raw.csv,d4846bef0eb9d3d9
2026-05-15,2026-05-15 14:31:32,2026-05-15 00:00:00,219f969b6d106d98,219f969b6d106d98_diesel_regular,REPSOL Arruda dos Vinhos,REPSOL,diesel_regular,Gasóleo simples,Outro,2.079,Arruda dos Vinhos,Lisboa,Rua .Eng. Francisco Borges nº 18,Arruda dos Vinhos,2630-262,38.988396,-9.076428,repsol arruda dos vinhos,repsol,rua .eng. francisco borges nº 18,"2,079 €",2026-05-15_dgeg_postos_raw.csv,797f9204d1b18d4a
2026-05-15,2026-05-15 14:31:32,2026-05-15 00:00:00,219f969b6d106d98,219f969b6d106d98_diesel_premium,REPSOL Arruda dos Vinhos,REPSOL,diesel_premium,Gasóleo especial,Outro,2.149,Arruda dos Vinhos,Lisboa,Rua .Eng. Francisco Borges nº 18,Arruda dos Vinhos,2630-262,38.988396,-9.076428,repsol arruda dos vinhos,repsol,rua .eng. francisco borges nº 18,"2,149 €",2026-05-15_dgeg_postos_raw.csv,0ee863bc5b1dc8b9
2026-05-15,2026-05-15 14:31:32,2026-05-15 00:00:00,219f969b6d106d98,219f969b6d106d98_gasoline_95,REPSOL Arruda dos Vinhos,REPSOL,gasoline_95,Gasolina simples 95,Outro,2.067,Arruda dos Vinhos,Lisboa,Rua .Eng. Francisco Borges nº 18,Arruda dos Vinhos,2630-262,38.988396,-9.076428,repsol arruda dos vinhos,repsol,rua .eng. francisco borges nº 18,"2,067 €",2026-05-15_dgeg_postos_raw.csv,8d502a61887137c5
2026-05-15,2026-05-15 14:31:32,2026-05-15 00:00:00,07aa75d8b033e179,07aa75d8b033e179_diesel_regular,REPSOL Esgueira A,REPSOL,diesel_regular,Gasóleo simples,Outro,2.029,Aveiro,Aveiro,ESTRADA NACIONAL 109,Aveiro,3810-193,40.645477,-8.626972,repsol esgueira a,repsol,estrada nacional 109,"2,029 €",2026-05-15_dgeg_postos_raw.csv,a1ead9d2b146ea4f
2026-05-15,2026-05-15 14:31:32,2026-05-15 00:00:00,07aa75d8b033e179,07aa75d8b033e179_diesel_premium,REPSOL Esgueira A,REPSOL,diesel_premium,Gasóleo especial,Outro,2.089,Aveiro,Aveiro,ESTRADA NACIONAL 109,Aveiro,3810-193,40.645477,-8.626972,repsol esgueira a,repsol,estrada nacional 109,"2,089 €",2026-05-15_dgeg_postos_raw.csv,e67ab1dca988747c
2026-05-15,2026-05-15 14:31:32,2026-05-15 00:00:00,07aa75d8b033e179,07aa75d8b033e179_gasoline_95,REPSOL Esgueira A,REPSOL,gasoline_95,Gasolina simples 95,Outro,2.027,Aveiro,Aveiro,ESTRADA NACIONAL 109,Aveiro,3810-193,40.645477,-8.626972,repsol esgueira a,repsol,estrada nacional 109,"2,027 €",2026-05-15_dgeg_postos_raw.csv,bca286989bcd802c
2026-05-15,2026-05-15 14:31:32,2026-05-15 00:00:00,07aa75d8b033e179,07aa75d8b033e179_gasoline_98,REPSOL Esgueira A,REPSOL,gasoline_98,Gasolina especial 98,Outro,2.217,Aveiro,Aveiro,ESTRADA NACIONAL 109,Aveiro,3810-193,40.645477,-8.626972,repsol esgueira a,repsol,estrada nacional 109,"2,217 €",2026-05-15_dgeg_postos_raw.csv,2647adcad035d0c5
2026-05-15,2026-05-15 14:31:32,2026-05-15 00:00:00,4f500864d222d60b,4f500864d222d60b_diesel_regular,GALP Mortágua,GALP,diesel_regular,Gasóleo simples,Outro,2.015,Mortágua,Viseu,"Avenida Infante D. Henrique, 103A - Vale de Açores",Vale de Açores,3450-202,40.3902,-8.247742,galp mortágua,galp,"avenida infante d. henrique, 103a - vale de açores","2,015 €",2026-05-15_dgeg_postos_raw.csv,8b98327551fb256b
2026-05-15,2026-05-15 14:31:32,2026-05-15 00:00:00,4f500864d222d60b,4f500864d222d60b_diesel_premium,GALP Mortágua,GALP,diesel_premium,Gasóleo especial,Outro,2.065,Mortágua,Viseu,"Avenida Infante D. Henrique, 103A - Vale de Açores",Vale de Açores,3450-202,40.3902,-8.247742,galp mortágua,galp,"avenida infante d. henrique, 103a - vale de açores","2,065 €",2026-05-15_dgeg_postos_raw.csv,df7ea8e260408f3f
2026-05-15,2026-05-15 14:31:32,2026-05-15 00:00:00,4f500864d222d60b,4f500864d222d60b_gasoline_95,GALP Mortágua,GALP,gasoline_95,Gasolina simples 95,Outro,2.011,Mortágua,Viseu,"Avenida Infante D. Henrique, 103A - Vale de Açores",Vale de Açores,3450-202,40.3902,-8.247742,galp mortágua,galp,"avenida infante d. henrique, 103a - vale de açores","2,011 €",2026-05-15_dgeg_postos_raw.csv,bffa2d8a367c715f
2026-05-15,2026-05-15 14:31:32,2026-05-15 00:00:00,8460a9cca2ddefb2,8460a9cca2ddefb2_diesel_regular,REPSOL Aldeia da Ponte E0956,REPSOL,diesel_regular,Gasóleo simples,Outro,2.029,Sabugal,Guarda,EN 233 3,Aldeia da Ponte,6320-031,40.40975,-6.87469,repsol aldeia da ponte e0956,repsol,en 233 3,"2,029 €",2026-05-15_dgeg_postos_raw.csv,51524e2c9065e234
2026-05-15,2026-05-15 14:31:32,2026-05-15 00:00:00,8460a9cca2ddefb2,8460a9cca2ddefb2_diesel_premium,REPSOL Aldeia da Ponte E0956,REPSOL,diesel_premium,Gasóleo especial,Outro,2.089,Sabugal,Guarda,EN 233 3,Aldeia da Ponte,6320-031,40.40975,-6.87469,repsol aldeia da ponte e0956,repsol,en 233 3,"2,089 €",2026-05-15_dgeg_postos_raw.csv,a143ac946efb2888
2026-05-15,2026-05-15 14:31:32,2026-05-15 00:00:00,8460a9cca2ddefb2,8460a9cca2ddefb2_gasoline_95,REPSOL Aldeia da Ponte E0956,REPSOL,gasoline_95,Gasolina simples 95,Outro,2.027,Sabugal,Guarda,EN 233 3,Aldeia da Ponte,6320-031,40.40975,-6.87469,repsol aldeia da ponte e0956,repsol,en 233 3,"2,027 €",2026-05-15_dgeg_postos_raw.csv,11a6e593ac5e977e
2026-05-15,2026-05-15 14:31:32,2026-05-15 00:00:00,8460a9cca2ddefb2,8460a9cca2ddefb2_gasoline_98,REPSOL Aldeia da Ponte E0956,REPSOL,gasoline_98,Gasolina especial 98,Outro,2.217,Sabugal,Guarda,EN 233 3,Aldeia da Ponte,6320-031,40.40975,-6.87469,repsol aldeia da ponte e0956,repsol,en 233 3,"2,217 €",2026-05-15_dgeg_postos_raw.csv,2d2b5d13f716b23f
2026-05-15,2026-05-15 14:31:32,2026-05-15 00:00:00,ea778d34ce8f78e4,ea778d34ce8f78e4_diesel_regular,REPSOL Sabugal E0955,REPSOL,diesel_regular,Gasóleo simples,Outro,2.029,Sabugal,Guarda,Rua do Emigrante 2C Vale Carreta,Sabugal,6320-371,40.353645,-7.077114,repsol sabugal e0955,repsol,rua do emigrante 2c vale carreta,"2,029 €",2026-05-15_dgeg_postos_raw.csv,91958610b1b540cc
2026-05-15,2026-05-15 14:31:32,2026-05-15 00:00:00,ea778d34ce8f78e4,ea778d34ce8f78e4_diesel_premium,REPSOL Sabugal E0955,REPSOL,diesel_premium,Gasóleo especial,Outro,2.089,Sabugal,Guarda,Rua do Emigrante 2C Vale Carreta,Sabugal,6320-371,40.353645,-7.077114,repsol sabugal e0955,repsol,rua do emigrante 2c vale carreta,"2,089 €",2026-05-15_dgeg_postos_raw.csv,9ebb3c042924aceb
2026-05-15,2026-05-15 14:31:32,2026-05-15 00:00:00,ea778d34ce8f78e4,ea778d34ce8f78e4_gasoline_95,REPSOL Sabugal E0955,REPSOL,gasoline_95,Gasolina simples 95,Outro,2.027,Sabugal,Guarda,Rua do Emigrante 2C Vale Carreta,Sabugal,6320-371,40.353645,-7.077114,repsol sabugal e0955,repsol,rua do emigrante 2c vale carreta,"2,027 €",2026-05-15_dgeg_postos_raw.csv,7f7555a58fc29a17
2026-05-15,2026-05-15 14:31:32,2026-05-15 00:00:00,0b62b99ef237b409,0b62b99ef237b409_diesel_regular,REPSOL Vilar Formoso E0905,REPSOL,diesel_regular,Gasóleo simples,Outro,2.029,Almeida,Guarda,EN 16 (Av. Tílias),Vilar Formoso,6355-339,40.61075,-6.83067,repsol vilar formoso e0905,repsol,en 16 (av. tílias),"2,029 €",2026-05-15_dgeg_postos_raw.csv,e83d30de7324245a
2026-05-15,2026-05-15 14:31:32,2026-05-15 00:00:00,0b62b99ef237b409,0b62b99ef237b409_diesel_premium,REPSOL Vilar Formoso E0905,REPSOL,diesel_premium,Gasóleo especial,Outro,2.089,Almeida,Guarda,EN 16 (Av. Tílias),Vilar Formoso,6355-339,40.61075,-6.83067,repsol vilar formoso e0905,repsol,en 16 (av. tílias),"2,089 €",2026-05-15_dgeg_postos_raw.csv,d88ddf68b1287e8c
2026-05-15,2026-05-15 14:31:32,2026-05-15 00:00:00,0b62b99ef237b409,0b62b99ef237b409_gasoline_95,REPSOL Vilar Formoso E0905,REPSOL,gasoline_95,Gasolina simples 95,Outro,2.027,Almeida,Guarda,EN 16 (Av. Tílias),Vilar Formoso,6355-339,40.61075,-6.83067,repsol vilar formoso e0905,repsol,en 16 (av. tílias),"2,027 €",2026-05-15_dgeg_postos_raw.csv,a5be995aa2963f9c
2026-05-15,2026-05-15 14:31:32,2026-05-15 00:00:00,a2336d45f0bf0925,a2336d45f0bf0925_gasoline_98,Ilídio Mota - Padim Graça,CEPSA,gasoline_98,Gasolina especial 98,Outro,2.24,Braga,Braga,"Avenida do Assento, Nº44 - Padim da Graça",Padim da Graça,4700-646,41.56754,-8.484898,ilídio mota - padim graça,cepsa,"avenida do assento, nº44 - padim da graça","2,240 €",2026-05-15_dgeg_postos_raw.csv,47f8d33d43f1a4da
2026-05-15,2026-05-15 14:31:32,2026-05-15 00:00:00,faa1d747a6138d5d,faa1d747a6138d5d_diesel_regular,Posto Abastecimento REPSOL-BARCELINHOS,REPSOL,diesel_regular,Gasóleo simples,Outro,2.029,Barcelos,Braga,Lugar de Mereces-Barcelinhos,Barcelos,4755-064,41.5199,-8.63303,posto abastecimento repsol-barcelinhos,repsol,lugar de mereces-barcelinhos,"2,029 €",2026-05-15_dgeg_postos_raw.csv,a4e886237f2d0c52
2026-05-15,2026-05-15 14:31:32,2026-05-15 00:00:00,faa1d747a6138d5d,faa1d747a6138d5d_diesel_premium,Posto Abastecimento REPSOL-BARCELINHOS,REPSOL,diesel_premium,Gasóleo especial,Outro,2.099,Barcelos,Braga,Lugar de Mereces-Barcelinhos,Barcelos,4755-064,41.5199,-8.63303,posto abastecimento repsol-barcelinhos,repsol,lugar de mereces-barcelinhos,"2,099 €",2026-05-15_dgeg_postos_raw.csv,2178d0ec3e873157
2026-05-15,2026-05-15 14:31:32,2026-05-15 00:00:00,faa1d747a6138d5d,faa1d747a6138d5d_gasoline_95,Posto Abastecimento REPSOL-BARCELINHOS,REPSOL,gasoline_95,Gasolina simples 95,Outro,2.027,Barcelos,Braga,Lugar de Mereces-Barcelinhos,Barcelos,4755-064,41.5199,-8.63303,posto abastecimento repsol-barcelinhos,repsol,lugar de mereces-barcelinhos,"2,027 €",2026-05-15_dgeg_postos_raw.csv,a568d9724bf507b4
2026-05-15,2026-05-15 14:31:32,2026-05-15 00:00:00,22a2820c9acfa7ce,22a2820c9acfa7ce_gasoline_98,"BP - GUISANDE, S.M. FEIRA",BP,gasoline_98,Gasolina especial 98,Outro,2.299,Santa Maria da Feira,Aveiro,Rua de Fornos nº370,Guisande,4525-323,40.9781,-8.48164,"bp - guisande, s.m. feira",bp,rua de fornos nº370,"2,299 €",2026-05-15_dgeg_postos_raw.csv,14169dad84d41c7f
2026-05-15,2026-05-15 14:31:32,2026-05-15 00:00:00,53549af17abfabd1,53549af17abfabd1_diesel_premium,BP Ponte de Lima - A27,BP,diesel_premium,Gasóleo especial,Outro,2.229,Ponte de Lima,Viana do Castelo,"Rua Chão de Agueiros, nº114",Sabadão - Arcozelo,4990-256,41.783924,-8.602038,bp ponte de lima - a27,bp,"rua chão de agueiros, nº114","2,229 €",2026-05-15_dgeg_postos_raw.csv,43e722feee754bf4
2026-05-15,2026-05-15 14:31:32,2026-05-15 00:00:00,53549af17abfabd1,53549af17abfabd1_diesel_regular,BP Ponte de Lima - A27,BP,diesel_regular,Gasóleo simples,Outro,2.089,Ponte de Lima,Viana do Castelo,"Rua Chão de Agueiros, nº114",Sabadão - Arcozelo,4990-256,41.783924,-8.602038,bp ponte de lima - a27,bp,"rua chão de agueiros, nº114","2,089 €",2026-05-15_dgeg_postos_raw.csv,4b4d1e481b85b1e6
2026-05-15,2026-05-15 14:31:32,2026-05-15 00:00:00,53549af17abfabd1,53549af17abfabd1_gasoline_98,BP Ponte de Lima - A27,BP,gasoline_98,Gasolina especial 98,Outro,2.299,Ponte de Lima,Viana do Castelo,"Rua Chão de Agueiros, nº114",Sabadão - Arcozelo,4990-256,41.783924,-8.602038,bp ponte de lima - a27,bp,"rua chão de agueiros, nº114","2,299 €",2026-05-15_dgeg_postos_raw.csv,ce7e018246213374
2026-05-15,2026-05-15 14:31:32,2026-05-15 00:00:00,53549af17abfabd1,53549af17abfabd1_gasoline_95,BP Ponte de Lima - A27,BP,gasoline_95,Gasolina simples 95,Outro,2.079,Ponte de Lima,Viana do Castelo,"Rua Chão de Agueiros, nº114",Sabadão - Arcozelo,4990-256,41.783924,-8.602038,bp ponte de lima - a27,bp,"rua chão de agueiros, nº114","2,079 €",2026-05-15_dgeg_postos_raw.csv,2f529a96d9f9b495
2026-05-15,2026-05-15 14:31:32,2026-05-15 00:00:00,9fbe15a71ada3d2c,9fbe15a71ada3d2c_diesel_regular,REPSOL Vila das Aves A (Negrelos),Genérico,diesel_regular,Gasóleo simples,Outro,2.019,Santo Tirso,Porto,Avenida da Indústria Textil  590,São Tomé,4795-548,41.35513,-8.40698,repsol vila das aves a (negrelos),genérico,avenida da indústria textil 590,"2,019 €",2026-05-15_dgeg_postos_raw.csv,84421db7df947cd9
2026-05-15,2026-05-15 14:31:32,2026-05-15 00:00:00,9fbe15a71ada3d2c,9fbe15a71ada3d2c_diesel_premium,REPSOL Vila das Aves A (Negrelos),Genérico,diesel_premium,Gasóleo especial,Outro,2.069,Santo Tirso,Porto,Avenida da Indústria Textil  590,São Tomé,4795-548,41.35513,-8.40698,repsol vila das aves a (negrelos),genérico,avenida da indústria textil 590,"2,069 €",2026-05-15_dgeg_postos_raw.csv,0f546dbf96b92a9a
2026-05-15,2026-05-15 14:31:32,2026-05-15 00:00:00,9fbe15a71ada3d2c,9fbe15a71ada3d2c_gasoline_95,REPSOL Vila das Aves A (Negrelos),Genérico,gasoline_95,Gasolina simples 95,Outro,2.017,Santo Tirso,Porto,Avenida da Indústria Textil  590,São Tomé,4795-548,41.35513,-8.40698,repsol vila das aves a (negrelos),genérico,avenida da indústria textil 590,"2,017 €",2026-05-15_dgeg_postos_raw.csv,137b231971dcff75
2026-05-15,2026-05-15 14:31:32,2026-05-15 00:00:00,9fbe15a71ada3d2c,9fbe15a71ada3d2c_gasoline_98,REPSOL Vila das Aves A (Negrelos),Genérico,gasoline_98,Gasolina especial 98,Outro,2.197,Santo Tirso,Porto,Avenida da Indústria Textil  590,São Tomé,4795-548,41.35513,-8.40698,repsol vila das aves a (negrelos),genérico,avenida da indústria textil 590,"2,197 €",2026-05-15_dgeg_postos_raw.csv,63ef248fd6791e5a
2026-05-15,2026-05-15 14:31:32,2026-05-15 00:00:00,6127de3013deba9e,6127de3013deba9e_diesel_regular,REPSOL VIla das Aves B (Negrelos),Genérico,diesel_regular,Gasóleo simples,Outro,2.019,Santo Tirso,Porto,"Avenida Indústria Textil, 650",São Tomé,4795-548,41.3549,-8.406816,repsol vila das aves b (negrelos),genérico,"avenida indústria textil, 650","2,019 €",2026-05-15_dgeg_postos_raw.csv,a9c53664ee6efe44
2026-05-15,2026-05-15 14:31:32,2026-05-15 00:00:00,6127de3013deba9e,6127de3013deba9e_diesel_premium,REPSOL VIla das Aves B (Negrelos),Genérico,diesel_premium,Gasóleo especial,Outro,2.069,Santo Tirso,Porto,"Avenida Indústria Textil, 650",São Tomé,4795-548,41.3549,-8.406816,repsol vila das aves b (negrelos),genérico,"avenida indústria textil, 650","2,069 €",2026-05-15_dgeg_postos_raw.csv,3171f6f8f1f14ffe
2026-05-15,2026-05-15 14:31:32,2026-05-15 00:00:00,6127de3013deba9e,6127de3013deba9e_gasoline_95,REPSOL VIla das Aves B (Negrelos),Genérico,gasoline_95,Gasolina simples 95,Outro,2.017,Santo Tirso,Porto,"Avenida Indústria Textil, 650",São Tomé,4795-548,41.3549,-8.406816,repsol vila das aves b (negrelos),genérico,"avenida indústria textil, 650","2,017 €",2026-05-15_dgeg_postos_raw.csv,e4ce06fa688b5571
2026-05-15,2026-05-15 14:31:32,2026-05-15 00:00:00,05f7088345431f2f,05f7088345431f2f_diesel_regular,REPSOL Famalicao Sul,REPSOL,diesel_regular,Gasóleo simples,Outro,2.019,Vila Nova de Famalicão,Braga,Av D Afonso Henriques EN 14 km 24500 LE,Vila Nova de Famalicão,4760-281,41.38188,-8.53853,repsol famalicao sul,repsol,av d afonso henriques en 14 km 24500 le,"2,019 €",2026-05-15_dgeg_postos_raw.csv,f808fc579e052818
2026-05-15,2026-05-15 14:31:32,2026-05-15 00:00:00,05f7088345431f2f,05f7088345431f2f_gasoline_95,REPSOL Famalicao Sul,REPSOL,gasoline_95,Gasolina simples 95,Outro,2.017,Vila Nova de Famalicão,Braga,Av D Afonso Henriques EN 14 km 24500 LE,Vila Nova de Famalicão,4760-281,41.38188,-8.53853,repsol famalicao sul,repsol,av d afonso henriques en 14 km 24500 le,"2,017 €",2026-05-15_dgeg_postos_raw.csv,b45a6c9f4bca222c
2026-05-15,2026-05-15 14:31:32,2026-05-15 00:00:00,05f7088345431f2f,05f7088345431f2f_diesel_premium,REPSOL Famalicao Sul,REPSOL,diesel_premium,Gasóleo especial,Outro,2.089,Vila Nova de Famalicão,Braga,Av D Afonso Henriques EN 14 km 24500 LE,Vila Nova de Famalicão,4760-281,41.38188,-8.53853,repsol famalicao sul,repsol,av d afonso henriques en 14 km 24500 le,"2,089 €",2026-05-15_dgeg_postos_raw.csv,5031e9ce2b5432f7
2026-05-15,2026-05-15 14:31:32,2026-05-15 00:00:00,9648e099ad1b8d6b,9648e099ad1b8d6b_diesel_regular,BP Tojal,BP,diesel_regular,Gasóleo simples,Outro,2.109,Loures,Lisboa,"Rua Maria Amália Vaz de Carvalho, Casal da Confeiteira",Santo Antão do Tojal,2660-194,38.854717,-9.146946,bp tojal,bp,"rua maria amália vaz de carvalho, casal da confeiteira","2,109 €",2026-05-15_dgeg_postos_raw.csv,012a25989c649a7a
2026-05-15,2026-05-15 14:31:32,2026-05-15 00:00:00,9648e099ad1b8d6b,9648e099ad1b8d6b_gasoline_95,BP Tojal,BP,gasoline_95,Gasolina simples 95,Outro,2.099,Loures,Lisboa,"Rua Maria Amália Vaz de Carvalho, Casal da Confeiteira",Santo Antão do Tojal,2660-194,38.854717,-9.146946,bp tojal,bp,"rua maria amália vaz de carvalho, casal da confeiteira","2,099 €",2026-05-15_dgeg_postos_raw.csv,318795aaec9a1d49
2026-05-15,2026-05-15 14:31:32,2026-05-15 00:00:00,9648e099ad1b8d6b,9648e099ad1b8d6b_diesel_premium,BP Tojal,BP,diesel_premium,Gasóleo especial,Outro,2.229,Loures,Lisboa,"Rua Maria Amália Vaz de Carvalho, Casal da Confeiteira",Santo Antão do Tojal,2660-194,38.854717,-9.146946,bp tojal,bp,"rua maria amália vaz de carvalho, casal da confeiteira","2,229 €",2026-05-15_dgeg_postos_raw.csv,82b920e9c69eba12
2026-05-15,2026-05-15 14:31:32,2026-05-15 00:00:00,9648e099ad1b8d6b,9648e099ad1b8d6b_gasoline_98,BP Tojal,BP,gasoline_98,Gasolina especial 98,Outro,2.299,Loures,Lisboa,"Rua Maria Amália Vaz de Carvalho, Casal da Confeiteira",Santo Antão do Tojal,2660-194,38.854717,-9.146946,bp tojal,bp,"rua maria amália vaz de carvalho, casal da confeiteira","2,299 €",2026-05-15_dgeg_postos_raw.csv,4e3746eafe74413b
2026-05-15,2026-05-15 14:31:32,2026-05-15 00:00:00,ef9d5a91b9a7dbd9,ef9d5a91b9a7dbd9_diesel_regular,REPSOL Souto,REPSOL,diesel_regular,Gasóleo simples,Outro,2.009,Sabugal,Guarda,Rua do Pinhal nº 45,Souto,6320-680,40.353424,-6.969783,repsol souto,repsol,rua do pinhal nº 45,"2,009 €",2026-05-15_dgeg_postos_raw.csv,b96d5fbdbc009118
2026-05-15,2026-05-15 14:31:32,2026-05-15 00:00:00,ef9d5a91b9a7dbd9,ef9d5a91b9a7dbd9_gasoline_95,REPSOL Souto,REPSOL,gasoline_95,Gasolina simples 95,Outro,2.027,Sabugal,Guarda,Rua do Pinhal nº 45,Souto,6320-680,40.353424,-6.969783,repsol souto,repsol,rua do pinhal nº 45,"2,027 €",2026-05-15_dgeg_postos_raw.csv,96c57a35ea783bee
2026-05-15,2026-05-15 14:31:32,2026-05-15 00:00:00,ef9d5a91b9a7dbd9,ef9d5a91b9a7dbd9_diesel_premium,REPSOL Souto,REPSOL,diesel_premium,Gasóleo especial,Outro,2.069,Sabugal,Guarda,Rua do Pinhal nº 45,Souto,6320-680,40.353424,-6.969783,repsol souto,repsol,rua do pinhal nº 45,"2,069 €",2026-05-15_dgeg_postos_raw.csv,64267790b6764e41
2026-05-15,2026-05-15 14:31:32,2026-05-15 00:00:00,23fac21829217868,23fac21829217868_diesel_regular,GEAR  Freixedas,ILÍDIO MOTA,diesel_regular,Gasóleo simples,Outro,1.959,Pinhel,Guarda,EN  221 - Fonte Leonor - Freixedas,Freixedas,6400-212,40.679325,-7.159523,gear freixedas,ilídio mota,en 221 - fonte leonor - freixedas,"1,959 €",2026-05-15_dgeg_postos_raw.csv,650d6a3c0f85926a
2026-05-15,2026-05-15 14:31:32,2026-05-15 00:00:00,23fac21829217868,23fac21829217868_gasoline_95,GEAR  Freixedas,ILÍDIO MOTA,gasoline_95,Gasolina simples 95,Outro,1.989,Pinhel,Guarda,EN  221 - Fonte Leonor - Freixedas,Freixedas,6400-212,40.679325,-7.159523,gear freixedas,ilídio mota,en 221 - fonte leonor - freixedas,"1,989 €",2026-05-15_dgeg_postos_raw.csv,eced3625d782020c
2026-05-15,2026-05-15 14:31:32,2026-05-15 00:00:00,23fac21829217868,23fac21829217868_diesel_premium,GEAR  Freixedas,ILÍDIO MOTA,diesel_premium,Gasóleo especial,Outro,1.999,Pinhel,Guarda,EN  221 - Fonte Leonor - Freixedas,Freixedas,6400-212,40.679325,-7.159523,gear freixedas,ilídio mota,en 221 - fonte leonor - freixedas,"1,999 €",2026-05-15_dgeg_postos_raw.csv,0303bafc26f198d4
2026-05-15,2026-05-15 14:31:32,2026-05-15 00:00:00,dcfe4997c1ee922a,dcfe4997c1ee922a_diesel_regular,BP Gondomar Estrada D. Miguel,BP,diesel_regular,Gasóleo simples,Outro,2.109,Gondomar,Porto,Estrada Dom Miguel,São Pedro da Cova,4510-249,41.137436,-8.518573,bp gondomar estrada d. miguel,bp,estrada dom miguel,"2,109 €",2026-05-15_dgeg_postos_raw.csv,959d3eebbbc1f646
2026-05-15,2026-05-15 14:31:32,2026-05-15 00:00:00,dcfe4997c1ee922a,dcfe4997c1ee922a_gasoline_95,BP Gondomar Estrada D. Miguel,BP,gasoline_95,Gasolina simples 95,Outro,2.099,Gondomar,Porto,Estrada Dom Miguel,São Pedro da Cova,4510-249,41.137436,-8.518573,bp gondomar estrada d. miguel,bp,estrada dom miguel,"2,099 €",2026-05-15_dgeg_postos_raw.csv,f058f9ffee04f8f8
2026-05-15,2026-05-15 14:31:32,2026-05-15 00:00:00,dcfe4997c1ee922a,dcfe4997c1ee922a_diesel_premium,BP Gondomar Estrada D. Miguel,BP,diesel_premium,Gasóleo especial,Outro,2.229,Gondomar,Porto,Estrada Dom Miguel,São Pedro da Cova,4510-249,41.137436,-8.518573,bp gondomar estrada d. miguel,bp,estrada dom miguel,"2,229 €",2026-05-15_dgeg_postos_raw.csv,7b200cb7966ad46e
2026-05-15,2026-05-15 14:31:32,2026-05-15 00:00:00,dcfe4997c1ee922a,dcfe4997c1ee922a_gasoline_98,BP Gondomar Estrada D. Miguel,BP,gasoline_98,Gasolina especial 98,Outro,2.299,Gondomar,Porto,Estrada Dom Miguel,São Pedro da Cova,4510-249,41.137436,-8.518573,bp gondomar estrada d. miguel,bp,estrada dom miguel,"2,299 €",2026-05-15_dgeg_postos_raw.csv,e0a9c173c4046849
2026-05-15,2026-05-15 14:31:32,2026-05-15 00:00:00,438d05db4df7a233,438d05db4df7a233_gasoline_98,PA CEPSA Portela - Requião,CEPSA,gasoline_98,Gasolina especial 98,Outro,2.18,Vila Nova de Famalicão,Braga,"AV. São Silvestre de Requião, Nº2561 – Famalicão",Requião,4770-460,41.41369,-8.464051,pa cepsa portela - requião,cepsa,"av. são silvestre de requião, nº2561 – famalicão","2,180 €",2026-05-15_dgeg_postos_raw.csv,cfb1d7968f1f79d3
2026-05-15,2026-05-15 14:31:32,2026-05-15 00:00:00,1ef09527ffd3e6d7,1ef09527ffd3e6d7_gasoline_98,BP Ponte de Lima - Arcozelo,BP,gasoline_98,Gasolina especial 98,Outro,2.299,Ponte de Lima,Viana do Castelo,EN 306,Faldejães-Arcozelo,4990-240,41.783,-8.586331,bp ponte de lima - arcozelo,bp,en 306,"2,299 €",2026-05-15_dgeg_postos_raw.csv,06118dcd36bf931b
2026-05-15,2026-05-15 14:31:32,2026-05-15 00:00:00,5aa0b7215f275181,5aa0b7215f275181_gasoline_98,BP Marinha Grande,BP,gasoline_98,Gasolina especial 98,Outro,2.299,Marinha Grande,Leiria,Av. Dr. José Henriques Vareda nº8,Marinha Grande,2430-307,39.745975,-8.934596,bp marinha grande,bp,av. dr. josé henriques vareda nº8,"2,299 €",2026-05-15_dgeg_postos_raw.csv,8820613939dc5891
2026-05-15,2026-05-15 14:31:32,2026-05-15 00:05:00,61614689a36a0a62,61614689a36a0a62_diesel_premium,ARM Portimão,GALP,diesel_premium,Gasóleo especial,Outro,2.075,Portimão,Faro,R. DAS PAPOILAS- CAB. MOCHO,Portimão,8500-313,37.1513,-8.55209,arm portimão,galp,r. das papoilas- cab. mocho,"2,075 €",2026-05-15_dgeg_postos_raw.csv,dae83aca48e341c1
2026-05-15,2026-05-15 14:31:32,2026-05-15 00:05:00,61614689a36a0a62,61614689a36a0a62_diesel_regular,ARM Portimão,GALP,diesel_regular,Gasóleo simples,Outro,2.025,Portimão,Faro,R. DAS PAPOILAS- CAB. MOCHO,Portimão,8500-313,37.1513,-8.55209,arm portimão,galp,r. das papoilas- cab. mocho,"2,025 €",2026-05-15_dgeg_postos_raw.csv,caad9e09dce9d879
2026-05-15,2026-05-15 14:31:32,2026-05-15 00:05:00,61614689a36a0a62,61614689a36a0a62_gasoline_95,ARM Portimão,GALP,gasoline_95,Gasolina simples 95,Outro,2.021,Portimão,Faro,R. DAS PAPOILAS- CAB. MOCHO,Portimão,8500-313,37.1513,-8.55209,arm portimão,galp,r. das papoilas- cab. mocho,"2,021 €",2026-05-15_dgeg_postos_raw.csv,9434e88ffb1c7b78
2026-05-15,2026-05-15 14:31:32,2026-05-15 00:05:00,374f5bda63e2a53a,374f5bda63e2a53a_diesel_premium,"TFGest, lda Trofa",GALP,diesel_premium,Gasóleo especial,Outro,2.079,Trofa,Porto,"EN 104 Km 18,8 (Rua Marquês de Pombal)",São Martinho de Bougado,4785-173,41.337287,-8.533022,"tfgest, lda trofa",galp,"en 104 km 18,8 (rua marquês de pombal)","2,079 €",2026-05-15_dgeg_postos_raw.csv,08ffb0eea0003206
2026-05-15,2026-05-15 14:31:32,2026-05-15 00:05:00,374f5bda63e2a53a,374f5bda63e2a53a_diesel_regular,"TFGest, lda Trofa",GALP,diesel_regular,Gasóleo simples,Outro,2.029,Trofa,Porto,"EN 104 Km 18,8 (Rua Marquês de Pombal)",São Martinho de Bougado,4785-173,41.337287,-8.533022,"tfgest, lda trofa",galp,"en 104 km 18,8 (rua marquês de pombal)","2,029 €",2026-05-15_dgeg_postos_raw.csv,26176691f1b8c366
2026-05-15,2026-05-15 14:31:32,2026-05-15 00:05:00,374f5bda63e2a53a,374f5bda63e2a53a_gasoline_98,"TFGest, lda Trofa",GALP,gasoline_98,Gasolina especial 98,Outro,2.236,Trofa,Porto,"EN 104 Km 18,8 (Rua Marquês de Pombal)",São Martinho de Bougado,4785-173,41.337287,-8.533022,"tfgest, lda trofa",galp,"en 104 km 18,8 (rua marquês de pombal)","2,236 €",2026-05-15_dgeg_postos_raw.csv,8b80898355480cbb
2026-05-15,2026-05-15 14:31:32,2026-05-15 00:05:00,374f5bda63e2a53a,374f5bda63e2a53a_gasoline_95,"TFGest, lda Trofa",GALP,gasoline_95,Gasolina simples 95,Outro,2.026,Trofa,Porto,"EN 104 Km 18,8 (Rua Marquês de Pombal)",São Martinho de Bougado,4785-173,41.337287,-8.533022,"tfgest, lda trofa",galp,"en 104 km 18,8 (rua marquês de pombal)","2,026 €",2026-05-15_dgeg_postos_raw.csv,61c332f5e2e016a3
2026-05-15,2026-05-15 14:31:32,2026-05-15 00:05:00,7d1c946ed16dcfe1,7d1c946ed16dcfe1_diesel_premium,"CHAMAGEST,LDA",GALP,diesel_premium,Gasóleo especial,Outro,2.129,Bragança,Bragança,Alto das Cantarias,Alto das Cantarias,5300-851,41.786639,-6.77449,"chamagest,lda",galp,alto das cantarias,"2,129 €",2026-05-15_dgeg_postos_raw.csv,b1fd14d98f46c356
2026-05-15,2026-05-15 14:31:32,2026-05-15 00:05:00,7d1c946ed16dcfe1,7d1c946ed16dcfe1_diesel_regular,"CHAMAGEST,LDA",GALP,diesel_regular,Gasóleo simples,Outro,2.079,Bragança,Bragança,Alto das Cantarias,Alto das Cantarias,5300-851,41.786639,-6.77449,"chamagest,lda",galp,alto das cantarias,"2,079 €",2026-05-15_dgeg_postos_raw.csv,f84befb09ad44830
2026-05-15,2026-05-15 14:31:32,2026-05-15 00:05:00,7d1c946ed16dcfe1,7d1c946ed16dcfe1_gasoline_95,"CHAMAGEST,LDA",GALP,gasoline_95,Gasolina simples 95,Outro,2.072,Bragança,Bragança,Alto das Cantarias,Alto das Cantarias,5300-851,41.786639,-6.77449,"chamagest,lda",galp,alto das cantarias,"2,072 €",2026-05-15_dgeg_postos_raw.csv,c71ecfc1afac176c
2026-05-15,2026-05-15 14:31:32,2026-05-15 00:05:00,6f83b26ae6618dcd,6f83b26ae6618dcd_diesel_premium,"Anibal Antunes Bandeira,LDA",GALP,diesel_premium,Gasóleo especial,Outro,2.065,Coimbra,Coimbra,Av.ª Vale das Flores,Coimbra,3030-486,40.19554,-8.40888,"anibal antunes bandeira,lda",galp,av.ª vale das flores,"2,065 €",2026-05-15_dgeg_postos_raw.csv,1cf7d36b2d43d493
2026-05-15,2026-05-15 14:31:32,2026-05-15 00:05:00,6f83b26ae6618dcd,6f83b26ae6618dcd_diesel_regular,"Anibal Antunes Bandeira,LDA",GALP,diesel_regular,Gasóleo simples,Outro,2.015,Coimbra,Coimbra,Av.ª Vale das Flores,Coimbra,3030-486,40.19554,-8.40888,"anibal antunes bandeira,lda",galp,av.ª vale das flores,"2,015 €",2026-05-15_dgeg_postos_raw.csv,1db6ecc9e4ed526e
2026-05-15,2026-05-15 14:31:32,2026-05-15 00:05:00,6f83b26ae6618dcd,6f83b26ae6618dcd_gasoline_95,"Anibal Antunes Bandeira,LDA",GALP,gasoline_95,Gasolina simples 95,Outro,2.021,Coimbra,Coimbra,Av.ª Vale das Flores,Coimbra,3030-486,40.19554,-8.40888,"anibal antunes bandeira,lda",galp,av.ª vale das flores,"2,021 €",2026-05-15_dgeg_postos_raw.csv,cf3bb571a0bc1eba
2026-05-15,2026-05-15 14:31:32,2026-05-15 00:05:00,c5241a62151bf81e,c5241a62151bf81e_diesel_premium,"TFGest, Gestão e Comercio de Produtos Petrolíferos, Lda",GALP,diesel_premium,Gasóleo especial,Outro,2.069,Santo Tirso,Porto,Av. de Poldrães nº 275 (EN 105),Vila das Aves,4795-006,41.36296,-8.39814,"tfgest, gestão e comercio de produtos petrolíferos, lda",galp,av. de poldrães nº 275 (en 105),"2,069 €",2026-05-15_dgeg_postos_raw.csv,ef404aeacf229c1f
2026-05-15,2026-05-15 14:31:32,2026-05-15 00:05:00,c5241a62151bf81e,c5241a62151bf81e_diesel_regular,"TFGest, Gestão e Comercio de Produtos Petrolíferos, Lda",GALP,diesel_regular,Gasóleo simples,Outro,2.019,Santo Tirso,Porto,Av. de Poldrães nº 275 (EN 105),Vila das Aves,4795-006,41.36296,-8.39814,"tfgest, gestão e comercio de produtos petrolíferos, lda",galp,av. de poldrães nº 275 (en 105),"2,019 €",2026-05-15_dgeg_postos_raw.csv,1a97c500b0009808
2026-05-15,2026-05-15 14:31:32,2026-05-15 00:05:00,c5241a62151bf81e,c5241a62151bf81e_gasoline_98,"TFGest, Gestão e Comercio de Produtos Petrolíferos, Lda",GALP,gasoline_98,Gasolina especial 98,Outro,2.227,Santo Tirso,Porto,Av. de Poldrães nº 275 (EN 105),Vila das Aves,4795-006,41.36296,-8.39814,"tfgest, gestão e comercio de produtos petrolíferos, lda",galp,av. de poldrães nº 275 (en 105),"2,227 €",2026-05-15_dgeg_postos_raw.csv,d9e1e9db3638da39
2026-05-15,2026-05-15 14:31:32,2026-05-15 00:05:00,c5241a62151bf81e,c5241a62151bf81e_gasoline_95,"TFGest, Gestão e Comercio de Produtos Petrolíferos, Lda",GALP,gasoline_95,Gasolina simples 95,Outro,2.017,Santo Tirso,Porto,Av. de Poldrães nº 275 (EN 105),Vila das Aves,4795-006,41.36296,-8.39814,"tfgest, gestão e comercio de produtos petrolíferos, lda",galp,av. de poldrães nº 275 (en 105),"2,017 €",2026-05-15_dgeg_postos_raw.csv,314950b785d81f78
2026-05-15,2026-05-15 14:31:32,2026-05-15 00:05:00,9198d5509a2d21d4,9198d5509a2d21d4_diesel_premium,"J. M. Cordeiro, Lda. - Torres Novas, Retail Park",GALP,diesel_premium,Gasóleo especial,Outro,2.065,Torres Novas,Santarém,Rua da Tonova,Torres Novas,2350-484,39.463374,-8.531119,"j. m. cordeiro, lda. - torres novas, retail park",galp,rua da tonova,"2,065 €",2026-05-15_dgeg_postos_raw.csv,b4c014a75c281784
2026-05-15,2026-05-15 14:31:32,2026-05-15 00:05:00,9198d5509a2d21d4,9198d5509a2d21d4_diesel_regular,"J. M. Cordeiro, Lda. - Torres Novas, Retail Park",GALP,diesel_regular,Gasóleo simples,Outro,2.015,Torres Novas,Santarém,Rua da Tonova,Torres Novas,2350-484,39.463374,-8.531119,"j. m. cordeiro, lda. - torres novas, retail park",galp,rua da tonova,"2,015 €",2026-05-15_dgeg_postos_raw.csv,fde8726edef5bc27
2026-05-15,2026-05-15 14:31:32,2026-05-15 00:05:00,9198d5509a2d21d4,9198d5509a2d21d4_gasoline_95,"J. M. Cordeiro, Lda. - Torres Novas, Retail Park",GALP,gasoline_95,Gasolina simples 95,Outro,2.011,Torres Novas,Santarém,Rua da Tonova,Torres Novas,2350-484,39.463374,-8.531119,"j. m. cordeiro, lda. - torres novas, retail park",galp,rua da tonova,"2,011 €",2026-05-15_dgeg_postos_raw.csv,cdfd548952509eae
2026-05-15,2026-05-15 14:31:32,2026-05-15 00:05:00,26fbd271e4abc089,26fbd271e4abc089_diesel_premium,"J. M. Cordeiro, Lda. - Forum Coimbra",GALP,diesel_premium,Gasóleo especial,Outro,2.065,Coimbra,Coimbra,Av. José Bonifácio de Andrade e Silva,Coimbra,3040-193,40.209553,-8.444831,"j. m. cordeiro, lda. - forum coimbra",galp,av. josé bonifácio de andrade e silva,"2,065 €",2026-05-15_dgeg_postos_raw.csv,992f2d71613db26c
2026-05-15,2026-05-15 14:31:32,2026-05-15 00:05:00,26fbd271e4abc089,26fbd271e4abc089_diesel_regular,"J. M. Cordeiro, Lda. - Forum Coimbra",GALP,diesel_regular,Gasóleo simples,Outro,2.015,Coimbra,Coimbra,Av. José Bonifácio de Andrade e Silva,Coimbra,3040-193,40.209553,-8.444831,"j. m. cordeiro, lda. - forum coimbra",galp,av. josé bonifácio de andrade e silva,"2,015 €",2026-05-15_dgeg_postos_raw.csv,4e24db2de87edb13
2026-05-15,2026-05-15 14:31:32,2026-05-15 00:05:00,26fbd271e4abc089,26fbd271e4abc089_gasoline_95,"J. M. Cordeiro, Lda. - Forum Coimbra",GALP,gasoline_95,Gasolina simples 95,Outro,2.011,Coimbra,Coimbra,Av. José Bonifácio de Andrade e Silva,Coimbra,3040-193,40.209553,-8.444831,"j. m. cordeiro, lda. - forum coimbra",galp,av. josé bonifácio de andrade e silva,"2,011 €",2026-05-15_dgeg_postos_raw.csv,a85c33648f346a37
2026-05-15,2026-05-15 14:31:32,2026-05-15 00:05:00,d8ab6ee4f682a8b1,d8ab6ee4f682a8b1_diesel_regular,INTERMARCHE MARACHIQUE ALVOR,INTERMARCHÉ,diesel_regular,Gasóleo simples,Área comercial (Hipermercados),1.828,Portimão,Faro,ESTRADA DE ALVOR ED. INTERMARCHE ALVOR,ALVOR,8500-071,37.13041,-8.57552,intermarche marachique alvor,intermarché,estrada de alvor ed. intermarche alvor,"1,828 €",2026-05-15_dgeg_postos_raw.csv,de9429828f043f24
2026-05-15,2026-05-15 14:31:32,2026-05-15 00:05:00,d8ab6ee4f682a8b1,d8ab6ee4f682a8b1_gasoline_95,INTERMARCHE MARACHIQUE ALVOR,INTERMARCHÉ,gasoline_95,Gasolina simples 95,Área comercial (Hipermercados),1.888,Portimão,Faro,ESTRADA DE ALVOR ED. INTERMARCHE ALVOR,ALVOR,8500-071,37.13041,-8.57552,intermarche marachique alvor,intermarché,estrada de alvor ed. intermarche alvor,"1,888 €",2026-05-15_dgeg_postos_raw.csv,a58f27cb5418ab6c
2026-05-15,2026-05-15 14:31:32,2026-05-15 00:05:00,d8ab6ee4f682a8b1,d8ab6ee4f682a8b1_diesel_premium,INTERMARCHE MARACHIQUE ALVOR,INTERMARCHÉ,diesel_premium,Gasóleo especial,Área comercial (Hipermercados),1.858,Portimão,Faro,ESTRADA DE ALVOR ED. INTERMARCHE ALVOR,ALVOR,8500-071,37.13041,-8.57552,intermarche marachique alvor,intermarché,estrada de alvor ed. intermarche alvor,"1,858 €",2026-05-15_dgeg_postos_raw.csv,ff8e0046ecef7675
2026-05-15,2026-05-15 14:31:32,2026-05-15 00:05:00,14438cc02a92efbb,14438cc02a92efbb_diesel_regular,"J.M.Céu ,lda",GALP,diesel_regular,Gasóleo simples,Outro,2.029,Santarém,Santarém,Av. do Brasil,Marvila,2005-136,39.23708,-8.68823,"j.m.céu ,lda",galp,av. do brasil,"2,029 €",2026-05-15_dgeg_postos_raw.csv,b0caa5cfae88b675
2026-05-15,2026-05-15 14:31:32,2026-05-15 00:05:00,14438cc02a92efbb,14438cc02a92efbb_diesel_premium,"J.M.Céu ,lda",GALP,diesel_premium,Gasóleo especial,Outro,2.079,Santarém,Santarém,Av. do Brasil,Marvila,2005-136,39.23708,-8.68823,"j.m.céu ,lda",galp,av. do brasil,"2,079 €",2026-05-15_dgeg_postos_raw.csv,3e13f6772cadae63
2026-05-15,2026-05-15 14:31:32,2026-05-15 00:05:00,14438cc02a92efbb,14438cc02a92efbb_gasoline_95,"J.M.Céu ,lda",GALP,gasoline_95,Gasolina simples 95,Outro,2.026,Santarém,Santarém,Av. do Brasil,Marvila,2005-136,39.23708,-8.68823,"j.m.céu ,lda",galp,av. do brasil,"2,026 €",2026-05-15_dgeg_postos_raw.csv,86a200783d576ecb
2026-05-15,2026-05-15 14:31:32,2026-05-15 00:05:00,70793aaec4279470,70793aaec4279470_diesel_regular,BP CORRELHÃ,BP,diesel_regular,Gasóleo simples,Outro,2.009,Ponte de Lima,Viana do Castelo,EN 203,Correlhã-Lugar do Souto,4990-297,41.74476,-8.60884,bp correlhã,bp,en 203,"2,009 €",2026-05-15_dgeg_postos_raw.csv,08135d12f5da9b2f
2026-05-15,2026-05-15 14:31:32,2026-05-15 00:05:00,70793aaec4279470,70793aaec4279470_diesel_premium,BP CORRELHÃ,BP,diesel_premium,Gasóleo especial,Outro,2.229,Ponte de Lima,Viana do Castelo,EN 203,Correlhã-Lugar do Souto,4990-297,41.74476,-8.60884,bp correlhã,bp,en 203,"2,229 €",2026-05-15_dgeg_postos_raw.csv,f92983c3eebf0e4d
2026-05-15,2026-05-15 14:31:32,2026-05-15 00:05:00,70793aaec4279470,70793aaec4279470_gasoline_95,BP CORRELHÃ,BP,gasoline_95,Gasolina simples 95,Outro,1.999,Ponte de Lima,Viana do Castelo,EN 203,Correlhã-Lugar do Souto,4990-297,41.74476,-8.60884,bp correlhã,bp,en 203,"1,999 €",2026-05-15_dgeg_postos_raw.csv,df8f55a1e009ec65
2026-05-15,2026-05-15 14:31:32,2026-05-15 00:05:00,70793aaec4279470,70793aaec4279470_gasoline_98,BP CORRELHÃ,BP,gasoline_98,Gasolina especial 98,Outro,2.299,Ponte de Lima,Viana do Castelo,EN 203,Correlhã-Lugar do Souto,4990-297,41.74476,-8.60884,bp correlhã,bp,en 203,"2,299 €",2026-05-15_dgeg_postos_raw.csv,8222715d8b043b2f
2026-05-15,2026-05-15 14:31:32,2026-05-15 00:05:00,f8ef42ed46f7ca9c,f8ef42ed46f7ca9c_diesel_regular,Pit Lane Ronfe,GALP,diesel_regular,Gasóleo simples,Outro,2.026,Guimarães,Braga,EN 206,Ronfe-Lugar de Romões,4805-000,41.442947,-8.378942,pit lane ronfe,galp,en 206,"2,026 €",2026-05-15_dgeg_postos_raw.csv,c7dbe81b1b1bb6b8
2026-05-15,2026-05-15 14:31:32,2026-05-15 00:05:00,f8ef42ed46f7ca9c,f8ef42ed46f7ca9c_diesel_premium,Pit Lane Ronfe,GALP,diesel_premium,Gasóleo especial,Outro,2.081,Guimarães,Braga,EN 206,Ronfe-Lugar de Romões,4805-000,41.442947,-8.378942,pit lane ronfe,galp,en 206,"2,081 €",2026-05-15_dgeg_postos_raw.csv,5ca5ed06f0d9b53f
2026-05-15,2026-05-15 14:31:32,2026-05-15 00:05:00,f8ef42ed46f7ca9c,f8ef42ed46f7ca9c_gasoline_95,Pit Lane Ronfe,GALP,gasoline_95,Gasolina simples 95,Outro,2.016,Guimarães,Braga,EN 206,Ronfe-Lugar de Romões,4805-000,41.442947,-8.378942,pit lane ronfe,galp,en 206,"2,016 €",2026-05-15_dgeg_postos_raw.csv,fa2f32e0d1b51ecf
2026-05-15,2026-05-15 14:31:32,2026-05-15 00:05:00,e0683d4117047a00,e0683d4117047a00_diesel_regular,Soc.Automoveis Cruz de Cristo,GALP,diesel_regular,Gasóleo simples,Outro,2.079,Alcobaça,Leiria,Rua Costa Veiga,Alcobaça,2460-028,39.5456,-8.97427,soc.automoveis cruz de cristo,galp,rua costa veiga,"2,079 €",2026-05-15_dgeg_postos_raw.csv,943cd5a6af044cdf
2026-05-15,2026-05-15 14:31:32,2026-05-15 00:05:00,e0683d4117047a00,e0683d4117047a00_diesel_premium,Soc.Automoveis Cruz de Cristo,GALP,diesel_premium,Gasóleo especial,Outro,2.129,Alcobaça,Leiria,Rua Costa Veiga,Alcobaça,2460-028,39.5456,-8.97427,soc.automoveis cruz de cristo,galp,rua costa veiga,"2,129 €",2026-05-15_dgeg_postos_raw.csv,5155bdc336fd494e
2026-05-15,2026-05-15 14:31:32,2026-05-15 00:05:00,e0683d4117047a00,e0683d4117047a00_gasoline_95,Soc.Automoveis Cruz de Cristo,GALP,gasoline_95,Gasolina simples 95,Outro,2.067,Alcobaça,Leiria,Rua Costa Veiga,Alcobaça,2460-028,39.5456,-8.97427,soc.automoveis cruz de cristo,galp,rua costa veiga,"2,067 €",2026-05-15_dgeg_postos_raw.csv,d9f1f83fae48db62
2026-05-15,2026-05-15 14:31:32,2026-05-15 00:05:00,d15999e4ae6f4132,d15999e4ae6f4132_diesel_regular,"Santos da Cunha 6 - Logistica & Transportes, Lda",GALP,diesel_regular,Gasóleo simples,Outro,2.019,Guimarães,Braga,Rua Albano Martins Coelho Lima,Pevidem,4810-000,41.423401,-8.353163,"santos da cunha 6 - logistica & transportes, lda",galp,rua albano martins coelho lima,"2,019 €",2026-05-15_dgeg_postos_raw.csv,87f6863d26594ac2
2026-05-15,2026-05-15 14:31:32,2026-05-15 00:05:00,d15999e4ae6f4132,d15999e4ae6f4132_diesel_premium,"Santos da Cunha 6 - Logistica & Transportes, Lda",GALP,diesel_premium,Gasóleo especial,Outro,2.069,Guimarães,Braga,Rua Albano Martins Coelho Lima,Pevidem,4810-000,41.423401,-8.353163,"santos da cunha 6 - logistica & transportes, lda",galp,rua albano martins coelho lima,"2,069 €",2026-05-15_dgeg_postos_raw.csv,09773eaec8989502
2026-05-15,2026-05-15 14:31:32,2026-05-15 00:05:00,d15999e4ae6f4132,d15999e4ae6f4132_gasoline_95,"Santos da Cunha 6 - Logistica & Transportes, Lda",GALP,gasoline_95,Gasolina simples 95,Outro,2.017,Guimarães,Braga,Rua Albano Martins Coelho Lima,Pevidem,4810-000,41.423401,-8.353163,"santos da cunha 6 - logistica & transportes, lda",galp,rua albano martins coelho lima,"2,017 €",2026-05-15_dgeg_postos_raw.csv,91380de424ea8a35
2026-05-15,2026-05-15 14:31:32,2026-05-15 00:05:00,fbd11c140da15a01,fbd11c140da15a01_diesel_regular,"Combustiveis William Dias, Ldª",GALP,diesel_regular,Gasóleo simples,Outro,2.015,Penafiel,Porto,"EN 15, Km 36,580",Croca - Lugar de Casais Novos,4560-000,41.2266,-8.23407,"combustiveis william dias, ldª",galp,"en 15, km 36,580","2,015 €",2026-05-15_dgeg_postos_raw.csv,9215c385051e4c9b
2026-05-15,2026-05-15 14:31:32,2026-05-15 00:05:00,fbd11c140da15a01,fbd11c140da15a01_diesel_premium,"Combustiveis William Dias, Ldª",GALP,diesel_premium,Gasóleo especial,Outro,2.065,Penafiel,Porto,"EN 15, Km 36,580",Croca - Lugar de Casais Novos,4560-000,41.2266,-8.23407,"combustiveis william dias, ldª",galp,"en 15, km 36,580","2,065 €",2026-05-15_dgeg_postos_raw.csv,8ba1b947a778d6fc
2026-05-15,2026-05-15 14:31:32,2026-05-15 00:05:00,fbd11c140da15a01,fbd11c140da15a01_gasoline_95,"Combustiveis William Dias, Ldª",GALP,gasoline_95,Gasolina simples 95,Outro,2.011,Penafiel,Porto,"EN 15, Km 36,580",Croca - Lugar de Casais Novos,4560-000,41.2266,-8.23407,"combustiveis william dias, ldª",galp,"en 15, km 36,580","2,011 €",2026-05-15_dgeg_postos_raw.csv,6ca890ac1e449343
2026-05-15,2026-05-15 14:31:32,2026-05-15 00:05:00,be4f24418feb48f5,be4f24418feb48f5_diesel_regular,"DULCE RODRIGUES, LDA",GALP,diesel_regular,Gasóleo simples,Outro,2.065,Sousel,Portalegre,Av. Nova nº 13,Sousel,7470-254,38.95202,-7.674621,"dulce rodrigues, lda",galp,av. nova nº 13,"2,065 €",2026-05-15_dgeg_postos_raw.csv,bc375ceb4daa24d0
2026-05-15,2026-05-15 14:31:32,2026-05-15 00:05:00,be4f24418feb48f5,be4f24418feb48f5_diesel_premium,"DULCE RODRIGUES, LDA",GALP,diesel_premium,Gasóleo especial,Outro,2.115,Sousel,Portalegre,Av. Nova nº 13,Sousel,7470-254,38.95202,-7.674621,"dulce rodrigues, lda",galp,av. nova nº 13,"2,115 €",2026-05-15_dgeg_postos_raw.csv,527b8195996794e9
2026-05-15,2026-05-15 14:31:32,2026-05-15 00:05:00,be4f24418feb48f5,be4f24418feb48f5_gasoline_95,"DULCE RODRIGUES, LDA",GALP,gasoline_95,Gasolina simples 95,Outro,2.061,Sousel,Portalegre,Av. Nova nº 13,Sousel,7470-254,38.95202,-7.674621,"dulce rodrigues, lda",galp,av. nova nº 13,"2,061 €",2026-05-15_dgeg_postos_raw.csv,578eeb1280f4a32a
2026-05-15,2026-05-15 14:31:32,2026-05-15 00:05:00,ccd135b5ce971f2a,ccd135b5ce971f2a_diesel_regular,PETROGIR TABUA 2,GALP,diesel_regular,Gasóleo simples,Outro,2.029,Tábua,Coimbra,"EN 17 Km 54,75",Catraia de Mouronho,3420-164,40.28895,-8.05773,petrogir tabua 2,galp,"en 17 km 54,75","2,029 €",2026-05-15_dgeg_postos_raw.csv,1444d5d86644ecb7
2026-05-15,2026-05-15 14:31:32,2026-05-15 00:05:00,ccd135b5ce971f2a,ccd135b5ce971f2a_diesel_premium,PETROGIR TABUA 2,GALP,diesel_premium,Gasóleo especial,Outro,2.079,Tábua,Coimbra,"EN 17 Km 54,75",Catraia de Mouronho,3420-164,40.28895,-8.05773,petrogir tabua 2,galp,"en 17 km 54,75","2,079 €",2026-05-15_dgeg_postos_raw.csv,ea5bb4a0eec691ca
2026-05-15,2026-05-15 14:31:32,2026-05-15 00:05:00,ccd135b5ce971f2a,ccd135b5ce971f2a_gasoline_95,PETROGIR TABUA 2,GALP,gasoline_95,Gasolina simples 95,Outro,2.026,Tábua,Coimbra,"EN 17 Km 54,75",Catraia de Mouronho,3420-164,40.28895,-8.05773,petrogir tabua 2,galp,"en 17 km 54,75","2,026 €",2026-05-15_dgeg_postos_raw.csv,56a7926032126b57
2026-05-15,2026-05-15 14:31:32,2026-05-15 00:05:00,f5235e4bece170d9,f5235e4bece170d9_diesel_regular,A. Pinto - Com. de Comb. Lda.,GALP,diesel_regular,Gasóleo simples,Outro,2.035,Tavira,Faro,"EN 125 Km 132,8",São Pedro,8800-255,37.11787,-7.66306,a. pinto - com. de comb. lda.,galp,"en 125 km 132,8","2,035 €",2026-05-15_dgeg_postos_raw.csv,37b986c662459ff4
2026-05-15,2026-05-15 14:31:32,2026-05-15 00:05:00,f5235e4bece170d9,f5235e4bece170d9_diesel_premium,A. Pinto - Com. de Comb. Lda.,GALP,diesel_premium,Gasóleo especial,Outro,2.085,Tavira,Faro,"EN 125 Km 132,8",São Pedro,8800-255,37.11787,-7.66306,a. pinto - com. de comb. lda.,galp,"en 125 km 132,8","2,085 €",2026-05-15_dgeg_postos_raw.csv,396cb5e00637ffb8
2026-05-15,2026-05-15 14:31:32,2026-05-15 00:05:00,f5235e4bece170d9,f5235e4bece170d9_gasoline_95,A. Pinto - Com. de Comb. Lda.,GALP,gasoline_95,Gasolina simples 95,Outro,2.031,Tavira,Faro,"EN 125 Km 132,8",São Pedro,8800-255,37.11787,-7.66306,a. pinto - com. de comb. lda.,galp,"en 125 km 132,8","2,031 €",2026-05-15_dgeg_postos_raw.csv,9a4b18c14181867c
2026-05-15,2026-05-15 14:31:32,2026-05-15 00:05:00,b7021d44053140ca,b7021d44053140ca_diesel_regular,"RODRIGUES & RAMOS, LDA.",GALP,diesel_regular,Gasóleo simples,Outro,2.035,Tavira,Faro,EN 125 Km 127,Luz de Tavira,8800-000,37.089846,-7.70834,"rodrigues & ramos, lda.",galp,en 125 km 127,"2,035 €",2026-05-15_dgeg_postos_raw.csv,42e1200c5c0ba6a3
2026-05-15,2026-05-15 14:31:32,2026-05-15 00:05:00,b7021d44053140ca,b7021d44053140ca_diesel_premium,"RODRIGUES & RAMOS, LDA.",GALP,diesel_premium,Gasóleo especial,Outro,2.085,Tavira,Faro,EN 125 Km 127,Luz de Tavira,8800-000,37.089846,-7.70834,"rodrigues & ramos, lda.",galp,en 125 km 127,"2,085 €",2026-05-15_dgeg_postos_raw.csv,a118548e1412b6fb
2026-05-15,2026-05-15 14:31:32,2026-05-15 00:05:00,b7021d44053140ca,b7021d44053140ca_gasoline_95,"RODRIGUES & RAMOS, LDA.",GALP,gasoline_95,Gasolina simples 95,Outro,2.031,Tavira,Faro,EN 125 Km 127,Luz de Tavira,8800-000,37.089846,-7.70834,"rodrigues & ramos, lda.",galp,en 125 km 127,"2,031 €",2026-05-15_dgeg_postos_raw.csv,c5a4ec4e93f1fb1d
2026-05-15,2026-05-15 14:31:32,2026-05-15 00:05:00,3ef51e630df2123e,3ef51e630df2123e_diesel_regular,A. Pinto - Com. de Comb. Lda,GALP,diesel_regular,Gasóleo simples,Outro,2.035,Tavira,Faro,"EN 125 Km 132,8",São Pedro,8800-255,37.11808,-7.66325,a. pinto - com. de comb. lda,galp,"en 125 km 132,8","2,035 €",2026-05-15_dgeg_postos_raw.csv,7280836c7f1c1934
2026-05-15,2026-05-15 14:31:32,2026-05-15 00:05:00,3ef51e630df2123e,3ef51e630df2123e_diesel_premium,A. Pinto - Com. de Comb. Lda,GALP,diesel_premium,Gasóleo especial,Outro,2.085,Tavira,Faro,"EN 125 Km 132,8",São Pedro,8800-255,37.11808,-7.66325,a. pinto - com. de comb. lda,galp,"en 125 km 132,8","2,085 €",2026-05-15_dgeg_postos_raw.csv,bb9f411433eb3806
2026-05-15,2026-05-15 14:31:32,2026-05-15 00:05:00,3ef51e630df2123e,3ef51e630df2123e_gasoline_95,A. Pinto - Com. de Comb. Lda,GALP,gasoline_95,Gasolina simples 95,Outro,2.031,Tavira,Faro,"EN 125 Km 132,8",São Pedro,8800-255,37.11808,-7.66325,a. pinto - com. de comb. lda,galp,"en 125 km 132,8","2,031 €",2026-05-15_dgeg_postos_raw.csv,a81a615db7d5fe35
2026-05-15,2026-05-15 14:31:32,2026-05-15 00:05:00,9f1e3e975e85eaae,9f1e3e975e85eaae_diesel_regular,"Soares, Cerqueira & Cunha, Lda.",GALP,diesel_regular,Gasóleo simples,Outro,2.055,Terras de Bouro,Braga,Largo Paço Moimenta,Terras de Bouro,4840-100,41.71765,-8.30539,"soares, cerqueira & cunha, lda.",galp,largo paço moimenta,"2,055 €",2026-05-15_dgeg_postos_raw.csv,4d1bcd4ff1bb0988
2026-05-15,2026-05-15 14:31:32,2026-05-15 00:05:00,9f1e3e975e85eaae,9f1e3e975e85eaae_diesel_premium,"Soares, Cerqueira & Cunha, Lda.",GALP,diesel_premium,Gasóleo especial,Outro,2.105,Terras de Bouro,Braga,Largo Paço Moimenta,Terras de Bouro,4840-100,41.71765,-8.30539,"soares, cerqueira & cunha, lda.",galp,largo paço moimenta,"2,105 €",2026-05-15_dgeg_postos_raw.csv,fe6f46dedc468d82
2026-05-15,2026-05-15 14:31:32,2026-05-15 00:05:00,9f1e3e975e85eaae,9f1e3e975e85eaae_gasoline_95,"Soares, Cerqueira & Cunha, Lda.",GALP,gasoline_95,Gasolina simples 95,Outro,2.051,Terras de Bouro,Braga,Largo Paço Moimenta,Terras de Bouro,4840-100,41.71765,-8.30539,"soares, cerqueira & cunha, lda.",galp,largo paço moimenta,"2,051 €",2026-05-15_dgeg_postos_raw.csv,774712da1b5afa30
2026-05-15,2026-05-15 14:31:32,2026-05-15 00:05:00,e9d4e67a69925cb6,e9d4e67a69925cb6_diesel_regular,"Gaslegre, lda  -  Tomar",GALP,diesel_regular,Gasóleo simples,Outro,2.055,Tomar,Santarém,EN 110 Km 101,Carvalhos de Figueiredo,2300-000,39.569915,-8.39331,"gaslegre, lda - tomar",galp,en 110 km 101,"2,055 €",2026-05-15_dgeg_postos_raw.csv,1a765d46cb45b72f
2026-05-15,2026-05-15 14:31:32,2026-05-15 00:05:00,e9d4e67a69925cb6,e9d4e67a69925cb6_diesel_premium,"Gaslegre, lda  -  Tomar",GALP,diesel_premium,Gasóleo especial,Outro,2.105,Tomar,Santarém,EN 110 Km 101,Carvalhos de Figueiredo,2300-000,39.569915,-8.39331,"gaslegre, lda - tomar",galp,en 110 km 101,"2,105 €",2026-05-15_dgeg_postos_raw.csv,94b7b2aca1809cd6
2026-05-15,2026-05-15 14:31:32,2026-05-15 00:05:00,e9d4e67a69925cb6,e9d4e67a69925cb6_gasoline_95,"Gaslegre, lda  -  Tomar",GALP,gasoline_95,Gasolina simples 95,Outro,2.051,Tomar,Santarém,EN 110 Km 101,Carvalhos de Figueiredo,2300-000,39.569915,-8.39331,"gaslegre, lda - tomar",galp,en 110 km 101,"2,051 €",2026-05-15_dgeg_postos_raw.csv,b2929dbb59a92f9d
2026-05-15,2026-05-15 14:31:32,2026-05-15 00:05:00,e9d4e67a69925cb6,e9d4e67a69925cb6_gasoline_98,"Gaslegre, lda  -  Tomar",GALP,gasoline_98,Gasolina especial 98,Outro,2.261,Tomar,Santarém,EN 110 Km 101,Carvalhos de Figueiredo,2300-000,39.569915,-8.39331,"gaslegre, lda - tomar",galp,en 110 km 101,"2,261 €",2026-05-15_dgeg_postos_raw.csv,5c0c55d16f561a67
2026-05-15,2026-05-15 14:31:32,2026-05-15 00:05:00,74312a5cc08d404d,74312a5cc08d404d_diesel_regular,"J. M. CORDEIRO, LDA.",GALP,diesel_regular,Gasóleo simples,Outro,2.025,Torres Novas,Santarém,Rua Andrade Corvo,Cerejal,2350-334,39.47316,-8.551,"j. m. cordeiro, lda.",galp,rua andrade corvo,"2,025 €",2026-05-15_dgeg_postos_raw.csv,02ed988d486b51c1
2026-05-15,2026-05-15 14:31:32,2026-05-15 00:05:00,74312a5cc08d404d,74312a5cc08d404d_diesel_premium,"J. M. CORDEIRO, LDA.",GALP,diesel_premium,Gasóleo especial,Outro,2.075,Torres Novas,Santarém,Rua Andrade Corvo,Cerejal,2350-334,39.47316,-8.551,"j. m. cordeiro, lda.",galp,rua andrade corvo,"2,075 €",2026-05-15_dgeg_postos_raw.csv,a7097ec2eeb21896
2026-05-15,2026-05-15 14:31:32,2026-05-15 00:05:00,74312a5cc08d404d,74312a5cc08d404d_gasoline_95,"J. M. CORDEIRO, LDA.",GALP,gasoline_95,Gasolina simples 95,Outro,2.016,Torres Novas,Santarém,Rua Andrade Corvo,Cerejal,2350-334,39.47316,-8.551,"j. m. cordeiro, lda.",galp,rua andrade corvo,"2,016 €",2026-05-15_dgeg_postos_raw.csv,33e611b89ce0ef54
2026-05-15,2026-05-15 14:31:32,2026-05-15 00:05:00,10d14b69953ee2cd,10d14b69953ee2cd_diesel_regular,"PETROSALSA - DIST. COMB., LDA.(2)",GALP,diesel_regular,Gasóleo simples,Outro,2.035,Torres Vedras,Lisboa,IC 1,Bairro Rabão,2560-585,39.100413,-9.255656,"petrosalsa - dist. comb., lda.(2)",galp,ic 1,"2,035 €",2026-05-15_dgeg_postos_raw.csv,dd42a6b1f1f56508
2026-05-15,2026-05-15 14:31:32,2026-05-15 00:05:00,10d14b69953ee2cd,10d14b69953ee2cd_diesel_premium,"PETROSALSA - DIST. COMB., LDA.(2)",GALP,diesel_premium,Gasóleo especial,Outro,2.085,Torres Vedras,Lisboa,IC 1,Bairro Rabão,2560-585,39.100413,-9.255656,"petrosalsa - dist. comb., lda.(2)",galp,ic 1,"2,085 €",2026-05-15_dgeg_postos_raw.csv,1e09a908a92c4f7a
2026-05-15,2026-05-15 14:31:32,2026-05-15 00:05:00,10d14b69953ee2cd,10d14b69953ee2cd_gasoline_95,"PETROSALSA - DIST. COMB., LDA.(2)",GALP,gasoline_95,Gasolina simples 95,Outro,2.031,Torres Vedras,Lisboa,IC 1,Bairro Rabão,2560-585,39.100413,-9.255656,"petrosalsa - dist. comb., lda.(2)",galp,ic 1,"2,031 €",2026-05-15_dgeg_postos_raw.csv,f7226f157bff3457
2026-05-15,2026-05-15 14:31:32,2026-05-15 00:05:00,10d14b69953ee2cd,10d14b69953ee2cd_gasoline_98,"PETROSALSA - DIST. COMB., LDA.(2)",GALP,gasoline_98,Gasolina especial 98,Outro,2.241,Torres Vedras,Lisboa,IC 1,Bairro Rabão,2560-585,39.100413,-9.255656,"petrosalsa - dist. comb., lda.(2)",galp,ic 1,"2,241 €",2026-05-15_dgeg_postos_raw.csv,10197a1b96939bdb
2026-05-15,2026-05-15 14:31:32,2026-05-15 00:05:00,f33ca8886c82d6b4,f33ca8886c82d6b4_diesel_regular,"PETROSALSA - DIST. COMB., LDA.(1)",GALP,diesel_regular,Gasóleo simples,Outro,2.035,Torres Vedras,Lisboa,IC 1,Bairro Rabão,2560-585,39.100743,-9.25591,"petrosalsa - dist. comb., lda.(1)",galp,ic 1,"2,035 €",2026-05-15_dgeg_postos_raw.csv,5de6e8ed35a22d09
2026-05-15,2026-05-15 14:31:32,2026-05-15 00:05:00,f33ca8886c82d6b4,f33ca8886c82d6b4_diesel_premium,"PETROSALSA - DIST. COMB., LDA.(1)",GALP,diesel_premium,Gasóleo especial,Outro,2.085,Torres Vedras,Lisboa,IC 1,Bairro Rabão,2560-585,39.100743,-9.25591,"petrosalsa - dist. comb., lda.(1)",galp,ic 1,"2,085 €",2026-05-15_dgeg_postos_raw.csv,c61af658a64e1a82
2026-05-15,2026-05-15 14:31:32,2026-05-15 00:05:00,f33ca8886c82d6b4,f33ca8886c82d6b4_gasoline_95,"PETROSALSA - DIST. COMB., LDA.(1)",GALP,gasoline_95,Gasolina simples 95,Outro,2.031,Torres Vedras,Lisboa,IC 1,Bairro Rabão,2560-585,39.100743,-9.25591,"petrosalsa - dist. comb., lda.(1)",galp,ic 1,"2,031 €",2026-05-15_dgeg_postos_raw.csv,38652d2c84b37368
2026-05-15,2026-05-15 14:31:32,2026-05-15 00:05:00,880d41c733715990,880d41c733715990_diesel_regular,"PEREIRAS, LDA.(1)",GALP,diesel_regular,Gasóleo simples,Outro,2.035,Torres Vedras,Lisboa,EN 8 Km 44,Malveira-Barró,2564-911,39.070584,-9.244309,"pereiras, lda.(1)",galp,en 8 km 44,"2,035 €",2026-05-15_dgeg_postos_raw.csv,b7559c62ac65a8c7
2026-05-15,2026-05-15 14:31:32,2026-05-15 00:05:00,880d41c733715990,880d41c733715990_diesel_premium,"PEREIRAS, LDA.(1)",GALP,diesel_premium,Gasóleo especial,Outro,2.085,Torres Vedras,Lisboa,EN 8 Km 44,Malveira-Barró,2564-911,39.070584,-9.244309,"pereiras, lda.(1)",galp,en 8 km 44,"2,085 €",2026-05-15_dgeg_postos_raw.csv,1b43f43d76e52564
2026-05-15,2026-05-15 14:31:32,2026-05-15 00:05:00,880d41c733715990,880d41c733715990_gasoline_95,"PEREIRAS, LDA.(1)",GALP,gasoline_95,Gasolina simples 95,Outro,2.031,Torres Vedras,Lisboa,EN 8 Km 44,Malveira-Barró,2564-911,39.070584,-9.244309,"pereiras, lda.(1)",galp,en 8 km 44,"2,031 €",2026-05-15_dgeg_postos_raw.csv,749058100b596e57
2026-05-15,2026-05-15 14:31:32,2026-05-15 00:05:00,1105446f1b9826ec,1105446f1b9826ec_diesel_regular,"Mendes & Loureiro - Comb. e Lubs., Lda",GALP,diesel_regular,Gasóleo simples,Outro,2.055,Sever do Vouga,Aveiro,"EN 328 Km 17,3",Sever do Vouga,3740-000,40.73672,-8.37521,"mendes & loureiro - comb. e lubs., lda",galp,"en 328 km 17,3","2,055 €",2026-05-15_dgeg_postos_raw.csv,bea01a4115c7d56f
2026-05-15,2026-05-15 14:31:32,2026-05-15 00:05:00,1105446f1b9826ec,1105446f1b9826ec_diesel_premium,"Mendes & Loureiro - Comb. e Lubs., Lda",GALP,diesel_premium,Gasóleo especial,Outro,2.115,Sever do Vouga,Aveiro,"EN 328 Km 17,3",Sever do Vouga,3740-000,40.73672,-8.37521,"mendes & loureiro - comb. e lubs., lda",galp,"en 328 km 17,3","2,115 €",2026-05-15_dgeg_postos_raw.csv,d4277edcba4709e2
2026-05-15,2026-05-15 14:31:32,2026-05-15 00:05:00,1105446f1b9826ec,1105446f1b9826ec_gasoline_95,"Mendes & Loureiro - Comb. e Lubs., Lda",GALP,gasoline_95,Gasolina simples 95,Outro,2.051,Sever do Vouga,Aveiro,"EN 328 Km 17,3",Sever do Vouga,3740-000,40.73672,-8.37521,"mendes & loureiro - comb. e lubs., lda",galp,"en 328 km 17,3","2,051 €",2026-05-15_dgeg_postos_raw.csv,7d224e04c3872d42
2026-05-15,2026-05-15 14:31:32,2026-05-15 00:05:00,f4f17349bf69ab3a,f4f17349bf69ab3a_diesel_regular,"Lubriolhão, lda",GALP,diesel_regular,Gasóleo simples,Outro,2.065,Silves,Faro,"EN 264 Km 78,6",São Marcos da Serra,8375-223,37.346064,-8.358329,"lubriolhão, lda",galp,"en 264 km 78,6","2,065 €",2026-05-15_dgeg_postos_raw.csv,196086e8609c2726
2026-05-15,2026-05-15 14:31:32,2026-05-15 00:05:00,f4f17349bf69ab3a,f4f17349bf69ab3a_diesel_premium,"Lubriolhão, lda",GALP,diesel_premium,Gasóleo especial,Outro,2.125,Silves,Faro,"EN 264 Km 78,6",São Marcos da Serra,8375-223,37.346064,-8.358329,"lubriolhão, lda",galp,"en 264 km 78,6","2,125 €",2026-05-15_dgeg_postos_raw.csv,cbd84d7d49c7b799
2026-05-15,2026-05-15 14:31:32,2026-05-15 00:05:00,f4f17349bf69ab3a,f4f17349bf69ab3a_gasoline_95,"Lubriolhão, lda",GALP,gasoline_95,Gasolina simples 95,Outro,2.061,Silves,Faro,"EN 264 Km 78,6",São Marcos da Serra,8375-223,37.346064,-8.358329,"lubriolhão, lda",galp,"en 264 km 78,6","2,061 €",2026-05-15_dgeg_postos_raw.csv,4fa2d04cd257a637
2026-05-15,2026-05-15 14:31:32,2026-05-15 00:05:00,bf9f6aa63b3cae0c,bf9f6aa63b3cae0c_diesel_regular,"J. M. ESTIVEIRA, LDA.",GALP,diesel_regular,Gasóleo simples,Outro,2.055,Silves,Faro,EN 124,Enxerim,8300-025,37.19666,-8.43019,"j. m. estiveira, lda.",galp,en 124,"2,055 €",2026-05-15_dgeg_postos_raw.csv,d3858e301fffa017
2026-05-15,2026-05-15 14:31:32,2026-05-15 00:05:00,bf9f6aa63b3cae0c,bf9f6aa63b3cae0c_diesel_premium,"J. M. ESTIVEIRA, LDA.",GALP,diesel_premium,Gasóleo especial,Outro,2.105,Silves,Faro,EN 124,Enxerim,8300-025,37.19666,-8.43019,"j. m. estiveira, lda.",galp,en 124,"2,105 €",2026-05-15_dgeg_postos_raw.csv,05eda855418db914
2026-05-15,2026-05-15 14:31:32,2026-05-15 00:05:00,bf9f6aa63b3cae0c,bf9f6aa63b3cae0c_gasoline_95,"J. M. ESTIVEIRA, LDA.",GALP,gasoline_95,Gasolina simples 95,Outro,2.051,Silves,Faro,EN 124,Enxerim,8300-025,37.19666,-8.43019,"j. m. estiveira, lda.",galp,en 124,"2,051 €",2026-05-15_dgeg_postos_raw.csv,922bf433372b709b
2026-05-15,2026-05-15 14:31:32,2026-05-15 00:05:00,bf9f6aa63b3cae0c,bf9f6aa63b3cae0c_gasoline_98,"J. M. ESTIVEIRA, LDA.",GALP,gasoline_98,Gasolina especial 98,Outro,2.261,Silves,Faro,EN 124,Enxerim,8300-025,37.19666,-8.43019,"j. m. estiveira, lda.",galp,en 124,"2,261 €",2026-05-15_dgeg_postos_raw.csv,ff743ee2ffc8ac64
2026-05-15,2026-05-15 14:31:32,2026-05-15 00:05:00,3fb37244cde19760,3fb37244cde19760_diesel_regular,"PETROSIRIUS, LDA",GALP,diesel_regular,Gasóleo simples,Outro,2.021,Silves,Faro,"EN 125 Km 63,123",Pêra,8365-204,37.12429,-8.33504,"petrosirius, lda",galp,"en 125 km 63,123","2,021 €",2026-05-15_dgeg_postos_raw.csv,75e7ccc0cdd9e22f
2026-05-15,2026-05-15 14:31:32,2026-05-15 00:05:00,3fb37244cde19760,3fb37244cde19760_diesel_premium,"PETROSIRIUS, LDA",GALP,diesel_premium,Gasóleo especial,Outro,2.071,Silves,Faro,"EN 125 Km 63,123",Pêra,8365-204,37.12429,-8.33504,"petrosirius, lda",galp,"en 125 km 63,123","2,071 €",2026-05-15_dgeg_postos_raw.csv,b9b7fb6e81bef6be
2026-05-15,2026-05-15 14:31:32,2026-05-15 00:05:00,3fb37244cde19760,3fb37244cde19760_gasoline_95,"PETROSIRIUS, LDA",GALP,gasoline_95,Gasolina simples 95,Outro,2.016,Silves,Faro,"EN 125 Km 63,123",Pêra,8365-204,37.12429,-8.33504,"petrosirius, lda",galp,"en 125 km 63,123","2,016 €",2026-05-15_dgeg_postos_raw.csv,53aa99a7031bb23a
2026-05-15,2026-05-15 14:31:32,2026-05-15 00:05:00,8216c08494273ad2,8216c08494273ad2_diesel_regular,"PETROSIRIUS, LDA",GALP,diesel_regular,Gasóleo simples,Outro,2.021,Silves,Faro,"EN 125 Km 63,1",Pêra,8365-204,37.123916,-8.334876,"petrosirius, lda",galp,"en 125 km 63,1","2,021 €",2026-05-15_dgeg_postos_raw.csv,58f241db9bb5387d
2026-05-15,2026-05-15 14:31:32,2026-05-15 00:05:00,8216c08494273ad2,8216c08494273ad2_diesel_premium,"PETROSIRIUS, LDA",GALP,diesel_premium,Gasóleo especial,Outro,2.071,Silves,Faro,"EN 125 Km 63,1",Pêra,8365-204,37.123916,-8.334876,"petrosirius, lda",galp,"en 125 km 63,1","2,071 €",2026-05-15_dgeg_postos_raw.csv,022cc131af509433
2026-05-15,2026-05-15 14:31:32,2026-05-15 00:05:00,8216c08494273ad2,8216c08494273ad2_gasoline_95,"PETROSIRIUS, LDA",GALP,gasoline_95,Gasolina simples 95,Outro,2.016,Silves,Faro,"EN 125 Km 63,1",Pêra,8365-204,37.123916,-8.334876,"petrosirius, lda",galp,"en 125 km 63,1","2,016 €",2026-05-15_dgeg_postos_raw.csv,2aa8c9bcdfd63edc
2026-05-15,2026-05-15 14:31:32,2026-05-15 00:05:00,e06360b907acdd5c,e06360b907acdd5c_diesel_regular,"INOGÁS - COMERCIO DE COMBUSTIVEIS, LDA",GALP,diesel_regular,Gasóleo simples,Outro,2.079,Silves,Faro,"EN 124 Km 35,7",São Bartolomeu de Messines,8375-000,37.2558,-8.28226,"inogás - comercio de combustiveis, lda",galp,"en 124 km 35,7","2,079 €",2026-05-15_dgeg_postos_raw.csv,d8dae8fee2a0bc7d
2026-05-15,2026-05-15 14:31:32,2026-05-15 00:05:00,e06360b907acdd5c,e06360b907acdd5c_diesel_premium,"INOGÁS - COMERCIO DE COMBUSTIVEIS, LDA",GALP,diesel_premium,Gasóleo especial,Outro,2.129,Silves,Faro,"EN 124 Km 35,7",São Bartolomeu de Messines,8375-000,37.2558,-8.28226,"inogás - comercio de combustiveis, lda",galp,"en 124 km 35,7","2,129 €",2026-05-15_dgeg_postos_raw.csv,7cc88179fce7c489
2026-05-15,2026-05-15 14:31:32,2026-05-15 00:05:00,e06360b907acdd5c,e06360b907acdd5c_gasoline_95,"INOGÁS - COMERCIO DE COMBUSTIVEIS, LDA",GALP,gasoline_95,Gasolina simples 95,Outro,2.067,Silves,Faro,"EN 124 Km 35,7",São Bartolomeu de Messines,8375-000,37.2558,-8.28226,"inogás - comercio de combustiveis, lda",galp,"en 124 km 35,7","2,067 €",2026-05-15_dgeg_postos_raw.csv,393f56dc95a7f3d3
2026-05-15,2026-05-15 14:31:32,2026-05-15 00:05:00,c8d5ae8b0bf3cb08,c8d5ae8b0bf3cb08_diesel_regular,NOEMIA G. G. VILHENA VARGAS,GALP,diesel_regular,Gasóleo simples,Outro,2.065,Sines,Setúbal,EM,Porto Côvo,7520-437,37.853789,-8.785624,noemia g. g. vilhena vargas,galp,em,"2,065 €",2026-05-15_dgeg_postos_raw.csv,5d8a806af1a63157
2026-05-15,2026-05-15 14:31:32,2026-05-15 00:05:00,c8d5ae8b0bf3cb08,c8d5ae8b0bf3cb08_diesel_premium,NOEMIA G. G. VILHENA VARGAS,GALP,diesel_premium,Gasóleo especial,Outro,2.115,Sines,Setúbal,EM,Porto Côvo,7520-437,37.853789,-8.785624,noemia g. g. vilhena vargas,galp,em,"2,115 €",2026-05-15_dgeg_postos_raw.csv,3a6751665ac267fc
2026-05-15,2026-05-15 14:31:32,2026-05-15 00:05:00,c8d5ae8b0bf3cb08,c8d5ae8b0bf3cb08_gasoline_95,NOEMIA G. G. VILHENA VARGAS,GALP,gasoline_95,Gasolina simples 95,Outro,2.061,Sines,Setúbal,EM,Porto Côvo,7520-437,37.853789,-8.785624,noemia g. g. vilhena vargas,galp,em,"2,061 €",2026-05-15_dgeg_postos_raw.csv,84b83c7203038149
2026-05-15,2026-05-15 14:31:32,2026-05-15 00:05:00,9354555bf7ce3640,9354555bf7ce3640_diesel_regular,"Alchemy Explorers – Combustíveis, Lda.",GALP,diesel_regular,Gasóleo simples,Outro,2.079,Sintra,Lisboa,Estrada das Mercês,Tapada das Mercês-Rinchoa,2725-093,38.798481,-9.324393,"alchemy explorers – combustíveis, lda.",galp,estrada das mercês,"2,079 €",2026-05-15_dgeg_postos_raw.csv,e7ae8aee307788fb
2026-05-15,2026-05-15 14:31:32,2026-05-15 00:05:00,9354555bf7ce3640,9354555bf7ce3640_diesel_premium,"Alchemy Explorers – Combustíveis, Lda.",GALP,diesel_premium,Gasóleo especial,Outro,2.129,Sintra,Lisboa,Estrada das Mercês,Tapada das Mercês-Rinchoa,2725-093,38.798481,-9.324393,"alchemy explorers – combustíveis, lda.",galp,estrada das mercês,"2,129 €",2026-05-15_dgeg_postos_raw.csv,6e026b7a796b9c0f
2026-05-15,2026-05-15 14:31:32,2026-05-15 00:05:00,9354555bf7ce3640,9354555bf7ce3640_gasoline_95,"Alchemy Explorers – Combustíveis, Lda.",GALP,gasoline_95,Gasolina simples 95,Outro,2.072,Sintra,Lisboa,Estrada das Mercês,Tapada das Mercês-Rinchoa,2725-093,38.798481,-9.324393,"alchemy explorers – combustíveis, lda.",galp,estrada das mercês,"2,072 €",2026-05-15_dgeg_postos_raw.csv,bc616a2d830829e1
2026-05-15,2026-05-15 14:31:32,2026-05-15 00:05:00,9354555bf7ce3640,9354555bf7ce3640_gasoline_98,"Alchemy Explorers – Combustíveis, Lda.",GALP,gasoline_98,Gasolina especial 98,Outro,2.282,Sintra,Lisboa,Estrada das Mercês,Tapada das Mercês-Rinchoa,2725-093,38.798481,-9.324393,"alchemy explorers – combustíveis, lda.",galp,estrada das mercês,"2,282 €",2026-05-15_dgeg_postos_raw.csv,4fd73f7aa9651328
2026-05-15,2026-05-15 14:31:32,2026-05-15 00:05:00,c5d76714a4786838,c5d76714a4786838_diesel_regular,"OPTIMISTIKPRIORITY - COMB., LDA.",GALP,diesel_regular,Gasóleo simples,Outro,2.079,Sintra,Lisboa,Rua António Feijó,Rio de Mouro-Alto do Forte,2725-223,38.787727,-9.341358,"optimistikpriority - comb., lda.",galp,rua antónio feijó,"2,079 €",2026-05-15_dgeg_postos_raw.csv,8e1b74c41bdab606
2026-05-15,2026-05-15 14:31:32,2026-05-15 00:05:00,c5d76714a4786838,c5d76714a4786838_diesel_premium,"OPTIMISTIKPRIORITY - COMB., LDA.",GALP,diesel_premium,Gasóleo especial,Outro,2.129,Sintra,Lisboa,Rua António Feijó,Rio de Mouro-Alto do Forte,2725-223,38.787727,-9.341358,"optimistikpriority - comb., lda.",galp,rua antónio feijó,"2,129 €",2026-05-15_dgeg_postos_raw.csv,580d4de58e1d9ac1
2026-05-15,2026-05-15 14:31:32,2026-05-15 00:05:00,c5d76714a4786838,c5d76714a4786838_gasoline_95,"OPTIMISTIKPRIORITY - COMB., LDA.",GALP,gasoline_95,Gasolina simples 95,Outro,2.072,Sintra,Lisboa,Rua António Feijó,Rio de Mouro-Alto do Forte,2725-223,38.787727,-9.341358,"optimistikpriority - comb., lda.",galp,rua antónio feijó,"2,072 €",2026-05-15_dgeg_postos_raw.csv,9dc6aec5e2e2303e
2026-05-15,2026-05-15 14:31:32,2026-05-15 00:05:00,f818b9dcdda69010,f818b9dcdda69010_diesel_regular,"GPAB – Posto de abastecimento Unipessoal, Lda.",GALP,diesel_regular,Gasóleo simples,Outro,2.079,Sintra,Lisboa,Rua Leopoldo de Almeida,São Carlos,2725-357,38.782043,-9.348816,"gpab – posto de abastecimento unipessoal, lda.",galp,rua leopoldo de almeida,"2,079 €",2026-05-15_dgeg_postos_raw.csv,d1c4dec7e122bdb5
2026-05-15,2026-05-15 14:31:32,2026-05-15 00:05:00,f818b9dcdda69010,f818b9dcdda69010_diesel_premium,"GPAB – Posto de abastecimento Unipessoal, Lda.",GALP,diesel_premium,Gasóleo especial,Outro,2.129,Sintra,Lisboa,Rua Leopoldo de Almeida,São Carlos,2725-357,38.782043,-9.348816,"gpab – posto de abastecimento unipessoal, lda.",galp,rua leopoldo de almeida,"2,129 €",2026-05-15_dgeg_postos_raw.csv,97b3bc3f71600b67
2026-05-15,2026-05-15 14:31:32,2026-05-15 00:05:00,f818b9dcdda69010,f818b9dcdda69010_gasoline_95,"GPAB – Posto de abastecimento Unipessoal, Lda.",GALP,gasoline_95,Gasolina simples 95,Outro,2.072,Sintra,Lisboa,Rua Leopoldo de Almeida,São Carlos,2725-357,38.782043,-9.348816,"gpab – posto de abastecimento unipessoal, lda.",galp,rua leopoldo de almeida,"2,072 €",2026-05-15_dgeg_postos_raw.csv,053026bb3249b060
2026-05-15,2026-05-15 14:31:32,2026-05-15 00:05:00,81c8606ddd4af926,81c8606ddd4af926_diesel_regular,"PETROLINOS, LDA.",GALP,diesel_regular,Gasóleo simples,Outro,2.055,Sintra,Lisboa,"EN 9 Km 7,6",Linhó,2710-000,38.75701,-9.387909,"petrolinos, lda.",galp,"en 9 km 7,6","2,055 €",2026-05-15_dgeg_postos_raw.csv,1206328f1a403e6d
2026-05-15,2026-05-15 14:31:32,2026-05-15 00:05:00,81c8606ddd4af926,81c8606ddd4af926_diesel_premium,"PETROLINOS, LDA.",GALP,diesel_premium,Gasóleo especial,Outro,2.105,Sintra,Lisboa,"EN 9 Km 7,6",Linhó,2710-000,38.75701,-9.387909,"petrolinos, lda.",galp,"en 9 km 7,6","2,105 €",2026-05-15_dgeg_postos_raw.csv,93c41d04c784071b
2026-05-15,2026-05-15 14:31:32,2026-05-15 00:05:00,81c8606ddd4af926,81c8606ddd4af926_gasoline_95,"PETROLINOS, LDA.",GALP,gasoline_95,Gasolina simples 95,Outro,2.051,Sintra,Lisboa,"EN 9 Km 7,6",Linhó,2710-000,38.75701,-9.387909,"petrolinos, lda.",galp,"en 9 km 7,6","2,051 €",2026-05-15_dgeg_postos_raw.csv,738ed681b5fb46e6
2026-05-15,2026-05-15 14:31:32,2026-05-15 00:05:00,0e22e07c34f3013f,0e22e07c34f3013f_diesel_regular,"ALVES MOTA, LDA.",GALP,diesel_regular,Gasóleo simples,Outro,2.069,Sintra,Lisboa,EN 9 (Av. da Liberdade nº 158 C),Pero Pinheiro,2715-097,38.85937,-9.32628,"alves mota, lda.",galp,en 9 (av. da liberdade nº 158 c),"2,069 €",2026-05-15_dgeg_postos_raw.csv,75c43694d54b0cd2
2026-05-15,2026-05-15 14:31:32,2026-05-15 00:05:00,0e22e07c34f3013f,0e22e07c34f3013f_diesel_premium,"ALVES MOTA, LDA.",GALP,diesel_premium,Gasóleo especial,Outro,2.129,Sintra,Lisboa,EN 9 (Av. da Liberdade nº 158 C),Pero Pinheiro,2715-097,38.85937,-9.32628,"alves mota, lda.",galp,en 9 (av. da liberdade nº 158 c),"2,129 €",2026-05-15_dgeg_postos_raw.csv,93ef890b1cf47bec
2026-05-15,2026-05-15 14:31:32,2026-05-15 00:05:00,0e22e07c34f3013f,0e22e07c34f3013f_gasoline_95,"ALVES MOTA, LDA.",GALP,gasoline_95,Gasolina simples 95,Outro,2.061,Sintra,Lisboa,EN 9 (Av. da Liberdade nº 158 C),Pero Pinheiro,2715-097,38.85937,-9.32628,"alves mota, lda.",galp,en 9 (av. da liberdade nº 158 c),"2,061 €",2026-05-15_dgeg_postos_raw.csv,23908c8be8bdab48
2026-05-15,2026-05-15 14:31:32,2026-05-15 00:05:00,0e22e07c34f3013f,0e22e07c34f3013f_gasoline_98,"ALVES MOTA, LDA.",GALP,gasoline_98,Gasolina especial 98,Outro,2.271,Sintra,Lisboa,EN 9 (Av. da Liberdade nº 158 C),Pero Pinheiro,2715-097,38.85937,-9.32628,"alves mota, lda.",galp,en 9 (av. da liberdade nº 158 c),"2,271 €",2026-05-15_dgeg_postos_raw.csv,9749fa6ca2becca0
2026-05-15,2026-05-15 14:31:32,2026-05-15 00:05:00,48046c8649d22001,48046c8649d22001_diesel_regular,"ERFRAM - COMBUSTIVEIS ALGUEIRAO, LDA",GALP,diesel_regular,Gasóleo simples,Outro,2.079,Sintra,Lisboa,"EN 250-1 (Largo José Lopes Miranda) Km 5,7",Algueirão,2725-073,38.80891,-9.33217,"erfram - combustiveis algueirao, lda",galp,"en 250-1 (largo josé lopes miranda) km 5,7","2,079 €",2026-05-15_dgeg_postos_raw.csv,6f0100cfb87c7003
2026-05-15,2026-05-15 14:31:32,2026-05-15 00:05:00,48046c8649d22001,48046c8649d22001_diesel_premium,"ERFRAM - COMBUSTIVEIS ALGUEIRAO, LDA",GALP,diesel_premium,Gasóleo especial,Outro,2.129,Sintra,Lisboa,"EN 250-1 (Largo José Lopes Miranda) Km 5,7",Algueirão,2725-073,38.80891,-9.33217,"erfram - combustiveis algueirao, lda",galp,"en 250-1 (largo josé lopes miranda) km 5,7","2,129 €",2026-05-15_dgeg_postos_raw.csv,7f70b35af5fb740d
2026-05-15,2026-05-15 14:31:32,2026-05-15 00:05:00,48046c8649d22001,48046c8649d22001_gasoline_95,"ERFRAM - COMBUSTIVEIS ALGUEIRAO, LDA",GALP,gasoline_95,Gasolina simples 95,Outro,2.072,Sintra,Lisboa,"EN 250-1 (Largo José Lopes Miranda) Km 5,7",Algueirão,2725-073,38.80891,-9.33217,"erfram - combustiveis algueirao, lda",galp,"en 250-1 (largo josé lopes miranda) km 5,7","2,072 €",2026-05-15_dgeg_postos_raw.csv,9168480cc146eb16
2026-05-15,2026-05-15 14:31:32,2026-05-15 00:05:00,1e317e4371d23a9e,1e317e4371d23a9e_diesel_regular,"AUTO PINTASSILGO, LDA",GALP,diesel_regular,Gasóleo simples,Outro,2.078,Sintra,Lisboa,"EN 247 (Av. dos Bombeiros Voluntários nº 28) Km 79,7",Colares,2705-180,38.80063,-9.44707,"auto pintassilgo, lda",galp,"en 247 (av. dos bombeiros voluntários nº 28) km 79,7","2,078 €",2026-05-15_dgeg_postos_raw.csv,38d87e15a2d45e12
2026-05-15,2026-05-15 14:31:32,2026-05-15 00:05:00,1e317e4371d23a9e,1e317e4371d23a9e_diesel_premium,"AUTO PINTASSILGO, LDA",GALP,diesel_premium,Gasóleo especial,Outro,2.138,Sintra,Lisboa,"EN 247 (Av. dos Bombeiros Voluntários nº 28) Km 79,7",Colares,2705-180,38.80063,-9.44707,"auto pintassilgo, lda",galp,"en 247 (av. dos bombeiros voluntários nº 28) km 79,7","2,138 €",2026-05-15_dgeg_postos_raw.csv,f2cdd18e5e91e701
2026-05-15,2026-05-15 14:31:32,2026-05-15 00:05:00,1e317e4371d23a9e,1e317e4371d23a9e_gasoline_95,"AUTO PINTASSILGO, LDA",GALP,gasoline_95,Gasolina simples 95,Outro,2.076,Sintra,Lisboa,"EN 247 (Av. dos Bombeiros Voluntários nº 28) Km 79,7",Colares,2705-180,38.80063,-9.44707,"auto pintassilgo, lda",galp,"en 247 (av. dos bombeiros voluntários nº 28) km 79,7","2,076 €",2026-05-15_dgeg_postos_raw.csv,69d1f77ae8d59170
2026-05-15,2026-05-15 14:31:32,2026-05-15 00:05:00,6990d1b140cf77fd,6990d1b140cf77fd_diesel_regular,"PETROPÓVOA - COMÉRCIO DE COMBUSTÍVEIS, LDA.",GALP,diesel_regular,Gasóleo simples,Outro,2.019,Sintra,Lisboa,Arneiro dos Marinheiros,São João das Lampas,2710-343,38.86304,-9.41773,"petropóvoa - comércio de combustíveis, lda.",galp,arneiro dos marinheiros,"2,019 €",2026-05-15_dgeg_postos_raw.csv,25419bef93edd54c
2026-05-15,2026-05-15 14:31:32,2026-05-15 00:05:00,6990d1b140cf77fd,6990d1b140cf77fd_diesel_premium,"PETROPÓVOA - COMÉRCIO DE COMBUSTÍVEIS, LDA.",GALP,diesel_premium,Gasóleo especial,Outro,2.079,Sintra,Lisboa,Arneiro dos Marinheiros,São João das Lampas,2710-343,38.86304,-9.41773,"petropóvoa - comércio de combustíveis, lda.",galp,arneiro dos marinheiros,"2,079 €",2026-05-15_dgeg_postos_raw.csv,c64a05a90da95893
2026-05-15,2026-05-15 14:31:32,2026-05-15 00:05:00,6990d1b140cf77fd,6990d1b140cf77fd_gasoline_95,"PETROPÓVOA - COMÉRCIO DE COMBUSTÍVEIS, LDA.",GALP,gasoline_95,Gasolina simples 95,Outro,2.016,Sintra,Lisboa,Arneiro dos Marinheiros,São João das Lampas,2710-343,38.86304,-9.41773,"petropóvoa - comércio de combustíveis, lda.",galp,arneiro dos marinheiros,"2,016 €",2026-05-15_dgeg_postos_raw.csv,7cac2506ef0c0b76
2026-05-15,2026-05-15 14:31:32,2026-05-15 00:05:00,cb1053d266573b37,cb1053d266573b37_diesel_regular,"VREI, Lda.",GALP,diesel_regular,Gasóleo simples,Outro,2.065,Vila de Rei,Castelo Branco,"EN 2 Km 365,9",Vila de Rei,6110-202,39.678694,-8.14244,"vrei, lda.",galp,"en 2 km 365,9","2,065 €",2026-05-15_dgeg_postos_raw.csv,ba6c502bf68e715e
2026-05-15,2026-05-15 14:31:32,2026-05-15 00:05:00,cb1053d266573b37,cb1053d266573b37_diesel_premium,"VREI, Lda.",GALP,diesel_premium,Gasóleo especial,Outro,2.115,Vila de Rei,Castelo Branco,"EN 2 Km 365,9",Vila de Rei,6110-202,39.678694,-8.14244,"vrei, lda.",galp,"en 2 km 365,9","2,115 €",2026-05-15_dgeg_postos_raw.csv,bc91ed315a3c9668
2026-05-15,2026-05-15 14:31:32,2026-05-15 00:05:00,cb1053d266573b37,cb1053d266573b37_gasoline_95,"VREI, Lda.",GALP,gasoline_95,Gasolina simples 95,Outro,2.061,Vila de Rei,Castelo Branco,"EN 2 Km 365,9",Vila de Rei,6110-202,39.678694,-8.14244,"vrei, lda.",galp,"en 2 km 365,9","2,061 €",2026-05-15_dgeg_postos_raw.csv,5f65fdcaafb9810f
2026-05-15,2026-05-15 14:31:32,2026-05-15 00:05:00,83b595a2b5e2f91c,83b595a2b5e2f91c_diesel_regular,"Sociedade Combustiveis Silva do Vale, Ldª",GALP,diesel_regular,Gasóleo simples,Outro,2.029,Viana do Castelo,Viana do Castelo,Av. 25 de Abril,Viana do Castelo,4900-496,41.694361,-8.838212,"sociedade combustiveis silva do vale, ldª",galp,av. 25 de abril,"2,029 €",2026-05-15_dgeg_postos_raw.csv,3ec004192e646a42
2026-05-15,2026-05-15 14:31:32,2026-05-15 00:05:00,83b595a2b5e2f91c,83b595a2b5e2f91c_diesel_premium,"Sociedade Combustiveis Silva do Vale, Ldª",GALP,diesel_premium,Gasóleo especial,Outro,2.079,Viana do Castelo,Viana do Castelo,Av. 25 de Abril,Viana do Castelo,4900-496,41.694361,-8.838212,"sociedade combustiveis silva do vale, ldª",galp,av. 25 de abril,"2,079 €",2026-05-15_dgeg_postos_raw.csv,e80cbd70221e2c64
2026-05-15,2026-05-15 14:31:32,2026-05-15 00:05:00,83b595a2b5e2f91c,83b595a2b5e2f91c_gasoline_95,"Sociedade Combustiveis Silva do Vale, Ldª",GALP,gasoline_95,Gasolina simples 95,Outro,2.026,Viana do Castelo,Viana do Castelo,Av. 25 de Abril,Viana do Castelo,4900-496,41.694361,-8.838212,"sociedade combustiveis silva do vale, ldª",galp,av. 25 de abril,"2,026 €",2026-05-15_dgeg_postos_raw.csv,8990182ebf2d872d
2026-05-15,2026-05-15 14:31:32,2026-05-15 00:05:00,cbaf92e838f3e482,cbaf92e838f3e482_diesel_regular,"ANTONIO R. OLIVEIRA AMARAL & FILHO, LDA",GALP,diesel_regular,Gasóleo simples,Outro,2.029,Viana do Castelo,Viana do Castelo,"EN 13, Km 68,926",Viana do Castelo,4900-000,41.696661,-8.843521,"antonio r. oliveira amaral & filho, lda",galp,"en 13, km 68,926","2,029 €",2026-05-15_dgeg_postos_raw.csv,769f13bef190db30
2026-05-15,2026-05-15 14:31:32,2026-05-15 00:05:00,cbaf92e838f3e482,cbaf92e838f3e482_diesel_premium,"ANTONIO R. OLIVEIRA AMARAL & FILHO, LDA",GALP,diesel_premium,Gasóleo especial,Outro,2.079,Viana do Castelo,Viana do Castelo,"EN 13, Km 68,926",Viana do Castelo,4900-000,41.696661,-8.843521,"antonio r. oliveira amaral & filho, lda",galp,"en 13, km 68,926","2,079 €",2026-05-15_dgeg_postos_raw.csv,f0cc696d11370725
2026-05-15,2026-05-15 14:31:32,2026-05-15 00:05:00,cbaf92e838f3e482,cbaf92e838f3e482_gasoline_95,"ANTONIO R. OLIVEIRA AMARAL & FILHO, LDA",GALP,gasoline_95,Gasolina simples 95,Outro,2.026,Viana do Castelo,Viana do Castelo,"EN 13, Km 68,926",Viana do Castelo,4900-000,41.696661,-8.843521,"antonio r. oliveira amaral & filho, lda",galp,"en 13, km 68,926","2,026 €",2026-05-15_dgeg_postos_raw.csv,06bd27d434e239d4
2026-05-15,2026-05-15 14:31:32,2026-05-15 00:05:00,5f591dae012bf263,5f591dae012bf263_diesel_regular,ROCHA E COSTA LDA,GALP,diesel_regular,Gasóleo simples,Outro,2.029,Viana do Castelo,Viana do Castelo,"EN 203 - Km 7,200",Deão,4905-254,41.70589,-8.71169,rocha e costa lda,galp,"en 203 - km 7,200","2,029 €",2026-05-15_dgeg_postos_raw.csv,7fb6e5e0e7837808
2026-05-15,2026-05-15 14:31:32,2026-05-15 00:05:00,5f591dae012bf263,5f591dae012bf263_diesel_premium,ROCHA E COSTA LDA,GALP,diesel_premium,Gasóleo especial,Outro,2.079,Viana do Castelo,Viana do Castelo,"EN 203 - Km 7,200",Deão,4905-254,41.70589,-8.71169,rocha e costa lda,galp,"en 203 - km 7,200","2,079 €",2026-05-15_dgeg_postos_raw.csv,61797ae20401d082
2026-05-15,2026-05-15 14:31:32,2026-05-15 00:05:00,5f591dae012bf263,5f591dae012bf263_gasoline_95,ROCHA E COSTA LDA,GALP,gasoline_95,Gasolina simples 95,Outro,2.026,Viana do Castelo,Viana do Castelo,"EN 203 - Km 7,200",Deão,4905-254,41.70589,-8.71169,rocha e costa lda,galp,"en 203 - km 7,200","2,026 €",2026-05-15_dgeg_postos_raw.csv,2c6f9251875d2f70
2026-05-15,2026-05-15 14:31:32,2026-05-15 00:05:00,d485d0a073ff1ce5,d485d0a073ff1ce5_diesel_regular,GALP Arrifana (Posto 16008),GALP,diesel_regular,Gasóleo simples,Outro,2.029,Santa Maria da Feira,Aveiro,"Rua Terras de Santa Maria, 1531",Arrifana,3700-398,40.91196,-8.49423,galp arrifana (posto 16008),galp,"rua terras de santa maria, 1531","2,029 €",2026-05-15_dgeg_postos_raw.csv,a1f8b11cd66108c8
2026-05-15,2026-05-15 14:31:32,2026-05-15 00:05:00,d485d0a073ff1ce5,d485d0a073ff1ce5_diesel_premium,GALP Arrifana (Posto 16008),GALP,diesel_premium,Gasóleo especial,Outro,2.079,Santa Maria da Feira,Aveiro,"Rua Terras de Santa Maria, 1531",Arrifana,3700-398,40.91196,-8.49423,galp arrifana (posto 16008),galp,"rua terras de santa maria, 1531","2,079 €",2026-05-15_dgeg_postos_raw.csv,314f5938d3df6a26
2026-05-15,2026-05-15 14:31:32,2026-05-15 00:05:00,d485d0a073ff1ce5,d485d0a073ff1ce5_gasoline_95,GALP Arrifana (Posto 16008),GALP,gasoline_95,Gasolina simples 95,Outro,2.026,Santa Maria da Feira,Aveiro,"Rua Terras de Santa Maria, 1531",Arrifana,3700-398,40.91196,-8.49423,galp arrifana (posto 16008),galp,"rua terras de santa maria, 1531","2,026 €",2026-05-15_dgeg_postos_raw.csv,e7fa1a42dbf5f30d
2026-05-15,2026-05-15 14:31:32,2026-05-15 00:05:00,68eea62e56ce015d,68eea62e56ce015d_diesel_regular,"Morais, Lda.",GALP,diesel_regular,Gasóleo simples,Outro,2.055,Valpaços,Vila Real,EN 206,Carrazedo de Montenegro,5445-000,41.56462,-7.42686,"morais, lda.",galp,en 206,"2,055 €",2026-05-15_dgeg_postos_raw.csv,017eb63f13c0ac8b
2026-05-15,2026-05-15 14:31:32,2026-05-15 00:05:00,68eea62e56ce015d,68eea62e56ce015d_diesel_premium,"Morais, Lda.",GALP,diesel_premium,Gasóleo especial,Outro,2.105,Valpaços,Vila Real,EN 206,Carrazedo de Montenegro,5445-000,41.56462,-7.42686,"morais, lda.",galp,en 206,"2,105 €",2026-05-15_dgeg_postos_raw.csv,732f8a68b3964158
2026-05-15,2026-05-15 14:31:32,2026-05-15 00:05:00,68eea62e56ce015d,68eea62e56ce015d_gasoline_95,"Morais, Lda.",GALP,gasoline_95,Gasolina simples 95,Outro,2.051,Valpaços,Vila Real,EN 206,Carrazedo de Montenegro,5445-000,41.56462,-7.42686,"morais, lda.",galp,en 206,"2,051 €",2026-05-15_dgeg_postos_raw.csv,8a821ffedeb93456
2026-05-15,2026-05-15 14:31:32,2026-05-15 00:05:00,6af3e11a38851151,6af3e11a38851151_diesel_regular,CRISALBI,GALP,diesel_regular,Gasóleo simples,Outro,2.029,Vendas Novas,Évora,EN 4 (Rua da Boavista) Km 56,Vendas Novas,7080-063,38.682167,-8.473376,crisalbi,galp,en 4 (rua da boavista) km 56,"2,029 €",2026-05-15_dgeg_postos_raw.csv,4760ca59d22c0b07
2026-05-15,2026-05-15 14:31:32,2026-05-15 00:05:00,6af3e11a38851151,6af3e11a38851151_diesel_premium,CRISALBI,GALP,diesel_premium,Gasóleo especial,Outro,2.079,Vendas Novas,Évora,EN 4 (Rua da Boavista) Km 56,Vendas Novas,7080-063,38.682167,-8.473376,crisalbi,galp,en 4 (rua da boavista) km 56,"2,079 €",2026-05-15_dgeg_postos_raw.csv,8ff7446e674d4c43
2026-05-15,2026-05-15 14:31:32,2026-05-15 00:05:00,6af3e11a38851151,6af3e11a38851151_gasoline_95,CRISALBI,GALP,gasoline_95,Gasolina simples 95,Outro,2.026,Vendas Novas,Évora,EN 4 (Rua da Boavista) Km 56,Vendas Novas,7080-063,38.682167,-8.473376,crisalbi,galp,en 4 (rua da boavista) km 56,"2,026 €",2026-05-15_dgeg_postos_raw.csv,c4c650d677bf2578
2026-05-15,2026-05-15 14:31:32,2026-05-15 00:05:00,b85d1b15f7bd601c,b85d1b15f7bd601c_gasoline_98,RIO ALTO EMPRESAS TURISTICOS LDA(2),GALP,gasoline_98,Gasolina especial 98,Outro,2.247,Póvoa de Varzim,Porto,Rua da Estela nº 1022,Estela,4570-209,41.44602,-8.7536,rio alto empresas turisticos lda(2),galp,rua da estela nº 1022,"2,247 €",2026-05-15_dgeg_postos_raw.csv,47ef1630b0e19f56
2026-05-15,2026-05-15 14:31:32,2026-05-15 00:05:00,f90715d4473daf28,f90715d4473daf28_diesel_regular,"PETROFROTA – POSTO DE ABASTECIMENTO, LDA",GALP,diesel_regular,Gasóleo simples,Outro,2.035,Torres Vedras,Lisboa,"EN 9 Km 66,5",Casal do Alconde,2560-134,39.09604,-9.26694,"petrofrota – posto de abastecimento, lda",galp,"en 9 km 66,5","2,035 €",2026-05-15_dgeg_postos_raw.csv,775057c41b29cb96
2026-05-15,2026-05-15 14:31:32,2026-05-15 00:05:00,f90715d4473daf28,f90715d4473daf28_diesel_premium,"PETROFROTA – POSTO DE ABASTECIMENTO, LDA",GALP,diesel_premium,Gasóleo especial,Outro,2.085,Torres Vedras,Lisboa,"EN 9 Km 66,5",Casal do Alconde,2560-134,39.09604,-9.26694,"petrofrota – posto de abastecimento, lda",galp,"en 9 km 66,5","2,085 €",2026-05-15_dgeg_postos_raw.csv,100dff9a1ad81924
2026-05-15,2026-05-15 14:31:32,2026-05-15 00:05:00,f90715d4473daf28,f90715d4473daf28_gasoline_95,"PETROFROTA – POSTO DE ABASTECIMENTO, LDA",GALP,gasoline_95,Gasolina simples 95,Outro,2.031,Torres Vedras,Lisboa,"EN 9 Km 66,5",Casal do Alconde,2560-134,39.09604,-9.26694,"petrofrota – posto de abastecimento, lda",galp,"en 9 km 66,5","2,031 €",2026-05-15_dgeg_postos_raw.csv,5b30af802c677ec6
2026-05-15,2026-05-15 14:31:32,2026-05-15 00:05:00,31affe41e2e2d0f1,31affe41e2e2d0f1_diesel_regular,"PEREIRAS, LDA.(2)",GALP,diesel_regular,Gasóleo simples,Outro,2.035,Torres Vedras,Lisboa,EN 8 Km 44,Barró,2560-000,39.070331,-9.244646,"pereiras, lda.(2)",galp,en 8 km 44,"2,035 €",2026-05-15_dgeg_postos_raw.csv,d6ea51083ca9acab
2026-05-15,2026-05-15 14:31:32,2026-05-15 00:05:00,31affe41e2e2d0f1,31affe41e2e2d0f1_diesel_premium,"PEREIRAS, LDA.(2)",GALP,diesel_premium,Gasóleo especial,Outro,2.085,Torres Vedras,Lisboa,EN 8 Km 44,Barró,2560-000,39.070331,-9.244646,"pereiras, lda.(2)",galp,en 8 km 44,"2,085 €",2026-05-15_dgeg_postos_raw.csv,1d6f1e6f654be45d
2026-05-15,2026-05-15 14:31:32,2026-05-15 00:05:00,31affe41e2e2d0f1,31affe41e2e2d0f1_gasoline_95,"PEREIRAS, LDA.(2)",GALP,gasoline_95,Gasolina simples 95,Outro,2.031,Torres Vedras,Lisboa,EN 8 Km 44,Barró,2560-000,39.070331,-9.244646,"pereiras, lda.(2)",galp,en 8 km 44,"2,031 €",2026-05-15_dgeg_postos_raw.csv,3c35e860426aff18
2026-05-15,2026-05-15 14:31:32,2026-05-15 00:05:00,0931de34654f7398,0931de34654f7398_diesel_regular,"Petrovaz - Rev. Comb. Granel, Lda",GALP,diesel_regular,Gasóleo simples,Outro,2.029,Trofa,Porto,EN 14 (Rua Dom Pedro V),Bougado,4785-309,41.343264,-8.556895,"petrovaz - rev. comb. granel, lda",galp,en 14 (rua dom pedro v),"2,029 €",2026-05-15_dgeg_postos_raw.csv,47df9ade052ee0f1
2026-05-15,2026-05-15 14:31:32,2026-05-15 00:05:00,0931de34654f7398,0931de34654f7398_diesel_premium,"Petrovaz - Rev. Comb. Granel, Lda",GALP,diesel_premium,Gasóleo especial,Outro,2.079,Trofa,Porto,EN 14 (Rua Dom Pedro V),Bougado,4785-309,41.343264,-8.556895,"petrovaz - rev. comb. granel, lda",galp,en 14 (rua dom pedro v),"2,079 €",2026-05-15_dgeg_postos_raw.csv,3ddbd7e96a9eb84f
2026-05-15,2026-05-15 14:31:32,2026-05-15 00:05:00,0931de34654f7398,0931de34654f7398_gasoline_95,"Petrovaz - Rev. Comb. Granel, Lda",GALP,gasoline_95,Gasolina simples 95,Outro,2.026,Trofa,Porto,EN 14 (Rua Dom Pedro V),Bougado,4785-309,41.343264,-8.556895,"petrovaz - rev. comb. granel, lda",galp,en 14 (rua dom pedro v),"2,026 €",2026-05-15_dgeg_postos_raw.csv,b4257e99db7f6850
2026-05-15,2026-05-15 14:31:32,2026-05-15 00:05:00,d285e1d1ab5357a6,d285e1d1ab5357a6_diesel_regular,"Domingos & Júlia Tristão, Lda.",GALP,diesel_regular,Gasóleo simples,Outro,2.029,Valença,Viana do Castelo,"Avenida de Espanha - EN 13, Km130.92",Valença do Minho,4930-677,42.03276,-8.64279,"domingos & júlia tristão, lda.",galp,"avenida de espanha - en 13, km130.92","2,029 €",2026-05-15_dgeg_postos_raw.csv,6237f7c7b43b0eec
2026-05-15,2026-05-15 14:31:32,2026-05-15 00:05:00,d285e1d1ab5357a6,d285e1d1ab5357a6_diesel_premium,"Domingos & Júlia Tristão, Lda.",GALP,diesel_premium,Gasóleo especial,Outro,2.079,Valença,Viana do Castelo,"Avenida de Espanha - EN 13, Km130.92",Valença do Minho,4930-677,42.03276,-8.64279,"domingos & júlia tristão, lda.",galp,"avenida de espanha - en 13, km130.92","2,079 €",2026-05-15_dgeg_postos_raw.csv,3f7db00736023490
2026-05-15,2026-05-15 14:31:32,2026-05-15 00:05:00,d285e1d1ab5357a6,d285e1d1ab5357a6_gasoline_95,"Domingos & Júlia Tristão, Lda.",GALP,gasoline_95,Gasolina simples 95,Outro,2.026,Valença,Viana do Castelo,"Avenida de Espanha - EN 13, Km130.92",Valença do Minho,4930-677,42.03276,-8.64279,"domingos & júlia tristão, lda.",galp,"avenida de espanha - en 13, km130.92","2,026 €",2026-05-15_dgeg_postos_raw.csv,fc60ed2ddd0a1893
2026-05-15,2026-05-15 14:31:32,2026-05-15 00:05:00,de737206dd8cc991,de737206dd8cc991_diesel_regular,"Costa & Silva, Lda.",GALP,diesel_regular,Gasóleo simples,Outro,2.029,Valença,Viana do Castelo,"Troias - EN 13, Km 117,400",Valença,4930-000,42.01794,-8.63926,"costa & silva, lda.",galp,"troias - en 13, km 117,400","2,029 €",2026-05-15_dgeg_postos_raw.csv,f6bd2ddfbb6a3c6e
2026-05-15,2026-05-15 14:31:32,2026-05-15 00:05:00,de737206dd8cc991,de737206dd8cc991_diesel_premium,"Costa & Silva, Lda.",GALP,diesel_premium,Gasóleo especial,Outro,2.079,Valença,Viana do Castelo,"Troias - EN 13, Km 117,400",Valença,4930-000,42.01794,-8.63926,"costa & silva, lda.",galp,"troias - en 13, km 117,400","2,079 €",2026-05-15_dgeg_postos_raw.csv,d8ff6f5c5324b3bd
2026-05-15,2026-05-15 14:31:32,2026-05-15 00:05:00,de737206dd8cc991,de737206dd8cc991_gasoline_95,"Costa & Silva, Lda.",GALP,gasoline_95,Gasolina simples 95,Outro,2.026,Valença,Viana do Castelo,"Troias - EN 13, Km 117,400",Valença,4930-000,42.01794,-8.63926,"costa & silva, lda.",galp,"troias - en 13, km 117,400","2,026 €",2026-05-15_dgeg_postos_raw.csv,111734227fe4bea7
2026-05-15,2026-05-15 14:31:32,2026-05-15 00:05:00,f056b4a14da0dc0c,f056b4a14da0dc0c_diesel_regular,"TFGest - Gestão e Comércio de Produtos Petrolíferos, Lda.",GALP,diesel_regular,Gasóleo simples,Outro,2.015,Valongo,Porto,"EN 105 Km 8,4",Várzea,4445-245,41.23792,-8.532845,"tfgest - gestão e comércio de produtos petrolíferos, lda.",galp,"en 105 km 8,4","2,015 €",2026-05-15_dgeg_postos_raw.csv,30dfc86364aa7961
2026-05-15,2026-05-15 14:31:32,2026-05-15 00:05:00,f056b4a14da0dc0c,f056b4a14da0dc0c_diesel_premium,"TFGest - Gestão e Comércio de Produtos Petrolíferos, Lda.",GALP,diesel_premium,Gasóleo especial,Outro,2.065,Valongo,Porto,"EN 105 Km 8,4",Várzea,4445-245,41.23792,-8.532845,"tfgest - gestão e comércio de produtos petrolíferos, lda.",galp,"en 105 km 8,4","2,065 €",2026-05-15_dgeg_postos_raw.csv,0356010873448a37
2026-05-15,2026-05-15 14:31:32,2026-05-15 00:05:00,f056b4a14da0dc0c,f056b4a14da0dc0c_gasoline_95,"TFGest - Gestão e Comércio de Produtos Petrolíferos, Lda.",GALP,gasoline_95,Gasolina simples 95,Outro,2.011,Valongo,Porto,"EN 105 Km 8,4",Várzea,4445-245,41.23792,-8.532845,"tfgest - gestão e comércio de produtos petrolíferos, lda.",galp,"en 105 km 8,4","2,011 €",2026-05-15_dgeg_postos_raw.csv,72a9be1bc8ef293e
2026-05-15,2026-05-15 14:31:32,2026-05-15 00:05:00,223cbbae148b61f6,223cbbae148b61f6_diesel_regular,"Petroazul - Combustiveis e Serviços, Lda",GALP,diesel_regular,Gasóleo simples,Outro,2.055,Porto,Porto,Av. Fernão de Magalhães nº 2322,Antas,4350-172,41.169189,-8.586909,"petroazul - combustiveis e serviços, lda",galp,av. fernão de magalhães nº 2322,"2,055 €",2026-05-15_dgeg_postos_raw.csv,22c50daa971e4b0c
2026-05-15,2026-05-15 14:31:32,2026-05-15 00:05:00,223cbbae148b61f6,223cbbae148b61f6_diesel_premium,"Petroazul - Combustiveis e Serviços, Lda",GALP,diesel_premium,Gasóleo especial,Outro,2.105,Porto,Porto,Av. Fernão de Magalhães nº 2322,Antas,4350-172,41.169189,-8.586909,"petroazul - combustiveis e serviços, lda",galp,av. fernão de magalhães nº 2322,"2,105 €",2026-05-15_dgeg_postos_raw.csv,3a31fba2f7134719
2026-05-15,2026-05-15 14:31:32,2026-05-15 00:05:00,223cbbae148b61f6,223cbbae148b61f6_gasoline_95,"Petroazul - Combustiveis e Serviços, Lda",GALP,gasoline_95,Gasolina simples 95,Outro,2.051,Porto,Porto,Av. Fernão de Magalhães nº 2322,Antas,4350-172,41.169189,-8.586909,"petroazul - combustiveis e serviços, lda",galp,av. fernão de magalhães nº 2322,"2,051 €",2026-05-15_dgeg_postos_raw.csv,c70d0c831615c456
2026-05-15,2026-05-15 14:31:32,2026-05-15 00:05:00,223cbbae148b61f6,223cbbae148b61f6_gasoline_98,"Petroazul - Combustiveis e Serviços, Lda",GALP,gasoline_98,Gasolina especial 98,Outro,2.261,Porto,Porto,Av. Fernão de Magalhães nº 2322,Antas,4350-172,41.169189,-8.586909,"petroazul - combustiveis e serviços, lda",galp,av. fernão de magalhães nº 2322,"2,261 €",2026-05-15_dgeg_postos_raw.csv,5b05f729caeb916c
2026-05-15,2026-05-15 14:31:32,2026-05-15 00:05:00,169b6a920c31fb1e,169b6a920c31fb1e_diesel_regular,"Socovira - Sociedade combustiveis Via Rápida, Ldª",GALP,diesel_regular,Gasóleo simples,Outro,2.055,Porto,Porto,"Av. Fernão de Magalhães, 3363",Areosa,4300-000,41.178441,-8.582751,"socovira - sociedade combustiveis via rápida, ldª",galp,"av. fernão de magalhães, 3363","2,055 €",2026-05-15_dgeg_postos_raw.csv,e66b9e1e6f9ac2b5
2026-05-15,2026-05-15 14:31:32,2026-05-15 00:05:00,169b6a920c31fb1e,169b6a920c31fb1e_diesel_premium,"Socovira - Sociedade combustiveis Via Rápida, Ldª",GALP,diesel_premium,Gasóleo especial,Outro,2.105,Porto,Porto,"Av. Fernão de Magalhães, 3363",Areosa,4300-000,41.178441,-8.582751,"socovira - sociedade combustiveis via rápida, ldª",galp,"av. fernão de magalhães, 3363","2,105 €",2026-05-15_dgeg_postos_raw.csv,1c12c053660acb52
2026-05-15,2026-05-15 14:31:32,2026-05-15 00:05:00,169b6a920c31fb1e,169b6a920c31fb1e_gasoline_95,"Socovira - Sociedade combustiveis Via Rápida, Ldª",GALP,gasoline_95,Gasolina simples 95,Outro,2.051,Porto,Porto,"Av. Fernão de Magalhães, 3363",Areosa,4300-000,41.178441,-8.582751,"socovira - sociedade combustiveis via rápida, ldª",galp,"av. fernão de magalhães, 3363","2,051 €",2026-05-15_dgeg_postos_raw.csv,9e98e6f9521e13df
2026-05-15,2026-05-15 14:31:32,2026-05-15 00:05:00,fcac58cf19172495,fcac58cf19172495_diesel_regular,"Socovira - Sociedade combustiveis Via Rápida, Ldª",GALP,diesel_regular,Gasóleo simples,Outro,2.055,Porto,Porto,"Av. Fernão de Magalhães, 3352",Currais,4300-000,41.178215,-8.582491,"socovira - sociedade combustiveis via rápida, ldª",galp,"av. fernão de magalhães, 3352","2,055 €",2026-05-15_dgeg_postos_raw.csv,afc66bf8ec2e125c
2026-05-15,2026-05-15 14:31:32,2026-05-15 00:05:00,fcac58cf19172495,fcac58cf19172495_diesel_premium,"Socovira - Sociedade combustiveis Via Rápida, Ldª",GALP,diesel_premium,Gasóleo especial,Outro,2.105,Porto,Porto,"Av. Fernão de Magalhães, 3352",Currais,4300-000,41.178215,-8.582491,"socovira - sociedade combustiveis via rápida, ldª",galp,"av. fernão de magalhães, 3352","2,105 €",2026-05-15_dgeg_postos_raw.csv,d382a46960dc15ff
2026-05-15,2026-05-15 14:31:32,2026-05-15 00:05:00,fcac58cf19172495,fcac58cf19172495_gasoline_95,"Socovira - Sociedade combustiveis Via Rápida, Ldª",GALP,gasoline_95,Gasolina simples 95,Outro,2.051,Porto,Porto,"Av. Fernão de Magalhães, 3352",Currais,4300-000,41.178215,-8.582491,"socovira - sociedade combustiveis via rápida, ldª",galp,"av. fernão de magalhães, 3352","2,051 €",2026-05-15_dgeg_postos_raw.csv,563d830b8d29312e
2026-05-15,2026-05-15 14:31:32,2026-05-15 00:05:00,409eadfa85426f9e,409eadfa85426f9e_diesel_regular,José Cardoso Oliveira Dolores,GALP,diesel_regular,Gasóleo simples,Outro,2.079,Santa Marta de Penaguião,Vila Real,"Rua dos Combatentes, 82",Santa Marta de Penaguião,5030-477,41.21288,-7.78446,josé cardoso oliveira dolores,galp,"rua dos combatentes, 82","2,079 €",2026-05-15_dgeg_postos_raw.csv,952a265f02ea04b8
2026-05-15,2026-05-15 14:31:32,2026-05-15 00:05:00,409eadfa85426f9e,409eadfa85426f9e_diesel_premium,José Cardoso Oliveira Dolores,GALP,diesel_premium,Gasóleo especial,Outro,2.129,Santa Marta de Penaguião,Vila Real,"Rua dos Combatentes, 82",Santa Marta de Penaguião,5030-477,41.21288,-7.78446,josé cardoso oliveira dolores,galp,"rua dos combatentes, 82","2,129 €",2026-05-15_dgeg_postos_raw.csv,f7120f3f433b600d
2026-05-15,2026-05-15 14:31:32,2026-05-15 00:05:00,409eadfa85426f9e,409eadfa85426f9e_gasoline_95,José Cardoso Oliveira Dolores,GALP,gasoline_95,Gasolina simples 95,Outro,2.072,Santa Marta de Penaguião,Vila Real,"Rua dos Combatentes, 82",Santa Marta de Penaguião,5030-477,41.21288,-7.78446,josé cardoso oliveira dolores,galp,"rua dos combatentes, 82","2,072 €",2026-05-15_dgeg_postos_raw.csv,5d94c4b1f5b0675f
2026-05-15,2026-05-15 14:31:32,2026-05-15 00:05:00,a4a108056544504b,a4a108056544504b_diesel_regular,"J. M. CORDEIRO, LDA.(1)",GALP,diesel_regular,Gasóleo simples,Outro,2.029,Santarém,Santarém,Rua O,Santarém,2000-000,39.237055,-8.703657,"j. m. cordeiro, lda.(1)",galp,rua o,"2,029 €",2026-05-15_dgeg_postos_raw.csv,a5841a6ceec5f028
2026-05-15,2026-05-15 14:31:32,2026-05-15 00:05:00,a4a108056544504b,a4a108056544504b_diesel_premium,"J. M. CORDEIRO, LDA.(1)",GALP,diesel_premium,Gasóleo especial,Outro,2.079,Santarém,Santarém,Rua O,Santarém,2000-000,39.237055,-8.703657,"j. m. cordeiro, lda.(1)",galp,rua o,"2,079 €",2026-05-15_dgeg_postos_raw.csv,b57617e88433519e
2026-05-15,2026-05-15 14:31:32,2026-05-15 00:05:00,a4a108056544504b,a4a108056544504b_gasoline_95,"J. M. CORDEIRO, LDA.(1)",GALP,gasoline_95,Gasolina simples 95,Outro,2.026,Santarém,Santarém,Rua O,Santarém,2000-000,39.237055,-8.703657,"j. m. cordeiro, lda.(1)",galp,rua o,"2,026 €",2026-05-15_dgeg_postos_raw.csv,ea98051fce7446da
2026-05-15,2026-05-15 14:31:32,2026-05-15 00:05:00,b64ec59c30a45961,b64ec59c30a45961_diesel_regular,"J. M. CORDEIRO, LDA.(2)",GALP,diesel_regular,Gasóleo simples,Outro,2.029,Santarém,Santarém,Rua O,Bica de São Domingos,2000-000,39.23667,-8.7033,"j. m. cordeiro, lda.(2)",galp,rua o,"2,029 €",2026-05-15_dgeg_postos_raw.csv,f1fd4d11a2508ec4
2026-05-15,2026-05-15 14:31:32,2026-05-15 00:05:00,b64ec59c30a45961,b64ec59c30a45961_diesel_premium,"J. M. CORDEIRO, LDA.(2)",GALP,diesel_premium,Gasóleo especial,Outro,2.079,Santarém,Santarém,Rua O,Bica de São Domingos,2000-000,39.23667,-8.7033,"j. m. cordeiro, lda.(2)",galp,rua o,"2,079 €",2026-05-15_dgeg_postos_raw.csv,06bac41c008c063d
2026-05-15,2026-05-15 14:31:32,2026-05-15 00:05:00,b64ec59c30a45961,b64ec59c30a45961_gasoline_95,"J. M. CORDEIRO, LDA.(2)",GALP,gasoline_95,Gasolina simples 95,Outro,2.026,Santarém,Santarém,Rua O,Bica de São Domingos,2000-000,39.23667,-8.7033,"j. m. cordeiro, lda.(2)",galp,rua o,"2,026 €",2026-05-15_dgeg_postos_raw.csv,1158d297120a6a4f
2026-05-15,2026-05-15 14:31:32,2026-05-15 00:05:00,d7750989463280e1,d7750989463280e1_diesel_regular,JUNTA DE FREGUESIA DE PERNES,GALP,diesel_regular,Gasóleo simples,Outro,2.025,Santarém,Santarém,"EN 3 (Rua Engº António Torres) Km 58,3",Pernes,2000-495,39.38387,-8.66012,junta de freguesia de pernes,galp,"en 3 (rua engº antónio torres) km 58,3","2,025 €",2026-05-15_dgeg_postos_raw.csv,1090eeafd66685d8
2026-05-15,2026-05-15 14:31:32,2026-05-15 00:05:00,d7750989463280e1,d7750989463280e1_diesel_premium,JUNTA DE FREGUESIA DE PERNES,GALP,diesel_premium,Gasóleo especial,Outro,2.085,Santarém,Santarém,"EN 3 (Rua Engº António Torres) Km 58,3",Pernes,2000-495,39.38387,-8.66012,junta de freguesia de pernes,galp,"en 3 (rua engº antónio torres) km 58,3","2,085 €",2026-05-15_dgeg_postos_raw.csv,190ccee6a57249e0
2026-05-15,2026-05-15 14:31:32,2026-05-15 00:05:00,d7750989463280e1,d7750989463280e1_gasoline_95,JUNTA DE FREGUESIA DE PERNES,GALP,gasoline_95,Gasolina simples 95,Outro,2.021,Santarém,Santarém,"EN 3 (Rua Engº António Torres) Km 58,3",Pernes,2000-495,39.38387,-8.66012,junta de freguesia de pernes,galp,"en 3 (rua engº antónio torres) km 58,3","2,021 €",2026-05-15_dgeg_postos_raw.csv,9e47ce35050bcdea
2026-05-15,2026-05-15 14:31:32,2026-05-15 00:05:00,cb809d30a46a5200,cb809d30a46a5200_diesel_regular,GALP SANTARÉM,GALP,diesel_regular,Gasóleo simples,Outro,2.029,Santarém,Santarém,Rua Cabine,Vale de Estacas,2005-264,39.244524,-8.68941,galp santarém,galp,rua cabine,"2,029 €",2026-05-15_dgeg_postos_raw.csv,95bfb66c5636b2d8
2026-05-15,2026-05-15 14:31:32,2026-05-15 00:05:00,cb809d30a46a5200,cb809d30a46a5200_diesel_premium,GALP SANTARÉM,GALP,diesel_premium,Gasóleo especial,Outro,2.079,Santarém,Santarém,Rua Cabine,Vale de Estacas,2005-264,39.244524,-8.68941,galp santarém,galp,rua cabine,"2,079 €",2026-05-15_dgeg_postos_raw.csv,0dc24f7dcea19597
2026-05-15,2026-05-15 14:31:32,2026-05-15 00:05:00,cb809d30a46a5200,cb809d30a46a5200_gasoline_95,GALP SANTARÉM,GALP,gasoline_95,Gasolina simples 95,Outro,2.026,Santarém,Santarém,Rua Cabine,Vale de Estacas,2005-264,39.244524,-8.68941,galp santarém,galp,rua cabine,"2,026 €",2026-05-15_dgeg_postos_raw.csv,42ecd3439b0821fe
2026-05-15,2026-05-15 14:31:32,2026-05-15 00:05:00,cb809d30a46a5200,cb809d30a46a5200_gasoline_98,GALP SANTARÉM,GALP,gasoline_98,Gasolina especial 98,Outro,2.236,Santarém,Santarém,Rua Cabine,Vale de Estacas,2005-264,39.244524,-8.68941,galp santarém,galp,rua cabine,"2,236 €",2026-05-15_dgeg_postos_raw.csv,f8a05457e6b95ae0
2026-05-15,2026-05-15 14:31:32,2026-05-15 00:05:00,258245df30e53b52,258245df30e53b52_diesel_regular,"JOSÉ C. SIMÕES & MANUEL P. SIMÕES, LDA.",GALP,diesel_regular,Gasóleo simples,Outro,2.079,Santiago do Cacém,Setúbal,EN 261-5 (Azinhal Santo André),Santo André,7500-000,38.05885,-8.7898,"josé c. simões & manuel p. simões, lda.",galp,en 261-5 (azinhal santo andré),"2,079 €",2026-05-15_dgeg_postos_raw.csv,f3cc81407105b854
2026-05-15,2026-05-15 14:31:32,2026-05-15 00:05:00,258245df30e53b52,258245df30e53b52_diesel_premium,"JOSÉ C. SIMÕES & MANUEL P. SIMÕES, LDA.",GALP,diesel_premium,Gasóleo especial,Outro,2.129,Santiago do Cacém,Setúbal,EN 261-5 (Azinhal Santo André),Santo André,7500-000,38.05885,-8.7898,"josé c. simões & manuel p. simões, lda.",galp,en 261-5 (azinhal santo andré),"2,129 €",2026-05-15_dgeg_postos_raw.csv,db9d715d3f672180
2026-05-15,2026-05-15 14:31:32,2026-05-15 00:05:00,258245df30e53b52,258245df30e53b52_gasoline_95,"JOSÉ C. SIMÕES & MANUEL P. SIMÕES, LDA.",GALP,gasoline_95,Gasolina simples 95,Outro,2.072,Santiago do Cacém,Setúbal,EN 261-5 (Azinhal Santo André),Santo André,7500-000,38.05885,-8.7898,"josé c. simões & manuel p. simões, lda.",galp,en 261-5 (azinhal santo andré),"2,072 €",2026-05-15_dgeg_postos_raw.csv,750b0b318801a028
2026-05-15,2026-05-15 14:31:32,2026-05-15 00:05:00,fe329fac62e61cc8,fe329fac62e61cc8_diesel_regular,"RAIVEL E SOBRAL, LDA.",GALP,diesel_regular,Gasóleo simples,Outro,2.055,Santiago do Cacém,Setúbal,EN 262 Km 39,Quinta da Mimosa,7565-101,37.946269,-8.380453,"raivel e sobral, lda.",galp,en 262 km 39,"2,055 €",2026-05-15_dgeg_postos_raw.csv,b7a33abb7c73dd5e
2026-05-15,2026-05-15 14:31:32,2026-05-15 00:05:00,fe329fac62e61cc8,fe329fac62e61cc8_diesel_premium,"RAIVEL E SOBRAL, LDA.",GALP,diesel_premium,Gasóleo especial,Outro,2.105,Santiago do Cacém,Setúbal,EN 262 Km 39,Quinta da Mimosa,7565-101,37.946269,-8.380453,"raivel e sobral, lda.",galp,en 262 km 39,"2,105 €",2026-05-15_dgeg_postos_raw.csv,5f7a1c9074743652
2026-05-15,2026-05-15 14:31:32,2026-05-15 00:05:00,fe329fac62e61cc8,fe329fac62e61cc8_gasoline_95,"RAIVEL E SOBRAL, LDA.",GALP,gasoline_95,Gasolina simples 95,Outro,2.051,Santiago do Cacém,Setúbal,EN 262 Km 39,Quinta da Mimosa,7565-101,37.946269,-8.380453,"raivel e sobral, lda.",galp,en 262 km 39,"2,051 €",2026-05-15_dgeg_postos_raw.csv,659b1d322bd732a4
2026-05-15,2026-05-15 14:31:32,2026-05-15 00:05:00,8c6bc5e92da8a3a5,8c6bc5e92da8a3a5_diesel_regular,"S.C.S. - SOCIEDADE DE COMBUSTÍVEIS DE SANTIAGO, LDA.",GALP,diesel_regular,Gasóleo simples,Outro,2.059,Santiago do Cacém,Setúbal,"EN 120 (Av. Dom Nuno Álvares Pereira) Km 47,85",Santiago do Cacém,7540-103,38.013631,-8.692836,"s.c.s. - sociedade de combustíveis de santiago, lda.",galp,"en 120 (av. dom nuno álvares pereira) km 47,85","2,059 €",2026-05-15_dgeg_postos_raw.csv,7bdc674a3a8b42ca
2026-05-15,2026-05-15 14:31:32,2026-05-15 00:05:00,8c6bc5e92da8a3a5,8c6bc5e92da8a3a5_diesel_premium,"S.C.S. - SOCIEDADE DE COMBUSTÍVEIS DE SANTIAGO, LDA.",GALP,diesel_premium,Gasóleo especial,Outro,2.109,Santiago do Cacém,Setúbal,"EN 120 (Av. Dom Nuno Álvares Pereira) Km 47,85",Santiago do Cacém,7540-103,38.013631,-8.692836,"s.c.s. - sociedade de combustíveis de santiago, lda.",galp,"en 120 (av. dom nuno álvares pereira) km 47,85","2,109 €",2026-05-15_dgeg_postos_raw.csv,57c2885684ed3af6
2026-05-15,2026-05-15 14:31:32,2026-05-15 00:05:00,8c6bc5e92da8a3a5,8c6bc5e92da8a3a5_gasoline_95,"S.C.S. - SOCIEDADE DE COMBUSTÍVEIS DE SANTIAGO, LDA.",GALP,gasoline_95,Gasolina simples 95,Outro,2.056,Santiago do Cacém,Setúbal,"EN 120 (Av. Dom Nuno Álvares Pereira) Km 47,85",Santiago do Cacém,7540-103,38.013631,-8.692836,"s.c.s. - sociedade de combustíveis de santiago, lda.",galp,"en 120 (av. dom nuno álvares pereira) km 47,85","2,056 €",2026-05-15_dgeg_postos_raw.csv,643183d72eb2755c
2026-05-15,2026-05-15 14:31:32,2026-05-15 00:05:00,fb8fccfbbd744694,fb8fccfbbd744694_diesel_regular,Teixeira,GALP,diesel_regular,Gasóleo simples,Outro,2.029,Santo Tirso,Porto,EN 105 (Rua das Rãs),Santo Tirso,4780-536,41.33255,-8.47828,teixeira,galp,en 105 (rua das rãs),"2,029 €",2026-05-15_dgeg_postos_raw.csv,75c691983057aebc
2026-05-15,2026-05-15 14:31:32,2026-05-15 00:05:00,fb8fccfbbd744694,fb8fccfbbd744694_diesel_premium,Teixeira,GALP,diesel_premium,Gasóleo especial,Outro,2.079,Santo Tirso,Porto,EN 105 (Rua das Rãs),Santo Tirso,4780-536,41.33255,-8.47828,teixeira,galp,en 105 (rua das rãs),"2,079 €",2026-05-15_dgeg_postos_raw.csv,9d56d835c2fd8f0b
2026-05-15,2026-05-15 14:31:32,2026-05-15 00:05:00,fb8fccfbbd744694,fb8fccfbbd744694_gasoline_95,Teixeira,GALP,gasoline_95,Gasolina simples 95,Outro,2.026,Santo Tirso,Porto,EN 105 (Rua das Rãs),Santo Tirso,4780-536,41.33255,-8.47828,teixeira,galp,en 105 (rua das rãs),"2,026 €",2026-05-15_dgeg_postos_raw.csv,334a835921139c51
2026-05-15,2026-05-15 14:31:32,2026-05-15 00:05:00,fb8fccfbbd744694,fb8fccfbbd744694_gasoline_98,Teixeira,GALP,gasoline_98,Gasolina especial 98,Outro,2.236,Santo Tirso,Porto,EN 105 (Rua das Rãs),Santo Tirso,4780-536,41.33255,-8.47828,teixeira,galp,en 105 (rua das rãs),"2,236 €",2026-05-15_dgeg_postos_raw.csv,f7f465b5d47f0d44
2026-05-15,2026-05-15 14:31:32,2026-05-15 00:05:00,33fab848d184b599,33fab848d184b599_diesel_regular,"VGV,lda Santo Tirso",GALP,diesel_regular,Gasóleo simples,Outro,2.029,Santo Tirso,Porto,EN 105 (Rua das Rãs),Santo Tirso,4780-536,41.33736,-8.47893,"vgv,lda santo tirso",galp,en 105 (rua das rãs),"2,029 €",2026-05-15_dgeg_postos_raw.csv,131c95be166eee8a
2026-05-15,2026-05-15 14:31:32,2026-05-15 00:05:00,33fab848d184b599,33fab848d184b599_diesel_premium,"VGV,lda Santo Tirso",GALP,diesel_premium,Gasóleo especial,Outro,2.079,Santo Tirso,Porto,EN 105 (Rua das Rãs),Santo Tirso,4780-536,41.33736,-8.47893,"vgv,lda santo tirso",galp,en 105 (rua das rãs),"2,079 €",2026-05-15_dgeg_postos_raw.csv,68f582d969fa26ac
2026-05-15,2026-05-15 14:31:32,2026-05-15 00:05:00,33fab848d184b599,33fab848d184b599_gasoline_95,"VGV,lda Santo Tirso",GALP,gasoline_95,Gasolina simples 95,Outro,2.026,Santo Tirso,Porto,EN 105 (Rua das Rãs),Santo Tirso,4780-536,41.33736,-8.47893,"vgv,lda santo tirso",galp,en 105 (rua das rãs),"2,026 €",2026-05-15_dgeg_postos_raw.csv,7577b8c858452137
2026-05-15,2026-05-15 14:31:32,2026-05-15 00:05:00,33fab848d184b599,33fab848d184b599_gasoline_98,"VGV,lda Santo Tirso",GALP,gasoline_98,Gasolina especial 98,Outro,2.236,Santo Tirso,Porto,EN 105 (Rua das Rãs),Santo Tirso,4780-536,41.33736,-8.47893,"vgv,lda santo tirso",galp,en 105 (rua das rãs),"2,236 €",2026-05-15_dgeg_postos_raw.csv,0f7d7d6bab3f7141
2026-05-15,2026-05-15 14:31:32,2026-05-15 00:05:00,46566a214d83c5d4,46566a214d83c5d4_diesel_regular,"LUBRIBRÁS - COMB. E LUB., LDA.",GALP,diesel_regular,Gasóleo simples,Outro,2.035,São Brás de Alportel,Faro,"EN 2 (Rua Evaristo São Gago) Km 722,2",São Brás de Alportel,8150-139,37.15663,-7.89234,"lubribrás - comb. e lub., lda.",galp,"en 2 (rua evaristo são gago) km 722,2","2,035 €",2026-05-15_dgeg_postos_raw.csv,c185e711438e64fb
2026-05-15,2026-05-15 14:31:32,2026-05-15 00:05:00,46566a214d83c5d4,46566a214d83c5d4_diesel_premium,"LUBRIBRÁS - COMB. E LUB., LDA.",GALP,diesel_premium,Gasóleo especial,Outro,2.085,São Brás de Alportel,Faro,"EN 2 (Rua Evaristo São Gago) Km 722,2",São Brás de Alportel,8150-139,37.15663,-7.89234,"lubribrás - comb. e lub., lda.",galp,"en 2 (rua evaristo são gago) km 722,2","2,085 €",2026-05-15_dgeg_postos_raw.csv,b2610a9c0d90be1e
2026-05-15,2026-05-15 14:31:32,2026-05-15 00:05:00,46566a214d83c5d4,46566a214d83c5d4_gasoline_95,"LUBRIBRÁS - COMB. E LUB., LDA.",GALP,gasoline_95,Gasolina simples 95,Outro,2.031,São Brás de Alportel,Faro,"EN 2 (Rua Evaristo São Gago) Km 722,2",São Brás de Alportel,8150-139,37.15663,-7.89234,"lubribrás - comb. e lub., lda.",galp,"en 2 (rua evaristo são gago) km 722,2","2,031 €",2026-05-15_dgeg_postos_raw.csv,852ea93463c6933c
2026-05-15,2026-05-15 14:31:32,2026-05-15 00:05:00,27e628ad1915271f,27e628ad1915271f_diesel_regular,"LEONEL DO ROSÁRIO JORGE, LDA.",GALP,diesel_regular,Gasóleo simples,Outro,2.019,Setúbal,Setúbal,"EN 10 Km 47,2",Sítio dos Pontes,2910-303,38.54968,-8.81143,"leonel do rosário jorge, lda.",galp,"en 10 km 47,2","2,019 €",2026-05-15_dgeg_postos_raw.csv,0058e8bf539bfe90
2026-05-15,2026-05-15 14:31:32,2026-05-15 00:05:00,27e628ad1915271f,27e628ad1915271f_diesel_premium,"LEONEL DO ROSÁRIO JORGE, LDA.",GALP,diesel_premium,Gasóleo especial,Outro,2.069,Setúbal,Setúbal,"EN 10 Km 47,2",Sítio dos Pontes,2910-303,38.54968,-8.81143,"leonel do rosário jorge, lda.",galp,"en 10 km 47,2","2,069 €",2026-05-15_dgeg_postos_raw.csv,f60496920161e9e6
2026-05-15,2026-05-15 14:31:32,2026-05-15 00:05:00,27e628ad1915271f,27e628ad1915271f_gasoline_95,"LEONEL DO ROSÁRIO JORGE, LDA.",GALP,gasoline_95,Gasolina simples 95,Outro,2.017,Setúbal,Setúbal,"EN 10 Km 47,2",Sítio dos Pontes,2910-303,38.54968,-8.81143,"leonel do rosário jorge, lda.",galp,"en 10 km 47,2","2,017 €",2026-05-15_dgeg_postos_raw.csv,0c2f170fc9667511
2026-05-15,2026-05-15 14:31:32,2026-05-15 00:05:00,cff03ea97ecb938a,cff03ea97ecb938a_diesel_regular,"LEONEL ROSÁRIO JORGE, LDA.",GALP,diesel_regular,Gasóleo simples,Outro,2.019,Setúbal,Setúbal,"EN 10 Km 47,2",Sítio dos Pontes,2910-302,38.550012,-8.811718,"leonel rosário jorge, lda.",galp,"en 10 km 47,2","2,019 €",2026-05-15_dgeg_postos_raw.csv,6a8e2236790acba7
2026-05-15,2026-05-15 14:31:32,2026-05-15 00:05:00,cff03ea97ecb938a,cff03ea97ecb938a_diesel_premium,"LEONEL ROSÁRIO JORGE, LDA.",GALP,diesel_premium,Gasóleo especial,Outro,2.069,Setúbal,Setúbal,"EN 10 Km 47,2",Sítio dos Pontes,2910-302,38.550012,-8.811718,"leonel rosário jorge, lda.",galp,"en 10 km 47,2","2,069 €",2026-05-15_dgeg_postos_raw.csv,9368533ec34c32fb
2026-05-15,2026-05-15 14:31:32,2026-05-15 00:05:00,cff03ea97ecb938a,cff03ea97ecb938a_gasoline_95,"LEONEL ROSÁRIO JORGE, LDA.",GALP,gasoline_95,Gasolina simples 95,Outro,2.017,Setúbal,Setúbal,"EN 10 Km 47,2",Sítio dos Pontes,2910-302,38.550012,-8.811718,"leonel rosário jorge, lda.",galp,"en 10 km 47,2","2,017 €",2026-05-15_dgeg_postos_raw.csv,5cd39a45dee84b65
2026-05-15,2026-05-15 14:31:32,2026-05-15 00:05:00,89e20a74c3a4f465,89e20a74c3a4f465_diesel_regular,Estação de Serviço Central,GALP,diesel_regular,Gasóleo simples,Outro,2.019,Setúbal,Setúbal,Av. Infante D. Henrique,Setúbal,2910-529,38.529193,-8.875492,estação de serviço central,galp,av. infante d. henrique,"2,019 €",2026-05-15_dgeg_postos_raw.csv,a1b01ad005d803f7
2026-05-15,2026-05-15 14:31:32,2026-05-15 00:05:00,89e20a74c3a4f465,89e20a74c3a4f465_diesel_premium,Estação de Serviço Central,GALP,diesel_premium,Gasóleo especial,Outro,2.069,Setúbal,Setúbal,Av. Infante D. Henrique,Setúbal,2910-529,38.529193,-8.875492,estação de serviço central,galp,av. infante d. henrique,"2,069 €",2026-05-15_dgeg_postos_raw.csv,bb532e40b6f97916
2026-05-15,2026-05-15 14:31:32,2026-05-15 00:05:00,89e20a74c3a4f465,89e20a74c3a4f465_gasoline_95,Estação de Serviço Central,GALP,gasoline_95,Gasolina simples 95,Outro,2.017,Setúbal,Setúbal,Av. Infante D. Henrique,Setúbal,2910-529,38.529193,-8.875492,estação de serviço central,galp,av. infante d. henrique,"2,017 €",2026-05-15_dgeg_postos_raw.csv,39aeda306c053962
2026-05-15,2026-05-15 14:31:32,2026-05-15 00:05:00,f4b16a1efd8f4271,f4b16a1efd8f4271_diesel_regular,NELSON LOUREIRO LDA,GALP,diesel_regular,Gasóleo simples,Outro,2.055,Sever do Vouga,Aveiro,"EN 16 Km 34,425",Pessegueiro do Vouga,3740-000,40.70874,-8.35728,nelson loureiro lda,galp,"en 16 km 34,425","2,055 €",2026-05-15_dgeg_postos_raw.csv,d565302b95e47586
2026-05-15,2026-05-15 14:31:32,2026-05-15 00:05:00,f4b16a1efd8f4271,f4b16a1efd8f4271_diesel_premium,NELSON LOUREIRO LDA,GALP,diesel_premium,Gasóleo especial,Outro,2.115,Sever do Vouga,Aveiro,"EN 16 Km 34,425",Pessegueiro do Vouga,3740-000,40.70874,-8.35728,nelson loureiro lda,galp,"en 16 km 34,425","2,115 €",2026-05-15_dgeg_postos_raw.csv,d4f5d8a760012156
2026-05-15,2026-05-15 14:31:32,2026-05-15 00:05:00,f4b16a1efd8f4271,f4b16a1efd8f4271_gasoline_95,NELSON LOUREIRO LDA,GALP,gasoline_95,Gasolina simples 95,Outro,2.051,Sever do Vouga,Aveiro,"EN 16 Km 34,425",Pessegueiro do Vouga,3740-000,40.70874,-8.35728,nelson loureiro lda,galp,"en 16 km 34,425","2,051 €",2026-05-15_dgeg_postos_raw.csv,a32bfa76af5bafa2
2026-05-15,2026-05-15 14:31:32,2026-05-15 00:05:00,5776f67d5df0b252,5776f67d5df0b252_diesel_regular,"RAPOSO & LUZIA - COMB. LUB., LDA.",GALP,diesel_regular,Gasóleo simples,Outro,2.055,Serpa,Beja,"EN 260 Km 26,66",Serpa,7830-299,37.95297,-7.60284,"raposo & luzia - comb. lub., lda.",galp,"en 260 km 26,66","2,055 €",2026-05-15_dgeg_postos_raw.csv,da1f5c3f48831151
2026-05-15,2026-05-15 14:31:32,2026-05-15 00:05:00,5776f67d5df0b252,5776f67d5df0b252_diesel_premium,"RAPOSO & LUZIA - COMB. LUB., LDA.",GALP,diesel_premium,Gasóleo especial,Outro,2.105,Serpa,Beja,"EN 260 Km 26,66",Serpa,7830-299,37.95297,-7.60284,"raposo & luzia - comb. lub., lda.",galp,"en 260 km 26,66","2,105 €",2026-05-15_dgeg_postos_raw.csv,6c3888fb4cefd8ba
2026-05-15,2026-05-15 14:31:32,2026-05-15 00:05:00,5776f67d5df0b252,5776f67d5df0b252_gasoline_95,"RAPOSO & LUZIA - COMB. LUB., LDA.",GALP,gasoline_95,Gasolina simples 95,Outro,2.051,Serpa,Beja,"EN 260 Km 26,66",Serpa,7830-299,37.95297,-7.60284,"raposo & luzia - comb. lub., lda.",galp,"en 260 km 26,66","2,051 €",2026-05-15_dgeg_postos_raw.csv,97c008c9de04e68d
2026-05-15,2026-05-15 14:31:32,2026-05-15 00:05:00,8628661ff3142a6f,8628661ff3142a6f_diesel_regular,ANTONIO ANTUNES  MARTINS,GALP,diesel_regular,Gasóleo simples,Outro,2.015,Sertã,Castelo Branco,"EN 2 Km 327,58",Pedrogão Pequeno,6100-000,39.90387,-8.131163,antonio antunes martins,galp,"en 2 km 327,58","2,015 €",2026-05-15_dgeg_postos_raw.csv,64bb15856244e2ec
2026-05-15,2026-05-15 14:31:32,2026-05-15 00:05:00,8628661ff3142a6f,8628661ff3142a6f_diesel_premium,ANTONIO ANTUNES  MARTINS,GALP,diesel_premium,Gasóleo especial,Outro,2.075,Sertã,Castelo Branco,"EN 2 Km 327,58",Pedrogão Pequeno,6100-000,39.90387,-8.131163,antonio antunes martins,galp,"en 2 km 327,58","2,075 €",2026-05-15_dgeg_postos_raw.csv,e97128850764241b
2026-05-15,2026-05-15 14:31:32,2026-05-15 00:05:00,8628661ff3142a6f,8628661ff3142a6f_gasoline_95,ANTONIO ANTUNES  MARTINS,GALP,gasoline_95,Gasolina simples 95,Outro,2.011,Sertã,Castelo Branco,"EN 2 Km 327,58",Pedrogão Pequeno,6100-000,39.90387,-8.131163,antonio antunes martins,galp,"en 2 km 327,58","2,011 €",2026-05-15_dgeg_postos_raw.csv,e45fde034efc2258
2026-05-15,2026-05-15 14:31:32,2026-05-15 00:05:00,34f7ad5122972a28,34f7ad5122972a28_diesel_regular,JOAO SIMOES MATA SILVA LDA,GALP,diesel_regular,Gasóleo simples,Outro,2.019,Sertã,Castelo Branco,"EN 238 Km 33,45",Cernache do Bonjardim,6100-000,39.819511,-8.179675,joao simoes mata silva lda,galp,"en 238 km 33,45","2,019 €",2026-05-15_dgeg_postos_raw.csv,35f3ff19c7b33e1a
2026-05-15,2026-05-15 14:31:32,2026-05-15 00:05:00,34f7ad5122972a28,34f7ad5122972a28_diesel_premium,JOAO SIMOES MATA SILVA LDA,GALP,diesel_premium,Gasóleo especial,Outro,2.069,Sertã,Castelo Branco,"EN 238 Km 33,45",Cernache do Bonjardim,6100-000,39.819511,-8.179675,joao simoes mata silva lda,galp,"en 238 km 33,45","2,069 €",2026-05-15_dgeg_postos_raw.csv,31383c0e9e0cfada
2026-05-15,2026-05-15 14:31:32,2026-05-15 00:05:00,34f7ad5122972a28,34f7ad5122972a28_gasoline_95,JOAO SIMOES MATA SILVA LDA,GALP,gasoline_95,Gasolina simples 95,Outro,2.017,Sertã,Castelo Branco,"EN 238 Km 33,45",Cernache do Bonjardim,6100-000,39.819511,-8.179675,joao simoes mata silva lda,galp,"en 238 km 33,45","2,017 €",2026-05-15_dgeg_postos_raw.csv,917438ad197c2b34
2026-05-15,2026-05-15 14:31:32,2026-05-15 00:05:00,31fa18a76efa28a7,31fa18a76efa28a7_diesel_regular,"Francisco Laia Nunes, Lda",GALP,diesel_regular,Gasóleo simples,Outro,2.019,Sertã,Castelo Branco,EN 238 (Lugar de Santo Amaro),Sertã,6100-000,39.803629,-8.101364,"francisco laia nunes, lda",galp,en 238 (lugar de santo amaro),"2,019 €",2026-05-15_dgeg_postos_raw.csv,f80702291ecd2da2
2026-05-15,2026-05-15 14:31:32,2026-05-15 00:05:00,31fa18a76efa28a7,31fa18a76efa28a7_diesel_premium,"Francisco Laia Nunes, Lda",GALP,diesel_premium,Gasóleo especial,Outro,2.069,Sertã,Castelo Branco,EN 238 (Lugar de Santo Amaro),Sertã,6100-000,39.803629,-8.101364,"francisco laia nunes, lda",galp,en 238 (lugar de santo amaro),"2,069 €",2026-05-15_dgeg_postos_raw.csv,46ca31616069b5ea
2026-05-15,2026-05-15 14:31:32,2026-05-15 00:05:00,31fa18a76efa28a7,31fa18a76efa28a7_gasoline_95,"Francisco Laia Nunes, Lda",GALP,gasoline_95,Gasolina simples 95,Outro,2.017,Sertã,Castelo Branco,EN 238 (Lugar de Santo Amaro),Sertã,6100-000,39.803629,-8.101364,"francisco laia nunes, lda",galp,en 238 (lugar de santo amaro),"2,017 €",2026-05-15_dgeg_postos_raw.csv,6ba1c96a6baee5df
2026-05-15,2026-05-15 14:31:32,2026-05-15 00:05:00,dd9fe22d75805721,dd9fe22d75805721_diesel_regular,"REBOLA & FILHO, LDA.(1)",GALP,diesel_regular,Gasóleo simples,Outro,2.029,Sesimbra,Setúbal,"EN 378 Km 23,7",Sesimbra,2970-000,38.449119,-9.102539,"rebola & filho, lda.(1)",galp,"en 378 km 23,7","2,029 €",2026-05-15_dgeg_postos_raw.csv,6cfe020f1411a990
2026-05-15,2026-05-15 14:31:32,2026-05-15 00:05:00,dd9fe22d75805721,dd9fe22d75805721_diesel_premium,"REBOLA & FILHO, LDA.(1)",GALP,diesel_premium,Gasóleo especial,Outro,2.079,Sesimbra,Setúbal,"EN 378 Km 23,7",Sesimbra,2970-000,38.449119,-9.102539,"rebola & filho, lda.(1)",galp,"en 378 km 23,7","2,079 €",2026-05-15_dgeg_postos_raw.csv,b09e37fc62439e8d
2026-05-15,2026-05-15 14:31:32,2026-05-15 00:05:00,dd9fe22d75805721,dd9fe22d75805721_gasoline_95,"REBOLA & FILHO, LDA.(1)",GALP,gasoline_95,Gasolina simples 95,Outro,2.026,Sesimbra,Setúbal,"EN 378 Km 23,7",Sesimbra,2970-000,38.449119,-9.102539,"rebola & filho, lda.(1)",galp,"en 378 km 23,7","2,026 €",2026-05-15_dgeg_postos_raw.csv,3f34c238c8a33fad
2026-05-15,2026-05-15 14:31:32,2026-05-15 00:05:00,ac06e9d04e874d78,ac06e9d04e874d78_diesel_regular,PETROREGUENGOS,GALP,diesel_regular,Gasóleo simples,Outro,2.015,Reguengos de Monsaraz,Évora,EN 256 Km 20,Reguengos de Monsaraz,7200-000,38.42587,-7.54202,petroreguengos,galp,en 256 km 20,"2,015 €",2026-05-15_dgeg_postos_raw.csv,d7b8feb3193b9f74
2026-05-15,2026-05-15 14:31:32,2026-05-15 00:05:00,ac06e9d04e874d78,ac06e9d04e874d78_diesel_premium,PETROREGUENGOS,GALP,diesel_premium,Gasóleo especial,Outro,2.065,Reguengos de Monsaraz,Évora,EN 256 Km 20,Reguengos de Monsaraz,7200-000,38.42587,-7.54202,petroreguengos,galp,en 256 km 20,"2,065 €",2026-05-15_dgeg_postos_raw.csv,d1e93c4a9c619fec
2026-05-15,2026-05-15 14:31:32,2026-05-15 00:05:00,ac06e9d04e874d78,ac06e9d04e874d78_gasoline_95,PETROREGUENGOS,GALP,gasoline_95,Gasolina simples 95,Outro,2.011,Reguengos de Monsaraz,Évora,EN 256 Km 20,Reguengos de Monsaraz,7200-000,38.42587,-7.54202,petroreguengos,galp,en 256 km 20,"2,011 €",2026-05-15_dgeg_postos_raw.csv,a6750ebb9a2f77f7
2026-05-15,2026-05-15 14:31:32,2026-05-15 00:05:00,bf74e3b54c3a75f4,bf74e3b54c3a75f4_diesel_regular,MARQUES & FILHO - REGUENGOS,GALP,diesel_regular,Gasóleo simples,Outro,2.015,Reguengos de Monsaraz,Évora,EN 256 Km 20,Reguengos de Monsaraz,7200-132,38.42577,-7.54299,marques & filho - reguengos,galp,en 256 km 20,"2,015 €",2026-05-15_dgeg_postos_raw.csv,7efa576a690d6631
2026-05-15,2026-05-15 14:31:32,2026-05-15 00:05:00,bf74e3b54c3a75f4,bf74e3b54c3a75f4_diesel_premium,MARQUES & FILHO - REGUENGOS,GALP,diesel_premium,Gasóleo especial,Outro,2.065,Reguengos de Monsaraz,Évora,EN 256 Km 20,Reguengos de Monsaraz,7200-132,38.42577,-7.54299,marques & filho - reguengos,galp,en 256 km 20,"2,065 €",2026-05-15_dgeg_postos_raw.csv,a53b457ba8086d14
2026-05-15,2026-05-15 14:31:32,2026-05-15 00:05:00,bf74e3b54c3a75f4,bf74e3b54c3a75f4_gasoline_95,MARQUES & FILHO - REGUENGOS,GALP,gasoline_95,Gasolina simples 95,Outro,2.011,Reguengos de Monsaraz,Évora,EN 256 Km 20,Reguengos de Monsaraz,7200-132,38.42577,-7.54299,marques & filho - reguengos,galp,en 256 km 20,"2,011 €",2026-05-15_dgeg_postos_raw.csv,f7a23eba023cf77f
2026-05-15,2026-05-15 14:31:32,2026-05-15 00:05:00,a1acb3af7b9b875a,a1acb3af7b9b875a_diesel_regular,"Guilherme Dias & Filho, Lda.",GALP,diesel_regular,Gasóleo simples,Outro,2.069,Resende,Viseu,"EN 222 Km 104,05",Resende- Cruz,4660-226,41.10586,-7.95642,"guilherme dias & filho, lda.",galp,"en 222 km 104,05","2,069 €",2026-05-15_dgeg_postos_raw.csv,31cd6fcf211bbaab
2026-05-15,2026-05-15 14:31:32,2026-05-15 00:05:00,a1acb3af7b9b875a,a1acb3af7b9b875a_diesel_premium,"Guilherme Dias & Filho, Lda.",GALP,diesel_premium,Gasóleo especial,Outro,2.129,Resende,Viseu,"EN 222 Km 104,05",Resende- Cruz,4660-226,41.10586,-7.95642,"guilherme dias & filho, lda.",galp,"en 222 km 104,05","2,129 €",2026-05-15_dgeg_postos_raw.csv,79644af7721529f5
2026-05-15,2026-05-15 14:31:32,2026-05-15 00:05:00,a1acb3af7b9b875a,a1acb3af7b9b875a_gasoline_95,"Guilherme Dias & Filho, Lda.",GALP,gasoline_95,Gasolina simples 95,Outro,2.056,Resende,Viseu,"EN 222 Km 104,05",Resende- Cruz,4660-226,41.10586,-7.95642,"guilherme dias & filho, lda.",galp,"en 222 km 104,05","2,056 €",2026-05-15_dgeg_postos_raw.csv,c5939fadf97109fc
2026-05-15,2026-05-15 14:31:32,2026-05-15 00:05:00,a1acb3af7b9b875a,a1acb3af7b9b875a_gasoline_98,"Guilherme Dias & Filho, Lda.",GALP,gasoline_98,Gasolina especial 98,Outro,2.276,Resende,Viseu,"EN 222 Km 104,05",Resende- Cruz,4660-226,41.10586,-7.95642,"guilherme dias & filho, lda.",galp,"en 222 km 104,05","2,276 €",2026-05-15_dgeg_postos_raw.csv,774099abab39d5ca
2026-05-15,2026-05-15 14:31:32,2026-05-15 00:05:00,05dd245e82b8b3a3,05dd245e82b8b3a3_diesel_regular,"Petropenense - Unipessoal, Ldª",GALP,diesel_regular,Gasóleo simples,Outro,2.055,Ribeira de Pena,Vila Real,EN 206,Ribeira de Pena,4870-000,41.51646,-7.80282,"petropenense - unipessoal, ldª",galp,en 206,"2,055 €",2026-05-15_dgeg_postos_raw.csv,2e3cefab4548ebed
2026-05-15,2026-05-15 14:31:32,2026-05-15 00:05:00,05dd245e82b8b3a3,05dd245e82b8b3a3_diesel_premium,"Petropenense - Unipessoal, Ldª",GALP,diesel_premium,Gasóleo especial,Outro,2.105,Ribeira de Pena,Vila Real,EN 206,Ribeira de Pena,4870-000,41.51646,-7.80282,"petropenense - unipessoal, ldª",galp,en 206,"2,105 €",2026-05-15_dgeg_postos_raw.csv,875b16790c30f3bf
2026-05-15,2026-05-15 14:31:32,2026-05-15 00:05:00,05dd245e82b8b3a3,05dd245e82b8b3a3_gasoline_95,"Petropenense - Unipessoal, Ldª",GALP,gasoline_95,Gasolina simples 95,Outro,2.051,Ribeira de Pena,Vila Real,EN 206,Ribeira de Pena,4870-000,41.51646,-7.80282,"petropenense - unipessoal, ldª",galp,en 206,"2,051 €",2026-05-15_dgeg_postos_raw.csv,d2a0829bed1d056d
2026-05-15,2026-05-15 14:31:32,2026-05-15 00:05:00,05dd245e82b8b3a3,05dd245e82b8b3a3_gasoline_98,"Petropenense - Unipessoal, Ldª",GALP,gasoline_98,Gasolina especial 98,Outro,2.261,Ribeira de Pena,Vila Real,EN 206,Ribeira de Pena,4870-000,41.51646,-7.80282,"petropenense - unipessoal, ldª",galp,en 206,"2,261 €",2026-05-15_dgeg_postos_raw.csv,da423cf589a5c5e1
2026-05-15,2026-05-15 14:31:32,2026-05-15 00:05:00,425c95c9e56d2d26,425c95c9e56d2d26_diesel_regular,"Deleite do Viajante, Lda.",GALP,diesel_regular,Gasóleo simples,Outro,2.055,Sabrosa,Vila Real,"Av. dos Combatentes da Grande Guerra, 17",Sabrosa,5060-302,41.2658,-7.57667,"deleite do viajante, lda.",galp,"av. dos combatentes da grande guerra, 17","2,055 €",2026-05-15_dgeg_postos_raw.csv,bb45d795a03d75e5
2026-05-15,2026-05-15 14:31:32,2026-05-15 00:05:00,425c95c9e56d2d26,425c95c9e56d2d26_diesel_premium,"Deleite do Viajante, Lda.",GALP,diesel_premium,Gasóleo especial,Outro,2.115,Sabrosa,Vila Real,"Av. dos Combatentes da Grande Guerra, 17",Sabrosa,5060-302,41.2658,-7.57667,"deleite do viajante, lda.",galp,"av. dos combatentes da grande guerra, 17","2,115 €",2026-05-15_dgeg_postos_raw.csv,6e5e53e802da5373
2026-05-15,2026-05-15 14:31:32,2026-05-15 00:05:00,425c95c9e56d2d26,425c95c9e56d2d26_gasoline_95,"Deleite do Viajante, Lda.",GALP,gasoline_95,Gasolina simples 95,Outro,2.051,Sabrosa,Vila Real,"Av. dos Combatentes da Grande Guerra, 17",Sabrosa,5060-302,41.2658,-7.57667,"deleite do viajante, lda.",galp,"av. dos combatentes da grande guerra, 17","2,051 €",2026-05-15_dgeg_postos_raw.csv,b2419619a0d09f92
2026-05-15,2026-05-15 14:31:32,2026-05-15 00:05:00,02bd80f87a1e1e97,02bd80f87a1e1e97_diesel_regular,António Man & David Alexandre,GALP,diesel_regular,Gasóleo simples,Outro,2.029,Sabugal,Guarda,Rua António José de Almeida,Sabugal,6320-000,40.35306,-7.09525,antónio man & david alexandre,galp,rua antónio josé de almeida,"2,029 €",2026-05-15_dgeg_postos_raw.csv,528c7f89729fbed1
2026-05-15,2026-05-15 14:31:32,2026-05-15 00:05:00,02bd80f87a1e1e97,02bd80f87a1e1e97_diesel_premium,António Man & David Alexandre,GALP,diesel_premium,Gasóleo especial,Outro,2.079,Sabugal,Guarda,Rua António José de Almeida,Sabugal,6320-000,40.35306,-7.09525,antónio man & david alexandre,galp,rua antónio josé de almeida,"2,079 €",2026-05-15_dgeg_postos_raw.csv,7c485a9d393aa70f
2026-05-15,2026-05-15 14:31:32,2026-05-15 00:05:00,02bd80f87a1e1e97,02bd80f87a1e1e97_gasoline_95,António Man & David Alexandre,GALP,gasoline_95,Gasolina simples 95,Outro,2.026,Sabugal,Guarda,Rua António José de Almeida,Sabugal,6320-000,40.35306,-7.09525,antónio man & david alexandre,galp,rua antónio josé de almeida,"2,026 €",2026-05-15_dgeg_postos_raw.csv,04ea3e71b2746926
2026-05-15,2026-05-15 14:31:32,2026-05-15 00:05:00,e6acedf23678377c,e6acedf23678377c_diesel_regular,SILVA E CARVALHAS LDA(1),GALP,diesel_regular,Gasóleo simples,Outro,2.025,São Pedro do Sul,Viseu,Rua Dr. José Correia de Oliveira nº 85,São Pedro do Sul,3660-000,40.75877,-8.06522,silva e carvalhas lda(1),galp,rua dr. josé correia de oliveira nº 85,"2,025 €",2026-05-15_dgeg_postos_raw.csv,31dd83bb5db4f2a7
2026-05-15,2026-05-15 14:31:32,2026-05-15 00:05:00,e6acedf23678377c,e6acedf23678377c_diesel_premium,SILVA E CARVALHAS LDA(1),GALP,diesel_premium,Gasóleo especial,Outro,2.075,São Pedro do Sul,Viseu,Rua Dr. José Correia de Oliveira nº 85,São Pedro do Sul,3660-000,40.75877,-8.06522,silva e carvalhas lda(1),galp,rua dr. josé correia de oliveira nº 85,"2,075 €",2026-05-15_dgeg_postos_raw.csv,6ac1f191c0629663
2026-05-15,2026-05-15 14:31:32,2026-05-15 00:05:00,e6acedf23678377c,e6acedf23678377c_gasoline_95,SILVA E CARVALHAS LDA(1),GALP,gasoline_95,Gasolina simples 95,Outro,2.021,São Pedro do Sul,Viseu,Rua Dr. José Correia de Oliveira nº 85,São Pedro do Sul,3660-000,40.75877,-8.06522,silva e carvalhas lda(1),galp,rua dr. josé correia de oliveira nº 85,"2,021 €",2026-05-15_dgeg_postos_raw.csv,b10cc970e591e93d
2026-05-15,2026-05-15 14:31:32,2026-05-15 00:05:00,bbb5c5b17cbf28c1,bbb5c5b17cbf28c1_diesel_regular,SILVA E CARVALHAS LDA(2),GALP,diesel_regular,Gasóleo simples,Outro,2.025,São Pedro do Sul,Viseu,Rua Dr. José Correia de Oliveira,São Pedro do Sul,3660-000,40.75895,-8.06529,silva e carvalhas lda(2),galp,rua dr. josé correia de oliveira,"2,025 €",2026-05-15_dgeg_postos_raw.csv,e2426d92a2b92f9a
2026-05-15,2026-05-15 14:31:32,2026-05-15 00:05:00,bbb5c5b17cbf28c1,bbb5c5b17cbf28c1_diesel_premium,SILVA E CARVALHAS LDA(2),GALP,diesel_premium,Gasóleo especial,Outro,2.075,São Pedro do Sul,Viseu,Rua Dr. José Correia de Oliveira,São Pedro do Sul,3660-000,40.75895,-8.06529,silva e carvalhas lda(2),galp,rua dr. josé correia de oliveira,"2,075 €",2026-05-15_dgeg_postos_raw.csv,2a85619bccd4bc01
2026-05-15,2026-05-15 14:31:32,2026-05-15 00:05:00,bbb5c5b17cbf28c1,bbb5c5b17cbf28c1_gasoline_95,SILVA E CARVALHAS LDA(2),GALP,gasoline_95,Gasolina simples 95,Outro,2.021,São Pedro do Sul,Viseu,Rua Dr. José Correia de Oliveira,São Pedro do Sul,3660-000,40.75895,-8.06529,silva e carvalhas lda(2),galp,rua dr. josé correia de oliveira,"2,021 €",2026-05-15_dgeg_postos_raw.csv,24b56616ac6bf9a7
2026-05-15,2026-05-15 14:31:32,2026-05-15 00:05:00,1a66800e394f6559,1a66800e394f6559_diesel_regular,CHAVES E IRMAO LDA,GALP,diesel_regular,Gasóleo simples,Outro,2.079,Seia,Guarda,"EN 17(Ponte S.Tiago) Km 94,4",Seia,6270-000,40.431287,-7.718612,chaves e irmao lda,galp,"en 17(ponte s.tiago) km 94,4","2,079 €",2026-05-15_dgeg_postos_raw.csv,44424ae9958341ed
2026-05-15,2026-05-15 14:31:32,2026-05-15 00:05:00,1a66800e394f6559,1a66800e394f6559_diesel_premium,CHAVES E IRMAO LDA,GALP,diesel_premium,Gasóleo especial,Outro,2.139,Seia,Guarda,"EN 17(Ponte S.Tiago) Km 94,4",Seia,6270-000,40.431287,-7.718612,chaves e irmao lda,galp,"en 17(ponte s.tiago) km 94,4","2,139 €",2026-05-15_dgeg_postos_raw.csv,4827965362d30935
2026-05-15,2026-05-15 14:31:32,2026-05-15 00:05:00,1a66800e394f6559,1a66800e394f6559_gasoline_95,CHAVES E IRMAO LDA,GALP,gasoline_95,Gasolina simples 95,Outro,2.072,Seia,Guarda,"EN 17(Ponte S.Tiago) Km 94,4",Seia,6270-000,40.431287,-7.718612,chaves e irmao lda,galp,"en 17(ponte s.tiago) km 94,4","2,072 €",2026-05-15_dgeg_postos_raw.csv,d071fa26739c62aa
2026-05-15,2026-05-15 14:31:32,2026-05-15 00:05:00,b8231ef1dd74eb2c,b8231ef1dd74eb2c_diesel_regular,"AUTO POSTO 8600 - COMÉRCIO DE COMB., LDA.",GALP,diesel_regular,Gasóleo simples,Outro,2.079,Seixal,Setúbal,Av. Libertadores Timor Leste,Fogueteiro,2845-146,38.61377,-9.115,"auto posto 8600 - comércio de comb., lda.",galp,av. libertadores timor leste,"2,079 €",2026-05-15_dgeg_postos_raw.csv,0435b471040b6360
2026-05-15,2026-05-15 14:31:32,2026-05-15 00:05:00,b8231ef1dd74eb2c,b8231ef1dd74eb2c_diesel_premium,"AUTO POSTO 8600 - COMÉRCIO DE COMB., LDA.",GALP,diesel_premium,Gasóleo especial,Outro,2.129,Seixal,Setúbal,Av. Libertadores Timor Leste,Fogueteiro,2845-146,38.61377,-9.115,"auto posto 8600 - comércio de comb., lda.",galp,av. libertadores timor leste,"2,129 €",2026-05-15_dgeg_postos_raw.csv,0971dd62b9d8915e
2026-05-15,2026-05-15 14:31:32,2026-05-15 00:05:00,b8231ef1dd74eb2c,b8231ef1dd74eb2c_gasoline_95,"AUTO POSTO 8600 - COMÉRCIO DE COMB., LDA.",GALP,gasoline_95,Gasolina simples 95,Outro,2.072,Seixal,Setúbal,Av. Libertadores Timor Leste,Fogueteiro,2845-146,38.61377,-9.115,"auto posto 8600 - comércio de comb., lda.",galp,av. libertadores timor leste,"2,072 €",2026-05-15_dgeg_postos_raw.csv,40501928088feabc
2026-05-15,2026-05-15 14:31:32,2026-05-15 00:05:00,b8231ef1dd74eb2c,b8231ef1dd74eb2c_gasoline_98,"AUTO POSTO 8600 - COMÉRCIO DE COMB., LDA.",GALP,gasoline_98,Gasolina especial 98,Outro,2.282,Seixal,Setúbal,Av. Libertadores Timor Leste,Fogueteiro,2845-146,38.61377,-9.115,"auto posto 8600 - comércio de comb., lda.",galp,av. libertadores timor leste,"2,282 €",2026-05-15_dgeg_postos_raw.csv,b383b381fc5b1e3b
2026-05-15,2026-05-15 14:31:32,2026-05-15 00:05:00,d333ca4caefb51cd,d333ca4caefb51cd_diesel_regular,"Petrolinos, Lda",GALP,diesel_regular,Gasóleo simples,Outro,2.079,Seixal,Setúbal,"EN 10 Km 10,7",Fogueteiro,2840-000,38.61353,-9.108171,"petrolinos, lda",galp,"en 10 km 10,7","2,079 €",2026-05-15_dgeg_postos_raw.csv,9017169c9bdec952
2026-05-15,2026-05-15 14:31:32,2026-05-15 00:05:00,d333ca4caefb51cd,d333ca4caefb51cd_diesel_premium,"Petrolinos, Lda",GALP,diesel_premium,Gasóleo especial,Outro,2.129,Seixal,Setúbal,"EN 10 Km 10,7",Fogueteiro,2840-000,38.61353,-9.108171,"petrolinos, lda",galp,"en 10 km 10,7","2,129 €",2026-05-15_dgeg_postos_raw.csv,c90cfdc598cfc6fc
2026-05-15,2026-05-15 14:31:32,2026-05-15 00:05:00,d333ca4caefb51cd,d333ca4caefb51cd_gasoline_95,"Petrolinos, Lda",GALP,gasoline_95,Gasolina simples 95,Outro,2.072,Seixal,Setúbal,"EN 10 Km 10,7",Fogueteiro,2840-000,38.61353,-9.108171,"petrolinos, lda",galp,"en 10 km 10,7","2,072 €",2026-05-15_dgeg_postos_raw.csv,7584b0a971b0772c
2026-05-15,2026-05-15 14:31:32,2026-05-15 00:05:00,377f02822390b71d,377f02822390b71d_diesel_regular,"ISMAEL AFONSO & COMPANHIA, LDA.",GALP,diesel_regular,Gasóleo simples,Outro,2.079,Seixal,Setúbal,EN 378 (Variante),Arrentela,2840-263,38.634921,-9.105796,"ismael afonso & companhia, lda.",galp,en 378 (variante),"2,079 €",2026-05-15_dgeg_postos_raw.csv,b2a2ce5f5b9651d4
2026-05-15,2026-05-15 14:31:32,2026-05-15 00:05:00,377f02822390b71d,377f02822390b71d_diesel_premium,"ISMAEL AFONSO & COMPANHIA, LDA.",GALP,diesel_premium,Gasóleo especial,Outro,2.134,Seixal,Setúbal,EN 378 (Variante),Arrentela,2840-263,38.634921,-9.105796,"ismael afonso & companhia, lda.",galp,en 378 (variante),"2,134 €",2026-05-15_dgeg_postos_raw.csv,a3d26c53e9f22839
2026-05-15,2026-05-15 14:31:32,2026-05-15 00:05:00,377f02822390b71d,377f02822390b71d_gasoline_95,"ISMAEL AFONSO & COMPANHIA, LDA.",GALP,gasoline_95,Gasolina simples 95,Outro,2.072,Seixal,Setúbal,EN 378 (Variante),Arrentela,2840-263,38.634921,-9.105796,"ismael afonso & companhia, lda.",galp,en 378 (variante),"2,072 €",2026-05-15_dgeg_postos_raw.csv,68b3b46507c719e1
2026-05-15,2026-05-15 14:31:32,2026-05-15 00:05:00,8ead61894d2ef8dd,8ead61894d2ef8dd_diesel_regular,"AUTO SERVIÇO - COMBUSTÍVEIS DE SANTA MARTA, LDA.",GALP,diesel_regular,Gasóleo simples,Outro,2.079,Seixal,Setúbal,"EN 10 Km 7,2",Santa Marta,2845-547,38.63191,-9.13924,"auto serviço - combustíveis de santa marta, lda.",galp,"en 10 km 7,2","2,079 €",2026-05-15_dgeg_postos_raw.csv,fa07b2e0507bff86
2026-05-15,2026-05-15 14:31:32,2026-05-15 00:05:00,8ead61894d2ef8dd,8ead61894d2ef8dd_diesel_premium,"AUTO SERVIÇO - COMBUSTÍVEIS DE SANTA MARTA, LDA.",GALP,diesel_premium,Gasóleo especial,Outro,2.129,Seixal,Setúbal,"EN 10 Km 7,2",Santa Marta,2845-547,38.63191,-9.13924,"auto serviço - combustíveis de santa marta, lda.",galp,"en 10 km 7,2","2,129 €",2026-05-15_dgeg_postos_raw.csv,b8f52bf02ea3e615
2026-05-15,2026-05-15 14:31:32,2026-05-15 00:05:00,8ead61894d2ef8dd,8ead61894d2ef8dd_gasoline_95,"AUTO SERVIÇO - COMBUSTÍVEIS DE SANTA MARTA, LDA.",GALP,gasoline_95,Gasolina simples 95,Outro,2.072,Seixal,Setúbal,"EN 10 Km 7,2",Santa Marta,2845-547,38.63191,-9.13924,"auto serviço - combustíveis de santa marta, lda.",galp,"en 10 km 7,2","2,072 €",2026-05-15_dgeg_postos_raw.csv,182a794f2b54e538
2026-05-15,2026-05-15 14:31:32,2026-05-15 00:05:00,25aaa041d2ba6944,25aaa041d2ba6944_diesel_regular,"Torres & Vaz, Lda (1)",GALP,diesel_regular,Gasóleo simples,Outro,2.015,Matosinhos,Porto,"EN 107 - Perafita (Aeroporto/Leça) Km 3,6",Freixeiro,4450-000,41.220497,-8.687762,"torres & vaz, lda (1)",galp,"en 107 - perafita (aeroporto/leça) km 3,6","2,015 €",2026-05-15_dgeg_postos_raw.csv,fce7a31f1571c6d6
2026-05-15,2026-05-15 14:31:32,2026-05-15 00:05:00,25aaa041d2ba6944,25aaa041d2ba6944_diesel_premium,"Torres & Vaz, Lda (1)",GALP,diesel_premium,Gasóleo especial,Outro,2.065,Matosinhos,Porto,"EN 107 - Perafita (Aeroporto/Leça) Km 3,6",Freixeiro,4450-000,41.220497,-8.687762,"torres & vaz, lda (1)",galp,"en 107 - perafita (aeroporto/leça) km 3,6","2,065 €",2026-05-15_dgeg_postos_raw.csv,45dd0513978317fa
2026-05-15,2026-05-15 14:31:32,2026-05-15 00:05:00,25aaa041d2ba6944,25aaa041d2ba6944_gasoline_95,"Torres & Vaz, Lda (1)",GALP,gasoline_95,Gasolina simples 95,Outro,2.011,Matosinhos,Porto,"EN 107 - Perafita (Aeroporto/Leça) Km 3,6",Freixeiro,4450-000,41.220497,-8.687762,"torres & vaz, lda (1)",galp,"en 107 - perafita (aeroporto/leça) km 3,6","2,011 €",2026-05-15_dgeg_postos_raw.csv,c8330d2360f64e92
2026-05-15,2026-05-15 14:31:32,2026-05-15 00:05:00,25aaa041d2ba6944,25aaa041d2ba6944_gasoline_98,"Torres & Vaz, Lda (1)",GALP,gasoline_98,Gasolina especial 98,Outro,2.221,Matosinhos,Porto,"EN 107 - Perafita (Aeroporto/Leça) Km 3,6",Freixeiro,4450-000,41.220497,-8.687762,"torres & vaz, lda (1)",galp,"en 107 - perafita (aeroporto/leça) km 3,6","2,221 €",2026-05-15_dgeg_postos_raw.csv,890dab590a5d2c10
2026-05-15,2026-05-15 14:31:32,2026-05-15 00:05:00,c5010a0b45ada840,c5010a0b45ada840_diesel_regular,"Torres & Vaz, Lda (2)",GALP,diesel_regular,Gasóleo simples,Outro,2.015,Matosinhos,Porto,"EN 107 - Perafita (Leça/Aeroporto) Km 3,6",Freixeiro,4450-000,41.22039,-8.68741,"torres & vaz, lda (2)",galp,"en 107 - perafita (leça/aeroporto) km 3,6","2,015 €",2026-05-15_dgeg_postos_raw.csv,c1d13ec465e6e4a6
2026-05-15,2026-05-15 14:31:32,2026-05-15 00:05:00,c5010a0b45ada840,c5010a0b45ada840_diesel_premium,"Torres & Vaz, Lda (2)",GALP,diesel_premium,Gasóleo especial,Outro,2.065,Matosinhos,Porto,"EN 107 - Perafita (Leça/Aeroporto) Km 3,6",Freixeiro,4450-000,41.22039,-8.68741,"torres & vaz, lda (2)",galp,"en 107 - perafita (leça/aeroporto) km 3,6","2,065 €",2026-05-15_dgeg_postos_raw.csv,a15920a36a2c663c
2026-05-15,2026-05-15 14:31:32,2026-05-15 00:05:00,c5010a0b45ada840,c5010a0b45ada840_gasoline_95,"Torres & Vaz, Lda (2)",GALP,gasoline_95,Gasolina simples 95,Outro,2.011,Matosinhos,Porto,"EN 107 - Perafita (Leça/Aeroporto) Km 3,6",Freixeiro,4450-000,41.22039,-8.68741,"torres & vaz, lda (2)",galp,"en 107 - perafita (leça/aeroporto) km 3,6","2,011 €",2026-05-15_dgeg_postos_raw.csv,79df1cf5f3256cc5
2026-05-15,2026-05-15 14:31:32,2026-05-15 00:05:00,a506da7133a40795,a506da7133a40795_diesel_regular,TORRES E DIAS LDA,GALP,diesel_regular,Gasóleo simples,Outro,2.055,Matosinhos,Porto,Av. Dr. Fernando Aroso nº 299,Leça da Palmeira,4450-000,41.19307,-8.69699,torres e dias lda,galp,av. dr. fernando aroso nº 299,"2,055 €",2026-05-15_dgeg_postos_raw.csv,dffcfb7ae7d0fe16
2026-05-15,2026-05-15 14:31:32,2026-05-15 00:05:00,a506da7133a40795,a506da7133a40795_diesel_premium,TORRES E DIAS LDA,GALP,diesel_premium,Gasóleo especial,Outro,2.105,Matosinhos,Porto,Av. Dr. Fernando Aroso nº 299,Leça da Palmeira,4450-000,41.19307,-8.69699,torres e dias lda,galp,av. dr. fernando aroso nº 299,"2,105 €",2026-05-15_dgeg_postos_raw.csv,e320b468355988df
2026-05-15,2026-05-15 14:31:32,2026-05-15 00:05:00,a506da7133a40795,a506da7133a40795_gasoline_95,TORRES E DIAS LDA,GALP,gasoline_95,Gasolina simples 95,Outro,2.051,Matosinhos,Porto,Av. Dr. Fernando Aroso nº 299,Leça da Palmeira,4450-000,41.19307,-8.69699,torres e dias lda,galp,av. dr. fernando aroso nº 299,"2,051 €",2026-05-15_dgeg_postos_raw.csv,caf69d110cd115b2
2026-05-15,2026-05-15 14:31:32,2026-05-15 00:05:00,052ea37c6781e3f2,052ea37c6781e3f2_diesel_regular,Socovira - Soc. Comb. V. Rápida Lda,GALP,diesel_regular,Gasóleo simples,Outro,2.065,Matosinhos,Porto,EN 107 (Via Rápida este),Senhora da Hora,4460-000,41.18344,-8.661648,socovira - soc. comb. v. rápida lda,galp,en 107 (via rápida este),"2,065 €",2026-05-15_dgeg_postos_raw.csv,896fd64b1a97e815
2026-05-15,2026-05-15 14:31:32,2026-05-15 00:05:00,052ea37c6781e3f2,052ea37c6781e3f2_diesel_premium,Socovira - Soc. Comb. V. Rápida Lda,GALP,diesel_premium,Gasóleo especial,Outro,2.125,Matosinhos,Porto,EN 107 (Via Rápida este),Senhora da Hora,4460-000,41.18344,-8.661648,socovira - soc. comb. v. rápida lda,galp,en 107 (via rápida este),"2,125 €",2026-05-15_dgeg_postos_raw.csv,370ed73a050de38e
2026-05-15,2026-05-15 14:31:32,2026-05-15 00:05:00,052ea37c6781e3f2,052ea37c6781e3f2_gasoline_95,Socovira - Soc. Comb. V. Rápida Lda,GALP,gasoline_95,Gasolina simples 95,Outro,2.066,Matosinhos,Porto,EN 107 (Via Rápida este),Senhora da Hora,4460-000,41.18344,-8.661648,socovira - soc. comb. v. rápida lda,galp,en 107 (via rápida este),"2,066 €",2026-05-15_dgeg_postos_raw.csv,2d9e559e99833904
2026-05-15,2026-05-15 14:31:32,2026-05-15 00:05:00,7c56ddc620cce4e5,7c56ddc620cce4e5_diesel_regular,Torres & Vaz Lda,GALP,diesel_regular,Gasóleo simples,Outro,2.065,Matosinhos,Porto,EN 107 (Via Rápida Oeste),Senhora da Hora,4450-000,41.18419,-8.66357,torres & vaz lda,galp,en 107 (via rápida oeste),"2,065 €",2026-05-15_dgeg_postos_raw.csv,f0dbca70d8fef18f
2026-05-15,2026-05-15 14:31:32,2026-05-15 00:05:00,7c56ddc620cce4e5,7c56ddc620cce4e5_diesel_premium,Torres & Vaz Lda,GALP,diesel_premium,Gasóleo especial,Outro,2.125,Matosinhos,Porto,EN 107 (Via Rápida Oeste),Senhora da Hora,4450-000,41.18419,-8.66357,torres & vaz lda,galp,en 107 (via rápida oeste),"2,125 €",2026-05-15_dgeg_postos_raw.csv,77731e7af1a2d5bb
2026-05-15,2026-05-15 14:31:32,2026-05-15 00:05:00,7c56ddc620cce4e5,7c56ddc620cce4e5_gasoline_95,Torres & Vaz Lda,GALP,gasoline_95,Gasolina simples 95,Outro,2.066,Matosinhos,Porto,EN 107 (Via Rápida Oeste),Senhora da Hora,4450-000,41.18419,-8.66357,torres & vaz lda,galp,en 107 (via rápida oeste),"2,066 €",2026-05-15_dgeg_postos_raw.csv,ee1ba414589f272d
2026-05-15,2026-05-15 14:31:32,2026-05-15 00:05:00,7c56ddc620cce4e5,7c56ddc620cce4e5_gasoline_98,Torres & Vaz Lda,GALP,gasoline_98,Gasolina especial 98,Outro,2.276,Matosinhos,Porto,EN 107 (Via Rápida Oeste),Senhora da Hora,4450-000,41.18419,-8.66357,torres & vaz lda,galp,en 107 (via rápida oeste),"2,276 €",2026-05-15_dgeg_postos_raw.csv,98f3060709979127
2026-05-15,2026-05-15 14:31:32,2026-05-15 00:05:00,88a2fe1d171c575b,88a2fe1d171c575b_diesel_regular,Auto Abast.  António P.  Silva Lda,GALP,diesel_regular,Gasóleo simples,Outro,2.059,Matosinhos,Porto,Rua Nova do Seixo nº 1184,Seixo,4465-000,41.189892,-8.63276,auto abast. antónio p. silva lda,galp,rua nova do seixo nº 1184,"2,059 €",2026-05-15_dgeg_postos_raw.csv,1660be4c2f2e4b16
2026-05-15,2026-05-15 14:31:32,2026-05-15 00:05:00,88a2fe1d171c575b,88a2fe1d171c575b_diesel_premium,Auto Abast.  António P.  Silva Lda,GALP,diesel_premium,Gasóleo especial,Outro,2.109,Matosinhos,Porto,Rua Nova do Seixo nº 1184,Seixo,4465-000,41.189892,-8.63276,auto abast. antónio p. silva lda,galp,rua nova do seixo nº 1184,"2,109 €",2026-05-15_dgeg_postos_raw.csv,cf8aa5f9f97f7980
2026-05-15,2026-05-15 14:31:32,2026-05-15 00:05:00,88a2fe1d171c575b,88a2fe1d171c575b_gasoline_95,Auto Abast.  António P.  Silva Lda,GALP,gasoline_95,Gasolina simples 95,Outro,2.049,Matosinhos,Porto,Rua Nova do Seixo nº 1184,Seixo,4465-000,41.189892,-8.63276,auto abast. antónio p. silva lda,galp,rua nova do seixo nº 1184,"2,049 €",2026-05-15_dgeg_postos_raw.csv,25fcdc1484a5d336
2026-05-15,2026-05-15 14:31:32,2026-05-15 00:05:00,fd70eab8422fce81,fd70eab8422fce81_diesel_regular,GALP NORTE SHOPPING,GALP,diesel_regular,Gasóleo simples,Outro,2.059,Matosinhos,Porto,Loteamento Quinta das Sedas Lt.7,Senhora da Hora,4460-000,41.179658,-8.653776,galp norte shopping,galp,loteamento quinta das sedas lt.7,"2,059 €",2026-05-15_dgeg_postos_raw.csv,338a0a83911d3107
2026-05-15,2026-05-15 14:31:32,2026-05-15 00:05:00,fd70eab8422fce81,fd70eab8422fce81_diesel_premium,GALP NORTE SHOPPING,GALP,diesel_premium,Gasóleo especial,Outro,2.109,Matosinhos,Porto,Loteamento Quinta das Sedas Lt.7,Senhora da Hora,4460-000,41.179658,-8.653776,galp norte shopping,galp,loteamento quinta das sedas lt.7,"2,109 €",2026-05-15_dgeg_postos_raw.csv,58c4237d87268ab1
2026-05-15,2026-05-15 14:31:32,2026-05-15 00:05:00,fd70eab8422fce81,fd70eab8422fce81_gasoline_95,GALP NORTE SHOPPING,GALP,gasoline_95,Gasolina simples 95,Outro,2.049,Matosinhos,Porto,Loteamento Quinta das Sedas Lt.7,Senhora da Hora,4460-000,41.179658,-8.653776,galp norte shopping,galp,loteamento quinta das sedas lt.7,"2,049 €",2026-05-15_dgeg_postos_raw.csv,a19ea1ee3b5784a6
2026-05-15,2026-05-15 14:31:32,2026-05-15 00:05:00,ba7977def837beac,ba7977def837beac_diesel_regular,"GASOGASGEST - GESTÃO DE P.A.'s, LDA. (1)",GALP,diesel_regular,Gasóleo simples,Outro,2.079,Marinha Grande,Leiria,"EN 242 Km 10,4",Embra,2430-091,39.74782,-8.91122,"gasogasgest - gestão de p.a.'s, lda. (1)",galp,"en 242 km 10,4","2,079 €",2026-05-15_dgeg_postos_raw.csv,45a8355e24646625
2026-05-15,2026-05-15 14:31:32,2026-05-15 00:05:00,ba7977def837beac,ba7977def837beac_diesel_premium,"GASOGASGEST - GESTÃO DE P.A.'s, LDA. (1)",GALP,diesel_premium,Gasóleo especial,Outro,2.129,Marinha Grande,Leiria,"EN 242 Km 10,4",Embra,2430-091,39.74782,-8.91122,"gasogasgest - gestão de p.a.'s, lda. (1)",galp,"en 242 km 10,4","2,129 €",2026-05-15_dgeg_postos_raw.csv,3d18c49d00f06a36
2026-05-15,2026-05-15 14:31:32,2026-05-15 00:05:00,ba7977def837beac,ba7977def837beac_gasoline_95,"GASOGASGEST - GESTÃO DE P.A.'s, LDA. (1)",GALP,gasoline_95,Gasolina simples 95,Outro,2.082,Marinha Grande,Leiria,"EN 242 Km 10,4",Embra,2430-091,39.74782,-8.91122,"gasogasgest - gestão de p.a.'s, lda. (1)",galp,"en 242 km 10,4","2,082 €",2026-05-15_dgeg_postos_raw.csv,a3cc1ba0fc8972c7
2026-05-15,2026-05-15 14:31:32,2026-05-15 00:05:00,933c4320f7a194ac,933c4320f7a194ac_diesel_regular,"GASOGASGEST - GESTÃO DE P.A.'s, LDA. (2)",GALP,diesel_regular,Gasóleo simples,Outro,2.079,Marinha Grande,Leiria,"EN 242 (Av. Vítor Galo) Km 11,5",Marinha Grande,2430-000,39.74892,-8.92391,"gasogasgest - gestão de p.a.'s, lda. (2)",galp,"en 242 (av. vítor galo) km 11,5","2,079 €",2026-05-15_dgeg_postos_raw.csv,83dd57f732b72832
2026-05-15,2026-05-15 14:31:32,2026-05-15 00:05:00,933c4320f7a194ac,933c4320f7a194ac_diesel_premium,"GASOGASGEST - GESTÃO DE P.A.'s, LDA. (2)",GALP,diesel_premium,Gasóleo especial,Outro,2.129,Marinha Grande,Leiria,"EN 242 (Av. Vítor Galo) Km 11,5",Marinha Grande,2430-000,39.74892,-8.92391,"gasogasgest - gestão de p.a.'s, lda. (2)",galp,"en 242 (av. vítor galo) km 11,5","2,129 €",2026-05-15_dgeg_postos_raw.csv,8e3cbe7db0da985b
2026-05-15,2026-05-15 14:31:32,2026-05-15 00:05:00,933c4320f7a194ac,933c4320f7a194ac_gasoline_95,"GASOGASGEST - GESTÃO DE P.A.'s, LDA. (2)",GALP,gasoline_95,Gasolina simples 95,Outro,2.082,Marinha Grande,Leiria,"EN 242 (Av. Vítor Galo) Km 11,5",Marinha Grande,2430-000,39.74892,-8.92391,"gasogasgest - gestão de p.a.'s, lda. (2)",galp,"en 242 (av. vítor galo) km 11,5","2,082 €",2026-05-15_dgeg_postos_raw.csv,de123bd86e3a788d
2026-05-15,2026-05-15 14:31:32,2026-05-15 00:05:00,933c4320f7a194ac,933c4320f7a194ac_gasoline_98,"GASOGASGEST - GESTÃO DE P.A.'s, LDA. (2)",GALP,gasoline_98,Gasolina especial 98,Outro,2.292,Marinha Grande,Leiria,"EN 242 (Av. Vítor Galo) Km 11,5",Marinha Grande,2430-000,39.74892,-8.92391,"gasogasgest - gestão de p.a.'s, lda. (2)",galp,"en 242 (av. vítor galo) km 11,5","2,292 €",2026-05-15_dgeg_postos_raw.csv,4328d4857a0ff7fa
2026-05-15,2026-05-15 14:31:32,2026-05-15 00:05:00,aad290e257b35b81,aad290e257b35b81_diesel_regular,PETROGIR SANTA LUZIA S/N,GALP,diesel_regular,Gasóleo simples,Outro,2.015,Coimbra,Coimbra,"EN 1-Km 201,1 - S",Souselas,3050-106,40.30734,-8.44874,petrogir santa luzia s/n,galp,"en 1-km 201,1 - s","2,015 €",2026-05-15_dgeg_postos_raw.csv,80195e3a9fe44c8a
2026-05-15,2026-05-15 14:31:32,2026-05-15 00:05:00,aad290e257b35b81,aad290e257b35b81_diesel_premium,PETROGIR SANTA LUZIA S/N,GALP,diesel_premium,Gasóleo especial,Outro,2.065,Coimbra,Coimbra,"EN 1-Km 201,1 - S",Souselas,3050-106,40.30734,-8.44874,petrogir santa luzia s/n,galp,"en 1-km 201,1 - s","2,065 €",2026-05-15_dgeg_postos_raw.csv,47948e8ab4861acc
2026-05-15,2026-05-15 14:31:32,2026-05-15 00:05:00,aad290e257b35b81,aad290e257b35b81_gasoline_95,PETROGIR SANTA LUZIA S/N,GALP,gasoline_95,Gasolina simples 95,Outro,2.011,Coimbra,Coimbra,"EN 1-Km 201,1 - S",Souselas,3050-106,40.30734,-8.44874,petrogir santa luzia s/n,galp,"en 1-km 201,1 - s","2,011 €",2026-05-15_dgeg_postos_raw.csv,66073b30a57089cd
2026-05-15,2026-05-15 14:31:32,2026-05-15 00:05:00,b0142e8586db8dc4,b0142e8586db8dc4_diesel_regular,PETROGIR  SANTA LUZIA N/S,GALP,diesel_regular,Gasóleo simples,Outro,2.015,Mealhada,Aveiro,"EN 1 Km 201,1",Santa Luzía,3050-106,40.307697,-8.449137,petrogir santa luzia n/s,galp,"en 1 km 201,1","2,015 €",2026-05-15_dgeg_postos_raw.csv,9dbd61284eefc1bb
2026-05-15,2026-05-15 14:31:32,2026-05-15 00:05:00,b0142e8586db8dc4,b0142e8586db8dc4_diesel_premium,PETROGIR  SANTA LUZIA N/S,GALP,diesel_premium,Gasóleo especial,Outro,2.065,Mealhada,Aveiro,"EN 1 Km 201,1",Santa Luzía,3050-106,40.307697,-8.449137,petrogir santa luzia n/s,galp,"en 1 km 201,1","2,065 €",2026-05-15_dgeg_postos_raw.csv,04d0493e8722d9eb
2026-05-15,2026-05-15 14:31:32,2026-05-15 00:05:00,b0142e8586db8dc4,b0142e8586db8dc4_gasoline_95,PETROGIR  SANTA LUZIA N/S,GALP,gasoline_95,Gasolina simples 95,Outro,2.011,Mealhada,Aveiro,"EN 1 Km 201,1",Santa Luzía,3050-106,40.307697,-8.449137,petrogir santa luzia n/s,galp,"en 1 km 201,1","2,011 €",2026-05-15_dgeg_postos_raw.csv,fd096e6c60f633df
2026-05-15,2026-05-15 14:31:32,2026-05-15 00:05:00,94d6d75e2fca5ef5,94d6d75e2fca5ef5_diesel_regular,"Auto Medense, Unipessoal, Lda",GALP,diesel_regular,Gasóleo simples,Outro,2.015,Meda,Guarda,Av. Gago Coutinho nº 1910,Meda,6430-000,40.965172,-7.261278,"auto medense, unipessoal, lda",galp,av. gago coutinho nº 1910,"2,015 €",2026-05-15_dgeg_postos_raw.csv,57df7b5e05f3617b
2026-05-15,2026-05-15 14:31:32,2026-05-15 00:05:00,94d6d75e2fca5ef5,94d6d75e2fca5ef5_diesel_premium,"Auto Medense, Unipessoal, Lda",GALP,diesel_premium,Gasóleo especial,Outro,2.065,Meda,Guarda,Av. Gago Coutinho nº 1910,Meda,6430-000,40.965172,-7.261278,"auto medense, unipessoal, lda",galp,av. gago coutinho nº 1910,"2,065 €",2026-05-15_dgeg_postos_raw.csv,dc91603e8ad19be3
2026-05-15,2026-05-15 14:31:32,2026-05-15 00:05:00,94d6d75e2fca5ef5,94d6d75e2fca5ef5_gasoline_95,"Auto Medense, Unipessoal, Lda",GALP,gasoline_95,Gasolina simples 95,Outro,2.011,Meda,Guarda,Av. Gago Coutinho nº 1910,Meda,6430-000,40.965172,-7.261278,"auto medense, unipessoal, lda",galp,av. gago coutinho nº 1910,"2,011 €",2026-05-15_dgeg_postos_raw.csv,b2f33a22baf45606
2026-05-15,2026-05-15 14:31:32,2026-05-15 00:05:00,3505c3f85445ee81,3505c3f85445ee81_diesel_regular,"RAPOSO & LUZIA - COMB. LUB., LDA.",GALP,diesel_regular,Gasóleo simples,Outro,2.065,Mértola,Beja,"EN 122 Km 51,45",Monteceife,7750-909,37.643336,-7.658937,"raposo & luzia - comb. lub., lda.",galp,"en 122 km 51,45","2,065 €",2026-05-15_dgeg_postos_raw.csv,616de58b215415ce
2026-05-15,2026-05-15 14:31:32,2026-05-15 00:05:00,3505c3f85445ee81,3505c3f85445ee81_diesel_premium,"RAPOSO & LUZIA - COMB. LUB., LDA.",GALP,diesel_premium,Gasóleo especial,Outro,2.125,Mértola,Beja,"EN 122 Km 51,45",Monteceife,7750-909,37.643336,-7.658937,"raposo & luzia - comb. lub., lda.",galp,"en 122 km 51,45","2,125 €",2026-05-15_dgeg_postos_raw.csv,0da37b0fe8731859
2026-05-15,2026-05-15 14:31:32,2026-05-15 00:05:00,3505c3f85445ee81,3505c3f85445ee81_gasoline_95,"RAPOSO & LUZIA - COMB. LUB., LDA.",GALP,gasoline_95,Gasolina simples 95,Outro,2.061,Mértola,Beja,"EN 122 Km 51,45",Monteceife,7750-909,37.643336,-7.658937,"raposo & luzia - comb. lub., lda.",galp,"en 122 km 51,45","2,061 €",2026-05-15_dgeg_postos_raw.csv,923876aaa1f420b2
2026-05-15,2026-05-15 14:31:32,2026-05-15 00:05:00,51ec54bf834a24e4,51ec54bf834a24e4_diesel_regular,"Rodrigues  Lagarto, Pinheiro de Loures",GALP,diesel_regular,Gasóleo simples,Outro,2.055,Loures,Lisboa,"EN 8 (Rua Combatentes do Ultramar nº 15) Km 8,16",Pinheiro de Loures,2670-506,38.83815,-9.190916,"rodrigues lagarto, pinheiro de loures",galp,"en 8 (rua combatentes do ultramar nº 15) km 8,16","2,055 €",2026-05-15_dgeg_postos_raw.csv,27186fe4af6125a2
2026-05-15,2026-05-15 14:31:32,2026-05-15 00:05:00,51ec54bf834a24e4,51ec54bf834a24e4_diesel_premium,"Rodrigues  Lagarto, Pinheiro de Loures",GALP,diesel_premium,Gasóleo especial,Outro,2.105,Loures,Lisboa,"EN 8 (Rua Combatentes do Ultramar nº 15) Km 8,16",Pinheiro de Loures,2670-506,38.83815,-9.190916,"rodrigues lagarto, pinheiro de loures",galp,"en 8 (rua combatentes do ultramar nº 15) km 8,16","2,105 €",2026-05-15_dgeg_postos_raw.csv,cf0ceb107d2fb326
2026-05-15,2026-05-15 14:31:32,2026-05-15 00:05:00,51ec54bf834a24e4,51ec54bf834a24e4_gasoline_95,"Rodrigues  Lagarto, Pinheiro de Loures",GALP,gasoline_95,Gasolina simples 95,Outro,2.051,Loures,Lisboa,"EN 8 (Rua Combatentes do Ultramar nº 15) Km 8,16",Pinheiro de Loures,2670-506,38.83815,-9.190916,"rodrigues lagarto, pinheiro de loures",galp,"en 8 (rua combatentes do ultramar nº 15) km 8,16","2,051 €",2026-05-15_dgeg_postos_raw.csv,4db2100efb6fea4e
2026-05-15,2026-05-15 14:31:32,2026-05-15 00:05:00,4e53c111f248a459,4e53c111f248a459_diesel_regular,"MARVIMAR, LDA. (2)",GALP,diesel_regular,Gasóleo simples,Outro,2.065,Loures,Lisboa,"EN 10 (Praça República nº 4) Km 141,9",Sacavém,2685-105,38.79592,-9.10457,"marvimar, lda. (2)",galp,"en 10 (praça república nº 4) km 141,9","2,065 €",2026-05-15_dgeg_postos_raw.csv,2a358dbc8eb0ddd1
2026-05-15,2026-05-15 14:31:32,2026-05-15 00:05:00,4e53c111f248a459,4e53c111f248a459_diesel_premium,"MARVIMAR, LDA. (2)",GALP,diesel_premium,Gasóleo especial,Outro,2.115,Loures,Lisboa,"EN 10 (Praça República nº 4) Km 141,9",Sacavém,2685-105,38.79592,-9.10457,"marvimar, lda. (2)",galp,"en 10 (praça república nº 4) km 141,9","2,115 €",2026-05-15_dgeg_postos_raw.csv,ad9f3505523248a1
2026-05-15,2026-05-15 14:31:32,2026-05-15 00:05:00,4e53c111f248a459,4e53c111f248a459_gasoline_95,"MARVIMAR, LDA. (2)",GALP,gasoline_95,Gasolina simples 95,Outro,2.061,Loures,Lisboa,"EN 10 (Praça República nº 4) Km 141,9",Sacavém,2685-105,38.79592,-9.10457,"marvimar, lda. (2)",galp,"en 10 (praça república nº 4) km 141,9","2,061 €",2026-05-15_dgeg_postos_raw.csv,975fd371785e5b1c
2026-05-15,2026-05-15 14:31:32,2026-05-15 00:05:00,3a116e6d19859550,3a116e6d19859550_diesel_regular,"Petrosalsa - Distribuição de Combustíveis, Lda",GALP,diesel_regular,Gasóleo simples,Outro,2.055,Loures,Lisboa,Rua da República nº 11,Loures,2670-472,38.827,-9.16355,"petrosalsa - distribuição de combustíveis, lda",galp,rua da república nº 11,"2,055 €",2026-05-15_dgeg_postos_raw.csv,5c81b2de8e85f547
2026-05-15,2026-05-15 14:31:32,2026-05-15 00:05:00,3a116e6d19859550,3a116e6d19859550_diesel_premium,"Petrosalsa - Distribuição de Combustíveis, Lda",GALP,diesel_premium,Gasóleo especial,Outro,2.105,Loures,Lisboa,Rua da República nº 11,Loures,2670-472,38.827,-9.16355,"petrosalsa - distribuição de combustíveis, lda",galp,rua da república nº 11,"2,105 €",2026-05-15_dgeg_postos_raw.csv,1d44e04e6fd205fa
2026-05-15,2026-05-15 14:31:32,2026-05-15 00:05:00,3a116e6d19859550,3a116e6d19859550_gasoline_95,"Petrosalsa - Distribuição de Combustíveis, Lda",GALP,gasoline_95,Gasolina simples 95,Outro,2.051,Loures,Lisboa,Rua da República nº 11,Loures,2670-472,38.827,-9.16355,"petrosalsa - distribuição de combustíveis, lda",galp,rua da república nº 11,"2,051 €",2026-05-15_dgeg_postos_raw.csv,627f56e17006f3b2
2026-05-15,2026-05-15 14:31:32,2026-05-15 00:05:00,3a116e6d19859550,3a116e6d19859550_gasoline_98,"Petrosalsa - Distribuição de Combustíveis, Lda",GALP,gasoline_98,Gasolina especial 98,Outro,2.261,Loures,Lisboa,Rua da República nº 11,Loures,2670-472,38.827,-9.16355,"petrosalsa - distribuição de combustíveis, lda",galp,rua da república nº 11,"2,261 €",2026-05-15_dgeg_postos_raw.csv,9230596d7b5ecef8
2026-05-15,2026-05-15 14:31:32,2026-05-15 00:05:00,67e4bed2d34ada9d,67e4bed2d34ada9d_diesel_regular,"ACESSÓRIOS VICTÓRIA, LDA.",GALP,diesel_regular,Gasóleo simples,Outro,2.065,Loures,Lisboa,Rua Estado da Índia nº 27-43,Sacavém,2685-051,38.79007,-9.11163,"acessórios victória, lda.",galp,rua estado da índia nº 27-43,"2,065 €",2026-05-15_dgeg_postos_raw.csv,a94ea6ba6d8f446e
2026-05-15,2026-05-15 14:31:32,2026-05-15 00:05:00,67e4bed2d34ada9d,67e4bed2d34ada9d_diesel_premium,"ACESSÓRIOS VICTÓRIA, LDA.",GALP,diesel_premium,Gasóleo especial,Outro,2.115,Loures,Lisboa,Rua Estado da Índia nº 27-43,Sacavém,2685-051,38.79007,-9.11163,"acessórios victória, lda.",galp,rua estado da índia nº 27-43,"2,115 €",2026-05-15_dgeg_postos_raw.csv,1dbc59e1a824eef3
2026-05-15,2026-05-15 14:31:32,2026-05-15 00:05:00,67e4bed2d34ada9d,67e4bed2d34ada9d_gasoline_95,"ACESSÓRIOS VICTÓRIA, LDA.",GALP,gasoline_95,Gasolina simples 95,Outro,2.061,Loures,Lisboa,Rua Estado da Índia nº 27-43,Sacavém,2685-051,38.79007,-9.11163,"acessórios victória, lda.",galp,rua estado da índia nº 27-43,"2,061 €",2026-05-15_dgeg_postos_raw.csv,474cf6238c38956d
2026-05-15,2026-05-15 14:31:32,2026-05-15 00:05:00,67e4bed2d34ada9d,67e4bed2d34ada9d_gasoline_98,"ACESSÓRIOS VICTÓRIA, LDA.",GALP,gasoline_98,Gasolina especial 98,Outro,2.271,Loures,Lisboa,Rua Estado da Índia nº 27-43,Sacavém,2685-051,38.79007,-9.11163,"acessórios victória, lda.",galp,rua estado da índia nº 27-43,"2,271 €",2026-05-15_dgeg_postos_raw.csv,c29000e3c8c37f3e
2026-05-15,2026-05-15 14:31:32,2026-05-15 00:05:00,ab4dcc6c3d9fe387,ab4dcc6c3d9fe387_diesel_regular,Ramos Teixeira & Carmo Lda.,GALP,diesel_regular,Gasóleo simples,Outro,2.039,Maia,Porto,"EN 13 Km 9,000",Estalagem do Lidador,4470-616,41.255164,-8.654375,ramos teixeira & carmo lda.,galp,"en 13 km 9,000","2,039 €",2026-05-15_dgeg_postos_raw.csv,10516e83276b868f
2026-05-15,2026-05-15 14:31:32,2026-05-15 00:05:00,ab4dcc6c3d9fe387,ab4dcc6c3d9fe387_diesel_premium,Ramos Teixeira & Carmo Lda.,GALP,diesel_premium,Gasóleo especial,Outro,2.089,Maia,Porto,"EN 13 Km 9,000",Estalagem do Lidador,4470-616,41.255164,-8.654375,ramos teixeira & carmo lda.,galp,"en 13 km 9,000","2,089 €",2026-05-15_dgeg_postos_raw.csv,23e73a52344d083b
2026-05-15,2026-05-15 14:31:32,2026-05-15 00:05:00,ab4dcc6c3d9fe387,ab4dcc6c3d9fe387_gasoline_95,Ramos Teixeira & Carmo Lda.,GALP,gasoline_95,Gasolina simples 95,Outro,2.027,Maia,Porto,"EN 13 Km 9,000",Estalagem do Lidador,4470-616,41.255164,-8.654375,ramos teixeira & carmo lda.,galp,"en 13 km 9,000","2,027 €",2026-05-15_dgeg_postos_raw.csv,f6a1a6c5e11e70ea
2026-05-15,2026-05-15 14:31:32,2026-05-15 00:05:00,d77929002dcc05a6,d77929002dcc05a6_diesel_regular,Mário & Meireles Lda,GALP,diesel_regular,Gasóleo simples,Outro,2.035,Mirandela,Bragança,"Rua Eng. José Machado Vaz, s/n",Golfeiras,5370-440,41.485954,-7.187969,mário & meireles lda,galp,"rua eng. josé machado vaz, s/n","2,035 €",2026-05-15_dgeg_postos_raw.csv,99c1cee5088cc809
2026-05-15,2026-05-15 14:31:32,2026-05-15 00:05:00,d77929002dcc05a6,d77929002dcc05a6_diesel_premium,Mário & Meireles Lda,GALP,diesel_premium,Gasóleo especial,Outro,2.085,Mirandela,Bragança,"Rua Eng. José Machado Vaz, s/n",Golfeiras,5370-440,41.485954,-7.187969,mário & meireles lda,galp,"rua eng. josé machado vaz, s/n","2,085 €",2026-05-15_dgeg_postos_raw.csv,e095adfdddb7a71a
2026-05-15,2026-05-15 14:31:32,2026-05-15 00:05:00,d77929002dcc05a6,d77929002dcc05a6_gasoline_95,Mário & Meireles Lda,GALP,gasoline_95,Gasolina simples 95,Outro,2.031,Mirandela,Bragança,"Rua Eng. José Machado Vaz, s/n",Golfeiras,5370-440,41.485954,-7.187969,mário & meireles lda,galp,"rua eng. josé machado vaz, s/n","2,031 €",2026-05-15_dgeg_postos_raw.csv,0e7c87ee82578f92
2026-05-15,2026-05-15 14:31:32,2026-05-15 00:05:00,d77929002dcc05a6,d77929002dcc05a6_gasoline_98,Mário & Meireles Lda,GALP,gasoline_98,Gasolina especial 98,Outro,2.241,Mirandela,Bragança,"Rua Eng. José Machado Vaz, s/n",Golfeiras,5370-440,41.485954,-7.187969,mário & meireles lda,galp,"rua eng. josé machado vaz, s/n","2,241 €",2026-05-15_dgeg_postos_raw.csv,701042d7674c4a5f
2026-05-15,2026-05-15 14:31:32,2026-05-15 00:05:00,43efb564cf619165,43efb564cf619165_diesel_regular,Viuva Borralho,GALP,diesel_regular,Gasóleo simples,Outro,2.019,Mira,Coimbra,"EN 334 Km 0,25",Praia de Mira,3070-000,40.45561,-8.80012,viuva borralho,galp,"en 334 km 0,25","2,019 €",2026-05-15_dgeg_postos_raw.csv,d626d9636a79a835
2026-05-15,2026-05-15 14:31:32,2026-05-15 00:05:00,43efb564cf619165,43efb564cf619165_gasoline_95,Viuva Borralho,GALP,gasoline_95,Gasolina simples 95,Outro,2.017,Mira,Coimbra,"EN 334 Km 0,25",Praia de Mira,3070-000,40.45561,-8.80012,viuva borralho,galp,"en 334 km 0,25","2,017 €",2026-05-15_dgeg_postos_raw.csv,c0e2a7fb7227e12d
2026-05-15,2026-05-15 14:31:32,2026-05-15 00:05:00,308b80d1d16554bc,308b80d1d16554bc_diesel_regular,Viuva Borralho & Fos. Lda.,GALP,diesel_regular,Gasóleo simples,Outro,2.019,Mira,Coimbra,EN 109 (Rua Afonso Costa),Mira,3070-000,40.42645,-8.73657,viuva borralho & fos. lda.,galp,en 109 (rua afonso costa),"2,019 €",2026-05-15_dgeg_postos_raw.csv,e78aa9a862d8c042
2026-05-15,2026-05-15 14:31:32,2026-05-15 00:05:00,308b80d1d16554bc,308b80d1d16554bc_diesel_premium,Viuva Borralho & Fos. Lda.,GALP,diesel_premium,Gasóleo especial,Outro,2.069,Mira,Coimbra,EN 109 (Rua Afonso Costa),Mira,3070-000,40.42645,-8.73657,viuva borralho & fos. lda.,galp,en 109 (rua afonso costa),"2,069 €",2026-05-15_dgeg_postos_raw.csv,cc3617a01ce442d2
2026-05-15,2026-05-15 14:31:32,2026-05-15 00:05:00,308b80d1d16554bc,308b80d1d16554bc_gasoline_95,Viuva Borralho & Fos. Lda.,GALP,gasoline_95,Gasolina simples 95,Outro,2.017,Mira,Coimbra,EN 109 (Rua Afonso Costa),Mira,3070-000,40.42645,-8.73657,viuva borralho & fos. lda.,galp,en 109 (rua afonso costa),"2,017 €",2026-05-15_dgeg_postos_raw.csv,a9516db533921072
2026-05-15,2026-05-15 14:31:32,2026-05-15 00:05:00,da59ec0d9dd9895b,da59ec0d9dd9895b_diesel_regular,"AUTO ABASTECEDORA DE COMBUSTÍVEIS DA PAIÃ, LDA.",GALP,diesel_regular,Gasóleo simples,Outro,2.055,Odivelas,Lisboa,EN 576,Quinta da Cabeça-Paia,1675-014,38.777993,-9.201623,"auto abastecedora de combustíveis da paiã, lda.",galp,en 576,"2,055 €",2026-05-15_dgeg_postos_raw.csv,ec0156339b0f790d
2026-05-15,2026-05-15 14:31:32,2026-05-15 00:05:00,da59ec0d9dd9895b,da59ec0d9dd9895b_diesel_premium,"AUTO ABASTECEDORA DE COMBUSTÍVEIS DA PAIÃ, LDA.",GALP,diesel_premium,Gasóleo especial,Outro,2.105,Odivelas,Lisboa,EN 576,Quinta da Cabeça-Paia,1675-014,38.777993,-9.201623,"auto abastecedora de combustíveis da paiã, lda.",galp,en 576,"2,105 €",2026-05-15_dgeg_postos_raw.csv,96bf671c89508207
2026-05-15,2026-05-15 14:31:32,2026-05-15 00:05:00,da59ec0d9dd9895b,da59ec0d9dd9895b_gasoline_95,"AUTO ABASTECEDORA DE COMBUSTÍVEIS DA PAIÃ, LDA.",GALP,gasoline_95,Gasolina simples 95,Outro,2.051,Odivelas,Lisboa,EN 576,Quinta da Cabeça-Paia,1675-014,38.777993,-9.201623,"auto abastecedora de combustíveis da paiã, lda.",galp,en 576,"2,051 €",2026-05-15_dgeg_postos_raw.csv,05e7fd41db78605d
2026-05-15,2026-05-15 14:31:32,2026-05-15 00:05:00,a9601a5335bbeb60,a9601a5335bbeb60_diesel_regular,"PETROFAST, LDA",GALP,diesel_regular,Gasóleo simples,Outro,2.055,Odivelas,Lisboa,Praça Bento Jesus Caraça nº 10 A,Pontinha,1675-103,38.764119,-9.197498,"petrofast, lda",galp,praça bento jesus caraça nº 10 a,"2,055 €",2026-05-15_dgeg_postos_raw.csv,afeb4f7772683a6a
2026-05-15,2026-05-15 14:31:32,2026-05-15 00:05:00,a9601a5335bbeb60,a9601a5335bbeb60_diesel_premium,"PETROFAST, LDA",GALP,diesel_premium,Gasóleo especial,Outro,2.105,Odivelas,Lisboa,Praça Bento Jesus Caraça nº 10 A,Pontinha,1675-103,38.764119,-9.197498,"petrofast, lda",galp,praça bento jesus caraça nº 10 a,"2,105 €",2026-05-15_dgeg_postos_raw.csv,62989f12fe9f31e5
2026-05-15,2026-05-15 14:31:32,2026-05-15 00:05:00,a9601a5335bbeb60,a9601a5335bbeb60_gasoline_95,"PETROFAST, LDA",GALP,gasoline_95,Gasolina simples 95,Outro,2.051,Odivelas,Lisboa,Praça Bento Jesus Caraça nº 10 A,Pontinha,1675-103,38.764119,-9.197498,"petrofast, lda",galp,praça bento jesus caraça nº 10 a,"2,051 €",2026-05-15_dgeg_postos_raw.csv,49fd936d8267d482
2026-05-15,2026-05-15 14:31:32,2026-05-15 00:05:00,cd7e41a4d5537b0e,cd7e41a4d5537b0e_diesel_regular,"PETROFAST - POSTOS DE ABASTECIMENTO, LDA.",GALP,diesel_regular,Gasóleo simples,Outro,2.079,Oeiras,Lisboa,Av. Duque de Loulé nº 101,Urb. Alto Santa Catarina,1495-000,38.70583,-9.23939,"petrofast - postos de abastecimento, lda.",galp,av. duque de loulé nº 101,"2,079 €",2026-05-15_dgeg_postos_raw.csv,95cc47e05c974118
2026-05-15,2026-05-15 14:31:32,2026-05-15 00:05:00,cd7e41a4d5537b0e,cd7e41a4d5537b0e_diesel_premium,"PETROFAST - POSTOS DE ABASTECIMENTO, LDA.",GALP,diesel_premium,Gasóleo especial,Outro,2.139,Oeiras,Lisboa,Av. Duque de Loulé nº 101,Urb. Alto Santa Catarina,1495-000,38.70583,-9.23939,"petrofast - postos de abastecimento, lda.",galp,av. duque de loulé nº 101,"2,139 €",2026-05-15_dgeg_postos_raw.csv,9aa8abc5e2f0aa49
2026-05-15,2026-05-15 14:31:32,2026-05-15 00:05:00,cd7e41a4d5537b0e,cd7e41a4d5537b0e_gasoline_95,"PETROFAST - POSTOS DE ABASTECIMENTO, LDA.",GALP,gasoline_95,Gasolina simples 95,Outro,2.072,Oeiras,Lisboa,Av. Duque de Loulé nº 101,Urb. Alto Santa Catarina,1495-000,38.70583,-9.23939,"petrofast - postos de abastecimento, lda.",galp,av. duque de loulé nº 101,"2,072 €",2026-05-15_dgeg_postos_raw.csv,656bc6ff6ddd695b
2026-05-15,2026-05-15 14:31:32,2026-05-15 00:05:00,e16a5cdb49477e25,e16a5cdb49477e25_diesel_regular,"ESTAÇÃO DE SERVIÇO CENTRAL, LDA.",GALP,diesel_regular,Gasóleo simples,Outro,2.029,Moita,Setúbal,EN 11 Km 28,Chão Duro,2860-606,38.666486,-8.981581,"estação de serviço central, lda.",galp,en 11 km 28,"2,029 €",2026-05-15_dgeg_postos_raw.csv,0c2f75cfe641d67b
2026-05-15,2026-05-15 14:31:32,2026-05-15 00:05:00,e16a5cdb49477e25,e16a5cdb49477e25_diesel_premium,"ESTAÇÃO DE SERVIÇO CENTRAL, LDA.",GALP,diesel_premium,Gasóleo especial,Outro,2.079,Moita,Setúbal,EN 11 Km 28,Chão Duro,2860-606,38.666486,-8.981581,"estação de serviço central, lda.",galp,en 11 km 28,"2,079 €",2026-05-15_dgeg_postos_raw.csv,0adef47eb0462256
2026-05-15,2026-05-15 14:31:32,2026-05-15 00:05:00,e16a5cdb49477e25,e16a5cdb49477e25_gasoline_95,"ESTAÇÃO DE SERVIÇO CENTRAL, LDA.",GALP,gasoline_95,Gasolina simples 95,Outro,2.026,Moita,Setúbal,EN 11 Km 28,Chão Duro,2860-606,38.666486,-8.981581,"estação de serviço central, lda.",galp,en 11 km 28,"2,026 €",2026-05-15_dgeg_postos_raw.csv,4ac5f51eb9149181
2026-05-15,2026-05-15 14:31:32,2026-05-15 00:05:00,e16a5cdb49477e25,e16a5cdb49477e25_gasoline_98,"ESTAÇÃO DE SERVIÇO CENTRAL, LDA.",GALP,gasoline_98,Gasolina especial 98,Outro,2.236,Moita,Setúbal,EN 11 Km 28,Chão Duro,2860-606,38.666486,-8.981581,"estação de serviço central, lda.",galp,en 11 km 28,"2,236 €",2026-05-15_dgeg_postos_raw.csv,0f479d4bc00b47f6
2026-05-15,2026-05-15 14:31:32,2026-05-15 00:05:00,2011f9abda78342b,2011f9abda78342b_diesel_regular,"ESTAÇÃO DE SERVIÇO CENTRAL, LDA. (A. Vedros)",GALP,diesel_regular,Gasóleo simples,Outro,2.029,Moita,Setúbal,"EN 11 Km 22,65",Alhos Vedros,2860-024,38.65309,-9.02071,"estação de serviço central, lda. (a. vedros)",galp,"en 11 km 22,65","2,029 €",2026-05-15_dgeg_postos_raw.csv,bd248d1e9303ba43
2026-05-15,2026-05-15 14:31:32,2026-05-15 00:05:00,2011f9abda78342b,2011f9abda78342b_diesel_premium,"ESTAÇÃO DE SERVIÇO CENTRAL, LDA. (A. Vedros)",GALP,diesel_premium,Gasóleo especial,Outro,2.079,Moita,Setúbal,"EN 11 Km 22,65",Alhos Vedros,2860-024,38.65309,-9.02071,"estação de serviço central, lda. (a. vedros)",galp,"en 11 km 22,65","2,079 €",2026-05-15_dgeg_postos_raw.csv,b7e73ae06b5cf245
2026-05-15,2026-05-15 14:31:32,2026-05-15 00:05:00,2011f9abda78342b,2011f9abda78342b_gasoline_95,"ESTAÇÃO DE SERVIÇO CENTRAL, LDA. (A. Vedros)",GALP,gasoline_95,Gasolina simples 95,Outro,2.026,Moita,Setúbal,"EN 11 Km 22,65",Alhos Vedros,2860-024,38.65309,-9.02071,"estação de serviço central, lda. (a. vedros)",galp,"en 11 km 22,65","2,026 €",2026-05-15_dgeg_postos_raw.csv,fc2b59fbbf5359e0
2026-05-15,2026-05-15 14:31:32,2026-05-15 00:05:00,bbc779c0e7c7ff3e,bbc779c0e7c7ff3e_diesel_regular,"Teixeira e Loureiro, lda",GALP,diesel_regular,Gasóleo simples,Outro,2.015,Monção,Viana do Castelo,"EN 101, Km 19,600",Lugar da Estrada - Mazedo,4950-288,42.062589,-8.488212,"teixeira e loureiro, lda",galp,"en 101, km 19,600","2,015 €",2026-05-15_dgeg_postos_raw.csv,bb492f715d7577c9
2026-05-15,2026-05-15 14:31:32,2026-05-15 00:05:00,bbc779c0e7c7ff3e,bbc779c0e7c7ff3e_diesel_premium,"Teixeira e Loureiro, lda",GALP,diesel_premium,Gasóleo especial,Outro,2.065,Monção,Viana do Castelo,"EN 101, Km 19,600",Lugar da Estrada - Mazedo,4950-288,42.062589,-8.488212,"teixeira e loureiro, lda",galp,"en 101, km 19,600","2,065 €",2026-05-15_dgeg_postos_raw.csv,d88aaa9300de22be
2026-05-15,2026-05-15 14:31:32,2026-05-15 00:05:00,bbc779c0e7c7ff3e,bbc779c0e7c7ff3e_gasoline_95,"Teixeira e Loureiro, lda",GALP,gasoline_95,Gasolina simples 95,Outro,2.011,Monção,Viana do Castelo,"EN 101, Km 19,600",Lugar da Estrada - Mazedo,4950-288,42.062589,-8.488212,"teixeira e loureiro, lda",galp,"en 101, km 19,600","2,011 €",2026-05-15_dgeg_postos_raw.csv,18d84ace169a2686
2026-05-15,2026-05-15 14:31:32,2026-05-15 00:05:00,7336a4eb7041666b,7336a4eb7041666b_diesel_regular,"M J Vendeiro,lda",GALP,diesel_regular,Gasóleo simples,Outro,2.079,Mondim de Basto,Vila Real,Av. Dr. Augusto Brito,Mondim de Basto,4880-232,41.41156,-7.95585,"m j vendeiro,lda",galp,av. dr. augusto brito,"2,079 €",2026-05-15_dgeg_postos_raw.csv,7b1628da4910b440
2026-05-15,2026-05-15 14:31:32,2026-05-15 00:05:00,7336a4eb7041666b,7336a4eb7041666b_diesel_premium,"M J Vendeiro,lda",GALP,diesel_premium,Gasóleo especial,Outro,2.129,Mondim de Basto,Vila Real,Av. Dr. Augusto Brito,Mondim de Basto,4880-232,41.41156,-7.95585,"m j vendeiro,lda",galp,av. dr. augusto brito,"2,129 €",2026-05-15_dgeg_postos_raw.csv,d5312fecb968adae
2026-05-15,2026-05-15 14:31:32,2026-05-15 00:05:00,7336a4eb7041666b,7336a4eb7041666b_gasoline_95,"M J Vendeiro,lda",GALP,gasoline_95,Gasolina simples 95,Outro,2.076,Mondim de Basto,Vila Real,Av. Dr. Augusto Brito,Mondim de Basto,4880-232,41.41156,-7.95585,"m j vendeiro,lda",galp,av. dr. augusto brito,"2,076 €",2026-05-15_dgeg_postos_raw.csv,914ddab32c2c74de
2026-05-15,2026-05-15 14:31:32,2026-05-15 00:05:00,f83cfcffc9125080,f83cfcffc9125080_diesel_regular,"Sergio Barreira Azevedo, lda",GALP,diesel_regular,Gasóleo simples,Outro,2.065,Montalegre,Vila Real,EN 103-Venda Nova,Aldeia Nova de Barroso-Venda Nova,5495-000,41.67315,-7.96095,"sergio barreira azevedo, lda",galp,en 103-venda nova,"2,065 €",2026-05-15_dgeg_postos_raw.csv,2989c3858f5251b7
2026-05-15,2026-05-15 14:31:32,2026-05-15 00:05:00,f83cfcffc9125080,f83cfcffc9125080_diesel_premium,"Sergio Barreira Azevedo, lda",GALP,diesel_premium,Gasóleo especial,Outro,2.115,Montalegre,Vila Real,EN 103-Venda Nova,Aldeia Nova de Barroso-Venda Nova,5495-000,41.67315,-7.96095,"sergio barreira azevedo, lda",galp,en 103-venda nova,"2,115 €",2026-05-15_dgeg_postos_raw.csv,626df5f641f0a01f
2026-05-15,2026-05-15 14:31:32,2026-05-15 00:05:00,f83cfcffc9125080,f83cfcffc9125080_gasoline_95,"Sergio Barreira Azevedo, lda",GALP,gasoline_95,Gasolina simples 95,Outro,2.061,Montalegre,Vila Real,EN 103-Venda Nova,Aldeia Nova de Barroso-Venda Nova,5495-000,41.67315,-7.96095,"sergio barreira azevedo, lda",galp,en 103-venda nova,"2,061 €",2026-05-15_dgeg_postos_raw.csv,61d060f268bcf572
2026-05-15,2026-05-15 14:31:32,2026-05-15 00:05:00,3e8680daa1af89f3,3e8680daa1af89f3_diesel_regular,SOUSA & MARQUÊZ - MONTEMOR,GALP,diesel_regular,Gasóleo simples,Outro,2.055,Montemor-o-Novo,Évora,EN 4 (Av. Gago Coutinho nº 25),Montemor-o-Novo,7050-097,38.64958,-8.21676,sousa & marquêz - montemor,galp,en 4 (av. gago coutinho nº 25),"2,055 €",2026-05-15_dgeg_postos_raw.csv,4a3701e48f749286
2026-05-15,2026-05-15 14:31:32,2026-05-15 00:05:00,3e8680daa1af89f3,3e8680daa1af89f3_diesel_premium,SOUSA & MARQUÊZ - MONTEMOR,GALP,diesel_premium,Gasóleo especial,Outro,2.105,Montemor-o-Novo,Évora,EN 4 (Av. Gago Coutinho nº 25),Montemor-o-Novo,7050-097,38.64958,-8.21676,sousa & marquêz - montemor,galp,en 4 (av. gago coutinho nº 25),"2,105 €",2026-05-15_dgeg_postos_raw.csv,da037b0d5a930e41
2026-05-15,2026-05-15 14:31:32,2026-05-15 00:05:00,3e8680daa1af89f3,3e8680daa1af89f3_gasoline_95,SOUSA & MARQUÊZ - MONTEMOR,GALP,gasoline_95,Gasolina simples 95,Outro,2.061,Montemor-o-Novo,Évora,EN 4 (Av. Gago Coutinho nº 25),Montemor-o-Novo,7050-097,38.64958,-8.21676,sousa & marquêz - montemor,galp,en 4 (av. gago coutinho nº 25),"2,061 €",2026-05-15_dgeg_postos_raw.csv,06da187f434fcde6
2026-05-15,2026-05-15 14:31:32,2026-05-15 00:05:00,02a51a99c9769098,02a51a99c9769098_diesel_regular,LUBRICENTRO DOIS CCA LDA,GALP,diesel_regular,Gasóleo simples,Outro,2.055,Montemor-o-Velho,Coimbra,Largo do Alhastro,Carapinheira,3140-000,40.20385,-8.64871,lubricentro dois cca lda,galp,largo do alhastro,"2,055 €",2026-05-15_dgeg_postos_raw.csv,685de55c566cb07d
2026-05-15,2026-05-15 14:31:32,2026-05-15 00:05:00,02a51a99c9769098,02a51a99c9769098_diesel_premium,LUBRICENTRO DOIS CCA LDA,GALP,diesel_premium,Gasóleo especial,Outro,2.105,Montemor-o-Velho,Coimbra,Largo do Alhastro,Carapinheira,3140-000,40.20385,-8.64871,lubricentro dois cca lda,galp,largo do alhastro,"2,105 €",2026-05-15_dgeg_postos_raw.csv,f3b99c9886f4b968
2026-05-15,2026-05-15 14:31:32,2026-05-15 00:05:00,02a51a99c9769098,02a51a99c9769098_gasoline_95,LUBRICENTRO DOIS CCA LDA,GALP,gasoline_95,Gasolina simples 95,Outro,2.051,Montemor-o-Velho,Coimbra,Largo do Alhastro,Carapinheira,3140-000,40.20385,-8.64871,lubricentro dois cca lda,galp,largo do alhastro,"2,051 €",2026-05-15_dgeg_postos_raw.csv,3b37d89aaae83075
2026-05-15,2026-05-15 14:31:32,2026-05-15 00:05:00,02a51a99c9769098,02a51a99c9769098_gasoline_98,LUBRICENTRO DOIS CCA LDA,GALP,gasoline_98,Gasolina especial 98,Outro,2.261,Montemor-o-Velho,Coimbra,Largo do Alhastro,Carapinheira,3140-000,40.20385,-8.64871,lubricentro dois cca lda,galp,largo do alhastro,"2,261 €",2026-05-15_dgeg_postos_raw.csv,6c2cee9111153205
2026-05-15,2026-05-15 14:31:32,2026-05-15 00:05:00,90b09445338aa7e2,90b09445338aa7e2_diesel_regular,"CRISALBI, LDA",GALP,diesel_regular,Gasóleo simples,Outro,2.029,Mora,Évora,"EN 2 Km 478,493",Mora,7490-000,38.943365,-8.1575,"crisalbi, lda",galp,"en 2 km 478,493","2,029 €",2026-05-15_dgeg_postos_raw.csv,8f6b25e611b86fbd
2026-05-15,2026-05-15 14:31:32,2026-05-15 00:05:00,90b09445338aa7e2,90b09445338aa7e2_diesel_premium,"CRISALBI, LDA",GALP,diesel_premium,Gasóleo especial,Outro,2.079,Mora,Évora,"EN 2 Km 478,493",Mora,7490-000,38.943365,-8.1575,"crisalbi, lda",galp,"en 2 km 478,493","2,079 €",2026-05-15_dgeg_postos_raw.csv,1eaee35b1c717940
2026-05-15,2026-05-15 14:31:32,2026-05-15 00:05:00,90b09445338aa7e2,90b09445338aa7e2_gasoline_95,"CRISALBI, LDA",GALP,gasoline_95,Gasolina simples 95,Outro,2.026,Mora,Évora,"EN 2 Km 478,493",Mora,7490-000,38.943365,-8.1575,"crisalbi, lda",galp,"en 2 km 478,493","2,026 €",2026-05-15_dgeg_postos_raw.csv,19ae7c94332184ab
2026-05-15,2026-05-15 14:31:32,2026-05-15 00:05:00,cf36f24d090145c1,cf36f24d090145c1_diesel_regular,MANUEL GREGÓRIO DOS SANTOS P. COUTINHO,GALP,diesel_regular,Gasóleo simples,Outro,2.055,Moura,Beja,Largo José Maria Santos nº 42,Moura,7860-008,38.13757,-7.447143,manuel gregório dos santos p. coutinho,galp,largo josé maria santos nº 42,"2,055 €",2026-05-15_dgeg_postos_raw.csv,5d1e3dd7ae45c9ee
2026-05-15,2026-05-15 14:31:32,2026-05-15 00:05:00,cf36f24d090145c1,cf36f24d090145c1_diesel_premium,MANUEL GREGÓRIO DOS SANTOS P. COUTINHO,GALP,diesel_premium,Gasóleo especial,Outro,2.105,Moura,Beja,Largo José Maria Santos nº 42,Moura,7860-008,38.13757,-7.447143,manuel gregório dos santos p. coutinho,galp,largo josé maria santos nº 42,"2,105 €",2026-05-15_dgeg_postos_raw.csv,57bb004b744ac1e7
2026-05-15,2026-05-15 14:31:32,2026-05-15 00:05:00,cf36f24d090145c1,cf36f24d090145c1_gasoline_95,MANUEL GREGÓRIO DOS SANTOS P. COUTINHO,GALP,gasoline_95,Gasolina simples 95,Outro,2.051,Moura,Beja,Largo José Maria Santos nº 42,Moura,7860-008,38.13757,-7.447143,manuel gregório dos santos p. coutinho,galp,largo josé maria santos nº 42,"2,051 €",2026-05-15_dgeg_postos_raw.csv,de0db73a5da5b2ff
2026-05-15,2026-05-15 14:31:32,2026-05-15 00:05:00,4f9f5b3caba8b81d,4f9f5b3caba8b81d_diesel_regular,MARQUES & FILHO - MOURÃO,GALP,diesel_regular,Gasóleo simples,Outro,2.015,Mourão,Évora,Zona Industrial do Cemitério,Mourão,7240-000,38.38167,-7.33445,marques & filho - mourão,galp,zona industrial do cemitério,"2,015 €",2026-05-15_dgeg_postos_raw.csv,2759abe81bd94432
2026-05-15,2026-05-15 14:31:32,2026-05-15 00:05:00,4f9f5b3caba8b81d,4f9f5b3caba8b81d_diesel_premium,MARQUES & FILHO - MOURÃO,GALP,diesel_premium,Gasóleo especial,Outro,2.065,Mourão,Évora,Zona Industrial do Cemitério,Mourão,7240-000,38.38167,-7.33445,marques & filho - mourão,galp,zona industrial do cemitério,"2,065 €",2026-05-15_dgeg_postos_raw.csv,02e7eba506c7785e
2026-05-15,2026-05-15 14:31:32,2026-05-15 00:05:00,4f9f5b3caba8b81d,4f9f5b3caba8b81d_gasoline_95,MARQUES & FILHO - MOURÃO,GALP,gasoline_95,Gasolina simples 95,Outro,2.011,Mourão,Évora,Zona Industrial do Cemitério,Mourão,7240-000,38.38167,-7.33445,marques & filho - mourão,galp,zona industrial do cemitério,"2,011 €",2026-05-15_dgeg_postos_raw.csv,43fbff3f60999049
2026-05-15,2026-05-15 14:31:32,2026-05-15 00:05:00,265a145652641bf0,265a145652641bf0_diesel_regular,Chamauto  Murça,GALP,diesel_regular,Gasóleo simples,Outro,2.079,Murça,Vila Real,Saída do IP4,Lugar do Prado,5090-102,41.401507,-7.446909,chamauto murça,galp,saída do ip4,"2,079 €",2026-05-15_dgeg_postos_raw.csv,c901680fd465293c
2026-05-15,2026-05-15 14:31:32,2026-05-15 00:05:00,265a145652641bf0,265a145652641bf0_diesel_premium,Chamauto  Murça,GALP,diesel_premium,Gasóleo especial,Outro,2.139,Murça,Vila Real,Saída do IP4,Lugar do Prado,5090-102,41.401507,-7.446909,chamauto murça,galp,saída do ip4,"2,139 €",2026-05-15_dgeg_postos_raw.csv,b6f3af0061f49dc7
2026-05-15,2026-05-15 14:31:32,2026-05-15 00:05:00,265a145652641bf0,265a145652641bf0_gasoline_95,Chamauto  Murça,GALP,gasoline_95,Gasolina simples 95,Outro,2.077,Murça,Vila Real,Saída do IP4,Lugar do Prado,5090-102,41.401507,-7.446909,chamauto murça,galp,saída do ip4,"2,077 €",2026-05-15_dgeg_postos_raw.csv,f230aad474d5fbdf
2026-05-15,2026-05-15 14:31:32,2026-05-15 00:05:00,265a145652641bf0,265a145652641bf0_gasoline_98,Chamauto  Murça,GALP,gasoline_98,Gasolina especial 98,Outro,2.287,Murça,Vila Real,Saída do IP4,Lugar do Prado,5090-102,41.401507,-7.446909,chamauto murça,galp,saída do ip4,"2,287 €",2026-05-15_dgeg_postos_raw.csv,b4b164cc168dae76
2026-05-15,2026-05-15 14:31:32,2026-05-15 00:05:00,7bc5930ca32bf476,7bc5930ca32bf476_diesel_regular,"LEAL, LEAL & INÊS, LDA.",GALP,diesel_regular,Gasóleo simples,Outro,2.029,Nazaré,Leiria,"EN 24 Km 32,2",Calhau,2450-000,39.61505,-9.05957,"leal, leal & inês, lda.",galp,"en 24 km 32,2","2,029 €",2026-05-15_dgeg_postos_raw.csv,d08ecac0eab7b02a
2026-05-15,2026-05-15 14:31:32,2026-05-15 00:05:00,7bc5930ca32bf476,7bc5930ca32bf476_diesel_premium,"LEAL, LEAL & INÊS, LDA.",GALP,diesel_premium,Gasóleo especial,Outro,2.079,Nazaré,Leiria,"EN 24 Km 32,2",Calhau,2450-000,39.61505,-9.05957,"leal, leal & inês, lda.",galp,"en 24 km 32,2","2,079 €",2026-05-15_dgeg_postos_raw.csv,cfc300300188141d
2026-05-15,2026-05-15 14:31:32,2026-05-15 00:05:00,7bc5930ca32bf476,7bc5930ca32bf476_gasoline_95,"LEAL, LEAL & INÊS, LDA.",GALP,gasoline_95,Gasolina simples 95,Outro,2.026,Nazaré,Leiria,"EN 24 Km 32,2",Calhau,2450-000,39.61505,-9.05957,"leal, leal & inês, lda.",galp,"en 24 km 32,2","2,026 €",2026-05-15_dgeg_postos_raw.csv,ca2b65c339610e83
2026-05-15,2026-05-15 14:31:32,2026-05-15 00:05:00,7bc5930ca32bf476,7bc5930ca32bf476_gasoline_98,"LEAL, LEAL & INÊS, LDA.",GALP,gasoline_98,Gasolina especial 98,Outro,2.236,Nazaré,Leiria,"EN 24 Km 32,2",Calhau,2450-000,39.61505,-9.05957,"leal, leal & inês, lda.",galp,"en 24 km 32,2","2,236 €",2026-05-15_dgeg_postos_raw.csv,32693bccc453cb90
2026-05-15,2026-05-15 14:31:32,2026-05-15 00:05:00,605d9045806c5067,605d9045806c5067_diesel_regular,MARIA ESPERANÇA C. JACOB HERDEIROS,GALP,diesel_regular,Gasóleo simples,Outro,2.055,Odemira,Beja,"EN 120 Km 115,4",Odemira,7630-000,37.515121,-8.710743,maria esperança c. jacob herdeiros,galp,"en 120 km 115,4","2,055 €",2026-05-15_dgeg_postos_raw.csv,512724d01f964a0a
2026-05-15,2026-05-15 14:31:32,2026-05-15 00:05:00,605d9045806c5067,605d9045806c5067_diesel_premium,MARIA ESPERANÇA C. JACOB HERDEIROS,GALP,diesel_premium,Gasóleo especial,Outro,2.115,Odemira,Beja,"EN 120 Km 115,4",Odemira,7630-000,37.515121,-8.710743,maria esperança c. jacob herdeiros,galp,"en 120 km 115,4","2,115 €",2026-05-15_dgeg_postos_raw.csv,c9ed8f780cb59f3f
2026-05-15,2026-05-15 14:31:32,2026-05-15 00:05:00,605d9045806c5067,605d9045806c5067_gasoline_95,MARIA ESPERANÇA C. JACOB HERDEIROS,GALP,gasoline_95,Gasolina simples 95,Outro,2.051,Odemira,Beja,"EN 120 Km 115,4",Odemira,7630-000,37.515121,-8.710743,maria esperança c. jacob herdeiros,galp,"en 120 km 115,4","2,051 €",2026-05-15_dgeg_postos_raw.csv,82a323d91dde2549
2026-05-15,2026-05-15 14:31:32,2026-05-15 00:05:00,069dccfb2717cf53,069dccfb2717cf53_diesel_regular,"TOMEIFEL, LDA",GALP,diesel_regular,Gasóleo simples,Outro,2.079,Peso da Régua,Vila Real,Rua da Ferreirinha,Peso da Régua,5050-261,41.16477,-7.79401,"tomeifel, lda",galp,rua da ferreirinha,"2,079 €",2026-05-15_dgeg_postos_raw.csv,15429410838315e2
2026-05-15,2026-05-15 14:31:32,2026-05-15 00:05:00,069dccfb2717cf53,069dccfb2717cf53_diesel_premium,"TOMEIFEL, LDA",GALP,diesel_premium,Gasóleo especial,Outro,2.129,Peso da Régua,Vila Real,Rua da Ferreirinha,Peso da Régua,5050-261,41.16477,-7.79401,"tomeifel, lda",galp,rua da ferreirinha,"2,129 €",2026-05-15_dgeg_postos_raw.csv,7259cae5841f9d14
2026-05-15,2026-05-15 14:31:32,2026-05-15 00:05:00,069dccfb2717cf53,069dccfb2717cf53_gasoline_95,"TOMEIFEL, LDA",GALP,gasoline_95,Gasolina simples 95,Outro,2.072,Peso da Régua,Vila Real,Rua da Ferreirinha,Peso da Régua,5050-261,41.16477,-7.79401,"tomeifel, lda",galp,rua da ferreirinha,"2,072 €",2026-05-15_dgeg_postos_raw.csv,6ff0e6a49a55c801
2026-05-15,2026-05-15 14:31:32,2026-05-15 00:05:00,6a4bff30c7840017,6a4bff30c7840017_diesel_regular,"Baraças, Irmãos Unidos & Aguiar, Lda(2)",GALP,diesel_regular,Gasóleo simples,Outro,2.055,Pinhel,Guarda,Av. Frederico Ulrich nº 14,Pinhel,6400-000,40.77348,-7.06715,"baraças, irmãos unidos & aguiar, lda(2)",galp,av. frederico ulrich nº 14,"2,055 €",2026-05-15_dgeg_postos_raw.csv,c62a31b3fdde550a
2026-05-15,2026-05-15 14:31:32,2026-05-15 00:05:00,6a4bff30c7840017,6a4bff30c7840017_diesel_premium,"Baraças, Irmãos Unidos & Aguiar, Lda(2)",GALP,diesel_premium,Gasóleo especial,Outro,2.105,Pinhel,Guarda,Av. Frederico Ulrich nº 14,Pinhel,6400-000,40.77348,-7.06715,"baraças, irmãos unidos & aguiar, lda(2)",galp,av. frederico ulrich nº 14,"2,105 €",2026-05-15_dgeg_postos_raw.csv,63915df96ed8a2ad
2026-05-15,2026-05-15 14:31:32,2026-05-15 00:05:00,6a4bff30c7840017,6a4bff30c7840017_gasoline_95,"Baraças, Irmãos Unidos & Aguiar, Lda(2)",GALP,gasoline_95,Gasolina simples 95,Outro,2.051,Pinhel,Guarda,Av. Frederico Ulrich nº 14,Pinhel,6400-000,40.77348,-7.06715,"baraças, irmãos unidos & aguiar, lda(2)",galp,av. frederico ulrich nº 14,"2,051 €",2026-05-15_dgeg_postos_raw.csv,dc29994da498f670
2026-05-15,2026-05-15 14:31:32,2026-05-15 00:05:00,6a4bff30c7840017,6a4bff30c7840017_gasoline_98,"Baraças, Irmãos Unidos & Aguiar, Lda(2)",GALP,gasoline_98,Gasolina especial 98,Outro,2.261,Pinhel,Guarda,Av. Frederico Ulrich nº 14,Pinhel,6400-000,40.77348,-7.06715,"baraças, irmãos unidos & aguiar, lda(2)",galp,av. frederico ulrich nº 14,"2,261 €",2026-05-15_dgeg_postos_raw.csv,8bfd4f12c92c69c0
2026-05-15,2026-05-15 14:31:32,2026-05-15 00:05:00,131ebabb5b944709,131ebabb5b944709_diesel_regular,"Nunes & Filhos, Lda 1",GALP,diesel_regular,Gasóleo simples,Outro,2.079,Pombal,Leiria,EN 1 Km 167,Redinha,3100-000,39.99617,-8.60254,"nunes & filhos, lda 1",galp,en 1 km 167,"2,079 €",2026-05-15_dgeg_postos_raw.csv,ba8765d7103bc7fd
2026-05-15,2026-05-15 14:31:32,2026-05-15 00:05:00,131ebabb5b944709,131ebabb5b944709_diesel_premium,"Nunes & Filhos, Lda 1",GALP,diesel_premium,Gasóleo especial,Outro,2.129,Pombal,Leiria,EN 1 Km 167,Redinha,3100-000,39.99617,-8.60254,"nunes & filhos, lda 1",galp,en 1 km 167,"2,129 €",2026-05-15_dgeg_postos_raw.csv,0d87942050f3dd54
2026-05-15,2026-05-15 14:31:32,2026-05-15 00:05:00,131ebabb5b944709,131ebabb5b944709_gasoline_95,"Nunes & Filhos, Lda 1",GALP,gasoline_95,Gasolina simples 95,Outro,2.072,Pombal,Leiria,EN 1 Km 167,Redinha,3100-000,39.99617,-8.60254,"nunes & filhos, lda 1",galp,en 1 km 167,"2,072 €",2026-05-15_dgeg_postos_raw.csv,dc6c7f28413593d5
2026-05-15,2026-05-15 14:31:32,2026-05-15 00:05:00,7d0cb91dc8147c43,7d0cb91dc8147c43_diesel_regular,"Nunes & Filhos, Lda 2",GALP,diesel_regular,Gasóleo simples,Outro,2.079,Pombal,Leiria,EN 1 Km 167,Redinha,3100-000,39.99581,-8.60249,"nunes & filhos, lda 2",galp,en 1 km 167,"2,079 €",2026-05-15_dgeg_postos_raw.csv,6f21d9451fa8b4b1
2026-05-15,2026-05-15 14:31:32,2026-05-15 00:05:00,7d0cb91dc8147c43,7d0cb91dc8147c43_diesel_premium,"Nunes & Filhos, Lda 2",GALP,diesel_premium,Gasóleo especial,Outro,2.129,Pombal,Leiria,EN 1 Km 167,Redinha,3100-000,39.99581,-8.60249,"nunes & filhos, lda 2",galp,en 1 km 167,"2,129 €",2026-05-15_dgeg_postos_raw.csv,ec360f82cddf8ebd
2026-05-15,2026-05-15 14:31:32,2026-05-15 00:05:00,7d0cb91dc8147c43,7d0cb91dc8147c43_gasoline_95,"Nunes & Filhos, Lda 2",GALP,gasoline_95,Gasolina simples 95,Outro,2.072,Pombal,Leiria,EN 1 Km 167,Redinha,3100-000,39.99581,-8.60249,"nunes & filhos, lda 2",galp,en 1 km 167,"2,072 €",2026-05-15_dgeg_postos_raw.csv,20546a608e565fc2
2026-05-15,2026-05-15 14:31:32,2026-05-15 00:05:00,12a3e60ea1927c30,12a3e60ea1927c30_diesel_regular,"Gonçalo Bouças & Fernandes, Lda.",GALP,diesel_regular,Gasóleo simples,Outro,2.055,Ponte da Barca,Viana do Castelo,"EN 101, Km 57,599 - Rua António José Pereira",Ponte da Barca,4980-634,41.80509,-8.41523,"gonçalo bouças & fernandes, lda.",galp,"en 101, km 57,599 - rua antónio josé pereira","2,055 €",2026-05-15_dgeg_postos_raw.csv,20d905bde0485084
2026-05-15,2026-05-15 14:31:32,2026-05-15 00:05:00,12a3e60ea1927c30,12a3e60ea1927c30_diesel_premium,"Gonçalo Bouças & Fernandes, Lda.",GALP,diesel_premium,Gasóleo especial,Outro,2.105,Ponte da Barca,Viana do Castelo,"EN 101, Km 57,599 - Rua António José Pereira",Ponte da Barca,4980-634,41.80509,-8.41523,"gonçalo bouças & fernandes, lda.",galp,"en 101, km 57,599 - rua antónio josé pereira","2,105 €",2026-05-15_dgeg_postos_raw.csv,c52730a473e6dabe
2026-05-15,2026-05-15 14:31:32,2026-05-15 00:05:00,12a3e60ea1927c30,12a3e60ea1927c30_gasoline_95,"Gonçalo Bouças & Fernandes, Lda.",GALP,gasoline_95,Gasolina simples 95,Outro,2.051,Ponte da Barca,Viana do Castelo,"EN 101, Km 57,599 - Rua António José Pereira",Ponte da Barca,4980-634,41.80509,-8.41523,"gonçalo bouças & fernandes, lda.",galp,"en 101, km 57,599 - rua antónio josé pereira","2,051 €",2026-05-15_dgeg_postos_raw.csv,fda42ec920f0e1a1
2026-05-15,2026-05-15 14:31:32,2026-05-15 00:05:00,12a3e60ea1927c30,12a3e60ea1927c30_gasoline_98,"Gonçalo Bouças & Fernandes, Lda.",GALP,gasoline_98,Gasolina especial 98,Outro,2.261,Ponte da Barca,Viana do Castelo,"EN 101, Km 57,599 - Rua António José Pereira",Ponte da Barca,4980-634,41.80509,-8.41523,"gonçalo bouças & fernandes, lda.",galp,"en 101, km 57,599 - rua antónio josé pereira","2,261 €",2026-05-15_dgeg_postos_raw.csv,36806afcc39f8885
2026-05-15,2026-05-15 14:31:32,2026-05-15 00:05:00,3a5acb928bd0b594,3a5acb928bd0b594_diesel_regular,"J. Pimenta & Filhos, Lda.",GALP,diesel_regular,Gasóleo simples,Outro,2.079,Ponte de Lima,Viana do Castelo,"EN 201 Km 36,46 - Sernados",Feitosa,4990-351,41.75301,-8.58063,"j. pimenta & filhos, lda.",galp,"en 201 km 36,46 - sernados","2,079 €",2026-05-15_dgeg_postos_raw.csv,ca44d196ca9208ab
2026-05-15,2026-05-15 14:31:32,2026-05-15 00:05:00,3a5acb928bd0b594,3a5acb928bd0b594_diesel_premium,"J. Pimenta & Filhos, Lda.",GALP,diesel_premium,Gasóleo especial,Outro,2.129,Ponte de Lima,Viana do Castelo,"EN 201 Km 36,46 - Sernados",Feitosa,4990-351,41.75301,-8.58063,"j. pimenta & filhos, lda.",galp,"en 201 km 36,46 - sernados","2,129 €",2026-05-15_dgeg_postos_raw.csv,a5e1d3ec7949df74
2026-05-15,2026-05-15 14:31:32,2026-05-15 00:05:00,3a5acb928bd0b594,3a5acb928bd0b594_gasoline_95,"J. Pimenta & Filhos, Lda.",GALP,gasoline_95,Gasolina simples 95,Outro,2.067,Ponte de Lima,Viana do Castelo,"EN 201 Km 36,46 - Sernados",Feitosa,4990-351,41.75301,-8.58063,"j. pimenta & filhos, lda.",galp,"en 201 km 36,46 - sernados","2,067 €",2026-05-15_dgeg_postos_raw.csv,cd4eb303a8d6a634
2026-05-15,2026-05-15 14:31:32,2026-05-15 00:05:00,3a5acb928bd0b594,3a5acb928bd0b594_gasoline_98,"J. Pimenta & Filhos, Lda.",GALP,gasoline_98,Gasolina especial 98,Outro,2.277,Ponte de Lima,Viana do Castelo,"EN 201 Km 36,46 - Sernados",Feitosa,4990-351,41.75301,-8.58063,"j. pimenta & filhos, lda.",galp,"en 201 km 36,46 - sernados","2,277 €",2026-05-15_dgeg_postos_raw.csv,5bd0ab33a6019acc
2026-05-15,2026-05-15 14:31:32,2026-05-15 00:05:00,2386f3aa2c6fa86e,2386f3aa2c6fa86e_diesel_regular,"J Pimenta & Filhos, Ldª",GALP,diesel_regular,Gasóleo simples,Outro,2.079,Ponte de Lima,Viana do Castelo,"EN 201 Km 36,4 - Sernados",Feitosa,4990-351,41.752982,-8.581007,"j pimenta & filhos, ldª",galp,"en 201 km 36,4 - sernados","2,079 €",2026-05-15_dgeg_postos_raw.csv,a7052d79e61ccc37
2026-05-15,2026-05-15 14:31:32,2026-05-15 00:05:00,2386f3aa2c6fa86e,2386f3aa2c6fa86e_diesel_premium,"J Pimenta & Filhos, Ldª",GALP,diesel_premium,Gasóleo especial,Outro,2.129,Ponte de Lima,Viana do Castelo,"EN 201 Km 36,4 - Sernados",Feitosa,4990-351,41.752982,-8.581007,"j pimenta & filhos, ldª",galp,"en 201 km 36,4 - sernados","2,129 €",2026-05-15_dgeg_postos_raw.csv,456faad3ba397e65
2026-05-15,2026-05-15 14:31:32,2026-05-15 00:05:00,2386f3aa2c6fa86e,2386f3aa2c6fa86e_gasoline_95,"J Pimenta & Filhos, Ldª",GALP,gasoline_95,Gasolina simples 95,Outro,2.067,Ponte de Lima,Viana do Castelo,"EN 201 Km 36,4 - Sernados",Feitosa,4990-351,41.752982,-8.581007,"j pimenta & filhos, ldª",galp,"en 201 km 36,4 - sernados","2,067 €",2026-05-15_dgeg_postos_raw.csv,4ffc60b7dee6e801
2026-05-15,2026-05-15 14:31:32,2026-05-15 00:05:00,348b9b79e3e17054,348b9b79e3e17054_diesel_regular,"Santos da Cunha 6 - Logística e Transportes, Lda",GALP,diesel_regular,Gasóleo simples,Outro,2.055,Ponte de Lima,Viana do Castelo,Largo do Terreiro,São Martinho da Gandra,4990-000,41.78087,-8.50292,"santos da cunha 6 - logística e transportes, lda",galp,largo do terreiro,"2,055 €",2026-05-15_dgeg_postos_raw.csv,00fbb723af027d8f
2026-05-15,2026-05-15 14:31:32,2026-05-15 00:05:00,348b9b79e3e17054,348b9b79e3e17054_diesel_premium,"Santos da Cunha 6 - Logística e Transportes, Lda",GALP,diesel_premium,Gasóleo especial,Outro,2.105,Ponte de Lima,Viana do Castelo,Largo do Terreiro,São Martinho da Gandra,4990-000,41.78087,-8.50292,"santos da cunha 6 - logística e transportes, lda",galp,largo do terreiro,"2,105 €",2026-05-15_dgeg_postos_raw.csv,9685e7988f52fd1c
2026-05-15,2026-05-15 14:31:32,2026-05-15 00:05:00,348b9b79e3e17054,348b9b79e3e17054_gasoline_95,"Santos da Cunha 6 - Logística e Transportes, Lda",GALP,gasoline_95,Gasolina simples 95,Outro,2.051,Ponte de Lima,Viana do Castelo,Largo do Terreiro,São Martinho da Gandra,4990-000,41.78087,-8.50292,"santos da cunha 6 - logística e transportes, lda",galp,largo do terreiro,"2,051 €",2026-05-15_dgeg_postos_raw.csv,fab3b5589bb59b05
2026-05-15,2026-05-15 14:31:32,2026-05-15 00:05:00,3abe6c3dcca9922e,3abe6c3dcca9922e_diesel_regular,"Petroalves - Distribuidor de Combustíveis e Lubrificantes, Lda.",GALP,diesel_regular,Gasóleo simples,Outro,2.055,Ponte de Sor,Portalegre,Av. da Liberdade,Ponte de Sôr,7400-218,39.25891,-8.01085,"petroalves - distribuidor de combustíveis e lubrificantes, lda.",galp,av. da liberdade,"2,055 €",2026-05-15_dgeg_postos_raw.csv,21e60021f3cd7c76
2026-05-15,2026-05-15 14:31:32,2026-05-15 00:05:00,3abe6c3dcca9922e,3abe6c3dcca9922e_diesel_premium,"Petroalves - Distribuidor de Combustíveis e Lubrificantes, Lda.",GALP,diesel_premium,Gasóleo especial,Outro,2.105,Ponte de Sor,Portalegre,Av. da Liberdade,Ponte de Sôr,7400-218,39.25891,-8.01085,"petroalves - distribuidor de combustíveis e lubrificantes, lda.",galp,av. da liberdade,"2,105 €",2026-05-15_dgeg_postos_raw.csv,67bae42ae9e798bc
2026-05-15,2026-05-15 14:31:32,2026-05-15 00:05:00,3abe6c3dcca9922e,3abe6c3dcca9922e_gasoline_95,"Petroalves - Distribuidor de Combustíveis e Lubrificantes, Lda.",GALP,gasoline_95,Gasolina simples 95,Outro,2.051,Ponte de Sor,Portalegre,Av. da Liberdade,Ponte de Sôr,7400-218,39.25891,-8.01085,"petroalves - distribuidor de combustíveis e lubrificantes, lda.",galp,av. da liberdade,"2,051 €",2026-05-15_dgeg_postos_raw.csv,899f595103fd1d65
2026-05-15,2026-05-15 14:31:32,2026-05-15 00:05:00,38f4f8a903c91dac,38f4f8a903c91dac_diesel_regular,"GÁSLEGRE - COMBUSTÍVEIS PORTALEGRE, LDA.",GALP,diesel_regular,Gasóleo simples,Outro,2.055,Portalegre,Portalegre,Av. da Estremadura Espanhola 106,Sé,7300-526,39.27895,-7.43141,"gáslegre - combustíveis portalegre, lda.",galp,av. da estremadura espanhola 106,"2,055 €",2026-05-15_dgeg_postos_raw.csv,e68173778b4487c8
2026-05-15,2026-05-15 14:31:32,2026-05-15 00:05:00,38f4f8a903c91dac,38f4f8a903c91dac_diesel_premium,"GÁSLEGRE - COMBUSTÍVEIS PORTALEGRE, LDA.",GALP,diesel_premium,Gasóleo especial,Outro,2.105,Portalegre,Portalegre,Av. da Estremadura Espanhola 106,Sé,7300-526,39.27895,-7.43141,"gáslegre - combustíveis portalegre, lda.",galp,av. da estremadura espanhola 106,"2,105 €",2026-05-15_dgeg_postos_raw.csv,cd7008f2a324b602
2026-05-15,2026-05-15 14:31:32,2026-05-15 00:05:00,38f4f8a903c91dac,38f4f8a903c91dac_gasoline_95,"GÁSLEGRE - COMBUSTÍVEIS PORTALEGRE, LDA.",GALP,gasoline_95,Gasolina simples 95,Outro,2.051,Portalegre,Portalegre,Av. da Estremadura Espanhola 106,Sé,7300-526,39.27895,-7.43141,"gáslegre - combustíveis portalegre, lda.",galp,av. da estremadura espanhola 106,"2,051 €",2026-05-15_dgeg_postos_raw.csv,d25840ba5d57ace7
2026-05-15,2026-05-15 14:31:32,2026-05-15 00:05:00,38f4f8a903c91dac,38f4f8a903c91dac_gasoline_98,"GÁSLEGRE - COMBUSTÍVEIS PORTALEGRE, LDA.",GALP,gasoline_98,Gasolina especial 98,Outro,2.261,Portalegre,Portalegre,Av. da Estremadura Espanhola 106,Sé,7300-526,39.27895,-7.43141,"gáslegre - combustíveis portalegre, lda.",galp,av. da estremadura espanhola 106,"2,261 €",2026-05-15_dgeg_postos_raw.csv,3d390bdd8f5a8b84
2026-05-15,2026-05-15 14:31:32,2026-05-15 00:05:00,54676354848c502f,54676354848c502f_diesel_regular,Lubripor - Lub. Comb. Portalegre,GALP,diesel_regular,Gasóleo simples,Outro,2.055,Portalegre,Portalegre,Estrada da Penha (Rua Dom Nuno Álvares Pereira),São Lourenço,7300-200,39.295848,-7.4325,lubripor - lub. comb. portalegre,galp,estrada da penha (rua dom nuno álvares pereira),"2,055 €",2026-05-15_dgeg_postos_raw.csv,7a79c2645ee647b4
2026-05-15,2026-05-15 14:31:32,2026-05-15 00:05:00,54676354848c502f,54676354848c502f_diesel_premium,Lubripor - Lub. Comb. Portalegre,GALP,diesel_premium,Gasóleo especial,Outro,2.105,Portalegre,Portalegre,Estrada da Penha (Rua Dom Nuno Álvares Pereira),São Lourenço,7300-200,39.295848,-7.4325,lubripor - lub. comb. portalegre,galp,estrada da penha (rua dom nuno álvares pereira),"2,105 €",2026-05-15_dgeg_postos_raw.csv,c05a5fba925640ce
2026-05-15,2026-05-15 14:31:32,2026-05-15 00:05:00,54676354848c502f,54676354848c502f_gasoline_95,Lubripor - Lub. Comb. Portalegre,GALP,gasoline_95,Gasolina simples 95,Outro,2.051,Portalegre,Portalegre,Estrada da Penha (Rua Dom Nuno Álvares Pereira),São Lourenço,7300-200,39.295848,-7.4325,lubripor - lub. comb. portalegre,galp,estrada da penha (rua dom nuno álvares pereira),"2,051 €",2026-05-15_dgeg_postos_raw.csv,245e2362f512c897
2026-05-15,2026-05-15 14:31:32,2026-05-15 00:05:00,1145c84ae60759cd,1145c84ae60759cd_diesel_regular,"Luis Duarte Martins, Lda.",GALP,diesel_regular,Gasóleo simples,Outro,2.055,Penedono,Viseu,Curva da Costinha,Penedono,3630-000,40.990119,-7.39852,"luis duarte martins, lda.",galp,curva da costinha,"2,055 €",2026-05-15_dgeg_postos_raw.csv,ca803a4223f7735a
2026-05-15,2026-05-15 14:31:32,2026-05-15 00:05:00,1145c84ae60759cd,1145c84ae60759cd_diesel_premium,"Luis Duarte Martins, Lda.",GALP,diesel_premium,Gasóleo especial,Outro,2.115,Penedono,Viseu,Curva da Costinha,Penedono,3630-000,40.990119,-7.39852,"luis duarte martins, lda.",galp,curva da costinha,"2,115 €",2026-05-15_dgeg_postos_raw.csv,0ded8b1f18a00fe4
2026-05-15,2026-05-15 14:31:32,2026-05-15 00:05:00,1145c84ae60759cd,1145c84ae60759cd_gasoline_95,"Luis Duarte Martins, Lda.",GALP,gasoline_95,Gasolina simples 95,Outro,2.051,Penedono,Viseu,Curva da Costinha,Penedono,3630-000,40.990119,-7.39852,"luis duarte martins, lda.",galp,curva da costinha,"2,051 €",2026-05-15_dgeg_postos_raw.csv,4f70a7cfb518af79
2026-05-15,2026-05-15 14:31:32,2026-05-15 00:05:00,b3aca5392562ccd2,b3aca5392562ccd2_diesel_regular,"Lubricentro Dois-C.Comb.Aut., Lda.",GALP,diesel_regular,Gasóleo simples,Outro,2.055,Penela,Coimbra,EN 110 / IC 3,Santa Eufémia,3230-000,40.027922,-8.394101,"lubricentro dois-c.comb.aut., lda.",galp,en 110 / ic 3,"2,055 €",2026-05-15_dgeg_postos_raw.csv,c74a0205b7f1ac69
2026-05-15,2026-05-15 14:31:32,2026-05-15 00:05:00,b3aca5392562ccd2,b3aca5392562ccd2_diesel_premium,"Lubricentro Dois-C.Comb.Aut., Lda.",GALP,diesel_premium,Gasóleo especial,Outro,2.105,Penela,Coimbra,EN 110 / IC 3,Santa Eufémia,3230-000,40.027922,-8.394101,"lubricentro dois-c.comb.aut., lda.",galp,en 110 / ic 3,"2,105 €",2026-05-15_dgeg_postos_raw.csv,4d25e541200907c1
2026-05-15,2026-05-15 14:31:32,2026-05-15 00:05:00,b3aca5392562ccd2,b3aca5392562ccd2_gasoline_95,"Lubricentro Dois-C.Comb.Aut., Lda.",GALP,gasoline_95,Gasolina simples 95,Outro,2.051,Penela,Coimbra,EN 110 / IC 3,Santa Eufémia,3230-000,40.027922,-8.394101,"lubricentro dois-c.comb.aut., lda.",galp,en 110 / ic 3,"2,051 €",2026-05-15_dgeg_postos_raw.csv,def1c74f49fa9fe3
2026-05-15,2026-05-15 14:31:32,2026-05-15 00:05:00,a0b7da97d3e40232,a0b7da97d3e40232_diesel_regular,"Leal, Leal & Inês, Lda.",GALP,diesel_regular,Gasóleo simples,Outro,2.025,Peniche,Leiria,Av. do Porto de Pesca,Peniche,2520-000,39.358491,-9.370954,"leal, leal & inês, lda.",galp,av. do porto de pesca,"2,025 €",2026-05-15_dgeg_postos_raw.csv,5a27ebf5ea17c198
2026-05-15,2026-05-15 14:31:32,2026-05-15 00:05:00,a0b7da97d3e40232,a0b7da97d3e40232_diesel_premium,"Leal, Leal & Inês, Lda.",GALP,diesel_premium,Gasóleo especial,Outro,2.075,Peniche,Leiria,Av. do Porto de Pesca,Peniche,2520-000,39.358491,-9.370954,"leal, leal & inês, lda.",galp,av. do porto de pesca,"2,075 €",2026-05-15_dgeg_postos_raw.csv,24ee6a84a7fe2b40
2026-05-15,2026-05-15 14:31:32,2026-05-15 00:05:00,a0b7da97d3e40232,a0b7da97d3e40232_gasoline_95,"Leal, Leal & Inês, Lda.",GALP,gasoline_95,Gasolina simples 95,Outro,2.021,Peniche,Leiria,Av. do Porto de Pesca,Peniche,2520-000,39.358491,-9.370954,"leal, leal & inês, lda.",galp,av. do porto de pesca,"2,021 €",2026-05-15_dgeg_postos_raw.csv,68fe132c451614e9
2026-05-15,2026-05-15 14:31:32,2026-05-15 00:05:00,a0b7da97d3e40232,a0b7da97d3e40232_gasoline_98,"Leal, Leal & Inês, Lda.",GALP,gasoline_98,Gasolina especial 98,Outro,2.231,Peniche,Leiria,Av. do Porto de Pesca,Peniche,2520-000,39.358491,-9.370954,"leal, leal & inês, lda.",galp,av. do porto de pesca,"2,231 €",2026-05-15_dgeg_postos_raw.csv,1880d5581d10c1b3
2026-05-15,2026-05-15 14:31:32,2026-05-15 00:05:00,a20044b5189e6e4c,a20044b5189e6e4c_diesel_regular,"LUÍS JOSÉ BRUNO PEREIRA, LDA.(2)",GALP,diesel_regular,Gasóleo simples,Outro,2.055,Peniche,Leiria,Largo de São José nº 11,Atouguia da Baleia,2520-000,39.3401,-9.32717,"luís josé bruno pereira, lda.(2)",galp,largo de são josé nº 11,"2,055 €",2026-05-15_dgeg_postos_raw.csv,c41e4bc77d18da43
2026-05-15,2026-05-15 14:31:32,2026-05-15 00:05:00,a20044b5189e6e4c,a20044b5189e6e4c_diesel_premium,"LUÍS JOSÉ BRUNO PEREIRA, LDA.(2)",GALP,diesel_premium,Gasóleo especial,Outro,2.105,Peniche,Leiria,Largo de São José nº 11,Atouguia da Baleia,2520-000,39.3401,-9.32717,"luís josé bruno pereira, lda.(2)",galp,largo de são josé nº 11,"2,105 €",2026-05-15_dgeg_postos_raw.csv,58a604c2d574a3c2
2026-05-15,2026-05-15 14:31:32,2026-05-15 00:05:00,a20044b5189e6e4c,a20044b5189e6e4c_gasoline_95,"LUÍS JOSÉ BRUNO PEREIRA, LDA.(2)",GALP,gasoline_95,Gasolina simples 95,Outro,2.051,Peniche,Leiria,Largo de São José nº 11,Atouguia da Baleia,2520-000,39.3401,-9.32717,"luís josé bruno pereira, lda.(2)",galp,largo de são josé nº 11,"2,051 €",2026-05-15_dgeg_postos_raw.csv,6670ab9262008b4c
2026-05-15,2026-05-15 14:31:32,2026-05-15 00:05:00,e335b1814b133fac,e335b1814b133fac_diesel_regular,"TFGest - Gestão e Comércio de Produtos Petrolíferos, Lda.",GALP,diesel_regular,Gasóleo simples,Outro,2.019,Paredes,Porto,"EN 15 (Rua Central de Gandra nº 1050) Km 13,3",Gandra,4585-116,41.18372,-8.44072,"tfgest - gestão e comércio de produtos petrolíferos, lda.",galp,"en 15 (rua central de gandra nº 1050) km 13,3","2,019 €",2026-05-15_dgeg_postos_raw.csv,91de6ea603c54e36
2026-05-15,2026-05-15 14:31:32,2026-05-15 00:05:00,e335b1814b133fac,e335b1814b133fac_diesel_premium,"TFGest - Gestão e Comércio de Produtos Petrolíferos, Lda.",GALP,diesel_premium,Gasóleo especial,Outro,2.069,Paredes,Porto,"EN 15 (Rua Central de Gandra nº 1050) Km 13,3",Gandra,4585-116,41.18372,-8.44072,"tfgest - gestão e comércio de produtos petrolíferos, lda.",galp,"en 15 (rua central de gandra nº 1050) km 13,3","2,069 €",2026-05-15_dgeg_postos_raw.csv,b80938d198442b91
2026-05-15,2026-05-15 14:31:32,2026-05-15 00:05:00,e335b1814b133fac,e335b1814b133fac_gasoline_95,"TFGest - Gestão e Comércio de Produtos Petrolíferos, Lda.",GALP,gasoline_95,Gasolina simples 95,Outro,2.017,Paredes,Porto,"EN 15 (Rua Central de Gandra nº 1050) Km 13,3",Gandra,4585-116,41.18372,-8.44072,"tfgest - gestão e comércio de produtos petrolíferos, lda.",galp,"en 15 (rua central de gandra nº 1050) km 13,3","2,017 €",2026-05-15_dgeg_postos_raw.csv,f1f5aa61865c693d
2026-05-15,2026-05-15 14:31:32,2026-05-15 00:05:00,e335b1814b133fac,e335b1814b133fac_gasoline_98,"TFGest - Gestão e Comércio de Produtos Petrolíferos, Lda.",GALP,gasoline_98,Gasolina especial 98,Outro,2.227,Paredes,Porto,"EN 15 (Rua Central de Gandra nº 1050) Km 13,3",Gandra,4585-116,41.18372,-8.44072,"tfgest - gestão e comércio de produtos petrolíferos, lda.",galp,"en 15 (rua central de gandra nº 1050) km 13,3","2,227 €",2026-05-15_dgeg_postos_raw.csv,8bcc7a7e6b6928ae
2026-05-15,2026-05-15 14:31:32,2026-05-15 00:05:00,4a3ea51228b7160c,4a3ea51228b7160c_diesel_regular,"VGV – Abast. Mont. Gás, Unipessoal, Lda",GALP,diesel_regular,Gasóleo simples,Outro,2.055,Penafiel,Porto,"EN 108 Km 38,150 (Rua Principal)",Entre-os-Rios,4575-218,41.08679,-8.29188,"vgv – abast. mont. gás, unipessoal, lda",galp,"en 108 km 38,150 (rua principal)","2,055 €",2026-05-15_dgeg_postos_raw.csv,67f5057c45eeef02
2026-05-15,2026-05-15 14:31:32,2026-05-15 00:05:00,4a3ea51228b7160c,4a3ea51228b7160c_diesel_premium,"VGV – Abast. Mont. Gás, Unipessoal, Lda",GALP,diesel_premium,Gasóleo especial,Outro,2.105,Penafiel,Porto,"EN 108 Km 38,150 (Rua Principal)",Entre-os-Rios,4575-218,41.08679,-8.29188,"vgv – abast. mont. gás, unipessoal, lda",galp,"en 108 km 38,150 (rua principal)","2,105 €",2026-05-15_dgeg_postos_raw.csv,82692561456f2fc8
2026-05-15,2026-05-15 14:31:32,2026-05-15 00:05:00,4a3ea51228b7160c,4a3ea51228b7160c_gasoline_95,"VGV – Abast. Mont. Gás, Unipessoal, Lda",GALP,gasoline_95,Gasolina simples 95,Outro,2.051,Penafiel,Porto,"EN 108 Km 38,150 (Rua Principal)",Entre-os-Rios,4575-218,41.08679,-8.29188,"vgv – abast. mont. gás, unipessoal, lda",galp,"en 108 km 38,150 (rua principal)","2,051 €",2026-05-15_dgeg_postos_raw.csv,1fc388a61f86e0e4
2026-05-15,2026-05-15 14:31:32,2026-05-15 00:05:00,9d05ce62b992573e,9d05ce62b992573e_diesel_regular,"VGV - Abast.Mont.Gás,Unipessoal,Lda.",GALP,diesel_regular,Gasóleo simples,Outro,2.055,Paredes,Porto,Av. dos Bombeiros Voluntários,Paredes,4580-053,41.205741,-8.337214,"vgv - abast.mont.gás,unipessoal,lda.",galp,av. dos bombeiros voluntários,"2,055 €",2026-05-15_dgeg_postos_raw.csv,1ab70cd566c6a5dc
2026-05-15,2026-05-15 14:31:32,2026-05-15 00:05:00,9d05ce62b992573e,9d05ce62b992573e_diesel_premium,"VGV - Abast.Mont.Gás,Unipessoal,Lda.",GALP,diesel_premium,Gasóleo especial,Outro,2.105,Paredes,Porto,Av. dos Bombeiros Voluntários,Paredes,4580-053,41.205741,-8.337214,"vgv - abast.mont.gás,unipessoal,lda.",galp,av. dos bombeiros voluntários,"2,105 €",2026-05-15_dgeg_postos_raw.csv,18bff287f7d1ef03
2026-05-15,2026-05-15 14:31:32,2026-05-15 00:05:00,9d05ce62b992573e,9d05ce62b992573e_gasoline_95,"VGV - Abast.Mont.Gás,Unipessoal,Lda.",GALP,gasoline_95,Gasolina simples 95,Outro,2.051,Paredes,Porto,Av. dos Bombeiros Voluntários,Paredes,4580-053,41.205741,-8.337214,"vgv - abast.mont.gás,unipessoal,lda.",galp,av. dos bombeiros voluntários,"2,051 €",2026-05-15_dgeg_postos_raw.csv,0ed8dde328d707c6
2026-05-15,2026-05-15 14:31:32,2026-05-15 00:05:00,51bd74544899b72d,51bd74544899b72d_diesel_regular,"Chamauto,lda Cristelo",GALP,diesel_regular,Gasóleo simples,Outro,2.025,Paredes,Porto,Rua Casimiro Neto da Silva nº 416,Cristelo,4580-354,41.23523,-8.36166,"chamauto,lda cristelo",galp,rua casimiro neto da silva nº 416,"2,025 €",2026-05-15_dgeg_postos_raw.csv,4fa1ba7fde5496c2
2026-05-15,2026-05-15 14:31:32,2026-05-15 00:05:00,51bd74544899b72d,51bd74544899b72d_diesel_premium,"Chamauto,lda Cristelo",GALP,diesel_premium,Gasóleo especial,Outro,2.085,Paredes,Porto,Rua Casimiro Neto da Silva nº 416,Cristelo,4580-354,41.23523,-8.36166,"chamauto,lda cristelo",galp,rua casimiro neto da silva nº 416,"2,085 €",2026-05-15_dgeg_postos_raw.csv,c04fbe090f4e1c5c
2026-05-15,2026-05-15 14:31:32,2026-05-15 00:05:00,51bd74544899b72d,51bd74544899b72d_gasoline_95,"Chamauto,lda Cristelo",GALP,gasoline_95,Gasolina simples 95,Outro,2.021,Paredes,Porto,Rua Casimiro Neto da Silva nº 416,Cristelo,4580-354,41.23523,-8.36166,"chamauto,lda cristelo",galp,rua casimiro neto da silva nº 416,"2,021 €",2026-05-15_dgeg_postos_raw.csv,0b6396c00600296b
2026-05-15,2026-05-15 14:31:32,2026-05-15 00:05:00,dd2c9873587227d4,dd2c9873587227d4_gasoline_98,GALP A2 A.S. Palmela (N/S),GALP,gasoline_98,Gasolina especial 98,Auto-estrada,2.279,Palmela,Setúbal,"A2 - Km 31,200",Vale de Touros,2950-137,38.584595,-8.931231,galp a2 a.s. palmela (n/s),galp,"a2 - km 31,200","2,279 €",2026-05-15_dgeg_postos_raw.csv,26acdb1b328fe769
2026-05-15,2026-05-15 14:31:32,2026-05-15 00:05:00,f4fae8932bc7a57b,f4fae8932bc7a57b_diesel_regular,"Estação de Serviço Central, Lda._2",GALP,diesel_regular,Gasóleo simples,Outro,2.015,Palmela,Setúbal,Av. Visconde do Tojal,Cabanas,2950-604,38.55725,-8.96407,"estação de serviço central, lda._2",galp,av. visconde do tojal,"2,015 €",2026-05-15_dgeg_postos_raw.csv,fb4de1bebe5ab4bb
2026-05-15,2026-05-15 14:31:32,2026-05-15 00:05:00,f4fae8932bc7a57b,f4fae8932bc7a57b_diesel_premium,"Estação de Serviço Central, Lda._2",GALP,diesel_premium,Gasóleo especial,Outro,2.065,Palmela,Setúbal,Av. Visconde do Tojal,Cabanas,2950-604,38.55725,-8.96407,"estação de serviço central, lda._2",galp,av. visconde do tojal,"2,065 €",2026-05-15_dgeg_postos_raw.csv,d47ed6a177a6972a
2026-05-15,2026-05-15 14:31:32,2026-05-15 00:05:00,f4fae8932bc7a57b,f4fae8932bc7a57b_gasoline_95,"Estação de Serviço Central, Lda._2",GALP,gasoline_95,Gasolina simples 95,Outro,2.011,Palmela,Setúbal,Av. Visconde do Tojal,Cabanas,2950-604,38.55725,-8.96407,"estação de serviço central, lda._2",galp,av. visconde do tojal,"2,011 €",2026-05-15_dgeg_postos_raw.csv,0708115dca12b153
2026-05-15,2026-05-15 14:31:32,2026-05-15 00:05:00,710db31e9219679f,710db31e9219679f_diesel_regular,"J. J. BEJA, LDA.",GALP,diesel_regular,Gasóleo simples,Outro,2.055,Palmela,Setúbal,"EN 252 (Rua Gago Coutinho e Sacadura Cabral) Km 7,9",Pinhal Novo,2950-204,38.62242,-8.91661,"j. j. beja, lda.",galp,"en 252 (rua gago coutinho e sacadura cabral) km 7,9","2,055 €",2026-05-15_dgeg_postos_raw.csv,0a53eeab9dd380ad
2026-05-15,2026-05-15 14:31:32,2026-05-15 00:05:00,710db31e9219679f,710db31e9219679f_diesel_premium,"J. J. BEJA, LDA.",GALP,diesel_premium,Gasóleo especial,Outro,2.105,Palmela,Setúbal,"EN 252 (Rua Gago Coutinho e Sacadura Cabral) Km 7,9",Pinhal Novo,2950-204,38.62242,-8.91661,"j. j. beja, lda.",galp,"en 252 (rua gago coutinho e sacadura cabral) km 7,9","2,105 €",2026-05-15_dgeg_postos_raw.csv,aac2fb31ca6d0699
2026-05-15,2026-05-15 14:31:32,2026-05-15 00:05:00,710db31e9219679f,710db31e9219679f_gasoline_95,"J. J. BEJA, LDA.",GALP,gasoline_95,Gasolina simples 95,Outro,2.051,Palmela,Setúbal,"EN 252 (Rua Gago Coutinho e Sacadura Cabral) Km 7,9",Pinhal Novo,2950-204,38.62242,-8.91661,"j. j. beja, lda.",galp,"en 252 (rua gago coutinho e sacadura cabral) km 7,9","2,051 €",2026-05-15_dgeg_postos_raw.csv,ad12131f47aa49f1
2026-05-15,2026-05-15 14:31:32,2026-05-15 00:05:00,710db31e9219679f,710db31e9219679f_gasoline_98,"J. J. BEJA, LDA.",GALP,gasoline_98,Gasolina especial 98,Outro,2.261,Palmela,Setúbal,"EN 252 (Rua Gago Coutinho e Sacadura Cabral) Km 7,9",Pinhal Novo,2950-204,38.62242,-8.91661,"j. j. beja, lda.",galp,"en 252 (rua gago coutinho e sacadura cabral) km 7,9","2,261 €",2026-05-15_dgeg_postos_raw.csv,5926afc17be22426
2026-05-15,2026-05-15 14:31:32,2026-05-15 00:05:00,333e25e255258591,333e25e255258591_diesel_regular,Petrourém - Sociedade Ouriense Derivados do Petroleo Lda.,GALP,diesel_regular,Gasóleo simples,Outro,2.015,Ourém,Santarém,Av. Nuno Álvares Pereira,Vila Nova de Ourém,2490-483,39.656183,-8.570691,petrourém - sociedade ouriense derivados do petroleo lda.,galp,av. nuno álvares pereira,"2,015 €",2026-05-15_dgeg_postos_raw.csv,87baca6bb5a3d4c5
2026-05-15,2026-05-15 14:31:32,2026-05-15 00:05:00,333e25e255258591,333e25e255258591_diesel_premium,Petrourém - Sociedade Ouriense Derivados do Petroleo Lda.,GALP,diesel_premium,Gasóleo especial,Outro,2.065,Ourém,Santarém,Av. Nuno Álvares Pereira,Vila Nova de Ourém,2490-483,39.656183,-8.570691,petrourém - sociedade ouriense derivados do petroleo lda.,galp,av. nuno álvares pereira,"2,065 €",2026-05-15_dgeg_postos_raw.csv,cd9232c3ac04a317
2026-05-15,2026-05-15 14:31:32,2026-05-15 00:05:00,333e25e255258591,333e25e255258591_gasoline_95,Petrourém - Sociedade Ouriense Derivados do Petroleo Lda.,GALP,gasoline_95,Gasolina simples 95,Outro,2.011,Ourém,Santarém,Av. Nuno Álvares Pereira,Vila Nova de Ourém,2490-483,39.656183,-8.570691,petrourém - sociedade ouriense derivados do petroleo lda.,galp,av. nuno álvares pereira,"2,011 €",2026-05-15_dgeg_postos_raw.csv,0b5108b4ff9f623a
2026-05-15,2026-05-15 14:31:32,2026-05-15 00:05:00,333e25e255258591,333e25e255258591_gasoline_98,Petrourém - Sociedade Ouriense Derivados do Petroleo Lda.,GALP,gasoline_98,Gasolina especial 98,Outro,2.221,Ourém,Santarém,Av. Nuno Álvares Pereira,Vila Nova de Ourém,2490-483,39.656183,-8.570691,petrourém - sociedade ouriense derivados do petroleo lda.,galp,av. nuno álvares pereira,"2,221 €",2026-05-15_dgeg_postos_raw.csv,681b6ee04409ca1b
2026-05-15,2026-05-15 14:31:32,2026-05-15 00:05:00,72661a1f578c2008,72661a1f578c2008_diesel_regular,"Torres & Vaz, Lda(2)",GALP,diesel_regular,Gasóleo simples,Outro,2.029,Oliveira de Azeméis,Aveiro,EN 1 Km 259,Pinheiro da Bemposta,3720-000,40.79559,-8.48064,"torres & vaz, lda(2)",galp,en 1 km 259,"2,029 €",2026-05-15_dgeg_postos_raw.csv,c1e0a4241b0a0699
2026-05-15,2026-05-15 14:31:32,2026-05-15 00:05:00,72661a1f578c2008,72661a1f578c2008_diesel_premium,"Torres & Vaz, Lda(2)",GALP,diesel_premium,Gasóleo especial,Outro,2.079,Oliveira de Azeméis,Aveiro,EN 1 Km 259,Pinheiro da Bemposta,3720-000,40.79559,-8.48064,"torres & vaz, lda(2)",galp,en 1 km 259,"2,079 €",2026-05-15_dgeg_postos_raw.csv,f2cbdc727c0db8d7
2026-05-15,2026-05-15 14:31:32,2026-05-15 00:05:00,72661a1f578c2008,72661a1f578c2008_gasoline_95,"Torres & Vaz, Lda(2)",GALP,gasoline_95,Gasolina simples 95,Outro,2.026,Oliveira de Azeméis,Aveiro,EN 1 Km 259,Pinheiro da Bemposta,3720-000,40.79559,-8.48064,"torres & vaz, lda(2)",galp,en 1 km 259,"2,026 €",2026-05-15_dgeg_postos_raw.csv,25b5aab06ea36913
2026-05-15,2026-05-15 14:31:32,2026-05-15 00:05:00,ef425b94dc939b7d,ef425b94dc939b7d_diesel_regular,GALP - Oliveira de  Frades,GALP,diesel_regular,Gasóleo simples,Outro,2.025,Oliveira de Frades,Viseu,Av.Dr Armenio Maia,Oliveira de Frades,3680-115,40.728591,-8.17579,galp - oliveira de frades,galp,av.dr armenio maia,"2,025 €",2026-05-15_dgeg_postos_raw.csv,1a1c718e72a35896
2026-05-15,2026-05-15 14:31:32,2026-05-15 00:05:00,ef425b94dc939b7d,ef425b94dc939b7d_diesel_premium,GALP - Oliveira de  Frades,GALP,diesel_premium,Gasóleo especial,Outro,2.075,Oliveira de Frades,Viseu,Av.Dr Armenio Maia,Oliveira de Frades,3680-115,40.728591,-8.17579,galp - oliveira de frades,galp,av.dr armenio maia,"2,075 €",2026-05-15_dgeg_postos_raw.csv,6db6bf7650dec35c
2026-05-15,2026-05-15 14:31:32,2026-05-15 00:05:00,ef425b94dc939b7d,ef425b94dc939b7d_gasoline_95,GALP - Oliveira de  Frades,GALP,gasoline_95,Gasolina simples 95,Outro,2.021,Oliveira de Frades,Viseu,Av.Dr Armenio Maia,Oliveira de Frades,3680-115,40.728591,-8.17579,galp - oliveira de frades,galp,av.dr armenio maia,"2,021 €",2026-05-15_dgeg_postos_raw.csv,66c535e7bac29594
2026-05-15,2026-05-15 14:31:32,2026-05-15 00:05:00,ef425b94dc939b7d,ef425b94dc939b7d_gasoline_98,GALP - Oliveira de  Frades,GALP,gasoline_98,Gasolina especial 98,Outro,2.231,Oliveira de Frades,Viseu,Av.Dr Armenio Maia,Oliveira de Frades,3680-115,40.728591,-8.17579,galp - oliveira de frades,galp,av.dr armenio maia,"2,231 €",2026-05-15_dgeg_postos_raw.csv,e1fbafedfe4b7bcf
2026-05-15,2026-05-15 14:31:32,2026-05-15 00:05:00,8d754349d2dbef12,8d754349d2dbef12_diesel_regular,"PETROMESTRE - UNIPESSOAL, LDA",GALP,diesel_regular,Gasóleo simples,Outro,2.055,Ourique,Beja,"EN 264 (IC 1 Km 674) Km 43,9",Aldeia Palheiros,7670-202,37.612423,-8.246112,"petromestre - unipessoal, lda",galp,"en 264 (ic 1 km 674) km 43,9","2,055 €",2026-05-15_dgeg_postos_raw.csv,3faf39df44927bf3
2026-05-15,2026-05-15 14:31:32,2026-05-15 00:05:00,8d754349d2dbef12,8d754349d2dbef12_diesel_premium,"PETROMESTRE - UNIPESSOAL, LDA",GALP,diesel_premium,Gasóleo especial,Outro,2.115,Ourique,Beja,"EN 264 (IC 1 Km 674) Km 43,9",Aldeia Palheiros,7670-202,37.612423,-8.246112,"petromestre - unipessoal, lda",galp,"en 264 (ic 1 km 674) km 43,9","2,115 €",2026-05-15_dgeg_postos_raw.csv,9f38d97fd8cbf815
2026-05-15,2026-05-15 14:31:32,2026-05-15 00:05:00,8d754349d2dbef12,8d754349d2dbef12_gasoline_95,"PETROMESTRE - UNIPESSOAL, LDA",GALP,gasoline_95,Gasolina simples 95,Outro,2.051,Ourique,Beja,"EN 264 (IC 1 Km 674) Km 43,9",Aldeia Palheiros,7670-202,37.612423,-8.246112,"petromestre - unipessoal, lda",galp,"en 264 (ic 1 km 674) km 43,9","2,051 €",2026-05-15_dgeg_postos_raw.csv,8c406b2daca2a297
2026-05-15,2026-05-15 14:31:32,2026-05-15 00:05:00,4aa2e047ab7df309,4aa2e047ab7df309_diesel_regular,"Caravela Lusa - Combustiveis, Ldª",GALP,diesel_regular,Gasóleo simples,Outro,2.019,Ovar,Aveiro,Av. Dr. Francisco Sá Carneiro,Ovar,3880-000,40.865385,-8.619325,"caravela lusa - combustiveis, ldª",galp,av. dr. francisco sá carneiro,"2,019 €",2026-05-15_dgeg_postos_raw.csv,6780abf74256333f
2026-05-15,2026-05-15 14:31:32,2026-05-15 00:05:00,4aa2e047ab7df309,4aa2e047ab7df309_diesel_premium,"Caravela Lusa - Combustiveis, Ldª",GALP,diesel_premium,Gasóleo especial,Outro,2.069,Ovar,Aveiro,Av. Dr. Francisco Sá Carneiro,Ovar,3880-000,40.865385,-8.619325,"caravela lusa - combustiveis, ldª",galp,av. dr. francisco sá carneiro,"2,069 €",2026-05-15_dgeg_postos_raw.csv,c72b7e2adbfaa6f9
2026-05-15,2026-05-15 14:31:32,2026-05-15 00:05:00,4aa2e047ab7df309,4aa2e047ab7df309_gasoline_95,"Caravela Lusa - Combustiveis, Ldª",GALP,gasoline_95,Gasolina simples 95,Outro,2.016,Ovar,Aveiro,Av. Dr. Francisco Sá Carneiro,Ovar,3880-000,40.865385,-8.619325,"caravela lusa - combustiveis, ldª",galp,av. dr. francisco sá carneiro,"2,016 €",2026-05-15_dgeg_postos_raw.csv,e4b3662b6fa9c07b
2026-05-15,2026-05-15 14:31:32,2026-05-15 00:05:00,fac164050b5d61ce,fac164050b5d61ce_diesel_regular,Caravela Lusa - Comb. Lda,GALP,diesel_regular,Gasóleo simples,Outro,2.019,Ovar,Aveiro,"EN 109, Km 38,3 - N/S",Valega,3880-000,40.83553,-8.58451,caravela lusa - comb. lda,galp,"en 109, km 38,3 - n/s","2,019 €",2026-05-15_dgeg_postos_raw.csv,0476ecc323ed2360
2026-05-15,2026-05-15 14:31:32,2026-05-15 00:05:00,fac164050b5d61ce,fac164050b5d61ce_diesel_premium,Caravela Lusa - Comb. Lda,GALP,diesel_premium,Gasóleo especial,Outro,2.069,Ovar,Aveiro,"EN 109, Km 38,3 - N/S",Valega,3880-000,40.83553,-8.58451,caravela lusa - comb. lda,galp,"en 109, km 38,3 - n/s","2,069 €",2026-05-15_dgeg_postos_raw.csv,c6675bf43609e1aa
2026-05-15,2026-05-15 14:31:32,2026-05-15 00:05:00,fac164050b5d61ce,fac164050b5d61ce_gasoline_95,Caravela Lusa - Comb. Lda,GALP,gasoline_95,Gasolina simples 95,Outro,2.017,Ovar,Aveiro,"EN 109, Km 38,3 - N/S",Valega,3880-000,40.83553,-8.58451,caravela lusa - comb. lda,galp,"en 109, km 38,3 - n/s","2,017 €",2026-05-15_dgeg_postos_raw.csv,38ed0494624b2a9c
2026-05-15,2026-05-15 14:31:32,2026-05-15 00:05:00,6bf8f67e49111516,6bf8f67e49111516_diesel_regular,"Caravela Lusa, Lda(1)",GALP,diesel_regular,Gasóleo simples,Outro,2.019,Ovar,Aveiro,"EN 109 Km 38,3",Valega,3880-000,40.835594,-8.584265,"caravela lusa, lda(1)",galp,"en 109 km 38,3","2,019 €",2026-05-15_dgeg_postos_raw.csv,1bb115fde8a31add
2026-05-15,2026-05-15 14:31:32,2026-05-15 00:05:00,6bf8f67e49111516,6bf8f67e49111516_gasoline_95,"Caravela Lusa, Lda(1)",GALP,gasoline_95,Gasolina simples 95,Outro,2.017,Ovar,Aveiro,"EN 109 Km 38,3",Valega,3880-000,40.835594,-8.584265,"caravela lusa, lda(1)",galp,"en 109 km 38,3","2,017 €",2026-05-15_dgeg_postos_raw.csv,aa511c9a4bf864f1
2026-05-15,2026-05-15 14:31:32,2026-05-15 00:05:00,04932f89971fa166,04932f89971fa166_diesel_regular,"FSI - Comércio de Combustíveis, SA",GALP,diesel_regular,Gasóleo simples,Outro,2.029,Paços de Ferreira,Porto,EN 207,Freamunde,4594-905,41.28725,-8.34151,"fsi - comércio de combustíveis, sa",galp,en 207,"2,029 €",2026-05-15_dgeg_postos_raw.csv,df553df30c625d08
2026-05-15,2026-05-15 14:31:32,2026-05-15 00:05:00,04932f89971fa166,04932f89971fa166_diesel_premium,"FSI - Comércio de Combustíveis, SA",GALP,diesel_premium,Gasóleo especial,Outro,2.079,Paços de Ferreira,Porto,EN 207,Freamunde,4594-905,41.28725,-8.34151,"fsi - comércio de combustíveis, sa",galp,en 207,"2,079 €",2026-05-15_dgeg_postos_raw.csv,acb9c20007b453b0
2026-05-15,2026-05-15 14:31:32,2026-05-15 00:05:00,04932f89971fa166,04932f89971fa166_gasoline_95,"FSI - Comércio de Combustíveis, SA",GALP,gasoline_95,Gasolina simples 95,Outro,2.026,Paços de Ferreira,Porto,EN 207,Freamunde,4594-905,41.28725,-8.34151,"fsi - comércio de combustíveis, sa",galp,en 207,"2,026 €",2026-05-15_dgeg_postos_raw.csv,d9f489ffca58b985
2026-05-15,2026-05-15 14:31:32,2026-05-15 00:05:00,04932f89971fa166,04932f89971fa166_gasoline_98,"FSI - Comércio de Combustíveis, SA",GALP,gasoline_98,Gasolina especial 98,Outro,2.236,Paços de Ferreira,Porto,EN 207,Freamunde,4594-905,41.28725,-8.34151,"fsi - comércio de combustíveis, sa",galp,en 207,"2,236 €",2026-05-15_dgeg_postos_raw.csv,c22a94f6c8eea687
2026-05-15,2026-05-15 14:31:32,2026-05-15 00:05:00,2c18b4ffdd38a861,2c18b4ffdd38a861_diesel_regular,"BOTELHOS II, LDA.",GALP,diesel_regular,Gasóleo simples,Outro,2.065,Odemira,Beja,"EN 390 Km 39,4",Vila Nova de Milfontes,7645-000,37.738866,-8.767119,"botelhos ii, lda.",galp,"en 390 km 39,4","2,065 €",2026-05-15_dgeg_postos_raw.csv,092429431f6367a9
2026-05-15,2026-05-15 14:31:32,2026-05-15 00:05:00,2c18b4ffdd38a861,2c18b4ffdd38a861_diesel_premium,"BOTELHOS II, LDA.",GALP,diesel_premium,Gasóleo especial,Outro,2.115,Odemira,Beja,"EN 390 Km 39,4",Vila Nova de Milfontes,7645-000,37.738866,-8.767119,"botelhos ii, lda.",galp,"en 390 km 39,4","2,115 €",2026-05-15_dgeg_postos_raw.csv,0eb5e6468157b8fc
2026-05-15,2026-05-15 14:31:32,2026-05-15 00:05:00,2c18b4ffdd38a861,2c18b4ffdd38a861_gasoline_95,"BOTELHOS II, LDA.",GALP,gasoline_95,Gasolina simples 95,Outro,2.061,Odemira,Beja,"EN 390 Km 39,4",Vila Nova de Milfontes,7645-000,37.738866,-8.767119,"botelhos ii, lda.",galp,"en 390 km 39,4","2,061 €",2026-05-15_dgeg_postos_raw.csv,04e41ad4d9c6f3aa
2026-05-15,2026-05-15 14:31:32,2026-05-15 00:05:00,2b2a1aaeb0279c3b,2b2a1aaeb0279c3b_diesel_regular,"MONTAVIL - S. C. MONCARAPACHO, LDA.",GALP,diesel_regular,Gasóleo simples,Outro,2.035,Olhão,Faro,Av. Maria Purificação Palermo,Moncarapacho,8700-103,37.08316,-7.7904,"montavil - s. c. moncarapacho, lda.",galp,av. maria purificação palermo,"2,035 €",2026-05-15_dgeg_postos_raw.csv,1fdf1f199f9f52a6
2026-05-15,2026-05-15 14:31:32,2026-05-15 00:05:00,2b2a1aaeb0279c3b,2b2a1aaeb0279c3b_diesel_premium,"MONTAVIL - S. C. MONCARAPACHO, LDA.",GALP,diesel_premium,Gasóleo especial,Outro,2.085,Olhão,Faro,Av. Maria Purificação Palermo,Moncarapacho,8700-103,37.08316,-7.7904,"montavil - s. c. moncarapacho, lda.",galp,av. maria purificação palermo,"2,085 €",2026-05-15_dgeg_postos_raw.csv,ce79ce1e542a778b
2026-05-15,2026-05-15 14:31:32,2026-05-15 00:05:00,2b2a1aaeb0279c3b,2b2a1aaeb0279c3b_gasoline_95,"MONTAVIL - S. C. MONCARAPACHO, LDA.",GALP,gasoline_95,Gasolina simples 95,Outro,2.031,Olhão,Faro,Av. Maria Purificação Palermo,Moncarapacho,8700-103,37.08316,-7.7904,"montavil - s. c. moncarapacho, lda.",galp,av. maria purificação palermo,"2,031 €",2026-05-15_dgeg_postos_raw.csv,d9db0ecfc5ac3900
2026-05-15,2026-05-15 14:31:32,2026-05-15 00:05:00,df61f867ac6ffc91,df61f867ac6ffc91_diesel_regular,"LUBRIOLHÃO - LUBES E COMB., LDA.",GALP,diesel_regular,Gasóleo simples,Outro,2.035,Olhão,Faro,"EN 125 Km 113,1",Olhão,8700-146,37.03155,-7.84713,"lubriolhão - lubes e comb., lda.",galp,"en 125 km 113,1","2,035 €",2026-05-15_dgeg_postos_raw.csv,6861d7b8a0a3f56f
2026-05-15,2026-05-15 14:31:32,2026-05-15 00:05:00,df61f867ac6ffc91,df61f867ac6ffc91_diesel_premium,"LUBRIOLHÃO - LUBES E COMB., LDA.",GALP,diesel_premium,Gasóleo especial,Outro,2.085,Olhão,Faro,"EN 125 Km 113,1",Olhão,8700-146,37.03155,-7.84713,"lubriolhão - lubes e comb., lda.",galp,"en 125 km 113,1","2,085 €",2026-05-15_dgeg_postos_raw.csv,fa5874d248d84a54
2026-05-15,2026-05-15 14:31:32,2026-05-15 00:05:00,df61f867ac6ffc91,df61f867ac6ffc91_gasoline_95,"LUBRIOLHÃO - LUBES E COMB., LDA.",GALP,gasoline_95,Gasolina simples 95,Outro,2.031,Olhão,Faro,"EN 125 Km 113,1",Olhão,8700-146,37.03155,-7.84713,"lubriolhão - lubes e comb., lda.",galp,"en 125 km 113,1","2,031 €",2026-05-15_dgeg_postos_raw.csv,9cb4ae2b9e12365e
2026-05-15,2026-05-15 14:31:32,2026-05-15 00:05:00,df61f867ac6ffc91,df61f867ac6ffc91_gasoline_98,"LUBRIOLHÃO - LUBES E COMB., LDA.",GALP,gasoline_98,Gasolina especial 98,Outro,2.241,Olhão,Faro,"EN 125 Km 113,1",Olhão,8700-146,37.03155,-7.84713,"lubriolhão - lubes e comb., lda.",galp,"en 125 km 113,1","2,241 €",2026-05-15_dgeg_postos_raw.csv,2867dafeb37db8f1
2026-05-15,2026-05-15 14:31:32,2026-05-15 00:05:00,61e84ce3ebde72ed,61e84ce3ebde72ed_diesel_regular,COMBUSTIVEIS BAIRRADA LDA(1),GALP,diesel_regular,Gasóleo simples,Outro,2.055,Oliveira do Bairro,Aveiro,"EN 235 (E-O) Km 13,4 - S/N",Oiã,3770-059,40.551279,-8.544376,combustiveis bairrada lda(1),galp,"en 235 (e-o) km 13,4 - s/n","2,055 €",2026-05-15_dgeg_postos_raw.csv,227bd79e29cb3cfb
2026-05-15,2026-05-15 14:31:32,2026-05-15 00:05:00,61e84ce3ebde72ed,61e84ce3ebde72ed_diesel_premium,COMBUSTIVEIS BAIRRADA LDA(1),GALP,diesel_premium,Gasóleo especial,Outro,2.105,Oliveira do Bairro,Aveiro,"EN 235 (E-O) Km 13,4 - S/N",Oiã,3770-059,40.551279,-8.544376,combustiveis bairrada lda(1),galp,"en 235 (e-o) km 13,4 - s/n","2,105 €",2026-05-15_dgeg_postos_raw.csv,1f1d6f12ff61e59b
2026-05-15,2026-05-15 14:31:32,2026-05-15 00:05:00,61e84ce3ebde72ed,61e84ce3ebde72ed_gasoline_95,COMBUSTIVEIS BAIRRADA LDA(1),GALP,gasoline_95,Gasolina simples 95,Outro,2.051,Oliveira do Bairro,Aveiro,"EN 235 (E-O) Km 13,4 - S/N",Oiã,3770-059,40.551279,-8.544376,combustiveis bairrada lda(1),galp,"en 235 (e-o) km 13,4 - s/n","2,051 €",2026-05-15_dgeg_postos_raw.csv,643645e90bfe7078
2026-05-15,2026-05-15 14:31:32,2026-05-15 00:05:00,61e84ce3ebde72ed,61e84ce3ebde72ed_gasoline_98,COMBUSTIVEIS BAIRRADA LDA(1),GALP,gasoline_98,Gasolina especial 98,Outro,2.261,Oliveira do Bairro,Aveiro,"EN 235 (E-O) Km 13,4 - S/N",Oiã,3770-059,40.551279,-8.544376,combustiveis bairrada lda(1),galp,"en 235 (e-o) km 13,4 - s/n","2,261 €",2026-05-15_dgeg_postos_raw.csv,68263d99592efef3
2026-05-15,2026-05-15 14:31:32,2026-05-15 00:05:00,ec42d8c9d05e0845,ec42d8c9d05e0845_diesel_regular,COMBUSTIVEIS BAIRRADA LDA(2),GALP,diesel_regular,Gasóleo simples,Outro,2.055,Oliveira do Bairro,Aveiro,"EN 235 (O-E) Km 13,400",Oiã,3770-059,40.55081,-8.544742,combustiveis bairrada lda(2),galp,"en 235 (o-e) km 13,400","2,055 €",2026-05-15_dgeg_postos_raw.csv,3dc1eabac27a95c1
2026-05-15,2026-05-15 14:31:32,2026-05-15 00:05:00,ec42d8c9d05e0845,ec42d8c9d05e0845_diesel_premium,COMBUSTIVEIS BAIRRADA LDA(2),GALP,diesel_premium,Gasóleo especial,Outro,2.105,Oliveira do Bairro,Aveiro,"EN 235 (O-E) Km 13,400",Oiã,3770-059,40.55081,-8.544742,combustiveis bairrada lda(2),galp,"en 235 (o-e) km 13,400","2,105 €",2026-05-15_dgeg_postos_raw.csv,a55fb82f1af7aff5
2026-05-15,2026-05-15 14:31:32,2026-05-15 00:05:00,ec42d8c9d05e0845,ec42d8c9d05e0845_gasoline_95,COMBUSTIVEIS BAIRRADA LDA(2),GALP,gasoline_95,Gasolina simples 95,Outro,2.051,Oliveira do Bairro,Aveiro,"EN 235 (O-E) Km 13,400",Oiã,3770-059,40.55081,-8.544742,combustiveis bairrada lda(2),galp,"en 235 (o-e) km 13,400","2,051 €",2026-05-15_dgeg_postos_raw.csv,405c0442684e3375
2026-05-15,2026-05-15 14:31:32,2026-05-15 00:05:00,42f8dc7eae58e13a,42f8dc7eae58e13a_diesel_regular,MANUEL SILVA BRAZ,GALP,diesel_regular,Gasóleo simples,Outro,2.065,Oliveira do Hospital,Coimbra,Av. Nova nº 24,Ervedal da Beira,3405-033,40.42341,-7.88569,manuel silva braz,galp,av. nova nº 24,"2,065 €",2026-05-15_dgeg_postos_raw.csv,68b14bd53ee7d39a
2026-05-15,2026-05-15 14:31:32,2026-05-15 00:05:00,42f8dc7eae58e13a,42f8dc7eae58e13a_diesel_premium,MANUEL SILVA BRAZ,GALP,diesel_premium,Gasóleo especial,Outro,2.115,Oliveira do Hospital,Coimbra,Av. Nova nº 24,Ervedal da Beira,3405-033,40.42341,-7.88569,manuel silva braz,galp,av. nova nº 24,"2,115 €",2026-05-15_dgeg_postos_raw.csv,3de39bc3a24ea3a8
2026-05-15,2026-05-15 14:31:32,2026-05-15 00:05:00,42f8dc7eae58e13a,42f8dc7eae58e13a_gasoline_95,MANUEL SILVA BRAZ,GALP,gasoline_95,Gasolina simples 95,Outro,2.061,Oliveira do Hospital,Coimbra,Av. Nova nº 24,Ervedal da Beira,3405-033,40.42341,-7.88569,manuel silva braz,galp,av. nova nº 24,"2,061 €",2026-05-15_dgeg_postos_raw.csv,2705ef13257544a7
2026-05-15,2026-05-15 14:31:32,2026-05-15 00:05:00,9ec3340c5dad8610,9ec3340c5dad8610_diesel_regular,TIBERIO CABRAL HERDEIROS LDA,GALP,diesel_regular,Gasóleo simples,Outro,2.079,Oliveira do Hospital,Coimbra,EN 17,Vendas de Galizes,3400-454,40.31536,-7.89973,tiberio cabral herdeiros lda,galp,en 17,"2,079 €",2026-05-15_dgeg_postos_raw.csv,41b94e6d9068aada
2026-05-15,2026-05-15 14:31:32,2026-05-15 00:05:00,9ec3340c5dad8610,9ec3340c5dad8610_diesel_premium,TIBERIO CABRAL HERDEIROS LDA,GALP,diesel_premium,Gasóleo especial,Outro,2.129,Oliveira do Hospital,Coimbra,EN 17,Vendas de Galizes,3400-454,40.31536,-7.89973,tiberio cabral herdeiros lda,galp,en 17,"2,129 €",2026-05-15_dgeg_postos_raw.csv,4394a0cbe4902969
2026-05-15,2026-05-15 14:31:32,2026-05-15 00:05:00,9ec3340c5dad8610,9ec3340c5dad8610_gasoline_95,TIBERIO CABRAL HERDEIROS LDA,GALP,gasoline_95,Gasolina simples 95,Outro,2.076,Oliveira do Hospital,Coimbra,EN 17,Vendas de Galizes,3400-454,40.31536,-7.89973,tiberio cabral herdeiros lda,galp,en 17,"2,076 €",2026-05-15_dgeg_postos_raw.csv,c89e102812c06cc0
2026-05-15,2026-05-15 14:31:32,2026-05-15 00:05:00,c4f7409c8446f195,c4f7409c8446f195_diesel_regular,"SOCIEDADE DISTRIBUIDORA DE COMBUSTÍVEIS DA MARGINAL, LDA",GALP,diesel_regular,Gasóleo simples,Outro,2.079,Cascais,Lisboa,Largo da Igreja,Parede,2775-222,38.687098,-9.352706,"sociedade distribuidora de combustíveis da marginal, lda",galp,largo da igreja,"2,079 €",2026-05-15_dgeg_postos_raw.csv,1beefb9314f646ef
2026-05-15,2026-05-15 14:31:32,2026-05-15 00:05:00,c4f7409c8446f195,c4f7409c8446f195_diesel_premium,"SOCIEDADE DISTRIBUIDORA DE COMBUSTÍVEIS DA MARGINAL, LDA",GALP,diesel_premium,Gasóleo especial,Outro,2.129,Cascais,Lisboa,Largo da Igreja,Parede,2775-222,38.687098,-9.352706,"sociedade distribuidora de combustíveis da marginal, lda",galp,largo da igreja,"2,129 €",2026-05-15_dgeg_postos_raw.csv,12f1741e4640e870
2026-05-15,2026-05-15 14:31:32,2026-05-15 00:05:00,c4f7409c8446f195,c4f7409c8446f195_gasoline_95,"SOCIEDADE DISTRIBUIDORA DE COMBUSTÍVEIS DA MARGINAL, LDA",GALP,gasoline_95,Gasolina simples 95,Outro,2.076,Cascais,Lisboa,Largo da Igreja,Parede,2775-222,38.687098,-9.352706,"sociedade distribuidora de combustíveis da marginal, lda",galp,largo da igreja,"2,076 €",2026-05-15_dgeg_postos_raw.csv,cfe38f0f704e4af8
2026-05-15,2026-05-15 14:31:32,2026-05-15 00:05:00,7586c8fa7c16d294,7586c8fa7c16d294_diesel_regular,"RAPOSO & LUZIA - COMB. LUB., LDA.",GALP,diesel_regular,Gasóleo simples,Outro,2.055,Castro Verde,Beja,"Rua da Seara Nova 30 (E.N.2 - Km 641,1)",Castro Verde,7780-163,37.701307,-8.085287,"raposo & luzia - comb. lub., lda.",galp,"rua da seara nova 30 (e.n.2 - km 641,1)","2,055 €",2026-05-15_dgeg_postos_raw.csv,272eb111fb1f6be7
2026-05-15,2026-05-15 14:31:32,2026-05-15 00:05:00,7586c8fa7c16d294,7586c8fa7c16d294_diesel_premium,"RAPOSO & LUZIA - COMB. LUB., LDA.",GALP,diesel_premium,Gasóleo especial,Outro,2.105,Castro Verde,Beja,"Rua da Seara Nova 30 (E.N.2 - Km 641,1)",Castro Verde,7780-163,37.701307,-8.085287,"raposo & luzia - comb. lub., lda.",galp,"rua da seara nova 30 (e.n.2 - km 641,1)","2,105 €",2026-05-15_dgeg_postos_raw.csv,3d1c18abd3671b3a
2026-05-15,2026-05-15 14:31:32,2026-05-15 00:05:00,7586c8fa7c16d294,7586c8fa7c16d294_gasoline_95,"RAPOSO & LUZIA - COMB. LUB., LDA.",GALP,gasoline_95,Gasolina simples 95,Outro,2.051,Castro Verde,Beja,"Rua da Seara Nova 30 (E.N.2 - Km 641,1)",Castro Verde,7780-163,37.701307,-8.085287,"raposo & luzia - comb. lub., lda.",galp,"rua da seara nova 30 (e.n.2 - km 641,1)","2,051 €",2026-05-15_dgeg_postos_raw.csv,9b8455e382c8d5e4
2026-05-15,2026-05-15 14:31:32,2026-05-15 00:05:00,6496f50ffcd1594f,6496f50ffcd1594f_diesel_regular,"SOCIEDADE COMERCIAL DE COMBUSTÍVEIS DE MONTALVÃO, LDA. (2)",GALP,diesel_regular,Gasóleo simples,Outro,1.999,Castelo Branco,Castelo Branco,"EN 18 (Rua da Mina) Km 104,7",Castelo Branco,6000-170,39.83191,-7.4968,"sociedade comercial de combustíveis de montalvão, lda. (2)",galp,"en 18 (rua da mina) km 104,7","1,999 €",2026-05-15_dgeg_postos_raw.csv,6fa8575ce52eb889
2026-05-15,2026-05-15 14:31:32,2026-05-15 00:05:00,6496f50ffcd1594f,6496f50ffcd1594f_diesel_premium,"SOCIEDADE COMERCIAL DE COMBUSTÍVEIS DE MONTALVÃO, LDA. (2)",GALP,diesel_premium,Gasóleo especial,Outro,2.049,Castelo Branco,Castelo Branco,"EN 18 (Rua da Mina) Km 104,7",Castelo Branco,6000-170,39.83191,-7.4968,"sociedade comercial de combustíveis de montalvão, lda. (2)",galp,"en 18 (rua da mina) km 104,7","2,049 €",2026-05-15_dgeg_postos_raw.csv,8caeaab517e4f6cf
2026-05-15,2026-05-15 14:31:32,2026-05-15 00:05:00,6496f50ffcd1594f,6496f50ffcd1594f_gasoline_95,"SOCIEDADE COMERCIAL DE COMBUSTÍVEIS DE MONTALVÃO, LDA. (2)",GALP,gasoline_95,Gasolina simples 95,Outro,2.002,Castelo Branco,Castelo Branco,"EN 18 (Rua da Mina) Km 104,7",Castelo Branco,6000-170,39.83191,-7.4968,"sociedade comercial de combustíveis de montalvão, lda. (2)",galp,"en 18 (rua da mina) km 104,7","2,002 €",2026-05-15_dgeg_postos_raw.csv,5a2f130f34fd541f
2026-05-15,2026-05-15 14:31:32,2026-05-15 00:05:00,6496f50ffcd1594f,6496f50ffcd1594f_gasoline_98,"SOCIEDADE COMERCIAL DE COMBUSTÍVEIS DE MONTALVÃO, LDA. (2)",GALP,gasoline_98,Gasolina especial 98,Outro,2.212,Castelo Branco,Castelo Branco,"EN 18 (Rua da Mina) Km 104,7",Castelo Branco,6000-170,39.83191,-7.4968,"sociedade comercial de combustíveis de montalvão, lda. (2)",galp,"en 18 (rua da mina) km 104,7","2,212 €",2026-05-15_dgeg_postos_raw.csv,fc8cbc5bae068b73
2026-05-15,2026-05-15 14:31:32,2026-05-15 00:05:00,299a95b741e6005f,299a95b741e6005f_diesel_regular,"FAUSTINO A. CARREIRAS E COMPANHIA, LDA.",GALP,diesel_regular,Gasóleo simples,Outro,2.065,Castelo de Vide,Portalegre,EN 246-1,Sítio da Senhora da Luz,7320-419,39.42264,-7.47418,"faustino a. carreiras e companhia, lda.",galp,en 246-1,"2,065 €",2026-05-15_dgeg_postos_raw.csv,4e4a161205be930b
2026-05-15,2026-05-15 14:31:32,2026-05-15 00:05:00,299a95b741e6005f,299a95b741e6005f_diesel_premium,"FAUSTINO A. CARREIRAS E COMPANHIA, LDA.",GALP,diesel_premium,Gasóleo especial,Outro,2.125,Castelo de Vide,Portalegre,EN 246-1,Sítio da Senhora da Luz,7320-419,39.42264,-7.47418,"faustino a. carreiras e companhia, lda.",galp,en 246-1,"2,125 €",2026-05-15_dgeg_postos_raw.csv,5da1563146d4d922
2026-05-15,2026-05-15 14:31:32,2026-05-15 00:05:00,299a95b741e6005f,299a95b741e6005f_gasoline_95,"FAUSTINO A. CARREIRAS E COMPANHIA, LDA.",GALP,gasoline_95,Gasolina simples 95,Outro,2.051,Castelo de Vide,Portalegre,EN 246-1,Sítio da Senhora da Luz,7320-419,39.42264,-7.47418,"faustino a. carreiras e companhia, lda.",galp,en 246-1,"2,051 €",2026-05-15_dgeg_postos_raw.csv,1bf1f84176d14d3a
2026-05-15,2026-05-15 14:31:32,2026-05-15 00:05:00,299a95b741e6005f,299a95b741e6005f_gasoline_98,"FAUSTINO A. CARREIRAS E COMPANHIA, LDA.",GALP,gasoline_98,Gasolina especial 98,Outro,2.261,Castelo de Vide,Portalegre,EN 246-1,Sítio da Senhora da Luz,7320-419,39.42264,-7.47418,"faustino a. carreiras e companhia, lda.",galp,en 246-1,"2,261 €",2026-05-15_dgeg_postos_raw.csv,c3f99ba1a2d56a19
2026-05-15,2026-05-15 14:31:32,2026-05-15 00:05:00,684c13652f5bb2d8,684c13652f5bb2d8_diesel_regular,"Chamauto -  Sociedade Transmontana de  Automóveis, Lda (1)",GALP,diesel_regular,Gasóleo simples,Outro,2.019,Chaves,Vila Real,EN 2,Lombo,5400-000,41.72866,-7.47115,"chamauto - sociedade transmontana de automóveis, lda (1)",galp,en 2,"2,019 €",2026-05-15_dgeg_postos_raw.csv,f5c278e4606c0c32
2026-05-15,2026-05-15 14:31:32,2026-05-15 00:05:00,684c13652f5bb2d8,684c13652f5bb2d8_diesel_premium,"Chamauto -  Sociedade Transmontana de  Automóveis, Lda (1)",GALP,diesel_premium,Gasóleo especial,Outro,2.069,Chaves,Vila Real,EN 2,Lombo,5400-000,41.72866,-7.47115,"chamauto - sociedade transmontana de automóveis, lda (1)",galp,en 2,"2,069 €",2026-05-15_dgeg_postos_raw.csv,d3c51d586ce4dcc1
2026-05-15,2026-05-15 14:31:32,2026-05-15 00:05:00,684c13652f5bb2d8,684c13652f5bb2d8_gasoline_95,"Chamauto -  Sociedade Transmontana de  Automóveis, Lda (1)",GALP,gasoline_95,Gasolina simples 95,Outro,2.017,Chaves,Vila Real,EN 2,Lombo,5400-000,41.72866,-7.47115,"chamauto - sociedade transmontana de automóveis, lda (1)",galp,en 2,"2,017 €",2026-05-15_dgeg_postos_raw.csv,29139c7e9a96b8b2
2026-05-15,2026-05-15 14:31:32,2026-05-15 00:05:00,2e0ddcf52a09c375,2e0ddcf52a09c375_diesel_regular,"Pneus Vidago, Lda.",GALP,diesel_regular,Gasóleo simples,Outro,2.019,Chaves,Vila Real,EN 2,Vidago,5425-000,41.639015,-7.570125,"pneus vidago, lda.",galp,en 2,"2,019 €",2026-05-15_dgeg_postos_raw.csv,95c8401771760797
2026-05-15,2026-05-15 14:31:32,2026-05-15 00:05:00,2e0ddcf52a09c375,2e0ddcf52a09c375_diesel_premium,"Pneus Vidago, Lda.",GALP,diesel_premium,Gasóleo especial,Outro,2.069,Chaves,Vila Real,EN 2,Vidago,5425-000,41.639015,-7.570125,"pneus vidago, lda.",galp,en 2,"2,069 €",2026-05-15_dgeg_postos_raw.csv,59b6b0a5f54e9207
2026-05-15,2026-05-15 14:31:32,2026-05-15 00:05:00,2e0ddcf52a09c375,2e0ddcf52a09c375_gasoline_95,"Pneus Vidago, Lda.",GALP,gasoline_95,Gasolina simples 95,Outro,2.017,Chaves,Vila Real,EN 2,Vidago,5425-000,41.639015,-7.570125,"pneus vidago, lda.",galp,en 2,"2,017 €",2026-05-15_dgeg_postos_raw.csv,a173d71d0721c44f
2026-05-15,2026-05-15 14:31:32,2026-05-15 00:05:00,f9ef946207fa3263,f9ef946207fa3263_diesel_regular,"Torres e Vaz, Lda.",GALP,diesel_regular,Gasóleo simples,Outro,2.055,Espinho,Aveiro,"Av. 24, nº 1314",Espinho,4500-000,41.001938,-8.638294,"torres e vaz, lda.",galp,"av. 24, nº 1314","2,055 €",2026-05-15_dgeg_postos_raw.csv,75668d6242e826ff
2026-05-15,2026-05-15 14:31:32,2026-05-15 00:05:00,f9ef946207fa3263,f9ef946207fa3263_diesel_premium,"Torres e Vaz, Lda.",GALP,diesel_premium,Gasóleo especial,Outro,2.115,Espinho,Aveiro,"Av. 24, nº 1314",Espinho,4500-000,41.001938,-8.638294,"torres e vaz, lda.",galp,"av. 24, nº 1314","2,115 €",2026-05-15_dgeg_postos_raw.csv,265b3535bb87305d
2026-05-15,2026-05-15 14:31:32,2026-05-15 00:05:00,f9ef946207fa3263,f9ef946207fa3263_gasoline_95,"Torres e Vaz, Lda.",GALP,gasoline_95,Gasolina simples 95,Outro,2.061,Espinho,Aveiro,"Av. 24, nº 1314",Espinho,4500-000,41.001938,-8.638294,"torres e vaz, lda.",galp,"av. 24, nº 1314","2,061 €",2026-05-15_dgeg_postos_raw.csv,a9cd0512f429e436
2026-05-15,2026-05-15 14:31:32,2026-05-15 00:05:00,f9ef946207fa3263,f9ef946207fa3263_gasoline_98,"Torres e Vaz, Lda.",GALP,gasoline_98,Gasolina especial 98,Outro,2.271,Espinho,Aveiro,"Av. 24, nº 1314",Espinho,4500-000,41.001938,-8.638294,"torres e vaz, lda.",galp,"av. 24, nº 1314","2,271 €",2026-05-15_dgeg_postos_raw.csv,43918b77f9f2b29f
2026-05-15,2026-05-15 14:31:32,2026-05-15 00:05:00,9ea4d80a5f0f0fa2,9ea4d80a5f0f0fa2_diesel_regular,"Teixeira & Martins, Automóveis, Lda.,",GALP,diesel_regular,Gasóleo simples,Outro,2.039,Esposende,Braga,"EN 13 Km 43,15",Gandra,4740-475,41.52204,-8.7748,"teixeira & martins, automóveis, lda.,",galp,"en 13 km 43,15","2,039 €",2026-05-15_dgeg_postos_raw.csv,923205c182bdfa99
2026-05-15,2026-05-15 14:31:32,2026-05-15 00:05:00,9ea4d80a5f0f0fa2,9ea4d80a5f0f0fa2_diesel_premium,"Teixeira & Martins, Automóveis, Lda.,",GALP,diesel_premium,Gasóleo especial,Outro,2.099,Esposende,Braga,"EN 13 Km 43,15",Gandra,4740-475,41.52204,-8.7748,"teixeira & martins, automóveis, lda.,",galp,"en 13 km 43,15","2,099 €",2026-05-15_dgeg_postos_raw.csv,0bafce2404a1fda0
2026-05-15,2026-05-15 14:31:32,2026-05-15 00:05:00,9ea4d80a5f0f0fa2,9ea4d80a5f0f0fa2_gasoline_95,"Teixeira & Martins, Automóveis, Lda.,",GALP,gasoline_95,Gasolina simples 95,Outro,2.027,Esposende,Braga,"EN 13 Km 43,15",Gandra,4740-475,41.52204,-8.7748,"teixeira & martins, automóveis, lda.,",galp,"en 13 km 43,15","2,027 €",2026-05-15_dgeg_postos_raw.csv,4b23934c43aaf2c4
2026-05-15,2026-05-15 14:31:32,2026-05-15 00:05:00,9ea4d80a5f0f0fa2,9ea4d80a5f0f0fa2_gasoline_98,"Teixeira & Martins, Automóveis, Lda.,",GALP,gasoline_98,Gasolina especial 98,Outro,2.237,Esposende,Braga,"EN 13 Km 43,15",Gandra,4740-475,41.52204,-8.7748,"teixeira & martins, automóveis, lda.,",galp,"en 13 km 43,15","2,237 €",2026-05-15_dgeg_postos_raw.csv,4c2030bf8edc74f5
2026-05-15,2026-05-15 14:31:32,2026-05-15 00:05:00,ddf61f332ea1f233,ddf61f332ea1f233_diesel_regular,"Gachumbo -Combustiveis, Lda",GALP,diesel_regular,Gasóleo simples,Outro,2.055,Estarreja,Aveiro,Av. 25 de Abril,Estarreja,3860-000,40.75123,-8.56912,"gachumbo -combustiveis, lda",galp,av. 25 de abril,"2,055 €",2026-05-15_dgeg_postos_raw.csv,32a54902bd3577b3
2026-05-15,2026-05-15 14:31:32,2026-05-15 00:05:00,ddf61f332ea1f233,ddf61f332ea1f233_diesel_premium,"Gachumbo -Combustiveis, Lda",GALP,diesel_premium,Gasóleo especial,Outro,2.105,Estarreja,Aveiro,Av. 25 de Abril,Estarreja,3860-000,40.75123,-8.56912,"gachumbo -combustiveis, lda",galp,av. 25 de abril,"2,105 €",2026-05-15_dgeg_postos_raw.csv,43a9355ae35dcec5
2026-05-15,2026-05-15 14:31:32,2026-05-15 00:05:00,ddf61f332ea1f233,ddf61f332ea1f233_gasoline_95,"Gachumbo -Combustiveis, Lda",GALP,gasoline_95,Gasolina simples 95,Outro,2.051,Estarreja,Aveiro,Av. 25 de Abril,Estarreja,3860-000,40.75123,-8.56912,"gachumbo -combustiveis, lda",galp,av. 25 de abril,"2,051 €",2026-05-15_dgeg_postos_raw.csv,8e0dc309249e286e
2026-05-15,2026-05-15 14:31:32,2026-05-15 00:05:00,1fe8939705cfb198,1fe8939705cfb198_diesel_regular,Pengasóleos - Assistência Técnica a Automóveis. lda,GALP,diesel_regular,Gasóleo simples,Outro,2.055,Évora,Évora,Variante Zona Industrial Évora,Horta das Figueira,7000-492,38.554305,-7.917649,pengasóleos - assistência técnica a automóveis. lda,galp,variante zona industrial évora,"2,055 €",2026-05-15_dgeg_postos_raw.csv,896b080ac20db54f
2026-05-15,2026-05-15 14:31:32,2026-05-15 00:05:00,1fe8939705cfb198,1fe8939705cfb198_diesel_premium,Pengasóleos - Assistência Técnica a Automóveis. lda,GALP,diesel_premium,Gasóleo especial,Outro,2.105,Évora,Évora,Variante Zona Industrial Évora,Horta das Figueira,7000-492,38.554305,-7.917649,pengasóleos - assistência técnica a automóveis. lda,galp,variante zona industrial évora,"2,105 €",2026-05-15_dgeg_postos_raw.csv,d08d4272d00cafed
2026-05-15,2026-05-15 14:31:32,2026-05-15 00:05:00,1fe8939705cfb198,1fe8939705cfb198_gasoline_95,Pengasóleos - Assistência Técnica a Automóveis. lda,GALP,gasoline_95,Gasolina simples 95,Outro,2.051,Évora,Évora,Variante Zona Industrial Évora,Horta das Figueira,7000-492,38.554305,-7.917649,pengasóleos - assistência técnica a automóveis. lda,galp,variante zona industrial évora,"2,051 €",2026-05-15_dgeg_postos_raw.csv,ea0f64fe3157c591
2026-05-15,2026-05-15 14:31:32,2026-05-15 00:05:00,7f69319476a592c9,7f69319476a592c9_diesel_regular,MARQUES & FILHO - ÉVORA,GALP,diesel_regular,Gasóleo simples,Outro,2.055,Évora,Évora,EN 114 Km 182,Graça do Divor,7000-000,38.575123,-7.982641,marques & filho - évora,galp,en 114 km 182,"2,055 €",2026-05-15_dgeg_postos_raw.csv,a0cb4fa54c1d1a6b
2026-05-15,2026-05-15 14:31:32,2026-05-15 00:05:00,7f69319476a592c9,7f69319476a592c9_diesel_premium,MARQUES & FILHO - ÉVORA,GALP,diesel_premium,Gasóleo especial,Outro,2.105,Évora,Évora,EN 114 Km 182,Graça do Divor,7000-000,38.575123,-7.982641,marques & filho - évora,galp,en 114 km 182,"2,105 €",2026-05-15_dgeg_postos_raw.csv,5388a1d907d4a4d9
2026-05-15,2026-05-15 14:31:32,2026-05-15 00:05:00,7f69319476a592c9,7f69319476a592c9_gasoline_95,MARQUES & FILHO - ÉVORA,GALP,gasoline_95,Gasolina simples 95,Outro,2.051,Évora,Évora,EN 114 Km 182,Graça do Divor,7000-000,38.575123,-7.982641,marques & filho - évora,galp,en 114 km 182,"2,051 €",2026-05-15_dgeg_postos_raw.csv,b6c6b22526dd17c3
2026-05-15,2026-05-15 14:31:32,2026-05-15 00:05:00,6d7dee6126b6cba1,6d7dee6126b6cba1_diesel_regular,"Aníbal Antunes Bandeira, Lda.",GALP,diesel_regular,Gasóleo simples,Outro,2.015,Coimbra,Coimbra,Av. Vale das Flores,Coimbra,3000-000,40.194987,-8.408669,"aníbal antunes bandeira, lda.",galp,av. vale das flores,"2,015 €",2026-05-15_dgeg_postos_raw.csv,34482075409b8e5b
2026-05-15,2026-05-15 14:31:32,2026-05-15 00:05:00,6d7dee6126b6cba1,6d7dee6126b6cba1_diesel_premium,"Aníbal Antunes Bandeira, Lda.",GALP,diesel_premium,Gasóleo especial,Outro,2.065,Coimbra,Coimbra,Av. Vale das Flores,Coimbra,3000-000,40.194987,-8.408669,"aníbal antunes bandeira, lda.",galp,av. vale das flores,"2,065 €",2026-05-15_dgeg_postos_raw.csv,db25c1db4b91d3cd
2026-05-15,2026-05-15 14:31:32,2026-05-15 00:05:00,6d7dee6126b6cba1,6d7dee6126b6cba1_gasoline_95,"Aníbal Antunes Bandeira, Lda.",GALP,gasoline_95,Gasolina simples 95,Outro,2.021,Coimbra,Coimbra,Av. Vale das Flores,Coimbra,3000-000,40.194987,-8.408669,"aníbal antunes bandeira, lda.",galp,av. vale das flores,"2,021 €",2026-05-15_dgeg_postos_raw.csv,bf9bf0c274d49a35
2026-05-15,2026-05-15 14:31:32,2026-05-15 00:05:00,3fd85721c1f7d816,3fd85721c1f7d816_diesel_regular,"Estação das Colinas, Unipessoal, Lda.",GALP,diesel_regular,Gasóleo simples,Outro,2.015,Coimbra,Coimbra,Rua Dr. Manuel Almeida e Sousa,Santa Cruz,3000-000,40.228726,-8.438688,"estação das colinas, unipessoal, lda.",galp,rua dr. manuel almeida e sousa,"2,015 €",2026-05-15_dgeg_postos_raw.csv,e5c78c40a22063f6
2026-05-15,2026-05-15 14:31:32,2026-05-15 00:05:00,3fd85721c1f7d816,3fd85721c1f7d816_diesel_premium,"Estação das Colinas, Unipessoal, Lda.",GALP,diesel_premium,Gasóleo especial,Outro,2.065,Coimbra,Coimbra,Rua Dr. Manuel Almeida e Sousa,Santa Cruz,3000-000,40.228726,-8.438688,"estação das colinas, unipessoal, lda.",galp,rua dr. manuel almeida e sousa,"2,065 €",2026-05-15_dgeg_postos_raw.csv,49f532d4253bf7e1
2026-05-15,2026-05-15 14:31:32,2026-05-15 00:05:00,3fd85721c1f7d816,3fd85721c1f7d816_gasoline_95,"Estação das Colinas, Unipessoal, Lda.",GALP,gasoline_95,Gasolina simples 95,Outro,2.021,Coimbra,Coimbra,Rua Dr. Manuel Almeida e Sousa,Santa Cruz,3000-000,40.228726,-8.438688,"estação das colinas, unipessoal, lda.",galp,rua dr. manuel almeida e sousa,"2,021 €",2026-05-15_dgeg_postos_raw.csv,e7cf1bb9c300528d
2026-05-15,2026-05-15 14:31:32,2026-05-15 00:05:00,3fd85721c1f7d816,3fd85721c1f7d816_gasoline_98,"Estação das Colinas, Unipessoal, Lda.",GALP,gasoline_98,Gasolina especial 98,Outro,2.231,Coimbra,Coimbra,Rua Dr. Manuel Almeida e Sousa,Santa Cruz,3000-000,40.228726,-8.438688,"estação das colinas, unipessoal, lda.",galp,rua dr. manuel almeida e sousa,"2,231 €",2026-05-15_dgeg_postos_raw.csv,1941e9211a6eb599
2026-05-15,2026-05-15 14:31:32,2026-05-15 00:05:00,a9272c791aa6f666,a9272c791aa6f666_diesel_regular,"Paralelo Alternativo - Comércio de Combustíveis, Ldª",GALP,diesel_regular,Gasóleo simples,Outro,2.015,Coimbra,Coimbra,"IC 2 Km 183,4",Antanhol- Banhos Secos,3000-032,40.167801,-8.456432,"paralelo alternativo - comércio de combustíveis, ldª",galp,"ic 2 km 183,4","2,015 €",2026-05-15_dgeg_postos_raw.csv,142f129942602165
2026-05-15,2026-05-15 14:31:32,2026-05-15 00:05:00,a9272c791aa6f666,a9272c791aa6f666_diesel_premium,"Paralelo Alternativo - Comércio de Combustíveis, Ldª",GALP,diesel_premium,Gasóleo especial,Outro,2.065,Coimbra,Coimbra,"IC 2 Km 183,4",Antanhol- Banhos Secos,3000-032,40.167801,-8.456432,"paralelo alternativo - comércio de combustíveis, ldª",galp,"ic 2 km 183,4","2,065 €",2026-05-15_dgeg_postos_raw.csv,61e1b845a19a73d2
2026-05-15,2026-05-15 14:31:32,2026-05-15 00:05:00,a9272c791aa6f666,a9272c791aa6f666_gasoline_95,"Paralelo Alternativo - Comércio de Combustíveis, Ldª",GALP,gasoline_95,Gasolina simples 95,Outro,2.011,Coimbra,Coimbra,"IC 2 Km 183,4",Antanhol- Banhos Secos,3000-032,40.167801,-8.456432,"paralelo alternativo - comércio de combustíveis, ldª",galp,"ic 2 km 183,4","2,011 €",2026-05-15_dgeg_postos_raw.csv,aa9efc55c0299f5c
2026-05-15,2026-05-15 14:31:32,2026-05-15 00:05:00,d028e459875c6e5f,d028e459875c6e5f_diesel_regular,"Paralelo Alternativo - Comércio de Combustíveis, Ldª",GALP,diesel_regular,Gasóleo simples,Outro,2.015,Coimbra,Coimbra,"IC 2 Km 183,4",Antanhol,3000-000,40.16781,-8.45585,"paralelo alternativo - comércio de combustíveis, ldª",galp,"ic 2 km 183,4","2,015 €",2026-05-15_dgeg_postos_raw.csv,0bca1bb9fb92a13e
2026-05-15,2026-05-15 14:31:32,2026-05-15 00:05:00,d028e459875c6e5f,d028e459875c6e5f_diesel_premium,"Paralelo Alternativo - Comércio de Combustíveis, Ldª",GALP,diesel_premium,Gasóleo especial,Outro,2.065,Coimbra,Coimbra,"IC 2 Km 183,4",Antanhol,3000-000,40.16781,-8.45585,"paralelo alternativo - comércio de combustíveis, ldª",galp,"ic 2 km 183,4","2,065 €",2026-05-15_dgeg_postos_raw.csv,85c2536a1597ab29
2026-05-15,2026-05-15 14:31:32,2026-05-15 00:05:00,d028e459875c6e5f,d028e459875c6e5f_gasoline_95,"Paralelo Alternativo - Comércio de Combustíveis, Ldª",GALP,gasoline_95,Gasolina simples 95,Outro,2.011,Coimbra,Coimbra,"IC 2 Km 183,4",Antanhol,3000-000,40.16781,-8.45585,"paralelo alternativo - comércio de combustíveis, ldª",galp,"ic 2 km 183,4","2,011 €",2026-05-15_dgeg_postos_raw.csv,9d802a4133a85fdd
2026-05-15,2026-05-15 14:31:32,2026-05-15 00:05:00,a92187e445615ecd,a92187e445615ecd_diesel_regular,"Petrovaz - Revenda de Combustíveis a Granel, Lda.",GALP,diesel_regular,Gasóleo simples,Outro,2.015,Gondomar,Porto,Av. da Carvalha nº 267,Fanzeres,4510-518,41.16353,-8.53864,"petrovaz - revenda de combustíveis a granel, lda.",galp,av. da carvalha nº 267,"2,015 €",2026-05-15_dgeg_postos_raw.csv,68867d3f24b0c82a
2026-05-15,2026-05-15 14:31:32,2026-05-15 00:05:00,a92187e445615ecd,a92187e445615ecd_diesel_premium,"Petrovaz - Revenda de Combustíveis a Granel, Lda.",GALP,diesel_premium,Gasóleo especial,Outro,2.065,Gondomar,Porto,Av. da Carvalha nº 267,Fanzeres,4510-518,41.16353,-8.53864,"petrovaz - revenda de combustíveis a granel, lda.",galp,av. da carvalha nº 267,"2,065 €",2026-05-15_dgeg_postos_raw.csv,15a9ed658104fd97
2026-05-15,2026-05-15 14:31:32,2026-05-15 00:05:00,a92187e445615ecd,a92187e445615ecd_gasoline_95,"Petrovaz - Revenda de Combustíveis a Granel, Lda.",GALP,gasoline_95,Gasolina simples 95,Outro,2.011,Gondomar,Porto,Av. da Carvalha nº 267,Fanzeres,4510-518,41.16353,-8.53864,"petrovaz - revenda de combustíveis a granel, lda.",galp,av. da carvalha nº 267,"2,011 €",2026-05-15_dgeg_postos_raw.csv,b1a80491e2389d27
2026-05-15,2026-05-15 14:31:32,2026-05-15 00:05:00,c66afcc369075a2b,c66afcc369075a2b_diesel_regular,"Gepoil - Soc. Gestora Postos Abast. Comb., Ldª",GALP,diesel_regular,Gasóleo simples,Outro,2.055,Gondomar,Porto,"EN 108 Km 22,3",Valbom,4420-000,41.12811,-8.56652,"gepoil - soc. gestora postos abast. comb., ldª",galp,"en 108 km 22,3","2,055 €",2026-05-15_dgeg_postos_raw.csv,dedcd0ad54f2e2df
2026-05-15,2026-05-15 14:31:32,2026-05-15 00:05:00,c66afcc369075a2b,c66afcc369075a2b_diesel_premium,"Gepoil - Soc. Gestora Postos Abast. Comb., Ldª",GALP,diesel_premium,Gasóleo especial,Outro,2.105,Gondomar,Porto,"EN 108 Km 22,3",Valbom,4420-000,41.12811,-8.56652,"gepoil - soc. gestora postos abast. comb., ldª",galp,"en 108 km 22,3","2,105 €",2026-05-15_dgeg_postos_raw.csv,e90d75976dcb8e36
2026-05-15,2026-05-15 14:31:32,2026-05-15 00:05:00,c66afcc369075a2b,c66afcc369075a2b_gasoline_95,"Gepoil - Soc. Gestora Postos Abast. Comb., Ldª",GALP,gasoline_95,Gasolina simples 95,Outro,2.051,Gondomar,Porto,"EN 108 Km 22,3",Valbom,4420-000,41.12811,-8.56652,"gepoil - soc. gestora postos abast. comb., ldª",galp,"en 108 km 22,3","2,051 €",2026-05-15_dgeg_postos_raw.csv,cb44b1434a02ea0d
2026-05-15,2026-05-15 14:31:32,2026-05-15 00:05:00,d2d89eda590e6adc,d2d89eda590e6adc_diesel_regular,"David Santos e Moreira,lda",GALP,diesel_regular,Gasóleo simples,Outro,2.055,Gondomar,Porto,"EN 108, Km 24,4 - Av.José Joaquim Ferreira, nº 5272",Melres,4515-462,41.05927,-8.39903,"david santos e moreira,lda",galp,"en 108, km 24,4 - av.josé joaquim ferreira, nº 5272","2,055 €",2026-05-15_dgeg_postos_raw.csv,ce9eee926cbf7d08
2026-05-15,2026-05-15 14:31:32,2026-05-15 00:05:00,d2d89eda590e6adc,d2d89eda590e6adc_diesel_premium,"David Santos e Moreira,lda",GALP,diesel_premium,Gasóleo especial,Outro,2.105,Gondomar,Porto,"EN 108, Km 24,4 - Av.José Joaquim Ferreira, nº 5272",Melres,4515-462,41.05927,-8.39903,"david santos e moreira,lda",galp,"en 108, km 24,4 - av.josé joaquim ferreira, nº 5272","2,105 €",2026-05-15_dgeg_postos_raw.csv,d019856a84a03a39
2026-05-15,2026-05-15 14:31:32,2026-05-15 00:05:00,d2d89eda590e6adc,d2d89eda590e6adc_gasoline_95,"David Santos e Moreira,lda",GALP,gasoline_95,Gasolina simples 95,Outro,2.071,Gondomar,Porto,"EN 108, Km 24,4 - Av.José Joaquim Ferreira, nº 5272",Melres,4515-462,41.05927,-8.39903,"david santos e moreira,lda",galp,"en 108, km 24,4 - av.josé joaquim ferreira, nº 5272","2,071 €",2026-05-15_dgeg_postos_raw.csv,1c3beb998834992f
2026-05-15,2026-05-15 14:31:32,2026-05-15 00:05:00,ab1bc5e81a167a4b,ab1bc5e81a167a4b_diesel_regular,"David Santos e Moreira,lda",GALP,diesel_regular,Gasóleo simples,Outro,2.055,Gondomar,Porto,"EN 108, Km 25,100 - Av. José Joaquim Ferreira",Melres,4515-462,41.05921,-8.39877,"david santos e moreira,lda",galp,"en 108, km 25,100 - av. josé joaquim ferreira","2,055 €",2026-05-15_dgeg_postos_raw.csv,2781572eb4a756e2
2026-05-15,2026-05-15 14:31:32,2026-05-15 00:05:00,ab1bc5e81a167a4b,ab1bc5e81a167a4b_diesel_premium,"David Santos e Moreira,lda",GALP,diesel_premium,Gasóleo especial,Outro,2.105,Gondomar,Porto,"EN 108, Km 25,100 - Av. José Joaquim Ferreira",Melres,4515-462,41.05921,-8.39877,"david santos e moreira,lda",galp,"en 108, km 25,100 - av. josé joaquim ferreira","2,105 €",2026-05-15_dgeg_postos_raw.csv,491c22468a61e2a1
2026-05-15,2026-05-15 14:31:32,2026-05-15 00:05:00,ab1bc5e81a167a4b,ab1bc5e81a167a4b_gasoline_95,"David Santos e Moreira,lda",GALP,gasoline_95,Gasolina simples 95,Outro,2.071,Gondomar,Porto,"EN 108, Km 25,100 - Av. José Joaquim Ferreira",Melres,4515-462,41.05921,-8.39877,"david santos e moreira,lda",galp,"en 108, km 25,100 - av. josé joaquim ferreira","2,071 €",2026-05-15_dgeg_postos_raw.csv,1cf46ee51209c446
2026-05-15,2026-05-15 14:31:32,2026-05-15 00:05:00,ab1bc5e81a167a4b,ab1bc5e81a167a4b_gasoline_98,"David Santos e Moreira,lda",GALP,gasoline_98,Gasolina especial 98,Outro,2.281,Gondomar,Porto,"EN 108, Km 25,100 - Av. José Joaquim Ferreira",Melres,4515-462,41.05921,-8.39877,"david santos e moreira,lda",galp,"en 108, km 25,100 - av. josé joaquim ferreira","2,281 €",2026-05-15_dgeg_postos_raw.csv,e35cc59c3f3a1a8e
2026-05-15,2026-05-15 14:31:32,2026-05-15 00:05:00,ab80cad79a09e1ef,ab80cad79a09e1ef_diesel_regular,PARAÍSO ALENTEJO COM. C. ASSEC. A,GALP,diesel_regular,Gasóleo simples,Outro,2.055,Grândola,Setúbal,Av. de Nuno Álvares Pereira,Grândola,7570-000,38.18091,-8.56723,paraíso alentejo com. c. assec. a,galp,av. de nuno álvares pereira,"2,055 €",2026-05-15_dgeg_postos_raw.csv,14b5ef9d37e5ab66
2026-05-15,2026-05-15 14:31:32,2026-05-15 00:05:00,ab80cad79a09e1ef,ab80cad79a09e1ef_diesel_premium,PARAÍSO ALENTEJO COM. C. ASSEC. A,GALP,diesel_premium,Gasóleo especial,Outro,2.105,Grândola,Setúbal,Av. de Nuno Álvares Pereira,Grândola,7570-000,38.18091,-8.56723,paraíso alentejo com. c. assec. a,galp,av. de nuno álvares pereira,"2,105 €",2026-05-15_dgeg_postos_raw.csv,6f8380f2d1fe0a9c
2026-05-15,2026-05-15 14:31:32,2026-05-15 00:05:00,ab80cad79a09e1ef,ab80cad79a09e1ef_gasoline_95,PARAÍSO ALENTEJO COM. C. ASSEC. A,GALP,gasoline_95,Gasolina simples 95,Outro,2.051,Grândola,Setúbal,Av. de Nuno Álvares Pereira,Grândola,7570-000,38.18091,-8.56723,paraíso alentejo com. c. assec. a,galp,av. de nuno álvares pereira,"2,051 €",2026-05-15_dgeg_postos_raw.csv,de0d6027a5fa74d7
2026-05-15,2026-05-15 14:31:32,2026-05-15 00:05:00,50f5fd349b13129b,50f5fd349b13129b_diesel_regular,Lim Mecano Injectora Lda. ( 1),GALP,diesel_regular,Gasóleo simples,Outro,2.029,Guarda,Guarda,"E.N.16 - Km 182,553",Guarda-Gare,6300-000,40.55691,-7.23716,lim mecano injectora lda. ( 1),galp,"e.n.16 - km 182,553","2,029 €",2026-05-15_dgeg_postos_raw.csv,4989d9a91731691d
2026-05-15,2026-05-15 14:31:32,2026-05-15 00:05:00,50f5fd349b13129b,50f5fd349b13129b_diesel_premium,Lim Mecano Injectora Lda. ( 1),GALP,diesel_premium,Gasóleo especial,Outro,2.079,Guarda,Guarda,"E.N.16 - Km 182,553",Guarda-Gare,6300-000,40.55691,-7.23716,lim mecano injectora lda. ( 1),galp,"e.n.16 - km 182,553","2,079 €",2026-05-15_dgeg_postos_raw.csv,3d2b710bb12a9930
2026-05-15,2026-05-15 14:31:32,2026-05-15 00:05:00,50f5fd349b13129b,50f5fd349b13129b_gasoline_95,Lim Mecano Injectora Lda. ( 1),GALP,gasoline_95,Gasolina simples 95,Outro,2.026,Guarda,Guarda,"E.N.16 - Km 182,553",Guarda-Gare,6300-000,40.55691,-7.23716,lim mecano injectora lda. ( 1),galp,"e.n.16 - km 182,553","2,026 €",2026-05-15_dgeg_postos_raw.csv,cb7409d04fc49f51
2026-05-15,2026-05-15 14:31:32,2026-05-15 00:05:00,08933baece634c98,08933baece634c98_diesel_regular,Lim Mecano Injectora Lda. (2),GALP,diesel_regular,Gasóleo simples,Outro,2.029,Guarda,Guarda,Av. Rainha D´Amélia,Guarda,6300-000,40.52802,-7.27603,lim mecano injectora lda. (2),galp,av. rainha d´amélia,"2,029 €",2026-05-15_dgeg_postos_raw.csv,d7f1a777a41db207
2026-05-15,2026-05-15 14:31:32,2026-05-15 00:05:00,08933baece634c98,08933baece634c98_diesel_premium,Lim Mecano Injectora Lda. (2),GALP,diesel_premium,Gasóleo especial,Outro,2.079,Guarda,Guarda,Av. Rainha D´Amélia,Guarda,6300-000,40.52802,-7.27603,lim mecano injectora lda. (2),galp,av. rainha d´amélia,"2,079 €",2026-05-15_dgeg_postos_raw.csv,90b29c33edb8cfef
2026-05-15,2026-05-15 14:31:32,2026-05-15 00:05:00,08933baece634c98,08933baece634c98_gasoline_95,Lim Mecano Injectora Lda. (2),GALP,gasoline_95,Gasolina simples 95,Outro,2.026,Guarda,Guarda,Av. Rainha D´Amélia,Guarda,6300-000,40.52802,-7.27603,lim mecano injectora lda. (2),galp,av. rainha d´amélia,"2,026 €",2026-05-15_dgeg_postos_raw.csv,8cefa9194fc54eef
2026-05-15,2026-05-15 14:31:32,2026-05-15 00:05:00,08933baece634c98,08933baece634c98_gasoline_98,Lim Mecano Injectora Lda. (2),GALP,gasoline_98,Gasolina especial 98,Outro,2.236,Guarda,Guarda,Av. Rainha D´Amélia,Guarda,6300-000,40.52802,-7.27603,lim mecano injectora lda. (2),galp,av. rainha d´amélia,"2,236 €",2026-05-15_dgeg_postos_raw.csv,8baf65c5a9f094b7
2026-05-15,2026-05-15 14:31:32,2026-05-15 00:05:00,593f3ed67731a769,593f3ed67731a769_diesel_regular,CONGAL - Combustíveis da Guarda Lda,GALP,diesel_regular,Gasóleo simples,Outro,2.029,Guarda,Guarda,Av. Cidade de Bejar,Póvoa do Mileu,6300-541,40.543137,-7.258435,congal - combustíveis da guarda lda,galp,av. cidade de bejar,"2,029 €",2026-05-15_dgeg_postos_raw.csv,c1ef291b604a2580
2026-05-15,2026-05-15 14:31:32,2026-05-15 00:05:00,593f3ed67731a769,593f3ed67731a769_diesel_premium,CONGAL - Combustíveis da Guarda Lda,GALP,diesel_premium,Gasóleo especial,Outro,2.079,Guarda,Guarda,Av. Cidade de Bejar,Póvoa do Mileu,6300-541,40.543137,-7.258435,congal - combustíveis da guarda lda,galp,av. cidade de bejar,"2,079 €",2026-05-15_dgeg_postos_raw.csv,207a21025d8c6263
2026-05-15,2026-05-15 14:31:32,2026-05-15 00:05:00,593f3ed67731a769,593f3ed67731a769_gasoline_95,CONGAL - Combustíveis da Guarda Lda,GALP,gasoline_95,Gasolina simples 95,Outro,2.026,Guarda,Guarda,Av. Cidade de Bejar,Póvoa do Mileu,6300-541,40.543137,-7.258435,congal - combustíveis da guarda lda,galp,av. cidade de bejar,"2,026 €",2026-05-15_dgeg_postos_raw.csv,9a0b5ae6072a212f
2026-05-15,2026-05-15 14:31:32,2026-05-15 00:05:00,593f3ed67731a769,593f3ed67731a769_gasoline_98,CONGAL - Combustíveis da Guarda Lda,GALP,gasoline_98,Gasolina especial 98,Outro,2.236,Guarda,Guarda,Av. Cidade de Bejar,Póvoa do Mileu,6300-541,40.543137,-7.258435,congal - combustíveis da guarda lda,galp,av. cidade de bejar,"2,236 €",2026-05-15_dgeg_postos_raw.csv,0689d30311e983f2
2026-05-15,2026-05-15 14:31:32,2026-05-15 00:05:00,f75daabd288c67e7,f75daabd288c67e7_diesel_regular,"CALDEIRA & CALDEIRA, LDA (1)",GALP,diesel_regular,Gasóleo simples,Outro,2.035,Figueira da Foz,Coimbra,EN 109 - Estrada de Aveiro-Ferrugenta,Tavarede,3080-000,40.179343,-8.828362,"caldeira & caldeira, lda (1)",galp,en 109 - estrada de aveiro-ferrugenta,"2,035 €",2026-05-15_dgeg_postos_raw.csv,37180857d0b406bb
2026-05-15,2026-05-15 14:31:32,2026-05-15 00:05:00,f75daabd288c67e7,f75daabd288c67e7_diesel_premium,"CALDEIRA & CALDEIRA, LDA (1)",GALP,diesel_premium,Gasóleo especial,Outro,2.085,Figueira da Foz,Coimbra,EN 109 - Estrada de Aveiro-Ferrugenta,Tavarede,3080-000,40.179343,-8.828362,"caldeira & caldeira, lda (1)",galp,en 109 - estrada de aveiro-ferrugenta,"2,085 €",2026-05-15_dgeg_postos_raw.csv,6622a38c672c3a30
2026-05-15,2026-05-15 14:31:32,2026-05-15 00:05:00,f75daabd288c67e7,f75daabd288c67e7_gasoline_95,"CALDEIRA & CALDEIRA, LDA (1)",GALP,gasoline_95,Gasolina simples 95,Outro,2.031,Figueira da Foz,Coimbra,EN 109 - Estrada de Aveiro-Ferrugenta,Tavarede,3080-000,40.179343,-8.828362,"caldeira & caldeira, lda (1)",galp,en 109 - estrada de aveiro-ferrugenta,"2,031 €",2026-05-15_dgeg_postos_raw.csv,5e8d46d0af94b1ac
2026-05-15,2026-05-15 14:31:32,2026-05-15 00:05:00,f75daabd288c67e7,f75daabd288c67e7_gasoline_98,"CALDEIRA & CALDEIRA, LDA (1)",GALP,gasoline_98,Gasolina especial 98,Outro,2.241,Figueira da Foz,Coimbra,EN 109 - Estrada de Aveiro-Ferrugenta,Tavarede,3080-000,40.179343,-8.828362,"caldeira & caldeira, lda (1)",galp,en 109 - estrada de aveiro-ferrugenta,"2,241 €",2026-05-15_dgeg_postos_raw.csv,cc4c810e7267754e
2026-05-15,2026-05-15 14:31:32,2026-05-15 00:05:00,a39d81e22de483a0,a39d81e22de483a0_diesel_regular,"CALDEIRA & CALDEIRA, LDA (2)",GALP,diesel_regular,Gasóleo simples,Outro,2.035,Figueira da Foz,Coimbra,"EN 109 Km 114,15",Ferrugenta-Tavarede,3080-000,40.179479,-8.828932,"caldeira & caldeira, lda (2)",galp,"en 109 km 114,15","2,035 €",2026-05-15_dgeg_postos_raw.csv,b86498c7933ccc97
2026-05-15,2026-05-15 14:31:32,2026-05-15 00:05:00,a39d81e22de483a0,a39d81e22de483a0_diesel_premium,"CALDEIRA & CALDEIRA, LDA (2)",GALP,diesel_premium,Gasóleo especial,Outro,2.085,Figueira da Foz,Coimbra,"EN 109 Km 114,15",Ferrugenta-Tavarede,3080-000,40.179479,-8.828932,"caldeira & caldeira, lda (2)",galp,"en 109 km 114,15","2,085 €",2026-05-15_dgeg_postos_raw.csv,e73d5902e3619dc3
2026-05-15,2026-05-15 14:31:32,2026-05-15 00:05:00,a39d81e22de483a0,a39d81e22de483a0_gasoline_95,"CALDEIRA & CALDEIRA, LDA (2)",GALP,gasoline_95,Gasolina simples 95,Outro,2.031,Figueira da Foz,Coimbra,"EN 109 Km 114,15",Ferrugenta-Tavarede,3080-000,40.179479,-8.828932,"caldeira & caldeira, lda (2)",galp,"en 109 km 114,15","2,031 €",2026-05-15_dgeg_postos_raw.csv,28707b7f95459907
2026-05-15,2026-05-15 14:31:32,2026-05-15 00:05:00,179d9e052efe1a55,179d9e052efe1a55_diesel_regular,Alves Correia & Filho Lda.,GALP,diesel_regular,Gasóleo simples,Outro,2.065,Fundão,Castelo Branco,EN 18,Alpedrinha,6230-000,40.09677,-7.46729,alves correia & filho lda.,galp,en 18,"2,065 €",2026-05-15_dgeg_postos_raw.csv,c72c3c99d5576098
2026-05-15,2026-05-15 14:31:32,2026-05-15 00:05:00,179d9e052efe1a55,179d9e052efe1a55_diesel_premium,Alves Correia & Filho Lda.,GALP,diesel_premium,Gasóleo especial,Outro,2.115,Fundão,Castelo Branco,EN 18,Alpedrinha,6230-000,40.09677,-7.46729,alves correia & filho lda.,galp,en 18,"2,115 €",2026-05-15_dgeg_postos_raw.csv,67a844614289d585
2026-05-15,2026-05-15 14:31:32,2026-05-15 00:05:00,179d9e052efe1a55,179d9e052efe1a55_gasoline_95,Alves Correia & Filho Lda.,GALP,gasoline_95,Gasolina simples 95,Outro,2.061,Fundão,Castelo Branco,EN 18,Alpedrinha,6230-000,40.09677,-7.46729,alves correia & filho lda.,galp,en 18,"2,061 €",2026-05-15_dgeg_postos_raw.csv,19a03538fa9ca060
2026-05-15,2026-05-15 14:31:32,2026-05-15 00:05:00,58440ff125e25436,58440ff125e25436_diesel_regular,"Devesa e Silva Ferreira,lda",GALP,diesel_regular,Gasóleo simples,Outro,2.055,Celorico de Basto,Braga,"EN 206 Km 69,2",Gandarela,4890-542,41.45828,-8.02935,"devesa e silva ferreira,lda",galp,"en 206 km 69,2","2,055 €",2026-05-15_dgeg_postos_raw.csv,e5947b0d0e84cc16
2026-05-15,2026-05-15 14:31:32,2026-05-15 00:05:00,58440ff125e25436,58440ff125e25436_diesel_premium,"Devesa e Silva Ferreira,lda",GALP,diesel_premium,Gasóleo especial,Outro,2.105,Celorico de Basto,Braga,"EN 206 Km 69,2",Gandarela,4890-542,41.45828,-8.02935,"devesa e silva ferreira,lda",galp,"en 206 km 69,2","2,105 €",2026-05-15_dgeg_postos_raw.csv,646d251e6724fa48
2026-05-15,2026-05-15 14:31:32,2026-05-15 00:05:00,58440ff125e25436,58440ff125e25436_gasoline_95,"Devesa e Silva Ferreira,lda",GALP,gasoline_95,Gasolina simples 95,Outro,2.051,Celorico de Basto,Braga,"EN 206 Km 69,2",Gandarela,4890-542,41.45828,-8.02935,"devesa e silva ferreira,lda",galp,"en 206 km 69,2","2,051 €",2026-05-15_dgeg_postos_raw.csv,0660a7ad79521f48
2026-05-15,2026-05-15 14:31:32,2026-05-15 00:05:00,6f7109bce9452912,6f7109bce9452912_diesel_regular,"PETROPALHARES, LDA",GALP,diesel_regular,Gasóleo simples,Outro,2.079,Celorico de Basto,Braga,"EN 304 Km 126,4 - Fermil  de Basto",Fermil de Basto,4890-342,41.423443,-7.988486,"petropalhares, lda",galp,"en 304 km 126,4 - fermil de basto","2,079 €",2026-05-15_dgeg_postos_raw.csv,d3a348b8ef2871d6
2026-05-15,2026-05-15 14:31:32,2026-05-15 00:05:00,6f7109bce9452912,6f7109bce9452912_diesel_premium,"PETROPALHARES, LDA",GALP,diesel_premium,Gasóleo especial,Outro,2.129,Celorico de Basto,Braga,"EN 304 Km 126,4 - Fermil  de Basto",Fermil de Basto,4890-342,41.423443,-7.988486,"petropalhares, lda",galp,"en 304 km 126,4 - fermil de basto","2,129 €",2026-05-15_dgeg_postos_raw.csv,2efb5e9a546af7b8
2026-05-15,2026-05-15 14:31:32,2026-05-15 00:05:00,6f7109bce9452912,6f7109bce9452912_gasoline_95,"PETROPALHARES, LDA",GALP,gasoline_95,Gasolina simples 95,Outro,2.076,Celorico de Basto,Braga,"EN 304 Km 126,4 - Fermil  de Basto",Fermil de Basto,4890-342,41.423443,-7.988486,"petropalhares, lda",galp,"en 304 km 126,4 - fermil de basto","2,076 €",2026-05-15_dgeg_postos_raw.csv,f35e807da48301fc
2026-05-15,2026-05-15 14:31:32,2026-05-15 00:05:00,3a7aab36c3c1075c,3a7aab36c3c1075c_diesel_regular,"MASTER RETOK, LDA",GALP,diesel_regular,Gasóleo simples,Outro,2.035,Crato,Portalegre,Rua General Humberto Delgado,Crato,7430-162,39.288761,-7.64584,"master retok, lda",galp,rua general humberto delgado,"2,035 €",2026-05-15_dgeg_postos_raw.csv,775ebd150df3ded4
2026-05-15,2026-05-15 14:31:32,2026-05-15 00:05:00,3a7aab36c3c1075c,3a7aab36c3c1075c_diesel_premium,"MASTER RETOK, LDA",GALP,diesel_premium,Gasóleo especial,Outro,2.085,Crato,Portalegre,Rua General Humberto Delgado,Crato,7430-162,39.288761,-7.64584,"master retok, lda",galp,rua general humberto delgado,"2,085 €",2026-05-15_dgeg_postos_raw.csv,417f768da445b635
2026-05-15,2026-05-15 14:31:32,2026-05-15 00:05:00,3a7aab36c3c1075c,3a7aab36c3c1075c_gasoline_95,"MASTER RETOK, LDA",GALP,gasoline_95,Gasolina simples 95,Outro,2.031,Crato,Portalegre,Rua General Humberto Delgado,Crato,7430-162,39.288761,-7.64584,"master retok, lda",galp,rua general humberto delgado,"2,031 €",2026-05-15_dgeg_postos_raw.csv,d2e3517fc31c3976
2026-05-15,2026-05-15 14:31:32,2026-05-15 00:05:00,c042bcc0def67cf4,c042bcc0def67cf4_diesel_regular,"VARSUL - Comércio Produtos Agricolas, Lda",GALP,diesel_regular,Gasóleo simples,Outro,2.055,Cuba,Beja,"EN 258 Km 10,2",Cuba,7940-028,38.16204,-7.89119,"varsul - comércio produtos agricolas, lda",galp,"en 258 km 10,2","2,055 €",2026-05-15_dgeg_postos_raw.csv,c2a928b2435f39ab
2026-05-15,2026-05-15 14:31:32,2026-05-15 00:05:00,c042bcc0def67cf4,c042bcc0def67cf4_diesel_premium,"VARSUL - Comércio Produtos Agricolas, Lda",GALP,diesel_premium,Gasóleo especial,Outro,2.115,Cuba,Beja,"EN 258 Km 10,2",Cuba,7940-028,38.16204,-7.89119,"varsul - comércio produtos agricolas, lda",galp,"en 258 km 10,2","2,115 €",2026-05-15_dgeg_postos_raw.csv,7c933a50a128e675
2026-05-15,2026-05-15 14:31:32,2026-05-15 00:05:00,c042bcc0def67cf4,c042bcc0def67cf4_gasoline_95,"VARSUL - Comércio Produtos Agricolas, Lda",GALP,gasoline_95,Gasolina simples 95,Outro,2.051,Cuba,Beja,"EN 258 Km 10,2",Cuba,7940-028,38.16204,-7.89119,"varsul - comércio produtos agricolas, lda",galp,"en 258 km 10,2","2,051 €",2026-05-15_dgeg_postos_raw.csv,ae04342c8b949796
2026-05-15,2026-05-15 14:31:32,2026-05-15 00:05:00,c867e2af2b1f9a93,c867e2af2b1f9a93_diesel_regular,SOUSA & MARQUÊZ - ÉVORA NAU,GALP,diesel_regular,Gasóleo simples,Outro,2.055,Évora,Évora,Praça Infante D. Henrique nº 15,Sé,7000-827,38.56784,-7.89755,sousa & marquêz - évora nau,galp,praça infante d. henrique nº 15,"2,055 €",2026-05-15_dgeg_postos_raw.csv,9de3a9bafffd6be6
2026-05-15,2026-05-15 14:31:32,2026-05-15 00:05:00,c867e2af2b1f9a93,c867e2af2b1f9a93_diesel_premium,SOUSA & MARQUÊZ - ÉVORA NAU,GALP,diesel_premium,Gasóleo especial,Outro,2.105,Évora,Évora,Praça Infante D. Henrique nº 15,Sé,7000-827,38.56784,-7.89755,sousa & marquêz - évora nau,galp,praça infante d. henrique nº 15,"2,105 €",2026-05-15_dgeg_postos_raw.csv,2d64064cf7ec9e80
2026-05-15,2026-05-15 14:31:32,2026-05-15 00:05:00,c867e2af2b1f9a93,c867e2af2b1f9a93_gasoline_95,SOUSA & MARQUÊZ - ÉVORA NAU,GALP,gasoline_95,Gasolina simples 95,Outro,2.051,Évora,Évora,Praça Infante D. Henrique nº 15,Sé,7000-827,38.56784,-7.89755,sousa & marquêz - évora nau,galp,praça infante d. henrique nº 15,"2,051 €",2026-05-15_dgeg_postos_raw.csv,da818ee4795020af
2026-05-15,2026-05-15 14:31:32,2026-05-15 00:05:00,ac62148d2e76f94f,ac62148d2e76f94f_diesel_regular,"Supercar - Comércio de Automóveis e Acessórios, Ldª",GALP,diesel_regular,Gasóleo simples,Outro,2.055,Fafe,Braga,Estrada Circular de Fafe,Fafe,4820-000,41.44532,-8.16688,"supercar - comércio de automóveis e acessórios, ldª",galp,estrada circular de fafe,"2,055 €",2026-05-15_dgeg_postos_raw.csv,5664f48d9e3337dc
2026-05-15,2026-05-15 14:31:32,2026-05-15 00:05:00,ac62148d2e76f94f,ac62148d2e76f94f_diesel_premium,"Supercar - Comércio de Automóveis e Acessórios, Ldª",GALP,diesel_premium,Gasóleo especial,Outro,2.105,Fafe,Braga,Estrada Circular de Fafe,Fafe,4820-000,41.44532,-8.16688,"supercar - comércio de automóveis e acessórios, ldª",galp,estrada circular de fafe,"2,105 €",2026-05-15_dgeg_postos_raw.csv,47e61f9e2d457778
2026-05-15,2026-05-15 14:31:32,2026-05-15 00:05:00,ac62148d2e76f94f,ac62148d2e76f94f_gasoline_95,"Supercar - Comércio de Automóveis e Acessórios, Ldª",GALP,gasoline_95,Gasolina simples 95,Outro,2.051,Fafe,Braga,Estrada Circular de Fafe,Fafe,4820-000,41.44532,-8.16688,"supercar - comércio de automóveis e acessórios, ldª",galp,estrada circular de fafe,"2,051 €",2026-05-15_dgeg_postos_raw.csv,03730490cebe96de
2026-05-15,2026-05-15 14:31:32,2026-05-15 00:05:00,c03b1d3cfcbcd4a9,c03b1d3cfcbcd4a9_diesel_regular,"Santos da Cunha 6 - Logística e Transportes, Lda.",GALP,diesel_regular,Gasóleo simples,Outro,2.055,Fafe,Braga,EN 206 (Rua dos Aliados),Fafe,4820-242,41.4519,-8.17784,"santos da cunha 6 - logística e transportes, lda.",galp,en 206 (rua dos aliados),"2,055 €",2026-05-15_dgeg_postos_raw.csv,596761856066efea
2026-05-15,2026-05-15 14:31:32,2026-05-15 00:05:00,c03b1d3cfcbcd4a9,c03b1d3cfcbcd4a9_diesel_premium,"Santos da Cunha 6 - Logística e Transportes, Lda.",GALP,diesel_premium,Gasóleo especial,Outro,2.105,Fafe,Braga,EN 206 (Rua dos Aliados),Fafe,4820-242,41.4519,-8.17784,"santos da cunha 6 - logística e transportes, lda.",galp,en 206 (rua dos aliados),"2,105 €",2026-05-15_dgeg_postos_raw.csv,0b55c9c5c2e99bc2
2026-05-15,2026-05-15 14:31:32,2026-05-15 00:05:00,c03b1d3cfcbcd4a9,c03b1d3cfcbcd4a9_gasoline_95,"Santos da Cunha 6 - Logística e Transportes, Lda.",GALP,gasoline_95,Gasolina simples 95,Outro,2.051,Fafe,Braga,EN 206 (Rua dos Aliados),Fafe,4820-242,41.4519,-8.17784,"santos da cunha 6 - logística e transportes, lda.",galp,en 206 (rua dos aliados),"2,051 €",2026-05-15_dgeg_postos_raw.csv,ef0cc6222c689298
2026-05-15,2026-05-15 14:31:32,2026-05-15 00:05:00,a6dc3ebf1693a6e6,a6dc3ebf1693a6e6_diesel_regular,"Sirius Fuel, LDA.",GALP,diesel_regular,Gasóleo simples,Outro,2.035,Faro,Faro,"EN 125 Km 98,4",Patacão,8005-511,37.05161,-7.95328,"sirius fuel, lda.",galp,"en 125 km 98,4","2,035 €",2026-05-15_dgeg_postos_raw.csv,0a84126fa84abf8e
2026-05-15,2026-05-15 14:31:32,2026-05-15 00:05:00,a6dc3ebf1693a6e6,a6dc3ebf1693a6e6_diesel_premium,"Sirius Fuel, LDA.",GALP,diesel_premium,Gasóleo especial,Outro,2.085,Faro,Faro,"EN 125 Km 98,4",Patacão,8005-511,37.05161,-7.95328,"sirius fuel, lda.",galp,"en 125 km 98,4","2,085 €",2026-05-15_dgeg_postos_raw.csv,0a71b4f1f938fbf8
2026-05-15,2026-05-15 14:31:32,2026-05-15 00:05:00,a6dc3ebf1693a6e6,a6dc3ebf1693a6e6_gasoline_95,"Sirius Fuel, LDA.",GALP,gasoline_95,Gasolina simples 95,Outro,2.031,Faro,Faro,"EN 125 Km 98,4",Patacão,8005-511,37.05161,-7.95328,"sirius fuel, lda.",galp,"en 125 km 98,4","2,031 €",2026-05-15_dgeg_postos_raw.csv,3bc265794b3f7c2c
2026-05-15,2026-05-15 14:31:32,2026-05-15 00:05:00,a6dc3ebf1693a6e6,a6dc3ebf1693a6e6_gasoline_98,"Sirius Fuel, LDA.",GALP,gasoline_98,Gasolina especial 98,Outro,2.241,Faro,Faro,"EN 125 Km 98,4",Patacão,8005-511,37.05161,-7.95328,"sirius fuel, lda.",galp,"en 125 km 98,4","2,241 €",2026-05-15_dgeg_postos_raw.csv,4d82184950b36de9
2026-05-15,2026-05-15 14:31:32,2026-05-15 00:05:00,0855cdc93db45334,0855cdc93db45334_diesel_regular,"A. PINTO, LDA.(1)",GALP,diesel_regular,Gasóleo simples,Outro,2.035,Faro,Faro,"EN 125 Km 107,6",Rio Seco,8005-528,37.02859,-7.90614,"a. pinto, lda.(1)",galp,"en 125 km 107,6","2,035 €",2026-05-15_dgeg_postos_raw.csv,7fc86ef151c8a44f
2026-05-15,2026-05-15 14:31:32,2026-05-15 00:05:00,0855cdc93db45334,0855cdc93db45334_diesel_premium,"A. PINTO, LDA.(1)",GALP,diesel_premium,Gasóleo especial,Outro,2.085,Faro,Faro,"EN 125 Km 107,6",Rio Seco,8005-528,37.02859,-7.90614,"a. pinto, lda.(1)",galp,"en 125 km 107,6","2,085 €",2026-05-15_dgeg_postos_raw.csv,13c11ecbe4ad6849
2026-05-15,2026-05-15 14:31:32,2026-05-15 00:05:00,0855cdc93db45334,0855cdc93db45334_gasoline_95,"A. PINTO, LDA.(1)",GALP,gasoline_95,Gasolina simples 95,Outro,2.031,Faro,Faro,"EN 125 Km 107,6",Rio Seco,8005-528,37.02859,-7.90614,"a. pinto, lda.(1)",galp,"en 125 km 107,6","2,031 €",2026-05-15_dgeg_postos_raw.csv,61874337d90bf63a
2026-05-15,2026-05-15 14:31:32,2026-05-15 00:05:00,04e692ea4b1bdb6d,04e692ea4b1bdb6d_diesel_regular,"A. PINTO, LDA.",GALP,diesel_regular,Gasóleo simples,Outro,2.035,Faro,Faro,"EN 125 Km 107,6",Rio Seco,8005-528,37.02821,-7.90612,"a. pinto, lda.",galp,"en 125 km 107,6","2,035 €",2026-05-15_dgeg_postos_raw.csv,d94127b036a028ac
2026-05-15,2026-05-15 14:31:32,2026-05-15 00:05:00,04e692ea4b1bdb6d,04e692ea4b1bdb6d_diesel_premium,"A. PINTO, LDA.",GALP,diesel_premium,Gasóleo especial,Outro,2.085,Faro,Faro,"EN 125 Km 107,6",Rio Seco,8005-528,37.02821,-7.90612,"a. pinto, lda.",galp,"en 125 km 107,6","2,085 €",2026-05-15_dgeg_postos_raw.csv,a311a9396bba49c6
2026-05-15,2026-05-15 14:31:32,2026-05-15 00:05:00,04e692ea4b1bdb6d,04e692ea4b1bdb6d_gasoline_95,"A. PINTO, LDA.",GALP,gasoline_95,Gasolina simples 95,Outro,2.031,Faro,Faro,"EN 125 Km 107,6",Rio Seco,8005-528,37.02821,-7.90612,"a. pinto, lda.",galp,"en 125 km 107,6","2,031 €",2026-05-15_dgeg_postos_raw.csv,bede3277359e6492
2026-05-15,2026-05-15 14:31:32,2026-05-15 00:05:00,6353d8369fcce480,6353d8369fcce480_diesel_regular,"A. PINTO - COM. COMB., UNIP., LDA",GALP,diesel_regular,Gasóleo simples,Outro,2.035,Faro,Faro,"EN 2 Km 729,7",Estoi-Coiro da Burra,8000-670,37.09745,-7.90605,"a. pinto - com. comb., unip., lda",galp,"en 2 km 729,7","2,035 €",2026-05-15_dgeg_postos_raw.csv,bc37534025a8f8fe
2026-05-15,2026-05-15 14:31:32,2026-05-15 00:05:00,6353d8369fcce480,6353d8369fcce480_diesel_premium,"A. PINTO - COM. COMB., UNIP., LDA",GALP,diesel_premium,Gasóleo especial,Outro,2.085,Faro,Faro,"EN 2 Km 729,7",Estoi-Coiro da Burra,8000-670,37.09745,-7.90605,"a. pinto - com. comb., unip., lda",galp,"en 2 km 729,7","2,085 €",2026-05-15_dgeg_postos_raw.csv,c56f225b154d9be3
2026-05-15,2026-05-15 14:31:32,2026-05-15 00:05:00,6353d8369fcce480,6353d8369fcce480_gasoline_95,"A. PINTO - COM. COMB., UNIP., LDA",GALP,gasoline_95,Gasolina simples 95,Outro,2.031,Faro,Faro,"EN 2 Km 729,7",Estoi-Coiro da Burra,8000-670,37.09745,-7.90605,"a. pinto - com. comb., unip., lda",galp,"en 2 km 729,7","2,031 €",2026-05-15_dgeg_postos_raw.csv,b18516eb7961f38c
2026-05-15,2026-05-15 14:31:32,2026-05-15 00:05:00,8e0725355f1e9535,8e0725355f1e9535_diesel_regular,"Teixeira & Martins - Automóveis, Lda.",GALP,diesel_regular,Gasóleo simples,Outro,2.029,Felgueiras,Porto,Av. Dr. Leonardo Coimbra,Felgueiras,4610-105,41.36234,-8.20224,"teixeira & martins - automóveis, lda.",galp,av. dr. leonardo coimbra,"2,029 €",2026-05-15_dgeg_postos_raw.csv,7da390f0314d2e57
2026-05-15,2026-05-15 14:31:32,2026-05-15 00:05:00,8e0725355f1e9535,8e0725355f1e9535_diesel_premium,"Teixeira & Martins - Automóveis, Lda.",GALP,diesel_premium,Gasóleo especial,Outro,2.079,Felgueiras,Porto,Av. Dr. Leonardo Coimbra,Felgueiras,4610-105,41.36234,-8.20224,"teixeira & martins - automóveis, lda.",galp,av. dr. leonardo coimbra,"2,079 €",2026-05-15_dgeg_postos_raw.csv,c154eaf597a3fd5d
2026-05-15,2026-05-15 14:31:32,2026-05-15 00:05:00,8e0725355f1e9535,8e0725355f1e9535_gasoline_95,"Teixeira & Martins - Automóveis, Lda.",GALP,gasoline_95,Gasolina simples 95,Outro,2.026,Felgueiras,Porto,Av. Dr. Leonardo Coimbra,Felgueiras,4610-105,41.36234,-8.20224,"teixeira & martins - automóveis, lda.",galp,av. dr. leonardo coimbra,"2,026 €",2026-05-15_dgeg_postos_raw.csv,a867bf177b24d463
2026-05-15,2026-05-15 14:31:32,2026-05-15 00:05:00,b289e78940c37126,b289e78940c37126_diesel_regular,"Soc. Combustiveis Silva do Vale, Lda",GALP,diesel_regular,Gasóleo simples,Outro,2.029,Felgueiras,Porto,Av. Agostinho Ribeiro,Margaride,4610-000,41.36678,-8.20133,"soc. combustiveis silva do vale, lda",galp,av. agostinho ribeiro,"2,029 €",2026-05-15_dgeg_postos_raw.csv,8e8bb50b41746468
2026-05-15,2026-05-15 14:31:32,2026-05-15 00:05:00,b289e78940c37126,b289e78940c37126_diesel_premium,"Soc. Combustiveis Silva do Vale, Lda",GALP,diesel_premium,Gasóleo especial,Outro,2.079,Felgueiras,Porto,Av. Agostinho Ribeiro,Margaride,4610-000,41.36678,-8.20133,"soc. combustiveis silva do vale, lda",galp,av. agostinho ribeiro,"2,079 €",2026-05-15_dgeg_postos_raw.csv,1ade1ebe7aaca9e0
2026-05-15,2026-05-15 14:31:32,2026-05-15 00:05:00,b289e78940c37126,b289e78940c37126_gasoline_95,"Soc. Combustiveis Silva do Vale, Lda",GALP,gasoline_95,Gasolina simples 95,Outro,2.026,Felgueiras,Porto,Av. Agostinho Ribeiro,Margaride,4610-000,41.36678,-8.20133,"soc. combustiveis silva do vale, lda",galp,av. agostinho ribeiro,"2,026 €",2026-05-15_dgeg_postos_raw.csv,75769244a4b324f2
2026-05-15,2026-05-15 14:31:32,2026-05-15 00:05:00,fccec2c97e302c09,fccec2c97e302c09_diesel_regular,ANIBAL ANTUNES BANDEIRA LDA,GALP,diesel_regular,Gasóleo simples,Outro,2.055,Lousã,Coimbra,Rua de Coimbra,Lousã,3200-000,40.11942,-8.24877,anibal antunes bandeira lda,galp,rua de coimbra,"2,055 €",2026-05-15_dgeg_postos_raw.csv,06ff2f0f1c9fde8e
2026-05-15,2026-05-15 14:31:32,2026-05-15 00:05:00,fccec2c97e302c09,fccec2c97e302c09_diesel_premium,ANIBAL ANTUNES BANDEIRA LDA,GALP,diesel_premium,Gasóleo especial,Outro,2.105,Lousã,Coimbra,Rua de Coimbra,Lousã,3200-000,40.11942,-8.24877,anibal antunes bandeira lda,galp,rua de coimbra,"2,105 €",2026-05-15_dgeg_postos_raw.csv,56b17ee594592505
2026-05-15,2026-05-15 14:31:32,2026-05-15 00:05:00,fccec2c97e302c09,fccec2c97e302c09_gasoline_95,ANIBAL ANTUNES BANDEIRA LDA,GALP,gasoline_95,Gasolina simples 95,Outro,2.051,Lousã,Coimbra,Rua de Coimbra,Lousã,3200-000,40.11942,-8.24877,anibal antunes bandeira lda,galp,rua de coimbra,"2,051 €",2026-05-15_dgeg_postos_raw.csv,9ef421fe4da614bf
2026-05-15,2026-05-15 14:31:32,2026-05-15 00:05:00,43bbaf959a480bf7,43bbaf959a480bf7_diesel_regular,"Chamauto, Lda.",GALP,diesel_regular,Gasóleo simples,Outro,2.035,Lousada,Porto,EN 108,Arcas Cristelos,4620-000,41.2666,-8.29085,"chamauto, lda.",galp,en 108,"2,035 €",2026-05-15_dgeg_postos_raw.csv,56ca50ce474f32f3
2026-05-15,2026-05-15 14:31:32,2026-05-15 00:05:00,43bbaf959a480bf7,43bbaf959a480bf7_diesel_premium,"Chamauto, Lda.",GALP,diesel_premium,Gasóleo especial,Outro,2.085,Lousada,Porto,EN 108,Arcas Cristelos,4620-000,41.2666,-8.29085,"chamauto, lda.",galp,en 108,"2,085 €",2026-05-15_dgeg_postos_raw.csv,ec85834ea89098d2
2026-05-15,2026-05-15 14:31:32,2026-05-15 00:05:00,43bbaf959a480bf7,43bbaf959a480bf7_gasoline_95,"Chamauto, Lda.",GALP,gasoline_95,Gasolina simples 95,Outro,2.031,Lousada,Porto,EN 108,Arcas Cristelos,4620-000,41.2666,-8.29085,"chamauto, lda.",galp,en 108,"2,031 €",2026-05-15_dgeg_postos_raw.csv,dcc6187c4e928747
2026-05-15,2026-05-15 14:31:32,2026-05-15 00:05:00,43bbaf959a480bf7,43bbaf959a480bf7_gasoline_98,"Chamauto, Lda.",GALP,gasoline_98,Gasolina especial 98,Outro,2.241,Lousada,Porto,EN 108,Arcas Cristelos,4620-000,41.2666,-8.29085,"chamauto, lda.",galp,en 108,"2,241 €",2026-05-15_dgeg_postos_raw.csv,9d4da64c0a558432
2026-05-15,2026-05-15 14:31:32,2026-05-15 00:05:00,6b1844f5db95f58d,6b1844f5db95f58d_diesel_regular,"Chamauto - Sociedade Transmontana de Automóveis, Lda",GALP,diesel_regular,Gasóleo simples,Outro,2.055,Macedo de Cavaleiros,Bragança,Av. Comendador António Joaquim Ferreira,Macedo de Cavaleiros,5340-289,41.53372,-6.96248,"chamauto - sociedade transmontana de automóveis, lda",galp,av. comendador antónio joaquim ferreira,"2,055 €",2026-05-15_dgeg_postos_raw.csv,629478942fd50e1b
2026-05-15,2026-05-15 14:31:32,2026-05-15 00:05:00,6b1844f5db95f58d,6b1844f5db95f58d_diesel_premium,"Chamauto - Sociedade Transmontana de Automóveis, Lda",GALP,diesel_premium,Gasóleo especial,Outro,2.105,Macedo de Cavaleiros,Bragança,Av. Comendador António Joaquim Ferreira,Macedo de Cavaleiros,5340-289,41.53372,-6.96248,"chamauto - sociedade transmontana de automóveis, lda",galp,av. comendador antónio joaquim ferreira,"2,105 €",2026-05-15_dgeg_postos_raw.csv,2859415202cac5ad
2026-05-15,2026-05-15 14:31:32,2026-05-15 00:05:00,6b1844f5db95f58d,6b1844f5db95f58d_gasoline_95,"Chamauto - Sociedade Transmontana de Automóveis, Lda",GALP,gasoline_95,Gasolina simples 95,Outro,2.051,Macedo de Cavaleiros,Bragança,Av. Comendador António Joaquim Ferreira,Macedo de Cavaleiros,5340-289,41.53372,-6.96248,"chamauto - sociedade transmontana de automóveis, lda",galp,av. comendador antónio joaquim ferreira,"2,051 €",2026-05-15_dgeg_postos_raw.csv,18ea31796eb646f0
2026-05-15,2026-05-15 14:31:32,2026-05-15 00:05:00,e08bb658c95cd186,e08bb658c95cd186_diesel_regular,"PETROPOVOA, LDA.",GALP,diesel_regular,Gasóleo simples,Outro,2.025,Mafra,Lisboa,"EN 247 Km 39,542",Encarnação-Barril,2640-202,39.047134,-9.399244,"petropovoa, lda.",galp,"en 247 km 39,542","2,025 €",2026-05-15_dgeg_postos_raw.csv,684c35772d4c6313
2026-05-15,2026-05-15 14:31:32,2026-05-15 00:05:00,e08bb658c95cd186,e08bb658c95cd186_diesel_premium,"PETROPOVOA, LDA.",GALP,diesel_premium,Gasóleo especial,Outro,2.075,Mafra,Lisboa,"EN 247 Km 39,542",Encarnação-Barril,2640-202,39.047134,-9.399244,"petropovoa, lda.",galp,"en 247 km 39,542","2,075 €",2026-05-15_dgeg_postos_raw.csv,8850d00fba2209d4
2026-05-15,2026-05-15 14:31:32,2026-05-15 00:05:00,e08bb658c95cd186,e08bb658c95cd186_gasoline_95,"PETROPOVOA, LDA.",GALP,gasoline_95,Gasolina simples 95,Outro,2.021,Mafra,Lisboa,"EN 247 Km 39,542",Encarnação-Barril,2640-202,39.047134,-9.399244,"petropovoa, lda.",galp,"en 247 km 39,542","2,021 €",2026-05-15_dgeg_postos_raw.csv,f08d774a7fd2e9d3
2026-05-15,2026-05-15 14:31:32,2026-05-15 00:05:00,01a203053c218581,01a203053c218581_diesel_regular,"AUTOMAFRA - PNEUS AC. COMB. VIAT., LDA.",GALP,diesel_regular,Gasóleo simples,Outro,2.059,Mafra,Lisboa,"EN 116 (Av. 25 de Abril) Km 35,65",Mafra,2640-456,38.94156,-9.33038,"automafra - pneus ac. comb. viat., lda.",galp,"en 116 (av. 25 de abril) km 35,65","2,059 €",2026-05-15_dgeg_postos_raw.csv,480737c38c6c1336
2026-05-15,2026-05-15 14:31:32,2026-05-15 00:05:00,01a203053c218581,01a203053c218581_diesel_premium,"AUTOMAFRA - PNEUS AC. COMB. VIAT., LDA.",GALP,diesel_premium,Gasóleo especial,Outro,2.109,Mafra,Lisboa,"EN 116 (Av. 25 de Abril) Km 35,65",Mafra,2640-456,38.94156,-9.33038,"automafra - pneus ac. comb. viat., lda.",galp,"en 116 (av. 25 de abril) km 35,65","2,109 €",2026-05-15_dgeg_postos_raw.csv,b2bfd2b766671307
2026-05-15,2026-05-15 14:31:32,2026-05-15 00:05:00,01a203053c218581,01a203053c218581_gasoline_95,"AUTOMAFRA - PNEUS AC. COMB. VIAT., LDA.",GALP,gasoline_95,Gasolina simples 95,Outro,2.056,Mafra,Lisboa,"EN 116 (Av. 25 de Abril) Km 35,65",Mafra,2640-456,38.94156,-9.33038,"automafra - pneus ac. comb. viat., lda.",galp,"en 116 (av. 25 de abril) km 35,65","2,056 €",2026-05-15_dgeg_postos_raw.csv,0d0784acaa302d8c
2026-05-15,2026-05-15 14:31:32,2026-05-15 00:05:00,01a203053c218581,01a203053c218581_gasoline_98,"AUTOMAFRA - PNEUS AC. COMB. VIAT., LDA.",GALP,gasoline_98,Gasolina especial 98,Outro,2.266,Mafra,Lisboa,"EN 116 (Av. 25 de Abril) Km 35,65",Mafra,2640-456,38.94156,-9.33038,"automafra - pneus ac. comb. viat., lda.",galp,"en 116 (av. 25 de abril) km 35,65","2,266 €",2026-05-15_dgeg_postos_raw.csv,d5cb22cfcb15c1e1
2026-05-15,2026-05-15 14:31:32,2026-05-15 00:05:00,61760e6864b18730,61760e6864b18730_diesel_regular,"José Vasco Simões & Filhos, Lda",GALP,diesel_regular,Gasóleo simples,Outro,2.055,Mafra,Lisboa,"EN 8 Km 33,5",Carrascal Oeste,2665-000,39.00374,-9.27649,"josé vasco simões & filhos, lda",galp,"en 8 km 33,5","2,055 €",2026-05-15_dgeg_postos_raw.csv,050f120ebcb86076
2026-05-15,2026-05-15 14:31:32,2026-05-15 00:05:00,61760e6864b18730,61760e6864b18730_diesel_premium,"José Vasco Simões & Filhos, Lda",GALP,diesel_premium,Gasóleo especial,Outro,2.105,Mafra,Lisboa,"EN 8 Km 33,5",Carrascal Oeste,2665-000,39.00374,-9.27649,"josé vasco simões & filhos, lda",galp,"en 8 km 33,5","2,105 €",2026-05-15_dgeg_postos_raw.csv,931760e3eaf85622
2026-05-15,2026-05-15 14:31:32,2026-05-15 00:05:00,61760e6864b18730,61760e6864b18730_gasoline_95,"José Vasco Simões & Filhos, Lda",GALP,gasoline_95,Gasolina simples 95,Outro,2.051,Mafra,Lisboa,"EN 8 Km 33,5",Carrascal Oeste,2665-000,39.00374,-9.27649,"josé vasco simões & filhos, lda",galp,"en 8 km 33,5","2,051 €",2026-05-15_dgeg_postos_raw.csv,d4c50188eb264934
2026-05-15,2026-05-15 14:31:32,2026-05-15 00:05:00,ff114c7b19c8c71a,ff114c7b19c8c71a_diesel_regular,PETROPÓVOA LDA,GALP,diesel_regular,Gasóleo simples,Outro,2.03,Mafra,Lisboa,"EN 247 (Rua Dr. Burnay nº 2) Km 51,7",Ericeira,2655-319,38.958479,-9.414707,petropóvoa lda,galp,"en 247 (rua dr. burnay nº 2) km 51,7","2,030 €",2026-05-15_dgeg_postos_raw.csv,cf046c09de2cef00
2026-05-15,2026-05-15 14:31:32,2026-05-15 00:05:00,ff114c7b19c8c71a,ff114c7b19c8c71a_diesel_premium,PETROPÓVOA LDA,GALP,diesel_premium,Gasóleo especial,Outro,2.08,Mafra,Lisboa,"EN 247 (Rua Dr. Burnay nº 2) Km 51,7",Ericeira,2655-319,38.958479,-9.414707,petropóvoa lda,galp,"en 247 (rua dr. burnay nº 2) km 51,7","2,080 €",2026-05-15_dgeg_postos_raw.csv,3815248ce10d6b51
2026-05-15,2026-05-15 14:31:32,2026-05-15 00:05:00,ff114c7b19c8c71a,ff114c7b19c8c71a_gasoline_95,PETROPÓVOA LDA,GALP,gasoline_95,Gasolina simples 95,Outro,2.026,Mafra,Lisboa,"EN 247 (Rua Dr. Burnay nº 2) Km 51,7",Ericeira,2655-319,38.958479,-9.414707,petropóvoa lda,galp,"en 247 (rua dr. burnay nº 2) km 51,7","2,026 €",2026-05-15_dgeg_postos_raw.csv,36814d9419b0295e
2026-05-15,2026-05-15 14:31:32,2026-05-15 00:05:00,ff114c7b19c8c71a,ff114c7b19c8c71a_gasoline_98,PETROPÓVOA LDA,GALP,gasoline_98,Gasolina especial 98,Outro,2.236,Mafra,Lisboa,"EN 247 (Rua Dr. Burnay nº 2) Km 51,7",Ericeira,2655-319,38.958479,-9.414707,petropóvoa lda,galp,"en 247 (rua dr. burnay nº 2) km 51,7","2,236 €",2026-05-15_dgeg_postos_raw.csv,25ea3574d6a136f0
2026-05-15,2026-05-15 14:31:32,2026-05-15 00:05:00,8f95705617d6fbdd,8f95705617d6fbdd_diesel_regular,TRANQUILO PLANALTO LDA,GALP,diesel_regular,Gasóleo simples,Outro,2.069,Lisboa,Lisboa,Av. de Brasília,Belém,1400-038,38.694896,-9.204177,tranquilo planalto lda,galp,av. de brasília,"2,069 €",2026-05-15_dgeg_postos_raw.csv,fe424bc47df71e02
2026-05-15,2026-05-15 14:31:32,2026-05-15 00:05:00,8f95705617d6fbdd,8f95705617d6fbdd_diesel_premium,TRANQUILO PLANALTO LDA,GALP,diesel_premium,Gasóleo especial,Outro,2.129,Lisboa,Lisboa,Av. de Brasília,Belém,1400-038,38.694896,-9.204177,tranquilo planalto lda,galp,av. de brasília,"2,129 €",2026-05-15_dgeg_postos_raw.csv,35e7581b1a79b56c
2026-05-15,2026-05-15 14:31:32,2026-05-15 00:05:00,8f95705617d6fbdd,8f95705617d6fbdd_gasoline_95,TRANQUILO PLANALTO LDA,GALP,gasoline_95,Gasolina simples 95,Outro,2.066,Lisboa,Lisboa,Av. de Brasília,Belém,1400-038,38.694896,-9.204177,tranquilo planalto lda,galp,av. de brasília,"2,066 €",2026-05-15_dgeg_postos_raw.csv,736f694023af8405
2026-05-15,2026-05-15 14:31:32,2026-05-15 00:05:00,09194b776691bd23,09194b776691bd23_gasoline_98,GALP A.S. Olivais,GALP,gasoline_98,Gasolina especial 98,Outro,2.286,Lisboa,Lisboa,Avª de Pádua - Santa Maria dos Olivais,Lisboa,1800-000,38.763157,-9.108631,galp a.s. olivais,galp,avª de pádua - santa maria dos olivais,"2,286 €",2026-05-15_dgeg_postos_raw.csv,c2f6284edac94716
2026-05-15,2026-05-15 14:31:32,2026-05-15 00:05:00,1cba126d00e14d6c,1cba126d00e14d6c_diesel_regular,"LUBRISUL - LUBRIFICANTES E COMBUSTÍVEIS, LDA.",GALP,diesel_regular,Gasóleo simples,Outro,2.065,Loulé,Faro,Av. Marçal Pacheco,Loulé,8100-504,37.134238,-8.020952,"lubrisul - lubrificantes e combustíveis, lda.",galp,av. marçal pacheco,"2,065 €",2026-05-15_dgeg_postos_raw.csv,2e03c8da0742da10
2026-05-15,2026-05-15 14:31:32,2026-05-15 00:05:00,1cba126d00e14d6c,1cba126d00e14d6c_diesel_premium,"LUBRISUL - LUBRIFICANTES E COMBUSTÍVEIS, LDA.",GALP,diesel_premium,Gasóleo especial,Outro,2.115,Loulé,Faro,Av. Marçal Pacheco,Loulé,8100-504,37.134238,-8.020952,"lubrisul - lubrificantes e combustíveis, lda.",galp,av. marçal pacheco,"2,115 €",2026-05-15_dgeg_postos_raw.csv,ed85c681630599a5
2026-05-15,2026-05-15 14:31:32,2026-05-15 00:05:00,1cba126d00e14d6c,1cba126d00e14d6c_gasoline_95,"LUBRISUL - LUBRIFICANTES E COMBUSTÍVEIS, LDA.",GALP,gasoline_95,Gasolina simples 95,Outro,2.061,Loulé,Faro,Av. Marçal Pacheco,Loulé,8100-504,37.134238,-8.020952,"lubrisul - lubrificantes e combustíveis, lda.",galp,av. marçal pacheco,"2,061 €",2026-05-15_dgeg_postos_raw.csv,3cf8113c9fe547f2
2026-05-15,2026-05-15 14:31:32,2026-05-15 00:05:00,3d051ddc863aad7e,3d051ddc863aad7e_diesel_regular,LUBRISUL - Lubrificantes,GALP,diesel_regular,Gasóleo simples,Outro,2.065,Loulé,Faro,Av. Marçal Pacheco nº 157,Loulé,8100-505,37.13507,-8.02117,lubrisul - lubrificantes,galp,av. marçal pacheco nº 157,"2,065 €",2026-05-15_dgeg_postos_raw.csv,df500d39322e0686
2026-05-15,2026-05-15 14:31:32,2026-05-15 00:05:00,3d051ddc863aad7e,3d051ddc863aad7e_diesel_premium,LUBRISUL - Lubrificantes,GALP,diesel_premium,Gasóleo especial,Outro,2.115,Loulé,Faro,Av. Marçal Pacheco nº 157,Loulé,8100-505,37.13507,-8.02117,lubrisul - lubrificantes,galp,av. marçal pacheco nº 157,"2,115 €",2026-05-15_dgeg_postos_raw.csv,958d1b00c6f797ef
2026-05-15,2026-05-15 14:31:32,2026-05-15 00:05:00,3d051ddc863aad7e,3d051ddc863aad7e_gasoline_95,LUBRISUL - Lubrificantes,GALP,gasoline_95,Gasolina simples 95,Outro,2.061,Loulé,Faro,Av. Marçal Pacheco nº 157,Loulé,8100-505,37.13507,-8.02117,lubrisul - lubrificantes,galp,av. marçal pacheco nº 157,"2,061 €",2026-05-15_dgeg_postos_raw.csv,5ca1865c3c465e3b
2026-05-15,2026-05-15 14:31:32,2026-05-15 00:05:00,3d051ddc863aad7e,3d051ddc863aad7e_gasoline_98,LUBRISUL - Lubrificantes,GALP,gasoline_98,Gasolina especial 98,Outro,2.271,Loulé,Faro,Av. Marçal Pacheco nº 157,Loulé,8100-505,37.13507,-8.02117,lubrisul - lubrificantes,galp,av. marçal pacheco nº 157,"2,271 €",2026-05-15_dgeg_postos_raw.csv,12e80a8602a184db
2026-05-15,2026-05-15 14:31:32,2026-05-15 00:05:00,bdd92ad358f1e932,bdd92ad358f1e932_diesel_regular,"ATI - Petróleos, Ldª",GALP,diesel_regular,Gasóleo simples,Outro,2.019,Guimarães,Braga,"Rua Cruz d'Argola, nº 288",Guimarães,4810-255,41.45393,-8.26981,"ati - petróleos, ldª",galp,"rua cruz d'argola, nº 288","2,019 €",2026-05-15_dgeg_postos_raw.csv,b36c940a20ffbcaf
2026-05-15,2026-05-15 14:31:32,2026-05-15 00:05:00,bdd92ad358f1e932,bdd92ad358f1e932_diesel_premium,"ATI - Petróleos, Ldª",GALP,diesel_premium,Gasóleo especial,Outro,2.069,Guimarães,Braga,"Rua Cruz d'Argola, nº 288",Guimarães,4810-255,41.45393,-8.26981,"ati - petróleos, ldª",galp,"rua cruz d'argola, nº 288","2,069 €",2026-05-15_dgeg_postos_raw.csv,134be53251658fc3
2026-05-15,2026-05-15 14:31:32,2026-05-15 00:05:00,bdd92ad358f1e932,bdd92ad358f1e932_gasoline_95,"ATI - Petróleos, Ldª",GALP,gasoline_95,Gasolina simples 95,Outro,2.017,Guimarães,Braga,"Rua Cruz d'Argola, nº 288",Guimarães,4810-255,41.45393,-8.26981,"ati - petróleos, ldª",galp,"rua cruz d'argola, nº 288","2,017 €",2026-05-15_dgeg_postos_raw.csv,0763bb41436493a3
2026-05-15,2026-05-15 14:31:32,2026-05-15 00:05:00,bdd92ad358f1e932,bdd92ad358f1e932_gasoline_98,"ATI - Petróleos, Ldª",GALP,gasoline_98,Gasolina especial 98,Outro,2.227,Guimarães,Braga,"Rua Cruz d'Argola, nº 288",Guimarães,4810-255,41.45393,-8.26981,"ati - petróleos, ldª",galp,"rua cruz d'argola, nº 288","2,227 €",2026-05-15_dgeg_postos_raw.csv,4cea2b6a02cecde1
2026-05-15,2026-05-15 14:31:32,2026-05-15 00:05:00,148d609a5b02db97,148d609a5b02db97_diesel_regular,"R.P.I. Vale e Fernandes,lda",GALP,diesel_regular,Gasóleo simples,Outro,2.019,Guimarães,Braga,"EN 105 Km 40,1",Pedrinhas-Nespereira,4810-761,41.40181,-8.32289,"r.p.i. vale e fernandes,lda",galp,"en 105 km 40,1","2,019 €",2026-05-15_dgeg_postos_raw.csv,46003727619b013f
2026-05-15,2026-05-15 14:31:32,2026-05-15 00:05:00,148d609a5b02db97,148d609a5b02db97_diesel_premium,"R.P.I. Vale e Fernandes,lda",GALP,diesel_premium,Gasóleo especial,Outro,2.069,Guimarães,Braga,"EN 105 Km 40,1",Pedrinhas-Nespereira,4810-761,41.40181,-8.32289,"r.p.i. vale e fernandes,lda",galp,"en 105 km 40,1","2,069 €",2026-05-15_dgeg_postos_raw.csv,a2454cb30debc596
2026-05-15,2026-05-15 14:31:32,2026-05-15 00:05:00,148d609a5b02db97,148d609a5b02db97_gasoline_95,"R.P.I. Vale e Fernandes,lda",GALP,gasoline_95,Gasolina simples 95,Outro,2.017,Guimarães,Braga,"EN 105 Km 40,1",Pedrinhas-Nespereira,4810-761,41.40181,-8.32289,"r.p.i. vale e fernandes,lda",galp,"en 105 km 40,1","2,017 €",2026-05-15_dgeg_postos_raw.csv,2c965fc070d32664
2026-05-15,2026-05-15 14:31:32,2026-05-15 00:05:00,2f5ece798cdccef1,2f5ece798cdccef1_diesel_regular,"Rodrigues e Lagarto, Monte Real",GALP,diesel_regular,Gasóleo simples,Outro,2.015,Leiria,Leiria,EN 349 (Rua de Leiria),Monte Real,2425-039,39.8521,-8.85455,"rodrigues e lagarto, monte real",galp,en 349 (rua de leiria),"2,015 €",2026-05-15_dgeg_postos_raw.csv,43a8341b973c90e5
2026-05-15,2026-05-15 14:31:32,2026-05-15 00:05:00,2f5ece798cdccef1,2f5ece798cdccef1_diesel_premium,"Rodrigues e Lagarto, Monte Real",GALP,diesel_premium,Gasóleo especial,Outro,2.065,Leiria,Leiria,EN 349 (Rua de Leiria),Monte Real,2425-039,39.8521,-8.85455,"rodrigues e lagarto, monte real",galp,en 349 (rua de leiria),"2,065 €",2026-05-15_dgeg_postos_raw.csv,5a08d37e2ea2a969
2026-05-15,2026-05-15 14:31:32,2026-05-15 00:05:00,2f5ece798cdccef1,2f5ece798cdccef1_gasoline_95,"Rodrigues e Lagarto, Monte Real",GALP,gasoline_95,Gasolina simples 95,Outro,2.011,Leiria,Leiria,EN 349 (Rua de Leiria),Monte Real,2425-039,39.8521,-8.85455,"rodrigues e lagarto, monte real",galp,en 349 (rua de leiria),"2,011 €",2026-05-15_dgeg_postos_raw.csv,28ca19a0ece14555
2026-05-15,2026-05-15 14:31:32,2026-05-15 00:05:00,c33334993a58a92e,c33334993a58a92e_diesel_regular,Rodrigues  e Lagarto Leiria,GALP,diesel_regular,Gasóleo simples,Outro,2.079,Leiria,Leiria,Rua Dr. João Soares nº 299,Leiria,2400-448,39.73892,-8.81533,rodrigues e lagarto leiria,galp,rua dr. joão soares nº 299,"2,079 €",2026-05-15_dgeg_postos_raw.csv,0de6ae7fc05c360f
2026-05-15,2026-05-15 14:31:32,2026-05-15 00:05:00,c33334993a58a92e,c33334993a58a92e_diesel_premium,Rodrigues  e Lagarto Leiria,GALP,diesel_premium,Gasóleo especial,Outro,2.129,Leiria,Leiria,Rua Dr. João Soares nº 299,Leiria,2400-448,39.73892,-8.81533,rodrigues e lagarto leiria,galp,rua dr. joão soares nº 299,"2,129 €",2026-05-15_dgeg_postos_raw.csv,7f4ec737b1de89ca
2026-05-15,2026-05-15 14:31:32,2026-05-15 00:05:00,c33334993a58a92e,c33334993a58a92e_gasoline_95,Rodrigues  e Lagarto Leiria,GALP,gasoline_95,Gasolina simples 95,Outro,2.082,Leiria,Leiria,Rua Dr. João Soares nº 299,Leiria,2400-448,39.73892,-8.81533,rodrigues e lagarto leiria,galp,rua dr. joão soares nº 299,"2,082 €",2026-05-15_dgeg_postos_raw.csv,b352cb199503b0da
2026-05-15,2026-05-15 14:31:32,2026-05-15 00:05:00,e11c0e8fd35af5cf,e11c0e8fd35af5cf_diesel_regular,"PIit Lane II.,Lda",GALP,diesel_regular,Gasóleo simples,Outro,2.019,Guimarães,Braga,Rodinho Sande,São Martinho de Sande(Taipas),4800-000,41.49261,-8.36105,"piit lane ii.,lda",galp,rodinho sande,"2,019 €",2026-05-15_dgeg_postos_raw.csv,1ad85e005f120815
2026-05-15,2026-05-15 14:31:32,2026-05-15 00:05:00,e11c0e8fd35af5cf,e11c0e8fd35af5cf_diesel_premium,"PIit Lane II.,Lda",GALP,diesel_premium,Gasóleo especial,Outro,2.069,Guimarães,Braga,Rodinho Sande,São Martinho de Sande(Taipas),4800-000,41.49261,-8.36105,"piit lane ii.,lda",galp,rodinho sande,"2,069 €",2026-05-15_dgeg_postos_raw.csv,ed7a2c49b611619d
2026-05-15,2026-05-15 14:31:32,2026-05-15 00:05:00,e11c0e8fd35af5cf,e11c0e8fd35af5cf_gasoline_95,"PIit Lane II.,Lda",GALP,gasoline_95,Gasolina simples 95,Outro,2.017,Guimarães,Braga,Rodinho Sande,São Martinho de Sande(Taipas),4800-000,41.49261,-8.36105,"piit lane ii.,lda",galp,rodinho sande,"2,017 €",2026-05-15_dgeg_postos_raw.csv,b07d5660b05760a5
2026-05-15,2026-05-15 14:31:32,2026-05-15 00:05:00,e8c7490e153e623b,e8c7490e153e623b_diesel_regular,"Pit Lane, Ldª",GALP,diesel_regular,Gasóleo simples,Outro,2.019,Guimarães,Braga,"EN 105 Km 44,183 - N/S",Covas-Rodovia,4800-000,41.432733,-8.30196,"pit lane, ldª",galp,"en 105 km 44,183 - n/s","2,019 €",2026-05-15_dgeg_postos_raw.csv,f2387ab8cc10d5d4
2026-05-15,2026-05-15 14:31:32,2026-05-15 00:05:00,e8c7490e153e623b,e8c7490e153e623b_diesel_premium,"Pit Lane, Ldª",GALP,diesel_premium,Gasóleo especial,Outro,2.069,Guimarães,Braga,"EN 105 Km 44,183 - N/S",Covas-Rodovia,4800-000,41.432733,-8.30196,"pit lane, ldª",galp,"en 105 km 44,183 - n/s","2,069 €",2026-05-15_dgeg_postos_raw.csv,485f40f23857c895
2026-05-15,2026-05-15 14:31:32,2026-05-15 00:05:00,e8c7490e153e623b,e8c7490e153e623b_gasoline_95,"Pit Lane, Ldª",GALP,gasoline_95,Gasolina simples 95,Outro,2.017,Guimarães,Braga,"EN 105 Km 44,183 - N/S",Covas-Rodovia,4800-000,41.432733,-8.30196,"pit lane, ldª",galp,"en 105 km 44,183 - n/s","2,017 €",2026-05-15_dgeg_postos_raw.csv,86ddb1e327803976
2026-05-15,2026-05-15 14:31:32,2026-05-15 00:05:00,e8c7490e153e623b,e8c7490e153e623b_gasoline_98,"Pit Lane, Ldª",GALP,gasoline_98,Gasolina especial 98,Outro,2.227,Guimarães,Braga,"EN 105 Km 44,183 - N/S",Covas-Rodovia,4800-000,41.432733,-8.30196,"pit lane, ldª",galp,"en 105 km 44,183 - n/s","2,227 €",2026-05-15_dgeg_postos_raw.csv,a3b1763ffa01063b
2026-05-15,2026-05-15 14:31:32,2026-05-15 00:05:00,2a10c627c724f9a1,2a10c627c724f9a1_diesel_regular,"Pit Lane, Ldª",GALP,diesel_regular,Gasóleo simples,Outro,2.019,Guimarães,Braga,"EN 105, Km 44,183 - Covas",Covas-Rodovia,4800-000,41.4327,-8.30162,"pit lane, ldª",galp,"en 105, km 44,183 - covas","2,019 €",2026-05-15_dgeg_postos_raw.csv,30229687bac16772
2026-05-15,2026-05-15 14:31:32,2026-05-15 00:05:00,2a10c627c724f9a1,2a10c627c724f9a1_diesel_premium,"Pit Lane, Ldª",GALP,diesel_premium,Gasóleo especial,Outro,2.069,Guimarães,Braga,"EN 105, Km 44,183 - Covas",Covas-Rodovia,4800-000,41.4327,-8.30162,"pit lane, ldª",galp,"en 105, km 44,183 - covas","2,069 €",2026-05-15_dgeg_postos_raw.csv,340413a184837844
2026-05-15,2026-05-15 14:31:32,2026-05-15 00:05:00,2a10c627c724f9a1,2a10c627c724f9a1_gasoline_95,"Pit Lane, Ldª",GALP,gasoline_95,Gasolina simples 95,Outro,2.017,Guimarães,Braga,"EN 105, Km 44,183 - Covas",Covas-Rodovia,4800-000,41.4327,-8.30162,"pit lane, ldª",galp,"en 105, km 44,183 - covas","2,017 €",2026-05-15_dgeg_postos_raw.csv,e52db957164a50e6
2026-05-15,2026-05-15 14:31:32,2026-05-15 00:05:00,9d70234e898a6878,9d70234e898a6878_diesel_regular,MANUEL ANTÓNIO NUNES,GALP,diesel_regular,Gasóleo simples,Outro,2.065,Évora,Évora,"EN 18 (Rua Nossa Senhora da Ajuda) Km 301,5",São Manços,7000-115,38.458115,-7.749013,manuel antónio nunes,galp,"en 18 (rua nossa senhora da ajuda) km 301,5","2,065 €",2026-05-15_dgeg_postos_raw.csv,6db0da07991d6863
2026-05-15,2026-05-15 14:31:32,2026-05-15 00:05:00,9d70234e898a6878,9d70234e898a6878_diesel_premium,MANUEL ANTÓNIO NUNES,GALP,diesel_premium,Gasóleo especial,Outro,2.115,Évora,Évora,"EN 18 (Rua Nossa Senhora da Ajuda) Km 301,5",São Manços,7000-115,38.458115,-7.749013,manuel antónio nunes,galp,"en 18 (rua nossa senhora da ajuda) km 301,5","2,115 €",2026-05-15_dgeg_postos_raw.csv,756f9b5a3ee6907f
2026-05-15,2026-05-15 14:31:32,2026-05-15 00:05:00,9d70234e898a6878,9d70234e898a6878_gasoline_95,MANUEL ANTÓNIO NUNES,GALP,gasoline_95,Gasolina simples 95,Outro,2.061,Évora,Évora,"EN 18 (Rua Nossa Senhora da Ajuda) Km 301,5",São Manços,7000-115,38.458115,-7.749013,manuel antónio nunes,galp,"en 18 (rua nossa senhora da ajuda) km 301,5","2,061 €",2026-05-15_dgeg_postos_raw.csv,3a7438498bee4aa1
2026-05-15,2026-05-15 14:31:32,2026-05-15 00:05:00,be990063def30f93,be990063def30f93_diesel_regular,"Teixeira & Martins,lda",GALP,diesel_regular,Gasóleo simples,Outro,2.015,Gondomar,Porto,Rua Pedro Álvares Cabral,Rio Tinto,4435-000,41.17334,-8.554465,"teixeira & martins,lda",galp,rua pedro álvares cabral,"2,015 €",2026-05-15_dgeg_postos_raw.csv,e7f3efdc6b77991b
2026-05-15,2026-05-15 14:31:32,2026-05-15 00:05:00,be990063def30f93,be990063def30f93_diesel_premium,"Teixeira & Martins,lda",GALP,diesel_premium,Gasóleo especial,Outro,2.065,Gondomar,Porto,Rua Pedro Álvares Cabral,Rio Tinto,4435-000,41.17334,-8.554465,"teixeira & martins,lda",galp,rua pedro álvares cabral,"2,065 €",2026-05-15_dgeg_postos_raw.csv,8caea2ae147e6f3b
2026-05-15,2026-05-15 14:31:32,2026-05-15 00:05:00,be990063def30f93,be990063def30f93_gasoline_95,"Teixeira & Martins,lda",GALP,gasoline_95,Gasolina simples 95,Outro,2.011,Gondomar,Porto,Rua Pedro Álvares Cabral,Rio Tinto,4435-000,41.17334,-8.554465,"teixeira & martins,lda",galp,rua pedro álvares cabral,"2,011 €",2026-05-15_dgeg_postos_raw.csv,2b77465d9a9e4952
2026-05-15,2026-05-15 14:31:32,2026-05-15 00:05:00,be990063def30f93,be990063def30f93_gasoline_98,"Teixeira & Martins,lda",GALP,gasoline_98,Gasolina especial 98,Outro,2.221,Gondomar,Porto,Rua Pedro Álvares Cabral,Rio Tinto,4435-000,41.17334,-8.554465,"teixeira & martins,lda",galp,rua pedro álvares cabral,"2,221 €",2026-05-15_dgeg_postos_raw.csv,50597b7e29ce715c
2026-05-15,2026-05-15 14:31:32,2026-05-15 00:05:00,4ae344f6b806fbb6,4ae344f6b806fbb6_diesel_regular,ARM  II – Soc.Algarvia de Comb.lda,GALP,diesel_regular,Gasóleo simples,Outro,2.035,Lagos,Faro,EN 120 Km 174,Lagos,8600-324,37.111216,-8.679557,arm ii – soc.algarvia de comb.lda,galp,en 120 km 174,"2,035 €",2026-05-15_dgeg_postos_raw.csv,600d59d814abdbf3
2026-05-15,2026-05-15 14:31:32,2026-05-15 00:05:00,4ae344f6b806fbb6,4ae344f6b806fbb6_diesel_premium,ARM  II – Soc.Algarvia de Comb.lda,GALP,diesel_premium,Gasóleo especial,Outro,2.085,Lagos,Faro,EN 120 Km 174,Lagos,8600-324,37.111216,-8.679557,arm ii – soc.algarvia de comb.lda,galp,en 120 km 174,"2,085 €",2026-05-15_dgeg_postos_raw.csv,abe52d4e283bbea4
2026-05-15,2026-05-15 14:31:32,2026-05-15 00:05:00,4ae344f6b806fbb6,4ae344f6b806fbb6_gasoline_95,ARM  II – Soc.Algarvia de Comb.lda,GALP,gasoline_95,Gasolina simples 95,Outro,2.031,Lagos,Faro,EN 120 Km 174,Lagos,8600-324,37.111216,-8.679557,arm ii – soc.algarvia de comb.lda,galp,en 120 km 174,"2,031 €",2026-05-15_dgeg_postos_raw.csv,72c54621a72d0c27
2026-05-15,2026-05-15 14:31:32,2026-05-15 00:05:00,8bd25e7b082f92bf,8bd25e7b082f92bf_diesel_regular,ARM  I – Soc.Algarvia de Comb.lda,GALP,diesel_regular,Gasóleo simples,Outro,2.035,Lagos,Faro,EN 120 Km 174,Lagos,8600-773,37.11079,-8.67965,arm i – soc.algarvia de comb.lda,galp,en 120 km 174,"2,035 €",2026-05-15_dgeg_postos_raw.csv,1ed46dbf6862066a
2026-05-15,2026-05-15 14:31:32,2026-05-15 00:05:00,8bd25e7b082f92bf,8bd25e7b082f92bf_diesel_premium,ARM  I – Soc.Algarvia de Comb.lda,GALP,diesel_premium,Gasóleo especial,Outro,2.085,Lagos,Faro,EN 120 Km 174,Lagos,8600-773,37.11079,-8.67965,arm i – soc.algarvia de comb.lda,galp,en 120 km 174,"2,085 €",2026-05-15_dgeg_postos_raw.csv,812bfe4ecfad02b8
2026-05-15,2026-05-15 14:31:32,2026-05-15 00:05:00,8bd25e7b082f92bf,8bd25e7b082f92bf_gasoline_95,ARM  I – Soc.Algarvia de Comb.lda,GALP,gasoline_95,Gasolina simples 95,Outro,2.031,Lagos,Faro,EN 120 Km 174,Lagos,8600-773,37.11079,-8.67965,arm i – soc.algarvia de comb.lda,galp,en 120 km 174,"2,031 €",2026-05-15_dgeg_postos_raw.csv,b7fbe7718b964706
2026-05-15,2026-05-15 14:31:32,2026-05-15 00:05:00,efe4dba73746e202,efe4dba73746e202_diesel_regular,Lubridouro - Lub. Douro Lda.,GALP,diesel_regular,Gasóleo simples,Outro,2.079,Lamego,Viseu,EN 2 (Rua Infantaria nº9),Cidade de Lamego,5100-000,41.09896,-7.80726,lubridouro - lub. douro lda.,galp,en 2 (rua infantaria nº9),"2,079 €",2026-05-15_dgeg_postos_raw.csv,2e95f05e927ac69c
2026-05-15,2026-05-15 14:31:32,2026-05-15 00:05:00,efe4dba73746e202,efe4dba73746e202_diesel_premium,Lubridouro - Lub. Douro Lda.,GALP,diesel_premium,Gasóleo especial,Outro,2.129,Lamego,Viseu,EN 2 (Rua Infantaria nº9),Cidade de Lamego,5100-000,41.09896,-7.80726,lubridouro - lub. douro lda.,galp,en 2 (rua infantaria nº9),"2,129 €",2026-05-15_dgeg_postos_raw.csv,527ce525467269b6
2026-05-15,2026-05-15 14:31:32,2026-05-15 00:05:00,efe4dba73746e202,efe4dba73746e202_gasoline_95,Lubridouro - Lub. Douro Lda.,GALP,gasoline_95,Gasolina simples 95,Outro,2.067,Lamego,Viseu,EN 2 (Rua Infantaria nº9),Cidade de Lamego,5100-000,41.09896,-7.80726,lubridouro - lub. douro lda.,galp,en 2 (rua infantaria nº9),"2,067 €",2026-05-15_dgeg_postos_raw.csv,c1b2bf8327c45733
2026-05-15,2026-05-15 14:31:32,2026-05-15 00:05:00,73bdc2130080592a,73bdc2130080592a_diesel_regular,"Fernandes & Rebelo, Lda",GALP,diesel_regular,Gasóleo simples,Outro,2.079,Lamego,Viseu,"Desterro, Estrada Nova, Sé",Largo do Desterro,5100-000,41.09254,-7.80468,"fernandes & rebelo, lda",galp,"desterro, estrada nova, sé","2,079 €",2026-05-15_dgeg_postos_raw.csv,5ea576e4df25695c
2026-05-15,2026-05-15 14:31:32,2026-05-15 00:05:00,73bdc2130080592a,73bdc2130080592a_diesel_premium,"Fernandes & Rebelo, Lda",GALP,diesel_premium,Gasóleo especial,Outro,2.129,Lamego,Viseu,"Desterro, Estrada Nova, Sé",Largo do Desterro,5100-000,41.09254,-7.80468,"fernandes & rebelo, lda",galp,"desterro, estrada nova, sé","2,129 €",2026-05-15_dgeg_postos_raw.csv,9533e61f85baea79
2026-05-15,2026-05-15 14:31:32,2026-05-15 00:05:00,73bdc2130080592a,73bdc2130080592a_gasoline_95,"Fernandes & Rebelo, Lda",GALP,gasoline_95,Gasolina simples 95,Outro,2.067,Lamego,Viseu,"Desterro, Estrada Nova, Sé",Largo do Desterro,5100-000,41.09254,-7.80468,"fernandes & rebelo, lda",galp,"desterro, estrada nova, sé","2,067 €",2026-05-15_dgeg_postos_raw.csv,8faa45867d1ac0d6
2026-05-15,2026-05-15 14:31:32,2026-05-15 00:05:00,64f35bdf47bd03b8,64f35bdf47bd03b8_diesel_regular,Santos da Cunha 6 – Logística e Transportes,GALP,diesel_regular,Gasóleo simples,Outro,2.029,Barcelos,Braga,"Rua da Estrada Nacional 206, 1543 (Km 12,020)",Terra Negra-Negreiros,4775-206,41.41954,-8.63251,santos da cunha 6 – logística e transportes,galp,"rua da estrada nacional 206, 1543 (km 12,020)","2,029 €",2026-05-15_dgeg_postos_raw.csv,ea7ef68ab3d131be
2026-05-15,2026-05-15 14:31:32,2026-05-15 00:05:00,64f35bdf47bd03b8,64f35bdf47bd03b8_diesel_premium,Santos da Cunha 6 – Logística e Transportes,GALP,diesel_premium,Gasóleo especial,Outro,2.079,Barcelos,Braga,"Rua da Estrada Nacional 206, 1543 (Km 12,020)",Terra Negra-Negreiros,4775-206,41.41954,-8.63251,santos da cunha 6 – logística e transportes,galp,"rua da estrada nacional 206, 1543 (km 12,020)","2,079 €",2026-05-15_dgeg_postos_raw.csv,1342421c36dea770
2026-05-15,2026-05-15 14:31:32,2026-05-15 00:05:00,64f35bdf47bd03b8,64f35bdf47bd03b8_gasoline_95,Santos da Cunha 6 – Logística e Transportes,GALP,gasoline_95,Gasolina simples 95,Outro,2.026,Barcelos,Braga,"Rua da Estrada Nacional 206, 1543 (Km 12,020)",Terra Negra-Negreiros,4775-206,41.41954,-8.63251,santos da cunha 6 – logística e transportes,galp,"rua da estrada nacional 206, 1543 (km 12,020)","2,026 €",2026-05-15_dgeg_postos_raw.csv,46ee9bb78400678a
2026-05-15,2026-05-15 14:31:32,2026-05-15 00:05:00,64f35bdf47bd03b8,64f35bdf47bd03b8_gasoline_98,Santos da Cunha 6 – Logística e Transportes,GALP,gasoline_98,Gasolina especial 98,Outro,2.236,Barcelos,Braga,"Rua da Estrada Nacional 206, 1543 (Km 12,020)",Terra Negra-Negreiros,4775-206,41.41954,-8.63251,santos da cunha 6 – logística e transportes,galp,"rua da estrada nacional 206, 1543 (km 12,020)","2,236 €",2026-05-15_dgeg_postos_raw.csv,36eecffb8759baf9
2026-05-15,2026-05-15 14:31:32,2026-05-15 00:05:00,dcd28cb20dcd16f3,dcd28cb20dcd16f3_diesel_regular,"Garagem Parque de Barcelos, Lda.",GALP,diesel_regular,Gasóleo simples,Outro,2.055,Barcelos,Braga,"EN 205, Km 28,450",Lurgar da Lamela - Manhente,4750-551,41.554899,-8.568338,"garagem parque de barcelos, lda.",galp,"en 205, km 28,450","2,055 €",2026-05-15_dgeg_postos_raw.csv,6fcccfca6edb744c
2026-05-15,2026-05-15 14:31:32,2026-05-15 00:05:00,dcd28cb20dcd16f3,dcd28cb20dcd16f3_diesel_premium,"Garagem Parque de Barcelos, Lda.",GALP,diesel_premium,Gasóleo especial,Outro,2.105,Barcelos,Braga,"EN 205, Km 28,450",Lurgar da Lamela - Manhente,4750-551,41.554899,-8.568338,"garagem parque de barcelos, lda.",galp,"en 205, km 28,450","2,105 €",2026-05-15_dgeg_postos_raw.csv,46295710d532e268
2026-05-15,2026-05-15 14:31:32,2026-05-15 00:05:00,dcd28cb20dcd16f3,dcd28cb20dcd16f3_gasoline_95,"Garagem Parque de Barcelos, Lda.",GALP,gasoline_95,Gasolina simples 95,Outro,2.051,Barcelos,Braga,"EN 205, Km 28,450",Lurgar da Lamela - Manhente,4750-551,41.554899,-8.568338,"garagem parque de barcelos, lda.",galp,"en 205, km 28,450","2,051 €",2026-05-15_dgeg_postos_raw.csv,befd241e0c5eef74
2026-05-15,2026-05-15 14:31:32,2026-05-15 00:05:00,dcd28cb20dcd16f3,dcd28cb20dcd16f3_gasoline_98,"Garagem Parque de Barcelos, Lda.",GALP,gasoline_98,Gasolina especial 98,Outro,2.261,Barcelos,Braga,"EN 205, Km 28,450",Lurgar da Lamela - Manhente,4750-551,41.554899,-8.568338,"garagem parque de barcelos, lda.",galp,"en 205, km 28,450","2,261 €",2026-05-15_dgeg_postos_raw.csv,9c639f030302629b
2026-05-15,2026-05-15 14:31:32,2026-05-15 00:05:00,f064fb5e39a4c3ac,f064fb5e39a4c3ac_diesel_regular,"Teixeira & Loureiro, Ldª",GALP,diesel_regular,Gasóleo simples,Outro,2.016,Arcos de Valdevez,Viana do Castelo,"EN 101, Km 53,7",Alto de Freitas,4970-231,41.83608,-8.41658,"teixeira & loureiro, ldª",galp,"en 101, km 53,7","2,016 €",2026-05-15_dgeg_postos_raw.csv,b814a8991a320d65
2026-05-15,2026-05-15 14:31:32,2026-05-15 00:05:00,f064fb5e39a4c3ac,f064fb5e39a4c3ac_diesel_premium,"Teixeira & Loureiro, Ldª",GALP,diesel_premium,Gasóleo especial,Outro,2.071,Arcos de Valdevez,Viana do Castelo,"EN 101, Km 53,7",Alto de Freitas,4970-231,41.83608,-8.41658,"teixeira & loureiro, ldª",galp,"en 101, km 53,7","2,071 €",2026-05-15_dgeg_postos_raw.csv,55e3b96c490329aa
2026-05-15,2026-05-15 14:31:32,2026-05-15 00:05:00,f064fb5e39a4c3ac,f064fb5e39a4c3ac_gasoline_95,"Teixeira & Loureiro, Ldª",GALP,gasoline_95,Gasolina simples 95,Outro,2.016,Arcos de Valdevez,Viana do Castelo,"EN 101, Km 53,7",Alto de Freitas,4970-231,41.83608,-8.41658,"teixeira & loureiro, ldª",galp,"en 101, km 53,7","2,016 €",2026-05-15_dgeg_postos_raw.csv,b7ca7660ceef0dbd
2026-05-15,2026-05-15 14:31:32,2026-05-15 00:05:00,a4c9dcf056acc517,a4c9dcf056acc517_diesel_regular,FLORES & FRAGOSO,GALP,diesel_regular,Gasóleo simples,Outro,2.065,Arronches,Portalegre,Largo França Borges,Arronches,7340-008,39.12205,-7.28367,flores & fragoso,galp,largo frança borges,"2,065 €",2026-05-15_dgeg_postos_raw.csv,e5392608587c1a47
2026-05-15,2026-05-15 14:31:32,2026-05-15 00:05:00,a4c9dcf056acc517,a4c9dcf056acc517_diesel_premium,FLORES & FRAGOSO,GALP,diesel_premium,Gasóleo especial,Outro,2.115,Arronches,Portalegre,Largo França Borges,Arronches,7340-008,39.12205,-7.28367,flores & fragoso,galp,largo frança borges,"2,115 €",2026-05-15_dgeg_postos_raw.csv,54fe58d6c1170da7
2026-05-15,2026-05-15 14:31:32,2026-05-15 00:05:00,a4c9dcf056acc517,a4c9dcf056acc517_gasoline_95,FLORES & FRAGOSO,GALP,gasoline_95,Gasolina simples 95,Outro,2.061,Arronches,Portalegre,Largo França Borges,Arronches,7340-008,39.12205,-7.28367,flores & fragoso,galp,largo frança borges,"2,061 €",2026-05-15_dgeg_postos_raw.csv,4b7c980395de851a
2026-05-15,2026-05-15 14:31:32,2026-05-15 00:05:00,e8bbc94b538918eb,e8bbc94b538918eb_diesel_regular,"PETROFROTA – POSTO DE ABASTECIMENTO, LDA",GALP,diesel_regular,Gasóleo simples,Outro,2.079,Arruda dos Vinhos,Lisboa,EN 248 (Rua Cândido dos Reis) Km 20,Alcambar,2630-233,38.979149,-9.077027,"petrofrota – posto de abastecimento, lda",galp,en 248 (rua cândido dos reis) km 20,"2,079 €",2026-05-15_dgeg_postos_raw.csv,199d0ea2dd7744df
2026-05-15,2026-05-15 14:31:32,2026-05-15 00:05:00,e8bbc94b538918eb,e8bbc94b538918eb_diesel_premium,"PETROFROTA – POSTO DE ABASTECIMENTO, LDA",GALP,diesel_premium,Gasóleo especial,Outro,2.129,Arruda dos Vinhos,Lisboa,EN 248 (Rua Cândido dos Reis) Km 20,Alcambar,2630-233,38.979149,-9.077027,"petrofrota – posto de abastecimento, lda",galp,en 248 (rua cândido dos reis) km 20,"2,129 €",2026-05-15_dgeg_postos_raw.csv,6279578e2dbdf6cf
2026-05-15,2026-05-15 14:31:32,2026-05-15 00:05:00,e8bbc94b538918eb,e8bbc94b538918eb_gasoline_95,"PETROFROTA – POSTO DE ABASTECIMENTO, LDA",GALP,gasoline_95,Gasolina simples 95,Outro,2.072,Arruda dos Vinhos,Lisboa,EN 248 (Rua Cândido dos Reis) Km 20,Alcambar,2630-233,38.979149,-9.077027,"petrofrota – posto de abastecimento, lda",galp,en 248 (rua cândido dos reis) km 20,"2,072 €",2026-05-15_dgeg_postos_raw.csv,d72775afcf823157
2026-05-15,2026-05-15 14:31:32,2026-05-15 00:05:00,d2e4601318b4f082,d2e4601318b4f082_diesel_regular,PNEUCOM - COM. SERV. ASSIST. AUTOMÓVEL,GALP,diesel_regular,Gasóleo simples,Outro,2.059,Amadora,Lisboa,Rua Salvador Allende,Amadora,2700-222,38.75669,-9.23282,pneucom - com. serv. assist. automóvel,galp,rua salvador allende,"2,059 €",2026-05-15_dgeg_postos_raw.csv,c36ee78c3452eb92
2026-05-15,2026-05-15 14:31:32,2026-05-15 00:05:00,d2e4601318b4f082,d2e4601318b4f082_diesel_premium,PNEUCOM - COM. SERV. ASSIST. AUTOMÓVEL,GALP,diesel_premium,Gasóleo especial,Outro,2.109,Amadora,Lisboa,Rua Salvador Allende,Amadora,2700-222,38.75669,-9.23282,pneucom - com. serv. assist. automóvel,galp,rua salvador allende,"2,109 €",2026-05-15_dgeg_postos_raw.csv,efd2ab09e7fc7f2c
2026-05-15,2026-05-15 14:31:32,2026-05-15 00:05:00,d2e4601318b4f082,d2e4601318b4f082_gasoline_95,PNEUCOM - COM. SERV. ASSIST. AUTOMÓVEL,GALP,gasoline_95,Gasolina simples 95,Outro,2.051,Amadora,Lisboa,Rua Salvador Allende,Amadora,2700-222,38.75669,-9.23282,pneucom - com. serv. assist. automóvel,galp,rua salvador allende,"2,051 €",2026-05-15_dgeg_postos_raw.csv,25fd98b3f13cd75d
2026-05-15,2026-05-15 14:31:32,2026-05-15 00:05:00,ae774ca12a4425e9,ae774ca12a4425e9_diesel_regular,PNEUCOM-COM.SERV.ASSIST.AUT.2,GALP,diesel_regular,Gasóleo simples,Outro,2.059,Amadora,Lisboa,Rua Elias Garcia nº 242-244,Amadora,2700-333,38.758042,-9.22941,pneucom-com.serv.assist.aut.2,galp,rua elias garcia nº 242-244,"2,059 €",2026-05-15_dgeg_postos_raw.csv,013cc37b7516b3c2
2026-05-15,2026-05-15 14:31:32,2026-05-15 00:05:00,ae774ca12a4425e9,ae774ca12a4425e9_diesel_premium,PNEUCOM-COM.SERV.ASSIST.AUT.2,GALP,diesel_premium,Gasóleo especial,Outro,2.109,Amadora,Lisboa,Rua Elias Garcia nº 242-244,Amadora,2700-333,38.758042,-9.22941,pneucom-com.serv.assist.aut.2,galp,rua elias garcia nº 242-244,"2,109 €",2026-05-15_dgeg_postos_raw.csv,d3d593a6146c80da
2026-05-15,2026-05-15 14:31:32,2026-05-15 00:05:00,ae774ca12a4425e9,ae774ca12a4425e9_gasoline_95,PNEUCOM-COM.SERV.ASSIST.AUT.2,GALP,gasoline_95,Gasolina simples 95,Outro,2.051,Amadora,Lisboa,Rua Elias Garcia nº 242-244,Amadora,2700-333,38.758042,-9.22941,pneucom-com.serv.assist.aut.2,galp,rua elias garcia nº 242-244,"2,051 €",2026-05-15_dgeg_postos_raw.csv,b3b04bb3b853afd9
2026-05-15,2026-05-15 14:31:32,2026-05-15 00:05:00,1e7776de1bcf5eab,1e7776de1bcf5eab_diesel_regular,"Petromaranus - Com. Comb.,Lda.",GALP,diesel_regular,Gasóleo simples,Outro,2.055,Amarante,Porto,EN 15 - Lugar da Rampa Alta,Rampa Alta,4600-275,41.279994,-8.082825,"petromaranus - com. comb.,lda.",galp,en 15 - lugar da rampa alta,"2,055 €",2026-05-15_dgeg_postos_raw.csv,497fb81bd82ba7cf
2026-05-15,2026-05-15 14:31:32,2026-05-15 00:05:00,1e7776de1bcf5eab,1e7776de1bcf5eab_diesel_premium,"Petromaranus - Com. Comb.,Lda.",GALP,diesel_premium,Gasóleo especial,Outro,2.105,Amarante,Porto,EN 15 - Lugar da Rampa Alta,Rampa Alta,4600-275,41.279994,-8.082825,"petromaranus - com. comb.,lda.",galp,en 15 - lugar da rampa alta,"2,105 €",2026-05-15_dgeg_postos_raw.csv,3f8f6fe83ebe57db
2026-05-15,2026-05-15 14:31:32,2026-05-15 00:05:00,1e7776de1bcf5eab,1e7776de1bcf5eab_gasoline_95,"Petromaranus - Com. Comb.,Lda.",GALP,gasoline_95,Gasolina simples 95,Outro,2.051,Amarante,Porto,EN 15 - Lugar da Rampa Alta,Rampa Alta,4600-275,41.279994,-8.082825,"petromaranus - com. comb.,lda.",galp,en 15 - lugar da rampa alta,"2,051 €",2026-05-15_dgeg_postos_raw.csv,f17b8fcfeb9e0d81
2026-05-15,2026-05-15 14:31:32,2026-05-15 00:05:00,dab738c1f1bb5f53,dab738c1f1bb5f53_diesel_regular,"Irmãos Barbosa Macedo, Lda.",GALP,diesel_regular,Gasóleo simples,Outro,2.025,Amares,Braga,"EN 205, Km 50 - Feira Nova",Ferreiros,4720-000,41.62729,-8.36911,"irmãos barbosa macedo, lda.",galp,"en 205, km 50 - feira nova","2,025 €",2026-05-15_dgeg_postos_raw.csv,502c65c260cfdc37
2026-05-15,2026-05-15 14:31:32,2026-05-15 00:05:00,dab738c1f1bb5f53,dab738c1f1bb5f53_diesel_premium,"Irmãos Barbosa Macedo, Lda.",GALP,diesel_premium,Gasóleo especial,Outro,2.075,Amares,Braga,"EN 205, Km 50 - Feira Nova",Ferreiros,4720-000,41.62729,-8.36911,"irmãos barbosa macedo, lda.",galp,"en 205, km 50 - feira nova","2,075 €",2026-05-15_dgeg_postos_raw.csv,19eb878a8ecc7bbd
2026-05-15,2026-05-15 14:31:32,2026-05-15 00:05:00,dab738c1f1bb5f53,dab738c1f1bb5f53_gasoline_95,"Irmãos Barbosa Macedo, Lda.",GALP,gasoline_95,Gasolina simples 95,Outro,2.021,Amares,Braga,"EN 205, Km 50 - Feira Nova",Ferreiros,4720-000,41.62729,-8.36911,"irmãos barbosa macedo, lda.",galp,"en 205, km 50 - feira nova","2,021 €",2026-05-15_dgeg_postos_raw.csv,00026d0867ec8647
2026-05-15,2026-05-15 14:31:32,2026-05-15 00:05:00,7e8b423a4be0f413,7e8b423a4be0f413_diesel_regular,"Mendes & Loureiro, Lda",GALP,diesel_regular,Gasóleo simples,Outro,2.069,Anadia,Aveiro,EN 1 Km 217,Malaposta,3780-294,40.44767,-8.45153,"mendes & loureiro, lda",galp,en 1 km 217,"2,069 €",2026-05-15_dgeg_postos_raw.csv,263d390b61ca389c
2026-05-15,2026-05-15 14:31:32,2026-05-15 00:05:00,7e8b423a4be0f413,7e8b423a4be0f413_diesel_premium,"Mendes & Loureiro, Lda",GALP,diesel_premium,Gasóleo especial,Outro,2.129,Anadia,Aveiro,EN 1 Km 217,Malaposta,3780-294,40.44767,-8.45153,"mendes & loureiro, lda",galp,en 1 km 217,"2,129 €",2026-05-15_dgeg_postos_raw.csv,de7686d32ea108db
2026-05-15,2026-05-15 14:31:32,2026-05-15 00:05:00,7e8b423a4be0f413,7e8b423a4be0f413_gasoline_95,"Mendes & Loureiro, Lda",GALP,gasoline_95,Gasolina simples 95,Outro,2.061,Anadia,Aveiro,EN 1 Km 217,Malaposta,3780-294,40.44767,-8.45153,"mendes & loureiro, lda",galp,en 1 km 217,"2,061 €",2026-05-15_dgeg_postos_raw.csv,380181fb8fc0a774
2026-05-15,2026-05-15 14:31:32,2026-05-15 00:05:00,7e8b423a4be0f413,7e8b423a4be0f413_gasoline_98,"Mendes & Loureiro, Lda",GALP,gasoline_98,Gasolina especial 98,Outro,2.271,Anadia,Aveiro,EN 1 Km 217,Malaposta,3780-294,40.44767,-8.45153,"mendes & loureiro, lda",galp,en 1 km 217,"2,271 €",2026-05-15_dgeg_postos_raw.csv,d1343696f3195150
2026-05-15,2026-05-15 14:31:32,2026-05-15 00:05:00,7ee03c7d2a21ab93,7ee03c7d2a21ab93_diesel_regular,"MTPRINO & FILHOS, LDA",GALP,diesel_regular,Gasóleo simples,Outro,2.079,Cascais,Lisboa,"EN 249-4 Km 9,77",Abóboda,2785-654,38.722635,-9.337358,"mtprino & filhos, lda",galp,"en 249-4 km 9,77","2,079 €",2026-05-15_dgeg_postos_raw.csv,7b0b419bb6e4f827
2026-05-15,2026-05-15 14:31:32,2026-05-15 00:05:00,7ee03c7d2a21ab93,7ee03c7d2a21ab93_diesel_premium,"MTPRINO & FILHOS, LDA",GALP,diesel_premium,Gasóleo especial,Outro,2.129,Cascais,Lisboa,"EN 249-4 Km 9,77",Abóboda,2785-654,38.722635,-9.337358,"mtprino & filhos, lda",galp,"en 249-4 km 9,77","2,129 €",2026-05-15_dgeg_postos_raw.csv,bd382d0f51767a08
2026-05-15,2026-05-15 14:31:32,2026-05-15 00:05:00,7ee03c7d2a21ab93,7ee03c7d2a21ab93_gasoline_95,"MTPRINO & FILHOS, LDA",GALP,gasoline_95,Gasolina simples 95,Outro,2.076,Cascais,Lisboa,"EN 249-4 Km 9,77",Abóboda,2785-654,38.722635,-9.337358,"mtprino & filhos, lda",galp,"en 249-4 km 9,77","2,076 €",2026-05-15_dgeg_postos_raw.csv,c23f17a625d01c5e
2026-05-15,2026-05-15 14:31:32,2026-05-15 00:05:00,37097a4a75707841,37097a4a75707841_diesel_regular,Chamauto Soc. Transmont. Aut. Lda,GALP,diesel_regular,Gasóleo simples,Outro,2.079,Bragança,Bragança,Rua Alexandre Herculano,Bragança,5300-075,41.80268,-6.75939,chamauto soc. transmont. aut. lda,galp,rua alexandre herculano,"2,079 €",2026-05-15_dgeg_postos_raw.csv,012c5d003e9cc224
2026-05-15,2026-05-15 14:31:32,2026-05-15 00:05:00,37097a4a75707841,37097a4a75707841_diesel_premium,Chamauto Soc. Transmont. Aut. Lda,GALP,diesel_premium,Gasóleo especial,Outro,2.129,Bragança,Bragança,Rua Alexandre Herculano,Bragança,5300-075,41.80268,-6.75939,chamauto soc. transmont. aut. lda,galp,rua alexandre herculano,"2,129 €",2026-05-15_dgeg_postos_raw.csv,48f308ca3691c7a0
2026-05-15,2026-05-15 14:31:32,2026-05-15 00:05:00,37097a4a75707841,37097a4a75707841_gasoline_95,Chamauto Soc. Transmont. Aut. Lda,GALP,gasoline_95,Gasolina simples 95,Outro,2.072,Bragança,Bragança,Rua Alexandre Herculano,Bragança,5300-075,41.80268,-6.75939,chamauto soc. transmont. aut. lda,galp,rua alexandre herculano,"2,072 €",2026-05-15_dgeg_postos_raw.csv,3004261cab49f897
2026-05-15,2026-05-15 14:31:32,2026-05-15 00:05:00,37097a4a75707841,37097a4a75707841_gasoline_98,Chamauto Soc. Transmont. Aut. Lda,GALP,gasoline_98,Gasolina especial 98,Outro,2.282,Bragança,Bragança,Rua Alexandre Herculano,Bragança,5300-075,41.80268,-6.75939,chamauto soc. transmont. aut. lda,galp,rua alexandre herculano,"2,282 €",2026-05-15_dgeg_postos_raw.csv,088a4a176c457007
2026-05-15,2026-05-15 14:31:32,2026-05-15 00:05:00,9067361e8de0744a,9067361e8de0744a_diesel_regular,"Fernando Gonc. Ferreira Herd.,Lda",GALP,diesel_regular,Gasóleo simples,Outro,2.055,Cabeceiras de Basto,Braga,"EN 205 Km 102,5",Cabeceiras de Basto,4860-000,41.51492,-7.99216,"fernando gonc. ferreira herd.,lda",galp,"en 205 km 102,5","2,055 €",2026-05-15_dgeg_postos_raw.csv,64ff4a4fe2836ea9
2026-05-15,2026-05-15 14:31:32,2026-05-15 00:05:00,9067361e8de0744a,9067361e8de0744a_diesel_premium,"Fernando Gonc. Ferreira Herd.,Lda",GALP,diesel_premium,Gasóleo especial,Outro,2.115,Cabeceiras de Basto,Braga,"EN 205 Km 102,5",Cabeceiras de Basto,4860-000,41.51492,-7.99216,"fernando gonc. ferreira herd.,lda",galp,"en 205 km 102,5","2,115 €",2026-05-15_dgeg_postos_raw.csv,5d8ec1457e7e94bc
2026-05-15,2026-05-15 14:31:32,2026-05-15 00:05:00,9067361e8de0744a,9067361e8de0744a_gasoline_95,"Fernando Gonc. Ferreira Herd.,Lda",GALP,gasoline_95,Gasolina simples 95,Outro,2.051,Cabeceiras de Basto,Braga,"EN 205 Km 102,5",Cabeceiras de Basto,4860-000,41.51492,-7.99216,"fernando gonc. ferreira herd.,lda",galp,"en 205 km 102,5","2,051 €",2026-05-15_dgeg_postos_raw.csv,29633c4c37e9d652
2026-05-15,2026-05-15 14:31:32,2026-05-15 00:05:00,965228816adc89a3,965228816adc89a3_diesel_regular,GALP LAVRADIO,GALP,diesel_regular,Gasóleo simples,Outro,2.029,Barreiro,Setúbal,Av. Nacionalizações,Lavradio,2835-904,38.666591,-9.056689,galp lavradio,galp,av. nacionalizações,"2,029 €",2026-05-15_dgeg_postos_raw.csv,cdccdea1280e977b
2026-05-15,2026-05-15 14:31:32,2026-05-15 00:05:00,965228816adc89a3,965228816adc89a3_diesel_premium,GALP LAVRADIO,GALP,diesel_premium,Gasóleo especial,Outro,2.079,Barreiro,Setúbal,Av. Nacionalizações,Lavradio,2835-904,38.666591,-9.056689,galp lavradio,galp,av. nacionalizações,"2,079 €",2026-05-15_dgeg_postos_raw.csv,4eb7c0846209a3f9
2026-05-15,2026-05-15 14:31:32,2026-05-15 00:05:00,965228816adc89a3,965228816adc89a3_gasoline_95,GALP LAVRADIO,GALP,gasoline_95,Gasolina simples 95,Outro,2.026,Barreiro,Setúbal,Av. Nacionalizações,Lavradio,2835-904,38.666591,-9.056689,galp lavradio,galp,av. nacionalizações,"2,026 €",2026-05-15_dgeg_postos_raw.csv,6d2503834a4e9a4c
2026-05-15,2026-05-15 14:31:32,2026-05-15 00:05:00,965228816adc89a3,965228816adc89a3_gasoline_98,GALP LAVRADIO,GALP,gasoline_98,Gasolina especial 98,Outro,2.236,Barreiro,Setúbal,Av. Nacionalizações,Lavradio,2835-904,38.666591,-9.056689,galp lavradio,galp,av. nacionalizações,"2,236 €",2026-05-15_dgeg_postos_raw.csv,36f25dce6eb95334
2026-05-15,2026-05-15 14:31:32,2026-05-15 00:05:00,e2e0dbffe0264728,e2e0dbffe0264728_diesel_regular,"AUTO PROGRESSO DA BATALHA, LDA.",GALP,diesel_regular,Gasóleo simples,Outro,2.079,Batalha,Leiria,"EN 356 (Estrada de Fátima) Km 13,7",Batalha,2440-100,39.65679,-8.82218,"auto progresso da batalha, lda.",galp,"en 356 (estrada de fátima) km 13,7","2,079 €",2026-05-15_dgeg_postos_raw.csv,29872ff281ea19c8
2026-05-15,2026-05-15 14:31:32,2026-05-15 00:05:00,e2e0dbffe0264728,e2e0dbffe0264728_diesel_premium,"AUTO PROGRESSO DA BATALHA, LDA.",GALP,diesel_premium,Gasóleo especial,Outro,2.139,Batalha,Leiria,"EN 356 (Estrada de Fátima) Km 13,7",Batalha,2440-100,39.65679,-8.82218,"auto progresso da batalha, lda.",galp,"en 356 (estrada de fátima) km 13,7","2,139 €",2026-05-15_dgeg_postos_raw.csv,9ea7565847ca7db6
2026-05-15,2026-05-15 14:31:32,2026-05-15 00:05:00,e2e0dbffe0264728,e2e0dbffe0264728_gasoline_95,"AUTO PROGRESSO DA BATALHA, LDA.",GALP,gasoline_95,Gasolina simples 95,Outro,2.072,Batalha,Leiria,"EN 356 (Estrada de Fátima) Km 13,7",Batalha,2440-100,39.65679,-8.82218,"auto progresso da batalha, lda.",galp,"en 356 (estrada de fátima) km 13,7","2,072 €",2026-05-15_dgeg_postos_raw.csv,82470c4df6da04ab
2026-05-15,2026-05-15 14:31:32,2026-05-15 00:05:00,036f27fac7452ec8,036f27fac7452ec8_diesel_regular,"L. A. CAMEIRINHA, LDA",GALP,diesel_regular,Gasóleo simples,Outro,2.055,Beja,Beja,Av. Fialho de Almeida,Beja,7800-395,38.00534,-7.86542,"l. a. cameirinha, lda",galp,av. fialho de almeida,"2,055 €",2026-05-15_dgeg_postos_raw.csv,5613c477d7753ce3
2026-05-15,2026-05-15 14:31:32,2026-05-15 00:05:00,036f27fac7452ec8,036f27fac7452ec8_diesel_premium,"L. A. CAMEIRINHA, LDA",GALP,diesel_premium,Gasóleo especial,Outro,2.105,Beja,Beja,Av. Fialho de Almeida,Beja,7800-395,38.00534,-7.86542,"l. a. cameirinha, lda",galp,av. fialho de almeida,"2,105 €",2026-05-15_dgeg_postos_raw.csv,78427e45558a49d9
2026-05-15,2026-05-15 14:31:32,2026-05-15 00:05:00,036f27fac7452ec8,036f27fac7452ec8_gasoline_95,"L. A. CAMEIRINHA, LDA",GALP,gasoline_95,Gasolina simples 95,Outro,2.061,Beja,Beja,Av. Fialho de Almeida,Beja,7800-395,38.00534,-7.86542,"l. a. cameirinha, lda",galp,av. fialho de almeida,"2,061 €",2026-05-15_dgeg_postos_raw.csv,c9978079db69915b
2026-05-15,2026-05-15 14:31:32,2026-05-15 00:05:00,036f27fac7452ec8,036f27fac7452ec8_gasoline_98,"L. A. CAMEIRINHA, LDA",GALP,gasoline_98,Gasolina especial 98,Outro,2.271,Beja,Beja,Av. Fialho de Almeida,Beja,7800-395,38.00534,-7.86542,"l. a. cameirinha, lda",galp,av. fialho de almeida,"2,271 €",2026-05-15_dgeg_postos_raw.csv,c15dc38f72e38191
2026-05-15,2026-05-15 14:31:32,2026-05-15 00:05:00,3b07edb7c814f650,3b07edb7c814f650_diesel_regular,FRANCISCO ANTÓNIO CORDEIRO,GALP,diesel_regular,Gasóleo simples,Outro,2.055,Benavente,Santarém,EN 118 Km 33,Samora Correia,2135-206,38.9319,-8.87612,francisco antónio cordeiro,galp,en 118 km 33,"2,055 €",2026-05-15_dgeg_postos_raw.csv,54b2a42d533b3b93
2026-05-15,2026-05-15 14:31:32,2026-05-15 00:05:00,3b07edb7c814f650,3b07edb7c814f650_diesel_premium,FRANCISCO ANTÓNIO CORDEIRO,GALP,diesel_premium,Gasóleo especial,Outro,2.105,Benavente,Santarém,EN 118 Km 33,Samora Correia,2135-206,38.9319,-8.87612,francisco antónio cordeiro,galp,en 118 km 33,"2,105 €",2026-05-15_dgeg_postos_raw.csv,ba1ff39bae263429
2026-05-15,2026-05-15 14:31:32,2026-05-15 00:05:00,3b07edb7c814f650,3b07edb7c814f650_gasoline_95,FRANCISCO ANTÓNIO CORDEIRO,GALP,gasoline_95,Gasolina simples 95,Outro,2.051,Benavente,Santarém,EN 118 Km 33,Samora Correia,2135-206,38.9319,-8.87612,francisco antónio cordeiro,galp,en 118 km 33,"2,051 €",2026-05-15_dgeg_postos_raw.csv,333472e8a532103c
2026-05-15,2026-05-15 14:31:32,2026-05-15 00:05:00,3b07edb7c814f650,3b07edb7c814f650_gasoline_98,FRANCISCO ANTÓNIO CORDEIRO,GALP,gasoline_98,Gasolina especial 98,Outro,2.261,Benavente,Santarém,EN 118 Km 33,Samora Correia,2135-206,38.9319,-8.87612,francisco antónio cordeiro,galp,en 118 km 33,"2,261 €",2026-05-15_dgeg_postos_raw.csv,71c12570a9970d53
2026-05-15,2026-05-15 14:31:32,2026-05-15 00:05:00,53603a856d6f2ed6,53603a856d6f2ed6_diesel_regular,"LEAL & LEAL, LDA.",GALP,diesel_regular,Gasóleo simples,Outro,2.079,Bombarral,Leiria,EN 361 (Rotunda de Acesso ao IC 1),Bombarral,2540-000,39.2616,-9.15848,"leal & leal, lda.",galp,en 361 (rotunda de acesso ao ic 1),"2,079 €",2026-05-15_dgeg_postos_raw.csv,ad3141d7a2d0e4f9
2026-05-15,2026-05-15 14:31:32,2026-05-15 00:05:00,53603a856d6f2ed6,53603a856d6f2ed6_diesel_premium,"LEAL & LEAL, LDA.",GALP,diesel_premium,Gasóleo especial,Outro,2.129,Bombarral,Leiria,EN 361 (Rotunda de Acesso ao IC 1),Bombarral,2540-000,39.2616,-9.15848,"leal & leal, lda.",galp,en 361 (rotunda de acesso ao ic 1),"2,129 €",2026-05-15_dgeg_postos_raw.csv,c5b72fc372a55388
2026-05-15,2026-05-15 14:31:32,2026-05-15 00:05:00,53603a856d6f2ed6,53603a856d6f2ed6_gasoline_95,"LEAL & LEAL, LDA.",GALP,gasoline_95,Gasolina simples 95,Outro,2.072,Bombarral,Leiria,EN 361 (Rotunda de Acesso ao IC 1),Bombarral,2540-000,39.2616,-9.15848,"leal & leal, lda.",galp,en 361 (rotunda de acesso ao ic 1),"2,072 €",2026-05-15_dgeg_postos_raw.csv,21bed6fb1605ae6b
2026-05-15,2026-05-15 14:31:32,2026-05-15 00:05:00,f2fe41d2881b6d44,f2fe41d2881b6d44_diesel_regular,"Santos da Cunha 6 - Logística e Transportes, Lda",GALP,diesel_regular,Gasóleo simples,Outro,2.029,Braga,Braga,"Largo de Madre Deus - EN 103, Km 39,95",Maximinos,4700-228,41.542685,-8.435685,"santos da cunha 6 - logística e transportes, lda",galp,"largo de madre deus - en 103, km 39,95","2,029 €",2026-05-15_dgeg_postos_raw.csv,8af43216c9a07c57
2026-05-15,2026-05-15 14:31:32,2026-05-15 00:05:00,f2fe41d2881b6d44,f2fe41d2881b6d44_diesel_premium,"Santos da Cunha 6 - Logística e Transportes, Lda",GALP,diesel_premium,Gasóleo especial,Outro,2.079,Braga,Braga,"Largo de Madre Deus - EN 103, Km 39,95",Maximinos,4700-228,41.542685,-8.435685,"santos da cunha 6 - logística e transportes, lda",galp,"largo de madre deus - en 103, km 39,95","2,079 €",2026-05-15_dgeg_postos_raw.csv,54ae14c4e653c157
2026-05-15,2026-05-15 14:31:32,2026-05-15 00:05:00,f2fe41d2881b6d44,f2fe41d2881b6d44_gasoline_95,"Santos da Cunha 6 - Logística e Transportes, Lda",GALP,gasoline_95,Gasolina simples 95,Outro,2.026,Braga,Braga,"Largo de Madre Deus - EN 103, Km 39,95",Maximinos,4700-228,41.542685,-8.435685,"santos da cunha 6 - logística e transportes, lda",galp,"largo de madre deus - en 103, km 39,95","2,026 €",2026-05-15_dgeg_postos_raw.csv,a61e82415ab72964
2026-05-15,2026-05-15 14:31:32,2026-05-15 00:05:00,6504ca275b7df333,6504ca275b7df333_diesel_regular,"Santos da Cunha 6 - Logística e Transportes, Lda.",GALP,diesel_regular,Gasóleo simples,Outro,2.029,Braga,Braga,"EN 201 - Km 60,720 - Lugar da Estrada",São Pedro de Merelim,4700-000,41.58406,-8.45472,"santos da cunha 6 - logística e transportes, lda.",galp,"en 201 - km 60,720 - lugar da estrada","2,029 €",2026-05-15_dgeg_postos_raw.csv,eab7beb6129d0b02
2026-05-15,2026-05-15 14:31:32,2026-05-15 00:05:00,6504ca275b7df333,6504ca275b7df333_diesel_premium,"Santos da Cunha 6 - Logística e Transportes, Lda.",GALP,diesel_premium,Gasóleo especial,Outro,2.079,Braga,Braga,"EN 201 - Km 60,720 - Lugar da Estrada",São Pedro de Merelim,4700-000,41.58406,-8.45472,"santos da cunha 6 - logística e transportes, lda.",galp,"en 201 - km 60,720 - lugar da estrada","2,079 €",2026-05-15_dgeg_postos_raw.csv,b687ac63e2ef1cee
2026-05-15,2026-05-15 14:31:32,2026-05-15 00:05:00,6504ca275b7df333,6504ca275b7df333_gasoline_95,"Santos da Cunha 6 - Logística e Transportes, Lda.",GALP,gasoline_95,Gasolina simples 95,Outro,2.026,Braga,Braga,"EN 201 - Km 60,720 - Lugar da Estrada",São Pedro de Merelim,4700-000,41.58406,-8.45472,"santos da cunha 6 - logística e transportes, lda.",galp,"en 201 - km 60,720 - lugar da estrada","2,026 €",2026-05-15_dgeg_postos_raw.csv,54d4cebadfbeed7a
2026-05-15,2026-05-15 14:31:32,2026-05-15 00:05:00,172d4dd56c078b65,172d4dd56c078b65_diesel_regular,"Santos da Cunha 6 -  Logística e Transportes, Lda.",GALP,diesel_regular,Gasóleo simples,Outro,2.029,Braga,Braga,EN 14 - Av. João Paulo II,Braga,4715-034,41.551822,-8.40931,"santos da cunha 6 - logística e transportes, lda.",galp,en 14 - av. joão paulo ii,"2,029 €",2026-05-15_dgeg_postos_raw.csv,7f4a7afd07d60bf6
2026-05-15,2026-05-15 14:31:32,2026-05-15 00:05:00,172d4dd56c078b65,172d4dd56c078b65_diesel_premium,"Santos da Cunha 6 -  Logística e Transportes, Lda.",GALP,diesel_premium,Gasóleo especial,Outro,2.079,Braga,Braga,EN 14 - Av. João Paulo II,Braga,4715-034,41.551822,-8.40931,"santos da cunha 6 - logística e transportes, lda.",galp,en 14 - av. joão paulo ii,"2,079 €",2026-05-15_dgeg_postos_raw.csv,354e672630d0cf7e
2026-05-15,2026-05-15 14:31:32,2026-05-15 00:05:00,172d4dd56c078b65,172d4dd56c078b65_gasoline_95,"Santos da Cunha 6 -  Logística e Transportes, Lda.",GALP,gasoline_95,Gasolina simples 95,Outro,2.026,Braga,Braga,EN 14 - Av. João Paulo II,Braga,4715-034,41.551822,-8.40931,"santos da cunha 6 - logística e transportes, lda.",galp,en 14 - av. joão paulo ii,"2,026 €",2026-05-15_dgeg_postos_raw.csv,b9d4fffae538dba4
2026-05-15,2026-05-15 14:31:32,2026-05-15 00:05:00,7631a763e4022f71,7631a763e4022f71_diesel_regular,"PETROALVES,LDA",GALP,diesel_regular,Gasóleo simples,Outro,2.035,Caldas da Rainha,Leiria,Rua Infante D. Henrique nº 1,Casal Eira,2500-218,39.41097,-9.14347,"petroalves,lda",galp,rua infante d. henrique nº 1,"2,035 €",2026-05-15_dgeg_postos_raw.csv,5b7e180fbbbd3f79
2026-05-15,2026-05-15 14:31:32,2026-05-15 00:05:00,7631a763e4022f71,7631a763e4022f71_diesel_premium,"PETROALVES,LDA",GALP,diesel_premium,Gasóleo especial,Outro,2.085,Caldas da Rainha,Leiria,Rua Infante D. Henrique nº 1,Casal Eira,2500-218,39.41097,-9.14347,"petroalves,lda",galp,rua infante d. henrique nº 1,"2,085 €",2026-05-15_dgeg_postos_raw.csv,71019a9df6b11b6c
2026-05-15,2026-05-15 14:31:32,2026-05-15 00:05:00,7631a763e4022f71,7631a763e4022f71_gasoline_95,"PETROALVES,LDA",GALP,gasoline_95,Gasolina simples 95,Outro,2.031,Caldas da Rainha,Leiria,Rua Infante D. Henrique nº 1,Casal Eira,2500-218,39.41097,-9.14347,"petroalves,lda",galp,rua infante d. henrique nº 1,"2,031 €",2026-05-15_dgeg_postos_raw.csv,ff1fc8eeb40df0e2
2026-05-15,2026-05-15 14:31:32,2026-05-15 00:05:00,7631a763e4022f71,7631a763e4022f71_gasoline_98,"PETROALVES,LDA",GALP,gasoline_98,Gasolina especial 98,Outro,2.241,Caldas da Rainha,Leiria,Rua Infante D. Henrique nº 1,Casal Eira,2500-218,39.41097,-9.14347,"petroalves,lda",galp,rua infante d. henrique nº 1,"2,241 €",2026-05-15_dgeg_postos_raw.csv,0eee4ed0a575caea
2026-05-15,2026-05-15 14:31:32,2026-05-15 00:05:00,c3316f9ec39da3c8,c3316f9ec39da3c8_diesel_regular,"MARIA MANUELA P. RIBEIRO, LDA.",GALP,diesel_regular,Gasóleo simples,Outro,2.035,Caldas da Rainha,Leiria,"EN 8 Km 92,03",Caldas da Rainha,2500-000,39.41623,-9.13342,"maria manuela p. ribeiro, lda.",galp,"en 8 km 92,03","2,035 €",2026-05-15_dgeg_postos_raw.csv,c239896ccdb71aa9
2026-05-15,2026-05-15 14:31:32,2026-05-15 00:05:00,c3316f9ec39da3c8,c3316f9ec39da3c8_diesel_premium,"MARIA MANUELA P. RIBEIRO, LDA.",GALP,diesel_premium,Gasóleo especial,Outro,2.085,Caldas da Rainha,Leiria,"EN 8 Km 92,03",Caldas da Rainha,2500-000,39.41623,-9.13342,"maria manuela p. ribeiro, lda.",galp,"en 8 km 92,03","2,085 €",2026-05-15_dgeg_postos_raw.csv,29a6c1b5e6c78e1e
2026-05-15,2026-05-15 14:31:32,2026-05-15 00:05:00,c3316f9ec39da3c8,c3316f9ec39da3c8_gasoline_95,"MARIA MANUELA P. RIBEIRO, LDA.",GALP,gasoline_95,Gasolina simples 95,Outro,2.031,Caldas da Rainha,Leiria,"EN 8 Km 92,03",Caldas da Rainha,2500-000,39.41623,-9.13342,"maria manuela p. ribeiro, lda.",galp,"en 8 km 92,03","2,031 €",2026-05-15_dgeg_postos_raw.csv,57d427af48e275fb
2026-05-15,2026-05-15 14:31:32,2026-05-15 00:05:00,d355089cd688e5a7,d355089cd688e5a7_diesel_regular,"Maxiposto - Gestão P. A. de Combustíveis, Lda.",GALP,diesel_regular,Gasóleo simples,Outro,2.035,Caminha,Viana do Castelo,"EN 13, Km 89,02",Mata Camarido,4910-180,41.86046,-8.8541,"maxiposto - gestão p. a. de combustíveis, lda.",galp,"en 13, km 89,02","2,035 €",2026-05-15_dgeg_postos_raw.csv,959d70d4b20462ed
2026-05-15,2026-05-15 14:31:32,2026-05-15 00:05:00,d355089cd688e5a7,d355089cd688e5a7_diesel_premium,"Maxiposto - Gestão P. A. de Combustíveis, Lda.",GALP,diesel_premium,Gasóleo especial,Outro,2.085,Caminha,Viana do Castelo,"EN 13, Km 89,02",Mata Camarido,4910-180,41.86046,-8.8541,"maxiposto - gestão p. a. de combustíveis, lda.",galp,"en 13, km 89,02","2,085 €",2026-05-15_dgeg_postos_raw.csv,291500a91be91b9f
2026-05-15,2026-05-15 14:31:32,2026-05-15 00:05:00,d355089cd688e5a7,d355089cd688e5a7_gasoline_95,"Maxiposto - Gestão P. A. de Combustíveis, Lda.",GALP,gasoline_95,Gasolina simples 95,Outro,2.031,Caminha,Viana do Castelo,"EN 13, Km 89,02",Mata Camarido,4910-180,41.86046,-8.8541,"maxiposto - gestão p. a. de combustíveis, lda.",galp,"en 13, km 89,02","2,031 €",2026-05-15_dgeg_postos_raw.csv,057572f1e463339d
2026-05-15,2026-05-15 14:31:32,2026-05-15 00:05:00,a1c2b7cae609db5d,a1c2b7cae609db5d_diesel_regular,JULIO OLIVEIRA & FOSDA (2),GALP,diesel_regular,Gasóleo simples,Outro,2.019,Cantanhede,Coimbra,EN 109,Tocha,3065-000,40.31181,-8.75441,julio oliveira & fosda (2),galp,en 109,"2,019 €",2026-05-15_dgeg_postos_raw.csv,4ea22c2ec7db0825
2026-05-15,2026-05-15 14:31:32,2026-05-15 00:05:00,a1c2b7cae609db5d,a1c2b7cae609db5d_diesel_premium,JULIO OLIVEIRA & FOSDA (2),GALP,diesel_premium,Gasóleo especial,Outro,2.069,Cantanhede,Coimbra,EN 109,Tocha,3065-000,40.31181,-8.75441,julio oliveira & fosda (2),galp,en 109,"2,069 €",2026-05-15_dgeg_postos_raw.csv,ccaa6c168c94429b
2026-05-15,2026-05-15 14:31:32,2026-05-15 00:05:00,a1c2b7cae609db5d,a1c2b7cae609db5d_gasoline_95,JULIO OLIVEIRA & FOSDA (2),GALP,gasoline_95,Gasolina simples 95,Outro,2.017,Cantanhede,Coimbra,EN 109,Tocha,3065-000,40.31181,-8.75441,julio oliveira & fosda (2),galp,en 109,"2,017 €",2026-05-15_dgeg_postos_raw.csv,05afc1acef7e4490
2026-05-15,2026-05-15 14:31:32,2026-05-15 00:05:00,7be51447813da4d8,7be51447813da4d8_diesel_regular,"Estação das  Colinas, Unipessoal, Lda",GALP,diesel_regular,Gasóleo simples,Outro,2.015,Cantanhede,Coimbra,"EN 234 Km 17,1",Anabá,3060-000,40.35054,-8.5794,"estação das colinas, unipessoal, lda",galp,"en 234 km 17,1","2,015 €",2026-05-15_dgeg_postos_raw.csv,cb329e5e3b34f9d2
2026-05-15,2026-05-15 14:31:32,2026-05-15 00:05:00,7be51447813da4d8,7be51447813da4d8_diesel_premium,"Estação das  Colinas, Unipessoal, Lda",GALP,diesel_premium,Gasóleo especial,Outro,2.065,Cantanhede,Coimbra,"EN 234 Km 17,1",Anabá,3060-000,40.35054,-8.5794,"estação das colinas, unipessoal, lda",galp,"en 234 km 17,1","2,065 €",2026-05-15_dgeg_postos_raw.csv,474bf2df5fe1cdca
2026-05-15,2026-05-15 14:31:32,2026-05-15 00:05:00,7be51447813da4d8,7be51447813da4d8_gasoline_95,"Estação das  Colinas, Unipessoal, Lda",GALP,gasoline_95,Gasolina simples 95,Outro,2.021,Cantanhede,Coimbra,"EN 234 Km 17,1",Anabá,3060-000,40.35054,-8.5794,"estação das colinas, unipessoal, lda",galp,"en 234 km 17,1","2,021 €",2026-05-15_dgeg_postos_raw.csv,7118c9d5b49242b4
2026-05-15,2026-05-15 14:31:32,2026-05-15 00:05:00,7be51447813da4d8,7be51447813da4d8_gasoline_98,"Estação das  Colinas, Unipessoal, Lda",GALP,gasoline_98,Gasolina especial 98,Outro,2.231,Cantanhede,Coimbra,"EN 234 Km 17,1",Anabá,3060-000,40.35054,-8.5794,"estação das colinas, unipessoal, lda",galp,"en 234 km 17,1","2,231 €",2026-05-15_dgeg_postos_raw.csv,704613d61e422633
2026-05-15,2026-05-15 14:31:32,2026-05-15 00:05:00,de7835e22cac023c,de7835e22cac023c_diesel_regular,JULIO OLIVEIRA & FOSDA (1),GALP,diesel_regular,Gasóleo simples,Outro,2.019,Cantanhede,Coimbra,"EN 109 Km 97,46",Tocha,3065-000,40.311693,-8.754109,julio oliveira & fosda (1),galp,"en 109 km 97,46","2,019 €",2026-05-15_dgeg_postos_raw.csv,f3ff5689e4e69660
2026-05-15,2026-05-15 14:31:32,2026-05-15 00:05:00,de7835e22cac023c,de7835e22cac023c_diesel_premium,JULIO OLIVEIRA & FOSDA (1),GALP,diesel_premium,Gasóleo especial,Outro,2.069,Cantanhede,Coimbra,"EN 109 Km 97,46",Tocha,3065-000,40.311693,-8.754109,julio oliveira & fosda (1),galp,"en 109 km 97,46","2,069 €",2026-05-15_dgeg_postos_raw.csv,0705d062e25775d0
2026-05-15,2026-05-15 14:31:32,2026-05-15 00:05:00,de7835e22cac023c,de7835e22cac023c_gasoline_95,JULIO OLIVEIRA & FOSDA (1),GALP,gasoline_95,Gasolina simples 95,Outro,2.017,Cantanhede,Coimbra,"EN 109 Km 97,46",Tocha,3065-000,40.311693,-8.754109,julio oliveira & fosda (1),galp,"en 109 km 97,46","2,017 €",2026-05-15_dgeg_postos_raw.csv,b6f8ae18e5f0f9a1
2026-05-15,2026-05-15 14:31:32,2026-05-15 00:05:00,de7835e22cac023c,de7835e22cac023c_gasoline_98,JULIO OLIVEIRA & FOSDA (1),GALP,gasoline_98,Gasolina especial 98,Outro,2.227,Cantanhede,Coimbra,"EN 109 Km 97,46",Tocha,3065-000,40.311693,-8.754109,julio oliveira & fosda (1),galp,"en 109 km 97,46","2,227 €",2026-05-15_dgeg_postos_raw.csv,b7a7de05b0d8f4ee
2026-05-15,2026-05-15 14:31:32,2026-05-15 00:05:00,7d7ccfc52522fbb0,7d7ccfc52522fbb0_diesel_regular,"J. M. CORDEIRO, LDA.",GALP,diesel_regular,Gasóleo simples,Outro,2.029,Cartaxo,Santarém,Rua Serpa Pinto nº 16,Cartaxo,2070-000,39.16094,-8.78627,"j. m. cordeiro, lda.",galp,rua serpa pinto nº 16,"2,029 €",2026-05-15_dgeg_postos_raw.csv,913734df189dc39b
2026-05-15,2026-05-15 14:31:32,2026-05-15 00:05:00,7d7ccfc52522fbb0,7d7ccfc52522fbb0_diesel_premium,"J. M. CORDEIRO, LDA.",GALP,diesel_premium,Gasóleo especial,Outro,2.079,Cartaxo,Santarém,Rua Serpa Pinto nº 16,Cartaxo,2070-000,39.16094,-8.78627,"j. m. cordeiro, lda.",galp,rua serpa pinto nº 16,"2,079 €",2026-05-15_dgeg_postos_raw.csv,56c36456fe70d38e
2026-05-15,2026-05-15 14:31:32,2026-05-15 00:05:00,7d7ccfc52522fbb0,7d7ccfc52522fbb0_gasoline_95,"J. M. CORDEIRO, LDA.",GALP,gasoline_95,Gasolina simples 95,Outro,2.026,Cartaxo,Santarém,Rua Serpa Pinto nº 16,Cartaxo,2070-000,39.16094,-8.78627,"j. m. cordeiro, lda.",galp,rua serpa pinto nº 16,"2,026 €",2026-05-15_dgeg_postos_raw.csv,875e6e1af59e3d4d
2026-05-15,2026-05-15 14:31:32,2026-05-15 00:05:00,fb2fa16e1c6d99c0,fb2fa16e1c6d99c0_diesel_regular,"São Januário . Com. Combustiveis, Lda",GALP,diesel_regular,Gasóleo simples,Outro,2.055,Cascais,Lisboa,"EN 247-5 Km 6,3",Alcoitão,2765-000,38.735434,-9.387309,"são januário . com. combustiveis, lda",galp,"en 247-5 km 6,3","2,055 €",2026-05-15_dgeg_postos_raw.csv,401b6c3948447829
2026-05-15,2026-05-15 14:31:32,2026-05-15 00:05:00,fb2fa16e1c6d99c0,fb2fa16e1c6d99c0_diesel_premium,"São Januário . Com. Combustiveis, Lda",GALP,diesel_premium,Gasóleo especial,Outro,2.105,Cascais,Lisboa,"EN 247-5 Km 6,3",Alcoitão,2765-000,38.735434,-9.387309,"são januário . com. combustiveis, lda",galp,"en 247-5 km 6,3","2,105 €",2026-05-15_dgeg_postos_raw.csv,c0dacbd3ff6e22de
2026-05-15,2026-05-15 14:31:32,2026-05-15 00:05:00,fb2fa16e1c6d99c0,fb2fa16e1c6d99c0_gasoline_95,"São Januário . Com. Combustiveis, Lda",GALP,gasoline_95,Gasolina simples 95,Outro,2.051,Cascais,Lisboa,"EN 247-5 Km 6,3",Alcoitão,2765-000,38.735434,-9.387309,"são januário . com. combustiveis, lda",galp,"en 247-5 km 6,3","2,051 €",2026-05-15_dgeg_postos_raw.csv,344c67dc84e693e5
2026-05-15,2026-05-15 14:31:32,2026-05-15 00:05:00,798a292318f69cc6,798a292318f69cc6_diesel_regular,"M & V SOUSA, LDA - TRAJOUCE",GALP,diesel_regular,Gasóleo simples,Outro,2.079,Cascais,Lisboa,"EN 294 Km 5,75",Trajouce,2785-653,38.735378,-9.338908,"m & v sousa, lda - trajouce",galp,"en 294 km 5,75","2,079 €",2026-05-15_dgeg_postos_raw.csv,915ac03463988f2b
2026-05-15,2026-05-15 14:31:32,2026-05-15 00:05:00,798a292318f69cc6,798a292318f69cc6_diesel_premium,"M & V SOUSA, LDA - TRAJOUCE",GALP,diesel_premium,Gasóleo especial,Outro,2.129,Cascais,Lisboa,"EN 294 Km 5,75",Trajouce,2785-653,38.735378,-9.338908,"m & v sousa, lda - trajouce",galp,"en 294 km 5,75","2,129 €",2026-05-15_dgeg_postos_raw.csv,bdfdc8654e130ce8
2026-05-15,2026-05-15 14:31:32,2026-05-15 00:05:00,798a292318f69cc6,798a292318f69cc6_gasoline_95,"M & V SOUSA, LDA - TRAJOUCE",GALP,gasoline_95,Gasolina simples 95,Outro,2.076,Cascais,Lisboa,"EN 294 Km 5,75",Trajouce,2785-653,38.735378,-9.338908,"m & v sousa, lda - trajouce",galp,"en 294 km 5,75","2,076 €",2026-05-15_dgeg_postos_raw.csv,a9495354aa2e2c9c
2026-05-15,2026-05-15 14:31:32,2026-05-15 00:05:00,798a292318f69cc6,798a292318f69cc6_gasoline_98,"M & V SOUSA, LDA - TRAJOUCE",GALP,gasoline_98,Gasolina especial 98,Outro,2.286,Cascais,Lisboa,"EN 294 Km 5,75",Trajouce,2785-653,38.735378,-9.338908,"m & v sousa, lda - trajouce",galp,"en 294 km 5,75","2,286 €",2026-05-15_dgeg_postos_raw.csv,2fe7c72e1950fa4f
2026-05-15,2026-05-15 14:31:32,2026-05-15 00:05:00,fc0ecc10af8a8634,fc0ecc10af8a8634_diesel_regular,"SOSEPOR, LDA.",GALP,diesel_regular,Gasóleo simples,Outro,2.029,Abrantes,Santarém,Av. Forças Armadas,São João,2200-300,39.46327,-8.20869,"sosepor, lda.",galp,av. forças armadas,"2,029 €",2026-05-15_dgeg_postos_raw.csv,4dad65f5cc694f6f
2026-05-15,2026-05-15 14:31:32,2026-05-15 00:05:00,fc0ecc10af8a8634,fc0ecc10af8a8634_diesel_premium,"SOSEPOR, LDA.",GALP,diesel_premium,Gasóleo especial,Outro,2.079,Abrantes,Santarém,Av. Forças Armadas,São João,2200-300,39.46327,-8.20869,"sosepor, lda.",galp,av. forças armadas,"2,079 €",2026-05-15_dgeg_postos_raw.csv,9797bd66bae4710b
2026-05-15,2026-05-15 14:31:32,2026-05-15 00:05:00,fc0ecc10af8a8634,fc0ecc10af8a8634_gasoline_95,"SOSEPOR, LDA.",GALP,gasoline_95,Gasolina simples 95,Outro,2.026,Abrantes,Santarém,Av. Forças Armadas,São João,2200-300,39.46327,-8.20869,"sosepor, lda.",galp,av. forças armadas,"2,026 €",2026-05-15_dgeg_postos_raw.csv,ce7da8b02a3fc7b8
2026-05-15,2026-05-15 14:31:32,2026-05-15 00:05:00,fc0ecc10af8a8634,fc0ecc10af8a8634_gasoline_98,"SOSEPOR, LDA.",GALP,gasoline_98,Gasolina especial 98,Outro,2.236,Abrantes,Santarém,Av. Forças Armadas,São João,2200-300,39.46327,-8.20869,"sosepor, lda.",galp,av. forças armadas,"2,236 €",2026-05-15_dgeg_postos_raw.csv,8b07da268e25795b
2026-05-15,2026-05-15 14:31:32,2026-05-15 00:05:00,4741912ef3b519d7,4741912ef3b519d7_diesel_regular,"Mendes & Loureiro - Comb. e Lubs., Lda (2)",GALP,diesel_regular,Gasóleo simples,Outro,2.055,Águeda,Aveiro,"EN 1 Km 237,1",Mourisca do Vouga,3744-909,40.61212,-8.46488,"mendes & loureiro - comb. e lubs., lda (2)",galp,"en 1 km 237,1","2,055 €",2026-05-15_dgeg_postos_raw.csv,8e966db24083ba9e
2026-05-15,2026-05-15 14:31:32,2026-05-15 00:05:00,4741912ef3b519d7,4741912ef3b519d7_diesel_premium,"Mendes & Loureiro - Comb. e Lubs., Lda (2)",GALP,diesel_premium,Gasóleo especial,Outro,2.105,Águeda,Aveiro,"EN 1 Km 237,1",Mourisca do Vouga,3744-909,40.61212,-8.46488,"mendes & loureiro - comb. e lubs., lda (2)",galp,"en 1 km 237,1","2,105 €",2026-05-15_dgeg_postos_raw.csv,b9938638e2f7fcf4
2026-05-15,2026-05-15 14:31:32,2026-05-15 00:05:00,4741912ef3b519d7,4741912ef3b519d7_gasoline_95,"Mendes & Loureiro - Comb. e Lubs., Lda (2)",GALP,gasoline_95,Gasolina simples 95,Outro,2.051,Águeda,Aveiro,"EN 1 Km 237,1",Mourisca do Vouga,3744-909,40.61212,-8.46488,"mendes & loureiro - comb. e lubs., lda (2)",galp,"en 1 km 237,1","2,051 €",2026-05-15_dgeg_postos_raw.csv,7326e48b27a4ab78
2026-05-15,2026-05-15 14:31:32,2026-05-15 00:05:00,b1b5381727539cfd,b1b5381727539cfd_diesel_regular,"Mendes & Loureiro - Comb. e Lubs., Lda (1)",GALP,diesel_regular,Gasóleo simples,Outro,2.055,Águeda,Aveiro,"EN 1 Km 237,1",Mourisca do Vouga,3744-909,40.61217,-8.46523,"mendes & loureiro - comb. e lubs., lda (1)",galp,"en 1 km 237,1","2,055 €",2026-05-15_dgeg_postos_raw.csv,1d540f7704b4947e
2026-05-15,2026-05-15 14:31:32,2026-05-15 00:05:00,b1b5381727539cfd,b1b5381727539cfd_diesel_premium,"Mendes & Loureiro - Comb. e Lubs., Lda (1)",GALP,diesel_premium,Gasóleo especial,Outro,2.105,Águeda,Aveiro,"EN 1 Km 237,1",Mourisca do Vouga,3744-909,40.61217,-8.46523,"mendes & loureiro - comb. e lubs., lda (1)",galp,"en 1 km 237,1","2,105 €",2026-05-15_dgeg_postos_raw.csv,01f012aabda8be24
2026-05-15,2026-05-15 14:31:32,2026-05-15 00:05:00,b1b5381727539cfd,b1b5381727539cfd_gasoline_95,"Mendes & Loureiro - Comb. e Lubs., Lda (1)",GALP,gasoline_95,Gasolina simples 95,Outro,2.051,Águeda,Aveiro,"EN 1 Km 237,1",Mourisca do Vouga,3744-909,40.61217,-8.46523,"mendes & loureiro - comb. e lubs., lda (1)",galp,"en 1 km 237,1","2,051 €",2026-05-15_dgeg_postos_raw.csv,553ab86b3be019dc
2026-05-15,2026-05-15 14:31:32,2026-05-15 00:05:00,b1b5381727539cfd,b1b5381727539cfd_gasoline_98,"Mendes & Loureiro - Comb. e Lubs., Lda (1)",GALP,gasoline_98,Gasolina especial 98,Outro,2.261,Águeda,Aveiro,"EN 1 Km 237,1",Mourisca do Vouga,3744-909,40.61217,-8.46523,"mendes & loureiro - comb. e lubs., lda (1)",galp,"en 1 km 237,1","2,261 €",2026-05-15_dgeg_postos_raw.csv,3027a8ac506509c7
2026-05-15,2026-05-15 14:31:32,2026-05-15 00:05:00,0314be78d15a8fdd,0314be78d15a8fdd_diesel_regular,"Lubrialbufeira, Lda.",GALP,diesel_regular,Gasóleo simples,Outro,2.079,Albufeira,Faro,EN 526,Vale de Azinheira,8200-315,37.10413,-8.192463,"lubrialbufeira, lda.",galp,en 526,"2,079 €",2026-05-15_dgeg_postos_raw.csv,2aa0cb97e9e3e589
2026-05-15,2026-05-15 14:31:32,2026-05-15 00:05:00,0314be78d15a8fdd,0314be78d15a8fdd_diesel_premium,"Lubrialbufeira, Lda.",GALP,diesel_premium,Gasóleo especial,Outro,2.129,Albufeira,Faro,EN 526,Vale de Azinheira,8200-315,37.10413,-8.192463,"lubrialbufeira, lda.",galp,en 526,"2,129 €",2026-05-15_dgeg_postos_raw.csv,ecb96aaf25423951
2026-05-15,2026-05-15 14:31:32,2026-05-15 00:05:00,0314be78d15a8fdd,0314be78d15a8fdd_gasoline_95,"Lubrialbufeira, Lda.",GALP,gasoline_95,Gasolina simples 95,Outro,2.072,Albufeira,Faro,EN 526,Vale de Azinheira,8200-315,37.10413,-8.192463,"lubrialbufeira, lda.",galp,en 526,"2,072 €",2026-05-15_dgeg_postos_raw.csv,895c6aeea71162ad
2026-05-15,2026-05-15 14:31:32,2026-05-15 00:05:00,7eb9d4494079e07f,7eb9d4494079e07f_diesel_regular,"José Bazelga e Aleluia, Lda.",GALP,diesel_regular,Gasóleo simples,Outro,2.065,Albufeira,Faro,"EN 270 Km 8,6",Purgatório,8200-498,37.17709,-8.21037,"josé bazelga e aleluia, lda.",galp,"en 270 km 8,6","2,065 €",2026-05-15_dgeg_postos_raw.csv,6428a0e84df3ac01
2026-05-15,2026-05-15 14:31:32,2026-05-15 00:05:00,7eb9d4494079e07f,7eb9d4494079e07f_diesel_premium,"José Bazelga e Aleluia, Lda.",GALP,diesel_premium,Gasóleo especial,Outro,2.115,Albufeira,Faro,"EN 270 Km 8,6",Purgatório,8200-498,37.17709,-8.21037,"josé bazelga e aleluia, lda.",galp,"en 270 km 8,6","2,115 €",2026-05-15_dgeg_postos_raw.csv,8d6b2d47b0d3e702
2026-05-15,2026-05-15 14:31:32,2026-05-15 00:05:00,7eb9d4494079e07f,7eb9d4494079e07f_gasoline_95,"José Bazelga e Aleluia, Lda.",GALP,gasoline_95,Gasolina simples 95,Outro,2.061,Albufeira,Faro,"EN 270 Km 8,6",Purgatório,8200-498,37.17709,-8.21037,"josé bazelga e aleluia, lda.",galp,"en 270 km 8,6","2,061 €",2026-05-15_dgeg_postos_raw.csv,0a72f6965ba932cf
2026-05-15,2026-05-15 14:31:32,2026-05-15 00:05:00,5da802e459f96795,5da802e459f96795_diesel_regular,"BLACKTARGET, LDA (1)",GALP,diesel_regular,Gasóleo simples,Outro,2.065,Alcácer do Sal,Setúbal,EN 120 Km 7,Vale do Guizo,7580-000,38.30792,-8.529701,"blacktarget, lda (1)",galp,en 120 km 7,"2,065 €",2026-05-15_dgeg_postos_raw.csv,c3c6d7bc414c2e0f
2026-05-15,2026-05-15 14:31:32,2026-05-15 00:05:00,5da802e459f96795,5da802e459f96795_diesel_premium,"BLACKTARGET, LDA (1)",GALP,diesel_premium,Gasóleo especial,Outro,2.125,Alcácer do Sal,Setúbal,EN 120 Km 7,Vale do Guizo,7580-000,38.30792,-8.529701,"blacktarget, lda (1)",galp,en 120 km 7,"2,125 €",2026-05-15_dgeg_postos_raw.csv,038ce50b0e789afb
2026-05-15,2026-05-15 14:31:32,2026-05-15 00:05:00,5da802e459f96795,5da802e459f96795_gasoline_95,"BLACKTARGET, LDA (1)",GALP,gasoline_95,Gasolina simples 95,Outro,2.061,Alcácer do Sal,Setúbal,EN 120 Km 7,Vale do Guizo,7580-000,38.30792,-8.529701,"blacktarget, lda (1)",galp,en 120 km 7,"2,061 €",2026-05-15_dgeg_postos_raw.csv,ea274b7858fae69b
2026-05-15,2026-05-15 14:31:32,2026-05-15 00:05:00,1d32ead4a13e525f,1d32ead4a13e525f_diesel_regular,"BLACKTARGET, LDA (2)",GALP,diesel_regular,Gasóleo simples,Outro,2.065,Alcácer do Sal,Setúbal,EN 120 Km 7,Vale do Guizo,7580-000,38.30775,-8.53039,"blacktarget, lda (2)",galp,en 120 km 7,"2,065 €",2026-05-15_dgeg_postos_raw.csv,c8359023db19a0d6
2026-05-15,2026-05-15 14:31:32,2026-05-15 00:05:00,1d32ead4a13e525f,1d32ead4a13e525f_diesel_premium,"BLACKTARGET, LDA (2)",GALP,diesel_premium,Gasóleo especial,Outro,2.125,Alcácer do Sal,Setúbal,EN 120 Km 7,Vale do Guizo,7580-000,38.30775,-8.53039,"blacktarget, lda (2)",galp,en 120 km 7,"2,125 €",2026-05-15_dgeg_postos_raw.csv,fea0b797b73980b7
2026-05-15,2026-05-15 14:31:32,2026-05-15 00:05:00,1d32ead4a13e525f,1d32ead4a13e525f_gasoline_95,"BLACKTARGET, LDA (2)",GALP,gasoline_95,Gasolina simples 95,Outro,2.061,Alcácer do Sal,Setúbal,EN 120 Km 7,Vale do Guizo,7580-000,38.30775,-8.53039,"blacktarget, lda (2)",galp,en 120 km 7,"2,061 €",2026-05-15_dgeg_postos_raw.csv,634223e80a0001bb
2026-05-15,2026-05-15 14:31:32,2026-05-15 00:05:00,235a0afcaac637df,235a0afcaac637df_diesel_regular,AUTO MINDRICA LDA.,GALP,diesel_regular,Gasóleo simples,Outro,2.025,Alcanena,Santarém,"EN 243 Km 23,2",Minde,2395-000,39.519272,-8.687941,auto mindrica lda.,galp,"en 243 km 23,2","2,025 €",2026-05-15_dgeg_postos_raw.csv,c20d85dff48a23a6
2026-05-15,2026-05-15 14:31:32,2026-05-15 00:05:00,235a0afcaac637df,235a0afcaac637df_diesel_premium,AUTO MINDRICA LDA.,GALP,diesel_premium,Gasóleo especial,Outro,2.075,Alcanena,Santarém,"EN 243 Km 23,2",Minde,2395-000,39.519272,-8.687941,auto mindrica lda.,galp,"en 243 km 23,2","2,075 €",2026-05-15_dgeg_postos_raw.csv,de8eeb5f7fbaf1dd
2026-05-15,2026-05-15 14:31:32,2026-05-15 00:05:00,235a0afcaac637df,235a0afcaac637df_gasoline_95,AUTO MINDRICA LDA.,GALP,gasoline_95,Gasolina simples 95,Outro,2.021,Alcanena,Santarém,"EN 243 Km 23,2",Minde,2395-000,39.519272,-8.687941,auto mindrica lda.,galp,"en 243 km 23,2","2,021 €",2026-05-15_dgeg_postos_raw.csv,103024070d722a42
2026-05-15,2026-05-15 14:31:32,2026-05-15 00:05:00,37b00e2117822919,37b00e2117822919_diesel_regular,"SOCIEDADE AUTOMÓVEIS CRUZ DE CRISTO, LDA (1)",GALP,diesel_regular,Gasóleo simples,Outro,2.079,Alcobaça,Leiria,Av. General Humberto Delgado,Alcobaça,2460-052,39.55952,-8.97807,"sociedade automóveis cruz de cristo, lda (1)",galp,av. general humberto delgado,"2,079 €",2026-05-15_dgeg_postos_raw.csv,75554483d38c83cc
2026-05-15,2026-05-15 14:31:32,2026-05-15 00:05:00,37b00e2117822919,37b00e2117822919_diesel_premium,"SOCIEDADE AUTOMÓVEIS CRUZ DE CRISTO, LDA (1)",GALP,diesel_premium,Gasóleo especial,Outro,2.129,Alcobaça,Leiria,Av. General Humberto Delgado,Alcobaça,2460-052,39.55952,-8.97807,"sociedade automóveis cruz de cristo, lda (1)",galp,av. general humberto delgado,"2,129 €",2026-05-15_dgeg_postos_raw.csv,ed6a9f132c018aae
2026-05-15,2026-05-15 14:31:32,2026-05-15 00:05:00,37b00e2117822919,37b00e2117822919_gasoline_95,"SOCIEDADE AUTOMÓVEIS CRUZ DE CRISTO, LDA (1)",GALP,gasoline_95,Gasolina simples 95,Outro,2.067,Alcobaça,Leiria,Av. General Humberto Delgado,Alcobaça,2460-052,39.55952,-8.97807,"sociedade automóveis cruz de cristo, lda (1)",galp,av. general humberto delgado,"2,067 €",2026-05-15_dgeg_postos_raw.csv,592ce857bf8df768
2026-05-15,2026-05-15 14:31:32,2026-05-15 00:05:00,6af2aa70b62d3abe,6af2aa70b62d3abe_diesel_regular,"Castelos & Astrolábios, Lda",GALP,diesel_regular,Gasóleo simples,Outro,2.029,Alcobaça,Leiria,"EN 8 (Largo do Pão de Ló) Km 102,1",Alfeizerão,2460-138,39.49833,-9.09538,"castelos & astrolábios, lda",galp,"en 8 (largo do pão de ló) km 102,1","2,029 €",2026-05-15_dgeg_postos_raw.csv,b8dab0101dd4aaf8
2026-05-15,2026-05-15 14:31:32,2026-05-15 00:05:00,6af2aa70b62d3abe,6af2aa70b62d3abe_diesel_premium,"Castelos & Astrolábios, Lda",GALP,diesel_premium,Gasóleo especial,Outro,2.079,Alcobaça,Leiria,"EN 8 (Largo do Pão de Ló) Km 102,1",Alfeizerão,2460-138,39.49833,-9.09538,"castelos & astrolábios, lda",galp,"en 8 (largo do pão de ló) km 102,1","2,079 €",2026-05-15_dgeg_postos_raw.csv,49ff08dd47ccd0b7
2026-05-15,2026-05-15 14:31:32,2026-05-15 00:05:00,6af2aa70b62d3abe,6af2aa70b62d3abe_gasoline_95,"Castelos & Astrolábios, Lda",GALP,gasoline_95,Gasolina simples 95,Outro,2.026,Alcobaça,Leiria,"EN 8 (Largo do Pão de Ló) Km 102,1",Alfeizerão,2460-138,39.49833,-9.09538,"castelos & astrolábios, lda",galp,"en 8 (largo do pão de ló) km 102,1","2,026 €",2026-05-15_dgeg_postos_raw.csv,2c1dfdc87a67ede9
2026-05-15,2026-05-15 14:31:32,2026-05-15 00:05:00,4c163a9d88c22f7d,4c163a9d88c22f7d_diesel_regular,"ANTÓNIO MARQUES VIEIRA, LDA.",GALP,diesel_regular,Gasóleo simples,Outro,2.055,Alcobaça,Leiria,"EN 8 Km 121,9",Aljubarrota-Cruzeiro,2460-601,39.562209,-8.935867,"antónio marques vieira, lda.",galp,"en 8 km 121,9","2,055 €",2026-05-15_dgeg_postos_raw.csv,ead4d8fdd595db82
2026-05-15,2026-05-15 14:31:32,2026-05-15 00:05:00,4c163a9d88c22f7d,4c163a9d88c22f7d_diesel_premium,"ANTÓNIO MARQUES VIEIRA, LDA.",GALP,diesel_premium,Gasóleo especial,Outro,2.105,Alcobaça,Leiria,"EN 8 Km 121,9",Aljubarrota-Cruzeiro,2460-601,39.562209,-8.935867,"antónio marques vieira, lda.",galp,"en 8 km 121,9","2,105 €",2026-05-15_dgeg_postos_raw.csv,af921f2c91814d98
2026-05-15,2026-05-15 14:31:32,2026-05-15 00:05:00,4c163a9d88c22f7d,4c163a9d88c22f7d_gasoline_95,"ANTÓNIO MARQUES VIEIRA, LDA.",GALP,gasoline_95,Gasolina simples 95,Outro,2.051,Alcobaça,Leiria,"EN 8 Km 121,9",Aljubarrota-Cruzeiro,2460-601,39.562209,-8.935867,"antónio marques vieira, lda.",galp,"en 8 km 121,9","2,051 €",2026-05-15_dgeg_postos_raw.csv,590db7e5667cbb2b
2026-05-15,2026-05-15 14:31:32,2026-05-15 00:05:00,3ec4b0620d28b773,3ec4b0620d28b773_diesel_regular,"ANTÓNIO LOURENÇO VINAGRE, LDA.",GALP,diesel_regular,Gasóleo simples,Outro,2.015,Alcobaça,Leiria,"EN 8-6 (Rua Rei da Memória) Km 15,37",Benedita,2475-149,39.428158,-8.97995,"antónio lourenço vinagre, lda.",galp,"en 8-6 (rua rei da memória) km 15,37","2,015 €",2026-05-15_dgeg_postos_raw.csv,bb7a60a60d480dd1
2026-05-15,2026-05-15 14:31:32,2026-05-15 00:05:00,3ec4b0620d28b773,3ec4b0620d28b773_diesel_premium,"ANTÓNIO LOURENÇO VINAGRE, LDA.",GALP,diesel_premium,Gasóleo especial,Outro,2.065,Alcobaça,Leiria,"EN 8-6 (Rua Rei da Memória) Km 15,37",Benedita,2475-149,39.428158,-8.97995,"antónio lourenço vinagre, lda.",galp,"en 8-6 (rua rei da memória) km 15,37","2,065 €",2026-05-15_dgeg_postos_raw.csv,45bfa1f45c789d2d
2026-05-15,2026-05-15 14:31:32,2026-05-15 00:05:00,3ec4b0620d28b773,3ec4b0620d28b773_gasoline_95,"ANTÓNIO LOURENÇO VINAGRE, LDA.",GALP,gasoline_95,Gasolina simples 95,Outro,2.011,Alcobaça,Leiria,"EN 8-6 (Rua Rei da Memória) Km 15,37",Benedita,2475-149,39.428158,-8.97995,"antónio lourenço vinagre, lda.",galp,"en 8-6 (rua rei da memória) km 15,37","2,011 €",2026-05-15_dgeg_postos_raw.csv,151c0dc876282d87
2026-05-15,2026-05-15 14:31:32,2026-05-15 00:05:00,3ec4b0620d28b773,3ec4b0620d28b773_gasoline_98,"ANTÓNIO LOURENÇO VINAGRE, LDA.",GALP,gasoline_98,Gasolina especial 98,Outro,2.221,Alcobaça,Leiria,"EN 8-6 (Rua Rei da Memória) Km 15,37",Benedita,2475-149,39.428158,-8.97995,"antónio lourenço vinagre, lda.",galp,"en 8-6 (rua rei da memória) km 15,37","2,221 €",2026-05-15_dgeg_postos_raw.csv,1cb493c252b2c235
2026-05-15,2026-05-15 14:31:32,2026-05-15 00:05:00,40fc4368d69d9257,40fc4368d69d9257_diesel_regular,"Gomes & Filho, Lda",GALP,diesel_regular,Gasóleo simples,Outro,2.025,Almeida,Guarda,EN 332,Bairro da Guerreira,6350-210,40.72078,-6.902959,"gomes & filho, lda",galp,en 332,"2,025 €",2026-05-15_dgeg_postos_raw.csv,aef9ace2be2f1c9d
2026-05-15,2026-05-15 14:31:32,2026-05-15 00:05:00,40fc4368d69d9257,40fc4368d69d9257_diesel_premium,"Gomes & Filho, Lda",GALP,diesel_premium,Gasóleo especial,Outro,2.075,Almeida,Guarda,EN 332,Bairro da Guerreira,6350-210,40.72078,-6.902959,"gomes & filho, lda",galp,en 332,"2,075 €",2026-05-15_dgeg_postos_raw.csv,6c8ebd6d82188b70
2026-05-15,2026-05-15 14:31:32,2026-05-15 00:05:00,40fc4368d69d9257,40fc4368d69d9257_gasoline_95,"Gomes & Filho, Lda",GALP,gasoline_95,Gasolina simples 95,Outro,2.021,Almeida,Guarda,EN 332,Bairro da Guerreira,6350-210,40.72078,-6.902959,"gomes & filho, lda",galp,en 332,"2,021 €",2026-05-15_dgeg_postos_raw.csv,69bcbafaac27cd9b
2026-05-15,2026-05-15 14:31:32,2026-05-15 00:05:00,f1787fa718284000,f1787fa718284000_diesel_regular,"J. M. CORDEIRO, LDA.",GALP,diesel_regular,Gasóleo simples,Outro,2.019,Almeirim,Santarém,"EN 114 Km 81,8",Almeirim,2080-099,39.211342,-8.632701,"j. m. cordeiro, lda.",galp,"en 114 km 81,8","2,019 €",2026-05-15_dgeg_postos_raw.csv,9893234bbcdf31fc
2026-05-15,2026-05-15 14:31:32,2026-05-15 00:05:00,f1787fa718284000,f1787fa718284000_diesel_premium,"J. M. CORDEIRO, LDA.",GALP,diesel_premium,Gasóleo especial,Outro,2.069,Almeirim,Santarém,"EN 114 Km 81,8",Almeirim,2080-099,39.211342,-8.632701,"j. m. cordeiro, lda.",galp,"en 114 km 81,8","2,069 €",2026-05-15_dgeg_postos_raw.csv,218b17a8674e35e8
2026-05-15,2026-05-15 14:31:32,2026-05-15 00:05:00,f1787fa718284000,f1787fa718284000_gasoline_95,"J. M. CORDEIRO, LDA.",GALP,gasoline_95,Gasolina simples 95,Outro,2.017,Almeirim,Santarém,"EN 114 Km 81,8",Almeirim,2080-099,39.211342,-8.632701,"j. m. cordeiro, lda.",galp,"en 114 km 81,8","2,017 €",2026-05-15_dgeg_postos_raw.csv,6c80139ee2b176f0
2026-05-15,2026-05-15 14:31:32,2026-05-15 00:05:00,42599a4ecc1e5f20,42599a4ecc1e5f20_diesel_regular,"J. M. Cordeiro, Lda.",GALP,diesel_regular,Gasóleo simples,Outro,2.019,Almeirim,Santarém,Rua Dr. Guilherme Nunes Godinho,Fazendas de Almeirim,2080-562,39.17767,-8.58495,"j. m. cordeiro, lda.",galp,rua dr. guilherme nunes godinho,"2,019 €",2026-05-15_dgeg_postos_raw.csv,3f517366aa7ee399
2026-05-15,2026-05-15 14:31:32,2026-05-15 00:05:00,42599a4ecc1e5f20,42599a4ecc1e5f20_diesel_premium,"J. M. Cordeiro, Lda.",GALP,diesel_premium,Gasóleo especial,Outro,2.069,Almeirim,Santarém,Rua Dr. Guilherme Nunes Godinho,Fazendas de Almeirim,2080-562,39.17767,-8.58495,"j. m. cordeiro, lda.",galp,rua dr. guilherme nunes godinho,"2,069 €",2026-05-15_dgeg_postos_raw.csv,fc31d433eef4c49f
2026-05-15,2026-05-15 14:31:32,2026-05-15 00:05:00,42599a4ecc1e5f20,42599a4ecc1e5f20_gasoline_95,"J. M. Cordeiro, Lda.",GALP,gasoline_95,Gasolina simples 95,Outro,2.017,Almeirim,Santarém,Rua Dr. Guilherme Nunes Godinho,Fazendas de Almeirim,2080-562,39.17767,-8.58495,"j. m. cordeiro, lda.",galp,rua dr. guilherme nunes godinho,"2,017 €",2026-05-15_dgeg_postos_raw.csv,f488d4c31744d52a
2026-05-15,2026-05-15 14:31:32,2026-05-15 00:05:00,aba301d332e9bf21,aba301d332e9bf21_diesel_regular,ANTÓNIO MANUEL GUERREIRO,GALP,diesel_regular,Gasóleo simples,Outro,2.069,Almodôvar,Beja,"EN 2 (Rua Comendador Carrilho, nº6) Km 664",Almodôvar,7700-016,37.51856,-8.06111,antónio manuel guerreiro,galp,"en 2 (rua comendador carrilho, nº6) km 664","2,069 €",2026-05-15_dgeg_postos_raw.csv,669ac07797d1836e
2026-05-15,2026-05-15 14:31:32,2026-05-15 00:05:00,aba301d332e9bf21,aba301d332e9bf21_diesel_premium,ANTÓNIO MANUEL GUERREIRO,GALP,diesel_premium,Gasóleo especial,Outro,2.129,Almodôvar,Beja,"EN 2 (Rua Comendador Carrilho, nº6) Km 664",Almodôvar,7700-016,37.51856,-8.06111,antónio manuel guerreiro,galp,"en 2 (rua comendador carrilho, nº6) km 664","2,129 €",2026-05-15_dgeg_postos_raw.csv,dc4c2688c012f35c
2026-05-15,2026-05-15 14:31:32,2026-05-15 00:05:00,aba301d332e9bf21,aba301d332e9bf21_gasoline_95,ANTÓNIO MANUEL GUERREIRO,GALP,gasoline_95,Gasolina simples 95,Outro,2.066,Almodôvar,Beja,"EN 2 (Rua Comendador Carrilho, nº6) Km 664",Almodôvar,7700-016,37.51856,-8.06111,antónio manuel guerreiro,galp,"en 2 (rua comendador carrilho, nº6) km 664","2,066 €",2026-05-15_dgeg_postos_raw.csv,91e3fd843f2e2647
2026-05-15,2026-05-15 14:31:32,2026-05-15 00:05:00,53068396f1fe57eb,53068396f1fe57eb_diesel_regular,"J. M. CÉU - COMÉRCIO DE COMBUSTÍVEIS, LDA.",GALP,diesel_regular,Gasóleo simples,Outro,2.061,Alpiarça,Santarém,"EN 118 (Rua José Relvas) Km 80,4",Alpiarça,2090-102,39.252796,-8.589177,"j. m. céu - comércio de combustíveis, lda.",galp,"en 118 (rua josé relvas) km 80,4","2,061 €",2026-05-15_dgeg_postos_raw.csv,8a13d9a8ac5c7cc4
2026-05-15,2026-05-15 14:31:32,2026-05-15 00:05:00,53068396f1fe57eb,53068396f1fe57eb_diesel_premium,"J. M. CÉU - COMÉRCIO DE COMBUSTÍVEIS, LDA.",GALP,diesel_premium,Gasóleo especial,Outro,2.111,Alpiarça,Santarém,"EN 118 (Rua José Relvas) Km 80,4",Alpiarça,2090-102,39.252796,-8.589177,"j. m. céu - comércio de combustíveis, lda.",galp,"en 118 (rua josé relvas) km 80,4","2,111 €",2026-05-15_dgeg_postos_raw.csv,7f21bfae6e39702f
2026-05-15,2026-05-15 14:31:32,2026-05-15 00:05:00,53068396f1fe57eb,53068396f1fe57eb_gasoline_95,"J. M. CÉU - COMÉRCIO DE COMBUSTÍVEIS, LDA.",GALP,gasoline_95,Gasolina simples 95,Outro,2.056,Alpiarça,Santarém,"EN 118 (Rua José Relvas) Km 80,4",Alpiarça,2090-102,39.252796,-8.589177,"j. m. céu - comércio de combustíveis, lda.",galp,"en 118 (rua josé relvas) km 80,4","2,056 €",2026-05-15_dgeg_postos_raw.csv,7304c9053a49f62f
2026-05-15,2026-05-15 14:31:32,2026-05-15 00:05:00,1499bc4b73830d06,1499bc4b73830d06_diesel_regular,"PETROALVES - DIST. COMB. LUB., S.A.",GALP,diesel_regular,Gasóleo simples,Outro,2.026,Alvaiázere,Leiria,"EN 110 Km 63,8",Vendas de Maria,3250-000,39.87452,-8.35159,"petroalves - dist. comb. lub., s.a.",galp,"en 110 km 63,8","2,026 €",2026-05-15_dgeg_postos_raw.csv,6f56997b448f93c9
2026-05-15,2026-05-15 14:31:32,2026-05-15 00:05:00,1499bc4b73830d06,1499bc4b73830d06_diesel_premium,"PETROALVES - DIST. COMB. LUB., S.A.",GALP,diesel_premium,Gasóleo especial,Outro,2.081,Alvaiázere,Leiria,"EN 110 Km 63,8",Vendas de Maria,3250-000,39.87452,-8.35159,"petroalves - dist. comb. lub., s.a.",galp,"en 110 km 63,8","2,081 €",2026-05-15_dgeg_postos_raw.csv,3073ea9b2010e914
2026-05-15,2026-05-15 14:31:32,2026-05-15 00:05:00,1499bc4b73830d06,1499bc4b73830d06_gasoline_95,"PETROALVES - DIST. COMB. LUB., S.A.",GALP,gasoline_95,Gasolina simples 95,Outro,2.016,Alvaiázere,Leiria,"EN 110 Km 63,8",Vendas de Maria,3250-000,39.87452,-8.35159,"petroalves - dist. comb. lub., s.a.",galp,"en 110 km 63,8","2,016 €",2026-05-15_dgeg_postos_raw.csv,4be50766647e6f67
2026-05-15,2026-05-15 14:31:32,2026-05-15 00:05:00,84b4939ac9d1f6a6,84b4939ac9d1f6a6_diesel_regular,GALP BRANDOA,GALP,diesel_regular,Gasóleo simples,Outro,2.055,Amadora,Lisboa,Av. Rui Luís Gomes,Colina do Sol,2650-125,38.76446,-9.2116,galp brandoa,galp,av. rui luís gomes,"2,055 €",2026-05-15_dgeg_postos_raw.csv,902f147e4ff2ad99
2026-05-15,2026-05-15 14:31:32,2026-05-15 00:05:00,84b4939ac9d1f6a6,84b4939ac9d1f6a6_diesel_premium,GALP BRANDOA,GALP,diesel_premium,Gasóleo especial,Outro,2.105,Amadora,Lisboa,Av. Rui Luís Gomes,Colina do Sol,2650-125,38.76446,-9.2116,galp brandoa,galp,av. rui luís gomes,"2,105 €",2026-05-15_dgeg_postos_raw.csv,8d19be96a382b5d2
2026-05-15,2026-05-15 14:31:32,2026-05-15 00:05:00,84b4939ac9d1f6a6,84b4939ac9d1f6a6_gasoline_95,GALP BRANDOA,GALP,gasoline_95,Gasolina simples 95,Outro,2.051,Amadora,Lisboa,Av. Rui Luís Gomes,Colina do Sol,2650-125,38.76446,-9.2116,galp brandoa,galp,av. rui luís gomes,"2,051 €",2026-05-15_dgeg_postos_raw.csv,7a3ba380d04f7c0d
2026-05-15,2026-05-15 14:31:32,2026-05-15 00:05:00,84b4939ac9d1f6a6,84b4939ac9d1f6a6_gasoline_98,GALP BRANDOA,GALP,gasoline_98,Gasolina especial 98,Outro,2.261,Amadora,Lisboa,Av. Rui Luís Gomes,Colina do Sol,2650-125,38.76446,-9.2116,galp brandoa,galp,av. rui luís gomes,"2,261 €",2026-05-15_dgeg_postos_raw.csv,2722bd5bbd28b5f6
2026-05-15,2026-05-15 14:31:32,2026-05-15 00:05:00,473c7958894299c2,473c7958894299c2_diesel_regular,"SOUSA & MADEIRA, LDA.",GALP,diesel_regular,Gasóleo simples,Outro,2.055,Aljustrel,Beja,"EN 2 Km 606,465",Ervidel,7600-204,37.96508,-8.08174,"sousa & madeira, lda.",galp,"en 2 km 606,465","2,055 €",2026-05-15_dgeg_postos_raw.csv,90bfc25ba69e2b6b
2026-05-15,2026-05-15 14:31:32,2026-05-15 00:05:00,473c7958894299c2,473c7958894299c2_diesel_premium,"SOUSA & MADEIRA, LDA.",GALP,diesel_premium,Gasóleo especial,Outro,2.105,Aljustrel,Beja,"EN 2 Km 606,465",Ervidel,7600-204,37.96508,-8.08174,"sousa & madeira, lda.",galp,"en 2 km 606,465","2,105 €",2026-05-15_dgeg_postos_raw.csv,a7eaa729814486f2
2026-05-15,2026-05-15 14:31:32,2026-05-15 00:05:00,473c7958894299c2,473c7958894299c2_gasoline_95,"SOUSA & MADEIRA, LDA.",GALP,gasoline_95,Gasolina simples 95,Outro,2.051,Aljustrel,Beja,"EN 2 Km 606,465",Ervidel,7600-204,37.96508,-8.08174,"sousa & madeira, lda.",galp,"en 2 km 606,465","2,051 €",2026-05-15_dgeg_postos_raw.csv,0f4a252f94dd15e0
2026-05-15,2026-05-15 14:31:32,2026-05-15 00:05:00,616336c9f3b43b44,616336c9f3b43b44_gasoline_98,GALP A.S. A2 Aljustrel (S/N),GALP,gasoline_98,Gasolina especial 98,Auto-estrada,2.279,Aljustrel,Beja,A2 - Km 148 (S/N),Aljustrel,7600-000,37.92348,-8.241723,galp a.s. a2 aljustrel (s/n),galp,a2 - km 148 (s/n),"2,279 €",2026-05-15_dgeg_postos_raw.csv,ab4a42a11ab69dbe
2026-05-15,2026-05-15 14:31:32,2026-05-15 00:05:00,3908afd5f2535b07,3908afd5f2535b07_diesel_regular,"COMBUSLU - COMÉRCIO C. E LUBRIFICANTES UNIPESSOAL, LDA.",GALP,diesel_regular,Gasóleo simples,Outro,2.055,Almada,Setúbal,Av. Engº Henrique Mendia,Costa da Caparica,2825-333,38.638486,-9.232144,"combuslu - comércio c. e lubrificantes unipessoal, lda.",galp,av. engº henrique mendia,"2,055 €",2026-05-15_dgeg_postos_raw.csv,f221a8810e25477b
2026-05-15,2026-05-15 14:31:32,2026-05-15 00:05:00,3908afd5f2535b07,3908afd5f2535b07_diesel_premium,"COMBUSLU - COMÉRCIO C. E LUBRIFICANTES UNIPESSOAL, LDA.",GALP,diesel_premium,Gasóleo especial,Outro,2.105,Almada,Setúbal,Av. Engº Henrique Mendia,Costa da Caparica,2825-333,38.638486,-9.232144,"combuslu - comércio c. e lubrificantes unipessoal, lda.",galp,av. engº henrique mendia,"2,105 €",2026-05-15_dgeg_postos_raw.csv,f28df829327458e5
2026-05-15,2026-05-15 14:31:32,2026-05-15 00:05:00,3908afd5f2535b07,3908afd5f2535b07_gasoline_95,"COMBUSLU - COMÉRCIO C. E LUBRIFICANTES UNIPESSOAL, LDA.",GALP,gasoline_95,Gasolina simples 95,Outro,2.051,Almada,Setúbal,Av. Engº Henrique Mendia,Costa da Caparica,2825-333,38.638486,-9.232144,"combuslu - comércio c. e lubrificantes unipessoal, lda.",galp,av. engº henrique mendia,"2,051 €",2026-05-15_dgeg_postos_raw.csv,939c10eb7314785e
2026-05-15,2026-05-15 14:31:32,2026-05-15 00:05:00,9539d57f9a7660d9,9539d57f9a7660d9_diesel_regular,"REBOLA & FILHO, LDA.",GALP,diesel_regular,Gasóleo simples,Outro,2.079,Alcochete,Setúbal,Av Restauração Lt. 47,Barris,2890-080,38.7499,-8.96246,"rebola & filho, lda.",galp,av restauração lt. 47,"2,079 €",2026-05-15_dgeg_postos_raw.csv,226b3b67266cf92b
2026-05-15,2026-05-15 14:31:32,2026-05-15 00:05:00,9539d57f9a7660d9,9539d57f9a7660d9_diesel_premium,"REBOLA & FILHO, LDA.",GALP,diesel_premium,Gasóleo especial,Outro,2.129,Alcochete,Setúbal,Av Restauração Lt. 47,Barris,2890-080,38.7499,-8.96246,"rebola & filho, lda.",galp,av restauração lt. 47,"2,129 €",2026-05-15_dgeg_postos_raw.csv,740364d0f46ada27
2026-05-15,2026-05-15 14:31:32,2026-05-15 00:05:00,9539d57f9a7660d9,9539d57f9a7660d9_gasoline_95,"REBOLA & FILHO, LDA.",GALP,gasoline_95,Gasolina simples 95,Outro,2.071,Alcochete,Setúbal,Av Restauração Lt. 47,Barris,2890-080,38.7499,-8.96246,"rebola & filho, lda.",galp,av restauração lt. 47,"2,071 €",2026-05-15_dgeg_postos_raw.csv,80186d2df5cbbee5
2026-05-15,2026-05-15 14:31:32,2026-05-15 00:05:00,75045b4cda95b833,75045b4cda95b833_diesel_regular,António L. Magalhães & Sobrs. Lda,GALP,diesel_regular,Gasóleo simples,Outro,2.015,Alijó,Vila Real,EN 212 - Av. 25 de Abril,Alijó,5070-000,41.27311,-7.476558,antónio l. magalhães & sobrs. lda,galp,en 212 - av. 25 de abril,"2,015 €",2026-05-15_dgeg_postos_raw.csv,36f89f364b411f4f
2026-05-15,2026-05-15 14:31:32,2026-05-15 00:05:00,75045b4cda95b833,75045b4cda95b833_diesel_premium,António L. Magalhães & Sobrs. Lda,GALP,diesel_premium,Gasóleo especial,Outro,2.065,Alijó,Vila Real,EN 212 - Av. 25 de Abril,Alijó,5070-000,41.27311,-7.476558,antónio l. magalhães & sobrs. lda,galp,en 212 - av. 25 de abril,"2,065 €",2026-05-15_dgeg_postos_raw.csv,9e48e2b466f86426
2026-05-15,2026-05-15 14:31:32,2026-05-15 00:05:00,75045b4cda95b833,75045b4cda95b833_gasoline_95,António L. Magalhães & Sobrs. Lda,GALP,gasoline_95,Gasolina simples 95,Outro,2.011,Alijó,Vila Real,EN 212 - Av. 25 de Abril,Alijó,5070-000,41.27311,-7.476558,antónio l. magalhães & sobrs. lda,galp,en 212 - av. 25 de abril,"2,011 €",2026-05-15_dgeg_postos_raw.csv,40a10941282d5798
2026-05-15,2026-05-15 14:31:32,2026-05-15 00:05:00,75045b4cda95b833,75045b4cda95b833_gasoline_98,António L. Magalhães & Sobrs. Lda,GALP,gasoline_98,Gasolina especial 98,Outro,2.221,Alijó,Vila Real,EN 212 - Av. 25 de Abril,Alijó,5070-000,41.27311,-7.476558,antónio l. magalhães & sobrs. lda,galp,en 212 - av. 25 de abril,"2,221 €",2026-05-15_dgeg_postos_raw.csv,cac4a8a8e35a6606
2026-05-15,2026-05-15 14:31:32,2026-05-15 00:05:00,51e836b8be2bf61c,51e836b8be2bf61c_diesel_regular,ASSOCIAÇÃO HUMANITÁRIA DOS BOMBEIROS VOLUNTÁRIOS DE ALJEZUR,GALP,diesel_regular,Gasóleo simples,Outro,2.015,Aljezur,Faro,EN 120,Quartel dos Bombeiros,8670-084,37.318689,-8.798431,associação humanitária dos bombeiros voluntários de aljezur,galp,en 120,"2,015 €",2026-05-15_dgeg_postos_raw.csv,d0eb72024c4f49d6
2026-05-15,2026-05-15 14:31:32,2026-05-15 00:05:00,51e836b8be2bf61c,51e836b8be2bf61c_diesel_premium,ASSOCIAÇÃO HUMANITÁRIA DOS BOMBEIROS VOLUNTÁRIOS DE ALJEZUR,GALP,diesel_premium,Gasóleo especial,Outro,2.075,Aljezur,Faro,EN 120,Quartel dos Bombeiros,8670-084,37.318689,-8.798431,associação humanitária dos bombeiros voluntários de aljezur,galp,en 120,"2,075 €",2026-05-15_dgeg_postos_raw.csv,13436a2c12a28fdd
2026-05-15,2026-05-15 14:31:32,2026-05-15 00:05:00,51e836b8be2bf61c,51e836b8be2bf61c_gasoline_95,ASSOCIAÇÃO HUMANITÁRIA DOS BOMBEIROS VOLUNTÁRIOS DE ALJEZUR,GALP,gasoline_95,Gasolina simples 95,Outro,2.011,Aljezur,Faro,EN 120,Quartel dos Bombeiros,8670-084,37.318689,-8.798431,associação humanitária dos bombeiros voluntários de aljezur,galp,en 120,"2,011 €",2026-05-15_dgeg_postos_raw.csv,699f392bb3a65ae7
2026-05-15,2026-05-15 14:31:32,2026-05-15 00:05:00,575d6db7acc3ebc4,575d6db7acc3ebc4_diesel_regular,"Combustíveis William Dias,lda",GALP,diesel_regular,Gasóleo simples,Outro,2.029,Felgueiras,Porto,EN 15,Serrinha - Felgueiras,4615-755,41.30429,-8.17937,"combustíveis william dias,lda",galp,en 15,"2,029 €",2026-05-15_dgeg_postos_raw.csv,3f651ef0c9d653f6
2026-05-15,2026-05-15 14:31:32,2026-05-15 00:05:00,575d6db7acc3ebc4,575d6db7acc3ebc4_diesel_premium,"Combustíveis William Dias,lda",GALP,diesel_premium,Gasóleo especial,Outro,2.079,Felgueiras,Porto,EN 15,Serrinha - Felgueiras,4615-755,41.30429,-8.17937,"combustíveis william dias,lda",galp,en 15,"2,079 €",2026-05-15_dgeg_postos_raw.csv,9288d8f5384a08f1
2026-05-15,2026-05-15 14:31:32,2026-05-15 00:05:00,575d6db7acc3ebc4,575d6db7acc3ebc4_gasoline_95,"Combustíveis William Dias,lda",GALP,gasoline_95,Gasolina simples 95,Outro,2.026,Felgueiras,Porto,EN 15,Serrinha - Felgueiras,4615-755,41.30429,-8.17937,"combustíveis william dias,lda",galp,en 15,"2,026 €",2026-05-15_dgeg_postos_raw.csv,6c35d7138efe4f11
2026-05-15,2026-05-15 14:31:32,2026-05-15 00:05:00,575d6db7acc3ebc4,575d6db7acc3ebc4_gasoline_98,"Combustíveis William Dias,lda",GALP,gasoline_98,Gasolina especial 98,Outro,2.236,Felgueiras,Porto,EN 15,Serrinha - Felgueiras,4615-755,41.30429,-8.17937,"combustíveis william dias,lda",galp,en 15,"2,236 €",2026-05-15_dgeg_postos_raw.csv,591517f6851274e9
2026-05-15,2026-05-15 14:31:32,2026-05-15 00:05:00,072c913111fdf693,072c913111fdf693_gasoline_98,GALP A.S. A2 Aljustrel (N/S),GALP,gasoline_98,Gasolina especial 98,Auto-estrada,2.024,Aljustrel,Beja,A.E.2 Km 148,Aljustrel,7600-000,37.923733,-8.243193,galp a.s. a2 aljustrel (n/s),galp,a.e.2 km 148,"2,024 €",2026-05-15_dgeg_postos_raw.csv,3e9494186c7ec7d8
2026-05-15,2026-05-15 14:31:32,2026-05-15 00:05:00,d9207aad43532109,d9207aad43532109_diesel_regular,"JVT. Combustíveis, Lda",GALP,diesel_regular,Gasóleo simples,Outro,2.079,Oeiras,Lisboa,Est. Cruz Cavalinhos-Queluz Baixo,Queluz de Baixo,2745-000,38.740003,-9.274974,"jvt. combustíveis, lda",galp,est. cruz cavalinhos-queluz baixo,"2,079 €",2026-05-15_dgeg_postos_raw.csv,23ddc177ea67d7cd
2026-05-15,2026-05-15 14:31:32,2026-05-15 00:05:00,d9207aad43532109,d9207aad43532109_diesel_premium,"JVT. Combustíveis, Lda",GALP,diesel_premium,Gasóleo especial,Outro,2.139,Oeiras,Lisboa,Est. Cruz Cavalinhos-Queluz Baixo,Queluz de Baixo,2745-000,38.740003,-9.274974,"jvt. combustíveis, lda",galp,est. cruz cavalinhos-queluz baixo,"2,139 €",2026-05-15_dgeg_postos_raw.csv,ce5aed2619a427ea
2026-05-15,2026-05-15 14:31:32,2026-05-15 00:05:00,d9207aad43532109,d9207aad43532109_gasoline_95,"JVT. Combustíveis, Lda",GALP,gasoline_95,Gasolina simples 95,Outro,2.076,Oeiras,Lisboa,Est. Cruz Cavalinhos-Queluz Baixo,Queluz de Baixo,2745-000,38.740003,-9.274974,"jvt. combustíveis, lda",galp,est. cruz cavalinhos-queluz baixo,"2,076 €",2026-05-15_dgeg_postos_raw.csv,ba6edd464f022bae
2026-05-15,2026-05-15 14:31:32,2026-05-15 00:05:00,debc1796be127b4b,debc1796be127b4b_diesel_regular,Controlsuper - Com. de Combustiveis Lda,GALP,diesel_regular,Gasóleo simples,Outro,2.019,Guimarães,Braga,Circular Urbana Guimarães\r\nEN 105,Guimarães,4810-910,41.4512,-8.300733,controlsuper - com. de combustiveis lda,galp,circular urbana guimarães\r\nen 105,"2,019 €",2026-05-15_dgeg_postos_raw.csv,2d2f4aa88508c137
2026-05-15,2026-05-15 14:31:32,2026-05-15 00:05:00,debc1796be127b4b,debc1796be127b4b_diesel_premium,Controlsuper - Com. de Combustiveis Lda,GALP,diesel_premium,Gasóleo especial,Outro,2.069,Guimarães,Braga,Circular Urbana Guimarães\r\nEN 105,Guimarães,4810-910,41.4512,-8.300733,controlsuper - com. de combustiveis lda,galp,circular urbana guimarães\r\nen 105,"2,069 €",2026-05-15_dgeg_postos_raw.csv,8d755e82b966a694
2026-05-15,2026-05-15 14:31:32,2026-05-15 00:05:00,debc1796be127b4b,debc1796be127b4b_gasoline_95,Controlsuper - Com. de Combustiveis Lda,GALP,gasoline_95,Gasolina simples 95,Outro,2.017,Guimarães,Braga,Circular Urbana Guimarães\r\nEN 105,Guimarães,4810-910,41.4512,-8.300733,controlsuper - com. de combustiveis lda,galp,circular urbana guimarães\r\nen 105,"2,017 €",2026-05-15_dgeg_postos_raw.csv,c7e4b646a3d8e07f
2026-05-15,2026-05-15 14:31:32,2026-05-15 00:05:00,748de9da3d033615,748de9da3d033615_diesel_regular,Controlsuper - Com. de Combustiveis Lda.,GALP,diesel_regular,Gasóleo simples,Outro,2.019,Guimarães,Braga,Circular Urbana de Guimarães\r\nEN 105,Guimarães,4810-910,41.451572,-8.301094,controlsuper - com. de combustiveis lda.,galp,circular urbana de guimarães\r\nen 105,"2,019 €",2026-05-15_dgeg_postos_raw.csv,82ca636ac5188fd6
2026-05-15,2026-05-15 14:31:32,2026-05-15 00:05:00,748de9da3d033615,748de9da3d033615_diesel_premium,Controlsuper - Com. de Combustiveis Lda.,GALP,diesel_premium,Gasóleo especial,Outro,2.069,Guimarães,Braga,Circular Urbana de Guimarães\r\nEN 105,Guimarães,4810-910,41.451572,-8.301094,controlsuper - com. de combustiveis lda.,galp,circular urbana de guimarães\r\nen 105,"2,069 €",2026-05-15_dgeg_postos_raw.csv,739b3aeecd7ab056
2026-05-15,2026-05-15 14:31:32,2026-05-15 00:05:00,748de9da3d033615,748de9da3d033615_gasoline_95,Controlsuper - Com. de Combustiveis Lda.,GALP,gasoline_95,Gasolina simples 95,Outro,2.017,Guimarães,Braga,Circular Urbana de Guimarães\r\nEN 105,Guimarães,4810-910,41.451572,-8.301094,controlsuper - com. de combustiveis lda.,galp,circular urbana de guimarães\r\nen 105,"2,017 €",2026-05-15_dgeg_postos_raw.csv,429cac503d107246
2026-05-15,2026-05-15 14:31:32,2026-05-15 00:05:00,4edd8cd661243fe3,4edd8cd661243fe3_diesel_regular,"MARVIFORCE, LDA.",GALP,diesel_regular,Gasóleo simples,Outro,2.079,Vila Franca de Xira,Lisboa,Urb da Chasa - Rua Vasco da Gama,Alverca,2615-215,38.892242,-9.044456,"marviforce, lda.",galp,urb da chasa - rua vasco da gama,"2,079 €",2026-05-15_dgeg_postos_raw.csv,d197156be31e4f12
2026-05-15,2026-05-15 14:31:32,2026-05-15 00:05:00,4edd8cd661243fe3,4edd8cd661243fe3_diesel_premium,"MARVIFORCE, LDA.",GALP,diesel_premium,Gasóleo especial,Outro,2.129,Vila Franca de Xira,Lisboa,Urb da Chasa - Rua Vasco da Gama,Alverca,2615-215,38.892242,-9.044456,"marviforce, lda.",galp,urb da chasa - rua vasco da gama,"2,129 €",2026-05-15_dgeg_postos_raw.csv,14c74d3828eb8f12
2026-05-15,2026-05-15 14:31:32,2026-05-15 00:05:00,4edd8cd661243fe3,4edd8cd661243fe3_gasoline_95,"MARVIFORCE, LDA.",GALP,gasoline_95,Gasolina simples 95,Outro,2.072,Vila Franca de Xira,Lisboa,Urb da Chasa - Rua Vasco da Gama,Alverca,2615-215,38.892242,-9.044456,"marviforce, lda.",galp,urb da chasa - rua vasco da gama,"2,072 €",2026-05-15_dgeg_postos_raw.csv,5bd31035bb287368
2026-05-15,2026-05-15 14:31:32,2026-05-15 00:05:00,bbfa8e75e2b41ea1,bbfa8e75e2b41ea1_diesel_regular,J. António Pinho - Combustíveis Lda.,Genérico,diesel_regular,Gasóleo simples,Outro,1.904,Covilhã,Castelo Branco,Rua Marquês de Avila e Bolama nº 210,Covilhã,6200-053,40.279561,-7.5022,j. antónio pinho - combustíveis lda.,genérico,rua marquês de avila e bolama nº 210,"1,904 €",2026-05-15_dgeg_postos_raw.csv,1cbf674e94bc1fd5
2026-05-15,2026-05-15 14:31:32,2026-05-15 00:05:00,bbfa8e75e2b41ea1,bbfa8e75e2b41ea1_diesel_premium,J. António Pinho - Combustíveis Lda.,Genérico,diesel_premium,Gasóleo especial,Outro,1.924,Covilhã,Castelo Branco,Rua Marquês de Avila e Bolama nº 210,Covilhã,6200-053,40.279561,-7.5022,j. antónio pinho - combustíveis lda.,genérico,rua marquês de avila e bolama nº 210,"1,924 €",2026-05-15_dgeg_postos_raw.csv,a7fa7447018647e6
2026-05-15,2026-05-15 14:31:32,2026-05-15 00:05:00,bbfa8e75e2b41ea1,bbfa8e75e2b41ea1_gasoline_95,J. António Pinho - Combustíveis Lda.,Genérico,gasoline_95,Gasolina simples 95,Outro,1.874,Covilhã,Castelo Branco,Rua Marquês de Avila e Bolama nº 210,Covilhã,6200-053,40.279561,-7.5022,j. antónio pinho - combustíveis lda.,genérico,rua marquês de avila e bolama nº 210,"1,874 €",2026-05-15_dgeg_postos_raw.csv,946d6963fcfbc787
2026-05-15,2026-05-15 14:31:32,2026-05-15 00:05:00,0801e64c96ca88c8,0801e64c96ca88c8_diesel_regular,GALP - Marco do Grilo,GALP,diesel_regular,Gasóleo simples,Outro,2.015,Seixal,Setúbal,EN 378 nº 38,Marco do Grilo - Fernão Ferro,2840-000,38.55418,-9.100608,galp - marco do grilo,galp,en 378 nº 38,"2,015 €",2026-05-15_dgeg_postos_raw.csv,fe102f2363e818a8
2026-05-15,2026-05-15 14:31:32,2026-05-15 00:05:00,0801e64c96ca88c8,0801e64c96ca88c8_diesel_premium,GALP - Marco do Grilo,GALP,diesel_premium,Gasóleo especial,Outro,2.065,Seixal,Setúbal,EN 378 nº 38,Marco do Grilo - Fernão Ferro,2840-000,38.55418,-9.100608,galp - marco do grilo,galp,en 378 nº 38,"2,065 €",2026-05-15_dgeg_postos_raw.csv,0e551c76de2f89cc
2026-05-15,2026-05-15 14:31:32,2026-05-15 00:05:00,0801e64c96ca88c8,0801e64c96ca88c8_gasoline_95,GALP - Marco do Grilo,GALP,gasoline_95,Gasolina simples 95,Outro,2.011,Seixal,Setúbal,EN 378 nº 38,Marco do Grilo - Fernão Ferro,2840-000,38.55418,-9.100608,galp - marco do grilo,galp,en 378 nº 38,"2,011 €",2026-05-15_dgeg_postos_raw.csv,cc24a2cbebed159d
2026-05-15,2026-05-15 14:31:32,2026-05-15 00:05:00,3a8d20364a77aa19,3a8d20364a77aa19_diesel_regular,"Teixeira & Martins - Automóveis, Lda.",GALP,diesel_regular,Gasóleo simples,Outro,2.055,Vila Nova de Famalicão,Braga,Av. Marechal Humberto Delgado,Quinta da Maia,4760-901,41.40408,-8.51616,"teixeira & martins - automóveis, lda.",galp,av. marechal humberto delgado,"2,055 €",2026-05-15_dgeg_postos_raw.csv,92f40e6d14befa6e
2026-05-15,2026-05-15 14:31:32,2026-05-15 00:05:00,3a8d20364a77aa19,3a8d20364a77aa19_diesel_premium,"Teixeira & Martins - Automóveis, Lda.",GALP,diesel_premium,Gasóleo especial,Outro,2.105,Vila Nova de Famalicão,Braga,Av. Marechal Humberto Delgado,Quinta da Maia,4760-901,41.40408,-8.51616,"teixeira & martins - automóveis, lda.",galp,av. marechal humberto delgado,"2,105 €",2026-05-15_dgeg_postos_raw.csv,f06110d841631f77
2026-05-15,2026-05-15 14:31:32,2026-05-15 00:05:00,3a8d20364a77aa19,3a8d20364a77aa19_gasoline_95,"Teixeira & Martins - Automóveis, Lda.",GALP,gasoline_95,Gasolina simples 95,Outro,2.051,Vila Nova de Famalicão,Braga,Av. Marechal Humberto Delgado,Quinta da Maia,4760-901,41.40408,-8.51616,"teixeira & martins - automóveis, lda.",galp,av. marechal humberto delgado,"2,051 €",2026-05-15_dgeg_postos_raw.csv,78b1cbaec8f06577
2026-05-15,2026-05-15 14:31:32,2026-05-15 00:05:00,3a8d20364a77aa19,3a8d20364a77aa19_gasoline_98,"Teixeira & Martins - Automóveis, Lda.",GALP,gasoline_98,Gasolina especial 98,Outro,2.261,Vila Nova de Famalicão,Braga,Av. Marechal Humberto Delgado,Quinta da Maia,4760-901,41.40408,-8.51616,"teixeira & martins - automóveis, lda.",galp,av. marechal humberto delgado,"2,261 €",2026-05-15_dgeg_postos_raw.csv,67eb462d79299460
2026-05-15,2026-05-15 14:31:32,2026-05-15 00:05:00,48b9ebc73733add2,48b9ebc73733add2_diesel_regular,"Teixeira & Martins - Automóveis, Lda.",GALP,diesel_regular,Gasóleo simples,Outro,2.015,Vila do Conde,Porto,"EN 13 - E Km 17,4",Vilar do Pinheiro - Mindelo,4485-473,41.31323,-8.708,"teixeira & martins - automóveis, lda.",galp,"en 13 - e km 17,4","2,015 €",2026-05-15_dgeg_postos_raw.csv,67097e395f2c3bc5
2026-05-15,2026-05-15 14:31:32,2026-05-15 00:05:00,48b9ebc73733add2,48b9ebc73733add2_diesel_premium,"Teixeira & Martins - Automóveis, Lda.",GALP,diesel_premium,Gasóleo especial,Outro,2.065,Vila do Conde,Porto,"EN 13 - E Km 17,4",Vilar do Pinheiro - Mindelo,4485-473,41.31323,-8.708,"teixeira & martins - automóveis, lda.",galp,"en 13 - e km 17,4","2,065 €",2026-05-15_dgeg_postos_raw.csv,fac4e3b181419b9b
2026-05-15,2026-05-15 14:31:32,2026-05-15 00:05:00,48b9ebc73733add2,48b9ebc73733add2_gasoline_95,"Teixeira & Martins - Automóveis, Lda.",GALP,gasoline_95,Gasolina simples 95,Outro,2.011,Vila do Conde,Porto,"EN 13 - E Km 17,4",Vilar do Pinheiro - Mindelo,4485-473,41.31323,-8.708,"teixeira & martins - automóveis, lda.",galp,"en 13 - e km 17,4","2,011 €",2026-05-15_dgeg_postos_raw.csv,80a99582bff8251f
2026-05-15,2026-05-15 14:31:32,2026-05-15 00:05:00,55939aebb6fd7d24,55939aebb6fd7d24_diesel_regular,"VIDA N'AVENIDA - COMBUSTIVEIS, LDA",GALP,diesel_regular,Gasóleo simples,Outro,2.055,Vila Nova de Gaia,Porto,"EN 222 Km 6,600",Pedroso,4415-000,41.0922,-8.54258,"vida n'avenida - combustiveis, lda",galp,"en 222 km 6,600","2,055 €",2026-05-15_dgeg_postos_raw.csv,5b7319eb539f58e5
2026-05-15,2026-05-15 14:31:32,2026-05-15 00:05:00,55939aebb6fd7d24,55939aebb6fd7d24_diesel_premium,"VIDA N'AVENIDA - COMBUSTIVEIS, LDA",GALP,diesel_premium,Gasóleo especial,Outro,2.105,Vila Nova de Gaia,Porto,"EN 222 Km 6,600",Pedroso,4415-000,41.0922,-8.54258,"vida n'avenida - combustiveis, lda",galp,"en 222 km 6,600","2,105 €",2026-05-15_dgeg_postos_raw.csv,e5a1a7c581c6d879
2026-05-15,2026-05-15 14:31:32,2026-05-15 00:05:00,55939aebb6fd7d24,55939aebb6fd7d24_gasoline_95,"VIDA N'AVENIDA - COMBUSTIVEIS, LDA",GALP,gasoline_95,Gasolina simples 95,Outro,2.051,Vila Nova de Gaia,Porto,"EN 222 Km 6,600",Pedroso,4415-000,41.0922,-8.54258,"vida n'avenida - combustiveis, lda",galp,"en 222 km 6,600","2,051 €",2026-05-15_dgeg_postos_raw.csv,767d1469dd36b7f3
2026-05-15,2026-05-15 14:31:32,2026-05-15 00:05:00,cbd05aa321ddf950,cbd05aa321ddf950_diesel_regular,"PETROSALSA – Distribuição de Combustíveis, Lda.",GALP,diesel_regular,Gasóleo simples,Outro,2.079,Vila Franca de Xira,Lisboa,Rua Vilar Queiroz,Alverca - Quinta das Drogas,2615-000,38.889903,-9.040554,"petrosalsa – distribuição de combustíveis, lda.",galp,rua vilar queiroz,"2,079 €",2026-05-15_dgeg_postos_raw.csv,a30d2d127ab8d19f
2026-05-15,2026-05-15 14:31:32,2026-05-15 00:05:00,cbd05aa321ddf950,cbd05aa321ddf950_diesel_premium,"PETROSALSA – Distribuição de Combustíveis, Lda.",GALP,diesel_premium,Gasóleo especial,Outro,2.129,Vila Franca de Xira,Lisboa,Rua Vilar Queiroz,Alverca - Quinta das Drogas,2615-000,38.889903,-9.040554,"petrosalsa – distribuição de combustíveis, lda.",galp,rua vilar queiroz,"2,129 €",2026-05-15_dgeg_postos_raw.csv,0a982d4b0323e34c
2026-05-15,2026-05-15 14:31:32,2026-05-15 00:05:00,cbd05aa321ddf950,cbd05aa321ddf950_gasoline_95,"PETROSALSA – Distribuição de Combustíveis, Lda.",GALP,gasoline_95,Gasolina simples 95,Outro,2.072,Vila Franca de Xira,Lisboa,Rua Vilar Queiroz,Alverca - Quinta das Drogas,2615-000,38.889903,-9.040554,"petrosalsa – distribuição de combustíveis, lda.",galp,rua vilar queiroz,"2,072 €",2026-05-15_dgeg_postos_raw.csv,c4cbdbb6641c4c62
2026-05-15,2026-05-15 14:31:32,2026-05-15 00:05:00,cbd05aa321ddf950,cbd05aa321ddf950_gasoline_98,"PETROSALSA – Distribuição de Combustíveis, Lda.",GALP,gasoline_98,Gasolina especial 98,Outro,2.282,Vila Franca de Xira,Lisboa,Rua Vilar Queiroz,Alverca - Quinta das Drogas,2615-000,38.889903,-9.040554,"petrosalsa – distribuição de combustíveis, lda.",galp,rua vilar queiroz,"2,282 €",2026-05-15_dgeg_postos_raw.csv,5cb17dc6396b18a9
2026-05-15,2026-05-15 14:31:32,2026-05-15 00:05:00,53540160ec9a81bc,53540160ec9a81bc_diesel_regular,"Rodrigues & Lagarto, lda",GALP,diesel_regular,Gasóleo simples,Outro,2.061,Vila Franca de Xira,Lisboa,"EN 10 Km 123,7",Alhadra,2600-000,38.93268,-9.00729,"rodrigues & lagarto, lda",galp,"en 10 km 123,7","2,061 €",2026-05-15_dgeg_postos_raw.csv,8482b43b9b59c7b2
2026-05-15,2026-05-15 14:31:32,2026-05-15 00:05:00,53540160ec9a81bc,53540160ec9a81bc_diesel_premium,"Rodrigues & Lagarto, lda",GALP,diesel_premium,Gasóleo especial,Outro,2.116,Vila Franca de Xira,Lisboa,"EN 10 Km 123,7",Alhadra,2600-000,38.93268,-9.00729,"rodrigues & lagarto, lda",galp,"en 10 km 123,7","2,116 €",2026-05-15_dgeg_postos_raw.csv,5b339b18741c1938
2026-05-15,2026-05-15 14:31:32,2026-05-15 00:05:00,53540160ec9a81bc,53540160ec9a81bc_gasoline_95,"Rodrigues & Lagarto, lda",GALP,gasoline_95,Gasolina simples 95,Outro,2.056,Vila Franca de Xira,Lisboa,"EN 10 Km 123,7",Alhadra,2600-000,38.93268,-9.00729,"rodrigues & lagarto, lda",galp,"en 10 km 123,7","2,056 €",2026-05-15_dgeg_postos_raw.csv,3b99079908741d52
2026-05-15,2026-05-15 14:31:32,2026-05-15 00:05:00,7809e9b4c039495b,7809e9b4c039495b_diesel_regular,GALP VILA FRANCA XIRA,GALP,diesel_regular,Gasóleo simples,Outro,2.079,Vila Franca de Xira,Lisboa,"EN 1 Km 24,7",Povos,2600-000,38.965427,-8.983408,galp vila franca xira,galp,"en 1 km 24,7","2,079 €",2026-05-15_dgeg_postos_raw.csv,3e715a2a2c44fa9f
2026-05-15,2026-05-15 14:31:32,2026-05-15 00:05:00,7809e9b4c039495b,7809e9b4c039495b_diesel_premium,GALP VILA FRANCA XIRA,GALP,diesel_premium,Gasóleo especial,Outro,2.129,Vila Franca de Xira,Lisboa,"EN 1 Km 24,7",Povos,2600-000,38.965427,-8.983408,galp vila franca xira,galp,"en 1 km 24,7","2,129 €",2026-05-15_dgeg_postos_raw.csv,8746ab02ec760189
2026-05-15,2026-05-15 14:31:32,2026-05-15 00:05:00,7809e9b4c039495b,7809e9b4c039495b_gasoline_95,GALP VILA FRANCA XIRA,GALP,gasoline_95,Gasolina simples 95,Outro,2.082,Vila Franca de Xira,Lisboa,"EN 1 Km 24,7",Povos,2600-000,38.965427,-8.983408,galp vila franca xira,galp,"en 1 km 24,7","2,082 €",2026-05-15_dgeg_postos_raw.csv,63ab3944f7d28f82
2026-05-15,2026-05-15 14:31:32,2026-05-15 00:05:00,7809e9b4c039495b,7809e9b4c039495b_gasoline_98,GALP VILA FRANCA XIRA,GALP,gasoline_98,Gasolina especial 98,Outro,2.292,Vila Franca de Xira,Lisboa,"EN 1 Km 24,7",Povos,2600-000,38.965427,-8.983408,galp vila franca xira,galp,"en 1 km 24,7","2,292 €",2026-05-15_dgeg_postos_raw.csv,fbe2708dba5189f3
2026-05-15,2026-05-15 14:31:32,2026-05-15 00:05:00,398a8bb4343ee690,398a8bb4343ee690_diesel_regular,"Rodrigues e Lagarto ,lda",GALP,diesel_regular,Gasóleo simples,Outro,2.079,Vila Franca de Xira,Lisboa,EN 10 Km 25,Povos,2600-000,38.96705,-8.9831,"rodrigues e lagarto ,lda",galp,en 10 km 25,"2,079 €",2026-05-15_dgeg_postos_raw.csv,b95c52c73cdde120
2026-05-15,2026-05-15 14:31:32,2026-05-15 00:05:00,398a8bb4343ee690,398a8bb4343ee690_diesel_premium,"Rodrigues e Lagarto ,lda",GALP,diesel_premium,Gasóleo especial,Outro,2.129,Vila Franca de Xira,Lisboa,EN 10 Km 25,Povos,2600-000,38.96705,-8.9831,"rodrigues e lagarto ,lda",galp,en 10 km 25,"2,129 €",2026-05-15_dgeg_postos_raw.csv,b158b0831d566187
2026-05-15,2026-05-15 14:31:32,2026-05-15 00:05:00,398a8bb4343ee690,398a8bb4343ee690_gasoline_95,"Rodrigues e Lagarto ,lda",GALP,gasoline_95,Gasolina simples 95,Outro,2.082,Vila Franca de Xira,Lisboa,EN 10 Km 25,Povos,2600-000,38.96705,-8.9831,"rodrigues e lagarto ,lda",galp,en 10 km 25,"2,082 €",2026-05-15_dgeg_postos_raw.csv,ce8720e616a3c22c
2026-05-15,2026-05-15 14:31:32,2026-05-15 00:05:00,abda9c5bee3a27d3,abda9c5bee3a27d3_gasoline_98,GALP Rechousa,GALP,gasoline_98,Gasolina especial 98,Outro,1.994,Vila Nova de Gaia,Porto,"E.N. 1, Km 299 - RECHOUSA, CANELAS",Arcozelo,4410-322,41.09484,-8.598807,galp rechousa,galp,"e.n. 1, km 299 - rechousa, canelas","1,994 €",2026-05-15_dgeg_postos_raw.csv,c428e6d234e3d5ea
2026-05-15,2026-05-15 14:31:32,2026-05-15 00:05:00,c81707b54dae7e18,c81707b54dae7e18_diesel_regular,"PGL Sabores, Lda.",GALP,diesel_regular,Gasóleo simples,Outro,2.055,Vila Nova de Poiares,Coimbra,Av. Manuel Carvalho Coelho,Santo André,3350-000,40.205629,-8.248116,"pgl sabores, lda.",galp,av. manuel carvalho coelho,"2,055 €",2026-05-15_dgeg_postos_raw.csv,f332e8ab81808209
2026-05-15,2026-05-15 14:31:32,2026-05-15 00:05:00,c81707b54dae7e18,c81707b54dae7e18_diesel_premium,"PGL Sabores, Lda.",GALP,diesel_premium,Gasóleo especial,Outro,2.105,Vila Nova de Poiares,Coimbra,Av. Manuel Carvalho Coelho,Santo André,3350-000,40.205629,-8.248116,"pgl sabores, lda.",galp,av. manuel carvalho coelho,"2,105 €",2026-05-15_dgeg_postos_raw.csv,b1d1a5fcd21b5635
2026-05-15,2026-05-15 14:31:32,2026-05-15 00:05:00,c81707b54dae7e18,c81707b54dae7e18_gasoline_95,"PGL Sabores, Lda.",GALP,gasoline_95,Gasolina simples 95,Outro,2.051,Vila Nova de Poiares,Coimbra,Av. Manuel Carvalho Coelho,Santo André,3350-000,40.205629,-8.248116,"pgl sabores, lda.",galp,av. manuel carvalho coelho,"2,051 €",2026-05-15_dgeg_postos_raw.csv,79b74f999ede9537
2026-05-15,2026-05-15 14:31:32,2026-05-15 00:05:00,c81707b54dae7e18,c81707b54dae7e18_gasoline_98,"PGL Sabores, Lda.",GALP,gasoline_98,Gasolina especial 98,Outro,2.261,Vila Nova de Poiares,Coimbra,Av. Manuel Carvalho Coelho,Santo André,3350-000,40.205629,-8.248116,"pgl sabores, lda.",galp,av. manuel carvalho coelho,"2,261 €",2026-05-15_dgeg_postos_raw.csv,400d5048d54ca138
2026-05-15,2026-05-15 14:31:32,2026-05-15 00:05:00,ed6916594a987149,ed6916594a987149_diesel_regular,"Pneus Vidago, Lda",GALP,diesel_regular,Gasóleo simples,Outro,2.025,Vila Pouca de Aguiar,Vila Real,Rua Henrique Maia,Pedras Salgadas,5450-000,41.53989,-7.60493,"pneus vidago, lda",galp,rua henrique maia,"2,025 €",2026-05-15_dgeg_postos_raw.csv,b878518f5a9eaaf7
2026-05-15,2026-05-15 14:31:32,2026-05-15 00:05:00,ed6916594a987149,ed6916594a987149_diesel_premium,"Pneus Vidago, Lda",GALP,diesel_premium,Gasóleo especial,Outro,2.075,Vila Pouca de Aguiar,Vila Real,Rua Henrique Maia,Pedras Salgadas,5450-000,41.53989,-7.60493,"pneus vidago, lda",galp,rua henrique maia,"2,075 €",2026-05-15_dgeg_postos_raw.csv,4357ee2ed06011a6
2026-05-15,2026-05-15 14:31:32,2026-05-15 00:05:00,ed6916594a987149,ed6916594a987149_gasoline_95,"Pneus Vidago, Lda",GALP,gasoline_95,Gasolina simples 95,Outro,2.021,Vila Pouca de Aguiar,Vila Real,Rua Henrique Maia,Pedras Salgadas,5450-000,41.53989,-7.60493,"pneus vidago, lda",galp,rua henrique maia,"2,021 €",2026-05-15_dgeg_postos_raw.csv,d4d567dcad594296
2026-05-15,2026-05-15 14:31:32,2026-05-15 00:05:00,25e4c690f8ea5f28,25e4c690f8ea5f28_diesel_regular,João Moisés Vital da Silva,GALP,diesel_regular,Gasóleo simples,Outro,2.025,Vila Pouca de Aguiar,Vila Real,EN 206 - Rua António José D'Ávila,Vila Pouca de Aguiar,5450-000,41.501088,-7.643409,joão moisés vital da silva,galp,en 206 - rua antónio josé d'ávila,"2,025 €",2026-05-15_dgeg_postos_raw.csv,8a400cd79d6c2e94
2026-05-15,2026-05-15 14:31:32,2026-05-15 00:05:00,25e4c690f8ea5f28,25e4c690f8ea5f28_diesel_premium,João Moisés Vital da Silva,GALP,diesel_premium,Gasóleo especial,Outro,2.075,Vila Pouca de Aguiar,Vila Real,EN 206 - Rua António José D'Ávila,Vila Pouca de Aguiar,5450-000,41.501088,-7.643409,joão moisés vital da silva,galp,en 206 - rua antónio josé d'ávila,"2,075 €",2026-05-15_dgeg_postos_raw.csv,d6cd0c48131b7749
2026-05-15,2026-05-15 14:31:32,2026-05-15 00:05:00,25e4c690f8ea5f28,25e4c690f8ea5f28_gasoline_95,João Moisés Vital da Silva,GALP,gasoline_95,Gasolina simples 95,Outro,2.021,Vila Pouca de Aguiar,Vila Real,EN 206 - Rua António José D'Ávila,Vila Pouca de Aguiar,5450-000,41.501088,-7.643409,joão moisés vital da silva,galp,en 206 - rua antónio josé d'ávila,"2,021 €",2026-05-15_dgeg_postos_raw.csv,add8b6286eae2c4b
2026-05-15,2026-05-15 14:31:32,2026-05-15 00:05:00,fc1d2d22dee84463,fc1d2d22dee84463_diesel_regular,"Chamauto, Lda",GALP,diesel_regular,Gasóleo simples,Outro,2.019,Vila Real,Vila Real,Praceta da Carreira,Vila Real,5000-560,41.30092,-7.74066,"chamauto, lda",galp,praceta da carreira,"2,019 €",2026-05-15_dgeg_postos_raw.csv,570d213aa68f790f
2026-05-15,2026-05-15 14:31:32,2026-05-15 00:05:00,fc1d2d22dee84463,fc1d2d22dee84463_diesel_premium,"Chamauto, Lda",GALP,diesel_premium,Gasóleo especial,Outro,2.069,Vila Real,Vila Real,Praceta da Carreira,Vila Real,5000-560,41.30092,-7.74066,"chamauto, lda",galp,praceta da carreira,"2,069 €",2026-05-15_dgeg_postos_raw.csv,26ec808338f23da0
2026-05-15,2026-05-15 14:31:32,2026-05-15 00:05:00,fc1d2d22dee84463,fc1d2d22dee84463_gasoline_95,"Chamauto, Lda",GALP,gasoline_95,Gasolina simples 95,Outro,2.017,Vila Real,Vila Real,Praceta da Carreira,Vila Real,5000-560,41.30092,-7.74066,"chamauto, lda",galp,praceta da carreira,"2,017 €",2026-05-15_dgeg_postos_raw.csv,ebd53ad50418c637
2026-05-15,2026-05-15 14:31:32,2026-05-15 00:05:00,fc1d2d22dee84463,fc1d2d22dee84463_gasoline_98,"Chamauto, Lda",GALP,gasoline_98,Gasolina especial 98,Outro,2.227,Vila Real,Vila Real,Praceta da Carreira,Vila Real,5000-560,41.30092,-7.74066,"chamauto, lda",galp,praceta da carreira,"2,227 €",2026-05-15_dgeg_postos_raw.csv,41a4d27603832284
2026-05-15,2026-05-15 14:31:32,2026-05-15 00:05:00,3e22386d1e66b80f,3e22386d1e66b80f_diesel_regular,"Petrolourerio, Lda",GALP,diesel_regular,Gasóleo simples,Outro,2.019,Vila Real,Vila Real,Rua Visconde Carnaxide nº 26,Vila Real,5000-556,41.29383,-7.73606,"petrolourerio, lda",galp,rua visconde carnaxide nº 26,"2,019 €",2026-05-15_dgeg_postos_raw.csv,1888ddcc875e9158
2026-05-15,2026-05-15 14:31:32,2026-05-15 00:05:00,3e22386d1e66b80f,3e22386d1e66b80f_diesel_premium,"Petrolourerio, Lda",GALP,diesel_premium,Gasóleo especial,Outro,2.069,Vila Real,Vila Real,Rua Visconde Carnaxide nº 26,Vila Real,5000-556,41.29383,-7.73606,"petrolourerio, lda",galp,rua visconde carnaxide nº 26,"2,069 €",2026-05-15_dgeg_postos_raw.csv,de1d0f9bd624f2be
2026-05-15,2026-05-15 14:31:32,2026-05-15 00:05:00,3e22386d1e66b80f,3e22386d1e66b80f_gasoline_95,"Petrolourerio, Lda",GALP,gasoline_95,Gasolina simples 95,Outro,2.017,Vila Real,Vila Real,Rua Visconde Carnaxide nº 26,Vila Real,5000-556,41.29383,-7.73606,"petrolourerio, lda",galp,rua visconde carnaxide nº 26,"2,017 €",2026-05-15_dgeg_postos_raw.csv,2c555e9f22d2e67b
2026-05-15,2026-05-15 14:31:32,2026-05-15 00:05:00,5ae4d70dd2b9a01d,5ae4d70dd2b9a01d_diesel_regular,"MIGUEL SALAS - COMÉRCIO DE COMBUSTÍVEIS, UNIPESSOAL, LDA",GALP,diesel_regular,Gasóleo simples,Outro,2.029,Vila Real de Santo António,Faro,EN 125 (Av. dos Bombeiros Portugueses),Vila Real de Santo António,8900-209,37.19355,-7.42093,"miguel salas - comércio de combustíveis, unipessoal, lda",galp,en 125 (av. dos bombeiros portugueses),"2,029 €",2026-05-15_dgeg_postos_raw.csv,a71780cb740974e5
2026-05-15,2026-05-15 14:31:32,2026-05-15 00:05:00,5ae4d70dd2b9a01d,5ae4d70dd2b9a01d_diesel_premium,"MIGUEL SALAS - COMÉRCIO DE COMBUSTÍVEIS, UNIPESSOAL, LDA",GALP,diesel_premium,Gasóleo especial,Outro,2.079,Vila Real de Santo António,Faro,EN 125 (Av. dos Bombeiros Portugueses),Vila Real de Santo António,8900-209,37.19355,-7.42093,"miguel salas - comércio de combustíveis, unipessoal, lda",galp,en 125 (av. dos bombeiros portugueses),"2,079 €",2026-05-15_dgeg_postos_raw.csv,b278864d0be14691
2026-05-15,2026-05-15 14:31:32,2026-05-15 00:05:00,5ae4d70dd2b9a01d,5ae4d70dd2b9a01d_gasoline_95,"MIGUEL SALAS - COMÉRCIO DE COMBUSTÍVEIS, UNIPESSOAL, LDA",GALP,gasoline_95,Gasolina simples 95,Outro,2.051,Vila Real de Santo António,Faro,EN 125 (Av. dos Bombeiros Portugueses),Vila Real de Santo António,8900-209,37.19355,-7.42093,"miguel salas - comércio de combustíveis, unipessoal, lda",galp,en 125 (av. dos bombeiros portugueses),"2,051 €",2026-05-15_dgeg_postos_raw.csv,6696747c102f5f72
2026-05-15,2026-05-15 14:31:32,2026-05-15 00:05:00,b03a0fd0a22bb9c7,b03a0fd0a22bb9c7_diesel_regular,"Santos da Cunha 6 - Logística e Transportes, Lda.",GALP,diesel_regular,Gasóleo simples,Outro,2.029,Vila Verde,Braga,"EN 201, Km 58,93 - Largo do Bom Sucesso",Prado Santa Maria,4730-453,41.59809,-8.46518,"santos da cunha 6 - logística e transportes, lda.",galp,"en 201, km 58,93 - largo do bom sucesso","2,029 €",2026-05-15_dgeg_postos_raw.csv,b1c07fb3c4cda002
2026-05-15,2026-05-15 14:31:32,2026-05-15 00:05:00,b03a0fd0a22bb9c7,b03a0fd0a22bb9c7_diesel_premium,"Santos da Cunha 6 - Logística e Transportes, Lda.",GALP,diesel_premium,Gasóleo especial,Outro,2.079,Vila Verde,Braga,"EN 201, Km 58,93 - Largo do Bom Sucesso",Prado Santa Maria,4730-453,41.59809,-8.46518,"santos da cunha 6 - logística e transportes, lda.",galp,"en 201, km 58,93 - largo do bom sucesso","2,079 €",2026-05-15_dgeg_postos_raw.csv,0dc749ef18f06074
2026-05-15,2026-05-15 14:31:32,2026-05-15 00:05:00,b03a0fd0a22bb9c7,b03a0fd0a22bb9c7_gasoline_95,"Santos da Cunha 6 - Logística e Transportes, Lda.",GALP,gasoline_95,Gasolina simples 95,Outro,2.026,Vila Verde,Braga,"EN 201, Km 58,93 - Largo do Bom Sucesso",Prado Santa Maria,4730-453,41.59809,-8.46518,"santos da cunha 6 - logística e transportes, lda.",galp,"en 201, km 58,93 - largo do bom sucesso","2,026 €",2026-05-15_dgeg_postos_raw.csv,a00bffa55feb8fdf
2026-05-15,2026-05-15 14:31:32,2026-05-15 00:05:00,99007ddde2428839,99007ddde2428839_diesel_regular,"Petrocentro - Comb. Deriv. Petróleo, Lda",GALP,diesel_regular,Gasóleo simples,Outro,2.019,Viseu,Viseu,Av. Almirante Afonso Cerqueira (Prac.Carlos Lopes),Viseu,3500-000,40.659527,-7.922799,"petrocentro - comb. deriv. petróleo, lda",galp,av. almirante afonso cerqueira (prac.carlos lopes),"2,019 €",2026-05-15_dgeg_postos_raw.csv,b814c34d509bc34c
2026-05-15,2026-05-15 14:31:32,2026-05-15 00:05:00,99007ddde2428839,99007ddde2428839_diesel_premium,"Petrocentro - Comb. Deriv. Petróleo, Lda",GALP,diesel_premium,Gasóleo especial,Outro,2.074,Viseu,Viseu,Av. Almirante Afonso Cerqueira (Prac.Carlos Lopes),Viseu,3500-000,40.659527,-7.922799,"petrocentro - comb. deriv. petróleo, lda",galp,av. almirante afonso cerqueira (prac.carlos lopes),"2,074 €",2026-05-15_dgeg_postos_raw.csv,4fa04f8873708dfe
2026-05-15,2026-05-15 14:31:32,2026-05-15 00:05:00,99007ddde2428839,99007ddde2428839_gasoline_95,"Petrocentro - Comb. Deriv. Petróleo, Lda",GALP,gasoline_95,Gasolina simples 95,Outro,2.017,Viseu,Viseu,Av. Almirante Afonso Cerqueira (Prac.Carlos Lopes),Viseu,3500-000,40.659527,-7.922799,"petrocentro - comb. deriv. petróleo, lda",galp,av. almirante afonso cerqueira (prac.carlos lopes),"2,017 €",2026-05-15_dgeg_postos_raw.csv,82f6ab8d678291b2
2026-05-15,2026-05-15 14:31:32,2026-05-15 00:05:00,99007ddde2428839,99007ddde2428839_gasoline_98,"Petrocentro - Comb. Deriv. Petróleo, Lda",GALP,gasoline_98,Gasolina especial 98,Outro,2.227,Viseu,Viseu,Av. Almirante Afonso Cerqueira (Prac.Carlos Lopes),Viseu,3500-000,40.659527,-7.922799,"petrocentro - comb. deriv. petróleo, lda",galp,av. almirante afonso cerqueira (prac.carlos lopes),"2,227 €",2026-05-15_dgeg_postos_raw.csv,f81a8fb20f6afe16
2026-05-15,2026-05-15 14:31:32,2026-05-15 00:05:00,289c406c04d9d2b2,289c406c04d9d2b2_diesel_regular,"SDL - Soc. Dist. Lubs, Lda",GALP,diesel_regular,Gasóleo simples,Outro,2.019,Viseu,Viseu,Recta do Caçador,Rio de Loba,3500-000,40.64252,-7.86342,"sdl - soc. dist. lubs, lda",galp,recta do caçador,"2,019 €",2026-05-15_dgeg_postos_raw.csv,5c316a91e6ed18c9
2026-05-15,2026-05-15 14:31:32,2026-05-15 00:05:00,289c406c04d9d2b2,289c406c04d9d2b2_diesel_premium,"SDL - Soc. Dist. Lubs, Lda",GALP,diesel_premium,Gasóleo especial,Outro,2.074,Viseu,Viseu,Recta do Caçador,Rio de Loba,3500-000,40.64252,-7.86342,"sdl - soc. dist. lubs, lda",galp,recta do caçador,"2,074 €",2026-05-15_dgeg_postos_raw.csv,d057d2862180a649
2026-05-15,2026-05-15 14:31:32,2026-05-15 00:05:00,289c406c04d9d2b2,289c406c04d9d2b2_gasoline_95,"SDL - Soc. Dist. Lubs, Lda",GALP,gasoline_95,Gasolina simples 95,Outro,2.017,Viseu,Viseu,Recta do Caçador,Rio de Loba,3500-000,40.64252,-7.86342,"sdl - soc. dist. lubs, lda",galp,recta do caçador,"2,017 €",2026-05-15_dgeg_postos_raw.csv,ba100d60f5620045
2026-05-15,2026-05-15 14:31:32,2026-05-15 00:05:00,30a9edc6c11471d8,30a9edc6c11471d8_diesel_regular,"R.P.I. Vale & Fernandes, Ldª",GALP,diesel_regular,Gasóleo simples,Outro,2.019,Vizela,Braga,Rua das Teixogueiras,Caldas de Vizela,4815-000,41.37988,-8.31382,"r.p.i. vale & fernandes, ldª",galp,rua das teixogueiras,"2,019 €",2026-05-15_dgeg_postos_raw.csv,804ef4a9706c0060
2026-05-15,2026-05-15 14:31:32,2026-05-15 00:05:00,30a9edc6c11471d8,30a9edc6c11471d8_diesel_premium,"R.P.I. Vale & Fernandes, Ldª",GALP,diesel_premium,Gasóleo especial,Outro,2.069,Vizela,Braga,Rua das Teixogueiras,Caldas de Vizela,4815-000,41.37988,-8.31382,"r.p.i. vale & fernandes, ldª",galp,rua das teixogueiras,"2,069 €",2026-05-15_dgeg_postos_raw.csv,02e3635586e5440f
2026-05-15,2026-05-15 14:31:32,2026-05-15 00:05:00,30a9edc6c11471d8,30a9edc6c11471d8_gasoline_95,"R.P.I. Vale & Fernandes, Ldª",GALP,gasoline_95,Gasolina simples 95,Outro,2.017,Vizela,Braga,Rua das Teixogueiras,Caldas de Vizela,4815-000,41.37988,-8.31382,"r.p.i. vale & fernandes, ldª",galp,rua das teixogueiras,"2,017 €",2026-05-15_dgeg_postos_raw.csv,4e29dacfddc16f54
2026-05-15,2026-05-15 14:31:32,2026-05-15 00:05:00,c4e2fc832f13ddc3,c4e2fc832f13ddc3_diesel_regular,"Auto Reparadora Moura, Lda.",GALP,diesel_regular,Gasóleo simples,Outro,2.029,Maia,Porto,"EN 105, Km 3,95 - Rua D. Afonso Henriques nº 3965",Águas Santas,4425-057,41.21266,-8.5643,"auto reparadora moura, lda.",galp,"en 105, km 3,95 - rua d. afonso henriques nº 3965","2,029 €",2026-05-15_dgeg_postos_raw.csv,aa93f1accbbd8841
2026-05-15,2026-05-15 14:31:32,2026-05-15 00:05:00,c4e2fc832f13ddc3,c4e2fc832f13ddc3_diesel_premium,"Auto Reparadora Moura, Lda.",GALP,diesel_premium,Gasóleo especial,Outro,2.079,Maia,Porto,"EN 105, Km 3,95 - Rua D. Afonso Henriques nº 3965",Águas Santas,4425-057,41.21266,-8.5643,"auto reparadora moura, lda.",galp,"en 105, km 3,95 - rua d. afonso henriques nº 3965","2,079 €",2026-05-15_dgeg_postos_raw.csv,5dcd944341014ef3
2026-05-15,2026-05-15 14:31:32,2026-05-15 00:05:00,c4e2fc832f13ddc3,c4e2fc832f13ddc3_gasoline_95,"Auto Reparadora Moura, Lda.",GALP,gasoline_95,Gasolina simples 95,Outro,2.026,Maia,Porto,"EN 105, Km 3,95 - Rua D. Afonso Henriques nº 3965",Águas Santas,4425-057,41.21266,-8.5643,"auto reparadora moura, lda.",galp,"en 105, km 3,95 - rua d. afonso henriques nº 3965","2,026 €",2026-05-15_dgeg_postos_raw.csv,c5b8e8fc59dd37de
2026-05-15,2026-05-15 14:31:32,2026-05-15 00:05:00,ebbf8dc94c57a27b,ebbf8dc94c57a27b_diesel_regular,"L. A. CAMEIRINHA , LDA",GALP,diesel_regular,Gasóleo simples,Outro,2.055,Beja,Beja,Rua de Lisboa,Beja,7800-000,38.02075,-7.87145,"l. a. cameirinha , lda",galp,rua de lisboa,"2,055 €",2026-05-15_dgeg_postos_raw.csv,daae51d4fbc0b2db
2026-05-15,2026-05-15 14:31:32,2026-05-15 00:05:00,ebbf8dc94c57a27b,ebbf8dc94c57a27b_diesel_premium,"L. A. CAMEIRINHA , LDA",GALP,diesel_premium,Gasóleo especial,Outro,2.105,Beja,Beja,Rua de Lisboa,Beja,7800-000,38.02075,-7.87145,"l. a. cameirinha , lda",galp,rua de lisboa,"2,105 €",2026-05-15_dgeg_postos_raw.csv,bd595699a7521ee3
2026-05-15,2026-05-15 14:31:32,2026-05-15 00:05:00,ebbf8dc94c57a27b,ebbf8dc94c57a27b_gasoline_95,"L. A. CAMEIRINHA , LDA",GALP,gasoline_95,Gasolina simples 95,Outro,2.061,Beja,Beja,Rua de Lisboa,Beja,7800-000,38.02075,-7.87145,"l. a. cameirinha , lda",galp,rua de lisboa,"2,061 €",2026-05-15_dgeg_postos_raw.csv,6b5a7de399e61d67
2026-05-15,2026-05-15 14:31:32,2026-05-15 00:05:00,ebbf8dc94c57a27b,ebbf8dc94c57a27b_gasoline_98,"L. A. CAMEIRINHA , LDA",GALP,gasoline_98,Gasolina especial 98,Outro,2.271,Beja,Beja,Rua de Lisboa,Beja,7800-000,38.02075,-7.87145,"l. a. cameirinha , lda",galp,rua de lisboa,"2,271 €",2026-05-15_dgeg_postos_raw.csv,7f6ced606b5cb399
2026-05-15,2026-05-15 14:31:32,2026-05-15 00:05:00,f6210debd10a0d1e,f6210debd10a0d1e_diesel_regular,"Lita & Azenhas - Combistiveis, Ldª",GALP,diesel_regular,Gasóleo simples,Outro,2.079,Mealhada,Aveiro,"EN 1- Km 221,25",Sernadelo,3050-362,40.39489,-8.450924,"lita & azenhas - combistiveis, ldª",galp,"en 1- km 221,25","2,079 €",2026-05-15_dgeg_postos_raw.csv,84fa659b11c95ac8
2026-05-15,2026-05-15 14:31:32,2026-05-15 00:05:00,f6210debd10a0d1e,f6210debd10a0d1e_diesel_premium,"Lita & Azenhas - Combistiveis, Ldª",GALP,diesel_premium,Gasóleo especial,Outro,2.129,Mealhada,Aveiro,"EN 1- Km 221,25",Sernadelo,3050-362,40.39489,-8.450924,"lita & azenhas - combistiveis, ldª",galp,"en 1- km 221,25","2,129 €",2026-05-15_dgeg_postos_raw.csv,70abf109b1acd14f
2026-05-15,2026-05-15 14:31:32,2026-05-15 00:05:00,f6210debd10a0d1e,f6210debd10a0d1e_gasoline_95,"Lita & Azenhas - Combistiveis, Ldª",GALP,gasoline_95,Gasolina simples 95,Outro,2.072,Mealhada,Aveiro,"EN 1- Km 221,25",Sernadelo,3050-362,40.39489,-8.450924,"lita & azenhas - combistiveis, ldª",galp,"en 1- km 221,25","2,072 €",2026-05-15_dgeg_postos_raw.csv,70e4773b5f3343e8
2026-05-15,2026-05-15 14:31:32,2026-05-15 00:05:00,60d71c53e6051a0b,60d71c53e6051a0b_diesel_regular,"RUIVO & CARMONA, LDA.",GALP,diesel_regular,Gasóleo simples,Outro,2.055,Vila Velha de Ródão,Castelo Branco,"N3, km 196.700",Sarnadas do Ródão,6030-116,39.75248,-7.616475,"ruivo & carmona, lda.",galp,"n3, km 196.700","2,055 €",2026-05-15_dgeg_postos_raw.csv,513338b13f21a1a9
2026-05-15,2026-05-15 14:31:32,2026-05-15 00:05:00,60d71c53e6051a0b,60d71c53e6051a0b_diesel_premium,"RUIVO & CARMONA, LDA.",GALP,diesel_premium,Gasóleo especial,Outro,2.105,Vila Velha de Ródão,Castelo Branco,"N3, km 196.700",Sarnadas do Ródão,6030-116,39.75248,-7.616475,"ruivo & carmona, lda.",galp,"n3, km 196.700","2,105 €",2026-05-15_dgeg_postos_raw.csv,4d753bdf23a3e5ca
2026-05-15,2026-05-15 14:31:32,2026-05-15 00:05:00,60d71c53e6051a0b,60d71c53e6051a0b_gasoline_95,"RUIVO & CARMONA, LDA.",GALP,gasoline_95,Gasolina simples 95,Outro,2.051,Vila Velha de Ródão,Castelo Branco,"N3, km 196.700",Sarnadas do Ródão,6030-116,39.75248,-7.616475,"ruivo & carmona, lda.",galp,"n3, km 196.700","2,051 €",2026-05-15_dgeg_postos_raw.csv,072aab4395403f8c
2026-05-15,2026-05-15 14:31:32,2026-05-15 00:05:00,10828f8d6a1d3920,10828f8d6a1d3920_diesel_regular,"Tomás António & Moreiras, Lda",GALP,diesel_regular,Gasóleo simples,Outro,2.055,Vila Nova de Gaia,Porto,Avenida Vasco da Gama,Avintes,4415-000,41.092475,-8.542534,"tomás antónio & moreiras, lda",galp,avenida vasco da gama,"2,055 €",2026-05-15_dgeg_postos_raw.csv,be62632dadc65335
2026-05-15,2026-05-15 14:31:32,2026-05-15 00:05:00,10828f8d6a1d3920,10828f8d6a1d3920_diesel_premium,"Tomás António & Moreiras, Lda",GALP,diesel_premium,Gasóleo especial,Outro,2.105,Vila Nova de Gaia,Porto,Avenida Vasco da Gama,Avintes,4415-000,41.092475,-8.542534,"tomás antónio & moreiras, lda",galp,avenida vasco da gama,"2,105 €",2026-05-15_dgeg_postos_raw.csv,3272b48655da8ac9
2026-05-15,2026-05-15 14:31:32,2026-05-15 00:05:00,10828f8d6a1d3920,10828f8d6a1d3920_gasoline_95,"Tomás António & Moreiras, Lda",GALP,gasoline_95,Gasolina simples 95,Outro,2.051,Vila Nova de Gaia,Porto,Avenida Vasco da Gama,Avintes,4415-000,41.092475,-8.542534,"tomás antónio & moreiras, lda",galp,avenida vasco da gama,"2,051 €",2026-05-15_dgeg_postos_raw.csv,566f5a3e9826c30f
2026-05-15,2026-05-15 14:31:32,2026-05-15 00:05:00,bc1e65f8f9f881ff,bc1e65f8f9f881ff_diesel_regular,Controlsuper - Com. de Combustiveis Lda 1,GALP,diesel_regular,Gasóleo simples,Outro,2.019,Guimarães,Braga,"Rua São Gonçalo - EN 105, Via Circular (Junto Estádio Guimarães)",Guimarães,4800-000,41.44443,-8.29937,controlsuper - com. de combustiveis lda 1,galp,"rua são gonçalo - en 105, via circular (junto estádio guimarães)","2,019 €",2026-05-15_dgeg_postos_raw.csv,4ad7dfe438e89ae1
2026-05-15,2026-05-15 14:31:32,2026-05-15 00:05:00,bc1e65f8f9f881ff,bc1e65f8f9f881ff_diesel_premium,Controlsuper - Com. de Combustiveis Lda 1,GALP,diesel_premium,Gasóleo especial,Outro,2.069,Guimarães,Braga,"Rua São Gonçalo - EN 105, Via Circular (Junto Estádio Guimarães)",Guimarães,4800-000,41.44443,-8.29937,controlsuper - com. de combustiveis lda 1,galp,"rua são gonçalo - en 105, via circular (junto estádio guimarães)","2,069 €",2026-05-15_dgeg_postos_raw.csv,6ee96ac2a103a4d3
2026-05-15,2026-05-15 14:31:32,2026-05-15 00:05:00,bc1e65f8f9f881ff,bc1e65f8f9f881ff_gasoline_95,Controlsuper - Com. de Combustiveis Lda 1,GALP,gasoline_95,Gasolina simples 95,Outro,2.017,Guimarães,Braga,"Rua São Gonçalo - EN 105, Via Circular (Junto Estádio Guimarães)",Guimarães,4800-000,41.44443,-8.29937,controlsuper - com. de combustiveis lda 1,galp,"rua são gonçalo - en 105, via circular (junto estádio guimarães)","2,017 €",2026-05-15_dgeg_postos_raw.csv,722fc613924c7f09
2026-05-15,2026-05-15 14:31:32,2026-05-15 00:05:00,050ee0cb9fc79bd8,050ee0cb9fc79bd8_diesel_regular,"C. P. P., LDA.",GALP,diesel_regular,Gasóleo simples,Outro,2.029,Abrantes,Santarém,"EN 244-3 (Av. António Farinha Pereira) Km 24,2",Alferrarede,2200-024,39.482712,-8.186712,"c. p. p., lda.",galp,"en 244-3 (av. antónio farinha pereira) km 24,2","2,029 €",2026-05-15_dgeg_postos_raw.csv,c8ce9ee597e5bd5f
2026-05-15,2026-05-15 14:31:32,2026-05-15 00:05:00,050ee0cb9fc79bd8,050ee0cb9fc79bd8_diesel_premium,"C. P. P., LDA.",GALP,diesel_premium,Gasóleo especial,Outro,2.079,Abrantes,Santarém,"EN 244-3 (Av. António Farinha Pereira) Km 24,2",Alferrarede,2200-024,39.482712,-8.186712,"c. p. p., lda.",galp,"en 244-3 (av. antónio farinha pereira) km 24,2","2,079 €",2026-05-15_dgeg_postos_raw.csv,e30d67e6cfec9829
2026-05-15,2026-05-15 14:31:32,2026-05-15 00:05:00,050ee0cb9fc79bd8,050ee0cb9fc79bd8_gasoline_95,"C. P. P., LDA.",GALP,gasoline_95,Gasolina simples 95,Outro,2.026,Abrantes,Santarém,"EN 244-3 (Av. António Farinha Pereira) Km 24,2",Alferrarede,2200-024,39.482712,-8.186712,"c. p. p., lda.",galp,"en 244-3 (av. antónio farinha pereira) km 24,2","2,026 €",2026-05-15_dgeg_postos_raw.csv,f2f21612754a3893
2026-05-15,2026-05-15 14:31:32,2026-05-15 00:05:00,050ee0cb9fc79bd8,050ee0cb9fc79bd8_gasoline_98,"C. P. P., LDA.",GALP,gasoline_98,Gasolina especial 98,Outro,2.236,Abrantes,Santarém,"EN 244-3 (Av. António Farinha Pereira) Km 24,2",Alferrarede,2200-024,39.482712,-8.186712,"c. p. p., lda.",galp,"en 244-3 (av. antónio farinha pereira) km 24,2","2,236 €",2026-05-15_dgeg_postos_raw.csv,4789dab1322d4d21
2026-05-15,2026-05-15 14:31:32,2026-05-15 00:05:00,07c79fc6e08eb726,07c79fc6e08eb726_diesel_regular,BP RESTELO,BP,diesel_regular,Gasóleo simples,Outro,2.079,Lisboa,Lisboa,Av. das Descobertas,Lisboa,1495-000,38.711157,-9.214458,bp restelo,bp,av. das descobertas,"2,079 €",2026-05-15_dgeg_postos_raw.csv,fed20d35ca74505d
2026-05-15,2026-05-15 14:31:32,2026-05-15 00:05:00,07c79fc6e08eb726,07c79fc6e08eb726_diesel_premium,BP RESTELO,BP,diesel_premium,Gasóleo especial,Outro,2.229,Lisboa,Lisboa,Av. das Descobertas,Lisboa,1495-000,38.711157,-9.214458,bp restelo,bp,av. das descobertas,"2,229 €",2026-05-15_dgeg_postos_raw.csv,1e1c96ef6bebdd56
2026-05-15,2026-05-15 14:31:32,2026-05-15 00:05:00,07c79fc6e08eb726,07c79fc6e08eb726_gasoline_95,BP RESTELO,BP,gasoline_95,Gasolina simples 95,Outro,2.069,Lisboa,Lisboa,Av. das Descobertas,Lisboa,1495-000,38.711157,-9.214458,bp restelo,bp,av. das descobertas,"2,069 €",2026-05-15_dgeg_postos_raw.csv,2a7fd01bffb030b7
2026-05-15,2026-05-15 14:31:32,2026-05-15 00:05:00,07c79fc6e08eb726,07c79fc6e08eb726_gasoline_98,BP RESTELO,BP,gasoline_98,Gasolina especial 98,Outro,2.299,Lisboa,Lisboa,Av. das Descobertas,Lisboa,1495-000,38.711157,-9.214458,bp restelo,bp,av. das descobertas,"2,299 €",2026-05-15_dgeg_postos_raw.csv,4643fea786e4c7c4
2026-05-15,2026-05-15 14:31:32,2026-05-15 00:05:00,66a1d4ac3881cb5c,66a1d4ac3881cb5c_diesel_regular,BP - Grelhal - Setúbal - EN 10 (Norte/Sul),BP,diesel_regular,Gasóleo simples,Outro,2.059,Setúbal,Setúbal,BP - Grelhal - Setúbal - EN 10 (Norte/Sul),Setúbal,2900-722,38.53162,-8.9162,bp - grelhal - setúbal - en 10 (norte/sul),bp,bp - grelhal - setúbal - en 10 (norte/sul),"2,059 €",2026-05-15_dgeg_postos_raw.csv,fe9e0a88567802dd
2026-05-15,2026-05-15 14:31:32,2026-05-15 00:05:00,66a1d4ac3881cb5c,66a1d4ac3881cb5c_diesel_premium,BP - Grelhal - Setúbal - EN 10 (Norte/Sul),BP,diesel_premium,Gasóleo especial,Outro,2.229,Setúbal,Setúbal,BP - Grelhal - Setúbal - EN 10 (Norte/Sul),Setúbal,2900-722,38.53162,-8.9162,bp - grelhal - setúbal - en 10 (norte/sul),bp,bp - grelhal - setúbal - en 10 (norte/sul),"2,229 €",2026-05-15_dgeg_postos_raw.csv,5c9c1035ccd31aab
2026-05-15,2026-05-15 14:31:32,2026-05-15 00:05:00,66a1d4ac3881cb5c,66a1d4ac3881cb5c_gasoline_95,BP - Grelhal - Setúbal - EN 10 (Norte/Sul),BP,gasoline_95,Gasolina simples 95,Outro,2.049,Setúbal,Setúbal,BP - Grelhal - Setúbal - EN 10 (Norte/Sul),Setúbal,2900-722,38.53162,-8.9162,bp - grelhal - setúbal - en 10 (norte/sul),bp,bp - grelhal - setúbal - en 10 (norte/sul),"2,049 €",2026-05-15_dgeg_postos_raw.csv,ed3092cbe7fab287
2026-05-15,2026-05-15 14:31:32,2026-05-15 00:05:00,6dca151e0237ca9b,6dca151e0237ca9b_diesel_regular,BP - Grelhal- Setúbal - EN10  SUL/NORTE,BP,diesel_regular,Gasóleo simples,Outro,2.059,Setúbal,Setúbal,Estrada Nacional 10,Setúbal,2900-000,38.53187,-8.9163,bp - grelhal- setúbal - en10 sul/norte,bp,estrada nacional 10,"2,059 €",2026-05-15_dgeg_postos_raw.csv,41b12470bccfd3bc
2026-05-15,2026-05-15 14:31:32,2026-05-15 00:05:00,6dca151e0237ca9b,6dca151e0237ca9b_diesel_premium,BP - Grelhal- Setúbal - EN10  SUL/NORTE,BP,diesel_premium,Gasóleo especial,Outro,2.229,Setúbal,Setúbal,Estrada Nacional 10,Setúbal,2900-000,38.53187,-8.9163,bp - grelhal- setúbal - en10 sul/norte,bp,estrada nacional 10,"2,229 €",2026-05-15_dgeg_postos_raw.csv,dac51893d7bf8350
2026-05-15,2026-05-15 14:31:32,2026-05-15 00:05:00,6dca151e0237ca9b,6dca151e0237ca9b_gasoline_95,BP - Grelhal- Setúbal - EN10  SUL/NORTE,BP,gasoline_95,Gasolina simples 95,Outro,2.049,Setúbal,Setúbal,Estrada Nacional 10,Setúbal,2900-000,38.53187,-8.9163,bp - grelhal- setúbal - en10 sul/norte,bp,estrada nacional 10,"2,049 €",2026-05-15_dgeg_postos_raw.csv,21e16e49b7c772d3
2026-05-15,2026-05-15 14:31:32,2026-05-15 00:05:00,689c06ac1842dfba,689c06ac1842dfba_diesel_regular,BP PENAFIEL (ESTE),BP,diesel_regular,Gasóleo simples,Outro,2.009,Penafiel,Porto,Rua da Vista Alegre,Penafiel,4560-511,41.20876,-8.27787,bp penafiel (este),bp,rua da vista alegre,"2,009 €",2026-05-15_dgeg_postos_raw.csv,9ca3239f2a397155
2026-05-15,2026-05-15 14:31:32,2026-05-15 00:05:00,689c06ac1842dfba,689c06ac1842dfba_diesel_premium,BP PENAFIEL (ESTE),BP,diesel_premium,Gasóleo especial,Outro,2.229,Penafiel,Porto,Rua da Vista Alegre,Penafiel,4560-511,41.20876,-8.27787,bp penafiel (este),bp,rua da vista alegre,"2,229 €",2026-05-15_dgeg_postos_raw.csv,8cb7fb0bbd1be6ee
2026-05-15,2026-05-15 14:31:32,2026-05-15 00:05:00,689c06ac1842dfba,689c06ac1842dfba_gasoline_95,BP PENAFIEL (ESTE),BP,gasoline_95,Gasolina simples 95,Outro,1.999,Penafiel,Porto,Rua da Vista Alegre,Penafiel,4560-511,41.20876,-8.27787,bp penafiel (este),bp,rua da vista alegre,"1,999 €",2026-05-15_dgeg_postos_raw.csv,dd368e253e883093
2026-05-15,2026-05-15 14:31:32,2026-05-15 00:05:00,689c06ac1842dfba,689c06ac1842dfba_gasoline_98,BP PENAFIEL (ESTE),BP,gasoline_98,Gasolina especial 98,Outro,2.299,Penafiel,Porto,Rua da Vista Alegre,Penafiel,4560-511,41.20876,-8.27787,bp penafiel (este),bp,rua da vista alegre,"2,299 €",2026-05-15_dgeg_postos_raw.csv,cccfba6373b7a419
2026-05-15,2026-05-15 14:31:32,2026-05-15 00:05:00,b1f1f4fb3d87b6b5,b1f1f4fb3d87b6b5_diesel_regular,TFGEST - Gestão e Comércio de Produtos Petro. lda,GALP,diesel_regular,Gasóleo simples,Outro,2.055,Marco de Canaveses,Porto,EN 210 KM 61.2 AVENIDA DR. FRANCISCO SA CARNEIRO\t,Marco de Canaveses,4630-205,41.18163,-8.15247,tfgest - gestão e comércio de produtos petro. lda,galp,en 210 km 61.2 avenida dr. francisco sa carneiro\t,"2,055 €",2026-05-15_dgeg_postos_raw.csv,5bdbdaa9b66e6fa6
2026-05-15,2026-05-15 14:31:32,2026-05-15 00:05:00,b1f1f4fb3d87b6b5,b1f1f4fb3d87b6b5_diesel_premium,TFGEST - Gestão e Comércio de Produtos Petro. lda,GALP,diesel_premium,Gasóleo especial,Outro,2.105,Marco de Canaveses,Porto,EN 210 KM 61.2 AVENIDA DR. FRANCISCO SA CARNEIRO\t,Marco de Canaveses,4630-205,41.18163,-8.15247,tfgest - gestão e comércio de produtos petro. lda,galp,en 210 km 61.2 avenida dr. francisco sa carneiro\t,"2,105 €",2026-05-15_dgeg_postos_raw.csv,d9cc3fb1af964b0b
2026-05-15,2026-05-15 14:31:32,2026-05-15 00:05:00,b1f1f4fb3d87b6b5,b1f1f4fb3d87b6b5_gasoline_95,TFGEST - Gestão e Comércio de Produtos Petro. lda,GALP,gasoline_95,Gasolina simples 95,Outro,2.051,Marco de Canaveses,Porto,EN 210 KM 61.2 AVENIDA DR. FRANCISCO SA CARNEIRO\t,Marco de Canaveses,4630-205,41.18163,-8.15247,tfgest - gestão e comércio de produtos petro. lda,galp,en 210 km 61.2 avenida dr. francisco sa carneiro\t,"2,051 €",2026-05-15_dgeg_postos_raw.csv,b675f04da901ba2d
2026-05-15,2026-05-15 14:31:32,2026-05-15 00:05:00,c46237d4e702a0f5,c46237d4e702a0f5_diesel_regular,"Espertocar, Lda.",GALP,diesel_regular,Gasóleo simples,Outro,2.029,Rio Maior,Santarém,"E.N. 114, Km 49,6",Rio Maior-Zona Industrial,2040-000,39.31499,-8.92094,"espertocar, lda.",galp,"e.n. 114, km 49,6","2,029 €",2026-05-15_dgeg_postos_raw.csv,aa060241149b534d
2026-05-15,2026-05-15 14:31:32,2026-05-15 00:05:00,c46237d4e702a0f5,c46237d4e702a0f5_diesel_premium,"Espertocar, Lda.",GALP,diesel_premium,Gasóleo especial,Outro,2.079,Rio Maior,Santarém,"E.N. 114, Km 49,6",Rio Maior-Zona Industrial,2040-000,39.31499,-8.92094,"espertocar, lda.",galp,"e.n. 114, km 49,6","2,079 €",2026-05-15_dgeg_postos_raw.csv,4a8cc08c4abe91c1
2026-05-15,2026-05-15 14:31:32,2026-05-15 00:05:00,c46237d4e702a0f5,c46237d4e702a0f5_gasoline_95,"Espertocar, Lda.",GALP,gasoline_95,Gasolina simples 95,Outro,2.026,Rio Maior,Santarém,"E.N. 114, Km 49,6",Rio Maior-Zona Industrial,2040-000,39.31499,-8.92094,"espertocar, lda.",galp,"e.n. 114, km 49,6","2,026 €",2026-05-15_dgeg_postos_raw.csv,9c253e43cf5e69e7
2026-05-15,2026-05-15 14:31:32,2026-05-15 00:05:00,e9047add23e7dfcb,e9047add23e7dfcb_diesel_regular,BP PENAFIEL(OESTE),BP,diesel_regular,Gasóleo simples,Outro,2.009,Penafiel,Porto,Rua da Vista Alegre,Penafiel,4560-511,41.20921,-8.27783,bp penafiel(oeste),bp,rua da vista alegre,"2,009 €",2026-05-15_dgeg_postos_raw.csv,1d78d4a8702823a5
2026-05-15,2026-05-15 14:31:32,2026-05-15 00:05:00,e9047add23e7dfcb,e9047add23e7dfcb_diesel_premium,BP PENAFIEL(OESTE),BP,diesel_premium,Gasóleo especial,Outro,2.229,Penafiel,Porto,Rua da Vista Alegre,Penafiel,4560-511,41.20921,-8.27783,bp penafiel(oeste),bp,rua da vista alegre,"2,229 €",2026-05-15_dgeg_postos_raw.csv,6cce93cfd58c91a0
2026-05-15,2026-05-15 14:31:32,2026-05-15 00:05:00,e9047add23e7dfcb,e9047add23e7dfcb_gasoline_95,BP PENAFIEL(OESTE),BP,gasoline_95,Gasolina simples 95,Outro,1.999,Penafiel,Porto,Rua da Vista Alegre,Penafiel,4560-511,41.20921,-8.27783,bp penafiel(oeste),bp,rua da vista alegre,"1,999 €",2026-05-15_dgeg_postos_raw.csv,0b1d29c3265332c3
2026-05-15,2026-05-15 14:31:32,2026-05-15 00:05:00,e9047add23e7dfcb,e9047add23e7dfcb_gasoline_98,BP PENAFIEL(OESTE),BP,gasoline_98,Gasolina especial 98,Outro,2.299,Penafiel,Porto,Rua da Vista Alegre,Penafiel,4560-511,41.20921,-8.27783,bp penafiel(oeste),bp,rua da vista alegre,"2,299 €",2026-05-15_dgeg_postos_raw.csv,7df35dcd32366cb3
2026-05-15,2026-05-15 14:31:32,2026-05-15 00:05:00,682fb46920c6c86a,682fb46920c6c86a_diesel_regular,"LUBRISUL, LUBRIFICANTES E COMBUSTÍVEIS, LDA",GALP,diesel_regular,Gasóleo simples,Outro,2.035,São Brás de Alportel,Faro,"EN 270 Km 38,5",Vilarinhos,8150-058,37.1507999938,-7.9400000076,"lubrisul, lubrificantes e combustíveis, lda",galp,"en 270 km 38,5","2,035 €",2026-05-15_dgeg_postos_raw.csv,9b9e710d93bdd330
2026-05-15,2026-05-15 14:31:32,2026-05-15 00:05:00,682fb46920c6c86a,682fb46920c6c86a_diesel_premium,"LUBRISUL, LUBRIFICANTES E COMBUSTÍVEIS, LDA",GALP,diesel_premium,Gasóleo especial,Outro,2.085,São Brás de Alportel,Faro,"EN 270 Km 38,5",Vilarinhos,8150-058,37.1507999938,-7.9400000076,"lubrisul, lubrificantes e combustíveis, lda",galp,"en 270 km 38,5","2,085 €",2026-05-15_dgeg_postos_raw.csv,54dfee6e51336d14
2026-05-15,2026-05-15 14:31:32,2026-05-15 00:05:00,682fb46920c6c86a,682fb46920c6c86a_gasoline_95,"LUBRISUL, LUBRIFICANTES E COMBUSTÍVEIS, LDA",GALP,gasoline_95,Gasolina simples 95,Outro,2.031,São Brás de Alportel,Faro,"EN 270 Km 38,5",Vilarinhos,8150-058,37.1507999938,-7.9400000076,"lubrisul, lubrificantes e combustíveis, lda",galp,"en 270 km 38,5","2,031 €",2026-05-15_dgeg_postos_raw.csv,579898d2e0c8d50b
2026-05-15,2026-05-15 14:31:32,2026-05-15 00:05:00,a3b2759f8ad1b9b6,a3b2759f8ad1b9b6_diesel_regular,"Lubriolhão, Lda",GALP,diesel_regular,Gasóleo simples,Outro,2.079,Loulé,Faro,Estrada da Fonte Santa,Barros de Almancil,8135-107,37.08517,-8.04257,"lubriolhão, lda",galp,estrada da fonte santa,"2,079 €",2026-05-15_dgeg_postos_raw.csv,b82d884552c02a6e
2026-05-15,2026-05-15 14:31:32,2026-05-15 00:05:00,a3b2759f8ad1b9b6,a3b2759f8ad1b9b6_diesel_premium,"Lubriolhão, Lda",GALP,diesel_premium,Gasóleo especial,Outro,2.134,Loulé,Faro,Estrada da Fonte Santa,Barros de Almancil,8135-107,37.08517,-8.04257,"lubriolhão, lda",galp,estrada da fonte santa,"2,134 €",2026-05-15_dgeg_postos_raw.csv,35b8b991cf961bc6
2026-05-15,2026-05-15 14:31:32,2026-05-15 00:05:00,a3b2759f8ad1b9b6,a3b2759f8ad1b9b6_gasoline_95,"Lubriolhão, Lda",GALP,gasoline_95,Gasolina simples 95,Outro,2.072,Loulé,Faro,Estrada da Fonte Santa,Barros de Almancil,8135-107,37.08517,-8.04257,"lubriolhão, lda",galp,estrada da fonte santa,"2,072 €",2026-05-15_dgeg_postos_raw.csv,164b26079a023365
2026-05-15,2026-05-15 14:31:32,2026-05-15 00:05:00,23aac092c3ab480e,23aac092c3ab480e_diesel_regular,TFGEST ESTÁDIO,GALP,diesel_regular,Gasóleo simples,Outro,2.055,Porto,Porto,Av. Fernão de Magalhães nº 1854 / 74,Porto,4350-158,41.16499,-8.58885,tfgest estádio,galp,av. fernão de magalhães nº 1854 / 74,"2,055 €",2026-05-15_dgeg_postos_raw.csv,f7e184be125dbd59
2026-05-15,2026-05-15 14:31:32,2026-05-15 00:05:00,23aac092c3ab480e,23aac092c3ab480e_diesel_premium,TFGEST ESTÁDIO,GALP,diesel_premium,Gasóleo especial,Outro,2.105,Porto,Porto,Av. Fernão de Magalhães nº 1854 / 74,Porto,4350-158,41.16499,-8.58885,tfgest estádio,galp,av. fernão de magalhães nº 1854 / 74,"2,105 €",2026-05-15_dgeg_postos_raw.csv,0824684721991f16
2026-05-15,2026-05-15 14:31:32,2026-05-15 00:05:00,23aac092c3ab480e,23aac092c3ab480e_gasoline_95,TFGEST ESTÁDIO,GALP,gasoline_95,Gasolina simples 95,Outro,2.051,Porto,Porto,Av. Fernão de Magalhães nº 1854 / 74,Porto,4350-158,41.16499,-8.58885,tfgest estádio,galp,av. fernão de magalhães nº 1854 / 74,"2,051 €",2026-05-15_dgeg_postos_raw.csv,424e781e29eb035f
2026-05-15,2026-05-15 14:31:32,2026-05-15 00:05:00,23aac092c3ab480e,23aac092c3ab480e_gasoline_98,TFGEST ESTÁDIO,GALP,gasoline_98,Gasolina especial 98,Outro,2.261,Porto,Porto,Av. Fernão de Magalhães nº 1854 / 74,Porto,4350-158,41.16499,-8.58885,tfgest estádio,galp,av. fernão de magalhães nº 1854 / 74,"2,261 €",2026-05-15_dgeg_postos_raw.csv,64f4eed3070bc201
2026-05-15,2026-05-15 14:31:32,2026-05-15 00:05:00,60b29feeedab2f39,60b29feeedab2f39_diesel_regular,"Teixeira & Martins - Automóveis, Ldª",GALP,diesel_regular,Gasóleo simples,Outro,2.029,Viana do Castelo,Viana do Castelo,Avenida da Igreja,Lugar da Grela - Meadela,4900-717,41.707028,-8.802695,"teixeira & martins - automóveis, ldª",galp,avenida da igreja,"2,029 €",2026-05-15_dgeg_postos_raw.csv,38d2aab01c5a3c4e
2026-05-15,2026-05-15 14:31:32,2026-05-15 00:05:00,60b29feeedab2f39,60b29feeedab2f39_diesel_premium,"Teixeira & Martins - Automóveis, Ldª",GALP,diesel_premium,Gasóleo especial,Outro,2.079,Viana do Castelo,Viana do Castelo,Avenida da Igreja,Lugar da Grela - Meadela,4900-717,41.707028,-8.802695,"teixeira & martins - automóveis, ldª",galp,avenida da igreja,"2,079 €",2026-05-15_dgeg_postos_raw.csv,84384de65d6c03a3
2026-05-15,2026-05-15 14:31:32,2026-05-15 00:05:00,60b29feeedab2f39,60b29feeedab2f39_gasoline_95,"Teixeira & Martins - Automóveis, Ldª",GALP,gasoline_95,Gasolina simples 95,Outro,2.026,Viana do Castelo,Viana do Castelo,Avenida da Igreja,Lugar da Grela - Meadela,4900-717,41.707028,-8.802695,"teixeira & martins - automóveis, ldª",galp,avenida da igreja,"2,026 €",2026-05-15_dgeg_postos_raw.csv,5186a7bceb6a6434
2026-05-15,2026-05-15 14:31:32,2026-05-15 00:05:00,6de288611e43739e,6de288611e43739e_diesel_regular,"Teixeira & Martins, Automóveis, Lda.",GALP,diesel_regular,Gasóleo simples,Outro,2.029,Gondomar,Porto,"Rua D. Afonso Henriques (Km 1,8)",Rio Tinto,4435-000,41.19626,-8.57622,"teixeira & martins, automóveis, lda.",galp,"rua d. afonso henriques (km 1,8)","2,029 €",2026-05-15_dgeg_postos_raw.csv,da1649e8305f8cfc
2026-05-15,2026-05-15 14:31:32,2026-05-15 00:05:00,6de288611e43739e,6de288611e43739e_diesel_premium,"Teixeira & Martins, Automóveis, Lda.",GALP,diesel_premium,Gasóleo especial,Outro,2.079,Gondomar,Porto,"Rua D. Afonso Henriques (Km 1,8)",Rio Tinto,4435-000,41.19626,-8.57622,"teixeira & martins, automóveis, lda.",galp,"rua d. afonso henriques (km 1,8)","2,079 €",2026-05-15_dgeg_postos_raw.csv,3ea9075e290d28db
2026-05-15,2026-05-15 14:31:32,2026-05-15 00:05:00,6de288611e43739e,6de288611e43739e_gasoline_95,"Teixeira & Martins, Automóveis, Lda.",GALP,gasoline_95,Gasolina simples 95,Outro,2.026,Gondomar,Porto,"Rua D. Afonso Henriques (Km 1,8)",Rio Tinto,4435-000,41.19626,-8.57622,"teixeira & martins, automóveis, lda.",galp,"rua d. afonso henriques (km 1,8)","2,026 €",2026-05-15_dgeg_postos_raw.csv,de6d40142c252d8a
2026-05-15,2026-05-15 14:31:32,2026-05-15 00:05:00,6de288611e43739e,6de288611e43739e_gasoline_98,"Teixeira & Martins, Automóveis, Lda.",GALP,gasoline_98,Gasolina especial 98,Outro,2.236,Gondomar,Porto,"Rua D. Afonso Henriques (Km 1,8)",Rio Tinto,4435-000,41.19626,-8.57622,"teixeira & martins, automóveis, lda.",galp,"rua d. afonso henriques (km 1,8)","2,236 €",2026-05-15_dgeg_postos_raw.csv,24ba70f8f1bf25d6
2026-05-15,2026-05-15 14:31:32,2026-05-15 00:05:00,32980877e2b8a319,32980877e2b8a319_diesel_regular,"Teixeira & Martins, Automóveis, Lda.",GALP,diesel_regular,Gasóleo simples,Outro,2.065,Matosinhos,Porto,Rua Brito Capelo nº 951,Matosinhos,4450-077,41.17951,-8.68926,"teixeira & martins, automóveis, lda.",galp,rua brito capelo nº 951,"2,065 €",2026-05-15_dgeg_postos_raw.csv,1440b87132718df8
2026-05-15,2026-05-15 14:31:32,2026-05-15 00:05:00,32980877e2b8a319,32980877e2b8a319_diesel_premium,"Teixeira & Martins, Automóveis, Lda.",GALP,diesel_premium,Gasóleo especial,Outro,2.12,Matosinhos,Porto,Rua Brito Capelo nº 951,Matosinhos,4450-077,41.17951,-8.68926,"teixeira & martins, automóveis, lda.",galp,rua brito capelo nº 951,"2,120 €",2026-05-15_dgeg_postos_raw.csv,ddcac713da93c99c
2026-05-15,2026-05-15 14:31:32,2026-05-15 00:05:00,32980877e2b8a319,32980877e2b8a319_gasoline_95,"Teixeira & Martins, Automóveis, Lda.",GALP,gasoline_95,Gasolina simples 95,Outro,2.076,Matosinhos,Porto,Rua Brito Capelo nº 951,Matosinhos,4450-077,41.17951,-8.68926,"teixeira & martins, automóveis, lda.",galp,rua brito capelo nº 951,"2,076 €",2026-05-15_dgeg_postos_raw.csv,2a3fce247b41d42a
2026-05-15,2026-05-15 14:31:32,2026-05-15 00:05:00,32980877e2b8a319,32980877e2b8a319_gasoline_98,"Teixeira & Martins, Automóveis, Lda.",GALP,gasoline_98,Gasolina especial 98,Outro,2.286,Matosinhos,Porto,Rua Brito Capelo nº 951,Matosinhos,4450-077,41.17951,-8.68926,"teixeira & martins, automóveis, lda.",galp,rua brito capelo nº 951,"2,286 €",2026-05-15_dgeg_postos_raw.csv,3a3a35466a8a9827
2026-05-15,2026-05-15 14:31:32,2026-05-15 00:05:00,a724e513a878e351,a724e513a878e351_diesel_regular,"PCLX, LDA",GALP,diesel_regular,Gasóleo simples,Outro,2.079,Oeiras,Lisboa,Av. República nº 63,Oeiras,2780-160,38.69455,-9.3229,"pclx, lda",galp,av. república nº 63,"2,079 €",2026-05-15_dgeg_postos_raw.csv,b30085ca9274ef2f
2026-05-15,2026-05-15 14:31:32,2026-05-15 00:05:00,a724e513a878e351,a724e513a878e351_diesel_premium,"PCLX, LDA",GALP,diesel_premium,Gasóleo especial,Outro,2.129,Oeiras,Lisboa,Av. República nº 63,Oeiras,2780-160,38.69455,-9.3229,"pclx, lda",galp,av. república nº 63,"2,129 €",2026-05-15_dgeg_postos_raw.csv,2ad2840caf05fea5
2026-05-15,2026-05-15 14:31:32,2026-05-15 00:05:00,a724e513a878e351,a724e513a878e351_gasoline_95,"PCLX, LDA",GALP,gasoline_95,Gasolina simples 95,Outro,2.072,Oeiras,Lisboa,Av. República nº 63,Oeiras,2780-160,38.69455,-9.3229,"pclx, lda",galp,av. república nº 63,"2,072 €",2026-05-15_dgeg_postos_raw.csv,5f91cd49126207b6
2026-05-15,2026-05-15 14:31:32,2026-05-15 00:05:00,6f2a7029e59aaeb1,6f2a7029e59aaeb1_diesel_regular,Galp Barreiro,GALP,diesel_regular,Gasóleo simples,Outro,2.029,Barreiro,Setúbal,Av. Manuel dos Santos Cabanas,Lavradio,2835-000,38.656499,-9.053564,galp barreiro,galp,av. manuel dos santos cabanas,"2,029 €",2026-05-15_dgeg_postos_raw.csv,5bb4d985b5a64703
2026-05-15,2026-05-15 14:31:32,2026-05-15 00:05:00,6f2a7029e59aaeb1,6f2a7029e59aaeb1_diesel_premium,Galp Barreiro,GALP,diesel_premium,Gasóleo especial,Outro,2.079,Barreiro,Setúbal,Av. Manuel dos Santos Cabanas,Lavradio,2835-000,38.656499,-9.053564,galp barreiro,galp,av. manuel dos santos cabanas,"2,079 €",2026-05-15_dgeg_postos_raw.csv,84e4527184b88759
2026-05-15,2026-05-15 14:31:32,2026-05-15 00:05:00,6f2a7029e59aaeb1,6f2a7029e59aaeb1_gasoline_95,Galp Barreiro,GALP,gasoline_95,Gasolina simples 95,Outro,2.026,Barreiro,Setúbal,Av. Manuel dos Santos Cabanas,Lavradio,2835-000,38.656499,-9.053564,galp barreiro,galp,av. manuel dos santos cabanas,"2,026 €",2026-05-15_dgeg_postos_raw.csv,5c4334f2f3ff5c7d
2026-05-15,2026-05-15 14:31:32,2026-05-15 00:40:00,ca3f92353387a34f,ca3f92353387a34f_diesel_premium,SHELL Baguim do Monte - Gondomar,SHELL,diesel_premium,Gasóleo especial,Outro,2.114,Gondomar,Porto,Rua D. António Castro Meireles n.º 400 e Rua do Campinho n.º 6,Baguim do Monte,4435-667,41.18434,-8.538805,shell baguim do monte - gondomar,shell,rua d. antónio castro meireles n.º 400 e rua do campinho n.º 6,"2,114 €",2026-05-15_dgeg_postos_raw.csv,81534918f1cab17a
2026-05-15,2026-05-15 14:31:32,2026-05-15 00:40:00,ca3f92353387a34f,ca3f92353387a34f_diesel_regular,SHELL Baguim do Monte - Gondomar,SHELL,diesel_regular,Gasóleo simples,Outro,2.034,Gondomar,Porto,Rua D. António Castro Meireles n.º 400 e Rua do Campinho n.º 6,Baguim do Monte,4435-667,41.18434,-8.538805,shell baguim do monte - gondomar,shell,rua d. antónio castro meireles n.º 400 e rua do campinho n.º 6,"2,034 €",2026-05-15_dgeg_postos_raw.csv,41ba4083e7c39dcb
2026-05-15,2026-05-15 14:31:32,2026-05-15 00:40:00,ca3f92353387a34f,ca3f92353387a34f_gasoline_95,SHELL Baguim do Monte - Gondomar,SHELL,gasoline_95,Gasolina simples 95,Outro,2.024,Gondomar,Porto,Rua D. António Castro Meireles n.º 400 e Rua do Campinho n.º 6,Baguim do Monte,4435-667,41.18434,-8.538805,shell baguim do monte - gondomar,shell,rua d. antónio castro meireles n.º 400 e rua do campinho n.º 6,"2,024 €",2026-05-15_dgeg_postos_raw.csv,f7d62869c2ff6b76
2026-05-15,2026-05-15 14:31:32,2026-05-15 00:40:00,7e42fe710e08e6d3,7e42fe710e08e6d3_diesel_premium,SHELL-RECAREI,SHELL,diesel_premium,Gasóleo especial,Outro,2.119,Matosinhos,Porto,Rua de Recarei/Rua de Redolhos,Leça do Balio,4465-648,41.206177,-8.633565,shell-recarei,shell,rua de recarei/rua de redolhos,"2,119 €",2026-05-15_dgeg_postos_raw.csv,24e3757538be04c8
2026-05-15,2026-05-15 14:31:32,2026-05-15 00:40:00,7e42fe710e08e6d3,7e42fe710e08e6d3_diesel_regular,SHELL-RECAREI,SHELL,diesel_regular,Gasóleo simples,Outro,2.039,Matosinhos,Porto,Rua de Recarei/Rua de Redolhos,Leça do Balio,4465-648,41.206177,-8.633565,shell-recarei,shell,rua de recarei/rua de redolhos,"2,039 €",2026-05-15_dgeg_postos_raw.csv,adac498f3706ad12
2026-05-15,2026-05-15 14:31:32,2026-05-15 00:40:00,7e42fe710e08e6d3,7e42fe710e08e6d3_gasoline_98,SHELL-RECAREI,SHELL,gasoline_98,Gasolina especial 98,Outro,2.189,Matosinhos,Porto,Rua de Recarei/Rua de Redolhos,Leça do Balio,4465-648,41.206177,-8.633565,shell-recarei,shell,rua de recarei/rua de redolhos,"2,189 €",2026-05-15_dgeg_postos_raw.csv,044fa636ee7fd436
2026-05-15,2026-05-15 14:31:32,2026-05-15 00:40:00,7e42fe710e08e6d3,7e42fe710e08e6d3_gasoline_95,SHELL-RECAREI,SHELL,gasoline_95,Gasolina simples 95,Outro,2.039,Matosinhos,Porto,Rua de Recarei/Rua de Redolhos,Leça do Balio,4465-648,41.206177,-8.633565,shell-recarei,shell,rua de recarei/rua de redolhos,"2,039 €",2026-05-15_dgeg_postos_raw.csv,b9cda9c37ea1e7e8
2026-05-15,2026-05-15 14:31:32,2026-05-15 00:40:00,9d6a77c64eca5517,9d6a77c64eca5517_diesel_premium,SHELL Aguada de Baixo (N/S) - Poente,SHELL,diesel_premium,Gasóleo especial,Outro,2.109,Águeda,Aveiro,"EN 1- IC2 - Km 224, 8 - Aguada de Baixo",Aguada de Baixo,3750-031,40.51019,-8.449652,shell aguada de baixo (n/s) - poente,shell,"en 1- ic2 - km 224, 8 - aguada de baixo","2,109 €",2026-05-15_dgeg_postos_raw.csv,6aa4d6945cac0118
2026-05-15,2026-05-15 14:31:32,2026-05-15 00:40:00,9d6a77c64eca5517,9d6a77c64eca5517_diesel_regular,SHELL Aguada de Baixo (N/S) - Poente,SHELL,diesel_regular,Gasóleo simples,Outro,2.029,Águeda,Aveiro,"EN 1- IC2 - Km 224, 8 - Aguada de Baixo",Aguada de Baixo,3750-031,40.51019,-8.449652,shell aguada de baixo (n/s) - poente,shell,"en 1- ic2 - km 224, 8 - aguada de baixo","2,029 €",2026-05-15_dgeg_postos_raw.csv,07021dbc3938c8ac
2026-05-15,2026-05-15 14:31:32,2026-05-15 00:40:00,9d6a77c64eca5517,9d6a77c64eca5517_gasoline_95,SHELL Aguada de Baixo (N/S) - Poente,SHELL,gasoline_95,Gasolina simples 95,Outro,2.029,Águeda,Aveiro,"EN 1- IC2 - Km 224, 8 - Aguada de Baixo",Aguada de Baixo,3750-031,40.51019,-8.449652,shell aguada de baixo (n/s) - poente,shell,"en 1- ic2 - km 224, 8 - aguada de baixo","2,029 €",2026-05-15_dgeg_postos_raw.csv,316ab51bc5296ce9
2026-05-15,2026-05-15 14:31:32,2026-05-15 00:40:00,0924198672cad702,0924198672cad702_diesel_premium,SHELL Aguada de Baixo (S/N) - Nascente,SHELL,diesel_premium,Gasóleo especial,Outro,2.109,Águeda,Aveiro,"EN 1- IC2 - Km 224, 8 - Aguada de Baixo",Aguada de Baixo,3750-031,40.51048,-8.449402,shell aguada de baixo (s/n) - nascente,shell,"en 1- ic2 - km 224, 8 - aguada de baixo","2,109 €",2026-05-15_dgeg_postos_raw.csv,d7313283d61a7b20
2026-05-15,2026-05-15 14:31:32,2026-05-15 00:40:00,0924198672cad702,0924198672cad702_diesel_regular,SHELL Aguada de Baixo (S/N) - Nascente,SHELL,diesel_regular,Gasóleo simples,Outro,2.029,Águeda,Aveiro,"EN 1- IC2 - Km 224, 8 - Aguada de Baixo",Aguada de Baixo,3750-031,40.51048,-8.449402,shell aguada de baixo (s/n) - nascente,shell,"en 1- ic2 - km 224, 8 - aguada de baixo","2,029 €",2026-05-15_dgeg_postos_raw.csv,2246dd8b25d1f21d
2026-05-15,2026-05-15 14:31:32,2026-05-15 00:40:00,0924198672cad702,0924198672cad702_gasoline_95,SHELL Aguada de Baixo (S/N) - Nascente,SHELL,gasoline_95,Gasolina simples 95,Outro,2.029,Águeda,Aveiro,"EN 1- IC2 - Km 224, 8 - Aguada de Baixo",Aguada de Baixo,3750-031,40.51048,-8.449402,shell aguada de baixo (s/n) - nascente,shell,"en 1- ic2 - km 224, 8 - aguada de baixo","2,029 €",2026-05-15_dgeg_postos_raw.csv,ed22bfac5c2f2e6f
2026-05-15,2026-05-15 14:31:32,2026-05-15 00:40:00,a7181afc81cf53c8,a7181afc81cf53c8_diesel_premium,SHELL-TAVIRA,SHELL,diesel_premium,Gasóleo especial,Outro,2.109,Tavira,Faro,Rua Almirante Candido dos Reis n° 245 - Tavira,Tavira,8800-319,37.12997,-7.638901,shell-tavira,shell,rua almirante candido dos reis n° 245 - tavira,"2,109 €",2026-05-15_dgeg_postos_raw.csv,b402075e886ceeac
2026-05-15,2026-05-15 14:31:32,2026-05-15 00:40:00,a7181afc81cf53c8,a7181afc81cf53c8_diesel_regular,SHELL-TAVIRA,SHELL,diesel_regular,Gasóleo simples,Outro,2.029,Tavira,Faro,Rua Almirante Candido dos Reis n° 245 - Tavira,Tavira,8800-319,37.12997,-7.638901,shell-tavira,shell,rua almirante candido dos reis n° 245 - tavira,"2,029 €",2026-05-15_dgeg_postos_raw.csv,8a458494b2b713a7
2026-05-15,2026-05-15 14:31:32,2026-05-15 00:40:00,a7181afc81cf53c8,a7181afc81cf53c8_gasoline_95,SHELL-TAVIRA,SHELL,gasoline_95,Gasolina simples 95,Outro,2.019,Tavira,Faro,Rua Almirante Candido dos Reis n° 245 - Tavira,Tavira,8800-319,37.12997,-7.638901,shell-tavira,shell,rua almirante candido dos reis n° 245 - tavira,"2,019 €",2026-05-15_dgeg_postos_raw.csv,966579c61926e14c
2026-05-15,2026-05-15 14:31:32,2026-05-15 00:40:00,8c192d4134992ce8,8c192d4134992ce8_diesel_premium,SHELL-ALGÉS,SHELL,diesel_premium,Gasóleo especial,Outro,2.159,Oeiras,Lisboa,Largo 25 de Abril (Largo da Estação),Algés,1495-128,38.698994,-9.229875,shell-algés,shell,largo 25 de abril (largo da estação),"2,159 €",2026-05-15_dgeg_postos_raw.csv,025f075428da985e
2026-05-15,2026-05-15 14:31:32,2026-05-15 00:40:00,8c192d4134992ce8,8c192d4134992ce8_diesel_regular,SHELL-ALGÉS,SHELL,diesel_regular,Gasóleo simples,Outro,2.079,Oeiras,Lisboa,Largo 25 de Abril (Largo da Estação),Algés,1495-128,38.698994,-9.229875,shell-algés,shell,largo 25 de abril (largo da estação),"2,079 €",2026-05-15_dgeg_postos_raw.csv,6c6c02aefbe70941
2026-05-15,2026-05-15 14:31:32,2026-05-15 00:40:00,8c192d4134992ce8,8c192d4134992ce8_gasoline_98,SHELL-ALGÉS,SHELL,gasoline_98,Gasolina especial 98,Outro,2.219,Oeiras,Lisboa,Largo 25 de Abril (Largo da Estação),Algés,1495-128,38.698994,-9.229875,shell-algés,shell,largo 25 de abril (largo da estação),"2,219 €",2026-05-15_dgeg_postos_raw.csv,39dc5e5756dcd693
2026-05-15,2026-05-15 14:31:32,2026-05-15 00:40:00,8c192d4134992ce8,8c192d4134992ce8_gasoline_95,SHELL-ALGÉS,SHELL,gasoline_95,Gasolina simples 95,Outro,2.069,Oeiras,Lisboa,Largo 25 de Abril (Largo da Estação),Algés,1495-128,38.698994,-9.229875,shell-algés,shell,largo 25 de abril (largo da estação),"2,069 €",2026-05-15_dgeg_postos_raw.csv,49f52c0c4a62738d
2026-05-15,2026-05-15 14:31:32,2026-05-15 00:45:00,29925aa15ec23368,29925aa15ec23368_diesel_premium,SHELL Braga - Maximinos E (Nascente),SHELL,diesel_premium,Gasóleo especial,Outro,2.109,Braga,Braga,EN 14 - Maximinos,Braga,4700-086,41.54071,-8.432424,shell braga - maximinos e (nascente),shell,en 14 - maximinos,"2,109 €",2026-05-15_dgeg_postos_raw.csv,5ea65d48d72aecdf
2026-05-15,2026-05-15 14:31:32,2026-05-15 00:45:00,29925aa15ec23368,29925aa15ec23368_diesel_regular,SHELL Braga - Maximinos E (Nascente),SHELL,diesel_regular,Gasóleo simples,Outro,2.029,Braga,Braga,EN 14 - Maximinos,Braga,4700-086,41.54071,-8.432424,shell braga - maximinos e (nascente),shell,en 14 - maximinos,"2,029 €",2026-05-15_dgeg_postos_raw.csv,476f33c18de4495d
2026-05-15,2026-05-15 14:31:32,2026-05-15 00:45:00,29925aa15ec23368,29925aa15ec23368_gasoline_98,SHELL Braga - Maximinos E (Nascente),SHELL,gasoline_98,Gasolina especial 98,Outro,2.179,Braga,Braga,EN 14 - Maximinos,Braga,4700-086,41.54071,-8.432424,shell braga - maximinos e (nascente),shell,en 14 - maximinos,"2,179 €",2026-05-15_dgeg_postos_raw.csv,965e1f2091b40dec
2026-05-15,2026-05-15 14:31:32,2026-05-15 00:45:00,29925aa15ec23368,29925aa15ec23368_gasoline_95,SHELL Braga - Maximinos E (Nascente),SHELL,gasoline_95,Gasolina simples 95,Outro,2.029,Braga,Braga,EN 14 - Maximinos,Braga,4700-086,41.54071,-8.432424,shell braga - maximinos e (nascente),shell,en 14 - maximinos,"2,029 €",2026-05-15_dgeg_postos_raw.csv,801d1dd06946a335
2026-05-15,2026-05-15 14:31:32,2026-05-15 00:45:00,dbd3d5b0d401825f,dbd3d5b0d401825f_diesel_premium,SHELL Nazaré,SHELL,diesel_premium,Gasóleo especial,Outro,2.109,Nazaré,Leiria,"Av. Manuel Remígio, EN242Porto da Nazaré",Nazaré - Porto de Abrigo,2450-106,39.58669,-9.07176,shell nazaré,shell,"av. manuel remígio, en242porto da nazaré","2,109 €",2026-05-15_dgeg_postos_raw.csv,5c1285a8a04dd1f7
2026-05-15,2026-05-15 14:31:32,2026-05-15 00:45:00,dbd3d5b0d401825f,dbd3d5b0d401825f_diesel_regular,SHELL Nazaré,SHELL,diesel_regular,Gasóleo simples,Outro,2.029,Nazaré,Leiria,"Av. Manuel Remígio, EN242Porto da Nazaré",Nazaré - Porto de Abrigo,2450-106,39.58669,-9.07176,shell nazaré,shell,"av. manuel remígio, en242porto da nazaré","2,029 €",2026-05-15_dgeg_postos_raw.csv,a00a843dc1353108
2026-05-15,2026-05-15 14:31:32,2026-05-15 00:45:00,dbd3d5b0d401825f,dbd3d5b0d401825f_gasoline_95,SHELL Nazaré,SHELL,gasoline_95,Gasolina simples 95,Outro,2.019,Nazaré,Leiria,"Av. Manuel Remígio, EN242Porto da Nazaré",Nazaré - Porto de Abrigo,2450-106,39.58669,-9.07176,shell nazaré,shell,"av. manuel remígio, en242porto da nazaré","2,019 €",2026-05-15_dgeg_postos_raw.csv,c89f1ca5d5dfb9e9
2026-05-15,2026-05-15 14:31:32,2026-05-15 00:45:00,f9422a9715a57b73,f9422a9715a57b73_diesel_premium,SHELL Braga Maximinus Entrada,SHELL,diesel_premium,Gasóleo especial,Outro,2.109,Braga,Braga,EN 14,Maximinos - Ferreiros,4700-592,41.54086,-8.43282,shell braga maximinus entrada,shell,en 14,"2,109 €",2026-05-15_dgeg_postos_raw.csv,0b19057715b3b407
2026-05-15,2026-05-15 14:31:32,2026-05-15 00:45:00,f9422a9715a57b73,f9422a9715a57b73_diesel_regular,SHELL Braga Maximinus Entrada,SHELL,diesel_regular,Gasóleo simples,Outro,2.029,Braga,Braga,EN 14,Maximinos - Ferreiros,4700-592,41.54086,-8.43282,shell braga maximinus entrada,shell,en 14,"2,029 €",2026-05-15_dgeg_postos_raw.csv,47b7f5da873ccaa6
2026-05-15,2026-05-15 14:31:32,2026-05-15 00:45:00,f9422a9715a57b73,f9422a9715a57b73_gasoline_98,SHELL Braga Maximinus Entrada,SHELL,gasoline_98,Gasolina especial 98,Outro,2.179,Braga,Braga,EN 14,Maximinos - Ferreiros,4700-592,41.54086,-8.43282,shell braga maximinus entrada,shell,en 14,"2,179 €",2026-05-15_dgeg_postos_raw.csv,a8fe7de63469bf63
2026-05-15,2026-05-15 14:31:32,2026-05-15 00:45:00,f9422a9715a57b73,f9422a9715a57b73_gasoline_95,SHELL Braga Maximinus Entrada,SHELL,gasoline_95,Gasolina simples 95,Outro,2.029,Braga,Braga,EN 14,Maximinos - Ferreiros,4700-592,41.54086,-8.43282,shell braga maximinus entrada,shell,en 14,"2,029 €",2026-05-15_dgeg_postos_raw.csv,3514bd1d589d3c1d
2026-05-15,2026-05-15 14:31:32,2026-05-15 00:45:00,e0989cded9e0b0a0,e0989cded9e0b0a0_diesel_premium,SHELL  Seixal,SHELL,diesel_premium,Gasóleo especial,Outro,2.159,Seixal,Setúbal,Travessa Quinta da Galega nº 1,Paio Pires,2840-579,38.60893,-9.080099,shell seixal,shell,travessa quinta da galega nº 1,"2,159 €",2026-05-15_dgeg_postos_raw.csv,c4865602a238e522
2026-05-15,2026-05-15 14:31:32,2026-05-15 00:45:00,e0989cded9e0b0a0,e0989cded9e0b0a0_diesel_regular,SHELL  Seixal,SHELL,diesel_regular,Gasóleo simples,Outro,2.079,Seixal,Setúbal,Travessa Quinta da Galega nº 1,Paio Pires,2840-579,38.60893,-9.080099,shell seixal,shell,travessa quinta da galega nº 1,"2,079 €",2026-05-15_dgeg_postos_raw.csv,75ddd16d7f2e25a9
2026-05-15,2026-05-15 14:31:32,2026-05-15 00:45:00,e0989cded9e0b0a0,e0989cded9e0b0a0_gasoline_98,SHELL  Seixal,SHELL,gasoline_98,Gasolina especial 98,Outro,2.219,Seixal,Setúbal,Travessa Quinta da Galega nº 1,Paio Pires,2840-579,38.60893,-9.080099,shell seixal,shell,travessa quinta da galega nº 1,"2,219 €",2026-05-15_dgeg_postos_raw.csv,b5c9e6ae4b93a29b
2026-05-15,2026-05-15 14:31:32,2026-05-15 00:45:00,e0989cded9e0b0a0,e0989cded9e0b0a0_gasoline_95,SHELL  Seixal,SHELL,gasoline_95,Gasolina simples 95,Outro,2.069,Seixal,Setúbal,Travessa Quinta da Galega nº 1,Paio Pires,2840-579,38.60893,-9.080099,shell seixal,shell,travessa quinta da galega nº 1,"2,069 €",2026-05-15_dgeg_postos_raw.csv,595530c5d4a250f3
2026-05-15,2026-05-15 14:31:32,2026-05-15 00:45:00,dc058dbfc05e0aef,dc058dbfc05e0aef_diesel_premium,SHELL Creixomil  (Guimarães),SHELL,diesel_premium,Gasóleo especial,Outro,2.099,Guimarães,Braga,"Rua de São Miguel, Localidade de São Miguel de Baixo",Guimarães,4835-106,41.439056,-8.307962,shell creixomil (guimarães),shell,"rua de são miguel, localidade de são miguel de baixo","2,099 €",2026-05-15_dgeg_postos_raw.csv,7d7e35f0033257ef
2026-05-15,2026-05-15 14:31:32,2026-05-15 00:45:00,dc058dbfc05e0aef,dc058dbfc05e0aef_diesel_regular,SHELL Creixomil  (Guimarães),SHELL,diesel_regular,Gasóleo simples,Outro,2.019,Guimarães,Braga,"Rua de São Miguel, Localidade de São Miguel de Baixo",Guimarães,4835-106,41.439056,-8.307962,shell creixomil (guimarães),shell,"rua de são miguel, localidade de são miguel de baixo","2,019 €",2026-05-15_dgeg_postos_raw.csv,2223e052b773cb36
2026-05-15,2026-05-15 14:31:32,2026-05-15 00:45:00,dc058dbfc05e0aef,dc058dbfc05e0aef_gasoline_95,SHELL Creixomil  (Guimarães),SHELL,gasoline_95,Gasolina simples 95,Outro,2.019,Guimarães,Braga,"Rua de São Miguel, Localidade de São Miguel de Baixo",Guimarães,4835-106,41.439056,-8.307962,shell creixomil (guimarães),shell,"rua de são miguel, localidade de são miguel de baixo","2,019 €",2026-05-15_dgeg_postos_raw.csv,feb3872db2c3abc0
2026-05-15,2026-05-15 14:31:32,2026-05-15 00:45:00,9ae1118f86ac8811,9ae1118f86ac8811_gasoline_95,SHELL Loures Infantado,SHELL,gasoline_95,Gasolina simples 95,Outro,2.044,Loures,Lisboa,"Rua Casal do Letrado ( EN115, KM 82+300E), Infantado – Loures",Santo Antão do Tojal,2660-140,38.845222,-9.162333,shell loures infantado,shell,"rua casal do letrado ( en115, km 82+300e), infantado – loures","2,044 €",2026-05-15_dgeg_postos_raw.csv,25a4cda0be524c65
2026-05-15,2026-05-15 14:31:32,2026-05-15 00:45:00,9ae1118f86ac8811,9ae1118f86ac8811_diesel_premium,SHELL Loures Infantado,SHELL,diesel_premium,Gasóleo especial,Outro,2.134,Loures,Lisboa,"Rua Casal do Letrado ( EN115, KM 82+300E), Infantado – Loures",Santo Antão do Tojal,2660-140,38.845222,-9.162333,shell loures infantado,shell,"rua casal do letrado ( en115, km 82+300e), infantado – loures","2,134 €",2026-05-15_dgeg_postos_raw.csv,495e9b37bcd3899e
2026-05-15,2026-05-15 14:31:32,2026-05-15 00:45:00,9ae1118f86ac8811,9ae1118f86ac8811_diesel_regular,SHELL Loures Infantado,SHELL,diesel_regular,Gasóleo simples,Outro,2.054,Loures,Lisboa,"Rua Casal do Letrado ( EN115, KM 82+300E), Infantado – Loures",Santo Antão do Tojal,2660-140,38.845222,-9.162333,shell loures infantado,shell,"rua casal do letrado ( en115, km 82+300e), infantado – loures","2,054 €",2026-05-15_dgeg_postos_raw.csv,54dc2b788784dff4
2026-05-15,2026-05-15 14:31:32,2026-05-15 00:45:00,9ae1118f86ac8811,9ae1118f86ac8811_gasoline_98,SHELL Loures Infantado,SHELL,gasoline_98,Gasolina especial 98,Outro,2.194,Loures,Lisboa,"Rua Casal do Letrado ( EN115, KM 82+300E), Infantado – Loures",Santo Antão do Tojal,2660-140,38.845222,-9.162333,shell loures infantado,shell,"rua casal do letrado ( en115, km 82+300e), infantado – loures","2,194 €",2026-05-15_dgeg_postos_raw.csv,4a027d591a45e2e9
2026-05-15,2026-05-15 14:31:32,2026-05-15 00:45:00,699e7a1786d42666,699e7a1786d42666_diesel_premium,SHELL Perafita,SHELL,diesel_premium,Gasóleo especial,Outro,2.134,Matosinhos,Porto,Rua D. Marcos da Cruz,Perafita,4455-533,41.218337,-8.694601,shell perafita,shell,rua d. marcos da cruz,"2,134 €",2026-05-15_dgeg_postos_raw.csv,0205b18122cb4cfa
2026-05-15,2026-05-15 14:31:32,2026-05-15 00:45:00,699e7a1786d42666,699e7a1786d42666_diesel_regular,SHELL Perafita,SHELL,diesel_regular,Gasóleo simples,Outro,2.054,Matosinhos,Porto,Rua D. Marcos da Cruz,Perafita,4455-533,41.218337,-8.694601,shell perafita,shell,rua d. marcos da cruz,"2,054 €",2026-05-15_dgeg_postos_raw.csv,79a86a8ce88c3a6e
2026-05-15,2026-05-15 14:31:32,2026-05-15 00:45:00,699e7a1786d42666,699e7a1786d42666_gasoline_95,SHELL Perafita,SHELL,gasoline_95,Gasolina simples 95,Outro,2.024,Matosinhos,Porto,Rua D. Marcos da Cruz,Perafita,4455-533,41.218337,-8.694601,shell perafita,shell,rua d. marcos da cruz,"2,024 €",2026-05-15_dgeg_postos_raw.csv,962258f88e6cd10a
2026-05-15,2026-05-15 14:31:32,2026-05-15 00:45:00,699e7a1786d42666,699e7a1786d42666_gasoline_98,SHELL Perafita,SHELL,gasoline_98,Gasolina especial 98,Outro,2.174,Matosinhos,Porto,Rua D. Marcos da Cruz,Perafita,4455-533,41.218337,-8.694601,shell perafita,shell,rua d. marcos da cruz,"2,174 €",2026-05-15_dgeg_postos_raw.csv,69a6959254a7c179
2026-05-15,2026-05-15 14:31:32,2026-05-15 00:45:00,69a76686835df3aa,69a76686835df3aa_diesel_premium,SHELL Argoncilhe,SHELL,diesel_premium,Gasóleo especial,Outro,2.099,Santa Maria da Feira,Aveiro,Rua da Estrada Nacional Nº1,Argoncilhe,4505-007,41.01642,-8.557138,shell argoncilhe,shell,rua da estrada nacional nº1,"2,099 €",2026-05-15_dgeg_postos_raw.csv,af1eec406635d1d9
2026-05-15,2026-05-15 14:31:32,2026-05-15 00:45:00,69a76686835df3aa,69a76686835df3aa_diesel_regular,SHELL Argoncilhe,SHELL,diesel_regular,Gasóleo simples,Outro,2.019,Santa Maria da Feira,Aveiro,Rua da Estrada Nacional Nº1,Argoncilhe,4505-007,41.01642,-8.557138,shell argoncilhe,shell,rua da estrada nacional nº1,"2,019 €",2026-05-15_dgeg_postos_raw.csv,3d67a88d6a1d2a67
2026-05-15,2026-05-15 14:31:32,2026-05-15 00:45:00,69a76686835df3aa,69a76686835df3aa_gasoline_95,SHELL Argoncilhe,SHELL,gasoline_95,Gasolina simples 95,Outro,2.019,Santa Maria da Feira,Aveiro,Rua da Estrada Nacional Nº1,Argoncilhe,4505-007,41.01642,-8.557138,shell argoncilhe,shell,rua da estrada nacional nº1,"2,019 €",2026-05-15_dgeg_postos_raw.csv,5ea75eff7239a7c8
2026-05-15,2026-05-15 14:31:32,2026-05-15 00:45:00,4ef47b6834c5d52a,4ef47b6834c5d52a_diesel_regular,SHELL Mira-Sintra  (A16 Norte),SHELL,diesel_regular,Gasóleo simples,Auto-estrada,2.054,Sintra,Lisboa,"A 16 - IC16 - km 2,600 a 3,100",Mastrontas,2715-311,38.786263,-9.295987,shell mira-sintra (a16 norte),shell,"a 16 - ic16 - km 2,600 a 3,100","2,054 €",2026-05-15_dgeg_postos_raw.csv,24f99cc49d3ed72d
2026-05-15,2026-05-15 14:31:32,2026-05-15 00:45:00,4ef47b6834c5d52a,4ef47b6834c5d52a_diesel_premium,SHELL Mira-Sintra  (A16 Norte),SHELL,diesel_premium,Gasóleo especial,Auto-estrada,2.134,Sintra,Lisboa,"A 16 - IC16 - km 2,600 a 3,100",Mastrontas,2715-311,38.786263,-9.295987,shell mira-sintra (a16 norte),shell,"a 16 - ic16 - km 2,600 a 3,100","2,134 €",2026-05-15_dgeg_postos_raw.csv,c21627acf47c6a12
2026-05-15,2026-05-15 14:31:32,2026-05-15 00:45:00,4ef47b6834c5d52a,4ef47b6834c5d52a_gasoline_95,SHELL Mira-Sintra  (A16 Norte),SHELL,gasoline_95,Gasolina simples 95,Auto-estrada,2.044,Sintra,Lisboa,"A 16 - IC16 - km 2,600 a 3,100",Mastrontas,2715-311,38.786263,-9.295987,shell mira-sintra (a16 norte),shell,"a 16 - ic16 - km 2,600 a 3,100","2,044 €",2026-05-15_dgeg_postos_raw.csv,14300b066fa8b46d
2026-05-15,2026-05-15 14:31:32,2026-05-15 00:45:00,4ef47b6834c5d52a,4ef47b6834c5d52a_gasoline_98,SHELL Mira-Sintra  (A16 Norte),SHELL,gasoline_98,Gasolina especial 98,Auto-estrada,2.194,Sintra,Lisboa,"A 16 - IC16 - km 2,600 a 3,100",Mastrontas,2715-311,38.786263,-9.295987,shell mira-sintra (a16 norte),shell,"a 16 - ic16 - km 2,600 a 3,100","2,194 €",2026-05-15_dgeg_postos_raw.csv,9369a070bc7659c6
2026-05-15,2026-05-15 14:31:32,2026-05-15 00:45:00,ba2ce28cc6c96466,ba2ce28cc6c96466_diesel_regular,SHELL Mira-Sintra  (A16 Sul),SHELL,diesel_regular,Gasóleo simples,Auto-estrada,2.054,Sintra,Lisboa,"A 16 - IC16 - km 2,600 a 3,100",Agualva-Cacém,2735-395,38.787167,-9.298369,shell mira-sintra (a16 sul),shell,"a 16 - ic16 - km 2,600 a 3,100","2,054 €",2026-05-15_dgeg_postos_raw.csv,b262513b5c30b155
2026-05-15,2026-05-15 14:31:32,2026-05-15 00:45:00,ba2ce28cc6c96466,ba2ce28cc6c96466_diesel_premium,SHELL Mira-Sintra  (A16 Sul),SHELL,diesel_premium,Gasóleo especial,Auto-estrada,2.134,Sintra,Lisboa,"A 16 - IC16 - km 2,600 a 3,100",Agualva-Cacém,2735-395,38.787167,-9.298369,shell mira-sintra (a16 sul),shell,"a 16 - ic16 - km 2,600 a 3,100","2,134 €",2026-05-15_dgeg_postos_raw.csv,0321f7da6b313259
2026-05-15,2026-05-15 14:31:32,2026-05-15 00:45:00,ba2ce28cc6c96466,ba2ce28cc6c96466_gasoline_95,SHELL Mira-Sintra  (A16 Sul),SHELL,gasoline_95,Gasolina simples 95,Auto-estrada,2.044,Sintra,Lisboa,"A 16 - IC16 - km 2,600 a 3,100",Agualva-Cacém,2735-395,38.787167,-9.298369,shell mira-sintra (a16 sul),shell,"a 16 - ic16 - km 2,600 a 3,100","2,044 €",2026-05-15_dgeg_postos_raw.csv,07681e353440a327
2026-05-15,2026-05-15 14:31:32,2026-05-15 00:45:00,ba2ce28cc6c96466,ba2ce28cc6c96466_gasoline_98,SHELL Mira-Sintra  (A16 Sul),SHELL,gasoline_98,Gasolina especial 98,Auto-estrada,2.194,Sintra,Lisboa,"A 16 - IC16 - km 2,600 a 3,100",Agualva-Cacém,2735-395,38.787167,-9.298369,shell mira-sintra (a16 sul),shell,"a 16 - ic16 - km 2,600 a 3,100","2,194 €",2026-05-15_dgeg_postos_raw.csv,5d14921d2dc6bb84
2026-05-15,2026-05-15 14:31:32,2026-05-15 00:50:00,8166c4ff9f11c48c,8166c4ff9f11c48c_diesel_regular,SHELL Águas Santas,SHELL,diesel_regular,Gasóleo simples,Outro,2.029,Maia,Porto,Rua Dom Afonso Henriques,Maia,4425-592,41.21127,-8.565017,shell águas santas,shell,rua dom afonso henriques,"2,029 €",2026-05-15_dgeg_postos_raw.csv,5e68f356ddb85a8a
2026-05-15,2026-05-15 14:31:32,2026-05-15 00:50:00,8166c4ff9f11c48c,8166c4ff9f11c48c_gasoline_95,SHELL Águas Santas,SHELL,gasoline_95,Gasolina simples 95,Outro,2.019,Maia,Porto,Rua Dom Afonso Henriques,Maia,4425-592,41.21127,-8.565017,shell águas santas,shell,rua dom afonso henriques,"2,019 €",2026-05-15_dgeg_postos_raw.csv,04b7d131740c945b
2026-05-15,2026-05-15 14:31:32,2026-05-15 00:50:00,8166c4ff9f11c48c,8166c4ff9f11c48c_diesel_premium,SHELL Águas Santas,SHELL,diesel_premium,Gasóleo especial,Outro,2.109,Maia,Porto,Rua Dom Afonso Henriques,Maia,4425-592,41.21127,-8.565017,shell águas santas,shell,rua dom afonso henriques,"2,109 €",2026-05-15_dgeg_postos_raw.csv,893efe2b63a8ff9a
2026-05-15,2026-05-15 14:31:32,2026-05-15 00:50:00,020ca8b98c0369b4,020ca8b98c0369b4_diesel_premium,SHELL Alfena,SHELL,diesel_premium,Gasóleo especial,Outro,2.134,Valongo,Porto,Rua S.Vicente 2700,Alfena,4445-127,41.235897,-8.525714,shell alfena,shell,rua s.vicente 2700,"2,134 €",2026-05-15_dgeg_postos_raw.csv,915bba82797c198e
2026-05-15,2026-05-15 14:31:32,2026-05-15 00:50:00,020ca8b98c0369b4,020ca8b98c0369b4_diesel_regular,SHELL Alfena,SHELL,diesel_regular,Gasóleo simples,Outro,2.054,Valongo,Porto,Rua S.Vicente 2700,Alfena,4445-127,41.235897,-8.525714,shell alfena,shell,rua s.vicente 2700,"2,054 €",2026-05-15_dgeg_postos_raw.csv,cf2852a3e22413b7
2026-05-15,2026-05-15 14:31:32,2026-05-15 00:50:00,020ca8b98c0369b4,020ca8b98c0369b4_gasoline_95,SHELL Alfena,SHELL,gasoline_95,Gasolina simples 95,Outro,2.044,Valongo,Porto,Rua S.Vicente 2700,Alfena,4445-127,41.235897,-8.525714,shell alfena,shell,rua s.vicente 2700,"2,044 €",2026-05-15_dgeg_postos_raw.csv,a68642f87aa2d478
2026-05-15,2026-05-15 14:31:32,2026-05-15 00:50:00,2605806aa537ff4a,2605806aa537ff4a_diesel_regular,SHELL Meia Praia,SHELL,diesel_regular,Gasóleo simples,Outro,2.019,Lagos,Faro,Estr. da Meia Praia - Lote 54,Lagos,8600-315,37.111027,-8.662686,shell meia praia,shell,estr. da meia praia - lote 54,"2,019 €",2026-05-15_dgeg_postos_raw.csv,37dbe6b8adfe2ac0
2026-05-15,2026-05-15 14:31:32,2026-05-15 00:50:00,2605806aa537ff4a,2605806aa537ff4a_diesel_premium,SHELL Meia Praia,SHELL,diesel_premium,Gasóleo especial,Outro,2.099,Lagos,Faro,Estr. da Meia Praia - Lote 54,Lagos,8600-315,37.111027,-8.662686,shell meia praia,shell,estr. da meia praia - lote 54,"2,099 €",2026-05-15_dgeg_postos_raw.csv,96a72791dcd90356
2026-05-15,2026-05-15 14:31:32,2026-05-15 00:50:00,2605806aa537ff4a,2605806aa537ff4a_gasoline_95,SHELL Meia Praia,SHELL,gasoline_95,Gasolina simples 95,Outro,2.019,Lagos,Faro,Estr. da Meia Praia - Lote 54,Lagos,8600-315,37.111027,-8.662686,shell meia praia,shell,estr. da meia praia - lote 54,"2,019 €",2026-05-15_dgeg_postos_raw.csv,b4a8b35f9a507f23
2026-05-15,2026-05-15 14:31:32,2026-05-15 00:50:00,2605806aa537ff4a,2605806aa537ff4a_gasoline_98,SHELL Meia Praia,SHELL,gasoline_98,Gasolina especial 98,Outro,2.169,Lagos,Faro,Estr. da Meia Praia - Lote 54,Lagos,8600-315,37.111027,-8.662686,shell meia praia,shell,estr. da meia praia - lote 54,"2,169 €",2026-05-15_dgeg_postos_raw.csv,e549d6fc2647f698
2026-05-15,2026-05-15 14:31:32,2026-05-15 00:50:00,a1204e49f62a3c92,a1204e49f62a3c92_diesel_premium,SHELL Estoril,SHELL,diesel_premium,Gasóleo especial,Outro,2.084,Cascais,Lisboa,"Rua do Campo Santo, Alto dos Gaios, Estoril, Cascais",Estoril,2765-335,38.71484,-9.386889,shell estoril,shell,"rua do campo santo, alto dos gaios, estoril, cascais","2,084 €",2026-05-15_dgeg_postos_raw.csv,ab3af6d6004928e2
2026-05-15,2026-05-15 14:31:32,2026-05-15 00:50:00,a1204e49f62a3c92,a1204e49f62a3c92_diesel_regular,SHELL Estoril,SHELL,diesel_regular,Gasóleo simples,Outro,2.004,Cascais,Lisboa,"Rua do Campo Santo, Alto dos Gaios, Estoril, Cascais",Estoril,2765-335,38.71484,-9.386889,shell estoril,shell,"rua do campo santo, alto dos gaios, estoril, cascais","2,004 €",2026-05-15_dgeg_postos_raw.csv,394e476816092339
2026-05-15,2026-05-15 14:31:32,2026-05-15 00:50:00,a1204e49f62a3c92,a1204e49f62a3c92_gasoline_98,SHELL Estoril,SHELL,gasoline_98,Gasolina especial 98,Outro,2.134,Cascais,Lisboa,"Rua do Campo Santo, Alto dos Gaios, Estoril, Cascais",Estoril,2765-335,38.71484,-9.386889,shell estoril,shell,"rua do campo santo, alto dos gaios, estoril, cascais","2,134 €",2026-05-15_dgeg_postos_raw.csv,73e29b58664b7971
2026-05-15,2026-05-15 14:31:32,2026-05-15 00:50:00,a1204e49f62a3c92,a1204e49f62a3c92_gasoline_95,SHELL Estoril,SHELL,gasoline_95,Gasolina simples 95,Outro,1.984,Cascais,Lisboa,"Rua do Campo Santo, Alto dos Gaios, Estoril, Cascais",Estoril,2765-335,38.71484,-9.386889,shell estoril,shell,"rua do campo santo, alto dos gaios, estoril, cascais","1,984 €",2026-05-15_dgeg_postos_raw.csv,382ee95abe7db80e
2026-05-15,2026-05-15 14:31:32,2026-05-15 01:00:00,2ce0a877965eb356,2ce0a877965eb356_diesel_premium,PRIO Maia - Via Diagonal,PRIO,diesel_premium,Gasóleo especial,Outro,1.964,Maia,Porto,"Via Diagonal, Gondim, nº 1724",Maia,4475-400,41.257748,-8.598093,prio maia - via diagonal,prio,"via diagonal, gondim, nº 1724","1,964 €",2026-05-15_dgeg_postos_raw.csv,2a26b4dbb8b791cd
2026-05-15,2026-05-15 14:31:32,2026-05-15 01:00:00,2ce0a877965eb356,2ce0a877965eb356_gasoline_95,PRIO Maia - Via Diagonal,PRIO,gasoline_95,Gasolina simples 95,Outro,2.014,Maia,Porto,"Via Diagonal, Gondim, nº 1724",Maia,4475-400,41.257748,-8.598093,prio maia - via diagonal,prio,"via diagonal, gondim, nº 1724","2,014 €",2026-05-15_dgeg_postos_raw.csv,e8272228d88c583a
2026-05-15,2026-05-15 14:31:32,2026-05-15 01:00:00,2f1116196ecffee0,2f1116196ecffee0_diesel_premium,PRIO Vale de Cambra,PRIO,diesel_premium,Gasóleo especial,Outro,1.954,Vale de Cambra,Aveiro,"Av. Do Caima, nº 750 São Pedro de Castelões  - Vale de Cambra",Vale de Cambra,3730-202,40.842354,-8.395429,prio vale de cambra,prio,"av. do caima, nº 750 são pedro de castelões - vale de cambra","1,954 €",2026-05-15_dgeg_postos_raw.csv,8ea0e6a9e345bb2f
2026-05-15,2026-05-15 14:31:32,2026-05-15 01:00:00,2f1116196ecffee0,2f1116196ecffee0_gasoline_95,PRIO Vale de Cambra,PRIO,gasoline_95,Gasolina simples 95,Outro,2.014,Vale de Cambra,Aveiro,"Av. Do Caima, nº 750 São Pedro de Castelões  - Vale de Cambra",Vale de Cambra,3730-202,40.842354,-8.395429,prio vale de cambra,prio,"av. do caima, nº 750 são pedro de castelões - vale de cambra","2,014 €",2026-05-15_dgeg_postos_raw.csv,71ceee23b3343649
2026-05-15,2026-05-15 14:31:32,2026-05-15 01:00:00,9f226f306591edcc,9f226f306591edcc_diesel_premium,PRIO Maia - Pedrouços,PRIO,diesel_premium,Gasóleo especial,Outro,1.964,Maia,Porto,Travessa Nova da Giesta nº 541,Maia Pedrouços,4470-672,41.188696,-8.587048,prio maia - pedrouços,prio,travessa nova da giesta nº 541,"1,964 €",2026-05-15_dgeg_postos_raw.csv,b70f3bd6d85b8d28
2026-05-15,2026-05-15 14:31:32,2026-05-15 01:00:00,9f226f306591edcc,9f226f306591edcc_gasoline_95,PRIO Maia - Pedrouços,PRIO,gasoline_95,Gasolina simples 95,Outro,2.014,Maia,Porto,Travessa Nova da Giesta nº 541,Maia Pedrouços,4470-672,41.188696,-8.587048,prio maia - pedrouços,prio,travessa nova da giesta nº 541,"2,014 €",2026-05-15_dgeg_postos_raw.csv,239ad930a8798cd9
2026-05-15,2026-05-15 14:31:32,2026-05-15 01:00:00,4bc7547d8d815744,4bc7547d8d815744_diesel_premium,PRIO Oliveira de Frades,PRIO,diesel_premium,Gasóleo especial,Outro,1.944,Oliveira de Frades,Viseu,"Zona Industrial de Oliveira de Frades, Lote 82",Vilarinho,3684-001,40.714237,-8.204861,prio oliveira de frades,prio,"zona industrial de oliveira de frades, lote 82","1,944 €",2026-05-15_dgeg_postos_raw.csv,e3658ffbf5197a68
2026-05-15,2026-05-15 14:31:32,2026-05-15 01:00:00,4bc7547d8d815744,4bc7547d8d815744_gasoline_95,PRIO Oliveira de Frades,PRIO,gasoline_95,Gasolina simples 95,Outro,2.014,Oliveira de Frades,Viseu,"Zona Industrial de Oliveira de Frades, Lote 82",Vilarinho,3684-001,40.714237,-8.204861,prio oliveira de frades,prio,"zona industrial de oliveira de frades, lote 82","2,014 €",2026-05-15_dgeg_postos_raw.csv,250b24a5b74f0451
2026-05-15,2026-05-15 14:31:32,2026-05-15 01:00:00,24cfc951793c07fb,24cfc951793c07fb_diesel_premium,PRIO Frazão - Paços de Ferreira,PRIO,diesel_premium,Gasóleo especial,Outro,1.929,Paços de Ferreira,Porto,Rua Recta do Gomil nº 1537,Paços de Ferreira,4595-144,41.26882,-8.39763,prio frazão - paços de ferreira,prio,rua recta do gomil nº 1537,"1,929 €",2026-05-15_dgeg_postos_raw.csv,9ac0037bf3792e3a
2026-05-15,2026-05-15 14:31:32,2026-05-15 01:00:00,24cfc951793c07fb,24cfc951793c07fb_gasoline_95,PRIO Frazão - Paços de Ferreira,PRIO,gasoline_95,Gasolina simples 95,Outro,2.014,Paços de Ferreira,Porto,Rua Recta do Gomil nº 1537,Paços de Ferreira,4595-144,41.26882,-8.39763,prio frazão - paços de ferreira,prio,rua recta do gomil nº 1537,"2,014 €",2026-05-15_dgeg_postos_raw.csv,40a9ac3cee15b99e
2026-05-15,2026-05-15 14:31:32,2026-05-15 01:05:00,0e34b2a547cb506a,0e34b2a547cb506a_diesel_premium,PRIO Vila das Aves,PRIO,diesel_premium,Gasóleo especial,Outro,1.924,Santo Tirso,Porto,"Av. Indústria Têxtil, 154",Curvaceira-Negrelos,4795-548,41.35747,-8.40306,prio vila das aves,prio,"av. indústria têxtil, 154","1,924 €",2026-05-15_dgeg_postos_raw.csv,7a7cb216be09778d
2026-05-15,2026-05-15 14:31:32,2026-05-15 01:05:00,3a7f02b3471fc645,3a7f02b3471fc645_diesel_premium,PRIO Póvoa do Varzim,PRIO,diesel_premium,Gasóleo especial,Outro,1.939,Póvoa de Varzim,Porto,Av. 25 de Abril,Póvoa de Varzim,4490-000,41.39275,-8.75503,prio póvoa do varzim,prio,av. 25 de abril,"1,939 €",2026-05-15_dgeg_postos_raw.csv,1c1a5c7e508c59b5
2026-05-15,2026-05-15 14:31:32,2026-05-15 01:05:00,3a7f02b3471fc645,3a7f02b3471fc645_gasoline_95,PRIO Póvoa do Varzim,PRIO,gasoline_95,Gasolina simples 95,Outro,2.014,Póvoa de Varzim,Porto,Av. 25 de Abril,Póvoa de Varzim,4490-000,41.39275,-8.75503,prio póvoa do varzim,prio,av. 25 de abril,"2,014 €",2026-05-15_dgeg_postos_raw.csv,fb4ef9d83f79c859
2026-05-15,2026-05-15 14:31:32,2026-05-15 01:05:00,5a7672a68a980be0,5a7672a68a980be0_diesel_premium,PRIO Santo Tirso,PRIO,diesel_premium,Gasóleo especial,Outro,1.929,Santo Tirso,Porto,Rua Ferreira Lemos,Santo Tirso,4780-468,41.33802,-8.47625,prio santo tirso,prio,rua ferreira lemos,"1,929 €",2026-05-15_dgeg_postos_raw.csv,d39e6d071568d2f9
2026-05-15,2026-05-15 14:31:32,2026-05-15 01:05:00,5a7672a68a980be0,5a7672a68a980be0_gasoline_95,PRIO Santo Tirso,PRIO,gasoline_95,Gasolina simples 95,Outro,2.014,Santo Tirso,Porto,Rua Ferreira Lemos,Santo Tirso,4780-468,41.33802,-8.47625,prio santo tirso,prio,rua ferreira lemos,"2,014 €",2026-05-15_dgeg_postos_raw.csv,b6dbc25b65057349
2026-05-15,2026-05-15 14:31:32,2026-05-15 01:05:00,6d8e62cf14575583,6d8e62cf14575583_diesel_premium,PRIO Taveiro - Coimbra,PRIO,diesel_premium,Gasóleo especial,Outro,1.974,Coimbra,Coimbra,Lugar de Vale ou Presa e Telhões (ao lado do Retail Park de Taveiro),Taveiro,3040-881,40.19243,-8.508243,prio taveiro - coimbra,prio,lugar de vale ou presa e telhões (ao lado do retail park de taveiro),"1,974 €",2026-05-15_dgeg_postos_raw.csv,8841d635d4b9b44e
2026-05-15,2026-05-15 14:31:32,2026-05-15 01:05:00,6d8e62cf14575583,6d8e62cf14575583_gasoline_95,PRIO Taveiro - Coimbra,PRIO,gasoline_95,Gasolina simples 95,Outro,2.014,Coimbra,Coimbra,Lugar de Vale ou Presa e Telhões (ao lado do Retail Park de Taveiro),Taveiro,3040-881,40.19243,-8.508243,prio taveiro - coimbra,prio,lugar de vale ou presa e telhões (ao lado do retail park de taveiro),"2,014 €",2026-05-15_dgeg_postos_raw.csv,9d1fc37023102dd5
2026-05-15,2026-05-15 14:31:32,2026-05-15 01:05:00,bff166f8189d7dc9,bff166f8189d7dc9_diesel_premium,PRIO Vagos,PRIO,diesel_premium,Gasóleo especial,Outro,1.929,Vagos,Aveiro,EN 333,Vagos,3840-000,40.55265,-8.67572,prio vagos,prio,en 333,"1,929 €",2026-05-15_dgeg_postos_raw.csv,18a36b1364650c68
2026-05-15,2026-05-15 14:31:32,2026-05-15 01:05:00,bff166f8189d7dc9,bff166f8189d7dc9_gasoline_95,PRIO Vagos,PRIO,gasoline_95,Gasolina simples 95,Outro,2.014,Vagos,Aveiro,EN 333,Vagos,3840-000,40.55265,-8.67572,prio vagos,prio,en 333,"2,014 €",2026-05-15_dgeg_postos_raw.csv,3e48b1b964b28c3f
2026-05-15,2026-05-15 14:31:32,2026-05-15 01:05:00,b11c0f15e0512ac8,b11c0f15e0512ac8_diesel_premium,PRIO Braga - Fojo S,PRIO,diesel_premium,Gasóleo especial,Outro,1.929,Braga,Braga,"Variante do Fojo, Este São Pedro",São Pedro,4715-570,41.56595,-8.37772,prio braga - fojo s,prio,"variante do fojo, este são pedro","1,929 €",2026-05-15_dgeg_postos_raw.csv,44db1cca4c7adcd3
2026-05-15,2026-05-15 14:31:32,2026-05-15 01:05:00,b11c0f15e0512ac8,b11c0f15e0512ac8_gasoline_95,PRIO Braga - Fojo S,PRIO,gasoline_95,Gasolina simples 95,Outro,2.014,Braga,Braga,"Variante do Fojo, Este São Pedro",São Pedro,4715-570,41.56595,-8.37772,prio braga - fojo s,prio,"variante do fojo, este são pedro","2,014 €",2026-05-15_dgeg_postos_raw.csv,3f6906f2217d3c60
2026-05-15,2026-05-15 14:31:32,2026-05-15 01:10:00,cd22c1f1c052af94,cd22c1f1c052af94_diesel_premium,PRIO Alverca,PRIO,diesel_premium,Gasóleo especial,Outro,1.934,Vila Franca de Xira,Lisboa,"EN 10 Km 131+200, Freguesia Forte da Casa",Forte da Casa,2625-445,38.879505,-9.051529,prio alverca,prio,"en 10 km 131+200, freguesia forte da casa","1,934 €",2026-05-15_dgeg_postos_raw.csv,ba4d57083f69a0f3
2026-05-15,2026-05-15 14:31:32,2026-05-15 01:10:00,cd22c1f1c052af94,cd22c1f1c052af94_gasoline_95,PRIO Alverca,PRIO,gasoline_95,Gasolina simples 95,Outro,2.014,Vila Franca de Xira,Lisboa,"EN 10 Km 131+200, Freguesia Forte da Casa",Forte da Casa,2625-445,38.879505,-9.051529,prio alverca,prio,"en 10 km 131+200, freguesia forte da casa","2,014 €",2026-05-15_dgeg_postos_raw.csv,ece9eaa1a4eb4253
2026-05-15,2026-05-15 14:31:32,2026-05-15 01:10:00,5095d041b62c987d,5095d041b62c987d_diesel_premium,PRIO Porto - Zona Industrial,PRIO,diesel_premium,Gasóleo especial,Outro,1.954,Porto,Porto,"Rua Engenheiro Ferreira Dias, Freguesia de Ramalde, 1104,1150",Porto,4100-247,41.17751,-8.648651,prio porto - zona industrial,prio,"rua engenheiro ferreira dias, freguesia de ramalde, 1104,1150","1,954 €",2026-05-15_dgeg_postos_raw.csv,2a737b6b26482bdc
2026-05-15,2026-05-15 14:31:32,2026-05-15 01:10:00,5095d041b62c987d,5095d041b62c987d_gasoline_95,PRIO Porto - Zona Industrial,PRIO,gasoline_95,Gasolina simples 95,Outro,2.014,Porto,Porto,"Rua Engenheiro Ferreira Dias, Freguesia de Ramalde, 1104,1150",Porto,4100-247,41.17751,-8.648651,prio porto - zona industrial,prio,"rua engenheiro ferreira dias, freguesia de ramalde, 1104,1150","2,014 €",2026-05-15_dgeg_postos_raw.csv,a231906c80d039c5
2026-05-15,2026-05-15 14:31:32,2026-05-15 01:10:00,47bc00ae38b6225a,47bc00ae38b6225a_diesel_premium,PRIO Gaia,PRIO,diesel_premium,Gasóleo especial,Outro,1.939,Vila Nova de Gaia,Porto,"Gaveto da Av. Vasco da Gama com a Rua de Baiza, nº1243",Vilar de Andorinho,4430-335,41.10897,-8.57401,prio gaia,prio,"gaveto da av. vasco da gama com a rua de baiza, nº1243","1,939 €",2026-05-15_dgeg_postos_raw.csv,bcf4a80f9bcedb8a
2026-05-15,2026-05-15 14:31:32,2026-05-15 01:10:00,47bc00ae38b6225a,47bc00ae38b6225a_gasoline_95,PRIO Gaia,PRIO,gasoline_95,Gasolina simples 95,Outro,2.014,Vila Nova de Gaia,Porto,"Gaveto da Av. Vasco da Gama com a Rua de Baiza, nº1243",Vilar de Andorinho,4430-335,41.10897,-8.57401,prio gaia,prio,"gaveto da av. vasco da gama com a rua de baiza, nº1243","2,014 €",2026-05-15_dgeg_postos_raw.csv,f83be9f312301724
2026-05-15,2026-05-15 14:31:32,2026-05-15 01:10:00,0e34b2a547cb506a,0e34b2a547cb506a_gasoline_95,PRIO Vila das Aves,PRIO,gasoline_95,Gasolina simples 95,Outro,2.014,Santo Tirso,Porto,"Av. Indústria Têxtil, 154",Curvaceira-Negrelos,4795-548,41.35747,-8.40306,prio vila das aves,prio,"av. indústria têxtil, 154","2,014 €",2026-05-15_dgeg_postos_raw.csv,8b6ee8568a12234b
2026-05-15,2026-05-15 14:31:32,2026-05-15 01:10:00,d6ef707dc467bd89,d6ef707dc467bd89_diesel_premium,PRIO Fiães,PRIO,diesel_premium,Gasóleo especial,Outro,1.974,Santa Maria da Feira,Aveiro,Rua Principal do Grandal,Fiaes,4535-371,40.99634,-8.51552,prio fiães,prio,rua principal do grandal,"1,974 €",2026-05-15_dgeg_postos_raw.csv,08248bc76166de83
2026-05-15,2026-05-15 14:31:32,2026-05-15 01:10:00,d6ef707dc467bd89,d6ef707dc467bd89_gasoline_95,PRIO Fiães,PRIO,gasoline_95,Gasolina simples 95,Outro,2.014,Santa Maria da Feira,Aveiro,Rua Principal do Grandal,Fiaes,4535-371,40.99634,-8.51552,prio fiães,prio,rua principal do grandal,"2,014 €",2026-05-15_dgeg_postos_raw.csv,47e9abec22016425
2026-05-15,2026-05-15 14:31:32,2026-05-15 01:10:00,c103f262b3e1f3d0,c103f262b3e1f3d0_diesel_premium,PRIO Gafanha da Nazaré - Av Bacalhoeiros,PRIO,diesel_premium,Gasóleo especial,Outro,1.974,Ílhavo,Aveiro,Av. dos Bacalhoeiros,Gafanha da Nazaré,3800-000,40.634082,-8.691465,prio gafanha da nazaré - av bacalhoeiros,prio,av. dos bacalhoeiros,"1,974 €",2026-05-15_dgeg_postos_raw.csv,460c81d5cfded953
2026-05-15,2026-05-15 14:31:32,2026-05-15 01:10:00,c103f262b3e1f3d0,c103f262b3e1f3d0_gasoline_95,PRIO Gafanha da Nazaré - Av Bacalhoeiros,PRIO,gasoline_95,Gasolina simples 95,Outro,1.949,Ílhavo,Aveiro,Av. dos Bacalhoeiros,Gafanha da Nazaré,3800-000,40.634082,-8.691465,prio gafanha da nazaré - av bacalhoeiros,prio,av. dos bacalhoeiros,"1,949 €",2026-05-15_dgeg_postos_raw.csv,c419c6b3bb3d25ae
2026-05-15,2026-05-15 14:31:32,2026-05-15 01:15:00,9709133ba457c491,9709133ba457c491_diesel_premium,PRIO Avanca,PRIO,diesel_premium,Gasóleo especial,Outro,1.954,Estarreja,Aveiro,"E.N. 109 KM 41,6 - Valada - Avanca",Avanca,3860-000,40.8091,-8.57279,prio avanca,prio,"e.n. 109 km 41,6 - valada - avanca","1,954 €",2026-05-15_dgeg_postos_raw.csv,b44990fb4b067a11
2026-05-15,2026-05-15 14:31:32,2026-05-15 01:15:00,9709133ba457c491,9709133ba457c491_gasoline_95,PRIO Avanca,PRIO,gasoline_95,Gasolina simples 95,Outro,2.014,Estarreja,Aveiro,"E.N. 109 KM 41,6 - Valada - Avanca",Avanca,3860-000,40.8091,-8.57279,prio avanca,prio,"e.n. 109 km 41,6 - valada - avanca","2,014 €",2026-05-15_dgeg_postos_raw.csv,6692472e8b215e9f
2026-05-15,2026-05-15 14:31:32,2026-05-15 01:15:00,701290a644b31175,701290a644b31175_diesel_premium,PRIO  Estarreja,PRIO,diesel_premium,Gasóleo especial,Outro,1.954,Estarreja,Aveiro,Rua Visconde Valdemouro,Estarreja,3860-389,40.751663,-8.571486,prio estarreja,prio,rua visconde valdemouro,"1,954 €",2026-05-15_dgeg_postos_raw.csv,641af58f7d40ecf5
2026-05-15,2026-05-15 14:31:32,2026-05-15 01:15:00,701290a644b31175,701290a644b31175_gasoline_95,PRIO  Estarreja,PRIO,gasoline_95,Gasolina simples 95,Outro,2.014,Estarreja,Aveiro,Rua Visconde Valdemouro,Estarreja,3860-389,40.751663,-8.571486,prio estarreja,prio,rua visconde valdemouro,"2,014 €",2026-05-15_dgeg_postos_raw.csv,9a6419cdb4e1e7b4
2026-05-15,2026-05-15 14:31:32,2026-05-15 01:15:00,d7d281d0240205c6,d7d281d0240205c6_diesel_premium,PRIO  Alenquer,PRIO,diesel_premium,Gasóleo especial,Outro,1.924,Alenquer,Lisboa,"EN 1 Km 35, Casal do Bravo",Alenquer,2580-355,39.04954,-8.99802,prio alenquer,prio,"en 1 km 35, casal do bravo","1,924 €",2026-05-15_dgeg_postos_raw.csv,17b3a2758e6aee85
2026-05-15,2026-05-15 14:31:32,2026-05-15 01:15:00,d7d281d0240205c6,d7d281d0240205c6_gasoline_95,PRIO  Alenquer,PRIO,gasoline_95,Gasolina simples 95,Outro,2.014,Alenquer,Lisboa,"EN 1 Km 35, Casal do Bravo",Alenquer,2580-355,39.04954,-8.99802,prio alenquer,prio,"en 1 km 35, casal do bravo","2,014 €",2026-05-15_dgeg_postos_raw.csv,302332aa42995843
2026-05-15,2026-05-15 14:31:32,2026-05-15 01:15:00,63757e3320d1d326,63757e3320d1d326_diesel_premium,PRIO  Damaia,PRIO,diesel_premium,Gasóleo especial,Outro,1.964,Amadora,Lisboa,Av. Carlos Cumbre Tavares,Damaia,2720-505,38.742642,-9.222231,prio damaia,prio,av. carlos cumbre tavares,"1,964 €",2026-05-15_dgeg_postos_raw.csv,db811ae26539b469
2026-05-15,2026-05-15 14:31:32,2026-05-15 01:15:00,63757e3320d1d326,63757e3320d1d326_gasoline_95,PRIO  Damaia,PRIO,gasoline_95,Gasolina simples 95,Outro,2.014,Amadora,Lisboa,Av. Carlos Cumbre Tavares,Damaia,2720-505,38.742642,-9.222231,prio damaia,prio,av. carlos cumbre tavares,"2,014 €",2026-05-15_dgeg_postos_raw.csv,674ef279ecb423f4
2026-05-15,2026-05-15 14:31:32,2026-05-15 01:15:00,eccb61b580929ad9,eccb61b580929ad9_diesel_premium,PRIO  Amares,PRIO,diesel_premium,Gasóleo especial,Outro,1.929,Amares,Braga,Rua da Cintura nº 72,Amares - Ferreiros,4720-000,41.62473,-8.35003,prio amares,prio,rua da cintura nº 72,"1,929 €",2026-05-15_dgeg_postos_raw.csv,c460d931c60778e6
2026-05-15,2026-05-15 14:31:32,2026-05-15 01:15:00,eccb61b580929ad9,eccb61b580929ad9_gasoline_95,PRIO  Amares,PRIO,gasoline_95,Gasolina simples 95,Outro,2.014,Amares,Braga,Rua da Cintura nº 72,Amares - Ferreiros,4720-000,41.62473,-8.35003,prio amares,prio,rua da cintura nº 72,"2,014 €",2026-05-15_dgeg_postos_raw.csv,f34cfde35f12c562
2026-05-15,2026-05-15 14:31:32,2026-05-15 01:20:00,aa9bdff5e5b0a102,aa9bdff5e5b0a102_diesel_premium,PRIO Canelas,PRIO,diesel_premium,Gasóleo especial,Outro,1.954,Vila Nova de Gaia,Porto,"Rua das Lajes, nº 1165",Canelas,4410-272,41.087156,-8.602517,prio canelas,prio,"rua das lajes, nº 1165","1,954 €",2026-05-15_dgeg_postos_raw.csv,97aa4781b14ed3c7
2026-05-15,2026-05-15 14:31:32,2026-05-15 01:20:00,aa9bdff5e5b0a102,aa9bdff5e5b0a102_gasoline_95,PRIO Canelas,PRIO,gasoline_95,Gasolina simples 95,Outro,2.014,Vila Nova de Gaia,Porto,"Rua das Lajes, nº 1165",Canelas,4410-272,41.087156,-8.602517,prio canelas,prio,"rua das lajes, nº 1165","2,014 €",2026-05-15_dgeg_postos_raw.csv,d546f422347430db
2026-05-15,2026-05-15 14:31:32,2026-05-15 01:20:00,2d2a1211f0e4f0ea,2d2a1211f0e4f0ea_diesel_premium,PRIO  Grândola,PRIO,diesel_premium,Gasóleo especial,Outro,1.954,Grândola,Setúbal,"Av. D. Nuno Alvares Pereira, Lote nº 2",Grândola,7570-239,38.18575,-8.56832,prio grândola,prio,"av. d. nuno alvares pereira, lote nº 2","1,954 €",2026-05-15_dgeg_postos_raw.csv,1a719d1d187ac54d
2026-05-15,2026-05-15 14:31:32,2026-05-15 01:20:00,2d2a1211f0e4f0ea,2d2a1211f0e4f0ea_gasoline_95,PRIO  Grândola,PRIO,gasoline_95,Gasolina simples 95,Outro,1.944,Grândola,Setúbal,"Av. D. Nuno Alvares Pereira, Lote nº 2",Grândola,7570-239,38.18575,-8.56832,prio grândola,prio,"av. d. nuno alvares pereira, lote nº 2","1,944 €",2026-05-15_dgeg_postos_raw.csv,5c2bc99bc2dfe594
2026-05-15,2026-05-15 14:31:32,2026-05-15 01:20:00,9d80d1293c2ef3e3,9d80d1293c2ef3e3_diesel_premium,PRIO Trajouce,PRIO,diesel_premium,Gasóleo especial,Outro,1.944,Cascais,Lisboa,"Cruzamento da Rua Florêncio Freire, 44, com EN 249-4, Km 5,0",Trajouce - S.Domingos de Rana,2785-663,38.740944,-9.341431,prio trajouce,prio,"cruzamento da rua florêncio freire, 44, com en 249-4, km 5,0","1,944 €",2026-05-15_dgeg_postos_raw.csv,f3b11c210c8570b1
2026-05-15,2026-05-15 14:31:32,2026-05-15 01:20:00,9d80d1293c2ef3e3,9d80d1293c2ef3e3_gasoline_95,PRIO Trajouce,PRIO,gasoline_95,Gasolina simples 95,Outro,2.014,Cascais,Lisboa,"Cruzamento da Rua Florêncio Freire, 44, com EN 249-4, Km 5,0",Trajouce - S.Domingos de Rana,2785-663,38.740944,-9.341431,prio trajouce,prio,"cruzamento da rua florêncio freire, 44, com en 249-4, km 5,0","2,014 €",2026-05-15_dgeg_postos_raw.csv,1dc2b17717c9600f
2026-05-15,2026-05-15 14:31:32,2026-05-15 01:20:00,b3eeaba2c3553637,b3eeaba2c3553637_diesel_premium,PRIO Ourém,PRIO,diesel_premium,Gasóleo especial,Outro,1.929,Ourém,Santarém,Rua Marquês de Valência,Ourém,2490-424,39.65348,-8.57925,prio ourém,prio,rua marquês de valência,"1,929 €",2026-05-15_dgeg_postos_raw.csv,64979cae8eea0bd1
2026-05-15,2026-05-15 14:31:32,2026-05-15 01:20:00,b3eeaba2c3553637,b3eeaba2c3553637_gasoline_95,PRIO Ourém,PRIO,gasoline_95,Gasolina simples 95,Outro,1.929,Ourém,Santarém,Rua Marquês de Valência,Ourém,2490-424,39.65348,-8.57925,prio ourém,prio,rua marquês de valência,"1,929 €",2026-05-15_dgeg_postos_raw.csv,d6bd6588334ca65d
2026-05-15,2026-05-15 14:31:32,2026-05-15 01:20:00,6b7bd8222ff3f14f,6b7bd8222ff3f14f_diesel_premium,PRIO Óbidos,PRIO,diesel_premium,Gasóleo especial,Outro,1.964,Óbidos,Leiria,EN 8 - Entre Rotunda da Memória e Rotunda das Piscinas,Óbidos,2510-217,39.35487,-9.15908,prio óbidos,prio,en 8 - entre rotunda da memória e rotunda das piscinas,"1,964 €",2026-05-15_dgeg_postos_raw.csv,72d7fbfd20685c2b
2026-05-15,2026-05-15 14:31:32,2026-05-15 01:20:00,6b7bd8222ff3f14f,6b7bd8222ff3f14f_gasoline_95,PRIO Óbidos,PRIO,gasoline_95,Gasolina simples 95,Outro,2.014,Óbidos,Leiria,EN 8 - Entre Rotunda da Memória e Rotunda das Piscinas,Óbidos,2510-217,39.35487,-9.15908,prio óbidos,prio,en 8 - entre rotunda da memória e rotunda das piscinas,"2,014 €",2026-05-15_dgeg_postos_raw.csv,14236c2d50d71c64
2026-05-15,2026-05-15 14:31:32,2026-05-15 01:25:00,4572d9cfc5f8a794,4572d9cfc5f8a794_diesel_premium,PRIO  Faro,PRIO,diesel_premium,Gasóleo especial,Outro,1.934,Faro,Faro,EN 125-10 (Estrada do Aeroporto),Faro,8005-146,37.03714,-7.957144,prio faro,prio,en 125-10 (estrada do aeroporto),"1,934 €",2026-05-15_dgeg_postos_raw.csv,52e2abfb4a950b8c
2026-05-15,2026-05-15 14:31:32,2026-05-15 01:25:00,4572d9cfc5f8a794,4572d9cfc5f8a794_gasoline_95,PRIO  Faro,PRIO,gasoline_95,Gasolina simples 95,Outro,2.014,Faro,Faro,EN 125-10 (Estrada do Aeroporto),Faro,8005-146,37.03714,-7.957144,prio faro,prio,en 125-10 (estrada do aeroporto),"2,014 €",2026-05-15_dgeg_postos_raw.csv,184a76e6b6fce696
2026-05-15,2026-05-15 14:31:32,2026-05-15 01:25:00,fc7439176502b36a,fc7439176502b36a_diesel_premium,PRIO Entroncamento,PRIO,diesel_premium,Gasóleo especial,Outro,1.929,Entroncamento,Santarém,"Rua 5 de Outubro, Entroncamento",Entroncamento,2330-094,39.464252,-8.465811,prio entroncamento,prio,"rua 5 de outubro, entroncamento","1,929 €",2026-05-15_dgeg_postos_raw.csv,adcd41d8fb794e44
2026-05-15,2026-05-15 14:31:32,2026-05-15 01:25:00,fc7439176502b36a,fc7439176502b36a_gasoline_95,PRIO Entroncamento,PRIO,gasoline_95,Gasolina simples 95,Outro,2.014,Entroncamento,Santarém,"Rua 5 de Outubro, Entroncamento",Entroncamento,2330-094,39.464252,-8.465811,prio entroncamento,prio,"rua 5 de outubro, entroncamento","2,014 €",2026-05-15_dgeg_postos_raw.csv,bbf38b6120abf1d5
2026-05-15,2026-05-15 14:31:32,2026-05-15 01:25:00,3647466184c506e1,3647466184c506e1_diesel_premium,PRIO  Portalegre,PRIO,diesel_premium,Gasóleo especial,Outro,1.944,Portalegre,Portalegre,Avenida Francisco Fino,Portalegre,7300-053,39.268689,-7.419953,prio portalegre,prio,avenida francisco fino,"1,944 €",2026-05-15_dgeg_postos_raw.csv,3596389e7f48d142
2026-05-15,2026-05-15 14:31:32,2026-05-15 01:25:00,3647466184c506e1,3647466184c506e1_gasoline_95,PRIO  Portalegre,PRIO,gasoline_95,Gasolina simples 95,Outro,2.014,Portalegre,Portalegre,Avenida Francisco Fino,Portalegre,7300-053,39.268689,-7.419953,prio portalegre,prio,avenida francisco fino,"2,014 €",2026-05-15_dgeg_postos_raw.csv,2d3973a8f39c6ca9
2026-05-15,2026-05-15 14:31:32,2026-05-15 01:25:00,4cded442b4073a22,4cded442b4073a22_diesel_premium,PRIO Fernão Ferro,PRIO,diesel_premium,Gasóleo especial,Outro,1.924,Seixal,Setúbal,"EN 378, km 9+800",Fernão Ferro,2865-300,38.559606,-9.100747,prio fernão ferro,prio,"en 378, km 9+800","1,924 €",2026-05-15_dgeg_postos_raw.csv,f7156508e83ee7a7
2026-05-15,2026-05-15 14:31:32,2026-05-15 01:25:00,4cded442b4073a22,4cded442b4073a22_gasoline_95,PRIO Fernão Ferro,PRIO,gasoline_95,Gasolina simples 95,Outro,1.999,Seixal,Setúbal,"EN 378, km 9+800",Fernão Ferro,2865-300,38.559606,-9.100747,prio fernão ferro,prio,"en 378, km 9+800","1,999 €",2026-05-15_dgeg_postos_raw.csv,62d954553e4db083
2026-05-15,2026-05-15 14:31:32,2026-05-15 01:25:00,46fb7cb726113fce,46fb7cb726113fce_diesel_premium,PRIO Caxinas,PRIO,diesel_premium,Gasóleo especial,Outro,1.924,Vila do Conde,Porto,"Rua Agra Longa, nº 253",Caxinas,4480-744,41.3607861111111,-8.75044722222222,prio caxinas,prio,"rua agra longa, nº 253","1,924 €",2026-05-15_dgeg_postos_raw.csv,ca57cca32f9404a3
2026-05-15,2026-05-15 14:31:32,2026-05-15 01:25:00,46fb7cb726113fce,46fb7cb726113fce_gasoline_95,PRIO Caxinas,PRIO,gasoline_95,Gasolina simples 95,Outro,2.014,Vila do Conde,Porto,"Rua Agra Longa, nº 253",Caxinas,4480-744,41.3607861111111,-8.75044722222222,prio caxinas,prio,"rua agra longa, nº 253","2,014 €",2026-05-15_dgeg_postos_raw.csv,29a7d2b54da69c79
2026-05-15,2026-05-15 14:31:32,2026-05-15 01:25:00,cccaf5cdd8e99930,cccaf5cdd8e99930_diesel_premium,PRIO Guia,PRIO,diesel_premium,Gasóleo especial,Outro,1.929,Pombal,Leiria,"EN 109 Km 145,5",Lagoa da Guia,3105-099,39.9373094559,-8.79688332094,prio guia,prio,"en 109 km 145,5","1,929 €",2026-05-15_dgeg_postos_raw.csv,9206cd26f08f06d9
2026-05-15,2026-05-15 14:31:32,2026-05-15 01:25:00,cccaf5cdd8e99930,cccaf5cdd8e99930_gasoline_95,PRIO Guia,PRIO,gasoline_95,Gasolina simples 95,Outro,2.014,Pombal,Leiria,"EN 109 Km 145,5",Lagoa da Guia,3105-099,39.9373094559,-8.79688332094,prio guia,prio,"en 109 km 145,5","2,014 €",2026-05-15_dgeg_postos_raw.csv,7df4e0d2c02ba31e
2026-05-15,2026-05-15 14:31:32,2026-05-15 01:30:00,102b1d29c0463c0e,102b1d29c0463c0e_diesel_premium,PRIO Altura,PRIO,diesel_premium,Gasóleo especial,Outro,1.949,Castro Marim,Faro,Urb. Laranjeiras lote 6,Altura,8950-414,37.180724,-7.504723,prio altura,prio,urb. laranjeiras lote 6,"1,949 €",2026-05-15_dgeg_postos_raw.csv,c575599da89fdb3a
2026-05-15,2026-05-15 14:31:32,2026-05-15 01:30:00,102b1d29c0463c0e,102b1d29c0463c0e_gasoline_95,PRIO Altura,PRIO,gasoline_95,Gasolina simples 95,Outro,2.014,Castro Marim,Faro,Urb. Laranjeiras lote 6,Altura,8950-414,37.180724,-7.504723,prio altura,prio,urb. laranjeiras lote 6,"2,014 €",2026-05-15_dgeg_postos_raw.csv,2c6eb5832370c00c
2026-05-15,2026-05-15 14:31:32,2026-05-15 01:30:00,154e6229ad6f98e1,154e6229ad6f98e1_diesel_premium,PRIO Coimbra - Parque Verde,PRIO,diesel_premium,Gasóleo especial,Outro,1.954,Coimbra,Coimbra,Avenida Lousã 98,Coimbra,3000-214,40.203365,-8.425216,prio coimbra - parque verde,prio,avenida lousã 98,"1,954 €",2026-05-15_dgeg_postos_raw.csv,20a8a7ab67b51b7b
2026-05-15,2026-05-15 14:31:32,2026-05-15 01:30:00,154e6229ad6f98e1,154e6229ad6f98e1_gasoline_95,PRIO Coimbra - Parque Verde,PRIO,gasoline_95,Gasolina simples 95,Outro,2.014,Coimbra,Coimbra,Avenida Lousã 98,Coimbra,3000-214,40.203365,-8.425216,prio coimbra - parque verde,prio,avenida lousã 98,"2,014 €",2026-05-15_dgeg_postos_raw.csv,19e4d213838de7d3
2026-05-15,2026-05-15 14:31:32,2026-05-15 01:30:00,ae91808cf92f7c63,ae91808cf92f7c63_diesel_premium,PRIO Viseu,PRIO,diesel_premium,Gasóleo especial,Outro,1.979,Viseu,Viseu,"Antiga EN 16, Póvoa de Sobrinhos, Rio de Loba",Rio de Loba,3505-481,40.648167,-7.874167,prio viseu,prio,"antiga en 16, póvoa de sobrinhos, rio de loba","1,979 €",2026-05-15_dgeg_postos_raw.csv,7d3759311291c262
2026-05-15,2026-05-15 14:31:32,2026-05-15 01:30:00,ae91808cf92f7c63,ae91808cf92f7c63_gasoline_95,PRIO Viseu,PRIO,gasoline_95,Gasolina simples 95,Outro,2.014,Viseu,Viseu,"Antiga EN 16, Póvoa de Sobrinhos, Rio de Loba",Rio de Loba,3505-481,40.648167,-7.874167,prio viseu,prio,"antiga en 16, póvoa de sobrinhos, rio de loba","2,014 €",2026-05-15_dgeg_postos_raw.csv,3ec1b4dce150091a
2026-05-15,2026-05-15 14:31:32,2026-05-15 01:30:00,40491780b2eb47f3,40491780b2eb47f3_diesel_premium,PRIO Castanheira do  Ribatejo,PRIO,diesel_premium,Gasóleo especial,Outro,1.939,Vila Franca de Xira,Lisboa,"Estrada Nacional 1 - km 29,000 / Rua do Carril (Quinta da Barroca)",Castanheira do Ribatejo,2600-660,39.00072,-8.9711,prio castanheira do ribatejo,prio,"estrada nacional 1 - km 29,000 / rua do carril (quinta da barroca)","1,939 €",2026-05-15_dgeg_postos_raw.csv,84e1453b47162e53
2026-05-15,2026-05-15 14:31:32,2026-05-15 01:30:00,40491780b2eb47f3,40491780b2eb47f3_gasoline_95,PRIO Castanheira do  Ribatejo,PRIO,gasoline_95,Gasolina simples 95,Outro,2.014,Vila Franca de Xira,Lisboa,"Estrada Nacional 1 - km 29,000 / Rua do Carril (Quinta da Barroca)",Castanheira do Ribatejo,2600-660,39.00072,-8.9711,prio castanheira do ribatejo,prio,"estrada nacional 1 - km 29,000 / rua do carril (quinta da barroca)","2,014 €",2026-05-15_dgeg_postos_raw.csv,7f928b48305338ad
2026-05-15,2026-05-15 14:31:32,2026-05-15 01:30:00,56a8fdd1bf34d3e2,56a8fdd1bf34d3e2_diesel_premium,PRIO  Arroja,PRIO,diesel_premium,Gasóleo especial,Outro,1.959,Odivelas,Lisboa,"Av. Acácias/R. Sara Afonso, Lote 10","ARROJA, FAMÕES",1685-655,38.79903,-9.19697,prio arroja,prio,"av. acácias/r. sara afonso, lote 10","1,959 €",2026-05-15_dgeg_postos_raw.csv,0f6d04ab22d2d4fc
2026-05-15,2026-05-15 14:31:32,2026-05-15 01:30:00,56a8fdd1bf34d3e2,56a8fdd1bf34d3e2_gasoline_95,PRIO  Arroja,PRIO,gasoline_95,Gasolina simples 95,Outro,2.014,Odivelas,Lisboa,"Av. Acácias/R. Sara Afonso, Lote 10","ARROJA, FAMÕES",1685-655,38.79903,-9.19697,prio arroja,prio,"av. acácias/r. sara afonso, lote 10","2,014 €",2026-05-15_dgeg_postos_raw.csv,f0cea9e60eb2f00a
2026-05-15,2026-05-15 14:31:32,2026-05-15 01:35:00,d5391efeff7d9916,d5391efeff7d9916_diesel_premium,PRIO A16 - SINTRA (nascente),PRIO,diesel_premium,Gasóleo especial,Auto-estrada,1.989,Sintra,Lisboa,"A16 Lanço Lourel (IC16) / Ranholas (IC19) km 9,500 Lado Nascente",Sintra,2710-738,38.7928,-9.35789,prio a16 - sintra (nascente),prio,"a16 lanço lourel (ic16) / ranholas (ic19) km 9,500 lado nascente","1,989 €",2026-05-15_dgeg_postos_raw.csv,b25ea186d9bf77c9
2026-05-15,2026-05-15 14:31:32,2026-05-15 01:35:00,d5391efeff7d9916,d5391efeff7d9916_gasoline_95,PRIO A16 - SINTRA (nascente),PRIO,gasoline_95,Gasolina simples 95,Auto-estrada,2.014,Sintra,Lisboa,"A16 Lanço Lourel (IC16) / Ranholas (IC19) km 9,500 Lado Nascente",Sintra,2710-738,38.7928,-9.35789,prio a16 - sintra (nascente),prio,"a16 lanço lourel (ic16) / ranholas (ic19) km 9,500 lado nascente","2,014 €",2026-05-15_dgeg_postos_raw.csv,dbabaa04a6c02f7d
2026-05-15,2026-05-15 14:31:32,2026-05-15 01:35:00,e515af9a52d161ca,e515af9a52d161ca_diesel_premium,PRIO Leiria Circular,PRIO,diesel_premium,Gasóleo especial,Outro,1.959,Leiria,Leiria,"R. Dr. João Soares, Fração APorto Moniz",Leiria,2400-448,39.73963,-8.816806,prio leiria circular,prio,"r. dr. joão soares, fração aporto moniz","1,959 €",2026-05-15_dgeg_postos_raw.csv,5aa555527cadee75
2026-05-15,2026-05-15 14:31:32,2026-05-15 01:35:00,e515af9a52d161ca,e515af9a52d161ca_gasoline_95,PRIO Leiria Circular,PRIO,gasoline_95,Gasolina simples 95,Outro,2.014,Leiria,Leiria,"R. Dr. João Soares, Fração APorto Moniz",Leiria,2400-448,39.73963,-8.816806,prio leiria circular,prio,"r. dr. joão soares, fração aporto moniz","2,014 €",2026-05-15_dgeg_postos_raw.csv,8ad1ab692f3e3549
2026-05-15,2026-05-15 14:31:32,2026-05-15 01:35:00,fc9a2f79a29e17e9,fc9a2f79a29e17e9_diesel_premium,PRIO  Guimarães,PRIO,diesel_premium,Gasóleo especial,Outro,1.939,Guimarães,Braga,"Largo de São Gualter;União de Freguesias de Oliveira, São Paio e São Sebastião",Guimarães,4810-438,41.44041,-8.28951,prio guimarães,prio,"largo de são gualter;união de freguesias de oliveira, são paio e são sebastião","1,939 €",2026-05-15_dgeg_postos_raw.csv,569969bbe5c48165
2026-05-15,2026-05-15 14:31:32,2026-05-15 01:35:00,fc9a2f79a29e17e9,fc9a2f79a29e17e9_gasoline_95,PRIO  Guimarães,PRIO,gasoline_95,Gasolina simples 95,Outro,2.014,Guimarães,Braga,"Largo de São Gualter;União de Freguesias de Oliveira, São Paio e São Sebastião",Guimarães,4810-438,41.44041,-8.28951,prio guimarães,prio,"largo de são gualter;união de freguesias de oliveira, são paio e são sebastião","2,014 €",2026-05-15_dgeg_postos_raw.csv,d27d413e9afe0fbf
2026-05-15,2026-05-15 14:31:32,2026-05-15 01:35:00,d7dacb4c8e62984e,d7dacb4c8e62984e_diesel_premium,PRIO Borba (Norte),PRIO,diesel_premium,Gasóleo especial,Outro,1.979,Borba,Évora,Estrada Nacional nº 4,Borba,7150-234,38.810524,-7.469032,prio borba (norte),prio,estrada nacional nº 4,"1,979 €",2026-05-15_dgeg_postos_raw.csv,3b7093a8009daf85
2026-05-15,2026-05-15 14:31:32,2026-05-15 01:35:00,d7dacb4c8e62984e,d7dacb4c8e62984e_gasoline_95,PRIO Borba (Norte),PRIO,gasoline_95,Gasolina simples 95,Outro,2.014,Borba,Évora,Estrada Nacional nº 4,Borba,7150-234,38.810524,-7.469032,prio borba (norte),prio,estrada nacional nº 4,"2,014 €",2026-05-15_dgeg_postos_raw.csv,e4087cf4760c0479
2026-05-15,2026-05-15 14:31:32,2026-05-15 01:35:00,8c5294845f268fbd,8c5294845f268fbd_diesel_premium,PRIO Borba (Sul),PRIO,diesel_premium,Gasóleo especial,Outro,1.979,Borba,Évora,Estrada Nacional nº 4,Borba,7150-234,38.810497,-7.469988,prio borba (sul),prio,estrada nacional nº 4,"1,979 €",2026-05-15_dgeg_postos_raw.csv,5151f17cd517e209
2026-05-15,2026-05-15 14:31:32,2026-05-15 01:35:00,8c5294845f268fbd,8c5294845f268fbd_gasoline_95,PRIO Borba (Sul),PRIO,gasoline_95,Gasolina simples 95,Outro,2.014,Borba,Évora,Estrada Nacional nº 4,Borba,7150-234,38.810497,-7.469988,prio borba (sul),prio,estrada nacional nº 4,"2,014 €",2026-05-15_dgeg_postos_raw.csv,1ffa4f27df3140cd
2026-05-15,2026-05-15 14:31:32,2026-05-15 01:40:00,25e4d325be9efbdf,25e4d325be9efbdf_diesel_premium,PRIO  Famões,PRIO,diesel_premium,Gasóleo especial,Outro,1.929,Odivelas,Lisboa,Quinta do Cebolim,Famões,1685-256,38.79005,-9.214423,prio famões,prio,quinta do cebolim,"1,929 €",2026-05-15_dgeg_postos_raw.csv,4ea8241ab5e3c612
2026-05-15,2026-05-15 14:31:32,2026-05-15 01:40:00,25e4d325be9efbdf,25e4d325be9efbdf_gasoline_95,PRIO  Famões,PRIO,gasoline_95,Gasolina simples 95,Outro,2.014,Odivelas,Lisboa,Quinta do Cebolim,Famões,1685-256,38.79005,-9.214423,prio famões,prio,quinta do cebolim,"2,014 €",2026-05-15_dgeg_postos_raw.csv,db342090a0df29fb
2026-05-15,2026-05-15 14:31:32,2026-05-15 01:40:00,62b2a281dd3e242c,62b2a281dd3e242c_diesel_premium,PRIO Alvide,PRIO,diesel_premium,Gasóleo especial,Outro,1.974,Cascais,Lisboa,"Estrada das Tojas, nº 715",Carrascal de Alvide,2755-010,38.72402,-9.42518,prio alvide,prio,"estrada das tojas, nº 715","1,974 €",2026-05-15_dgeg_postos_raw.csv,29abeaf016f65ac7
2026-05-15,2026-05-15 14:31:32,2026-05-15 01:40:00,62b2a281dd3e242c,62b2a281dd3e242c_gasoline_95,PRIO Alvide,PRIO,gasoline_95,Gasolina simples 95,Outro,2.014,Cascais,Lisboa,"Estrada das Tojas, nº 715",Carrascal de Alvide,2755-010,38.72402,-9.42518,prio alvide,prio,"estrada das tojas, nº 715","2,014 €",2026-05-15_dgeg_postos_raw.csv,9a7aa86cfdeaa258
2026-05-15,2026-05-15 14:31:32,2026-05-15 01:40:00,0aeb7c3d44605b8c,0aeb7c3d44605b8c_diesel_premium,PRIO A16 - Sintra - Ranholas (poente),PRIO,diesel_premium,Gasóleo especial,Auto-estrada,1.989,Sintra,Lisboa,"A16 Lanço Lourel (IC16) / Ranholas (IC19) km 9,500 Lado Poente",Sintra,2710-738,38.79298,-9.35923,prio a16 - sintra - ranholas (poente),prio,"a16 lanço lourel (ic16) / ranholas (ic19) km 9,500 lado poente","1,989 €",2026-05-15_dgeg_postos_raw.csv,b14df5c66b946ac3
2026-05-15,2026-05-15 14:31:32,2026-05-15 01:40:00,0aeb7c3d44605b8c,0aeb7c3d44605b8c_gasoline_95,PRIO A16 - Sintra - Ranholas (poente),PRIO,gasoline_95,Gasolina simples 95,Auto-estrada,2.014,Sintra,Lisboa,"A16 Lanço Lourel (IC16) / Ranholas (IC19) km 9,500 Lado Poente",Sintra,2710-738,38.79298,-9.35923,prio a16 - sintra - ranholas (poente),prio,"a16 lanço lourel (ic16) / ranholas (ic19) km 9,500 lado poente","2,014 €",2026-05-15_dgeg_postos_raw.csv,bd3262a8325fe127
2026-05-15,2026-05-15 14:31:32,2026-05-15 01:40:00,3e4b79f104f465f9,3e4b79f104f465f9_diesel_premium,PRIO Vialonga,PRIO,diesel_premium,Gasóleo especial,Outro,1.954,Vila Franca de Xira,Lisboa,"R 1º de Maio, Junqueira, Vialonga",Vialonga,2625-717,38.8604472,-9.1135722,prio vialonga,prio,"r 1º de maio, junqueira, vialonga","1,954 €",2026-05-15_dgeg_postos_raw.csv,29a01d857dd943e8
2026-05-15,2026-05-15 14:31:32,2026-05-15 01:40:00,3e4b79f104f465f9,3e4b79f104f465f9_gasoline_95,PRIO Vialonga,PRIO,gasoline_95,Gasolina simples 95,Outro,2.014,Vila Franca de Xira,Lisboa,"R 1º de Maio, Junqueira, Vialonga",Vialonga,2625-717,38.8604472,-9.1135722,prio vialonga,prio,"r 1º de maio, junqueira, vialonga","2,014 €",2026-05-15_dgeg_postos_raw.csv,514521999e8ff9f3
2026-05-15,2026-05-15 14:31:32,2026-05-15 01:40:00,24031bcd7db027cf,24031bcd7db027cf_diesel_premium,PRIO Alta de Lisboa,PRIO,diesel_premium,Gasóleo especial,Outro,1.989,Lisboa,Lisboa,"Estrada Forte da Ameixoeira, Lote 29.1, Urbanização Alto do Lumiar\t\t\t\t\t\t\t",Lisboa,1750-114,38.7880851,-9.1470678,prio alta de lisboa,prio,"estrada forte da ameixoeira, lote 29.1, urbanização alto do lumiar\t\t\t\t\t\t\t","1,989 €",2026-05-15_dgeg_postos_raw.csv,30b838fa32964b33
2026-05-15,2026-05-15 14:31:32,2026-05-15 01:40:00,24031bcd7db027cf,24031bcd7db027cf_gasoline_95,PRIO Alta de Lisboa,PRIO,gasoline_95,Gasolina simples 95,Outro,2.014,Lisboa,Lisboa,"Estrada Forte da Ameixoeira, Lote 29.1, Urbanização Alto do Lumiar\t\t\t\t\t\t\t",Lisboa,1750-114,38.7880851,-9.1470678,prio alta de lisboa,prio,"estrada forte da ameixoeira, lote 29.1, urbanização alto do lumiar\t\t\t\t\t\t\t","2,014 €",2026-05-15_dgeg_postos_raw.csv,965558a56f1ad597
2026-05-15,2026-05-15 14:31:32,2026-05-15 01:45:00,4ad6c67180c8063a,4ad6c67180c8063a_diesel_premium,PRIO Matosinhos,PRIO,diesel_premium,Gasóleo especial,Outro,1.964,Matosinhos,Porto,"Av. Arq. Fernando Távora, 718 Av. Alcino Soutinho 585\t\t\t\t\t\t\t",Matosinhos,4450-165,41.210186111111,-8.6829972222222,prio matosinhos,prio,"av. arq. fernando távora, 718 av. alcino soutinho 585\t\t\t\t\t\t\t","1,964 €",2026-05-15_dgeg_postos_raw.csv,03d9614c7991245c
2026-05-15,2026-05-15 14:31:32,2026-05-15 01:45:00,4ad6c67180c8063a,4ad6c67180c8063a_gasoline_95,PRIO Matosinhos,PRIO,gasoline_95,Gasolina simples 95,Outro,2.014,Matosinhos,Porto,"Av. Arq. Fernando Távora, 718 Av. Alcino Soutinho 585\t\t\t\t\t\t\t",Matosinhos,4450-165,41.210186111111,-8.6829972222222,prio matosinhos,prio,"av. arq. fernando távora, 718 av. alcino soutinho 585\t\t\t\t\t\t\t","2,014 €",2026-05-15_dgeg_postos_raw.csv,b582ac7d0429d903
2026-05-15,2026-05-15 14:31:32,2026-05-15 01:45:00,3ee5eeb36692614f,3ee5eeb36692614f_diesel_premium,PRIO Verdemilho,PRIO,diesel_premium,Gasóleo especial,Outro,1.994,Aveiro,Aveiro,Rua Conselheiro QueirózNacional 109,Verdemilho,3810-414,40.61869,-8.65511,prio verdemilho,prio,rua conselheiro queiróznacional 109,"1,994 €",2026-05-15_dgeg_postos_raw.csv,1da36e3c7f4149ef
2026-05-15,2026-05-15 14:31:32,2026-05-15 01:45:00,3ee5eeb36692614f,3ee5eeb36692614f_gasoline_95,PRIO Verdemilho,PRIO,gasoline_95,Gasolina simples 95,Outro,2.014,Aveiro,Aveiro,Rua Conselheiro QueirózNacional 109,Verdemilho,3810-414,40.61869,-8.65511,prio verdemilho,prio,rua conselheiro queiróznacional 109,"2,014 €",2026-05-15_dgeg_postos_raw.csv,0b6acd4b6a117f30
2026-05-15,2026-05-15 14:31:32,2026-05-15 01:45:00,953f177383ddcb64,953f177383ddcb64_diesel_premium,PRIO Alfornelos,PRIO,diesel_premium,Gasóleo especial,Outro,1.954,Amadora,Lisboa,Av. Ruy Luis Gomes,Alfornelos,2650-125,38.763621,-9.203457,prio alfornelos,prio,av. ruy luis gomes,"1,954 €",2026-05-15_dgeg_postos_raw.csv,70027b1af394898d
2026-05-15,2026-05-15 14:31:32,2026-05-15 01:45:00,953f177383ddcb64,953f177383ddcb64_gasoline_95,PRIO Alfornelos,PRIO,gasoline_95,Gasolina simples 95,Outro,2.014,Amadora,Lisboa,Av. Ruy Luis Gomes,Alfornelos,2650-125,38.763621,-9.203457,prio alfornelos,prio,av. ruy luis gomes,"2,014 €",2026-05-15_dgeg_postos_raw.csv,8ca01f259c241026
2026-05-15,2026-05-15 14:31:32,2026-05-15 01:45:00,9a40273638926eeb,9a40273638926eeb_diesel_premium,PRIO Castanheira Truck,PRIO,diesel_premium,Gasóleo especial,Outro,1.989,Vila Franca de Xira,Lisboa,"R. do Carril, Barroca",Castanheira do Ribatejo,2600-621,39.000894,-8.968787,prio castanheira truck,prio,"r. do carril, barroca","1,989 €",2026-05-15_dgeg_postos_raw.csv,77285776b12251e4
2026-05-15,2026-05-15 14:31:32,2026-05-15 01:45:00,5460ef24634a0d5a,5460ef24634a0d5a_diesel_premium,PRIO A25 Aveiro - Praias,PRIO,diesel_premium,Gasóleo especial,Auto-estrada,1.954,Ílhavo,Aveiro,"Autoestrada A25 Km 4,0",Gafanha da Nazaré,3830-751,40.628321,-8.70677,prio a25 aveiro - praias,prio,"autoestrada a25 km 4,0","1,954 €",2026-05-15_dgeg_postos_raw.csv,c6ad2f0015d79ea1
2026-05-15,2026-05-15 14:31:32,2026-05-15 01:45:00,5460ef24634a0d5a,5460ef24634a0d5a_gasoline_95,PRIO A25 Aveiro - Praias,PRIO,gasoline_95,Gasolina simples 95,Auto-estrada,2.014,Ílhavo,Aveiro,"Autoestrada A25 Km 4,0",Gafanha da Nazaré,3830-751,40.628321,-8.70677,prio a25 aveiro - praias,prio,"autoestrada a25 km 4,0","2,014 €",2026-05-15_dgeg_postos_raw.csv,2dccde2f8c5f74b1
2026-05-15,2026-05-15 14:31:32,2026-05-15 01:45:00,adc1ced35a2683b3,adc1ced35a2683b3_diesel_premium,PRIO Carcavelos,PRIO,diesel_premium,Gasóleo especial,Outro,1.944,Cascais,Lisboa,"Estrada da Alagoa, 96, Quinta da Alagoa",CARCAVELOS,2775-716,38.695948,-9.337566,prio carcavelos,prio,"estrada da alagoa, 96, quinta da alagoa","1,944 €",2026-05-15_dgeg_postos_raw.csv,7cbece85c03f61c7
2026-05-15,2026-05-15 14:31:32,2026-05-15 01:45:00,adc1ced35a2683b3,adc1ced35a2683b3_gasoline_95,PRIO Carcavelos,PRIO,gasoline_95,Gasolina simples 95,Outro,2.014,Cascais,Lisboa,"Estrada da Alagoa, 96, Quinta da Alagoa",CARCAVELOS,2775-716,38.695948,-9.337566,prio carcavelos,prio,"estrada da alagoa, 96, quinta da alagoa","2,014 €",2026-05-15_dgeg_postos_raw.csv,25691a3692d959ba
2026-05-15,2026-05-15 14:31:32,2026-05-15 01:50:00,333aa75ac8d5e520,333aa75ac8d5e520_diesel_premium,PRIO Alfena ZI,PRIO,diesel_premium,Gasóleo especial,Outro,1.964,Valongo,Porto,"R. Passarias, n.º 721",Alfena,4445-171,41.23095,-8.537669,prio alfena zi,prio,"r. passarias, n.º 721","1,964 €",2026-05-15_dgeg_postos_raw.csv,b226d9485c973d60
2026-05-15,2026-05-15 14:31:32,2026-05-15 01:50:00,333aa75ac8d5e520,333aa75ac8d5e520_gasoline_95,PRIO Alfena ZI,PRIO,gasoline_95,Gasolina simples 95,Outro,2.014,Valongo,Porto,"R. Passarias, n.º 721",Alfena,4445-171,41.23095,-8.537669,prio alfena zi,prio,"r. passarias, n.º 721","2,014 €",2026-05-15_dgeg_postos_raw.csv,b4530cfc1919cb75
2026-05-15,2026-05-15 14:31:32,2026-05-15 01:50:00,7b6665e41362be76,7b6665e41362be76_diesel_premium,PRIO A25 Praias - Aveiro,PRIO,diesel_premium,Gasóleo especial,Auto-estrada,1.954,Ílhavo,Aveiro,Autoestrada A25 Km 4,Gafanha da Nazaré,3830-750,40.627862,-8.705771,prio a25 praias - aveiro,prio,autoestrada a25 km 4,"1,954 €",2026-05-15_dgeg_postos_raw.csv,c89fa6af88fefb10
2026-05-15,2026-05-15 14:31:32,2026-05-15 01:50:00,7b6665e41362be76,7b6665e41362be76_gasoline_95,PRIO A25 Praias - Aveiro,PRIO,gasoline_95,Gasolina simples 95,Auto-estrada,2.014,Ílhavo,Aveiro,Autoestrada A25 Km 4,Gafanha da Nazaré,3830-750,40.627862,-8.705771,prio a25 praias - aveiro,prio,autoestrada a25 km 4,"2,014 €",2026-05-15_dgeg_postos_raw.csv,4bb13b99c4c3a191
2026-05-15,2026-05-15 14:31:32,2026-05-15 01:50:00,e2705494555f6746,e2705494555f6746_diesel_premium,PRIO Alvaiázere Este (A13),PRIO,diesel_premium,Gasóleo especial,Auto-estrada,1.989,Alvaiázere,Leiria,A13 - Lanço Tomar / Avelar Sul - Km 26,Maçãs de Dona Maria,3250-275,39.879639,-8.342139,prio alvaiázere este (a13),prio,a13 - lanço tomar / avelar sul - km 26,"1,989 €",2026-05-15_dgeg_postos_raw.csv,f173a7b184d35aca
2026-05-15,2026-05-15 14:31:32,2026-05-15 01:50:00,e2705494555f6746,e2705494555f6746_gasoline_95,PRIO Alvaiázere Este (A13),PRIO,gasoline_95,Gasolina simples 95,Auto-estrada,2.014,Alvaiázere,Leiria,A13 - Lanço Tomar / Avelar Sul - Km 26,Maçãs de Dona Maria,3250-275,39.879639,-8.342139,prio alvaiázere este (a13),prio,a13 - lanço tomar / avelar sul - km 26,"2,014 €",2026-05-15_dgeg_postos_raw.csv,afefb3fb4d762562
2026-05-15,2026-05-15 14:31:32,2026-05-15 01:50:00,3fa276442da1bb49,3fa276442da1bb49_diesel_premium,PRIO Canidelo,PRIO,diesel_premium,Gasóleo especial,Outro,1.929,Vila Nova de Gaia,Porto,"Av. Poeta Eugenio de AndradeVia Atlantica, nº 1115",Canidelo,4400-357,41.117298,-8.646667,prio canidelo,prio,"av. poeta eugenio de andradevia atlantica, nº 1115","1,929 €",2026-05-15_dgeg_postos_raw.csv,131a809fdfff2ad7
2026-05-15,2026-05-15 14:31:32,2026-05-15 01:50:00,3fa276442da1bb49,3fa276442da1bb49_gasoline_95,PRIO Canidelo,PRIO,gasoline_95,Gasolina simples 95,Outro,2.014,Vila Nova de Gaia,Porto,"Av. Poeta Eugenio de AndradeVia Atlantica, nº 1115",Canidelo,4400-357,41.117298,-8.646667,prio canidelo,prio,"av. poeta eugenio de andradevia atlantica, nº 1115","2,014 €",2026-05-15_dgeg_postos_raw.csv,34a3a84523bdd757
2026-05-15,2026-05-15 14:31:32,2026-05-15 01:50:00,9041fd5ba617be89,9041fd5ba617be89_diesel_premium,PRIO Palhais,PRIO,diesel_premium,Gasóleo especial,Outro,1.939,Barreiro,Setúbal,"R. Encarnação Coelho, nº2, Lote 1Quinta das Rebelas",Santo André e Verderena,2830-222,38.633624,-9.051722,prio palhais,prio,"r. encarnação coelho, nº2, lote 1quinta das rebelas","1,939 €",2026-05-15_dgeg_postos_raw.csv,1f061b5890c658d3
2026-05-15,2026-05-15 14:31:32,2026-05-15 01:50:00,9041fd5ba617be89,9041fd5ba617be89_gasoline_95,PRIO Palhais,PRIO,gasoline_95,Gasolina simples 95,Outro,2.014,Barreiro,Setúbal,"R. Encarnação Coelho, nº2, Lote 1Quinta das Rebelas",Santo André e Verderena,2830-222,38.633624,-9.051722,prio palhais,prio,"r. encarnação coelho, nº2, lote 1quinta das rebelas","2,014 €",2026-05-15_dgeg_postos_raw.csv,9bcf6df323a4975a
2026-05-15,2026-05-15 14:31:32,2026-05-15 01:55:00,9010be5a583fb8bf,9010be5a583fb8bf_diesel_premium,PRIO Alvaiázere Oeste (A13),PRIO,diesel_premium,Gasóleo especial,Auto-estrada,1.989,Alvaiázere,Leiria,A13 - Avelar Sul / Lanço Tomar (Autoestrada do Pinhal Interior)Km 26,Vila de Maçãs De Dona Maria,3250-275,39.8795,-8.34328,prio alvaiázere oeste (a13),prio,a13 - avelar sul / lanço tomar (autoestrada do pinhal interior)km 26,"1,989 €",2026-05-15_dgeg_postos_raw.csv,181a7c698cbdd71d
2026-05-15,2026-05-15 14:31:32,2026-05-15 01:55:00,9010be5a583fb8bf,9010be5a583fb8bf_gasoline_95,PRIO Alvaiázere Oeste (A13),PRIO,gasoline_95,Gasolina simples 95,Auto-estrada,2.014,Alvaiázere,Leiria,A13 - Avelar Sul / Lanço Tomar (Autoestrada do Pinhal Interior)Km 26,Vila de Maçãs De Dona Maria,3250-275,39.8795,-8.34328,prio alvaiázere oeste (a13),prio,a13 - avelar sul / lanço tomar (autoestrada do pinhal interior)km 26,"2,014 €",2026-05-15_dgeg_postos_raw.csv,f2ff63c7b3d89658
2026-05-15,2026-05-15 14:31:32,2026-05-15 01:55:00,e61924db8077456b,e61924db8077456b_diesel_premium,PRIO Setúbal Centro (Av. Combatentes Grande Guerra) 087,PRIO,diesel_premium,Gasóleo especial,Outro,1.994,Setúbal,Setúbal,"Av. Combatentes da Grande Guerra, N 16-18",São Julião,2800-328,38.52494,-8.8958,prio setúbal centro (av. combatentes grande guerra) 087,prio,"av. combatentes da grande guerra, n 16-18","1,994 €",2026-05-15_dgeg_postos_raw.csv,ace274580b9b6286
2026-05-15,2026-05-15 14:31:32,2026-05-15 01:55:00,e61924db8077456b,e61924db8077456b_gasoline_95,PRIO Setúbal Centro (Av. Combatentes Grande Guerra) 087,PRIO,gasoline_95,Gasolina simples 95,Outro,1.989,Setúbal,Setúbal,"Av. Combatentes da Grande Guerra, N 16-18",São Julião,2800-328,38.52494,-8.8958,prio setúbal centro (av. combatentes grande guerra) 087,prio,"av. combatentes da grande guerra, n 16-18","1,989 €",2026-05-15_dgeg_postos_raw.csv,3d28be0ef1300b74
2026-05-15,2026-05-15 14:31:32,2026-05-15 01:55:00,fed96e7cba273a63,fed96e7cba273a63_diesel_premium,PRIO Moita,PRIO,diesel_premium,Gasóleo especial,Outro,1.924,Moita,Setúbal,"Ex-Estrada Nacional 11, Quinta Fonte da Prata, anteriormente designado por Matão, nº 8, freguesia de Alhos Vedros",Moita,2860-006,38.64961,-8.99713,prio moita,prio,"ex-estrada nacional 11, quinta fonte da prata, anteriormente designado por matão, nº 8, freguesia de alhos vedros","1,924 €",2026-05-15_dgeg_postos_raw.csv,87269545f4afd328
2026-05-15,2026-05-15 14:31:32,2026-05-15 01:55:00,fed96e7cba273a63,fed96e7cba273a63_gasoline_95,PRIO Moita,PRIO,gasoline_95,Gasolina simples 95,Outro,2.014,Moita,Setúbal,"Ex-Estrada Nacional 11, Quinta Fonte da Prata, anteriormente designado por Matão, nº 8, freguesia de Alhos Vedros",Moita,2860-006,38.64961,-8.99713,prio moita,prio,"ex-estrada nacional 11, quinta fonte da prata, anteriormente designado por matão, nº 8, freguesia de alhos vedros","2,014 €",2026-05-15_dgeg_postos_raw.csv,0cb2e5bd1c11d6bf
2026-05-15,2026-05-15 14:31:32,2026-05-15 01:55:00,70d38c8e8a83d9cf,70d38c8e8a83d9cf_diesel_premium,PRIO Évora ZI,PRIO,diesel_premium,Gasóleo especial,Outro,1.954,Évora,Évora,Rua Circular Norte Parque Industrial nº 37,Évora,7005-841,38.548195,-7.912168,prio évora zi,prio,rua circular norte parque industrial nº 37,"1,954 €",2026-05-15_dgeg_postos_raw.csv,e037ee4df04aed15
2026-05-15,2026-05-15 14:31:32,2026-05-15 01:55:00,70d38c8e8a83d9cf,70d38c8e8a83d9cf_gasoline_95,PRIO Évora ZI,PRIO,gasoline_95,Gasolina simples 95,Outro,1.939,Évora,Évora,Rua Circular Norte Parque Industrial nº 37,Évora,7005-841,38.548195,-7.912168,prio évora zi,prio,rua circular norte parque industrial nº 37,"1,939 €",2026-05-15_dgeg_postos_raw.csv,ece011f107c7ac9e
2026-05-15,2026-05-15 14:31:32,2026-05-15 01:55:00,daa4f21eada0b627,daa4f21eada0b627_diesel_premium,PRIO A-dos-cunhados,PRIO,diesel_premium,Gasóleo especial,Outro,1.949,Torres Vedras,Lisboa,EN 8-2 Km 8,Oásis - Vale da Borra,2560-050,39.16426,-9.27681,prio a-dos-cunhados,prio,en 8-2 km 8,"1,949 €",2026-05-15_dgeg_postos_raw.csv,194cd20c67514118
2026-05-15,2026-05-15 14:31:32,2026-05-15 01:55:00,daa4f21eada0b627,daa4f21eada0b627_gasoline_95,PRIO A-dos-cunhados,PRIO,gasoline_95,Gasolina simples 95,Outro,2.014,Torres Vedras,Lisboa,EN 8-2 Km 8,Oásis - Vale da Borra,2560-050,39.16426,-9.27681,prio a-dos-cunhados,prio,en 8-2 km 8,"2,014 €",2026-05-15_dgeg_postos_raw.csv,d45c509c592c83f6
2026-05-15,2026-05-15 14:31:32,2026-05-15 01:55:00,bc90b74eb77b74a4,bc90b74eb77b74a4_diesel_premium,PRIO Famalicão,PRIO,diesel_premium,Gasóleo especial,Outro,1.954,Vila Nova de Famalicão,Braga,Rua Alfredo Correia nº 1440,Vila Nova de Famalicão,4760-188,41.38718,-8.528221,prio famalicão,prio,rua alfredo correia nº 1440,"1,954 €",2026-05-15_dgeg_postos_raw.csv,6d9b2b2102998ba1
2026-05-15,2026-05-15 14:31:32,2026-05-15 01:55:00,bc90b74eb77b74a4,bc90b74eb77b74a4_gasoline_95,PRIO Famalicão,PRIO,gasoline_95,Gasolina simples 95,Outro,2.014,Vila Nova de Famalicão,Braga,Rua Alfredo Correia nº 1440,Vila Nova de Famalicão,4760-188,41.38718,-8.528221,prio famalicão,prio,rua alfredo correia nº 1440,"2,014 €",2026-05-15_dgeg_postos_raw.csv,7d60a1369c4182aa
2026-05-15,2026-05-15 14:31:32,2026-05-15 02:00:00,23169513f12903b9,23169513f12903b9_diesel_premium,PRIO Guarda,PRIO,diesel_premium,Gasóleo especial,Outro,1.929,Guarda,Guarda,Avenida da Quinta Nova nº 22,Guarda,6300-864,40.552596,-7.24898,prio guarda,prio,avenida da quinta nova nº 22,"1,929 €",2026-05-15_dgeg_postos_raw.csv,d459ea98b664dc35
2026-05-15,2026-05-15 14:31:32,2026-05-15 02:00:00,23169513f12903b9,23169513f12903b9_gasoline_95,PRIO Guarda,PRIO,gasoline_95,Gasolina simples 95,Outro,2.014,Guarda,Guarda,Avenida da Quinta Nova nº 22,Guarda,6300-864,40.552596,-7.24898,prio guarda,prio,avenida da quinta nova nº 22,"2,014 €",2026-05-15_dgeg_postos_raw.csv,b972e571d36a9516
2026-05-15,2026-05-15 14:31:32,2026-05-15 02:00:00,ceb84f4e80345605,ceb84f4e80345605_diesel_premium,PRIO Casais de Santa Bárbara - Lourinhã,PRIO,diesel_premium,Gasóleo especial,Outro,1.949,Lourinhã,Lisboa,"EN 247, nº 19",Casais de Santa Bárbara,2530-731,39.213495,-9.320098,prio casais de santa bárbara - lourinhã,prio,"en 247, nº 19","1,949 €",2026-05-15_dgeg_postos_raw.csv,abbdabb7468f36d5
2026-05-15,2026-05-15 14:31:32,2026-05-15 02:00:00,ceb84f4e80345605,ceb84f4e80345605_gasoline_95,PRIO Casais de Santa Bárbara - Lourinhã,PRIO,gasoline_95,Gasolina simples 95,Outro,2.014,Lourinhã,Lisboa,"EN 247, nº 19",Casais de Santa Bárbara,2530-731,39.213495,-9.320098,prio casais de santa bárbara - lourinhã,prio,"en 247, nº 19","2,014 €",2026-05-15_dgeg_postos_raw.csv,b7fcbf291437bc85
2026-05-15,2026-05-15 14:31:32,2026-05-15 02:00:00,7b567e0323f52c27,7b567e0323f52c27_diesel_premium,PRIO Arroios,PRIO,diesel_premium,Gasóleo especial,Outro,1.979,Lisboa,Lisboa,Rua José Estêvão N.º24,São Jorge de Arroios | Arroios | Lisboa,1150-203,38.728855,-9.137479,prio arroios,prio,rua josé estêvão n.º24,"1,979 €",2026-05-15_dgeg_postos_raw.csv,6994bc1e0b28c3d8
2026-05-15,2026-05-15 14:31:32,2026-05-15 02:00:00,7b567e0323f52c27,7b567e0323f52c27_gasoline_95,PRIO Arroios,PRIO,gasoline_95,Gasolina simples 95,Outro,1.969,Lisboa,Lisboa,Rua José Estêvão N.º24,São Jorge de Arroios | Arroios | Lisboa,1150-203,38.728855,-9.137479,prio arroios,prio,rua josé estêvão n.º24,"1,969 €",2026-05-15_dgeg_postos_raw.csv,26e721801e65006f
2026-05-15,2026-05-15 14:31:32,2026-05-15 02:00:00,7531007e8343e439,7531007e8343e439_diesel_premium,PRIO Fábrica do Cobre,PRIO,diesel_premium,Gasóleo especial,Outro,1.954,Porto,Porto,"Loteamento Fábrica do Cobre, Lote 1 - Rua Linhas de Torres",Campanhã,4350,41.169384,-8.57232,prio fábrica do cobre,prio,"loteamento fábrica do cobre, lote 1 - rua linhas de torres","1,954 €",2026-05-15_dgeg_postos_raw.csv,01e1bb1c1f2354c4
2026-05-15,2026-05-15 14:31:32,2026-05-15 02:00:00,7531007e8343e439,7531007e8343e439_gasoline_95,PRIO Fábrica do Cobre,PRIO,gasoline_95,Gasolina simples 95,Outro,2.014,Porto,Porto,"Loteamento Fábrica do Cobre, Lote 1 - Rua Linhas de Torres",Campanhã,4350,41.169384,-8.57232,prio fábrica do cobre,prio,"loteamento fábrica do cobre, lote 1 - rua linhas de torres","2,014 €",2026-05-15_dgeg_postos_raw.csv,b7293a3f6ab95a19
2026-05-15,2026-05-15 14:31:32,2026-05-15 02:00:00,c9870943b32fa6ff,c9870943b32fa6ff_diesel_premium,PRIO Trofa,PRIO,diesel_premium,Gasóleo especial,Outro,1.919,Trofa,Porto,Rua Costa Ferreira nº 25,Trofa,4785-298,41.338908,-8.551626,prio trofa,prio,rua costa ferreira nº 25,"1,919 €",2026-05-15_dgeg_postos_raw.csv,134b3f8948cc7de2
2026-05-15,2026-05-15 14:31:32,2026-05-15 02:00:00,c9870943b32fa6ff,c9870943b32fa6ff_gasoline_95,PRIO Trofa,PRIO,gasoline_95,Gasolina simples 95,Outro,2.014,Trofa,Porto,Rua Costa Ferreira nº 25,Trofa,4785-298,41.338908,-8.551626,prio trofa,prio,rua costa ferreira nº 25,"2,014 €",2026-05-15_dgeg_postos_raw.csv,9b62a559487f04e5
2026-05-15,2026-05-15 14:31:32,2026-05-15 02:05:00,89a0a99199d12f50,89a0a99199d12f50_diesel_premium,PRIO Gondomar,PRIO,diesel_premium,Gasóleo especial,Outro,1.954,Gondomar,Porto,"Rua Nossa Sra de Fatima, n.2",Gondomar,4420-214,41.143928,-8.537891,prio gondomar,prio,"rua nossa sra de fatima, n.2","1,954 €",2026-05-15_dgeg_postos_raw.csv,fc5ed1889acda0d9
2026-05-15,2026-05-15 14:31:32,2026-05-15 02:05:00,89a0a99199d12f50,89a0a99199d12f50_gasoline_95,PRIO Gondomar,PRIO,gasoline_95,Gasolina simples 95,Outro,1.944,Gondomar,Porto,"Rua Nossa Sra de Fatima, n.2",Gondomar,4420-214,41.143928,-8.537891,prio gondomar,prio,"rua nossa sra de fatima, n.2","1,944 €",2026-05-15_dgeg_postos_raw.csv,1a36bbe22e54d48c
2026-05-15,2026-05-15 14:31:32,2026-05-15 02:05:00,044c54c203b0230b,044c54c203b0230b_diesel_premium,PRIO - Parede,PRIO,diesel_premium,Gasóleo especial,Outro,1.974,Cascais,Lisboa,Rua Sampaio Bruno nº 2,Parede,2775-279,38.68559,-9.35202,prio - parede,prio,rua sampaio bruno nº 2,"1,974 €",2026-05-15_dgeg_postos_raw.csv,b81c69f19a0524cc
2026-05-15,2026-05-15 14:31:32,2026-05-15 02:05:00,044c54c203b0230b,044c54c203b0230b_gasoline_95,PRIO - Parede,PRIO,gasoline_95,Gasolina simples 95,Outro,2.014,Cascais,Lisboa,Rua Sampaio Bruno nº 2,Parede,2775-279,38.68559,-9.35202,prio - parede,prio,rua sampaio bruno nº 2,"2,014 €",2026-05-15_dgeg_postos_raw.csv,f0aba4841a5552ad
2026-05-15,2026-05-15 14:31:32,2026-05-15 02:05:00,68ce5b8edad9c14e,68ce5b8edad9c14e_diesel_premium,PRIO - Lisboa Expo,PRIO,diesel_premium,Gasóleo especial,Outro,1.979,Lisboa,Lisboa,"Av. de Pádua,14",Lisboa,1800-297,38.76307,-9.1065,prio - lisboa expo,prio,"av. de pádua,14","1,979 €",2026-05-15_dgeg_postos_raw.csv,37d5f451950de1cb
2026-05-15,2026-05-15 14:31:32,2026-05-15 02:05:00,68ce5b8edad9c14e,68ce5b8edad9c14e_gasoline_95,PRIO - Lisboa Expo,PRIO,gasoline_95,Gasolina simples 95,Outro,2.014,Lisboa,Lisboa,"Av. de Pádua,14",Lisboa,1800-297,38.76307,-9.1065,prio - lisboa expo,prio,"av. de pádua,14","2,014 €",2026-05-15_dgeg_postos_raw.csv,5221b063841cf1ee
2026-05-15,2026-05-15 14:31:32,2026-05-15 02:05:00,d750b97f343213b2,d750b97f343213b2_diesel_premium,PRIO Maia Via Ardegães,PRIO,diesel_premium,Gasóleo especial,Outro,1.964,Maia,Porto,"Via Ardegães, 255 - Águas Santas",Águas Santas,4425-500,41.22373,-8.56429,prio maia via ardegães,prio,"via ardegães, 255 - águas santas","1,964 €",2026-05-15_dgeg_postos_raw.csv,30a6b7382b1e52ee
2026-05-15,2026-05-15 14:31:32,2026-05-15 02:05:00,d750b97f343213b2,d750b97f343213b2_gasoline_95,PRIO Maia Via Ardegães,PRIO,gasoline_95,Gasolina simples 95,Outro,2.014,Maia,Porto,"Via Ardegães, 255 - Águas Santas",Águas Santas,4425-500,41.22373,-8.56429,prio maia via ardegães,prio,"via ardegães, 255 - águas santas","2,014 €",2026-05-15_dgeg_postos_raw.csv,235b619ec55d46e6
2026-05-15,2026-05-15 14:31:32,2026-05-15 02:05:00,9175e303a1a25ef5,9175e303a1a25ef5_diesel_premium,PRIO Campo Grande,PRIO,diesel_premium,Gasóleo especial,Outro,1.939,Lisboa,Lisboa,"Campo Grande, 330",Lisboa,1700-097,38.75675,-9.15215,prio campo grande,prio,"campo grande, 330","1,939 €",2026-05-15_dgeg_postos_raw.csv,c89ba6b715473006
2026-05-15,2026-05-15 14:31:32,2026-05-15 02:05:00,9175e303a1a25ef5,9175e303a1a25ef5_gasoline_95,PRIO Campo Grande,PRIO,gasoline_95,Gasolina simples 95,Outro,2.014,Lisboa,Lisboa,"Campo Grande, 330",Lisboa,1700-097,38.75675,-9.15215,prio campo grande,prio,"campo grande, 330","2,014 €",2026-05-15_dgeg_postos_raw.csv,198d252e14c3d438
2026-05-15,2026-05-15 14:31:32,2026-05-15 02:10:00,0bdc50419d729cfa,0bdc50419d729cfa_diesel_premium,PRIO São Mamede de Infesta,PRIO,diesel_premium,Gasóleo especial,Outro,1.964,Matosinhos,Porto,"Rua Padre Costa, 1187",São Mamede de Infesta,4465-108,41.188844,-8.597116,prio são mamede de infesta,prio,"rua padre costa, 1187","1,964 €",2026-05-15_dgeg_postos_raw.csv,eed99684ed374f62
2026-05-15,2026-05-15 14:31:32,2026-05-15 02:10:00,0bdc50419d729cfa,0bdc50419d729cfa_gasoline_95,PRIO São Mamede de Infesta,PRIO,gasoline_95,Gasolina simples 95,Outro,2.014,Matosinhos,Porto,"Rua Padre Costa, 1187",São Mamede de Infesta,4465-108,41.188844,-8.597116,prio são mamede de infesta,prio,"rua padre costa, 1187","2,014 €",2026-05-15_dgeg_postos_raw.csv,62f64b9aa6f0e8db
2026-05-15,2026-05-15 14:31:32,2026-05-15 02:10:00,6ba8055e36a40ae1,6ba8055e36a40ae1_diesel_premium,Prio Palmela,PRIO,diesel_premium,Gasóleo especial,Outro,1.979,Palmela,Setúbal,Av. Bombeiros Voluntários,Quartel dos B.V. de Palmela,2950-204,38.5703438513,-8.89888998529,prio palmela,prio,av. bombeiros voluntários,"1,979 €",2026-05-15_dgeg_postos_raw.csv,7d721c3dab08ebaf
2026-05-15,2026-05-15 14:31:32,2026-05-15 02:10:00,6ba8055e36a40ae1,6ba8055e36a40ae1_gasoline_95,Prio Palmela,PRIO,gasoline_95,Gasolina simples 95,Outro,2.014,Palmela,Setúbal,Av. Bombeiros Voluntários,Quartel dos B.V. de Palmela,2950-204,38.5703438513,-8.89888998529,prio palmela,prio,av. bombeiros voluntários,"2,014 €",2026-05-15_dgeg_postos_raw.csv,fb74e2f5926c186c
2026-05-15,2026-05-15 14:31:32,2026-05-15 02:10:00,17f1fdb8969b4864,17f1fdb8969b4864_diesel_premium,PRIO NOGUEIRA DA MAIA,PRIO,diesel_premium,Gasóleo especial,Outro,1.964,Maia,Porto,Rua Dr. Joaquim Nogueira Santos,Nogueira,4475-474,41.229302,-8.587439,prio nogueira da maia,prio,rua dr. joaquim nogueira santos,"1,964 €",2026-05-15_dgeg_postos_raw.csv,ab71dfe2bb1013ce
2026-05-15,2026-05-15 14:31:32,2026-05-15 02:10:00,17f1fdb8969b4864,17f1fdb8969b4864_gasoline_95,PRIO NOGUEIRA DA MAIA,PRIO,gasoline_95,Gasolina simples 95,Outro,2.014,Maia,Porto,Rua Dr. Joaquim Nogueira Santos,Nogueira,4475-474,41.229302,-8.587439,prio nogueira da maia,prio,rua dr. joaquim nogueira santos,"2,014 €",2026-05-15_dgeg_postos_raw.csv,169cad248706581c
2026-05-15,2026-05-15 14:31:32,2026-05-15 02:10:00,d677bc4ca49410ff,d677bc4ca49410ff_diesel_premium,PRIO São Felix da Marinha,PRIO,diesel_premium,Gasóleo especial,Outro,1.949,Vila Nova de Gaia,Porto,"Estrada de Brito, Lugar de Brito",São Félix Da Marinha,4410-206,41.027145,-8.63472,prio são felix da marinha,prio,"estrada de brito, lugar de brito","1,949 €",2026-05-15_dgeg_postos_raw.csv,781feae1dbb6a34e
2026-05-15,2026-05-15 14:31:32,2026-05-15 02:10:00,d677bc4ca49410ff,d677bc4ca49410ff_gasoline_95,PRIO São Felix da Marinha,PRIO,gasoline_95,Gasolina simples 95,Outro,2.014,Vila Nova de Gaia,Porto,"Estrada de Brito, Lugar de Brito",São Félix Da Marinha,4410-206,41.027145,-8.63472,prio são felix da marinha,prio,"estrada de brito, lugar de brito","2,014 €",2026-05-15_dgeg_postos_raw.csv,ca041fb2bace2eb7
2026-05-15,2026-05-15 14:31:32,2026-05-15 02:10:00,610f3561bfc2e80e,610f3561bfc2e80e_diesel_premium,PRIO Fânzeres,PRIO,diesel_premium,Gasóleo especial,Outro,1.944,Gondomar,Porto,"Rua Dr. Severiano 130, Fânzeres",Fânzeres,4510-707,41.160137,-8.53055,prio fânzeres,prio,"rua dr. severiano 130, fânzeres","1,944 €",2026-05-15_dgeg_postos_raw.csv,bc16eea0e877eed2
2026-05-15,2026-05-15 14:31:32,2026-05-15 02:10:00,610f3561bfc2e80e,610f3561bfc2e80e_gasoline_95,PRIO Fânzeres,PRIO,gasoline_95,Gasolina simples 95,Outro,2.014,Gondomar,Porto,"Rua Dr. Severiano 130, Fânzeres",Fânzeres,4510-707,41.160137,-8.53055,prio fânzeres,prio,"rua dr. severiano 130, fânzeres","2,014 €",2026-05-15_dgeg_postos_raw.csv,777b3cd477ca5551
2026-05-15,2026-05-15 14:31:32,2026-05-15 02:10:00,038243a9b023692c,038243a9b023692c_gasoline_95,PRIO Figueira da Foz,PRIO,gasoline_95,Gasolina simples 95,Outro,2.014,Figueira da Foz,Coimbra,Rua Várzea s/n,Figueira da Foz,3080-642,40.15732,-8.849168,prio figueira da foz,prio,rua várzea s/n,"2,014 €",2026-05-15_dgeg_postos_raw.csv,ec67a7d1f46485b6
2026-05-15,2026-05-15 14:31:32,2026-05-15 02:10:00,038243a9b023692c,038243a9b023692c_diesel_premium,PRIO Figueira da Foz,PRIO,diesel_premium,Gasóleo especial,Outro,1.929,Figueira da Foz,Coimbra,Rua Várzea s/n,Figueira da Foz,3080-642,40.15732,-8.849168,prio figueira da foz,prio,rua várzea s/n,"1,929 €",2026-05-15_dgeg_postos_raw.csv,82bcaa3c1f42f930
2026-05-15,2026-05-15 14:31:32,2026-05-15 02:15:00,353c67112089805a,353c67112089805a_gasoline_95,PRIO Moreira da Maia,PRIO,gasoline_95,Gasolina simples 95,Outro,2.014,Maia,Porto,Rua Eng. Frederico Ulrich 3311,Maia,4470-605,41.25552,-8.649421,prio moreira da maia,prio,rua eng. frederico ulrich 3311,"2,014 €",2026-05-15_dgeg_postos_raw.csv,ba666e6e242273ac
2026-05-15,2026-05-15 14:31:32,2026-05-15 02:15:00,353c67112089805a,353c67112089805a_diesel_premium,PRIO Moreira da Maia,PRIO,diesel_premium,Gasóleo especial,Outro,1.964,Maia,Porto,Rua Eng. Frederico Ulrich 3311,Maia,4470-605,41.25552,-8.649421,prio moreira da maia,prio,rua eng. frederico ulrich 3311,"1,964 €",2026-05-15_dgeg_postos_raw.csv,4694ca865329586e
2026-05-15,2026-05-15 14:31:32,2026-05-15 02:15:00,9e0b004a619d001d,9e0b004a619d001d_diesel_premium,PRIO Viana do Castelo,PRIO,diesel_premium,Gasóleo especial,Outro,1.929,Viana do Castelo,Viana do Castelo,"Rua Fornelos, Santa Maria Maior e Monserrate e Meadela",Viana do Castelo,4900-075,41.711723,-8.811367,prio viana do castelo,prio,"rua fornelos, santa maria maior e monserrate e meadela","1,929 €",2026-05-15_dgeg_postos_raw.csv,786d69460caae6ea
2026-05-15,2026-05-15 14:31:32,2026-05-15 02:15:00,9e0b004a619d001d,9e0b004a619d001d_gasoline_95,PRIO Viana do Castelo,PRIO,gasoline_95,Gasolina simples 95,Outro,2.014,Viana do Castelo,Viana do Castelo,"Rua Fornelos, Santa Maria Maior e Monserrate e Meadela",Viana do Castelo,4900-075,41.711723,-8.811367,prio viana do castelo,prio,"rua fornelos, santa maria maior e monserrate e meadela","2,014 €",2026-05-15_dgeg_postos_raw.csv,f6f4959ae98a45db
2026-05-15,2026-05-15 14:31:32,2026-05-15 02:15:00,21d74b57e5ddc720,21d74b57e5ddc720_diesel_premium,PRIO Aldeia Valongo do Vouga,PRIO,diesel_premium,Gasóleo especial,Outro,1.929,Águeda,Aveiro,"Rua António Pereira Vidal, nº 9",Valongo do Vouga,3750-836,40.614994,-8.435722,prio aldeia valongo do vouga,prio,"rua antónio pereira vidal, nº 9","1,929 €",2026-05-15_dgeg_postos_raw.csv,9f4dcb59ee253f95
2026-05-15,2026-05-15 14:31:32,2026-05-15 02:15:00,21d74b57e5ddc720,21d74b57e5ddc720_gasoline_95,PRIO Aldeia Valongo do Vouga,PRIO,gasoline_95,Gasolina simples 95,Outro,2.014,Águeda,Aveiro,"Rua António Pereira Vidal, nº 9",Valongo do Vouga,3750-836,40.614994,-8.435722,prio aldeia valongo do vouga,prio,"rua antónio pereira vidal, nº 9","2,014 €",2026-05-15_dgeg_postos_raw.csv,9f01d99f1952c012
2026-05-15,2026-05-15 14:31:32,2026-05-15 02:15:00,5c5c885bd7d05951,5c5c885bd7d05951_diesel_premium,PRIO  Oeiras,PRIO,diesel_premium,Gasóleo especial,Outro,1.944,Oeiras,Lisboa,"Av. Marginal (EN 6 Km 8,200)",Jardim de St.Amaro de Oeiras,2780-000,38.68486,-9.31341,prio oeiras,prio,"av. marginal (en 6 km 8,200)","1,944 €",2026-05-15_dgeg_postos_raw.csv,2c4294178e8b9f4e
2026-05-15,2026-05-15 14:31:32,2026-05-15 02:15:00,5c5c885bd7d05951,5c5c885bd7d05951_gasoline_95,PRIO  Oeiras,PRIO,gasoline_95,Gasolina simples 95,Outro,2.014,Oeiras,Lisboa,"Av. Marginal (EN 6 Km 8,200)",Jardim de St.Amaro de Oeiras,2780-000,38.68486,-9.31341,prio oeiras,prio,"av. marginal (en 6 km 8,200)","2,014 €",2026-05-15_dgeg_postos_raw.csv,332ddcaf57f5c50c
2026-05-15,2026-05-15 14:31:32,2026-05-15 02:15:00,00b99c81776664fc,00b99c81776664fc_diesel_premium,PRIO  Trafaria,PRIO,diesel_premium,Gasóleo especial,Outro,1.954,Almada,Setúbal,Praceta Bombeiros Voluntários,Trafaria,2825-845,38.66997,-9.232608,prio trafaria,prio,praceta bombeiros voluntários,"1,954 €",2026-05-15_dgeg_postos_raw.csv,2615b919ee5bf9a8
2026-05-15,2026-05-15 14:31:32,2026-05-15 02:15:00,00b99c81776664fc,00b99c81776664fc_gasoline_95,PRIO  Trafaria,PRIO,gasoline_95,Gasolina simples 95,Outro,2.014,Almada,Setúbal,Praceta Bombeiros Voluntários,Trafaria,2825-845,38.66997,-9.232608,prio trafaria,prio,praceta bombeiros voluntários,"2,014 €",2026-05-15_dgeg_postos_raw.csv,411153b22e3df2e5
2026-05-15,2026-05-15 14:31:32,2026-05-15 02:20:00,0ca0e3007a26e28b,0ca0e3007a26e28b_diesel_premium,PRIO Amora,PRIO,diesel_premium,Gasóleo especial,Outro,1.944,Seixal,Setúbal,Avenida Baía Natural do Seixal,Amora,2845-606,38.631255,-9.1184231,prio amora,prio,avenida baía natural do seixal,"1,944 €",2026-05-15_dgeg_postos_raw.csv,5963b32d69d2f987
2026-05-15,2026-05-15 14:31:32,2026-05-15 02:20:00,0ca0e3007a26e28b,0ca0e3007a26e28b_gasoline_95,PRIO Amora,PRIO,gasoline_95,Gasolina simples 95,Outro,2.014,Seixal,Setúbal,Avenida Baía Natural do Seixal,Amora,2845-606,38.631255,-9.1184231,prio amora,prio,avenida baía natural do seixal,"2,014 €",2026-05-15_dgeg_postos_raw.csv,2ae39bcdcc5bcc6f
2026-05-15,2026-05-15 14:31:32,2026-05-15 02:20:00,2547180f3ab454bf,2547180f3ab454bf_diesel_premium,PRIO Alcantarilha (EN 125),PRIO,diesel_premium,Gasóleo especial,Outro,1.924,Silves,Faro,"E.N. 125 Km 59,635",Alcantarilha,8365-011,37.128765,-8.346641,prio alcantarilha (en 125),prio,"e.n. 125 km 59,635","1,924 €",2026-05-15_dgeg_postos_raw.csv,a2e200c9c12a42a2
2026-05-15,2026-05-15 14:31:32,2026-05-15 02:20:00,2547180f3ab454bf,2547180f3ab454bf_gasoline_95,PRIO Alcantarilha (EN 125),PRIO,gasoline_95,Gasolina simples 95,Outro,2.014,Silves,Faro,"E.N. 125 Km 59,635",Alcantarilha,8365-011,37.128765,-8.346641,prio alcantarilha (en 125),prio,"e.n. 125 km 59,635","2,014 €",2026-05-15_dgeg_postos_raw.csv,d885393e3d126ca9
2026-05-15,2026-05-15 14:31:32,2026-05-15 02:20:00,af61584220436404,af61584220436404_diesel_premium,PRIO Vila Amélia (Norte),PRIO,diesel_premium,Gasóleo especial,Outro,1.924,Setúbal,Setúbal,Quinta das Pirâmides,Qta. do Conde,2830-481,38.574999,-9.027392,prio vila amélia (norte),prio,quinta das pirâmides,"1,924 €",2026-05-15_dgeg_postos_raw.csv,c6d43a57d198348f
2026-05-15,2026-05-15 14:31:32,2026-05-15 02:20:00,af61584220436404,af61584220436404_gasoline_95,PRIO Vila Amélia (Norte),PRIO,gasoline_95,Gasolina simples 95,Outro,2.019,Setúbal,Setúbal,Quinta das Pirâmides,Qta. do Conde,2830-481,38.574999,-9.027392,prio vila amélia (norte),prio,quinta das pirâmides,"2,019 €",2026-05-15_dgeg_postos_raw.csv,f804198ad6378dbe
2026-05-15,2026-05-15 14:31:32,2026-05-15 02:20:00,f5a1a05aa934be89,f5a1a05aa934be89_diesel_premium,PRIO Montijo,PRIO,diesel_premium,Gasóleo especial,Outro,1.979,Montijo,Setúbal,"EN 5 km 3,700 a 3,900 Alto do Estanqueiro - Jardia",Montijo,2870-000,38.6881765065,-8.94504524841,prio montijo,prio,"en 5 km 3,700 a 3,900 alto do estanqueiro - jardia","1,979 €",2026-05-15_dgeg_postos_raw.csv,15df2456d24e4868
2026-05-15,2026-05-15 14:31:32,2026-05-15 02:20:00,f5a1a05aa934be89,f5a1a05aa934be89_gasoline_95,PRIO Montijo,PRIO,gasoline_95,Gasolina simples 95,Outro,2.014,Montijo,Setúbal,"EN 5 km 3,700 a 3,900 Alto do Estanqueiro - Jardia",Montijo,2870-000,38.6881765065,-8.94504524841,prio montijo,prio,"en 5 km 3,700 a 3,900 alto do estanqueiro - jardia","2,014 €",2026-05-15_dgeg_postos_raw.csv,3861e782b5aa0733
2026-05-15,2026-05-15 14:31:32,2026-05-15 02:20:00,8493c813ecae7013,8493c813ecae7013_diesel_premium,PRIO Vila Amélia (Sul),PRIO,diesel_premium,Gasóleo especial,Outro,1.924,Setúbal,Setúbal,Quinta das Pirâmides,Quinta do Conde,2830-481,38.57483,-9.02646,prio vila amélia (sul),prio,quinta das pirâmides,"1,924 €",2026-05-15_dgeg_postos_raw.csv,ba0074bd1559a4c3
2026-05-15,2026-05-15 14:31:32,2026-05-15 02:20:00,8493c813ecae7013,8493c813ecae7013_gasoline_95,PRIO Vila Amélia (Sul),PRIO,gasoline_95,Gasolina simples 95,Outro,2.019,Setúbal,Setúbal,Quinta das Pirâmides,Quinta do Conde,2830-481,38.57483,-9.02646,prio vila amélia (sul),prio,quinta das pirâmides,"2,019 €",2026-05-15_dgeg_postos_raw.csv,50b5ab5f128ec984
2026-05-15,2026-05-15 14:31:32,2026-05-15 02:25:00,9c9b9a4620819100,9c9b9a4620819100_diesel_premium,PRIO Barroselas,PRIO,diesel_premium,Gasóleo especial,Outro,1.934,Viana do Castelo,Viana do Castelo,Rua da Estação,Barroselas,4905-311,41.64753,-8.70257,prio barroselas,prio,rua da estação,"1,934 €",2026-05-15_dgeg_postos_raw.csv,dc3880e86a8ee93d
2026-05-15,2026-05-15 14:31:32,2026-05-15 02:25:00,9c9b9a4620819100,9c9b9a4620819100_gasoline_95,PRIO Barroselas,PRIO,gasoline_95,Gasolina simples 95,Outro,1.924,Viana do Castelo,Viana do Castelo,Rua da Estação,Barroselas,4905-311,41.64753,-8.70257,prio barroselas,prio,rua da estação,"1,924 €",2026-05-15_dgeg_postos_raw.csv,a2a3e79db35c5cbb
2026-05-15,2026-05-15 14:31:32,2026-05-15 02:25:00,bc48f7419183da4c,bc48f7419183da4c_diesel_premium,PRIO Rio Maior,PRIO,diesel_premium,Gasóleo especial,Outro,1.939,Rio Maior,Santarém,"Avenida dos Combatentes, Fonte Lagoa",Rio Maior,2040-000,39.328335,-8.937051,prio rio maior,prio,"avenida dos combatentes, fonte lagoa","1,939 €",2026-05-15_dgeg_postos_raw.csv,c6f2cdcf8b632563
2026-05-15,2026-05-15 14:31:32,2026-05-15 02:25:00,bc48f7419183da4c,bc48f7419183da4c_gasoline_95,PRIO Rio Maior,PRIO,gasoline_95,Gasolina simples 95,Outro,2.014,Rio Maior,Santarém,"Avenida dos Combatentes, Fonte Lagoa",Rio Maior,2040-000,39.328335,-8.937051,prio rio maior,prio,"avenida dos combatentes, fonte lagoa","2,014 €",2026-05-15_dgeg_postos_raw.csv,883e9bb3667c0c9f
2026-05-15,2026-05-15 14:31:32,2026-05-15 02:25:00,caa62aadc2049c1e,caa62aadc2049c1e_diesel_premium,PRIO Barqueiros,PRIO,diesel_premium,Gasóleo especial,Outro,1.949,Barcelos,Braga,"EN 205 Km 12,5 Barqueiros",Barqueiros,4740-674,41.48271,-8.71718,prio barqueiros,prio,"en 205 km 12,5 barqueiros","1,949 €",2026-05-15_dgeg_postos_raw.csv,20f2b09edf2975c7
2026-05-15,2026-05-15 14:31:32,2026-05-15 02:25:00,caa62aadc2049c1e,caa62aadc2049c1e_gasoline_95,PRIO Barqueiros,PRIO,gasoline_95,Gasolina simples 95,Outro,1.924,Barcelos,Braga,"EN 205 Km 12,5 Barqueiros",Barqueiros,4740-674,41.48271,-8.71718,prio barqueiros,prio,"en 205 km 12,5 barqueiros","1,924 €",2026-05-15_dgeg_postos_raw.csv,bcd60b859a96a7ce
2026-05-15,2026-05-15 14:31:32,2026-05-15 02:25:00,093807b299a87081,093807b299a87081_diesel_premium,PRIO Porto Alto (Norte),PRIO,diesel_premium,Gasóleo especial,Outro,1.974,Benavente,Santarém,"EN 10 Km 108,700",Porto Alto,2135-000,38.91801,-8.87025,prio porto alto (norte),prio,"en 10 km 108,700","1,974 €",2026-05-15_dgeg_postos_raw.csv,f783d4880d503898
2026-05-15,2026-05-15 14:31:32,2026-05-15 02:25:00,093807b299a87081,093807b299a87081_gasoline_95,PRIO Porto Alto (Norte),PRIO,gasoline_95,Gasolina simples 95,Outro,2.014,Benavente,Santarém,"EN 10 Km 108,700",Porto Alto,2135-000,38.91801,-8.87025,prio porto alto (norte),prio,"en 10 km 108,700","2,014 €",2026-05-15_dgeg_postos_raw.csv,ef930ad10d6bcf4b
2026-05-15,2026-05-15 14:31:32,2026-05-15 02:25:00,a727635fd3ee8029,a727635fd3ee8029_diesel_premium,PRIO Fão,PRIO,diesel_premium,Gasóleo especial,Outro,1.949,Esposende,Braga,"EN 13 Km 40,6 Fão",Fão,4740-325,41.5049527348,-8.76338735483,prio fão,prio,"en 13 km 40,6 fão","1,949 €",2026-05-15_dgeg_postos_raw.csv,d1f9e00274e03a72
2026-05-15,2026-05-15 14:31:32,2026-05-15 02:25:00,a727635fd3ee8029,a727635fd3ee8029_gasoline_95,PRIO Fão,PRIO,gasoline_95,Gasolina simples 95,Outro,2.014,Esposende,Braga,"EN 13 Km 40,6 Fão",Fão,4740-325,41.5049527348,-8.76338735483,prio fão,prio,"en 13 km 40,6 fão","2,014 €",2026-05-15_dgeg_postos_raw.csv,b9e53c76299ad7b4
2026-05-15,2026-05-15 14:31:32,2026-05-15 02:25:00,e0172c133b93f79f,e0172c133b93f79f_diesel_premium,PRIO Vila Chã,PRIO,diesel_premium,Gasóleo especial,Outro,1.939,Barreiro,Setúbal,EN 510 (Rua Dr Henrique Andrade Evans),Lugar Sto.António da Charneca,2835-803,38.62899,-9.03598,prio vila chã,prio,en 510 (rua dr henrique andrade evans),"1,939 €",2026-05-15_dgeg_postos_raw.csv,ea7c87e8544c9941
2026-05-15,2026-05-15 14:31:32,2026-05-15 02:25:00,e0172c133b93f79f,e0172c133b93f79f_gasoline_95,PRIO Vila Chã,PRIO,gasoline_95,Gasolina simples 95,Outro,2.014,Barreiro,Setúbal,EN 510 (Rua Dr Henrique Andrade Evans),Lugar Sto.António da Charneca,2835-803,38.62899,-9.03598,prio vila chã,prio,en 510 (rua dr henrique andrade evans),"2,014 €",2026-05-15_dgeg_postos_raw.csv,8b9801da420604b4
2026-05-15,2026-05-15 14:31:32,2026-05-15 02:30:00,1982ca8298a03dd1,1982ca8298a03dd1_diesel_premium,PRIO Porto Alto (Sul),PRIO,diesel_premium,Gasóleo especial,Outro,1.974,Benavente,Santarém,"EN 10 Km 108,700",Porto Alto,2135-006,38.91765,-8.87027,prio porto alto (sul),prio,"en 10 km 108,700","1,974 €",2026-05-15_dgeg_postos_raw.csv,b0b13738f14687bc
2026-05-15,2026-05-15 14:31:32,2026-05-15 02:30:00,1982ca8298a03dd1,1982ca8298a03dd1_gasoline_95,PRIO Porto Alto (Sul),PRIO,gasoline_95,Gasolina simples 95,Outro,2.014,Benavente,Santarém,"EN 10 Km 108,700",Porto Alto,2135-006,38.91765,-8.87027,prio porto alto (sul),prio,"en 10 km 108,700","2,014 €",2026-05-15_dgeg_postos_raw.csv,5e3dfb24b274e317
2026-05-15,2026-05-15 14:31:32,2026-05-15 02:30:00,db502aa3acb9e74d,db502aa3acb9e74d_diesel_premium,PRIO Braga - Real,PRIO,diesel_premium,Gasóleo especial,Outro,1.929,Braga,Braga,Estrada da Variante de Real (EN 201),Real,4700-284,41.5571,-8.44069,prio braga - real,prio,estrada da variante de real (en 201),"1,929 €",2026-05-15_dgeg_postos_raw.csv,1afbdd6fc1951fe8
2026-05-15,2026-05-15 14:31:32,2026-05-15 02:30:00,db502aa3acb9e74d,db502aa3acb9e74d_gasoline_95,PRIO Braga - Real,PRIO,gasoline_95,Gasolina simples 95,Outro,2.014,Braga,Braga,Estrada da Variante de Real (EN 201),Real,4700-284,41.5571,-8.44069,prio braga - real,prio,estrada da variante de real (en 201),"2,014 €",2026-05-15_dgeg_postos_raw.csv,18cee355110e846f
2026-05-15,2026-05-15 14:31:32,2026-05-15 02:30:00,63be3b0cf9d415f5,63be3b0cf9d415f5_diesel_premium,PRIO Torres Novas 2 (Norte),PRIO,diesel_premium,Gasóleo especial,Outro,1.934,Torres Novas,Santarém,"EN 3 Km 74,298 (Variante do Bom Amor)",Atouguia,2350-471,39.476665,-8.565461,prio torres novas 2 (norte),prio,"en 3 km 74,298 (variante do bom amor)","1,934 €",2026-05-15_dgeg_postos_raw.csv,f6972efb9c063271
2026-05-15,2026-05-15 14:31:32,2026-05-15 02:30:00,a0e2764dafea2b40,a0e2764dafea2b40_diesel_premium,PRIO Santo André,PRIO,diesel_premium,Gasóleo especial,Outro,1.929,Santiago do Cacém,Setúbal,EN 1087 Lote 1,Vila Nova St.André,7520-221,38.06603,-8.77616,prio santo andré,prio,en 1087 lote 1,"1,929 €",2026-05-15_dgeg_postos_raw.csv,e6e77b10b9866cf0
2026-05-15,2026-05-15 14:31:32,2026-05-15 02:30:00,a0e2764dafea2b40,a0e2764dafea2b40_gasoline_95,PRIO Santo André,PRIO,gasoline_95,Gasolina simples 95,Outro,1.959,Santiago do Cacém,Setúbal,EN 1087 Lote 1,Vila Nova St.André,7520-221,38.06603,-8.77616,prio santo andré,prio,en 1087 lote 1,"1,959 €",2026-05-15_dgeg_postos_raw.csv,679688430438a8c5
2026-05-15,2026-05-15 14:31:32,2026-05-15 02:30:00,0eb36901f6fd507c,0eb36901f6fd507c_diesel_premium,PRIO Portela das Padeiras,PRIO,diesel_premium,Gasóleo especial,Outro,1.919,Santarém,Santarém,"Estrada Nacional 3, Km 41",Portela das Padeiras,2005-452,39.26683,-8.69606,prio portela das padeiras,prio,"estrada nacional 3, km 41","1,919 €",2026-05-15_dgeg_postos_raw.csv,bb134c4131eca21c
2026-05-15,2026-05-15 14:31:32,2026-05-15 02:30:00,0eb36901f6fd507c,0eb36901f6fd507c_gasoline_95,PRIO Portela das Padeiras,PRIO,gasoline_95,Gasolina simples 95,Outro,2.014,Santarém,Santarém,"Estrada Nacional 3, Km 41",Portela das Padeiras,2005-452,39.26683,-8.69606,prio portela das padeiras,prio,"estrada nacional 3, km 41","2,014 €",2026-05-15_dgeg_postos_raw.csv,ad40fab1f30d9ef5
2026-05-15,2026-05-15 14:31:32,2026-05-15 02:35:00,a6f526cbb2a9464e,a6f526cbb2a9464e_diesel_premium,PRIO Albergaria-a-Velha (S/N),PRIO,diesel_premium,Gasóleo especial,Outro,1.929,Albergaria-a-Velha,Aveiro,"EN 1 Km 249,200",Albergaria- a-Velha,3850-000,40.70847,-8.483,prio albergaria-a-velha (s/n),prio,"en 1 km 249,200","1,929 €",2026-05-15_dgeg_postos_raw.csv,dab9b3f25207a3af
2026-05-15,2026-05-15 14:31:32,2026-05-15 02:35:00,a6f526cbb2a9464e,a6f526cbb2a9464e_gasoline_95,PRIO Albergaria-a-Velha (S/N),PRIO,gasoline_95,Gasolina simples 95,Outro,2.014,Albergaria-a-Velha,Aveiro,"EN 1 Km 249,200",Albergaria- a-Velha,3850-000,40.70847,-8.483,prio albergaria-a-velha (s/n),prio,"en 1 km 249,200","2,014 €",2026-05-15_dgeg_postos_raw.csv,e03a3a03c044daa3
2026-05-15,2026-05-15 14:31:32,2026-05-15 02:35:00,722cb1f0dae51211,722cb1f0dae51211_diesel_premium,PRIO  Lagoa (Norte),PRIO,diesel_premium,Gasóleo especial,Outro,1.944,Lagoa,Faro,"Recta Vale de Deus, (E.N. 125, Km 50,600)",Lagoa,8400-301,37.13641,-8.466227,prio lagoa (norte),prio,"recta vale de deus, (e.n. 125, km 50,600)","1,944 €",2026-05-15_dgeg_postos_raw.csv,72e75a5617a7a68f
2026-05-15,2026-05-15 14:31:32,2026-05-15 02:35:00,722cb1f0dae51211,722cb1f0dae51211_gasoline_95,PRIO  Lagoa (Norte),PRIO,gasoline_95,Gasolina simples 95,Outro,1.959,Lagoa,Faro,"Recta Vale de Deus, (E.N. 125, Km 50,600)",Lagoa,8400-301,37.13641,-8.466227,prio lagoa (norte),prio,"recta vale de deus, (e.n. 125, km 50,600)","1,959 €",2026-05-15_dgeg_postos_raw.csv,96cc865c69438ea9
2026-05-15,2026-05-15 14:31:32,2026-05-15 02:35:00,d515a2b79cc405ba,d515a2b79cc405ba_gasoline_95,PRIO Torres Novas 1 (Sul),PRIO,gasoline_95,Gasolina simples 95,Outro,1.919,Torres Novas,Santarém,"EN 3 Km 74,298 (Variante do Bom Amor)",Atouguia-S.Maria,2350-471,39.47668,-8.56532,prio torres novas 1 (sul),prio,"en 3 km 74,298 (variante do bom amor)","1,919 €",2026-05-15_dgeg_postos_raw.csv,afe26ecb89746526
2026-05-15,2026-05-15 14:31:32,2026-05-15 02:35:00,a0719817e83c211c,a0719817e83c211c_diesel_premium,PRIO Lagoa  (Sul),PRIO,diesel_premium,Gasóleo especial,Outro,1.944,Lagoa,Faro,"EN 125 Km 50,600",Sítio de Deus,8400-123,37.13616,-8.46658,prio lagoa (sul),prio,"en 125 km 50,600","1,944 €",2026-05-15_dgeg_postos_raw.csv,184e672c55567007
2026-05-15,2026-05-15 14:31:32,2026-05-15 02:35:00,a0719817e83c211c,a0719817e83c211c_gasoline_95,PRIO Lagoa  (Sul),PRIO,gasoline_95,Gasolina simples 95,Outro,1.959,Lagoa,Faro,"EN 125 Km 50,600",Sítio de Deus,8400-123,37.13616,-8.46658,prio lagoa (sul),prio,"en 125 km 50,600","1,959 €",2026-05-15_dgeg_postos_raw.csv,749919cca05ce1bf
2026-05-15,2026-05-15 14:31:32,2026-05-15 02:35:00,2657367946272f0d,2657367946272f0d_diesel_premium,PRIO Marco do Grilo,PRIO,diesel_premium,Gasóleo especial,Outro,1.924,Sesimbra,Setúbal,"Courelas da Brava, Casal do Sapo, Marco do Grilo",Quinta do Conde,2975-403,38.554504,-9.088411,prio marco do grilo,prio,"courelas da brava, casal do sapo, marco do grilo","1,924 €",2026-05-15_dgeg_postos_raw.csv,50db4b38cfb8c963
2026-05-15,2026-05-15 14:31:32,2026-05-15 02:35:00,2657367946272f0d,2657367946272f0d_gasoline_95,PRIO Marco do Grilo,PRIO,gasoline_95,Gasolina simples 95,Outro,2.029,Sesimbra,Setúbal,"Courelas da Brava, Casal do Sapo, Marco do Grilo",Quinta do Conde,2975-403,38.554504,-9.088411,prio marco do grilo,prio,"courelas da brava, casal do sapo, marco do grilo","2,029 €",2026-05-15_dgeg_postos_raw.csv,eb30a1d61250277e
2026-05-15,2026-05-15 14:31:32,2026-05-15 02:40:00,638ccc9dee7d5253,638ccc9dee7d5253_diesel_premium,PRIO Benavente (Poente),PRIO,diesel_premium,Gasóleo especial,Outro,1.954,Benavente,Santarém,"Fazendas Novas - E.N. 118 - Km 39,6",Vale do Tripeiro,2130-111,38.9477614038,-8.83002467085,prio benavente (poente),prio,"fazendas novas - e.n. 118 - km 39,6","1,954 €",2026-05-15_dgeg_postos_raw.csv,1ad84034f7ab6635
2026-05-15,2026-05-15 14:31:32,2026-05-15 02:40:00,638ccc9dee7d5253,638ccc9dee7d5253_gasoline_95,PRIO Benavente (Poente),PRIO,gasoline_95,Gasolina simples 95,Outro,1.989,Benavente,Santarém,"Fazendas Novas - E.N. 118 - Km 39,6",Vale do Tripeiro,2130-111,38.9477614038,-8.83002467085,prio benavente (poente),prio,"fazendas novas - e.n. 118 - km 39,6","1,989 €",2026-05-15_dgeg_postos_raw.csv,d735215b2421cb8d
2026-05-15,2026-05-15 14:31:32,2026-05-15 02:40:00,903cef99431dce22,903cef99431dce22_diesel_premium,PRIO Porto Mós (S/N),PRIO,diesel_premium,Gasóleo especial,Outro,1.954,Porto de Mós,Leiria,E.N. 1 - Tremoceira - Pedreiras,Tremoceira,2480-113,39.60272,-8.857256,prio porto mós (s/n),prio,e.n. 1 - tremoceira - pedreiras,"1,954 €",2026-05-15_dgeg_postos_raw.csv,1590a5a8deb907b9
2026-05-15,2026-05-15 14:31:32,2026-05-15 02:40:00,903cef99431dce22,903cef99431dce22_gasoline_95,PRIO Porto Mós (S/N),PRIO,gasoline_95,Gasolina simples 95,Outro,1.969,Porto de Mós,Leiria,E.N. 1 - Tremoceira - Pedreiras,Tremoceira,2480-113,39.60272,-8.857256,prio porto mós (s/n),prio,e.n. 1 - tremoceira - pedreiras,"1,969 €",2026-05-15_dgeg_postos_raw.csv,64af2215abc4245c
2026-05-15,2026-05-15 14:31:32,2026-05-15 02:40:00,22a9cb4f1a01e442,22a9cb4f1a01e442_diesel_premium,PRIO Albergaria-a-Velha - (N/S),PRIO,diesel_premium,Gasóleo especial,Outro,1.929,Albergaria-a-Velha,Aveiro,"EN 1 Km 249,200",Albergaria- a-Velha,3850-200,40.70844,-8.48341,prio albergaria-a-velha - (n/s),prio,"en 1 km 249,200","1,929 €",2026-05-15_dgeg_postos_raw.csv,1488b6c51bc3d94c
2026-05-15,2026-05-15 14:31:32,2026-05-15 02:40:00,22a9cb4f1a01e442,22a9cb4f1a01e442_gasoline_95,PRIO Albergaria-a-Velha - (N/S),PRIO,gasoline_95,Gasolina simples 95,Outro,2.014,Albergaria-a-Velha,Aveiro,"EN 1 Km 249,200",Albergaria- a-Velha,3850-200,40.70844,-8.48341,prio albergaria-a-velha - (n/s),prio,"en 1 km 249,200","2,014 €",2026-05-15_dgeg_postos_raw.csv,e42003d17546b240
2026-05-15,2026-05-15 14:31:32,2026-05-15 02:40:00,3fc1cc28a7867707,3fc1cc28a7867707_diesel_premium,PRIO Porto de Mós (Norte/Sul),PRIO,diesel_premium,Gasóleo especial,Outro,1.954,Porto de Mós,Leiria,"EN 1 Km 105,200",Tremoceira,2480-113,39.6027,-8.85781,prio porto de mós (norte/sul),prio,"en 1 km 105,200","1,954 €",2026-05-15_dgeg_postos_raw.csv,390b309cdd14a838
2026-05-15,2026-05-15 14:31:32,2026-05-15 02:40:00,3fc1cc28a7867707,3fc1cc28a7867707_gasoline_95,PRIO Porto de Mós (Norte/Sul),PRIO,gasoline_95,Gasolina simples 95,Outro,1.969,Porto de Mós,Leiria,"EN 1 Km 105,200",Tremoceira,2480-113,39.6027,-8.85781,prio porto de mós (norte/sul),prio,"en 1 km 105,200","1,969 €",2026-05-15_dgeg_postos_raw.csv,2822f06e745257e2
2026-05-15,2026-05-15 14:31:32,2026-05-15 02:40:00,1e83e68aec175429,1e83e68aec175429_diesel_premium,PRIO Benavente (Nascente),PRIO,diesel_premium,Gasóleo especial,Outro,1.954,Benavente,Santarém,"Fazendas Novas - E.N. 118 - Km 39,6",Benavente,2130-111,38.947797,-8.829608,prio benavente (nascente),prio,"fazendas novas - e.n. 118 - km 39,6","1,954 €",2026-05-15_dgeg_postos_raw.csv,a1df7e2a99e17e62
2026-05-15,2026-05-15 14:31:32,2026-05-15 02:40:00,1e83e68aec175429,1e83e68aec175429_gasoline_95,PRIO Benavente (Nascente),PRIO,gasoline_95,Gasolina simples 95,Outro,1.989,Benavente,Santarém,"Fazendas Novas - E.N. 118 - Km 39,6",Benavente,2130-111,38.947797,-8.829608,prio benavente (nascente),prio,"fazendas novas - e.n. 118 - km 39,6","1,989 €",2026-05-15_dgeg_postos_raw.csv,4919b42e2cf9a13c
2026-05-15,2026-05-15 14:31:32,2026-05-15 02:45:00,2f55081a8ea326d3,2f55081a8ea326d3_diesel_premium,PRIO Covilhã - Oeste,PRIO,diesel_premium,Gasóleo especial,Outro,1.929,Covilhã,Castelo Branco,"EN 18 Km 39,155 (Rua Gen. Humberto Delgado)",Canhoso,6200-014,40.29479,-7.48117,prio covilhã - oeste,prio,"en 18 km 39,155 (rua gen. humberto delgado)","1,929 €",2026-05-15_dgeg_postos_raw.csv,bd085a19c8359285
2026-05-15,2026-05-15 14:31:32,2026-05-15 02:45:00,2f55081a8ea326d3,2f55081a8ea326d3_gasoline_95,PRIO Covilhã - Oeste,PRIO,gasoline_95,Gasolina simples 95,Outro,2.014,Covilhã,Castelo Branco,"EN 18 Km 39,155 (Rua Gen. Humberto Delgado)",Canhoso,6200-014,40.29479,-7.48117,prio covilhã - oeste,prio,"en 18 km 39,155 (rua gen. humberto delgado)","2,014 €",2026-05-15_dgeg_postos_raw.csv,00ab17092cd25697
2026-05-15,2026-05-15 14:31:32,2026-05-15 02:45:00,167e234c1a845457,167e234c1a845457_diesel_premium,PRIO Vilar Formoso - Norte,PRIO,diesel_premium,Gasóleo especial,Outro,1.964,Almeida,Guarda,"Av. da Fronteira, n.º14IP 5 Km 145,9",Vilar Formoso,6355-270,40.60849,-6.82845,prio vilar formoso - norte,prio,"av. da fronteira, n.º14ip 5 km 145,9","1,964 €",2026-05-15_dgeg_postos_raw.csv,cde512acd27fc1f2
2026-05-15,2026-05-15 14:31:32,2026-05-15 02:45:00,167e234c1a845457,167e234c1a845457_gasoline_95,PRIO Vilar Formoso - Norte,PRIO,gasoline_95,Gasolina simples 95,Outro,2.014,Almeida,Guarda,"Av. da Fronteira, n.º14IP 5 Km 145,9",Vilar Formoso,6355-270,40.60849,-6.82845,prio vilar formoso - norte,prio,"av. da fronteira, n.º14ip 5 km 145,9","2,014 €",2026-05-15_dgeg_postos_raw.csv,e3fcd68f9e98fbae
2026-05-15,2026-05-15 14:31:32,2026-05-15 02:45:00,f6c33316a19c1de5,f6c33316a19c1de5_diesel_premium,PRIO Terra Negra (N/S) Este,PRIO,diesel_premium,Gasóleo especial,Outro,1.954,Santa Maria da Feira,Aveiro,"EN 1 Km 281,500",Corujeira,4520-000,40.95643,-8.53068,prio terra negra (n/s) este,prio,"en 1 km 281,500","1,954 €",2026-05-15_dgeg_postos_raw.csv,2ff0974f7b642ae5
2026-05-15,2026-05-15 14:31:32,2026-05-15 02:45:00,f6c33316a19c1de5,f6c33316a19c1de5_gasoline_95,PRIO Terra Negra (N/S) Este,PRIO,gasoline_95,Gasolina simples 95,Outro,2.014,Santa Maria da Feira,Aveiro,"EN 1 Km 281,500",Corujeira,4520-000,40.95643,-8.53068,prio terra negra (n/s) este,prio,"en 1 km 281,500","2,014 €",2026-05-15_dgeg_postos_raw.csv,465a5406abb5311f
2026-05-15,2026-05-15 14:31:32,2026-05-15 02:45:00,bf4782e7f123cc01,bf4782e7f123cc01_diesel_premium,PRIO Malaposta do Carqueijo (S/N) - Mealhada O,PRIO,diesel_premium,Gasóleo especial,Outro,1.954,Mealhada,Aveiro,"EN 1 Km 204,050",Malaposta do Carqueijo,3050-131,40.33375,-8.45058,prio malaposta do carqueijo (s/n) - mealhada o,prio,"en 1 km 204,050","1,954 €",2026-05-15_dgeg_postos_raw.csv,b1c3aeab5e090d24
2026-05-15,2026-05-15 14:31:32,2026-05-15 02:45:00,bf4782e7f123cc01,bf4782e7f123cc01_gasoline_95,PRIO Malaposta do Carqueijo (S/N) - Mealhada O,PRIO,gasoline_95,Gasolina simples 95,Outro,2.014,Mealhada,Aveiro,"EN 1 Km 204,050",Malaposta do Carqueijo,3050-131,40.33375,-8.45058,prio malaposta do carqueijo (s/n) - mealhada o,prio,"en 1 km 204,050","2,014 €",2026-05-15_dgeg_postos_raw.csv,d39487d95cfb9fe2
2026-05-15,2026-05-15 14:31:32,2026-05-15 02:45:00,17e64c7a9fe1c177,17e64c7a9fe1c177_diesel_premium,PRIO Malaposta do Carqueijo (N/S) - Mealhada E,PRIO,diesel_premium,Gasóleo especial,Outro,1.954,Mealhada,Aveiro,"EN 1 Km 204,050",Malaposta do Carqueijo,3050-131,40.33377,-8.45087,prio malaposta do carqueijo (n/s) - mealhada e,prio,"en 1 km 204,050","1,954 €",2026-05-15_dgeg_postos_raw.csv,57532fe8e0476c86
2026-05-15,2026-05-15 14:31:32,2026-05-15 02:45:00,17e64c7a9fe1c177,17e64c7a9fe1c177_gasoline_95,PRIO Malaposta do Carqueijo (N/S) - Mealhada E,PRIO,gasoline_95,Gasolina simples 95,Outro,2.014,Mealhada,Aveiro,"EN 1 Km 204,050",Malaposta do Carqueijo,3050-131,40.33377,-8.45087,prio malaposta do carqueijo (n/s) - mealhada e,prio,"en 1 km 204,050","2,014 €",2026-05-15_dgeg_postos_raw.csv,5f4b4aa951c14bb0
2026-05-15,2026-05-15 14:31:32,2026-05-15 02:45:00,fa97ce59a0e8d194,fa97ce59a0e8d194_diesel_premium,PRIO Terra Negra (S/N) Oeste,PRIO,diesel_premium,Gasóleo especial,Outro,1.954,Santa Maria da Feira,Aveiro,"EN 1 Km 281,500",Corujeira,4520-000,40.9561638007,-8.53100781456,prio terra negra (s/n) oeste,prio,"en 1 km 281,500","1,954 €",2026-05-15_dgeg_postos_raw.csv,741f64c054501a59
2026-05-15,2026-05-15 14:31:32,2026-05-15 02:45:00,fa97ce59a0e8d194,fa97ce59a0e8d194_gasoline_95,PRIO Terra Negra (S/N) Oeste,PRIO,gasoline_95,Gasolina simples 95,Outro,2.014,Santa Maria da Feira,Aveiro,"EN 1 Km 281,500",Corujeira,4520-000,40.9561638007,-8.53100781456,prio terra negra (s/n) oeste,prio,"en 1 km 281,500","2,014 €",2026-05-15_dgeg_postos_raw.csv,13f271e98744c94a
2026-05-15,2026-05-15 14:31:32,2026-05-15 02:50:00,9022a34138570b31,9022a34138570b31_diesel_premium,PRIO  Alfeizerão,PRIO,diesel_premium,Gasóleo especial,Outro,1.949,Alcobaça,Leiria,"EN 8 Km 97,450 - Quinta da Mota",Quinta da Mota,2460-204,39.46238,-9.119145,prio alfeizerão,prio,"en 8 km 97,450 - quinta da mota","1,949 €",2026-05-15_dgeg_postos_raw.csv,ba150740dcfeae3e
2026-05-15,2026-05-15 14:31:32,2026-05-15 02:50:00,9022a34138570b31,9022a34138570b31_gasoline_95,PRIO  Alfeizerão,PRIO,gasoline_95,Gasolina simples 95,Outro,2.014,Alcobaça,Leiria,"EN 8 Km 97,450 - Quinta da Mota",Quinta da Mota,2460-204,39.46238,-9.119145,prio alfeizerão,prio,"en 8 km 97,450 - quinta da mota","2,014 €",2026-05-15_dgeg_postos_raw.csv,a77137d2de6c2276
2026-05-15,2026-05-15 14:31:32,2026-05-15 02:50:00,de606e032f47e120,de606e032f47e120_diesel_regular,SHELL Avenida de Roma,SHELL,diesel_regular,Gasóleo simples,Outro,2.079,Lisboa,Lisboa,Praça Gonçalo Trancoso,Lisboa,1700-000,38.74633,-9.14285,shell avenida de roma,shell,praça gonçalo trancoso,"2,079 €",2026-05-15_dgeg_postos_raw.csv,767b69853f1f0cb2
2026-05-15,2026-05-15 14:31:32,2026-05-15 02:50:00,de606e032f47e120,de606e032f47e120_diesel_premium,SHELL Avenida de Roma,SHELL,diesel_premium,Gasóleo especial,Outro,2.159,Lisboa,Lisboa,Praça Gonçalo Trancoso,Lisboa,1700-000,38.74633,-9.14285,shell avenida de roma,shell,praça gonçalo trancoso,"2,159 €",2026-05-15_dgeg_postos_raw.csv,0e1d77c8e89fac9d
2026-05-15,2026-05-15 14:31:32,2026-05-15 02:50:00,de606e032f47e120,de606e032f47e120_gasoline_95,SHELL Avenida de Roma,SHELL,gasoline_95,Gasolina simples 95,Outro,2.069,Lisboa,Lisboa,Praça Gonçalo Trancoso,Lisboa,1700-000,38.74633,-9.14285,shell avenida de roma,shell,praça gonçalo trancoso,"2,069 €",2026-05-15_dgeg_postos_raw.csv,b4dc4ce7acd1eb50
2026-05-15,2026-05-15 14:31:32,2026-05-15 02:50:00,bc22a9c930a97282,bc22a9c930a97282_diesel_premium,A8 OBIDOS ( LEI / LIS ) POENTE,SHELL,diesel_premium,Gasóleo especial,Auto-estrada,2.139,Óbidos,Leiria,A8 Sub-Lanço Gaeiras  - Apartado 93,Caldas da Rainha,2500-000,39.38781,-9.14929,a8 obidos ( lei / lis ) poente,shell,a8 sub-lanço gaeiras - apartado 93,"2,139 €",2026-05-15_dgeg_postos_raw.csv,943cced2b8b8a2de
2026-05-15,2026-05-15 14:31:32,2026-05-15 02:50:00,bc22a9c930a97282,bc22a9c930a97282_diesel_regular,A8 OBIDOS ( LEI / LIS ) POENTE,SHELL,diesel_regular,Gasóleo simples,Auto-estrada,2.059,Óbidos,Leiria,A8 Sub-Lanço Gaeiras  - Apartado 93,Caldas da Rainha,2500-000,39.38781,-9.14929,a8 obidos ( lei / lis ) poente,shell,a8 sub-lanço gaeiras - apartado 93,"2,059 €",2026-05-15_dgeg_postos_raw.csv,ee6f3ef416c96c6b
2026-05-15,2026-05-15 14:31:32,2026-05-15 02:50:00,bc22a9c930a97282,bc22a9c930a97282_gasoline_98,A8 OBIDOS ( LEI / LIS ) POENTE,SHELL,gasoline_98,Gasolina especial 98,Auto-estrada,2.199,Óbidos,Leiria,A8 Sub-Lanço Gaeiras  - Apartado 93,Caldas da Rainha,2500-000,39.38781,-9.14929,a8 obidos ( lei / lis ) poente,shell,a8 sub-lanço gaeiras - apartado 93,"2,199 €",2026-05-15_dgeg_postos_raw.csv,e6b4419544a97d64
2026-05-15,2026-05-15 14:31:32,2026-05-15 02:50:00,bc22a9c930a97282,bc22a9c930a97282_gasoline_95,A8 OBIDOS ( LEI / LIS ) POENTE,SHELL,gasoline_95,Gasolina simples 95,Auto-estrada,2.049,Óbidos,Leiria,A8 Sub-Lanço Gaeiras  - Apartado 93,Caldas da Rainha,2500-000,39.38781,-9.14929,a8 obidos ( lei / lis ) poente,shell,a8 sub-lanço gaeiras - apartado 93,"2,049 €",2026-05-15_dgeg_postos_raw.csv,bbc00c62ddeea159
2026-05-15,2026-05-15 14:31:32,2026-05-15 02:50:00,c0ee0708886ec9f7,c0ee0708886ec9f7_diesel_premium,A8 OBIDOS ( LIS / LEI ) NASCENTE,SHELL,diesel_premium,Gasóleo especial,Auto-estrada,2.139,Óbidos,Leiria,A8 Sub-Lanço Gaeiras  - Apartado 93,Caldas da Rainha,2500-000,39.38696,-9.15066,a8 obidos ( lis / lei ) nascente,shell,a8 sub-lanço gaeiras - apartado 93,"2,139 €",2026-05-15_dgeg_postos_raw.csv,0b0f99a0267fc563
2026-05-15,2026-05-15 14:31:32,2026-05-15 02:50:00,c0ee0708886ec9f7,c0ee0708886ec9f7_diesel_regular,A8 OBIDOS ( LIS / LEI ) NASCENTE,SHELL,diesel_regular,Gasóleo simples,Auto-estrada,2.059,Óbidos,Leiria,A8 Sub-Lanço Gaeiras  - Apartado 93,Caldas da Rainha,2500-000,39.38696,-9.15066,a8 obidos ( lis / lei ) nascente,shell,a8 sub-lanço gaeiras - apartado 93,"2,059 €",2026-05-15_dgeg_postos_raw.csv,f75867b7b70a533c
2026-05-15,2026-05-15 14:31:32,2026-05-15 02:50:00,c0ee0708886ec9f7,c0ee0708886ec9f7_gasoline_98,A8 OBIDOS ( LIS / LEI ) NASCENTE,SHELL,gasoline_98,Gasolina especial 98,Auto-estrada,2.199,Óbidos,Leiria,A8 Sub-Lanço Gaeiras  - Apartado 93,Caldas da Rainha,2500-000,39.38696,-9.15066,a8 obidos ( lis / lei ) nascente,shell,a8 sub-lanço gaeiras - apartado 93,"2,199 €",2026-05-15_dgeg_postos_raw.csv,9d55de17712db09d
2026-05-15,2026-05-15 14:31:32,2026-05-15 02:50:00,c0ee0708886ec9f7,c0ee0708886ec9f7_gasoline_95,A8 OBIDOS ( LIS / LEI ) NASCENTE,SHELL,gasoline_95,Gasolina simples 95,Auto-estrada,2.049,Óbidos,Leiria,A8 Sub-Lanço Gaeiras  - Apartado 93,Caldas da Rainha,2500-000,39.38696,-9.15066,a8 obidos ( lis / lei ) nascente,shell,a8 sub-lanço gaeiras - apartado 93,"2,049 €",2026-05-15_dgeg_postos_raw.csv,c9e1a51641da1803
2026-05-15,2026-05-15 14:31:32,2026-05-15 02:50:00,de606e032f47e120,de606e032f47e120_gasoline_98,SHELL Avenida de Roma,SHELL,gasoline_98,Gasolina especial 98,Outro,2.219,Lisboa,Lisboa,Praça Gonçalo Trancoso,Lisboa,1700-000,38.74633,-9.14285,shell avenida de roma,shell,praça gonçalo trancoso,"2,219 €",2026-05-15_dgeg_postos_raw.csv,62d9a6ac63f14bc1
2026-05-15,2026-05-15 14:31:32,2026-05-15 03:40:00,6f61de95dd686d7e,6f61de95dd686d7e_diesel_regular,GALP Rua Arco do Cego,GALP,diesel_regular,Gasóleo simples,Outro,2.079,Lisboa,Lisboa,"Rua Arco do Cego, 69 e 69/B",Lisboa,1000-020,38.740295,-9.142749,galp rua arco do cego,galp,"rua arco do cego, 69 e 69/b","2,079 €",2026-05-15_dgeg_postos_raw.csv,505faa9012234bdc
2026-05-15,2026-05-15 14:31:32,2026-05-15 03:40:00,6f61de95dd686d7e,6f61de95dd686d7e_diesel_premium,GALP Rua Arco do Cego,GALP,diesel_premium,Gasóleo especial,Outro,2.139,Lisboa,Lisboa,"Rua Arco do Cego, 69 e 69/B",Lisboa,1000-020,38.740295,-9.142749,galp rua arco do cego,galp,"rua arco do cego, 69 e 69/b","2,139 €",2026-05-15_dgeg_postos_raw.csv,eff20a8a989be929
2026-05-15,2026-05-15 14:31:32,2026-05-15 03:40:00,6f61de95dd686d7e,6f61de95dd686d7e_gasoline_95,GALP Rua Arco do Cego,GALP,gasoline_95,Gasolina simples 95,Outro,2.076,Lisboa,Lisboa,"Rua Arco do Cego, 69 e 69/B",Lisboa,1000-020,38.740295,-9.142749,galp rua arco do cego,galp,"rua arco do cego, 69 e 69/b","2,076 €",2026-05-15_dgeg_postos_raw.csv,0dfbb67d25150f6a
2026-05-15,2026-05-15 14:31:32,2026-05-15 03:40:00,6f61de95dd686d7e,6f61de95dd686d7e_gasoline_98,GALP Rua Arco do Cego,GALP,gasoline_98,Gasolina especial 98,Outro,2.286,Lisboa,Lisboa,"Rua Arco do Cego, 69 e 69/B",Lisboa,1000-020,38.740295,-9.142749,galp rua arco do cego,galp,"rua arco do cego, 69 e 69/b","2,286 €",2026-05-15_dgeg_postos_raw.csv,0324d73d0bac36d0
2026-05-15,2026-05-15 14:31:32,2026-05-15 03:45:00,fc16311745c64280,fc16311745c64280_diesel_regular,GALP A.S. Aeroporto (S/N),GALP,diesel_regular,Gasóleo simples,Outro,2.079,Lisboa,Lisboa,Avª Marechal CrAveiro Lopes,Lisboa,1700-277,38.77945,-9.12223,galp a.s. aeroporto (s/n),galp,avª marechal craveiro lopes,"2,079 €",2026-05-15_dgeg_postos_raw.csv,25653e6a6d659e41
2026-05-15,2026-05-15 14:31:32,2026-05-15 03:45:00,fc16311745c64280,fc16311745c64280_diesel_premium,GALP A.S. Aeroporto (S/N),GALP,diesel_premium,Gasóleo especial,Outro,2.139,Lisboa,Lisboa,Avª Marechal CrAveiro Lopes,Lisboa,1700-277,38.77945,-9.12223,galp a.s. aeroporto (s/n),galp,avª marechal craveiro lopes,"2,139 €",2026-05-15_dgeg_postos_raw.csv,7e3aa89e7c4342db
2026-05-15,2026-05-15 14:31:32,2026-05-15 03:45:00,fc16311745c64280,fc16311745c64280_gasoline_95,GALP A.S. Aeroporto (S/N),GALP,gasoline_95,Gasolina simples 95,Outro,2.076,Lisboa,Lisboa,Avª Marechal CrAveiro Lopes,Lisboa,1700-277,38.77945,-9.12223,galp a.s. aeroporto (s/n),galp,avª marechal craveiro lopes,"2,076 €",2026-05-15_dgeg_postos_raw.csv,bb6bfd68906fdb22
2026-05-15,2026-05-15 14:31:32,2026-05-15 03:45:00,fc16311745c64280,fc16311745c64280_gasoline_98,GALP A.S. Aeroporto (S/N),GALP,gasoline_98,Gasolina especial 98,Outro,2.286,Lisboa,Lisboa,Avª Marechal CrAveiro Lopes,Lisboa,1700-277,38.77945,-9.12223,galp a.s. aeroporto (s/n),galp,avª marechal craveiro lopes,"2,286 €",2026-05-15_dgeg_postos_raw.csv,440baf6f804ff17d
2026-05-15,2026-05-15 14:31:32,2026-05-15 03:45:00,09c9a51ad4a8f8c0,09c9a51ad4a8f8c0_diesel_regular,GALP Aeroporto (N/S),GALP,diesel_regular,Gasóleo simples,Outro,2.079,Lisboa,Lisboa,Avª Marechal Craveiro Lopes,Lisboa,1700-277,38.779526,-9.123903,galp aeroporto (n/s),galp,avª marechal craveiro lopes,"2,079 €",2026-05-15_dgeg_postos_raw.csv,2673f63730c4b394
2026-05-15,2026-05-15 14:31:32,2026-05-15 03:45:00,09c9a51ad4a8f8c0,09c9a51ad4a8f8c0_diesel_premium,GALP Aeroporto (N/S),GALP,diesel_premium,Gasóleo especial,Outro,2.139,Lisboa,Lisboa,Avª Marechal Craveiro Lopes,Lisboa,1700-277,38.779526,-9.123903,galp aeroporto (n/s),galp,avª marechal craveiro lopes,"2,139 €",2026-05-15_dgeg_postos_raw.csv,b62f197ca48a59e2
2026-05-15,2026-05-15 14:31:32,2026-05-15 03:45:00,09c9a51ad4a8f8c0,09c9a51ad4a8f8c0_gasoline_95,GALP Aeroporto (N/S),GALP,gasoline_95,Gasolina simples 95,Outro,2.076,Lisboa,Lisboa,Avª Marechal Craveiro Lopes,Lisboa,1700-277,38.779526,-9.123903,galp aeroporto (n/s),galp,avª marechal craveiro lopes,"2,076 €",2026-05-15_dgeg_postos_raw.csv,dbb877064a6053b3
2026-05-15,2026-05-15 14:31:32,2026-05-15 03:45:00,09c9a51ad4a8f8c0,09c9a51ad4a8f8c0_gasoline_98,GALP Aeroporto (N/S),GALP,gasoline_98,Gasolina especial 98,Outro,2.286,Lisboa,Lisboa,Avª Marechal Craveiro Lopes,Lisboa,1700-277,38.779526,-9.123903,galp aeroporto (n/s),galp,avª marechal craveiro lopes,"2,286 €",2026-05-15_dgeg_postos_raw.csv,9a47a6699cc0c0a0
2026-05-15,2026-05-15 14:31:32,2026-05-15 03:45:00,191fb149a92fe97e,191fb149a92fe97e_diesel_regular,GALP Calçada de Carriche (Lis/Odiv),GALP,diesel_regular,Gasóleo simples,Outro,2.079,Lisboa,Lisboa,"Calçada de Carriche, 160",Lisboa,1750-054,38.78456,-9.167463,galp calçada de carriche (lis/odiv),galp,"calçada de carriche, 160","2,079 €",2026-05-15_dgeg_postos_raw.csv,a15372ebe7d99a57
2026-05-15,2026-05-15 14:31:32,2026-05-15 03:45:00,191fb149a92fe97e,191fb149a92fe97e_diesel_premium,GALP Calçada de Carriche (Lis/Odiv),GALP,diesel_premium,Gasóleo especial,Outro,2.129,Lisboa,Lisboa,"Calçada de Carriche, 160",Lisboa,1750-054,38.78456,-9.167463,galp calçada de carriche (lis/odiv),galp,"calçada de carriche, 160","2,129 €",2026-05-15_dgeg_postos_raw.csv,5db1e7d218bc86b6
2026-05-15,2026-05-15 14:31:32,2026-05-15 03:45:00,191fb149a92fe97e,191fb149a92fe97e_gasoline_95,GALP Calçada de Carriche (Lis/Odiv),GALP,gasoline_95,Gasolina simples 95,Outro,2.076,Lisboa,Lisboa,"Calçada de Carriche, 160",Lisboa,1750-054,38.78456,-9.167463,galp calçada de carriche (lis/odiv),galp,"calçada de carriche, 160","2,076 €",2026-05-15_dgeg_postos_raw.csv,e7ac92aac4dba194
2026-05-15,2026-05-15 14:31:32,2026-05-15 03:45:00,191fb149a92fe97e,191fb149a92fe97e_gasoline_98,GALP Calçada de Carriche (Lis/Odiv),GALP,gasoline_98,Gasolina especial 98,Outro,2.286,Lisboa,Lisboa,"Calçada de Carriche, 160",Lisboa,1750-054,38.78456,-9.167463,galp calçada de carriche (lis/odiv),galp,"calçada de carriche, 160","2,286 €",2026-05-15_dgeg_postos_raw.csv,e8596ca49100498d
2026-05-15,2026-05-15 14:31:32,2026-05-15 03:45:00,8e4f31aed589caca,8e4f31aed589caca_diesel_regular,GALP Calçada de Carriche II (Odv/Lis),GALP,diesel_regular,Gasóleo simples,Outro,2.079,Lisboa,Lisboa,Calçada Carriche,Lisboa,1750-054,38.784954,-9.168789,galp calçada de carriche ii (odv/lis),galp,calçada carriche,"2,079 €",2026-05-15_dgeg_postos_raw.csv,236b6f626e10af84
2026-05-15,2026-05-15 14:31:32,2026-05-15 03:45:00,8e4f31aed589caca,8e4f31aed589caca_diesel_premium,GALP Calçada de Carriche II (Odv/Lis),GALP,diesel_premium,Gasóleo especial,Outro,2.129,Lisboa,Lisboa,Calçada Carriche,Lisboa,1750-054,38.784954,-9.168789,galp calçada de carriche ii (odv/lis),galp,calçada carriche,"2,129 €",2026-05-15_dgeg_postos_raw.csv,bf441d3f1ae19504
2026-05-15,2026-05-15 14:31:32,2026-05-15 03:45:00,8e4f31aed589caca,8e4f31aed589caca_gasoline_95,GALP Calçada de Carriche II (Odv/Lis),GALP,gasoline_95,Gasolina simples 95,Outro,2.076,Lisboa,Lisboa,Calçada Carriche,Lisboa,1750-054,38.784954,-9.168789,galp calçada de carriche ii (odv/lis),galp,calçada carriche,"2,076 €",2026-05-15_dgeg_postos_raw.csv,0fdfcf9d87f55be0
2026-05-15,2026-05-15 14:31:32,2026-05-15 03:45:00,8e4f31aed589caca,8e4f31aed589caca_gasoline_98,GALP Calçada de Carriche II (Odv/Lis),GALP,gasoline_98,Gasolina especial 98,Outro,2.286,Lisboa,Lisboa,Calçada Carriche,Lisboa,1750-054,38.784954,-9.168789,galp calçada de carriche ii (odv/lis),galp,calçada carriche,"2,286 €",2026-05-15_dgeg_postos_raw.csv,0f7a5297c2e89290
2026-05-15,2026-05-15 14:31:32,2026-05-15 03:45:00,86de17e414daea45,86de17e414daea45_diesel_regular,Galp A.S. Loures (Lisboa-Loures),GALP,diesel_regular,Gasóleo simples,Outro,2.055,Loures,Lisboa,Rua da República nº. 4,Loures,2670-472,38.826538,-9.162437,galp a.s. loures (lisboa-loures),galp,rua da república nº. 4,"2,055 €",2026-05-15_dgeg_postos_raw.csv,6597f1414195cc9a
2026-05-15,2026-05-15 14:31:32,2026-05-15 03:45:00,86de17e414daea45,86de17e414daea45_diesel_premium,Galp A.S. Loures (Lisboa-Loures),GALP,diesel_premium,Gasóleo especial,Outro,2.105,Loures,Lisboa,Rua da República nº. 4,Loures,2670-472,38.826538,-9.162437,galp a.s. loures (lisboa-loures),galp,rua da república nº. 4,"2,105 €",2026-05-15_dgeg_postos_raw.csv,0cd6f8e59aa784a4
2026-05-15,2026-05-15 14:31:32,2026-05-15 03:45:00,86de17e414daea45,86de17e414daea45_gasoline_95,Galp A.S. Loures (Lisboa-Loures),GALP,gasoline_95,Gasolina simples 95,Outro,2.051,Loures,Lisboa,Rua da República nº. 4,Loures,2670-472,38.826538,-9.162437,galp a.s. loures (lisboa-loures),galp,rua da república nº. 4,"2,051 €",2026-05-15_dgeg_postos_raw.csv,4c29251d66393bf8
2026-05-15,2026-05-15 14:31:32,2026-05-15 03:45:00,61c7755e056ef927,61c7755e056ef927_diesel_regular,GALP A12 A.S. Alcochete - Pte Vasco da Gama (N/S),GALP,diesel_regular,Gasóleo simples,Auto-estrada,2.079,Alcochete,Setúbal,"Acesso Ponte Vasco da Gama, Km 13,750 N/S",Samouco,2890-201,38.72579,-8.98711,galp a12 a.s. alcochete - pte vasco da gama (n/s),galp,"acesso ponte vasco da gama, km 13,750 n/s","2,079 €",2026-05-15_dgeg_postos_raw.csv,92149e90c514f6bb
2026-05-15,2026-05-15 14:31:32,2026-05-15 03:45:00,61c7755e056ef927,61c7755e056ef927_diesel_premium,GALP A12 A.S. Alcochete - Pte Vasco da Gama (N/S),GALP,diesel_premium,Gasóleo especial,Auto-estrada,2.139,Alcochete,Setúbal,"Acesso Ponte Vasco da Gama, Km 13,750 N/S",Samouco,2890-201,38.72579,-8.98711,galp a12 a.s. alcochete - pte vasco da gama (n/s),galp,"acesso ponte vasco da gama, km 13,750 n/s","2,139 €",2026-05-15_dgeg_postos_raw.csv,7a0809fdfae70708
2026-05-15,2026-05-15 14:31:32,2026-05-15 03:45:00,61c7755e056ef927,61c7755e056ef927_gasoline_95,GALP A12 A.S. Alcochete - Pte Vasco da Gama (N/S),GALP,gasoline_95,Gasolina simples 95,Auto-estrada,2.076,Alcochete,Setúbal,"Acesso Ponte Vasco da Gama, Km 13,750 N/S",Samouco,2890-201,38.72579,-8.98711,galp a12 a.s. alcochete - pte vasco da gama (n/s),galp,"acesso ponte vasco da gama, km 13,750 n/s","2,076 €",2026-05-15_dgeg_postos_raw.csv,3d33463d315ca366
2026-05-15,2026-05-15 14:31:32,2026-05-15 03:45:00,61c7755e056ef927,61c7755e056ef927_gasoline_98,GALP A12 A.S. Alcochete - Pte Vasco da Gama (N/S),GALP,gasoline_98,Gasolina especial 98,Auto-estrada,2.286,Alcochete,Setúbal,"Acesso Ponte Vasco da Gama, Km 13,750 N/S",Samouco,2890-201,38.72579,-8.98711,galp a12 a.s. alcochete - pte vasco da gama (n/s),galp,"acesso ponte vasco da gama, km 13,750 n/s","2,286 €",2026-05-15_dgeg_postos_raw.csv,4633c2e73b609201
2026-05-15,2026-05-15 14:31:32,2026-05-15 03:45:00,237cb9e5ec8eb238,237cb9e5ec8eb238_diesel_regular,GALP Freixo,GALP,diesel_regular,Gasóleo simples,Outro,2.055,Porto,Porto,"Estrada Exterior da Circunvalação, 82-130",Campanhã,4460-280,41.14561,-8.57826,galp freixo,galp,"estrada exterior da circunvalação, 82-130","2,055 €",2026-05-15_dgeg_postos_raw.csv,453c124a32e4a99b
2026-05-15,2026-05-15 14:31:32,2026-05-15 03:45:00,237cb9e5ec8eb238,237cb9e5ec8eb238_diesel_premium,GALP Freixo,GALP,diesel_premium,Gasóleo especial,Outro,2.105,Porto,Porto,"Estrada Exterior da Circunvalação, 82-130",Campanhã,4460-280,41.14561,-8.57826,galp freixo,galp,"estrada exterior da circunvalação, 82-130","2,105 €",2026-05-15_dgeg_postos_raw.csv,a605b10d7b55ca4c
2026-05-15,2026-05-15 14:31:32,2026-05-15 03:45:00,237cb9e5ec8eb238,237cb9e5ec8eb238_gasoline_95,GALP Freixo,GALP,gasoline_95,Gasolina simples 95,Outro,2.051,Porto,Porto,"Estrada Exterior da Circunvalação, 82-130",Campanhã,4460-280,41.14561,-8.57826,galp freixo,galp,"estrada exterior da circunvalação, 82-130","2,051 €",2026-05-15_dgeg_postos_raw.csv,559898c0a3bb03a3
2026-05-15,2026-05-15 14:31:32,2026-05-15 03:45:00,237cb9e5ec8eb238,237cb9e5ec8eb238_gasoline_98,GALP Freixo,GALP,gasoline_98,Gasolina especial 98,Outro,2.261,Porto,Porto,"Estrada Exterior da Circunvalação, 82-130",Campanhã,4460-280,41.14561,-8.57826,galp freixo,galp,"estrada exterior da circunvalação, 82-130","2,261 €",2026-05-15_dgeg_postos_raw.csv,ab736b46085c851a
2026-05-15,2026-05-15 14:31:32,2026-05-15 03:50:00,4f85e8f821273b0b,4f85e8f821273b0b_diesel_regular,AS São João Madeira II,GALP,diesel_regular,Gasóleo simples,Outro,2.029,Oliveira de Azeméis,Aveiro,"Av. da Liberdade, Lado nascente",Lugar de São Roque,3700-000,40.891973,-8.475742,as são joão madeira ii,galp,"av. da liberdade, lado nascente","2,029 €",2026-05-15_dgeg_postos_raw.csv,a82eed7564b0ea70
2026-05-15,2026-05-15 14:31:32,2026-05-15 03:50:00,4f85e8f821273b0b,4f85e8f821273b0b_diesel_premium,AS São João Madeira II,GALP,diesel_premium,Gasóleo especial,Outro,2.079,Oliveira de Azeméis,Aveiro,"Av. da Liberdade, Lado nascente",Lugar de São Roque,3700-000,40.891973,-8.475742,as são joão madeira ii,galp,"av. da liberdade, lado nascente","2,079 €",2026-05-15_dgeg_postos_raw.csv,87eb1496c2ee1571
2026-05-15,2026-05-15 14:31:32,2026-05-15 03:50:00,4f85e8f821273b0b,4f85e8f821273b0b_gasoline_95,AS São João Madeira II,GALP,gasoline_95,Gasolina simples 95,Outro,2.026,Oliveira de Azeméis,Aveiro,"Av. da Liberdade, Lado nascente",Lugar de São Roque,3700-000,40.891973,-8.475742,as são joão madeira ii,galp,"av. da liberdade, lado nascente","2,026 €",2026-05-15_dgeg_postos_raw.csv,6195a5d8d097204b
2026-05-15,2026-05-15 14:31:32,2026-05-15 03:50:00,4f85e8f821273b0b,4f85e8f821273b0b_gasoline_98,AS São João Madeira II,GALP,gasoline_98,Gasolina especial 98,Outro,2.236,Oliveira de Azeméis,Aveiro,"Av. da Liberdade, Lado nascente",Lugar de São Roque,3700-000,40.891973,-8.475742,as são joão madeira ii,galp,"av. da liberdade, lado nascente","2,236 €",2026-05-15_dgeg_postos_raw.csv,2b1d0c795d08c80d
2026-05-15,2026-05-15 14:31:32,2026-05-15 03:50:00,6f0706c4e5ff0309,6f0706c4e5ff0309_diesel_regular,GALP Leça da Palmeira,GALP,diesel_regular,Gasóleo simples,Outro,2.055,Matosinhos,Porto,Rua Belchior Robles - Leça da Palmeira,Matosinhos,4450-626,41.20116,-8.698924,galp leça da palmeira,galp,rua belchior robles - leça da palmeira,"2,055 €",2026-05-15_dgeg_postos_raw.csv,73871f0fe608a49e
2026-05-15,2026-05-15 14:31:32,2026-05-15 03:50:00,6f0706c4e5ff0309,6f0706c4e5ff0309_diesel_premium,GALP Leça da Palmeira,GALP,diesel_premium,Gasóleo especial,Outro,2.105,Matosinhos,Porto,Rua Belchior Robles - Leça da Palmeira,Matosinhos,4450-626,41.20116,-8.698924,galp leça da palmeira,galp,rua belchior robles - leça da palmeira,"2,105 €",2026-05-15_dgeg_postos_raw.csv,48494fd161460f13
2026-05-15,2026-05-15 14:31:32,2026-05-15 03:50:00,6f0706c4e5ff0309,6f0706c4e5ff0309_gasoline_95,GALP Leça da Palmeira,GALP,gasoline_95,Gasolina simples 95,Outro,2.051,Matosinhos,Porto,Rua Belchior Robles - Leça da Palmeira,Matosinhos,4450-626,41.20116,-8.698924,galp leça da palmeira,galp,rua belchior robles - leça da palmeira,"2,051 €",2026-05-15_dgeg_postos_raw.csv,bc2f5f504b488a9e
2026-05-15,2026-05-15 14:31:32,2026-05-15 03:50:00,97863e834299fdec,97863e834299fdec_diesel_regular,GALP A12 A.S. Alcochete - Pte Vasco da Gama (S/N),GALP,diesel_regular,Gasóleo simples,Auto-estrada,2.079,Alcochete,Setúbal,Acesso Sul da Ponte Vasco da Gama Km 13.6,Alcochete,2890-001,38.72734,-8.987152,galp a12 a.s. alcochete - pte vasco da gama (s/n),galp,acesso sul da ponte vasco da gama km 13.6,"2,079 €",2026-05-15_dgeg_postos_raw.csv,6451e52a124a9c78
2026-05-15,2026-05-15 14:31:32,2026-05-15 03:50:00,97863e834299fdec,97863e834299fdec_diesel_premium,GALP A12 A.S. Alcochete - Pte Vasco da Gama (S/N),GALP,diesel_premium,Gasóleo especial,Auto-estrada,2.139,Alcochete,Setúbal,Acesso Sul da Ponte Vasco da Gama Km 13.6,Alcochete,2890-001,38.72734,-8.987152,galp a12 a.s. alcochete - pte vasco da gama (s/n),galp,acesso sul da ponte vasco da gama km 13.6,"2,139 €",2026-05-15_dgeg_postos_raw.csv,d46a791934de8bb8
2026-05-15,2026-05-15 14:31:32,2026-05-15 03:50:00,97863e834299fdec,97863e834299fdec_gasoline_95,GALP A12 A.S. Alcochete - Pte Vasco da Gama (S/N),GALP,gasoline_95,Gasolina simples 95,Auto-estrada,2.076,Alcochete,Setúbal,Acesso Sul da Ponte Vasco da Gama Km 13.6,Alcochete,2890-001,38.72734,-8.987152,galp a12 a.s. alcochete - pte vasco da gama (s/n),galp,acesso sul da ponte vasco da gama km 13.6,"2,076 €",2026-05-15_dgeg_postos_raw.csv,f4da84203ece38cc
2026-05-15,2026-05-15 14:31:32,2026-05-15 03:50:00,97863e834299fdec,97863e834299fdec_gasoline_98,GALP A12 A.S. Alcochete - Pte Vasco da Gama (S/N),GALP,gasoline_98,Gasolina especial 98,Auto-estrada,2.286,Alcochete,Setúbal,Acesso Sul da Ponte Vasco da Gama Km 13.6,Alcochete,2890-001,38.72734,-8.987152,galp a12 a.s. alcochete - pte vasco da gama (s/n),galp,acesso sul da ponte vasco da gama km 13.6,"2,286 €",2026-05-15_dgeg_postos_raw.csv,c4ef0e7f0da2b722
2026-05-15,2026-05-15 14:31:32,2026-05-15 03:50:00,66c90ecb257d7acc,66c90ecb257d7acc_diesel_regular,GALP A2 A.S. Alcácer do Sal (N/S),GALP,diesel_regular,Gasóleo simples,Auto-estrada,2.078,Alcácer do Sal,Setúbal,A. E. Sul  A. 2 Km 68,Alcácer do Sal,7580-000,38.515835,-8.586445,galp a2 a.s. alcácer do sal (n/s),galp,a. e. sul a. 2 km 68,"2,078 €",2026-05-15_dgeg_postos_raw.csv,970d94587256268a
2026-05-15,2026-05-15 14:31:32,2026-05-15 03:50:00,66c90ecb257d7acc,66c90ecb257d7acc_diesel_premium,GALP A2 A.S. Alcácer do Sal (N/S),GALP,diesel_premium,Gasóleo especial,Auto-estrada,2.138,Alcácer do Sal,Setúbal,A. E. Sul  A. 2 Km 68,Alcácer do Sal,7580-000,38.515835,-8.586445,galp a2 a.s. alcácer do sal (n/s),galp,a. e. sul a. 2 km 68,"2,138 €",2026-05-15_dgeg_postos_raw.csv,6da4b83f43c67168
2026-05-15,2026-05-15 14:31:32,2026-05-15 03:50:00,66c90ecb257d7acc,66c90ecb257d7acc_gasoline_95,GALP A2 A.S. Alcácer do Sal (N/S),GALP,gasoline_95,Gasolina simples 95,Auto-estrada,2.069,Alcácer do Sal,Setúbal,A. E. Sul  A. 2 Km 68,Alcácer do Sal,7580-000,38.515835,-8.586445,galp a2 a.s. alcácer do sal (n/s),galp,a. e. sul a. 2 km 68,"2,069 €",2026-05-15_dgeg_postos_raw.csv,27f29878b8be2087
2026-05-15,2026-05-15 14:31:32,2026-05-15 03:50:00,66c90ecb257d7acc,66c90ecb257d7acc_gasoline_98,GALP A2 A.S. Alcácer do Sal (N/S),GALP,gasoline_98,Gasolina especial 98,Auto-estrada,2.279,Alcácer do Sal,Setúbal,A. E. Sul  A. 2 Km 68,Alcácer do Sal,7580-000,38.515835,-8.586445,galp a2 a.s. alcácer do sal (n/s),galp,a. e. sul a. 2 km 68,"2,279 €",2026-05-15_dgeg_postos_raw.csv,fc0616ee68d4c27b
2026-05-15,2026-05-15 14:31:32,2026-05-15 03:50:00,7eef04072ae0609d,7eef04072ae0609d_diesel_regular,GALP A2 A.S. Alcácer do Sal (S/N),GALP,diesel_regular,Gasóleo simples,Auto-estrada,2.078,Alcácer do Sal,Setúbal,A2 - Km 68 (S/N),Espargueira,7580-000,38.515731,-8.584572,galp a2 a.s. alcácer do sal (s/n),galp,a2 - km 68 (s/n),"2,078 €",2026-05-15_dgeg_postos_raw.csv,8617dc3db606f805
2026-05-15,2026-05-15 14:31:32,2026-05-15 03:50:00,7eef04072ae0609d,7eef04072ae0609d_diesel_premium,GALP A2 A.S. Alcácer do Sal (S/N),GALP,diesel_premium,Gasóleo especial,Auto-estrada,2.138,Alcácer do Sal,Setúbal,A2 - Km 68 (S/N),Espargueira,7580-000,38.515731,-8.584572,galp a2 a.s. alcácer do sal (s/n),galp,a2 - km 68 (s/n),"2,138 €",2026-05-15_dgeg_postos_raw.csv,b85742e4a35588ec
2026-05-15,2026-05-15 14:31:32,2026-05-15 03:50:00,7eef04072ae0609d,7eef04072ae0609d_gasoline_95,GALP A2 A.S. Alcácer do Sal (S/N),GALP,gasoline_95,Gasolina simples 95,Auto-estrada,2.069,Alcácer do Sal,Setúbal,A2 - Km 68 (S/N),Espargueira,7580-000,38.515731,-8.584572,galp a2 a.s. alcácer do sal (s/n),galp,a2 - km 68 (s/n),"2,069 €",2026-05-15_dgeg_postos_raw.csv,91a2ec35e62d4d04
2026-05-15,2026-05-15 14:31:32,2026-05-15 03:50:00,7eef04072ae0609d,7eef04072ae0609d_gasoline_98,GALP A2 A.S. Alcácer do Sal (S/N),GALP,gasoline_98,Gasolina especial 98,Auto-estrada,2.279,Alcácer do Sal,Setúbal,A2 - Km 68 (S/N),Espargueira,7580-000,38.515731,-8.584572,galp a2 a.s. alcácer do sal (s/n),galp,a2 - km 68 (s/n),"2,279 €",2026-05-15_dgeg_postos_raw.csv,b782e52585098377
2026-05-15,2026-05-15 14:31:32,2026-05-15 03:50:00,91d55bd1126d1acb,91d55bd1126d1acb_diesel_regular,GALP Birre,GALP,diesel_regular,Gasóleo simples,Outro,2.079,Cascais,Lisboa,Estrada da Torre,Birre,2750-269,38.71094,-9.446281,galp birre,galp,estrada da torre,"2,079 €",2026-05-15_dgeg_postos_raw.csv,8a4d4c09decf5ae9
2026-05-15,2026-05-15 14:31:32,2026-05-15 03:50:00,91d55bd1126d1acb,91d55bd1126d1acb_diesel_premium,GALP Birre,GALP,diesel_premium,Gasóleo especial,Outro,2.129,Cascais,Lisboa,Estrada da Torre,Birre,2750-269,38.71094,-9.446281,galp birre,galp,estrada da torre,"2,129 €",2026-05-15_dgeg_postos_raw.csv,da0b9aa526b77326
2026-05-15,2026-05-15 14:31:32,2026-05-15 03:50:00,91d55bd1126d1acb,91d55bd1126d1acb_gasoline_95,GALP Birre,GALP,gasoline_95,Gasolina simples 95,Outro,2.072,Cascais,Lisboa,Estrada da Torre,Birre,2750-269,38.71094,-9.446281,galp birre,galp,estrada da torre,"2,072 €",2026-05-15_dgeg_postos_raw.csv,397d8395987c26d6
2026-05-15,2026-05-15 14:31:32,2026-05-15 03:50:00,91d55bd1126d1acb,91d55bd1126d1acb_gasoline_98,GALP Birre,GALP,gasoline_98,Gasolina especial 98,Outro,2.282,Cascais,Lisboa,Estrada da Torre,Birre,2750-269,38.71094,-9.446281,galp birre,galp,estrada da torre,"2,282 €",2026-05-15_dgeg_postos_raw.csv,fca5345f6bc7d23a
2026-05-15,2026-05-15 14:31:32,2026-05-15 03:50:00,9723bea6e34c6e08,9723bea6e34c6e08_diesel_regular,GALP-  Gondomar,GALP,diesel_regular,Gasóleo simples,Outro,2.015,Gondomar,Porto,Av.General Humberto Delgado,Gondomar,4420-155,41.14706,-8.531529,galp- gondomar,galp,av.general humberto delgado,"2,015 €",2026-05-15_dgeg_postos_raw.csv,200ffaba3ae579a1
2026-05-15,2026-05-15 14:31:32,2026-05-15 03:50:00,9723bea6e34c6e08,9723bea6e34c6e08_diesel_premium,GALP-  Gondomar,GALP,diesel_premium,Gasóleo especial,Outro,2.065,Gondomar,Porto,Av.General Humberto Delgado,Gondomar,4420-155,41.14706,-8.531529,galp- gondomar,galp,av.general humberto delgado,"2,065 €",2026-05-15_dgeg_postos_raw.csv,8d916bc5034716cc
2026-05-15,2026-05-15 14:31:32,2026-05-15 03:50:00,9723bea6e34c6e08,9723bea6e34c6e08_gasoline_95,GALP-  Gondomar,GALP,gasoline_95,Gasolina simples 95,Outro,2.011,Gondomar,Porto,Av.General Humberto Delgado,Gondomar,4420-155,41.14706,-8.531529,galp- gondomar,galp,av.general humberto delgado,"2,011 €",2026-05-15_dgeg_postos_raw.csv,8da89fbec8e3bd95
2026-05-15,2026-05-15 14:31:32,2026-05-15 03:50:00,9723bea6e34c6e08,9723bea6e34c6e08_gasoline_98,GALP-  Gondomar,GALP,gasoline_98,Gasolina especial 98,Outro,2.221,Gondomar,Porto,Av.General Humberto Delgado,Gondomar,4420-155,41.14706,-8.531529,galp- gondomar,galp,av.general humberto delgado,"2,221 €",2026-05-15_dgeg_postos_raw.csv,443584c3ff0bd5e7
2026-05-15,2026-05-15 14:31:32,2026-05-15 03:55:00,59d159cb09c99cda,59d159cb09c99cda_diesel_regular,GALP A.S. Adémia,GALP,diesel_regular,Gasóleo simples,Outro,2.015,Coimbra,Coimbra,EN 1 IC 2 (Ponte das Eiras Adémia),Coimbra,3020-324,40.250965,-8.442072,galp a.s. adémia,galp,en 1 ic 2 (ponte das eiras adémia),"2,015 €",2026-05-15_dgeg_postos_raw.csv,c5ded2743602bca7
2026-05-15,2026-05-15 14:31:32,2026-05-15 03:55:00,59d159cb09c99cda,59d159cb09c99cda_diesel_premium,GALP A.S. Adémia,GALP,diesel_premium,Gasóleo especial,Outro,2.065,Coimbra,Coimbra,EN 1 IC 2 (Ponte das Eiras Adémia),Coimbra,3020-324,40.250965,-8.442072,galp a.s. adémia,galp,en 1 ic 2 (ponte das eiras adémia),"2,065 €",2026-05-15_dgeg_postos_raw.csv,8e025891ae76fed1
2026-05-15,2026-05-15 14:31:32,2026-05-15 03:55:00,59d159cb09c99cda,59d159cb09c99cda_gasoline_95,GALP A.S. Adémia,GALP,gasoline_95,Gasolina simples 95,Outro,2.021,Coimbra,Coimbra,EN 1 IC 2 (Ponte das Eiras Adémia),Coimbra,3020-324,40.250965,-8.442072,galp a.s. adémia,galp,en 1 ic 2 (ponte das eiras adémia),"2,021 €",2026-05-15_dgeg_postos_raw.csv,383ac6f248e81d43
2026-05-15,2026-05-15 14:31:32,2026-05-15 03:55:00,4cf981ed35538f8a,4cf981ed35538f8a_diesel_regular,GALP Lumiar - Rua Francisco Stromp - 11294,GALP,diesel_regular,Gasóleo simples,Outro,2.079,Lisboa,Lisboa,Rua Francisco Stromp - Lote 1- Lumiar,Lisboa,1600-410,38.764263,-9.158557,galp lumiar - rua francisco stromp - 11294,galp,rua francisco stromp - lote 1- lumiar,"2,079 €",2026-05-15_dgeg_postos_raw.csv,204180c19be426f5
2026-05-15,2026-05-15 14:31:32,2026-05-15 03:55:00,4cf981ed35538f8a,4cf981ed35538f8a_diesel_premium,GALP Lumiar - Rua Francisco Stromp - 11294,GALP,diesel_premium,Gasóleo especial,Outro,2.139,Lisboa,Lisboa,Rua Francisco Stromp - Lote 1- Lumiar,Lisboa,1600-410,38.764263,-9.158557,galp lumiar - rua francisco stromp - 11294,galp,rua francisco stromp - lote 1- lumiar,"2,139 €",2026-05-15_dgeg_postos_raw.csv,55c4fdaeef163a3c
2026-05-15,2026-05-15 14:31:32,2026-05-15 03:55:00,4cf981ed35538f8a,4cf981ed35538f8a_gasoline_95,GALP Lumiar - Rua Francisco Stromp - 11294,GALP,gasoline_95,Gasolina simples 95,Outro,2.076,Lisboa,Lisboa,Rua Francisco Stromp - Lote 1- Lumiar,Lisboa,1600-410,38.764263,-9.158557,galp lumiar - rua francisco stromp - 11294,galp,rua francisco stromp - lote 1- lumiar,"2,076 €",2026-05-15_dgeg_postos_raw.csv,4960582007fb50bd
2026-05-15,2026-05-15 14:31:32,2026-05-15 03:55:00,4cf981ed35538f8a,4cf981ed35538f8a_gasoline_98,GALP Lumiar - Rua Francisco Stromp - 11294,GALP,gasoline_98,Gasolina especial 98,Outro,2.276,Lisboa,Lisboa,Rua Francisco Stromp - Lote 1- Lumiar,Lisboa,1600-410,38.764263,-9.158557,galp lumiar - rua francisco stromp - 11294,galp,rua francisco stromp - lote 1- lumiar,"2,276 €",2026-05-15_dgeg_postos_raw.csv,896d90e4fef63a15
2026-05-15,2026-05-15 14:31:32,2026-05-15 03:55:00,0309db0eea7d2ffc,0309db0eea7d2ffc_diesel_regular,GALP A.S. Leiria,GALP,diesel_regular,Gasóleo simples,Outro,2.079,Leiria,Leiria,Av. Nossa Senhora de Fátima,Guimarota,2410-140,39.735751,-8.798944,galp a.s. leiria,galp,av. nossa senhora de fátima,"2,079 €",2026-05-15_dgeg_postos_raw.csv,27c84ed33fa1e2e7
2026-05-15,2026-05-15 14:31:32,2026-05-15 03:55:00,0309db0eea7d2ffc,0309db0eea7d2ffc_diesel_premium,GALP A.S. Leiria,GALP,diesel_premium,Gasóleo especial,Outro,2.129,Leiria,Leiria,Av. Nossa Senhora de Fátima,Guimarota,2410-140,39.735751,-8.798944,galp a.s. leiria,galp,av. nossa senhora de fátima,"2,129 €",2026-05-15_dgeg_postos_raw.csv,5cb79251fbdddb7d
2026-05-15,2026-05-15 14:31:32,2026-05-15 03:55:00,0309db0eea7d2ffc,0309db0eea7d2ffc_gasoline_95,GALP A.S. Leiria,GALP,gasoline_95,Gasolina simples 95,Outro,2.082,Leiria,Leiria,Av. Nossa Senhora de Fátima,Guimarota,2410-140,39.735751,-8.798944,galp a.s. leiria,galp,av. nossa senhora de fátima,"2,082 €",2026-05-15_dgeg_postos_raw.csv,821f59adf8bc7e24
2026-05-15,2026-05-15 14:31:32,2026-05-15 03:55:00,ad929e14df3a00ba,ad929e14df3a00ba_diesel_regular,GALP Cascais - A.S. Adelino Amaro da Costa (Est. Malveira),GALP,diesel_regular,Gasóleo simples,Outro,2.079,Cascais,Lisboa,Estrada da Malveira - Casal Queimado,Casal Queimado,2750-278,38.719755,-9.441315,galp cascais - a.s. adelino amaro da costa (est. malveira),galp,estrada da malveira - casal queimado,"2,079 €",2026-05-15_dgeg_postos_raw.csv,58c9bb3bade56fee
2026-05-15,2026-05-15 14:31:32,2026-05-15 03:55:00,ad929e14df3a00ba,ad929e14df3a00ba_diesel_premium,GALP Cascais - A.S. Adelino Amaro da Costa (Est. Malveira),GALP,diesel_premium,Gasóleo especial,Outro,2.129,Cascais,Lisboa,Estrada da Malveira - Casal Queimado,Casal Queimado,2750-278,38.719755,-9.441315,galp cascais - a.s. adelino amaro da costa (est. malveira),galp,estrada da malveira - casal queimado,"2,129 €",2026-05-15_dgeg_postos_raw.csv,3f042ca406d39565
2026-05-15,2026-05-15 14:31:32,2026-05-15 03:55:00,ad929e14df3a00ba,ad929e14df3a00ba_gasoline_95,GALP Cascais - A.S. Adelino Amaro da Costa (Est. Malveira),GALP,gasoline_95,Gasolina simples 95,Outro,2.072,Cascais,Lisboa,Estrada da Malveira - Casal Queimado,Casal Queimado,2750-278,38.719755,-9.441315,galp cascais - a.s. adelino amaro da costa (est. malveira),galp,estrada da malveira - casal queimado,"2,072 €",2026-05-15_dgeg_postos_raw.csv,59e380cc7395f4ba
2026-05-15,2026-05-15 14:31:32,2026-05-15 03:55:00,daaeaa9627c0ed1c,daaeaa9627c0ed1c_diesel_regular,GALP Matosinhos - Real,GALP,diesel_regular,Gasóleo simples,Outro,2.065,Matosinhos,Porto,Estrada Exterior Circunvalação E.N. 12 Km 0.7,Matosinhos,4450-097,41.17187,-8.678442,galp matosinhos - real,galp,estrada exterior circunvalação e.n. 12 km 0.7,"2,065 €",2026-05-15_dgeg_postos_raw.csv,b79ddc728cd7a8e4
2026-05-15,2026-05-15 14:31:32,2026-05-15 03:55:00,daaeaa9627c0ed1c,daaeaa9627c0ed1c_diesel_premium,GALP Matosinhos - Real,GALP,diesel_premium,Gasóleo especial,Outro,2.12,Matosinhos,Porto,Estrada Exterior Circunvalação E.N. 12 Km 0.7,Matosinhos,4450-097,41.17187,-8.678442,galp matosinhos - real,galp,estrada exterior circunvalação e.n. 12 km 0.7,"2,120 €",2026-05-15_dgeg_postos_raw.csv,e1f574ce8775b222
2026-05-15,2026-05-15 14:31:32,2026-05-15 03:55:00,daaeaa9627c0ed1c,daaeaa9627c0ed1c_gasoline_95,GALP Matosinhos - Real,GALP,gasoline_95,Gasolina simples 95,Outro,2.076,Matosinhos,Porto,Estrada Exterior Circunvalação E.N. 12 Km 0.7,Matosinhos,4450-097,41.17187,-8.678442,galp matosinhos - real,galp,estrada exterior circunvalação e.n. 12 km 0.7,"2,076 €",2026-05-15_dgeg_postos_raw.csv,b732cd0521a4904a
2026-05-15,2026-05-15 14:31:32,2026-05-15 03:55:00,e354f599acf51665,e354f599acf51665_diesel_regular,GALP Queijas,GALP,diesel_regular,Gasóleo simples,Outro,2.079,Oeiras,Lisboa,Estrada das Varzeas,Queijas,2795-894,38.715887,-9.263533,galp queijas,galp,estrada das varzeas,"2,079 €",2026-05-15_dgeg_postos_raw.csv,aafea98083d72ea4
2026-05-15,2026-05-15 14:31:32,2026-05-15 03:55:00,e354f599acf51665,e354f599acf51665_diesel_premium,GALP Queijas,GALP,diesel_premium,Gasóleo especial,Outro,2.139,Oeiras,Lisboa,Estrada das Varzeas,Queijas,2795-894,38.715887,-9.263533,galp queijas,galp,estrada das varzeas,"2,139 €",2026-05-15_dgeg_postos_raw.csv,aa7e8b187531a0f1
2026-05-15,2026-05-15 14:31:32,2026-05-15 03:55:00,e354f599acf51665,e354f599acf51665_gasoline_95,GALP Queijas,GALP,gasoline_95,Gasolina simples 95,Outro,2.076,Oeiras,Lisboa,Estrada das Varzeas,Queijas,2795-894,38.715887,-9.263533,galp queijas,galp,estrada das varzeas,"2,076 €",2026-05-15_dgeg_postos_raw.csv,43ccacf0c5a469cf
2026-05-15,2026-05-15 14:31:32,2026-05-15 03:55:00,e31e18ab7a7882f2,e31e18ab7a7882f2_diesel_regular,GALP A8 A.S. Torres Vedras (N/S),GALP,diesel_regular,Gasóleo simples,Auto-estrada,2.105,Torres Vedras,Lisboa,A 8 Km 12.07,Ramalhal,2565-646,39.15817,-9.226294,galp a8 a.s. torres vedras (n/s),galp,a 8 km 12.07,"2,105 €",2026-05-15_dgeg_postos_raw.csv,08d8c81f09400e78
2026-05-15,2026-05-15 14:31:32,2026-05-15 03:55:00,e31e18ab7a7882f2,e31e18ab7a7882f2_diesel_premium,GALP A8 A.S. Torres Vedras (N/S),GALP,diesel_premium,Gasóleo especial,Auto-estrada,2.165,Torres Vedras,Lisboa,A 8 Km 12.07,Ramalhal,2565-646,39.15817,-9.226294,galp a8 a.s. torres vedras (n/s),galp,a 8 km 12.07,"2,165 €",2026-05-15_dgeg_postos_raw.csv,cee4e06b326ceb57
2026-05-15,2026-05-15 14:31:32,2026-05-15 03:55:00,e31e18ab7a7882f2,e31e18ab7a7882f2_gasoline_95,GALP A8 A.S. Torres Vedras (N/S),GALP,gasoline_95,Gasolina simples 95,Auto-estrada,2.091,Torres Vedras,Lisboa,A 8 Km 12.07,Ramalhal,2565-646,39.15817,-9.226294,galp a8 a.s. torres vedras (n/s),galp,a 8 km 12.07,"2,091 €",2026-05-15_dgeg_postos_raw.csv,f31dc81474f18e6d
2026-05-15,2026-05-15 14:31:32,2026-05-15 03:55:00,e31e18ab7a7882f2,e31e18ab7a7882f2_gasoline_98,GALP A8 A.S. Torres Vedras (N/S),GALP,gasoline_98,Gasolina especial 98,Auto-estrada,2.301,Torres Vedras,Lisboa,A 8 Km 12.07,Ramalhal,2565-646,39.15817,-9.226294,galp a8 a.s. torres vedras (n/s),galp,a 8 km 12.07,"2,301 €",2026-05-15_dgeg_postos_raw.csv,d40fefb71d94ad69
2026-05-15,2026-05-15 14:31:32,2026-05-15 03:55:00,3e4db5881874859c,3e4db5881874859c_diesel_regular,GALP A8 A.S. Torres Vedras (S/N),GALP,diesel_regular,Gasóleo simples,Auto-estrada,2.105,Torres Vedras,Lisboa,"A8 - km 12,070 - Sub lanço Carvalhal / Campelos",Ramalhal,2565-646,39.15679,-9.22618,galp a8 a.s. torres vedras (s/n),galp,"a8 - km 12,070 - sub lanço carvalhal / campelos","2,105 €",2026-05-15_dgeg_postos_raw.csv,5cd674d9a238ac7b
2026-05-15,2026-05-15 14:31:32,2026-05-15 03:55:00,3e4db5881874859c,3e4db5881874859c_diesel_premium,GALP A8 A.S. Torres Vedras (S/N),GALP,diesel_premium,Gasóleo especial,Auto-estrada,2.165,Torres Vedras,Lisboa,"A8 - km 12,070 - Sub lanço Carvalhal / Campelos",Ramalhal,2565-646,39.15679,-9.22618,galp a8 a.s. torres vedras (s/n),galp,"a8 - km 12,070 - sub lanço carvalhal / campelos","2,165 €",2026-05-15_dgeg_postos_raw.csv,762b6551388cd006
2026-05-15,2026-05-15 14:31:32,2026-05-15 03:55:00,3e4db5881874859c,3e4db5881874859c_gasoline_95,GALP A8 A.S. Torres Vedras (S/N),GALP,gasoline_95,Gasolina simples 95,Auto-estrada,2.091,Torres Vedras,Lisboa,"A8 - km 12,070 - Sub lanço Carvalhal / Campelos",Ramalhal,2565-646,39.15679,-9.22618,galp a8 a.s. torres vedras (s/n),galp,"a8 - km 12,070 - sub lanço carvalhal / campelos","2,091 €",2026-05-15_dgeg_postos_raw.csv,d03c3de00b507372
2026-05-15,2026-05-15 14:31:32,2026-05-15 03:55:00,3e4db5881874859c,3e4db5881874859c_gasoline_98,GALP A8 A.S. Torres Vedras (S/N),GALP,gasoline_98,Gasolina especial 98,Auto-estrada,2.301,Torres Vedras,Lisboa,"A8 - km 12,070 - Sub lanço Carvalhal / Campelos",Ramalhal,2565-646,39.15679,-9.22618,galp a8 a.s. torres vedras (s/n),galp,"a8 - km 12,070 - sub lanço carvalhal / campelos","2,301 €",2026-05-15_dgeg_postos_raw.csv,5c00bb9686b09ae6
2026-05-15,2026-05-15 14:31:32,2026-05-15 04:00:00,85b2bc3c723220cf,85b2bc3c723220cf_diesel_regular,GALP Boavista,GALP,diesel_regular,Gasóleo simples,Outro,2.075,Porto,Porto,Avª da Boavista 4663 - 4685,Porto,4100-141,41.165855,-8.678236,galp boavista,galp,avª da boavista 4663 - 4685,"2,075 €",2026-05-15_dgeg_postos_raw.csv,fd988eff97495a82
2026-05-15,2026-05-15 14:31:32,2026-05-15 04:00:00,85b2bc3c723220cf,85b2bc3c723220cf_diesel_premium,GALP Boavista,GALP,diesel_premium,Gasóleo especial,Outro,2.135,Porto,Porto,Avª da Boavista 4663 - 4685,Porto,4100-141,41.165855,-8.678236,galp boavista,galp,avª da boavista 4663 - 4685,"2,135 €",2026-05-15_dgeg_postos_raw.csv,adc038440e3c978d
2026-05-15,2026-05-15 14:31:32,2026-05-15 04:00:00,85b2bc3c723220cf,85b2bc3c723220cf_gasoline_95,GALP Boavista,GALP,gasoline_95,Gasolina simples 95,Outro,2.081,Porto,Porto,Avª da Boavista 4663 - 4685,Porto,4100-141,41.165855,-8.678236,galp boavista,galp,avª da boavista 4663 - 4685,"2,081 €",2026-05-15_dgeg_postos_raw.csv,f452700f1ee6cbfe
2026-05-15,2026-05-15 14:31:32,2026-05-15 04:00:00,f18074e98a8904cc,f18074e98a8904cc_diesel_regular,GALP Oeiras Parque I,GALP,diesel_regular,Gasóleo simples,Outro,2.079,Oeiras,Lisboa,Av. Eng. Álvaro Roquette (Rotunda do cemitério),Oeiras,2780-002,38.700012,-9.306199,galp oeiras parque i,galp,av. eng. álvaro roquette (rotunda do cemitério),"2,079 €",2026-05-15_dgeg_postos_raw.csv,381a7aeca35cbd33
2026-05-15,2026-05-15 14:31:32,2026-05-15 04:00:00,f18074e98a8904cc,f18074e98a8904cc_diesel_premium,GALP Oeiras Parque I,GALP,diesel_premium,Gasóleo especial,Outro,2.134,Oeiras,Lisboa,Av. Eng. Álvaro Roquette (Rotunda do cemitério),Oeiras,2780-002,38.700012,-9.306199,galp oeiras parque i,galp,av. eng. álvaro roquette (rotunda do cemitério),"2,134 €",2026-05-15_dgeg_postos_raw.csv,f6ed6678fc64ecff
2026-05-15,2026-05-15 14:31:32,2026-05-15 04:00:00,f18074e98a8904cc,f18074e98a8904cc_gasoline_95,GALP Oeiras Parque I,GALP,gasoline_95,Gasolina simples 95,Outro,2.069,Oeiras,Lisboa,Av. Eng. Álvaro Roquette (Rotunda do cemitério),Oeiras,2780-002,38.700012,-9.306199,galp oeiras parque i,galp,av. eng. álvaro roquette (rotunda do cemitério),"2,069 €",2026-05-15_dgeg_postos_raw.csv,d7b97311feeb7da4
2026-05-15,2026-05-15 14:31:32,2026-05-15 04:00:00,616336c9f3b43b44,616336c9f3b43b44_diesel_regular,GALP A.S. A2 Aljustrel (S/N),GALP,diesel_regular,Gasóleo simples,Auto-estrada,2.078,Aljustrel,Beja,A2 - Km 148 (S/N),Aljustrel,7600-000,37.92348,-8.241723,galp a.s. a2 aljustrel (s/n),galp,a2 - km 148 (s/n),"2,078 €",2026-05-15_dgeg_postos_raw.csv,a086f34164053b67
2026-05-15,2026-05-15 14:31:32,2026-05-15 04:00:00,616336c9f3b43b44,616336c9f3b43b44_diesel_premium,GALP A.S. A2 Aljustrel (S/N),GALP,diesel_premium,Gasóleo especial,Auto-estrada,2.138,Aljustrel,Beja,A2 - Km 148 (S/N),Aljustrel,7600-000,37.92348,-8.241723,galp a.s. a2 aljustrel (s/n),galp,a2 - km 148 (s/n),"2,138 €",2026-05-15_dgeg_postos_raw.csv,53028ac055e008dc
2026-05-15,2026-05-15 14:31:32,2026-05-15 04:00:00,616336c9f3b43b44,616336c9f3b43b44_gasoline_95,GALP A.S. A2 Aljustrel (S/N),GALP,gasoline_95,Gasolina simples 95,Auto-estrada,2.069,Aljustrel,Beja,A2 - Km 148 (S/N),Aljustrel,7600-000,37.92348,-8.241723,galp a.s. a2 aljustrel (s/n),galp,a2 - km 148 (s/n),"2,069 €",2026-05-15_dgeg_postos_raw.csv,63680289d727f7c3
2026-05-15,2026-05-15 14:31:32,2026-05-15 04:00:00,072c913111fdf693,072c913111fdf693_diesel_regular,GALP A.S. A2 Aljustrel (N/S),GALP,diesel_regular,Gasóleo simples,Auto-estrada,2.078,Aljustrel,Beja,A.E.2 Km 148,Aljustrel,7600-000,37.923733,-8.243193,galp a.s. a2 aljustrel (n/s),galp,a.e.2 km 148,"2,078 €",2026-05-15_dgeg_postos_raw.csv,e341bf26fac14436
2026-05-15,2026-05-15 14:31:32,2026-05-15 04:00:00,072c913111fdf693,072c913111fdf693_diesel_premium,GALP A.S. A2 Aljustrel (N/S),GALP,diesel_premium,Gasóleo especial,Auto-estrada,2.138,Aljustrel,Beja,A.E.2 Km 148,Aljustrel,7600-000,37.923733,-8.243193,galp a.s. a2 aljustrel (n/s),galp,a.e.2 km 148,"2,138 €",2026-05-15_dgeg_postos_raw.csv,a844c33454c2ac02
2026-05-15,2026-05-15 14:31:32,2026-05-15 04:00:00,072c913111fdf693,072c913111fdf693_gasoline_95,GALP A.S. A2 Aljustrel (N/S),GALP,gasoline_95,Gasolina simples 95,Auto-estrada,2.069,Aljustrel,Beja,A.E.2 Km 148,Aljustrel,7600-000,37.923733,-8.243193,galp a.s. a2 aljustrel (n/s),galp,a.e.2 km 148,"2,069 €",2026-05-15_dgeg_postos_raw.csv,772f9e629c89a24d
2026-05-15,2026-05-15 14:31:32,2026-05-15 04:00:00,e58e629eed53c250,e58e629eed53c250_diesel_regular,GALP Lagos (Faro/Sagres),GALP,diesel_regular,Gasóleo simples,Auto-estrada,2.078,Lagos,Faro,"A22 - Km 4,350 - Via do Infante",Sargaçal,8600-000,37.148962,-8.7038,galp lagos (faro/sagres),galp,"a22 - km 4,350 - via do infante","2,078 €",2026-05-15_dgeg_postos_raw.csv,e2dc6f86ea1cda2a
2026-05-15,2026-05-15 14:31:32,2026-05-15 04:00:00,e58e629eed53c250,e58e629eed53c250_diesel_premium,GALP Lagos (Faro/Sagres),GALP,diesel_premium,Gasóleo especial,Auto-estrada,2.138,Lagos,Faro,"A22 - Km 4,350 - Via do Infante",Sargaçal,8600-000,37.148962,-8.7038,galp lagos (faro/sagres),galp,"a22 - km 4,350 - via do infante","2,138 €",2026-05-15_dgeg_postos_raw.csv,d1560e4f0584bc62
2026-05-15,2026-05-15 14:31:32,2026-05-15 04:00:00,e58e629eed53c250,e58e629eed53c250_gasoline_95,GALP Lagos (Faro/Sagres),GALP,gasoline_95,Gasolina simples 95,Auto-estrada,2.079,Lagos,Faro,"A22 - Km 4,350 - Via do Infante",Sargaçal,8600-000,37.148962,-8.7038,galp lagos (faro/sagres),galp,"a22 - km 4,350 - via do infante","2,079 €",2026-05-15_dgeg_postos_raw.csv,44a395edacb09b1c
2026-05-15,2026-05-15 14:31:32,2026-05-15 04:00:00,750e82a783b749cd,750e82a783b749cd_diesel_regular,GALP Av. Berlim,GALP,diesel_regular,Gasóleo simples,Outro,2.079,Lisboa,Lisboa,Avª de Berlim,Lisboa,1800-000,38.766975,-9.100733,galp av. berlim,galp,avª de berlim,"2,079 €",2026-05-15_dgeg_postos_raw.csv,579e4c7581b91a20
2026-05-15,2026-05-15 14:31:32,2026-05-15 04:00:00,750e82a783b749cd,750e82a783b749cd_diesel_premium,GALP Av. Berlim,GALP,diesel_premium,Gasóleo especial,Outro,2.129,Lisboa,Lisboa,Avª de Berlim,Lisboa,1800-000,38.766975,-9.100733,galp av. berlim,galp,avª de berlim,"2,129 €",2026-05-15_dgeg_postos_raw.csv,f32e603afd72f130
2026-05-15,2026-05-15 14:31:32,2026-05-15 04:00:00,750e82a783b749cd,750e82a783b749cd_gasoline_95,GALP Av. Berlim,GALP,gasoline_95,Gasolina simples 95,Outro,2.076,Lisboa,Lisboa,Avª de Berlim,Lisboa,1800-000,38.766975,-9.100733,galp av. berlim,galp,avª de berlim,"2,076 €",2026-05-15_dgeg_postos_raw.csv,0c9f5999bff02b5f
2026-05-15,2026-05-15 14:31:32,2026-05-15 04:00:00,e5c2da49e2c26a33,e5c2da49e2c26a33_diesel_regular,GALP A.S. Telheiras - Eixo Norte-Sul (S/N),GALP,diesel_regular,Gasóleo simples,Outro,2.079,Lisboa,Lisboa,Rua Frederico George - Eixo N/S - Sentido S/N,Lisboa,1600-468,38.767593,-9.171036,galp a.s. telheiras - eixo norte-sul (s/n),galp,rua frederico george - eixo n/s - sentido s/n,"2,079 €",2026-05-15_dgeg_postos_raw.csv,b02b37708ada68cd
2026-05-15,2026-05-15 14:31:32,2026-05-15 04:00:00,e5c2da49e2c26a33,e5c2da49e2c26a33_diesel_premium,GALP A.S. Telheiras - Eixo Norte-Sul (S/N),GALP,diesel_premium,Gasóleo especial,Outro,2.129,Lisboa,Lisboa,Rua Frederico George - Eixo N/S - Sentido S/N,Lisboa,1600-468,38.767593,-9.171036,galp a.s. telheiras - eixo norte-sul (s/n),galp,rua frederico george - eixo n/s - sentido s/n,"2,129 €",2026-05-15_dgeg_postos_raw.csv,4c2bc741e8aeda4d
2026-05-15,2026-05-15 14:31:32,2026-05-15 04:00:00,e5c2da49e2c26a33,e5c2da49e2c26a33_gasoline_95,GALP A.S. Telheiras - Eixo Norte-Sul (S/N),GALP,gasoline_95,Gasolina simples 95,Outro,2.076,Lisboa,Lisboa,Rua Frederico George - Eixo N/S - Sentido S/N,Lisboa,1600-468,38.767593,-9.171036,galp a.s. telheiras - eixo norte-sul (s/n),galp,rua frederico george - eixo n/s - sentido s/n,"2,076 €",2026-05-15_dgeg_postos_raw.csv,21f07512f1e9e901
2026-05-15,2026-05-15 14:31:32,2026-05-15 04:00:00,e5c2da49e2c26a33,e5c2da49e2c26a33_gasoline_98,GALP A.S. Telheiras - Eixo Norte-Sul (S/N),GALP,gasoline_98,Gasolina especial 98,Outro,2.286,Lisboa,Lisboa,Rua Frederico George - Eixo N/S - Sentido S/N,Lisboa,1600-468,38.767593,-9.171036,galp a.s. telheiras - eixo norte-sul (s/n),galp,rua frederico george - eixo n/s - sentido s/n,"2,286 €",2026-05-15_dgeg_postos_raw.csv,fdb0545b2fd0e946
2026-05-15,2026-05-15 14:31:32,2026-05-15 04:05:00,5088a5ad6ffadb15,5088a5ad6ffadb15_diesel_regular,GALP Ajuda,GALP,diesel_regular,Gasóleo simples,Outro,2.074,Lisboa,Lisboa,Avª Helen Keller,Lisboa,1400-081,38.710487,-9.204227,galp ajuda,galp,avª helen keller,"2,074 €",2026-05-15_dgeg_postos_raw.csv,c84121d9ce74d01a
2026-05-15,2026-05-15 14:31:32,2026-05-15 04:05:00,5088a5ad6ffadb15,5088a5ad6ffadb15_diesel_premium,GALP Ajuda,GALP,diesel_premium,Gasóleo especial,Outro,2.134,Lisboa,Lisboa,Avª Helen Keller,Lisboa,1400-081,38.710487,-9.204227,galp ajuda,galp,avª helen keller,"2,134 €",2026-05-15_dgeg_postos_raw.csv,e1127c49fe2c62be
2026-05-15,2026-05-15 14:31:32,2026-05-15 04:05:00,5088a5ad6ffadb15,5088a5ad6ffadb15_gasoline_95,GALP Ajuda,GALP,gasoline_95,Gasolina simples 95,Outro,2.067,Lisboa,Lisboa,Avª Helen Keller,Lisboa,1400-081,38.710487,-9.204227,galp ajuda,galp,avª helen keller,"2,067 €",2026-05-15_dgeg_postos_raw.csv,8fbe83efd5ee6186
2026-05-15,2026-05-15 14:31:32,2026-05-15 04:05:00,5088a5ad6ffadb15,5088a5ad6ffadb15_gasoline_98,GALP Ajuda,GALP,gasoline_98,Gasolina especial 98,Outro,2.277,Lisboa,Lisboa,Avª Helen Keller,Lisboa,1400-081,38.710487,-9.204227,galp ajuda,galp,avª helen keller,"2,277 €",2026-05-15_dgeg_postos_raw.csv,1f8cee882a91e078
2026-05-15,2026-05-15 14:31:32,2026-05-15 04:05:00,ba42d3e2945c4813,ba42d3e2945c4813_diesel_regular,GALP A.S. Lagos (Lagos/Faro),GALP,diesel_regular,Gasóleo simples,Auto-estrada,2.078,Lagos,Faro,"A22 - Km 4,350 - Via do Infante",Sargaçal,8600-000,37.148207,-8.702837,galp a.s. lagos (lagos/faro),galp,"a22 - km 4,350 - via do infante","2,078 €",2026-05-15_dgeg_postos_raw.csv,4389cdcf73e69d46
2026-05-15,2026-05-15 14:31:32,2026-05-15 04:05:00,ba42d3e2945c4813,ba42d3e2945c4813_diesel_premium,GALP A.S. Lagos (Lagos/Faro),GALP,diesel_premium,Gasóleo especial,Auto-estrada,2.138,Lagos,Faro,"A22 - Km 4,350 - Via do Infante",Sargaçal,8600-000,37.148207,-8.702837,galp a.s. lagos (lagos/faro),galp,"a22 - km 4,350 - via do infante","2,138 €",2026-05-15_dgeg_postos_raw.csv,4eb60345411df804
2026-05-15,2026-05-15 14:31:32,2026-05-15 04:05:00,ba42d3e2945c4813,ba42d3e2945c4813_gasoline_95,GALP A.S. Lagos (Lagos/Faro),GALP,gasoline_95,Gasolina simples 95,Auto-estrada,2.079,Lagos,Faro,"A22 - Km 4,350 - Via do Infante",Sargaçal,8600-000,37.148207,-8.702837,galp a.s. lagos (lagos/faro),galp,"a22 - km 4,350 - via do infante","2,079 €",2026-05-15_dgeg_postos_raw.csv,48ef4e592fd18460
2026-05-15,2026-05-15 14:31:32,2026-05-15 04:05:00,a2e500511c939399,a2e500511c939399_diesel_regular,GALP  Odivelas Parque,GALP,diesel_regular,Gasóleo simples,Outro,2.055,Odivelas,Lisboa,"Avenida Miguel Torga, Lote 2, Casal da Troca",Odivelas,2675-626,38.78379,-9.192035,galp odivelas parque,galp,"avenida miguel torga, lote 2, casal da troca","2,055 €",2026-05-15_dgeg_postos_raw.csv,8f9b8aa1b67db359
2026-05-15,2026-05-15 14:31:32,2026-05-15 04:05:00,a2e500511c939399,a2e500511c939399_diesel_premium,GALP  Odivelas Parque,GALP,diesel_premium,Gasóleo especial,Outro,2.105,Odivelas,Lisboa,"Avenida Miguel Torga, Lote 2, Casal da Troca",Odivelas,2675-626,38.78379,-9.192035,galp odivelas parque,galp,"avenida miguel torga, lote 2, casal da troca","2,105 €",2026-05-15_dgeg_postos_raw.csv,55f67e25c4e27cf6
2026-05-15,2026-05-15 14:31:32,2026-05-15 04:05:00,a2e500511c939399,a2e500511c939399_gasoline_95,GALP  Odivelas Parque,GALP,gasoline_95,Gasolina simples 95,Outro,2.051,Odivelas,Lisboa,"Avenida Miguel Torga, Lote 2, Casal da Troca",Odivelas,2675-626,38.78379,-9.192035,galp odivelas parque,galp,"avenida miguel torga, lote 2, casal da troca","2,051 €",2026-05-15_dgeg_postos_raw.csv,2749908da8856bcb
2026-05-15,2026-05-15 14:31:32,2026-05-15 04:05:00,a2e500511c939399,a2e500511c939399_gasoline_98,GALP  Odivelas Parque,GALP,gasoline_98,Gasolina especial 98,Outro,2.261,Odivelas,Lisboa,"Avenida Miguel Torga, Lote 2, Casal da Troca",Odivelas,2675-626,38.78379,-9.192035,galp odivelas parque,galp,"avenida miguel torga, lote 2, casal da troca","2,261 €",2026-05-15_dgeg_postos_raw.csv,b051de5fe9a9ec90
2026-05-15,2026-05-15 14:31:32,2026-05-15 04:05:00,d3f37260598ac259,d3f37260598ac259_diesel_regular,GALP Póvoa de Varzim,GALP,diesel_regular,Gasóleo simples,Outro,2.039,Póvoa de Varzim,Porto,Avenida do Mar,Póvoa de Varzim,4490-406,41.388985,-8.763483,galp póvoa de varzim,galp,avenida do mar,"2,039 €",2026-05-15_dgeg_postos_raw.csv,fb6abd3bee8fd365
2026-05-15,2026-05-15 14:31:32,2026-05-15 04:05:00,d3f37260598ac259,d3f37260598ac259_diesel_premium,GALP Póvoa de Varzim,GALP,diesel_premium,Gasóleo especial,Outro,2.089,Póvoa de Varzim,Porto,Avenida do Mar,Póvoa de Varzim,4490-406,41.388985,-8.763483,galp póvoa de varzim,galp,avenida do mar,"2,089 €",2026-05-15_dgeg_postos_raw.csv,4ec686f1650c1cc2
2026-05-15,2026-05-15 14:31:32,2026-05-15 04:05:00,d3f37260598ac259,d3f37260598ac259_gasoline_95,GALP Póvoa de Varzim,GALP,gasoline_95,Gasolina simples 95,Outro,2.037,Póvoa de Varzim,Porto,Avenida do Mar,Póvoa de Varzim,4490-406,41.388985,-8.763483,galp póvoa de varzim,galp,avenida do mar,"2,037 €",2026-05-15_dgeg_postos_raw.csv,0c08394110166f50
2026-05-15,2026-05-15 14:31:32,2026-05-15 04:05:00,cc8022ba9ca56003,cc8022ba9ca56003_diesel_regular,GALP Viseu (Largo da Feira),GALP,diesel_regular,Gasóleo simples,Outro,2.019,Viseu,Viseu,Rua de Arrabalde (Estrada da Circunvalação - EN2),Viseu,3500-084,40.66333,-7.905845,galp viseu (largo da feira),galp,rua de arrabalde (estrada da circunvalação - en2),"2,019 €",2026-05-15_dgeg_postos_raw.csv,fd6047217e409ac4
2026-05-15,2026-05-15 14:31:32,2026-05-15 04:05:00,cc8022ba9ca56003,cc8022ba9ca56003_diesel_premium,GALP Viseu (Largo da Feira),GALP,diesel_premium,Gasóleo especial,Outro,2.074,Viseu,Viseu,Rua de Arrabalde (Estrada da Circunvalação - EN2),Viseu,3500-084,40.66333,-7.905845,galp viseu (largo da feira),galp,rua de arrabalde (estrada da circunvalação - en2),"2,074 €",2026-05-15_dgeg_postos_raw.csv,753936e574ee6619
2026-05-15,2026-05-15 14:31:32,2026-05-15 04:05:00,cc8022ba9ca56003,cc8022ba9ca56003_gasoline_95,GALP Viseu (Largo da Feira),GALP,gasoline_95,Gasolina simples 95,Outro,2.017,Viseu,Viseu,Rua de Arrabalde (Estrada da Circunvalação - EN2),Viseu,3500-084,40.66333,-7.905845,galp viseu (largo da feira),galp,rua de arrabalde (estrada da circunvalação - en2),"2,017 €",2026-05-15_dgeg_postos_raw.csv,e88fdc23425de822
2026-05-15,2026-05-15 14:31:32,2026-05-15 04:05:00,cc8022ba9ca56003,cc8022ba9ca56003_gasoline_98,GALP Viseu (Largo da Feira),GALP,gasoline_98,Gasolina especial 98,Outro,2.227,Viseu,Viseu,Rua de Arrabalde (Estrada da Circunvalação - EN2),Viseu,3500-084,40.66333,-7.905845,galp viseu (largo da feira),galp,rua de arrabalde (estrada da circunvalação - en2),"2,227 €",2026-05-15_dgeg_postos_raw.csv,96b42b5c730d4e19
2026-05-15,2026-05-15 14:31:32,2026-05-15 04:05:00,3a6c831efb599c30,3a6c831efb599c30_diesel_regular,GALP A.S. Vila do Conde (Vila Conde/Porto),GALP,diesel_regular,Gasóleo simples,Auto-estrada,2.073,Vila do Conde,Porto,A28 - km 12 - Modivas,Labruge,4485-600,41.289143,-8.704652,galp a.s. vila do conde (vila conde/porto),galp,a28 - km 12 - modivas,"2,073 €",2026-05-15_dgeg_postos_raw.csv,7c8018ef839f1f87
2026-05-15,2026-05-15 14:31:32,2026-05-15 04:05:00,3a6c831efb599c30,3a6c831efb599c30_diesel_premium,GALP A.S. Vila do Conde (Vila Conde/Porto),GALP,diesel_premium,Gasóleo especial,Auto-estrada,2.133,Vila do Conde,Porto,A28 - km 12 - Modivas,Labruge,4485-600,41.289143,-8.704652,galp a.s. vila do conde (vila conde/porto),galp,a28 - km 12 - modivas,"2,133 €",2026-05-15_dgeg_postos_raw.csv,051435e46bfff4a8
2026-05-15,2026-05-15 14:31:32,2026-05-15 04:05:00,3a6c831efb599c30,3a6c831efb599c30_gasoline_95,GALP A.S. Vila do Conde (Vila Conde/Porto),GALP,gasoline_95,Gasolina simples 95,Auto-estrada,2.069,Vila do Conde,Porto,A28 - km 12 - Modivas,Labruge,4485-600,41.289143,-8.704652,galp a.s. vila do conde (vila conde/porto),galp,a28 - km 12 - modivas,"2,069 €",2026-05-15_dgeg_postos_raw.csv,115a7444f1c621cc
2026-05-15,2026-05-15 14:31:32,2026-05-15 04:05:00,3a6c831efb599c30,3a6c831efb599c30_gasoline_98,GALP A.S. Vila do Conde (Vila Conde/Porto),GALP,gasoline_98,Gasolina especial 98,Auto-estrada,2.279,Vila do Conde,Porto,A28 - km 12 - Modivas,Labruge,4485-600,41.289143,-8.704652,galp a.s. vila do conde (vila conde/porto),galp,a28 - km 12 - modivas,"2,279 €",2026-05-15_dgeg_postos_raw.csv,c8b7a56c61478a7a
2026-05-15,2026-05-15 14:31:32,2026-05-15 04:05:00,447677af9fb051ea,447677af9fb051ea_diesel_regular,GALP A.S. Vila do Conde (Porto/Vila Conde),GALP,diesel_regular,Gasóleo simples,Auto-estrada,2.073,Vila do Conde,Porto,IC 1 - Km 328 - Modivas,Labruge,4485-600,41.28921,-8.703153,galp a.s. vila do conde (porto/vila conde),galp,ic 1 - km 328 - modivas,"2,073 €",2026-05-15_dgeg_postos_raw.csv,a282deb6ef0fa9c7
2026-05-15,2026-05-15 14:31:32,2026-05-15 04:05:00,447677af9fb051ea,447677af9fb051ea_diesel_premium,GALP A.S. Vila do Conde (Porto/Vila Conde),GALP,diesel_premium,Gasóleo especial,Auto-estrada,2.133,Vila do Conde,Porto,IC 1 - Km 328 - Modivas,Labruge,4485-600,41.28921,-8.703153,galp a.s. vila do conde (porto/vila conde),galp,ic 1 - km 328 - modivas,"2,133 €",2026-05-15_dgeg_postos_raw.csv,b02821d617c31606
2026-05-15,2026-05-15 14:31:32,2026-05-15 04:05:00,447677af9fb051ea,447677af9fb051ea_gasoline_95,GALP A.S. Vila do Conde (Porto/Vila Conde),GALP,gasoline_95,Gasolina simples 95,Auto-estrada,2.069,Vila do Conde,Porto,IC 1 - Km 328 - Modivas,Labruge,4485-600,41.28921,-8.703153,galp a.s. vila do conde (porto/vila conde),galp,ic 1 - km 328 - modivas,"2,069 €",2026-05-15_dgeg_postos_raw.csv,cb3a708bf0264071
2026-05-15,2026-05-15 14:31:32,2026-05-15 04:05:00,447677af9fb051ea,447677af9fb051ea_gasoline_98,GALP A.S. Vila do Conde (Porto/Vila Conde),GALP,gasoline_98,Gasolina especial 98,Auto-estrada,2.279,Vila do Conde,Porto,IC 1 - Km 328 - Modivas,Labruge,4485-600,41.28921,-8.703153,galp a.s. vila do conde (porto/vila conde),galp,ic 1 - km 328 - modivas,"2,279 €",2026-05-15_dgeg_postos_raw.csv,41de48c2dece8e52
2026-05-15,2026-05-15 14:31:32,2026-05-15 04:05:00,82a5ccc74e707a3a,82a5ccc74e707a3a_diesel_regular,GALP Porto - Francos,GALP,diesel_regular,Gasóleo simples,Outro,2.069,Porto,Porto,Rotunda do Bessa,Porto,4100-012,41.164307,-8.639143,galp porto - francos,galp,rotunda do bessa,"2,069 €",2026-05-15_dgeg_postos_raw.csv,a9bc13ed06d4409c
2026-05-15,2026-05-15 14:31:32,2026-05-15 04:05:00,82a5ccc74e707a3a,82a5ccc74e707a3a_diesel_premium,GALP Porto - Francos,GALP,diesel_premium,Gasóleo especial,Outro,2.129,Porto,Porto,Rotunda do Bessa,Porto,4100-012,41.164307,-8.639143,galp porto - francos,galp,rotunda do bessa,"2,129 €",2026-05-15_dgeg_postos_raw.csv,ab218379db0f0521
2026-05-15,2026-05-15 14:31:32,2026-05-15 04:05:00,82a5ccc74e707a3a,82a5ccc74e707a3a_gasoline_95,GALP Porto - Francos,GALP,gasoline_95,Gasolina simples 95,Outro,2.066,Porto,Porto,Rotunda do Bessa,Porto,4100-012,41.164307,-8.639143,galp porto - francos,galp,rotunda do bessa,"2,066 €",2026-05-15_dgeg_postos_raw.csv,6bd0ddde1824a50d
2026-05-15,2026-05-15 14:31:32,2026-05-15 04:05:00,82a5ccc74e707a3a,82a5ccc74e707a3a_gasoline_98,GALP Porto - Francos,GALP,gasoline_98,Gasolina especial 98,Outro,2.276,Porto,Porto,Rotunda do Bessa,Porto,4100-012,41.164307,-8.639143,galp porto - francos,galp,rotunda do bessa,"2,276 €",2026-05-15_dgeg_postos_raw.csv,b68be0b67efe9316
2026-05-15,2026-05-15 14:31:32,2026-05-15 04:10:00,ef426fc9c6ab4c1f,ef426fc9c6ab4c1f_diesel_regular,GALP A.S. A23 Vila Velha de Rodão (N/S),GALP,diesel_regular,Gasóleo simples,Auto-estrada,2.083,Vila Velha de Ródão,Castelo Branco,A23 - Km 80 - Fratel,Gardete,6030-013,39.574207,-7.782874,galp a.s. a23 vila velha de rodão (n/s),galp,a23 - km 80 - fratel,"2,083 €",2026-05-15_dgeg_postos_raw.csv,dd08d52e94886379
2026-05-15,2026-05-15 14:31:32,2026-05-15 04:10:00,ef426fc9c6ab4c1f,ef426fc9c6ab4c1f_diesel_premium,GALP A.S. A23 Vila Velha de Rodão (N/S),GALP,diesel_premium,Gasóleo especial,Auto-estrada,2.143,Vila Velha de Ródão,Castelo Branco,A23 - Km 80 - Fratel,Gardete,6030-013,39.574207,-7.782874,galp a.s. a23 vila velha de rodão (n/s),galp,a23 - km 80 - fratel,"2,143 €",2026-05-15_dgeg_postos_raw.csv,0aabf3b907589ac7
2026-05-15,2026-05-15 14:31:32,2026-05-15 04:10:00,ef426fc9c6ab4c1f,ef426fc9c6ab4c1f_gasoline_95,GALP A.S. A23 Vila Velha de Rodão (N/S),GALP,gasoline_95,Gasolina simples 95,Auto-estrada,2.079,Vila Velha de Ródão,Castelo Branco,A23 - Km 80 - Fratel,Gardete,6030-013,39.574207,-7.782874,galp a.s. a23 vila velha de rodão (n/s),galp,a23 - km 80 - fratel,"2,079 €",2026-05-15_dgeg_postos_raw.csv,6515b3f9a02bc7b9
2026-05-15,2026-05-15 14:31:32,2026-05-15 04:10:00,ef426fc9c6ab4c1f,ef426fc9c6ab4c1f_gasoline_98,GALP A.S. A23 Vila Velha de Rodão (N/S),GALP,gasoline_98,Gasolina especial 98,Auto-estrada,2.289,Vila Velha de Ródão,Castelo Branco,A23 - Km 80 - Fratel,Gardete,6030-013,39.574207,-7.782874,galp a.s. a23 vila velha de rodão (n/s),galp,a23 - km 80 - fratel,"2,289 €",2026-05-15_dgeg_postos_raw.csv,346424ec56f5a2b1
2026-05-15,2026-05-15 14:31:32,2026-05-15 04:10:00,ea325427b8275045,ea325427b8275045_diesel_regular,GALP Ermesinde - Continente,GALP,diesel_regular,Gasóleo simples,Outro,2.005,Valongo,Porto,Rua das Macieiras 330,Ermesinde,4445-000,41.20189,-8.54537,galp ermesinde - continente,galp,rua das macieiras 330,"2,005 €",2026-05-15_dgeg_postos_raw.csv,3f3809ec58f92ed8
2026-05-15,2026-05-15 14:31:32,2026-05-15 04:10:00,ea325427b8275045,ea325427b8275045_diesel_premium,GALP Ermesinde - Continente,GALP,diesel_premium,Gasóleo especial,Outro,2.055,Valongo,Porto,Rua das Macieiras 330,Ermesinde,4445-000,41.20189,-8.54537,galp ermesinde - continente,galp,rua das macieiras 330,"2,055 €",2026-05-15_dgeg_postos_raw.csv,bc648615b792994f
2026-05-15,2026-05-15 14:31:32,2026-05-15 04:10:00,ea325427b8275045,ea325427b8275045_gasoline_95,GALP Ermesinde - Continente,GALP,gasoline_95,Gasolina simples 95,Outro,2.001,Valongo,Porto,Rua das Macieiras 330,Ermesinde,4445-000,41.20189,-8.54537,galp ermesinde - continente,galp,rua das macieiras 330,"2,001 €",2026-05-15_dgeg_postos_raw.csv,68596a88167760e8
2026-05-15,2026-05-15 14:31:32,2026-05-15 04:10:00,952be964686e5ebf,952be964686e5ebf_diesel_regular,GALP A.S. Leiria (Continente),GALP,diesel_regular,Gasóleo simples,Outro,2.079,Leiria,Leiria,Alto Vieiro - Azoia,Parceiros- Alto de Vieiro,2400-823,39.730976,-8.824129,galp a.s. leiria (continente),galp,alto vieiro - azoia,"2,079 €",2026-05-15_dgeg_postos_raw.csv,2da0035245ea0e21
2026-05-15,2026-05-15 14:31:32,2026-05-15 04:10:00,952be964686e5ebf,952be964686e5ebf_diesel_premium,GALP A.S. Leiria (Continente),GALP,diesel_premium,Gasóleo especial,Outro,2.129,Leiria,Leiria,Alto Vieiro - Azoia,Parceiros- Alto de Vieiro,2400-823,39.730976,-8.824129,galp a.s. leiria (continente),galp,alto vieiro - azoia,"2,129 €",2026-05-15_dgeg_postos_raw.csv,c06112f052aa028e
2026-05-15,2026-05-15 14:31:32,2026-05-15 04:10:00,952be964686e5ebf,952be964686e5ebf_gasoline_95,GALP A.S. Leiria (Continente),GALP,gasoline_95,Gasolina simples 95,Outro,2.082,Leiria,Leiria,Alto Vieiro - Azoia,Parceiros- Alto de Vieiro,2400-823,39.730976,-8.824129,galp a.s. leiria (continente),galp,alto vieiro - azoia,"2,082 €",2026-05-15_dgeg_postos_raw.csv,58d4940f1d388ddc
2026-05-15,2026-05-15 14:31:32,2026-05-15 04:10:00,567cdabf35f02c08,567cdabf35f02c08_diesel_regular,GALP A.S. Loulé (Loulé/Faro),GALP,diesel_regular,Gasóleo simples,Auto-estrada,2.078,Loulé,Faro,"A22 – Km 62,500 - Sublanço Guia-Loulé 1 (Loulé/Faro)",Franqueada,8100-000,37.13618,-8.110881,galp a.s. loulé (loulé/faro),galp,"a22 – km 62,500 - sublanço guia-loulé 1 (loulé/faro)","2,078 €",2026-05-15_dgeg_postos_raw.csv,c732d15f05834203
2026-05-15,2026-05-15 14:31:32,2026-05-15 04:10:00,567cdabf35f02c08,567cdabf35f02c08_diesel_premium,GALP A.S. Loulé (Loulé/Faro),GALP,diesel_premium,Gasóleo especial,Auto-estrada,2.138,Loulé,Faro,"A22 – Km 62,500 - Sublanço Guia-Loulé 1 (Loulé/Faro)",Franqueada,8100-000,37.13618,-8.110881,galp a.s. loulé (loulé/faro),galp,"a22 – km 62,500 - sublanço guia-loulé 1 (loulé/faro)","2,138 €",2026-05-15_dgeg_postos_raw.csv,5016a1bb4d785c4f
2026-05-15,2026-05-15 14:31:32,2026-05-15 04:10:00,567cdabf35f02c08,567cdabf35f02c08_gasoline_95,GALP A.S. Loulé (Loulé/Faro),GALP,gasoline_95,Gasolina simples 95,Auto-estrada,2.079,Loulé,Faro,"A22 – Km 62,500 - Sublanço Guia-Loulé 1 (Loulé/Faro)",Franqueada,8100-000,37.13618,-8.110881,galp a.s. loulé (loulé/faro),galp,"a22 – km 62,500 - sublanço guia-loulé 1 (loulé/faro)","2,079 €",2026-05-15_dgeg_postos_raw.csv,243ad913a4c0bd42
2026-05-15,2026-05-15 14:31:32,2026-05-15 04:10:00,567cdabf35f02c08,567cdabf35f02c08_gasoline_98,GALP A.S. Loulé (Loulé/Faro),GALP,gasoline_98,Gasolina especial 98,Auto-estrada,2.289,Loulé,Faro,"A22 – Km 62,500 - Sublanço Guia-Loulé 1 (Loulé/Faro)",Franqueada,8100-000,37.13618,-8.110881,galp a.s. loulé (loulé/faro),galp,"a22 – km 62,500 - sublanço guia-loulé 1 (loulé/faro)","2,289 €",2026-05-15_dgeg_postos_raw.csv,96ef21f42944a4db
2026-05-15,2026-05-15 14:31:32,2026-05-15 04:10:00,95fd643006b975ea,95fd643006b975ea_diesel_regular,GALP A22 Loulé (Faro/Loulé),GALP,diesel_regular,Gasóleo simples,Auto-estrada,2.078,Loulé,Faro,A. E. 22 Km 62.5 Sublanço Guia / Loulé_Aparta,Loulé,8100-000,37.136974,-8.110044,galp a22 loulé (faro/loulé),galp,a. e. 22 km 62.5 sublanço guia / loulé_aparta,"2,078 €",2026-05-15_dgeg_postos_raw.csv,9095a6e8336721f1
2026-05-15,2026-05-15 14:31:32,2026-05-15 04:10:00,95fd643006b975ea,95fd643006b975ea_diesel_premium,GALP A22 Loulé (Faro/Loulé),GALP,diesel_premium,Gasóleo especial,Auto-estrada,2.138,Loulé,Faro,A. E. 22 Km 62.5 Sublanço Guia / Loulé_Aparta,Loulé,8100-000,37.136974,-8.110044,galp a22 loulé (faro/loulé),galp,a. e. 22 km 62.5 sublanço guia / loulé_aparta,"2,138 €",2026-05-15_dgeg_postos_raw.csv,a68f425e0530e23b
2026-05-15,2026-05-15 14:31:32,2026-05-15 04:10:00,95fd643006b975ea,95fd643006b975ea_gasoline_95,GALP A22 Loulé (Faro/Loulé),GALP,gasoline_95,Gasolina simples 95,Auto-estrada,2.079,Loulé,Faro,A. E. 22 Km 62.5 Sublanço Guia / Loulé_Aparta,Loulé,8100-000,37.136974,-8.110044,galp a22 loulé (faro/loulé),galp,a. e. 22 km 62.5 sublanço guia / loulé_aparta,"2,079 €",2026-05-15_dgeg_postos_raw.csv,66a1391da17eb073
2026-05-15,2026-05-15 14:31:32,2026-05-15 04:10:00,95fd643006b975ea,95fd643006b975ea_gasoline_98,GALP A22 Loulé (Faro/Loulé),GALP,gasoline_98,Gasolina especial 98,Auto-estrada,2.289,Loulé,Faro,A. E. 22 Km 62.5 Sublanço Guia / Loulé_Aparta,Loulé,8100-000,37.136974,-8.110044,galp a22 loulé (faro/loulé),galp,a. e. 22 km 62.5 sublanço guia / loulé_aparta,"2,289 €",2026-05-15_dgeg_postos_raw.csv,6b84874cc7035bb3
2026-05-15,2026-05-15 14:31:32,2026-05-15 04:10:00,31aeb4414a2b8036,31aeb4414a2b8036_diesel_regular,GALP A.S. A23 Guarda (N/S),GALP,diesel_regular,Gasóleo simples,Auto-estrada,2.083,Guarda,Guarda,"A23 - Km 213,3",Arrifana,6300-035,40.54398,-7.216512,galp a.s. a23 guarda (n/s),galp,"a23 - km 213,3","2,083 €",2026-05-15_dgeg_postos_raw.csv,6d67eeca0655c109
2026-05-15,2026-05-15 14:31:32,2026-05-15 04:10:00,31aeb4414a2b8036,31aeb4414a2b8036_diesel_premium,GALP A.S. A23 Guarda (N/S),GALP,diesel_premium,Gasóleo especial,Auto-estrada,2.143,Guarda,Guarda,"A23 - Km 213,3",Arrifana,6300-035,40.54398,-7.216512,galp a.s. a23 guarda (n/s),galp,"a23 - km 213,3","2,143 €",2026-05-15_dgeg_postos_raw.csv,b035b0c21d32728f
2026-05-15,2026-05-15 14:31:32,2026-05-15 04:10:00,31aeb4414a2b8036,31aeb4414a2b8036_gasoline_95,GALP A.S. A23 Guarda (N/S),GALP,gasoline_95,Gasolina simples 95,Auto-estrada,2.079,Guarda,Guarda,"A23 - Km 213,3",Arrifana,6300-035,40.54398,-7.216512,galp a.s. a23 guarda (n/s),galp,"a23 - km 213,3","2,079 €",2026-05-15_dgeg_postos_raw.csv,4733f2141a868f79
2026-05-15,2026-05-15 14:31:32,2026-05-15 04:10:00,31aeb4414a2b8036,31aeb4414a2b8036_gasoline_98,GALP A.S. A23 Guarda (N/S),GALP,gasoline_98,Gasolina especial 98,Auto-estrada,2.289,Guarda,Guarda,"A23 - Km 213,3",Arrifana,6300-035,40.54398,-7.216512,galp a.s. a23 guarda (n/s),galp,"a23 - km 213,3","2,289 €",2026-05-15_dgeg_postos_raw.csv,6f4f0f7588e24614
2026-05-15,2026-05-15 14:31:32,2026-05-15 04:10:00,cb964fae1d872b75,cb964fae1d872b75_diesel_regular,GALP A.S. A23 Guarda (S/N),GALP,diesel_regular,Gasóleo simples,Auto-estrada,2.083,Guarda,Guarda,"A23 - Km 213,3 (S/N)",Guarda,6300-000,40.543446,-7.215042,galp a.s. a23 guarda (s/n),galp,"a23 - km 213,3 (s/n)","2,083 €",2026-05-15_dgeg_postos_raw.csv,b84ebcd87394f635
2026-05-15,2026-05-15 14:31:32,2026-05-15 04:10:00,cb964fae1d872b75,cb964fae1d872b75_diesel_premium,GALP A.S. A23 Guarda (S/N),GALP,diesel_premium,Gasóleo especial,Auto-estrada,2.143,Guarda,Guarda,"A23 - Km 213,3 (S/N)",Guarda,6300-000,40.543446,-7.215042,galp a.s. a23 guarda (s/n),galp,"a23 - km 213,3 (s/n)","2,143 €",2026-05-15_dgeg_postos_raw.csv,965d8dccb88507c2
2026-05-15,2026-05-15 14:31:32,2026-05-15 04:10:00,cb964fae1d872b75,cb964fae1d872b75_gasoline_95,GALP A.S. A23 Guarda (S/N),GALP,gasoline_95,Gasolina simples 95,Auto-estrada,2.079,Guarda,Guarda,"A23 - Km 213,3 (S/N)",Guarda,6300-000,40.543446,-7.215042,galp a.s. a23 guarda (s/n),galp,"a23 - km 213,3 (s/n)","2,079 €",2026-05-15_dgeg_postos_raw.csv,534f0a2237401b11
2026-05-15,2026-05-15 14:31:32,2026-05-15 04:10:00,cb964fae1d872b75,cb964fae1d872b75_gasoline_98,GALP A.S. A23 Guarda (S/N),GALP,gasoline_98,Gasolina especial 98,Auto-estrada,2.289,Guarda,Guarda,"A23 - Km 213,3 (S/N)",Guarda,6300-000,40.543446,-7.215042,galp a.s. a23 guarda (s/n),galp,"a23 - km 213,3 (s/n)","2,289 €",2026-05-15_dgeg_postos_raw.csv,e7a600a1af308741
2026-05-15,2026-05-15 14:31:32,2026-05-15 04:15:00,393f7b1f1436cb93,393f7b1f1436cb93_diesel_regular,GALP A.S. Aveiras Cima (N/S),GALP,diesel_regular,Gasóleo simples,Auto-estrada,2.098,Azambuja,Lisboa,"A.E.1 Km 44,000",Aveiras de Cima,2050-071,39.124374,-8.907065,galp a.s. aveiras cima (n/s),galp,"a.e.1 km 44,000","2,098 €",2026-05-15_dgeg_postos_raw.csv,c03d0bb43fb5b075
2026-05-15,2026-05-15 14:31:32,2026-05-15 04:15:00,393f7b1f1436cb93,393f7b1f1436cb93_diesel_premium,GALP A.S. Aveiras Cima (N/S),GALP,diesel_premium,Gasóleo especial,Auto-estrada,2.168,Azambuja,Lisboa,"A.E.1 Km 44,000",Aveiras de Cima,2050-071,39.124374,-8.907065,galp a.s. aveiras cima (n/s),galp,"a.e.1 km 44,000","2,168 €",2026-05-15_dgeg_postos_raw.csv,5a3bb91d47730785
2026-05-15,2026-05-15 14:31:32,2026-05-15 04:15:00,393f7b1f1436cb93,393f7b1f1436cb93_gasoline_95,GALP A.S. Aveiras Cima (N/S),GALP,gasoline_95,Gasolina simples 95,Auto-estrada,2.089,Azambuja,Lisboa,"A.E.1 Km 44,000",Aveiras de Cima,2050-071,39.124374,-8.907065,galp a.s. aveiras cima (n/s),galp,"a.e.1 km 44,000","2,089 €",2026-05-15_dgeg_postos_raw.csv,1571d3ffe6177a9b
2026-05-15,2026-05-15 14:31:32,2026-05-15 04:15:00,46dffbab8dad4004,46dffbab8dad4004_diesel_regular,GALP A.S. Salvaterra de Magos (N/S),GALP,diesel_regular,Gasóleo simples,Auto-estrada,2.135,Salvaterra de Magos,Santarém,A. E. 13 Km 60.4  Sublanço Almeirim / Salvaterra,Marinhais,2125-125,39.058243,-8.667848,galp a.s. salvaterra de magos (n/s),galp,a. e. 13 km 60.4 sublanço almeirim / salvaterra,"2,135 €",2026-05-15_dgeg_postos_raw.csv,3f3d3362ab44d829
2026-05-15,2026-05-15 14:31:32,2026-05-15 04:15:00,46dffbab8dad4004,46dffbab8dad4004_diesel_premium,GALP A.S. Salvaterra de Magos (N/S),GALP,diesel_premium,Gasóleo especial,Auto-estrada,2.205,Salvaterra de Magos,Santarém,A. E. 13 Km 60.4  Sublanço Almeirim / Salvaterra,Marinhais,2125-125,39.058243,-8.667848,galp a.s. salvaterra de magos (n/s),galp,a. e. 13 km 60.4 sublanço almeirim / salvaterra,"2,205 €",2026-05-15_dgeg_postos_raw.csv,148fe2e694f20f3e
2026-05-15,2026-05-15 14:31:32,2026-05-15 04:15:00,46dffbab8dad4004,46dffbab8dad4004_gasoline_95,GALP A.S. Salvaterra de Magos (N/S),GALP,gasoline_95,Gasolina simples 95,Auto-estrada,2.131,Salvaterra de Magos,Santarém,A. E. 13 Km 60.4  Sublanço Almeirim / Salvaterra,Marinhais,2125-125,39.058243,-8.667848,galp a.s. salvaterra de magos (n/s),galp,a. e. 13 km 60.4 sublanço almeirim / salvaterra,"2,131 €",2026-05-15_dgeg_postos_raw.csv,7a7ca2a607869e33
2026-05-15,2026-05-15 14:31:32,2026-05-15 04:15:00,46dffbab8dad4004,46dffbab8dad4004_gasoline_98,GALP A.S. Salvaterra de Magos (N/S),GALP,gasoline_98,Gasolina especial 98,Auto-estrada,2.341,Salvaterra de Magos,Santarém,A. E. 13 Km 60.4  Sublanço Almeirim / Salvaterra,Marinhais,2125-125,39.058243,-8.667848,galp a.s. salvaterra de magos (n/s),galp,a. e. 13 km 60.4 sublanço almeirim / salvaterra,"2,341 €",2026-05-15_dgeg_postos_raw.csv,9b9b5b5ffa70bd34
2026-05-15,2026-05-15 14:31:32,2026-05-15 04:15:00,1daa085f117b9507,1daa085f117b9507_diesel_regular,GALP A.S. Salvaterra de Magos (S/N),GALP,diesel_regular,Gasóleo simples,Auto-estrada,2.135,Salvaterra de Magos,Santarém,"A.13 Km 60,4  Sublanço Almeirim / Marateca",Marinhais,2125-125,39.057034,-8.666127,galp a.s. salvaterra de magos (s/n),galp,"a.13 km 60,4 sublanço almeirim / marateca","2,135 €",2026-05-15_dgeg_postos_raw.csv,2919b8bcd8b59168
2026-05-15,2026-05-15 14:31:32,2026-05-15 04:15:00,1daa085f117b9507,1daa085f117b9507_diesel_premium,GALP A.S. Salvaterra de Magos (S/N),GALP,diesel_premium,Gasóleo especial,Auto-estrada,2.205,Salvaterra de Magos,Santarém,"A.13 Km 60,4  Sublanço Almeirim / Marateca",Marinhais,2125-125,39.057034,-8.666127,galp a.s. salvaterra de magos (s/n),galp,"a.13 km 60,4 sublanço almeirim / marateca","2,205 €",2026-05-15_dgeg_postos_raw.csv,ca3ee91c3707c292
2026-05-15,2026-05-15 14:31:32,2026-05-15 04:15:00,1daa085f117b9507,1daa085f117b9507_gasoline_95,GALP A.S. Salvaterra de Magos (S/N),GALP,gasoline_95,Gasolina simples 95,Auto-estrada,2.131,Salvaterra de Magos,Santarém,"A.13 Km 60,4  Sublanço Almeirim / Marateca",Marinhais,2125-125,39.057034,-8.666127,galp a.s. salvaterra de magos (s/n),galp,"a.13 km 60,4 sublanço almeirim / marateca","2,131 €",2026-05-15_dgeg_postos_raw.csv,f90f1acbab65f5ce
2026-05-15,2026-05-15 14:31:32,2026-05-15 04:15:00,1daa085f117b9507,1daa085f117b9507_gasoline_98,GALP A.S. Salvaterra de Magos (S/N),GALP,gasoline_98,Gasolina especial 98,Auto-estrada,2.341,Salvaterra de Magos,Santarém,"A.13 Km 60,4  Sublanço Almeirim / Marateca",Marinhais,2125-125,39.057034,-8.666127,galp a.s. salvaterra de magos (s/n),galp,"a.13 km 60,4 sublanço almeirim / marateca","2,341 €",2026-05-15_dgeg_postos_raw.csv,6e83ec68a1cc25fc
2026-05-15,2026-05-15 14:31:32,2026-05-15 04:15:00,dd2c9873587227d4,dd2c9873587227d4_diesel_regular,GALP A2 A.S. Palmela (N/S),GALP,diesel_regular,Gasóleo simples,Auto-estrada,2.078,Palmela,Setúbal,"A2 - Km 31,200",Vale de Touros,2950-137,38.584595,-8.931231,galp a2 a.s. palmela (n/s),galp,"a2 - km 31,200","2,078 €",2026-05-15_dgeg_postos_raw.csv,58b99f138c6f4205
2026-05-15,2026-05-15 14:31:32,2026-05-15 04:15:00,dd2c9873587227d4,dd2c9873587227d4_diesel_premium,GALP A2 A.S. Palmela (N/S),GALP,diesel_premium,Gasóleo especial,Auto-estrada,2.138,Palmela,Setúbal,"A2 - Km 31,200",Vale de Touros,2950-137,38.584595,-8.931231,galp a2 a.s. palmela (n/s),galp,"a2 - km 31,200","2,138 €",2026-05-15_dgeg_postos_raw.csv,3939524015f938a3
2026-05-15,2026-05-15 14:31:32,2026-05-15 04:15:00,dd2c9873587227d4,dd2c9873587227d4_gasoline_95,GALP A2 A.S. Palmela (N/S),GALP,gasoline_95,Gasolina simples 95,Auto-estrada,2.069,Palmela,Setúbal,"A2 - Km 31,200",Vale de Touros,2950-137,38.584595,-8.931231,galp a2 a.s. palmela (n/s),galp,"a2 - km 31,200","2,069 €",2026-05-15_dgeg_postos_raw.csv,3935d944aeacc7b6
2026-05-15,2026-05-15 14:31:32,2026-05-15 04:15:00,7d5f254eaf10a4d1,7d5f254eaf10a4d1_diesel_regular,GALP A2 A.S. Palmela (S/N),GALP,diesel_regular,Gasóleo simples,Auto-estrada,2.078,Palmela,Setúbal,"A2 - Km 31,200",Vale de Touros,2950-137,38.585865,-8.929574,galp a2 a.s. palmela (s/n),galp,"a2 - km 31,200","2,078 €",2026-05-15_dgeg_postos_raw.csv,cb1032d431b76022
2026-05-15,2026-05-15 14:31:32,2026-05-15 04:15:00,7d5f254eaf10a4d1,7d5f254eaf10a4d1_diesel_premium,GALP A2 A.S. Palmela (S/N),GALP,diesel_premium,Gasóleo especial,Auto-estrada,2.138,Palmela,Setúbal,"A2 - Km 31,200",Vale de Touros,2950-137,38.585865,-8.929574,galp a2 a.s. palmela (s/n),galp,"a2 - km 31,200","2,138 €",2026-05-15_dgeg_postos_raw.csv,5bd09ca975b25e02
2026-05-15,2026-05-15 14:31:32,2026-05-15 04:15:00,7d5f254eaf10a4d1,7d5f254eaf10a4d1_gasoline_95,GALP A2 A.S. Palmela (S/N),GALP,gasoline_95,Gasolina simples 95,Auto-estrada,2.069,Palmela,Setúbal,"A2 - Km 31,200",Vale de Touros,2950-137,38.585865,-8.929574,galp a2 a.s. palmela (s/n),galp,"a2 - km 31,200","2,069 €",2026-05-15_dgeg_postos_raw.csv,f276d0e1ecf0488b
2026-05-15,2026-05-15 14:31:32,2026-05-15 04:15:00,7d5f254eaf10a4d1,7d5f254eaf10a4d1_gasoline_98,GALP A2 A.S. Palmela (S/N),GALP,gasoline_98,Gasolina especial 98,Auto-estrada,2.279,Palmela,Setúbal,"A2 - Km 31,200",Vale de Touros,2950-137,38.585865,-8.929574,galp a2 a.s. palmela (s/n),galp,"a2 - km 31,200","2,279 €",2026-05-15_dgeg_postos_raw.csv,06d0b02d0883952c
2026-05-15,2026-05-15 14:31:32,2026-05-15 04:15:00,2874f62de737cd0b,2874f62de737cd0b_diesel_regular,GALP A.S. A23 Vila Velha de Rodão (S/N),GALP,diesel_regular,Gasóleo simples,Auto-estrada,2.083,Vila Velha de Ródão,Castelo Branco,A23 - Km 80 - Fratel,Fratel,6030-012,39.572548,-7.78226,galp a.s. a23 vila velha de rodão (s/n),galp,a23 - km 80 - fratel,"2,083 €",2026-05-15_dgeg_postos_raw.csv,5a64cf7c552f7496
2026-05-15,2026-05-15 14:31:32,2026-05-15 04:15:00,2874f62de737cd0b,2874f62de737cd0b_diesel_premium,GALP A.S. A23 Vila Velha de Rodão (S/N),GALP,diesel_premium,Gasóleo especial,Auto-estrada,2.143,Vila Velha de Ródão,Castelo Branco,A23 - Km 80 - Fratel,Fratel,6030-012,39.572548,-7.78226,galp a.s. a23 vila velha de rodão (s/n),galp,a23 - km 80 - fratel,"2,143 €",2026-05-15_dgeg_postos_raw.csv,02498b67251bb407
2026-05-15,2026-05-15 14:31:32,2026-05-15 04:15:00,2874f62de737cd0b,2874f62de737cd0b_gasoline_95,GALP A.S. A23 Vila Velha de Rodão (S/N),GALP,gasoline_95,Gasolina simples 95,Auto-estrada,2.079,Vila Velha de Ródão,Castelo Branco,A23 - Km 80 - Fratel,Fratel,6030-012,39.572548,-7.78226,galp a.s. a23 vila velha de rodão (s/n),galp,a23 - km 80 - fratel,"2,079 €",2026-05-15_dgeg_postos_raw.csv,45ebb7fe40ef2c7f
2026-05-15,2026-05-15 14:31:32,2026-05-15 04:15:00,2874f62de737cd0b,2874f62de737cd0b_gasoline_98,GALP A.S. A23 Vila Velha de Rodão (S/N),GALP,gasoline_98,Gasolina especial 98,Auto-estrada,2.289,Vila Velha de Ródão,Castelo Branco,A23 - Km 80 - Fratel,Fratel,6030-012,39.572548,-7.78226,galp a.s. a23 vila velha de rodão (s/n),galp,a23 - km 80 - fratel,"2,289 €",2026-05-15_dgeg_postos_raw.csv,05172998747b4fb6
2026-05-15,2026-05-15 14:31:32,2026-05-15 04:15:00,87195c243499bd54,87195c243499bd54_diesel_regular,GALP A13 A.S. Montijo km 16 (S/N),GALP,diesel_regular,Gasóleo simples,Auto-estrada,2.135,Montijo,Setúbal,"A13 - Km 16, Sublanço Santo Estevão/Pegões",Canha,2985-000,38.72667,-8.66917,galp a13 a.s. montijo km 16 (s/n),galp,"a13 - km 16, sublanço santo estevão/pegões","2,135 €",2026-05-15_dgeg_postos_raw.csv,b9a88fdf285f2e19
2026-05-15,2026-05-15 14:31:32,2026-05-15 04:15:00,87195c243499bd54,87195c243499bd54_diesel_premium,GALP A13 A.S. Montijo km 16 (S/N),GALP,diesel_premium,Gasóleo especial,Auto-estrada,2.205,Montijo,Setúbal,"A13 - Km 16, Sublanço Santo Estevão/Pegões",Canha,2985-000,38.72667,-8.66917,galp a13 a.s. montijo km 16 (s/n),galp,"a13 - km 16, sublanço santo estevão/pegões","2,205 €",2026-05-15_dgeg_postos_raw.csv,9ff77d09481d4660
2026-05-15,2026-05-15 14:31:32,2026-05-15 04:15:00,87195c243499bd54,87195c243499bd54_gasoline_95,GALP A13 A.S. Montijo km 16 (S/N),GALP,gasoline_95,Gasolina simples 95,Auto-estrada,2.131,Montijo,Setúbal,"A13 - Km 16, Sublanço Santo Estevão/Pegões",Canha,2985-000,38.72667,-8.66917,galp a13 a.s. montijo km 16 (s/n),galp,"a13 - km 16, sublanço santo estevão/pegões","2,131 €",2026-05-15_dgeg_postos_raw.csv,7d2c3ee1be179f86
2026-05-15,2026-05-15 14:31:32,2026-05-15 04:15:00,87195c243499bd54,87195c243499bd54_gasoline_98,GALP A13 A.S. Montijo km 16 (S/N),GALP,gasoline_98,Gasolina especial 98,Auto-estrada,2.341,Montijo,Setúbal,"A13 - Km 16, Sublanço Santo Estevão/Pegões",Canha,2985-000,38.72667,-8.66917,galp a13 a.s. montijo km 16 (s/n),galp,"a13 - km 16, sublanço santo estevão/pegões","2,341 €",2026-05-15_dgeg_postos_raw.csv,8c1c22738e2e45ae
2026-05-15,2026-05-15 14:31:32,2026-05-15 04:15:00,784135d065aff5e8,784135d065aff5e8_diesel_regular,GALP A13 A.S. Montijo Km 16 (N/S),GALP,diesel_regular,Gasóleo simples,Auto-estrada,2.135,Montijo,Setúbal,"A13 - Km 16, Sublanço Santo Estevão/Pegões",Canha,2985-000,38.72584,-8.67084,galp a13 a.s. montijo km 16 (n/s),galp,"a13 - km 16, sublanço santo estevão/pegões","2,135 €",2026-05-15_dgeg_postos_raw.csv,0640bca372bae23d
2026-05-15,2026-05-15 14:31:32,2026-05-15 04:15:00,784135d065aff5e8,784135d065aff5e8_diesel_premium,GALP A13 A.S. Montijo Km 16 (N/S),GALP,diesel_premium,Gasóleo especial,Auto-estrada,2.205,Montijo,Setúbal,"A13 - Km 16, Sublanço Santo Estevão/Pegões",Canha,2985-000,38.72584,-8.67084,galp a13 a.s. montijo km 16 (n/s),galp,"a13 - km 16, sublanço santo estevão/pegões","2,205 €",2026-05-15_dgeg_postos_raw.csv,d2e1cc411ea247ce
2026-05-15,2026-05-15 14:31:32,2026-05-15 04:15:00,784135d065aff5e8,784135d065aff5e8_gasoline_95,GALP A13 A.S. Montijo Km 16 (N/S),GALP,gasoline_95,Gasolina simples 95,Auto-estrada,2.131,Montijo,Setúbal,"A13 - Km 16, Sublanço Santo Estevão/Pegões",Canha,2985-000,38.72584,-8.67084,galp a13 a.s. montijo km 16 (n/s),galp,"a13 - km 16, sublanço santo estevão/pegões","2,131 €",2026-05-15_dgeg_postos_raw.csv,4b763cc4dc89c28f
2026-05-15,2026-05-15 14:31:32,2026-05-15 04:15:00,784135d065aff5e8,784135d065aff5e8_gasoline_98,GALP A13 A.S. Montijo Km 16 (N/S),GALP,gasoline_98,Gasolina especial 98,Auto-estrada,2.341,Montijo,Setúbal,"A13 - Km 16, Sublanço Santo Estevão/Pegões",Canha,2985-000,38.72584,-8.67084,galp a13 a.s. montijo km 16 (n/s),galp,"a13 - km 16, sublanço santo estevão/pegões","2,341 €",2026-05-15_dgeg_postos_raw.csv,bcc5f46daf3131a2
2026-05-15,2026-05-15 14:31:32,2026-05-15 04:20:00,749b080f02c9e449,749b080f02c9e449_diesel_regular,GALP A.S. A25 Vouzela (Viseu/Aveiro),GALP,diesel_regular,Gasóleo simples,Auto-estrada,2.055,Vouzela,Viseu,"A25 km 53,600",Campia,3670-056,40.686817,-8.230022,galp a.s. a25 vouzela (viseu/aveiro),galp,"a25 km 53,600","2,055 €",2026-05-15_dgeg_postos_raw.csv,8efe86312c66f3d9
2026-05-15,2026-05-15 14:31:32,2026-05-15 04:20:00,749b080f02c9e449,749b080f02c9e449_diesel_premium,GALP A.S. A25 Vouzela (Viseu/Aveiro),GALP,diesel_premium,Gasóleo especial,Auto-estrada,2.115,Vouzela,Viseu,"A25 km 53,600",Campia,3670-056,40.686817,-8.230022,galp a.s. a25 vouzela (viseu/aveiro),galp,"a25 km 53,600","2,115 €",2026-05-15_dgeg_postos_raw.csv,5eb2fd2fedf07dde
2026-05-15,2026-05-15 14:31:32,2026-05-15 04:20:00,749b080f02c9e449,749b080f02c9e449_gasoline_95,GALP A.S. A25 Vouzela (Viseu/Aveiro),GALP,gasoline_95,Gasolina simples 95,Auto-estrada,2.051,Vouzela,Viseu,"A25 km 53,600",Campia,3670-056,40.686817,-8.230022,galp a.s. a25 vouzela (viseu/aveiro),galp,"a25 km 53,600","2,051 €",2026-05-15_dgeg_postos_raw.csv,7552969012666b22
2026-05-15,2026-05-15 14:31:32,2026-05-15 04:20:00,749b080f02c9e449,749b080f02c9e449_gasoline_98,GALP A.S. A25 Vouzela (Viseu/Aveiro),GALP,gasoline_98,Gasolina especial 98,Auto-estrada,2.261,Vouzela,Viseu,"A25 km 53,600",Campia,3670-056,40.686817,-8.230022,galp a.s. a25 vouzela (viseu/aveiro),galp,"a25 km 53,600","2,261 €",2026-05-15_dgeg_postos_raw.csv,f105575035ce6ecb
2026-05-15,2026-05-15 14:31:32,2026-05-15 04:20:00,7391dec08ce3f583,7391dec08ce3f583_diesel_regular,GALP A25 Vouzela (Aveiro/Viseu),GALP,diesel_regular,Gasóleo simples,Auto-estrada,2.055,Vouzela,Viseu,"A.E. A25 - IP5, Km 7,90 e 8,30 do Sub -Lanço Talhadas/Vouzela - Lanço Nódo IC2",Campia,3670-056,40.686275,-8.232481,galp a25 vouzela (aveiro/viseu),galp,"a.e. a25 - ip5, km 7,90 e 8,30 do sub -lanço talhadas/vouzela - lanço nódo ic2","2,055 €",2026-05-15_dgeg_postos_raw.csv,32121d78577796da
2026-05-15,2026-05-15 14:31:32,2026-05-15 04:20:00,7391dec08ce3f583,7391dec08ce3f583_diesel_premium,GALP A25 Vouzela (Aveiro/Viseu),GALP,diesel_premium,Gasóleo especial,Auto-estrada,2.115,Vouzela,Viseu,"A.E. A25 - IP5, Km 7,90 e 8,30 do Sub -Lanço Talhadas/Vouzela - Lanço Nódo IC2",Campia,3670-056,40.686275,-8.232481,galp a25 vouzela (aveiro/viseu),galp,"a.e. a25 - ip5, km 7,90 e 8,30 do sub -lanço talhadas/vouzela - lanço nódo ic2","2,115 €",2026-05-15_dgeg_postos_raw.csv,73e94c5a55fdd8bd
2026-05-15,2026-05-15 14:31:32,2026-05-15 04:20:00,7391dec08ce3f583,7391dec08ce3f583_gasoline_95,GALP A25 Vouzela (Aveiro/Viseu),GALP,gasoline_95,Gasolina simples 95,Auto-estrada,2.051,Vouzela,Viseu,"A.E. A25 - IP5, Km 7,90 e 8,30 do Sub -Lanço Talhadas/Vouzela - Lanço Nódo IC2",Campia,3670-056,40.686275,-8.232481,galp a25 vouzela (aveiro/viseu),galp,"a.e. a25 - ip5, km 7,90 e 8,30 do sub -lanço talhadas/vouzela - lanço nódo ic2","2,051 €",2026-05-15_dgeg_postos_raw.csv,c76e1f0e5405e6e2
2026-05-15,2026-05-15 14:31:32,2026-05-15 04:20:00,7391dec08ce3f583,7391dec08ce3f583_gasoline_98,GALP A25 Vouzela (Aveiro/Viseu),GALP,gasoline_98,Gasolina especial 98,Auto-estrada,2.261,Vouzela,Viseu,"A.E. A25 - IP5, Km 7,90 e 8,30 do Sub -Lanço Talhadas/Vouzela - Lanço Nódo IC2",Campia,3670-056,40.686275,-8.232481,galp a25 vouzela (aveiro/viseu),galp,"a.e. a25 - ip5, km 7,90 e 8,30 do sub -lanço talhadas/vouzela - lanço nódo ic2","2,261 €",2026-05-15_dgeg_postos_raw.csv,2ba76edcb72dbd97
2026-05-15,2026-05-15 14:31:32,2026-05-15 04:20:00,be8aaaca0eac052a,be8aaaca0eac052a_diesel_regular,GALP A.S. Aveiras Cima (S/N),GALP,diesel_regular,Gasóleo simples,Auto-estrada,2.098,Azambuja,Lisboa,A1 - Km 44,Aveiras de Cima,2050-000,39.122275,-8.907926,galp a.s. aveiras cima (s/n),galp,a1 - km 44,"2,098 €",2026-05-15_dgeg_postos_raw.csv,d5ec573c8da64eeb
2026-05-15,2026-05-15 14:31:32,2026-05-15 04:20:00,be8aaaca0eac052a,be8aaaca0eac052a_diesel_premium,GALP A.S. Aveiras Cima (S/N),GALP,diesel_premium,Gasóleo especial,Auto-estrada,2.168,Azambuja,Lisboa,A1 - Km 44,Aveiras de Cima,2050-000,39.122275,-8.907926,galp a.s. aveiras cima (s/n),galp,a1 - km 44,"2,168 €",2026-05-15_dgeg_postos_raw.csv,8a4d578e9b84f2a1
2026-05-15,2026-05-15 14:31:32,2026-05-15 04:20:00,be8aaaca0eac052a,be8aaaca0eac052a_gasoline_95,GALP A.S. Aveiras Cima (S/N),GALP,gasoline_95,Gasolina simples 95,Auto-estrada,2.089,Azambuja,Lisboa,A1 - Km 44,Aveiras de Cima,2050-000,39.122275,-8.907926,galp a.s. aveiras cima (s/n),galp,a1 - km 44,"2,089 €",2026-05-15_dgeg_postos_raw.csv,9bae32563a8a9aed
2026-05-15,2026-05-15 14:31:32,2026-05-15 04:20:00,a6ada36929525e16,a6ada36929525e16_diesel_regular,GALP A25  Aveiro - Estádio (AVEIRO/VISEU),GALP,diesel_regular,Gasóleo simples,Auto-estrada,2.055,Aveiro,Aveiro,"Auto Estrada A25 / Itinerário Principal IP5, ao km 15.200, Sublanço Nó do Estádio",Eixo,3800-911,40.65997,-8.591281,galp a25 aveiro - estádio (aveiro/viseu),galp,"auto estrada a25 / itinerário principal ip5, ao km 15.200, sublanço nó do estádio","2,055 €",2026-05-15_dgeg_postos_raw.csv,211e8d0745e12c11
2026-05-15,2026-05-15 14:31:32,2026-05-15 04:20:00,a6ada36929525e16,a6ada36929525e16_diesel_premium,GALP A25  Aveiro - Estádio (AVEIRO/VISEU),GALP,diesel_premium,Gasóleo especial,Auto-estrada,2.115,Aveiro,Aveiro,"Auto Estrada A25 / Itinerário Principal IP5, ao km 15.200, Sublanço Nó do Estádio",Eixo,3800-911,40.65997,-8.591281,galp a25 aveiro - estádio (aveiro/viseu),galp,"auto estrada a25 / itinerário principal ip5, ao km 15.200, sublanço nó do estádio","2,115 €",2026-05-15_dgeg_postos_raw.csv,83b6341ea129b249
2026-05-15,2026-05-15 14:31:32,2026-05-15 04:20:00,a6ada36929525e16,a6ada36929525e16_gasoline_95,GALP A25  Aveiro - Estádio (AVEIRO/VISEU),GALP,gasoline_95,Gasolina simples 95,Auto-estrada,2.051,Aveiro,Aveiro,"Auto Estrada A25 / Itinerário Principal IP5, ao km 15.200, Sublanço Nó do Estádio",Eixo,3800-911,40.65997,-8.591281,galp a25 aveiro - estádio (aveiro/viseu),galp,"auto estrada a25 / itinerário principal ip5, ao km 15.200, sublanço nó do estádio","2,051 €",2026-05-15_dgeg_postos_raw.csv,47f64887996fb9f2
2026-05-15,2026-05-15 14:31:32,2026-05-15 04:20:00,a6ada36929525e16,a6ada36929525e16_gasoline_98,GALP A25  Aveiro - Estádio (AVEIRO/VISEU),GALP,gasoline_98,Gasolina especial 98,Auto-estrada,2.261,Aveiro,Aveiro,"Auto Estrada A25 / Itinerário Principal IP5, ao km 15.200, Sublanço Nó do Estádio",Eixo,3800-911,40.65997,-8.591281,galp a25 aveiro - estádio (aveiro/viseu),galp,"auto estrada a25 / itinerário principal ip5, ao km 15.200, sublanço nó do estádio","2,261 €",2026-05-15_dgeg_postos_raw.csv,17cfa410bd188ecd
2026-05-15,2026-05-15 14:31:32,2026-05-15 04:20:00,f6b06fbde955b848,f6b06fbde955b848_diesel_regular,GALP A.S. Matosinhos (A/M),GALP,diesel_regular,Gasóleo simples,Auto-estrada,2.095,Matosinhos,Porto,"A4/IP4, Km 3,2 e 4,1 - SCUT Grande Porto, Lanço Sendim-Águas Santas, Sublanço Sendim Norte",Custóias,4460-739,41.20541,-8.64073,galp a.s. matosinhos (a/m),galp,"a4/ip4, km 3,2 e 4,1 - scut grande porto, lanço sendim-águas santas, sublanço sendim norte","2,095 €",2026-05-15_dgeg_postos_raw.csv,9f9f2d83bab4275b
2026-05-15,2026-05-15 14:31:32,2026-05-15 04:20:00,f6b06fbde955b848,f6b06fbde955b848_diesel_premium,GALP A.S. Matosinhos (A/M),GALP,diesel_premium,Gasóleo especial,Auto-estrada,2.165,Matosinhos,Porto,"A4/IP4, Km 3,2 e 4,1 - SCUT Grande Porto, Lanço Sendim-Águas Santas, Sublanço Sendim Norte",Custóias,4460-739,41.20541,-8.64073,galp a.s. matosinhos (a/m),galp,"a4/ip4, km 3,2 e 4,1 - scut grande porto, lanço sendim-águas santas, sublanço sendim norte","2,165 €",2026-05-15_dgeg_postos_raw.csv,1d48783f2d32bcb5
2026-05-15,2026-05-15 14:31:32,2026-05-15 04:20:00,f6b06fbde955b848,f6b06fbde955b848_gasoline_95,GALP A.S. Matosinhos (A/M),GALP,gasoline_95,Gasolina simples 95,Auto-estrada,2.096,Matosinhos,Porto,"A4/IP4, Km 3,2 e 4,1 - SCUT Grande Porto, Lanço Sendim-Águas Santas, Sublanço Sendim Norte",Custóias,4460-739,41.20541,-8.64073,galp a.s. matosinhos (a/m),galp,"a4/ip4, km 3,2 e 4,1 - scut grande porto, lanço sendim-águas santas, sublanço sendim norte","2,096 €",2026-05-15_dgeg_postos_raw.csv,d7585f27055ae1f5
2026-05-15,2026-05-15 14:31:32,2026-05-15 04:20:00,f6b06fbde955b848,f6b06fbde955b848_gasoline_98,GALP A.S. Matosinhos (A/M),GALP,gasoline_98,Gasolina especial 98,Auto-estrada,2.306,Matosinhos,Porto,"A4/IP4, Km 3,2 e 4,1 - SCUT Grande Porto, Lanço Sendim-Águas Santas, Sublanço Sendim Norte",Custóias,4460-739,41.20541,-8.64073,galp a.s. matosinhos (a/m),galp,"a4/ip4, km 3,2 e 4,1 - scut grande porto, lanço sendim-águas santas, sublanço sendim norte","2,306 €",2026-05-15_dgeg_postos_raw.csv,253c0e96e5f5c54b
2026-05-15,2026-05-15 14:31:32,2026-05-15 04:20:00,ddedb7a84c52a72e,ddedb7a84c52a72e_diesel_regular,GALP A4 A.S. Matosinhos (Matosinhos/Amarante),GALP,diesel_regular,Gasóleo simples,Auto-estrada,2.095,Matosinhos,Porto,"A4/ IP4 Km 3,08 e 4,10 Sublanço Nó de Custóias",Custóias,4460-739,41.204453,-8.640317,galp a4 a.s. matosinhos (matosinhos/amarante),galp,"a4/ ip4 km 3,08 e 4,10 sublanço nó de custóias","2,095 €",2026-05-15_dgeg_postos_raw.csv,04520fcfb0577585
2026-05-15,2026-05-15 14:31:32,2026-05-15 04:20:00,ddedb7a84c52a72e,ddedb7a84c52a72e_diesel_premium,GALP A4 A.S. Matosinhos (Matosinhos/Amarante),GALP,diesel_premium,Gasóleo especial,Auto-estrada,2.165,Matosinhos,Porto,"A4/ IP4 Km 3,08 e 4,10 Sublanço Nó de Custóias",Custóias,4460-739,41.204453,-8.640317,galp a4 a.s. matosinhos (matosinhos/amarante),galp,"a4/ ip4 km 3,08 e 4,10 sublanço nó de custóias","2,165 €",2026-05-15_dgeg_postos_raw.csv,602d60baad4ed405
2026-05-15,2026-05-15 14:31:32,2026-05-15 04:20:00,ddedb7a84c52a72e,ddedb7a84c52a72e_gasoline_95,GALP A4 A.S. Matosinhos (Matosinhos/Amarante),GALP,gasoline_95,Gasolina simples 95,Auto-estrada,2.096,Matosinhos,Porto,"A4/ IP4 Km 3,08 e 4,10 Sublanço Nó de Custóias",Custóias,4460-739,41.204453,-8.640317,galp a4 a.s. matosinhos (matosinhos/amarante),galp,"a4/ ip4 km 3,08 e 4,10 sublanço nó de custóias","2,096 €",2026-05-15_dgeg_postos_raw.csv,7c06a7981d115074
2026-05-15,2026-05-15 14:31:32,2026-05-15 04:20:00,ddedb7a84c52a72e,ddedb7a84c52a72e_gasoline_98,GALP A4 A.S. Matosinhos (Matosinhos/Amarante),GALP,gasoline_98,Gasolina especial 98,Auto-estrada,2.306,Matosinhos,Porto,"A4/ IP4 Km 3,08 e 4,10 Sublanço Nó de Custóias",Custóias,4460-739,41.204453,-8.640317,galp a4 a.s. matosinhos (matosinhos/amarante),galp,"a4/ ip4 km 3,08 e 4,10 sublanço nó de custóias","2,306 €",2026-05-15_dgeg_postos_raw.csv,470bc7e3e79a3ff2
2026-05-15,2026-05-15 14:31:32,2026-05-15 04:25:00,0c8d0439a9292954,0c8d0439a9292954_diesel_regular,GALP Gago Coutinho,GALP,diesel_regular,Gasóleo simples,Outro,2.079,Lisboa,Lisboa,Av. Almirante Gago Coutinho,Lisboa,1700-031,38.749104,-9.130273,galp gago coutinho,galp,av. almirante gago coutinho,"2,079 €",2026-05-15_dgeg_postos_raw.csv,59648bd168956afc
2026-05-15,2026-05-15 14:31:32,2026-05-15 04:25:00,0c8d0439a9292954,0c8d0439a9292954_diesel_premium,GALP Gago Coutinho,GALP,diesel_premium,Gasóleo especial,Outro,2.139,Lisboa,Lisboa,Av. Almirante Gago Coutinho,Lisboa,1700-031,38.749104,-9.130273,galp gago coutinho,galp,av. almirante gago coutinho,"2,139 €",2026-05-15_dgeg_postos_raw.csv,c35cb515d6dd55d4
2026-05-15,2026-05-15 14:31:32,2026-05-15 04:25:00,0c8d0439a9292954,0c8d0439a9292954_gasoline_95,GALP Gago Coutinho,GALP,gasoline_95,Gasolina simples 95,Outro,2.076,Lisboa,Lisboa,Av. Almirante Gago Coutinho,Lisboa,1700-031,38.749104,-9.130273,galp gago coutinho,galp,av. almirante gago coutinho,"2,076 €",2026-05-15_dgeg_postos_raw.csv,05c41c2fce21cbd6
2026-05-15,2026-05-15 14:31:32,2026-05-15 04:25:00,0c8d0439a9292954,0c8d0439a9292954_gasoline_98,GALP Gago Coutinho,GALP,gasoline_98,Gasolina especial 98,Outro,2.286,Lisboa,Lisboa,Av. Almirante Gago Coutinho,Lisboa,1700-031,38.749104,-9.130273,galp gago coutinho,galp,av. almirante gago coutinho,"2,286 €",2026-05-15_dgeg_postos_raw.csv,d75064a265e29218
2026-05-15,2026-05-15 14:31:32,2026-05-15 04:25:00,c3f708c9bb7bc3c3,c3f708c9bb7bc3c3_diesel_regular,GALP A.S. Universidade Católica Porto,GALP,diesel_regular,Gasóleo simples,Outro,2.069,Porto,Porto,"Rua Diogo Botelho, 2049",Foz do Douro,4150-268,41.15317,-8.6707,galp a.s. universidade católica porto,galp,"rua diogo botelho, 2049","2,069 €",2026-05-15_dgeg_postos_raw.csv,a2a89fcc77db25f8
2026-05-15,2026-05-15 14:31:32,2026-05-15 04:25:00,c3f708c9bb7bc3c3,c3f708c9bb7bc3c3_diesel_premium,GALP A.S. Universidade Católica Porto,GALP,diesel_premium,Gasóleo especial,Outro,2.129,Porto,Porto,"Rua Diogo Botelho, 2049",Foz do Douro,4150-268,41.15317,-8.6707,galp a.s. universidade católica porto,galp,"rua diogo botelho, 2049","2,129 €",2026-05-15_dgeg_postos_raw.csv,080e59a158c2b074
2026-05-15,2026-05-15 14:31:32,2026-05-15 04:25:00,c3f708c9bb7bc3c3,c3f708c9bb7bc3c3_gasoline_95,GALP A.S. Universidade Católica Porto,GALP,gasoline_95,Gasolina simples 95,Outro,2.064,Porto,Porto,"Rua Diogo Botelho, 2049",Foz do Douro,4150-268,41.15317,-8.6707,galp a.s. universidade católica porto,galp,"rua diogo botelho, 2049","2,064 €",2026-05-15_dgeg_postos_raw.csv,cf3b1c7364c4ad39
2026-05-15,2026-05-15 14:31:32,2026-05-15 04:25:00,c3f708c9bb7bc3c3,c3f708c9bb7bc3c3_gasoline_98,GALP A.S. Universidade Católica Porto,GALP,gasoline_98,Gasolina especial 98,Outro,2.274,Porto,Porto,"Rua Diogo Botelho, 2049",Foz do Douro,4150-268,41.15317,-8.6707,galp a.s. universidade católica porto,galp,"rua diogo botelho, 2049","2,274 €",2026-05-15_dgeg_postos_raw.csv,0f8778380f14af01
2026-05-15,2026-05-15 14:31:32,2026-05-15 04:25:00,e19d63646d92f603,e19d63646d92f603_diesel_regular,GALP Vila Nova de Gaia (Norte),GALP,diesel_regular,Gasóleo simples,Outro,2.029,Vila Nova de Gaia,Porto,Via 8 - Santa Marinha (Lado rio),Vila Nova de Gaia,4400-698,41.1403,-8.63289,galp vila nova de gaia (norte),galp,via 8 - santa marinha (lado rio),"2,029 €",2026-05-15_dgeg_postos_raw.csv,bcaffcb167446756
2026-05-15,2026-05-15 14:31:32,2026-05-15 04:25:00,e19d63646d92f603,e19d63646d92f603_diesel_premium,GALP Vila Nova de Gaia (Norte),GALP,diesel_premium,Gasóleo especial,Outro,2.079,Vila Nova de Gaia,Porto,Via 8 - Santa Marinha (Lado rio),Vila Nova de Gaia,4400-698,41.1403,-8.63289,galp vila nova de gaia (norte),galp,via 8 - santa marinha (lado rio),"2,079 €",2026-05-15_dgeg_postos_raw.csv,e906c095060e2b9b
2026-05-15,2026-05-15 14:31:32,2026-05-15 04:25:00,e19d63646d92f603,e19d63646d92f603_gasoline_95,GALP Vila Nova de Gaia (Norte),GALP,gasoline_95,Gasolina simples 95,Outro,2.026,Vila Nova de Gaia,Porto,Via 8 - Santa Marinha (Lado rio),Vila Nova de Gaia,4400-698,41.1403,-8.63289,galp vila nova de gaia (norte),galp,via 8 - santa marinha (lado rio),"2,026 €",2026-05-15_dgeg_postos_raw.csv,c2e9ea20590c6a30
2026-05-15,2026-05-15 14:31:32,2026-05-15 04:25:00,f7b5648c1815274f,f7b5648c1815274f_diesel_regular,GALP A.S. Vila Nova de Gaia (Sul),GALP,diesel_regular,Gasóleo simples,Outro,2.029,Vila Nova de Gaia,Porto,VIA 8 - Santa Marinha (lado shopping),Vila Nova de Gaia,4400-698,41.140343,-8.634051,galp a.s. vila nova de gaia (sul),galp,via 8 - santa marinha (lado shopping),"2,029 €",2026-05-15_dgeg_postos_raw.csv,5307a20f1760e347
2026-05-15,2026-05-15 14:31:32,2026-05-15 04:25:00,f7b5648c1815274f,f7b5648c1815274f_diesel_premium,GALP A.S. Vila Nova de Gaia (Sul),GALP,diesel_premium,Gasóleo especial,Outro,2.079,Vila Nova de Gaia,Porto,VIA 8 - Santa Marinha (lado shopping),Vila Nova de Gaia,4400-698,41.140343,-8.634051,galp a.s. vila nova de gaia (sul),galp,via 8 - santa marinha (lado shopping),"2,079 €",2026-05-15_dgeg_postos_raw.csv,a890c592371974ae
2026-05-15,2026-05-15 14:31:32,2026-05-15 04:25:00,f7b5648c1815274f,f7b5648c1815274f_gasoline_95,GALP A.S. Vila Nova de Gaia (Sul),GALP,gasoline_95,Gasolina simples 95,Outro,2.026,Vila Nova de Gaia,Porto,VIA 8 - Santa Marinha (lado shopping),Vila Nova de Gaia,4400-698,41.140343,-8.634051,galp a.s. vila nova de gaia (sul),galp,via 8 - santa marinha (lado shopping),"2,026 €",2026-05-15_dgeg_postos_raw.csv,06987c7b2c8a99e2
2026-05-15,2026-05-15 14:31:32,2026-05-15 04:25:00,917f939ed243c81d,917f939ed243c81d_diesel_regular,GALP A6 A.S. Montemor (Norte),GALP,diesel_regular,Gasóleo simples,Auto-estrada,2.088,Montemor-o-Novo,Évora,"A6 Marateca Caia, Km 55,4 - EN 114",Santa Sofia,7050-349,38.617725,-8.077889,galp a6 a.s. montemor (norte),galp,"a6 marateca caia, km 55,4 - en 114","2,088 €",2026-05-15_dgeg_postos_raw.csv,9bf41c0a052be550
2026-05-15,2026-05-15 14:31:32,2026-05-15 04:25:00,917f939ed243c81d,917f939ed243c81d_diesel_premium,GALP A6 A.S. Montemor (Norte),GALP,diesel_premium,Gasóleo especial,Auto-estrada,2.148,Montemor-o-Novo,Évora,"A6 Marateca Caia, Km 55,4 - EN 114",Santa Sofia,7050-349,38.617725,-8.077889,galp a6 a.s. montemor (norte),galp,"a6 marateca caia, km 55,4 - en 114","2,148 €",2026-05-15_dgeg_postos_raw.csv,3eb7361d08a96552
2026-05-15,2026-05-15 14:31:32,2026-05-15 04:25:00,917f939ed243c81d,917f939ed243c81d_gasoline_95,GALP A6 A.S. Montemor (Norte),GALP,gasoline_95,Gasolina simples 95,Auto-estrada,2.074,Montemor-o-Novo,Évora,"A6 Marateca Caia, Km 55,4 - EN 114",Santa Sofia,7050-349,38.617725,-8.077889,galp a6 a.s. montemor (norte),galp,"a6 marateca caia, km 55,4 - en 114","2,074 €",2026-05-15_dgeg_postos_raw.csv,ad9ee8a074b94654
2026-05-15,2026-05-15 14:31:32,2026-05-15 04:25:00,b5d249ddb1ad15d9,b5d249ddb1ad15d9_diesel_regular,GALP A6 A.S. Montemor (Sul),GALP,diesel_regular,Gasóleo simples,Auto-estrada,2.088,Montemor-o-Novo,Évora,"A6 - Km 55,4 (Marateca/Caia)",Montemor-O-Novo,7050-346,38.617805,-8.081877,galp a6 a.s. montemor (sul),galp,"a6 - km 55,4 (marateca/caia)","2,088 €",2026-05-15_dgeg_postos_raw.csv,f449b7c1455ca4dd
2026-05-15,2026-05-15 14:31:32,2026-05-15 04:25:00,b5d249ddb1ad15d9,b5d249ddb1ad15d9_diesel_premium,GALP A6 A.S. Montemor (Sul),GALP,diesel_premium,Gasóleo especial,Auto-estrada,2.148,Montemor-o-Novo,Évora,"A6 - Km 55,4 (Marateca/Caia)",Montemor-O-Novo,7050-346,38.617805,-8.081877,galp a6 a.s. montemor (sul),galp,"a6 - km 55,4 (marateca/caia)","2,148 €",2026-05-15_dgeg_postos_raw.csv,f3b19fa891d6d432
2026-05-15,2026-05-15 14:31:32,2026-05-15 04:25:00,b5d249ddb1ad15d9,b5d249ddb1ad15d9_gasoline_95,GALP A6 A.S. Montemor (Sul),GALP,gasoline_95,Gasolina simples 95,Auto-estrada,2.074,Montemor-o-Novo,Évora,"A6 - Km 55,4 (Marateca/Caia)",Montemor-O-Novo,7050-346,38.617805,-8.081877,galp a6 a.s. montemor (sul),galp,"a6 - km 55,4 (marateca/caia)","2,074 €",2026-05-15_dgeg_postos_raw.csv,713df207cbff5fde
2026-05-15,2026-05-15 14:31:32,2026-05-15 04:25:00,0105cb493403eab3,0105cb493403eab3_diesel_regular,GALP A25 A.S. Aveiro - Estádio (V/AV),GALP,diesel_regular,Gasóleo simples,Auto-estrada,2.055,Aveiro,Aveiro,"Auto Estrada A25 / Itinerário Principal IP5, ao km 15.200, Sublanço Nó do Estádio",Eixo,3800-911,40.662167,-8.592444,galp a25 a.s. aveiro - estádio (v/av),galp,"auto estrada a25 / itinerário principal ip5, ao km 15.200, sublanço nó do estádio","2,055 €",2026-05-15_dgeg_postos_raw.csv,a25eaf87b74ec02c
2026-05-15,2026-05-15 14:31:32,2026-05-15 04:25:00,0105cb493403eab3,0105cb493403eab3_diesel_premium,GALP A25 A.S. Aveiro - Estádio (V/AV),GALP,diesel_premium,Gasóleo especial,Auto-estrada,2.115,Aveiro,Aveiro,"Auto Estrada A25 / Itinerário Principal IP5, ao km 15.200, Sublanço Nó do Estádio",Eixo,3800-911,40.662167,-8.592444,galp a25 a.s. aveiro - estádio (v/av),galp,"auto estrada a25 / itinerário principal ip5, ao km 15.200, sublanço nó do estádio","2,115 €",2026-05-15_dgeg_postos_raw.csv,39d979abcb9d473c
2026-05-15,2026-05-15 14:31:32,2026-05-15 04:25:00,0105cb493403eab3,0105cb493403eab3_gasoline_95,GALP A25 A.S. Aveiro - Estádio (V/AV),GALP,gasoline_95,Gasolina simples 95,Auto-estrada,2.051,Aveiro,Aveiro,"Auto Estrada A25 / Itinerário Principal IP5, ao km 15.200, Sublanço Nó do Estádio",Eixo,3800-911,40.662167,-8.592444,galp a25 a.s. aveiro - estádio (v/av),galp,"auto estrada a25 / itinerário principal ip5, ao km 15.200, sublanço nó do estádio","2,051 €",2026-05-15_dgeg_postos_raw.csv,95e425c24f27aab5
2026-05-15,2026-05-15 14:31:32,2026-05-15 04:25:00,0105cb493403eab3,0105cb493403eab3_gasoline_98,GALP A25 A.S. Aveiro - Estádio (V/AV),GALP,gasoline_98,Gasolina especial 98,Auto-estrada,2.261,Aveiro,Aveiro,"Auto Estrada A25 / Itinerário Principal IP5, ao km 15.200, Sublanço Nó do Estádio",Eixo,3800-911,40.662167,-8.592444,galp a25 a.s. aveiro - estádio (v/av),galp,"auto estrada a25 / itinerário principal ip5, ao km 15.200, sublanço nó do estádio","2,261 €",2026-05-15_dgeg_postos_raw.csv,838048113e16e9da
2026-05-15,2026-05-15 14:31:32,2026-05-15 04:30:00,77693a5c9aa689de,77693a5c9aa689de_diesel_regular,GALP A25 A.S. Celorico da Beira (11766),GALP,diesel_regular,Gasóleo simples,Auto-estrada,2.1,Celorico da Beira,Guarda,"A25 ao km 145,900",Celorico da Beira,6360-000,40.629696,-7.356882,galp a25 a.s. celorico da beira (11766),galp,"a25 ao km 145,900","2,100 €",2026-05-15_dgeg_postos_raw.csv,e9971091fe5faab8
2026-05-15,2026-05-15 14:31:32,2026-05-15 04:30:00,77693a5c9aa689de,77693a5c9aa689de_diesel_premium,GALP A25 A.S. Celorico da Beira (11766),GALP,diesel_premium,Gasóleo especial,Auto-estrada,2.16,Celorico da Beira,Guarda,"A25 ao km 145,900",Celorico da Beira,6360-000,40.629696,-7.356882,galp a25 a.s. celorico da beira (11766),galp,"a25 ao km 145,900","2,160 €",2026-05-15_dgeg_postos_raw.csv,e801aeac290d9264
2026-05-15,2026-05-15 14:31:32,2026-05-15 04:30:00,77693a5c9aa689de,77693a5c9aa689de_gasoline_95,GALP A25 A.S. Celorico da Beira (11766),GALP,gasoline_95,Gasolina simples 95,Auto-estrada,2.096,Celorico da Beira,Guarda,"A25 ao km 145,900",Celorico da Beira,6360-000,40.629696,-7.356882,galp a25 a.s. celorico da beira (11766),galp,"a25 ao km 145,900","2,096 €",2026-05-15_dgeg_postos_raw.csv,086c902e758628a6
2026-05-15,2026-05-15 14:31:32,2026-05-15 04:30:00,da320be25dca7562,da320be25dca7562_diesel_regular,GALP A25 A.S. Celorico da Beira (11765),GALP,diesel_regular,Gasóleo simples,Auto-estrada,2.1,Celorico da Beira,Guarda,I. P. 5  Km 141,Ratoeira,6360-140,40.630157,-7.357648,galp a25 a.s. celorico da beira (11765),galp,i. p. 5 km 141,"2,100 €",2026-05-15_dgeg_postos_raw.csv,7dd199b943ff826b
2026-05-15,2026-05-15 14:31:32,2026-05-15 04:30:00,da320be25dca7562,da320be25dca7562_diesel_premium,GALP A25 A.S. Celorico da Beira (11765),GALP,diesel_premium,Gasóleo especial,Auto-estrada,2.16,Celorico da Beira,Guarda,I. P. 5  Km 141,Ratoeira,6360-140,40.630157,-7.357648,galp a25 a.s. celorico da beira (11765),galp,i. p. 5 km 141,"2,160 €",2026-05-15_dgeg_postos_raw.csv,79cacabad8048614
2026-05-15,2026-05-15 14:31:32,2026-05-15 04:30:00,da320be25dca7562,da320be25dca7562_gasoline_95,GALP A25 A.S. Celorico da Beira (11765),GALP,gasoline_95,Gasolina simples 95,Auto-estrada,2.096,Celorico da Beira,Guarda,I. P. 5  Km 141,Ratoeira,6360-140,40.630157,-7.357648,galp a25 a.s. celorico da beira (11765),galp,i. p. 5 km 141,"2,096 €",2026-05-15_dgeg_postos_raw.csv,be6cdc0de68a3a7d
2026-05-15,2026-05-15 14:31:32,2026-05-15 04:30:00,5bc307e241f39522,5bc307e241f39522_diesel_regular,GALP Oeiras Parque II,GALP,diesel_regular,Gasóleo simples,Outro,2.079,Oeiras,Lisboa,Av. Engº Álvaro Roquette (Rotunda Shopping),Oeiras,2780-002,38.702644,-9.304674,galp oeiras parque ii,galp,av. engº álvaro roquette (rotunda shopping),"2,079 €",2026-05-15_dgeg_postos_raw.csv,092b75c372cba679
2026-05-15,2026-05-15 14:31:32,2026-05-15 04:30:00,5bc307e241f39522,5bc307e241f39522_diesel_premium,GALP Oeiras Parque II,GALP,diesel_premium,Gasóleo especial,Outro,2.134,Oeiras,Lisboa,Av. Engº Álvaro Roquette (Rotunda Shopping),Oeiras,2780-002,38.702644,-9.304674,galp oeiras parque ii,galp,av. engº álvaro roquette (rotunda shopping),"2,134 €",2026-05-15_dgeg_postos_raw.csv,97d2ef291c3ad7ab
2026-05-15,2026-05-15 14:31:32,2026-05-15 04:30:00,5bc307e241f39522,5bc307e241f39522_gasoline_95,GALP Oeiras Parque II,GALP,gasoline_95,Gasolina simples 95,Outro,2.069,Oeiras,Lisboa,Av. Engº Álvaro Roquette (Rotunda Shopping),Oeiras,2780-002,38.702644,-9.304674,galp oeiras parque ii,galp,av. engº álvaro roquette (rotunda shopping),"2,069 €",2026-05-15_dgeg_postos_raw.csv,866d7b3d682f5b84
2026-05-15,2026-05-15 14:31:32,2026-05-15 04:30:00,5bc307e241f39522,5bc307e241f39522_gasoline_98,GALP Oeiras Parque II,GALP,gasoline_98,Gasolina especial 98,Outro,2.289,Oeiras,Lisboa,Av. Engº Álvaro Roquette (Rotunda Shopping),Oeiras,2780-002,38.702644,-9.304674,galp oeiras parque ii,galp,av. engº álvaro roquette (rotunda shopping),"2,289 €",2026-05-15_dgeg_postos_raw.csv,53053390f4b15bda
2026-05-15,2026-05-15 14:31:32,2026-05-15 04:30:00,ae088a648b15611d,ae088a648b15611d_diesel_regular,GALP Linda-A-Velha,GALP,diesel_regular,Gasóleo simples,Outro,2.079,Oeiras,Lisboa,"AVENIDA 25 DE ABRIL, 10 - 10A",Linda a Velha,2795-195,38.71625,-9.240278,galp linda-a-velha,galp,"avenida 25 de abril, 10 - 10a","2,079 €",2026-05-15_dgeg_postos_raw.csv,2993a0ba5397398c
2026-05-15,2026-05-15 14:31:32,2026-05-15 04:30:00,ae088a648b15611d,ae088a648b15611d_diesel_premium,GALP Linda-A-Velha,GALP,diesel_premium,Gasóleo especial,Outro,2.139,Oeiras,Lisboa,"AVENIDA 25 DE ABRIL, 10 - 10A",Linda a Velha,2795-195,38.71625,-9.240278,galp linda-a-velha,galp,"avenida 25 de abril, 10 - 10a","2,139 €",2026-05-15_dgeg_postos_raw.csv,f78b3f4016b50b5e
2026-05-15,2026-05-15 14:31:32,2026-05-15 04:30:00,ae088a648b15611d,ae088a648b15611d_gasoline_95,GALP Linda-A-Velha,GALP,gasoline_95,Gasolina simples 95,Outro,2.072,Oeiras,Lisboa,"AVENIDA 25 DE ABRIL, 10 - 10A",Linda a Velha,2795-195,38.71625,-9.240278,galp linda-a-velha,galp,"avenida 25 de abril, 10 - 10a","2,072 €",2026-05-15_dgeg_postos_raw.csv,b9b789d136fa8e91
2026-05-15,2026-05-15 14:31:32,2026-05-15 04:30:00,ae088a648b15611d,ae088a648b15611d_gasoline_98,GALP Linda-A-Velha,GALP,gasoline_98,Gasolina especial 98,Outro,2.282,Oeiras,Lisboa,"AVENIDA 25 DE ABRIL, 10 - 10A",Linda a Velha,2795-195,38.71625,-9.240278,galp linda-a-velha,galp,"avenida 25 de abril, 10 - 10a","2,282 €",2026-05-15_dgeg_postos_raw.csv,efe5b1c20cec12cd
2026-05-15,2026-05-15 14:31:32,2026-05-15 04:30:00,6b7eb31489c13577,6b7eb31489c13577_diesel_regular,GALP Senhora da Hora,GALP,diesel_regular,Gasóleo simples,Outro,2.059,Matosinhos,Porto,E.N. 12 – Estrada da Circunvalação – nº 12040,Sra. Hora - Matosinhos,4460-282,41.182222,-8.647778,galp senhora da hora,galp,e.n. 12 – estrada da circunvalação – nº 12040,"2,059 €",2026-05-15_dgeg_postos_raw.csv,38efbe6a51151050
2026-05-15,2026-05-15 14:31:32,2026-05-15 04:30:00,6b7eb31489c13577,6b7eb31489c13577_diesel_premium,GALP Senhora da Hora,GALP,diesel_premium,Gasóleo especial,Outro,2.109,Matosinhos,Porto,E.N. 12 – Estrada da Circunvalação – nº 12040,Sra. Hora - Matosinhos,4460-282,41.182222,-8.647778,galp senhora da hora,galp,e.n. 12 – estrada da circunvalação – nº 12040,"2,109 €",2026-05-15_dgeg_postos_raw.csv,7d392da52ee399f3
2026-05-15,2026-05-15 14:31:32,2026-05-15 04:30:00,6b7eb31489c13577,6b7eb31489c13577_gasoline_95,GALP Senhora da Hora,GALP,gasoline_95,Gasolina simples 95,Outro,2.049,Matosinhos,Porto,E.N. 12 – Estrada da Circunvalação – nº 12040,Sra. Hora - Matosinhos,4460-282,41.182222,-8.647778,galp senhora da hora,galp,e.n. 12 – estrada da circunvalação – nº 12040,"2,049 €",2026-05-15_dgeg_postos_raw.csv,596889c10784bfbe
2026-05-15,2026-05-15 14:31:32,2026-05-15 04:30:00,eb6bbf40a1a738ee,eb6bbf40a1a738ee_diesel_regular,GALP Alto de Valongo,GALP,diesel_regular,Gasóleo simples,Outro,2.019,Valongo,Porto,Av. das Descobertas nº 34,Valongo,4440-575,41.1943,-8.51689,galp alto de valongo,galp,av. das descobertas nº 34,"2,019 €",2026-05-15_dgeg_postos_raw.csv,31ab5fee739401f4
2026-05-15,2026-05-15 14:31:32,2026-05-15 04:30:00,eb6bbf40a1a738ee,eb6bbf40a1a738ee_diesel_premium,GALP Alto de Valongo,GALP,diesel_premium,Gasóleo especial,Outro,2.069,Valongo,Porto,Av. das Descobertas nº 34,Valongo,4440-575,41.1943,-8.51689,galp alto de valongo,galp,av. das descobertas nº 34,"2,069 €",2026-05-15_dgeg_postos_raw.csv,b8bfbf91c10d244e
2026-05-15,2026-05-15 14:31:32,2026-05-15 04:30:00,eb6bbf40a1a738ee,eb6bbf40a1a738ee_gasoline_95,GALP Alto de Valongo,GALP,gasoline_95,Gasolina simples 95,Outro,2.017,Valongo,Porto,Av. das Descobertas nº 34,Valongo,4440-575,41.1943,-8.51689,galp alto de valongo,galp,av. das descobertas nº 34,"2,017 €",2026-05-15_dgeg_postos_raw.csv,c1f5e919fa4296ce
2026-05-15,2026-05-15 14:31:32,2026-05-15 04:30:00,85fce7a6cd26020a,85fce7a6cd26020a_diesel_premium,GALP A.S. BARCELOS,GALP,diesel_premium,Gasóleo especial,Outro,2.105,Barcelos,Braga,Lugar da Devesinha - Circular de Barcelos - Retail Park Barcelos,Barcelos,4750-000,41.5387,-8.621448,galp a.s. barcelos,galp,lugar da devesinha - circular de barcelos - retail park barcelos,"2,105 €",2026-05-15_dgeg_postos_raw.csv,ae0d6d739798d73c
2026-05-15,2026-05-15 14:31:32,2026-05-15 04:30:00,85fce7a6cd26020a,85fce7a6cd26020a_diesel_regular,GALP A.S. BARCELOS,GALP,diesel_regular,Gasóleo simples,Outro,2.055,Barcelos,Braga,Lugar da Devesinha - Circular de Barcelos - Retail Park Barcelos,Barcelos,4750-000,41.5387,-8.621448,galp a.s. barcelos,galp,lugar da devesinha - circular de barcelos - retail park barcelos,"2,055 €",2026-05-15_dgeg_postos_raw.csv,83044b9b987b7526
2026-05-15,2026-05-15 14:31:32,2026-05-15 04:30:00,85fce7a6cd26020a,85fce7a6cd26020a_gasoline_95,GALP A.S. BARCELOS,GALP,gasoline_95,Gasolina simples 95,Outro,2.051,Barcelos,Braga,Lugar da Devesinha - Circular de Barcelos - Retail Park Barcelos,Barcelos,4750-000,41.5387,-8.621448,galp a.s. barcelos,galp,lugar da devesinha - circular de barcelos - retail park barcelos,"2,051 €",2026-05-15_dgeg_postos_raw.csv,6559c2c2d2524ea2
2026-05-15,2026-05-15 14:31:32,2026-05-15 04:30:00,85fce7a6cd26020a,85fce7a6cd26020a_gasoline_98,GALP A.S. BARCELOS,GALP,gasoline_98,Gasolina especial 98,Outro,2.261,Barcelos,Braga,Lugar da Devesinha - Circular de Barcelos - Retail Park Barcelos,Barcelos,4750-000,41.5387,-8.621448,galp a.s. barcelos,galp,lugar da devesinha - circular de barcelos - retail park barcelos,"2,261 €",2026-05-15_dgeg_postos_raw.csv,c7d13c76e286050d
2026-05-15,2026-05-15 14:31:32,2026-05-15 04:35:00,91c48a8604a8c562,91c48a8604a8c562_diesel_premium,P01 - PRIO Marco de Canaveses,PRIO,diesel_premium,Gasóleo especial,Outro,1.919,Marco de Canaveses,Porto,"Avenida Futebol Clube do Porto, nº433 - A",Marco de Canaveses,4630-203,41.177597,-8.150591,p01 - prio marco de canaveses,prio,"avenida futebol clube do porto, nº433 - a","1,919 €",2026-05-15_dgeg_postos_raw.csv,1a4107377b2f1578
2026-05-15,2026-05-15 14:31:32,2026-05-15 04:35:00,91c48a8604a8c562,91c48a8604a8c562_gasoline_95,P01 - PRIO Marco de Canaveses,PRIO,gasoline_95,Gasolina simples 95,Outro,2.014,Marco de Canaveses,Porto,"Avenida Futebol Clube do Porto, nº433 - A",Marco de Canaveses,4630-203,41.177597,-8.150591,p01 - prio marco de canaveses,prio,"avenida futebol clube do porto, nº433 - a","2,014 €",2026-05-15_dgeg_postos_raw.csv,fb0fbea22910753e
2026-05-15,2026-05-15 14:31:32,2026-05-15 04:35:00,5e4af9f013a917a9,5e4af9f013a917a9_diesel_regular,GALP A.S. Alfragide (Lis/Ama),GALP,diesel_regular,Gasóleo simples,Outro,2.079,Oeiras,Lisboa,"E.N. 117 Km 1,668",Alfragide,2720-412,38.733021,-9.224214,galp a.s. alfragide (lis/ama),galp,"e.n. 117 km 1,668","2,079 €",2026-05-15_dgeg_postos_raw.csv,206d06c8a0f41e75
2026-05-15,2026-05-15 14:31:32,2026-05-15 04:35:00,5e4af9f013a917a9,5e4af9f013a917a9_diesel_premium,GALP A.S. Alfragide (Lis/Ama),GALP,diesel_premium,Gasóleo especial,Outro,2.129,Oeiras,Lisboa,"E.N. 117 Km 1,668",Alfragide,2720-412,38.733021,-9.224214,galp a.s. alfragide (lis/ama),galp,"e.n. 117 km 1,668","2,129 €",2026-05-15_dgeg_postos_raw.csv,45f09c8f9e63275c
2026-05-15,2026-05-15 14:31:32,2026-05-15 04:35:00,5e4af9f013a917a9,5e4af9f013a917a9_gasoline_95,GALP A.S. Alfragide (Lis/Ama),GALP,gasoline_95,Gasolina simples 95,Outro,2.076,Oeiras,Lisboa,"E.N. 117 Km 1,668",Alfragide,2720-412,38.733021,-9.224214,galp a.s. alfragide (lis/ama),galp,"e.n. 117 km 1,668","2,076 €",2026-05-15_dgeg_postos_raw.csv,a7b195e74b6be03f
2026-05-15,2026-05-15 14:31:32,2026-05-15 04:35:00,5e4af9f013a917a9,5e4af9f013a917a9_gasoline_98,GALP A.S. Alfragide (Lis/Ama),GALP,gasoline_98,Gasolina especial 98,Outro,2.286,Oeiras,Lisboa,"E.N. 117 Km 1,668",Alfragide,2720-412,38.733021,-9.224214,galp a.s. alfragide (lis/ama),galp,"e.n. 117 km 1,668","2,286 €",2026-05-15_dgeg_postos_raw.csv,10042a24d8ead732
2026-05-15,2026-05-15 14:31:32,2026-05-15 04:35:00,eb3925038c4062a9,eb3925038c4062a9_diesel_regular,GALP A.S. Oeiras (Lisb/Casc),GALP,diesel_regular,Gasóleo simples,Auto-estrada,2.105,Oeiras,Lisboa,A 5 A. E. Lisboa/Cascais Km 9.6,Oeiras,2780-201,38.715042,-9.284689,galp a.s. oeiras (lisb/casc),galp,a 5 a. e. lisboa/cascais km 9.6,"2,105 €",2026-05-15_dgeg_postos_raw.csv,29626d74a03849ef
2026-05-15,2026-05-15 14:31:32,2026-05-15 04:35:00,eb3925038c4062a9,eb3925038c4062a9_diesel_premium,GALP A.S. Oeiras (Lisb/Casc),GALP,diesel_premium,Gasóleo especial,Auto-estrada,2.165,Oeiras,Lisboa,A 5 A. E. Lisboa/Cascais Km 9.6,Oeiras,2780-201,38.715042,-9.284689,galp a.s. oeiras (lisb/casc),galp,a 5 a. e. lisboa/cascais km 9.6,"2,165 €",2026-05-15_dgeg_postos_raw.csv,77e304bc47deb8b2
2026-05-15,2026-05-15 14:31:32,2026-05-15 04:35:00,eb3925038c4062a9,eb3925038c4062a9_gasoline_95,GALP A.S. Oeiras (Lisb/Casc),GALP,gasoline_95,Gasolina simples 95,Auto-estrada,2.101,Oeiras,Lisboa,A 5 A. E. Lisboa/Cascais Km 9.6,Oeiras,2780-201,38.715042,-9.284689,galp a.s. oeiras (lisb/casc),galp,a 5 a. e. lisboa/cascais km 9.6,"2,101 €",2026-05-15_dgeg_postos_raw.csv,0011220e1f1f4fff
2026-05-15,2026-05-15 14:31:32,2026-05-15 04:35:00,eb3925038c4062a9,eb3925038c4062a9_gasoline_98,GALP A.S. Oeiras (Lisb/Casc),GALP,gasoline_98,Gasolina especial 98,Auto-estrada,2.311,Oeiras,Lisboa,A 5 A. E. Lisboa/Cascais Km 9.6,Oeiras,2780-201,38.715042,-9.284689,galp a.s. oeiras (lisb/casc),galp,a 5 a. e. lisboa/cascais km 9.6,"2,311 €",2026-05-15_dgeg_postos_raw.csv,c6095693a40ebd3e
2026-05-15,2026-05-15 14:31:32,2026-05-15 04:35:00,d111c33a9d99210d,d111c33a9d99210d_diesel_regular,GALP A.S. Oeiras (Casc/Lisb),GALP,diesel_regular,Gasóleo simples,Auto-estrada,2.105,Oeiras,Lisboa,"A 5 - Km 9,6 - Cascais/Lisboa",Oeiras,2780-201,38.715027,-9.284626,galp a.s. oeiras (casc/lisb),galp,"a 5 - km 9,6 - cascais/lisboa","2,105 €",2026-05-15_dgeg_postos_raw.csv,6763af139371c4da
2026-05-15,2026-05-15 14:31:32,2026-05-15 04:35:00,d111c33a9d99210d,d111c33a9d99210d_diesel_premium,GALP A.S. Oeiras (Casc/Lisb),GALP,diesel_premium,Gasóleo especial,Auto-estrada,2.165,Oeiras,Lisboa,"A 5 - Km 9,6 - Cascais/Lisboa",Oeiras,2780-201,38.715027,-9.284626,galp a.s. oeiras (casc/lisb),galp,"a 5 - km 9,6 - cascais/lisboa","2,165 €",2026-05-15_dgeg_postos_raw.csv,3b65fc37103bfa4d
2026-05-15,2026-05-15 14:31:32,2026-05-15 04:35:00,d111c33a9d99210d,d111c33a9d99210d_gasoline_95,GALP A.S. Oeiras (Casc/Lisb),GALP,gasoline_95,Gasolina simples 95,Auto-estrada,2.101,Oeiras,Lisboa,"A 5 - Km 9,6 - Cascais/Lisboa",Oeiras,2780-201,38.715027,-9.284626,galp a.s. oeiras (casc/lisb),galp,"a 5 - km 9,6 - cascais/lisboa","2,101 €",2026-05-15_dgeg_postos_raw.csv,bb80b3c17ea31a0b
2026-05-15,2026-05-15 14:31:32,2026-05-15 04:35:00,d111c33a9d99210d,d111c33a9d99210d_gasoline_98,GALP A.S. Oeiras (Casc/Lisb),GALP,gasoline_98,Gasolina especial 98,Auto-estrada,2.311,Oeiras,Lisboa,"A 5 - Km 9,6 - Cascais/Lisboa",Oeiras,2780-201,38.715027,-9.284626,galp a.s. oeiras (casc/lisb),galp,"a 5 - km 9,6 - cascais/lisboa","2,311 €",2026-05-15_dgeg_postos_raw.csv,07cb50c2b55cd302
2026-05-15,2026-05-15 14:31:32,2026-05-15 04:35:00,f4e0571f42f03182,f4e0571f42f03182_diesel_regular,GALP A3 A.S. Trofa (Por/Bra),GALP,diesel_regular,Gasóleo simples,Auto-estrada,2.073,Trofa,Porto,A3 - Km 11 - Lugar de Vilar de Lila,Vilar da Lila,4785-209,41.263548,-8.563295,galp a3 a.s. trofa (por/bra),galp,a3 - km 11 - lugar de vilar de lila,"2,073 €",2026-05-15_dgeg_postos_raw.csv,2906797bf05dec2c
2026-05-15,2026-05-15 14:31:32,2026-05-15 04:35:00,f4e0571f42f03182,f4e0571f42f03182_diesel_premium,GALP A3 A.S. Trofa (Por/Bra),GALP,diesel_premium,Gasóleo especial,Auto-estrada,2.133,Trofa,Porto,A3 - Km 11 - Lugar de Vilar de Lila,Vilar da Lila,4785-209,41.263548,-8.563295,galp a3 a.s. trofa (por/bra),galp,a3 - km 11 - lugar de vilar de lila,"2,133 €",2026-05-15_dgeg_postos_raw.csv,9cbd2a70344440ce
2026-05-15,2026-05-15 14:31:32,2026-05-15 04:35:00,f4e0571f42f03182,f4e0571f42f03182_gasoline_95,GALP A3 A.S. Trofa (Por/Bra),GALP,gasoline_95,Gasolina simples 95,Auto-estrada,2.069,Trofa,Porto,A3 - Km 11 - Lugar de Vilar de Lila,Vilar da Lila,4785-209,41.263548,-8.563295,galp a3 a.s. trofa (por/bra),galp,a3 - km 11 - lugar de vilar de lila,"2,069 €",2026-05-15_dgeg_postos_raw.csv,057fa0fe3b1436d6
2026-05-15,2026-05-15 14:31:32,2026-05-15 04:35:00,f4e0571f42f03182,f4e0571f42f03182_gasoline_98,GALP A3 A.S. Trofa (Por/Bra),GALP,gasoline_98,Gasolina especial 98,Auto-estrada,2.279,Trofa,Porto,A3 - Km 11 - Lugar de Vilar de Lila,Vilar da Lila,4785-209,41.263548,-8.563295,galp a3 a.s. trofa (por/bra),galp,a3 - km 11 - lugar de vilar de lila,"2,279 €",2026-05-15_dgeg_postos_raw.csv,87816fcf874f773a
2026-05-15,2026-05-15 14:31:32,2026-05-15 04:35:00,e8b701e139ed0727,e8b701e139ed0727_diesel_regular,GALP A3 A.S. Trofa (Bra/Por),GALP,diesel_regular,Gasóleo simples,Auto-estrada,2.073,Trofa,Porto,A3 - Km 11 - Lugar de Vilar de Lila,Vilar de Lila,4785-209,41.264493,-8.564415,galp a3 a.s. trofa (bra/por),galp,a3 - km 11 - lugar de vilar de lila,"2,073 €",2026-05-15_dgeg_postos_raw.csv,b387c4306e03850d
2026-05-15,2026-05-15 14:31:32,2026-05-15 04:35:00,e8b701e139ed0727,e8b701e139ed0727_diesel_premium,GALP A3 A.S. Trofa (Bra/Por),GALP,diesel_premium,Gasóleo especial,Auto-estrada,2.133,Trofa,Porto,A3 - Km 11 - Lugar de Vilar de Lila,Vilar de Lila,4785-209,41.264493,-8.564415,galp a3 a.s. trofa (bra/por),galp,a3 - km 11 - lugar de vilar de lila,"2,133 €",2026-05-15_dgeg_postos_raw.csv,3caeb6335afc095e
2026-05-15,2026-05-15 14:31:32,2026-05-15 04:35:00,e8b701e139ed0727,e8b701e139ed0727_gasoline_95,GALP A3 A.S. Trofa (Bra/Por),GALP,gasoline_95,Gasolina simples 95,Auto-estrada,2.069,Trofa,Porto,A3 - Km 11 - Lugar de Vilar de Lila,Vilar de Lila,4785-209,41.264493,-8.564415,galp a3 a.s. trofa (bra/por),galp,a3 - km 11 - lugar de vilar de lila,"2,069 €",2026-05-15_dgeg_postos_raw.csv,202aa835baae1484
2026-05-15,2026-05-15 14:31:32,2026-05-15 04:35:00,e8b701e139ed0727,e8b701e139ed0727_gasoline_98,GALP A3 A.S. Trofa (Bra/Por),GALP,gasoline_98,Gasolina especial 98,Auto-estrada,2.279,Trofa,Porto,A3 - Km 11 - Lugar de Vilar de Lila,Vilar de Lila,4785-209,41.264493,-8.564415,galp a3 a.s. trofa (bra/por),galp,a3 - km 11 - lugar de vilar de lila,"2,279 €",2026-05-15_dgeg_postos_raw.csv,a91d07ef1a29f9bd
2026-05-15,2026-05-15 14:31:32,2026-05-15 04:35:00,759662bd74de7160,759662bd74de7160_diesel_regular,GALP Estoril,GALP,diesel_regular,Gasóleo simples,Outro,2.079,Cascais,Lisboa,"Av. Bombeiros Voluntários, n.º 48-A",Estoril,2765-201,38.7112,-9.393574,galp estoril,galp,"av. bombeiros voluntários, n.º 48-a","2,079 €",2026-05-15_dgeg_postos_raw.csv,d19e10cf7d642f9e
2026-05-15,2026-05-15 14:31:32,2026-05-15 04:35:00,759662bd74de7160,759662bd74de7160_diesel_premium,GALP Estoril,GALP,diesel_premium,Gasóleo especial,Outro,2.139,Cascais,Lisboa,"Av. Bombeiros Voluntários, n.º 48-A",Estoril,2765-201,38.7112,-9.393574,galp estoril,galp,"av. bombeiros voluntários, n.º 48-a","2,139 €",2026-05-15_dgeg_postos_raw.csv,9c7f60e27781b18a
2026-05-15,2026-05-15 14:31:32,2026-05-15 04:35:00,759662bd74de7160,759662bd74de7160_gasoline_95,GALP Estoril,GALP,gasoline_95,Gasolina simples 95,Outro,2.067,Cascais,Lisboa,"Av. Bombeiros Voluntários, n.º 48-A",Estoril,2765-201,38.7112,-9.393574,galp estoril,galp,"av. bombeiros voluntários, n.º 48-a","2,067 €",2026-05-15_dgeg_postos_raw.csv,abb30f9d2b414c7e
2026-05-15,2026-05-15 14:31:32,2026-05-15 04:35:00,759662bd74de7160,759662bd74de7160_gasoline_98,GALP Estoril,GALP,gasoline_98,Gasolina especial 98,Outro,2.277,Cascais,Lisboa,"Av. Bombeiros Voluntários, n.º 48-A",Estoril,2765-201,38.7112,-9.393574,galp estoril,galp,"av. bombeiros voluntários, n.º 48-a","2,277 €",2026-05-15_dgeg_postos_raw.csv,db9d05508a4020b1
2026-05-15,2026-05-15 14:31:32,2026-05-15 04:35:00,d851d4475d0e754c,d851d4475d0e754c_diesel_regular,GALP A.S. Alfragide (Ama/Lis),GALP,diesel_regular,Gasóleo simples,Outro,2.079,Amadora,Lisboa,"E.N. 117 Km 1,668",Alfragide,2720-412,38.733336,-9.223605,galp a.s. alfragide (ama/lis),galp,"e.n. 117 km 1,668","2,079 €",2026-05-15_dgeg_postos_raw.csv,802f89036e8cba80
2026-05-15,2026-05-15 14:31:32,2026-05-15 04:35:00,d851d4475d0e754c,d851d4475d0e754c_diesel_premium,GALP A.S. Alfragide (Ama/Lis),GALP,diesel_premium,Gasóleo especial,Outro,2.129,Amadora,Lisboa,"E.N. 117 Km 1,668",Alfragide,2720-412,38.733336,-9.223605,galp a.s. alfragide (ama/lis),galp,"e.n. 117 km 1,668","2,129 €",2026-05-15_dgeg_postos_raw.csv,63a2df0fd4d11c84
2026-05-15,2026-05-15 14:31:32,2026-05-15 04:35:00,d851d4475d0e754c,d851d4475d0e754c_gasoline_95,GALP A.S. Alfragide (Ama/Lis),GALP,gasoline_95,Gasolina simples 95,Outro,2.076,Amadora,Lisboa,"E.N. 117 Km 1,668",Alfragide,2720-412,38.733336,-9.223605,galp a.s. alfragide (ama/lis),galp,"e.n. 117 km 1,668","2,076 €",2026-05-15_dgeg_postos_raw.csv,408d1ee823c584db
2026-05-15,2026-05-15 14:31:32,2026-05-15 04:35:00,d851d4475d0e754c,d851d4475d0e754c_gasoline_98,GALP A.S. Alfragide (Ama/Lis),GALP,gasoline_98,Gasolina especial 98,Outro,2.286,Amadora,Lisboa,"E.N. 117 Km 1,668",Alfragide,2720-412,38.733336,-9.223605,galp a.s. alfragide (ama/lis),galp,"e.n. 117 km 1,668","2,286 €",2026-05-15_dgeg_postos_raw.csv,d6fbcdf13863c4c3
2026-05-15,2026-05-15 14:31:32,2026-05-15 04:40:00,15d637fd0b2e0f8d,15d637fd0b2e0f8d_diesel_regular,GALP São João Madeira I,GALP,diesel_regular,Gasóleo simples,Outro,2.029,São João da Madeira,Aveiro,Av. da Liberdade - Travessas,Travessas,3700-000,40.893751,-8.482514,galp são joão madeira i,galp,av. da liberdade - travessas,"2,029 €",2026-05-15_dgeg_postos_raw.csv,1ecdf430f7532651
2026-05-15,2026-05-15 14:31:32,2026-05-15 04:40:00,15d637fd0b2e0f8d,15d637fd0b2e0f8d_diesel_premium,GALP São João Madeira I,GALP,diesel_premium,Gasóleo especial,Outro,2.079,São João da Madeira,Aveiro,Av. da Liberdade - Travessas,Travessas,3700-000,40.893751,-8.482514,galp são joão madeira i,galp,av. da liberdade - travessas,"2,079 €",2026-05-15_dgeg_postos_raw.csv,17cfa757291a15d6
2026-05-15,2026-05-15 14:31:32,2026-05-15 04:40:00,15d637fd0b2e0f8d,15d637fd0b2e0f8d_gasoline_95,GALP São João Madeira I,GALP,gasoline_95,Gasolina simples 95,Outro,2.026,São João da Madeira,Aveiro,Av. da Liberdade - Travessas,Travessas,3700-000,40.893751,-8.482514,galp são joão madeira i,galp,av. da liberdade - travessas,"2,026 €",2026-05-15_dgeg_postos_raw.csv,e4017fc7129d4601
2026-05-15,2026-05-15 14:31:32,2026-05-15 04:40:00,73663516a47599f4,73663516a47599f4_diesel_regular,GALP A.S. Águas Santas (Porto/Amar),GALP,diesel_regular,Gasóleo simples,Auto-estrada,2.095,Maia,Porto,"A 4 - Km 9,8 - Porto/Amarante",Maia,4425-547,41.19994,-8.566581,galp a.s. águas santas (porto/amar),galp,"a 4 - km 9,8 - porto/amarante","2,095 €",2026-05-15_dgeg_postos_raw.csv,8f923dd3574855e6
2026-05-15,2026-05-15 14:31:32,2026-05-15 04:40:00,73663516a47599f4,73663516a47599f4_diesel_premium,GALP A.S. Águas Santas (Porto/Amar),GALP,diesel_premium,Gasóleo especial,Auto-estrada,2.165,Maia,Porto,"A 4 - Km 9,8 - Porto/Amarante",Maia,4425-547,41.19994,-8.566581,galp a.s. águas santas (porto/amar),galp,"a 4 - km 9,8 - porto/amarante","2,165 €",2026-05-15_dgeg_postos_raw.csv,be1597b7953230b9
2026-05-15,2026-05-15 14:31:32,2026-05-15 04:40:00,73663516a47599f4,73663516a47599f4_gasoline_95,GALP A.S. Águas Santas (Porto/Amar),GALP,gasoline_95,Gasolina simples 95,Auto-estrada,2.096,Maia,Porto,"A 4 - Km 9,8 - Porto/Amarante",Maia,4425-547,41.19994,-8.566581,galp a.s. águas santas (porto/amar),galp,"a 4 - km 9,8 - porto/amarante","2,096 €",2026-05-15_dgeg_postos_raw.csv,f842eeed8b18154c
2026-05-15,2026-05-15 14:31:32,2026-05-15 04:40:00,73663516a47599f4,73663516a47599f4_gasoline_98,GALP A.S. Águas Santas (Porto/Amar),GALP,gasoline_98,Gasolina especial 98,Auto-estrada,2.306,Maia,Porto,"A 4 - Km 9,8 - Porto/Amarante",Maia,4425-547,41.19994,-8.566581,galp a.s. águas santas (porto/amar),galp,"a 4 - km 9,8 - porto/amarante","2,306 €",2026-05-15_dgeg_postos_raw.csv,3bf068445f7bef39
2026-05-15,2026-05-15 14:31:32,2026-05-15 04:40:00,badcc3b1a4a69f9e,badcc3b1a4a69f9e_diesel_regular,GALP A.S. Águas Santas (Amar/Porto),GALP,diesel_regular,Gasóleo simples,Auto-estrada,2.095,Maia,Porto,"A4- A.E.Amarante/Porto, Km 9.8",Maia,4425-547,41.20092,-8.568215,galp a.s. águas santas (amar/porto),galp,"a4- a.e.amarante/porto, km 9.8","2,095 €",2026-05-15_dgeg_postos_raw.csv,12e2c2b97f3642df
2026-05-15,2026-05-15 14:31:32,2026-05-15 04:40:00,badcc3b1a4a69f9e,badcc3b1a4a69f9e_diesel_premium,GALP A.S. Águas Santas (Amar/Porto),GALP,diesel_premium,Gasóleo especial,Auto-estrada,2.165,Maia,Porto,"A4- A.E.Amarante/Porto, Km 9.8",Maia,4425-547,41.20092,-8.568215,galp a.s. águas santas (amar/porto),galp,"a4- a.e.amarante/porto, km 9.8","2,165 €",2026-05-15_dgeg_postos_raw.csv,d55e451657434ce9
2026-05-15,2026-05-15 14:31:32,2026-05-15 04:40:00,badcc3b1a4a69f9e,badcc3b1a4a69f9e_gasoline_95,GALP A.S. Águas Santas (Amar/Porto),GALP,gasoline_95,Gasolina simples 95,Auto-estrada,2.096,Maia,Porto,"A4- A.E.Amarante/Porto, Km 9.8",Maia,4425-547,41.20092,-8.568215,galp a.s. águas santas (amar/porto),galp,"a4- a.e.amarante/porto, km 9.8","2,096 €",2026-05-15_dgeg_postos_raw.csv,3e04d763f8b8174d
2026-05-15,2026-05-15 14:31:32,2026-05-15 04:40:00,badcc3b1a4a69f9e,badcc3b1a4a69f9e_gasoline_98,GALP A.S. Águas Santas (Amar/Porto),GALP,gasoline_98,Gasolina especial 98,Auto-estrada,2.306,Maia,Porto,"A4- A.E.Amarante/Porto, Km 9.8",Maia,4425-547,41.20092,-8.568215,galp a.s. águas santas (amar/porto),galp,"a4- a.e.amarante/porto, km 9.8","2,306 €",2026-05-15_dgeg_postos_raw.csv,a7b89ea069091144
2026-05-15,2026-05-15 14:31:32,2026-05-15 04:40:00,0ad3b470ead82914,0ad3b470ead82914_diesel_regular,Galp A.S. Pombal (S/N),GALP,diesel_regular,Gasóleo simples,Auto-estrada,2.098,Pombal,Leiria,"A 1 - Km 166,7 - Lisboa/Porto",Pombal,3100-000,40.01132,-8.600008,galp a.s. pombal (s/n),galp,"a 1 - km 166,7 - lisboa/porto","2,098 €",2026-05-15_dgeg_postos_raw.csv,aab632c210ad8d18
2026-05-15,2026-05-15 14:31:32,2026-05-15 04:40:00,0ad3b470ead82914,0ad3b470ead82914_diesel_premium,Galp A.S. Pombal (S/N),GALP,diesel_premium,Gasóleo especial,Auto-estrada,2.168,Pombal,Leiria,"A 1 - Km 166,7 - Lisboa/Porto",Pombal,3100-000,40.01132,-8.600008,galp a.s. pombal (s/n),galp,"a 1 - km 166,7 - lisboa/porto","2,168 €",2026-05-15_dgeg_postos_raw.csv,8330a5641550d3e7
2026-05-15,2026-05-15 14:31:32,2026-05-15 04:40:00,0ad3b470ead82914,0ad3b470ead82914_gasoline_95,Galp A.S. Pombal (S/N),GALP,gasoline_95,Gasolina simples 95,Auto-estrada,2.089,Pombal,Leiria,"A 1 - Km 166,7 - Lisboa/Porto",Pombal,3100-000,40.01132,-8.600008,galp a.s. pombal (s/n),galp,"a 1 - km 166,7 - lisboa/porto","2,089 €",2026-05-15_dgeg_postos_raw.csv,4334169b94aef4d3
2026-05-15,2026-05-15 14:31:32,2026-05-15 04:40:00,0ad3b470ead82914,0ad3b470ead82914_gasoline_98,Galp A.S. Pombal (S/N),GALP,gasoline_98,Gasolina especial 98,Auto-estrada,2.299,Pombal,Leiria,"A 1 - Km 166,7 - Lisboa/Porto",Pombal,3100-000,40.01132,-8.600008,galp a.s. pombal (s/n),galp,"a 1 - km 166,7 - lisboa/porto","2,299 €",2026-05-15_dgeg_postos_raw.csv,d558f6d840bcbfea
2026-05-15,2026-05-15 14:31:32,2026-05-15 04:40:00,e95f718eea86f49b,e95f718eea86f49b_diesel_regular,Galp A.S. Pombal (N/S),GALP,diesel_regular,Gasóleo simples,Auto-estrada,2.098,Pombal,Leiria,"A1 - Km 166,7 - Porto/Lisboa",Redinha,3100-000,40.01513,-8.59995,galp a.s. pombal (n/s),galp,"a1 - km 166,7 - porto/lisboa","2,098 €",2026-05-15_dgeg_postos_raw.csv,c27a1f474a24e973
2026-05-15,2026-05-15 14:31:32,2026-05-15 04:40:00,e95f718eea86f49b,e95f718eea86f49b_diesel_premium,Galp A.S. Pombal (N/S),GALP,diesel_premium,Gasóleo especial,Auto-estrada,2.168,Pombal,Leiria,"A1 - Km 166,7 - Porto/Lisboa",Redinha,3100-000,40.01513,-8.59995,galp a.s. pombal (n/s),galp,"a1 - km 166,7 - porto/lisboa","2,168 €",2026-05-15_dgeg_postos_raw.csv,5ddded892ca2ff1b
2026-05-15,2026-05-15 14:31:32,2026-05-15 04:40:00,e95f718eea86f49b,e95f718eea86f49b_gasoline_95,Galp A.S. Pombal (N/S),GALP,gasoline_95,Gasolina simples 95,Auto-estrada,2.089,Pombal,Leiria,"A1 - Km 166,7 - Porto/Lisboa",Redinha,3100-000,40.01513,-8.59995,galp a.s. pombal (n/s),galp,"a1 - km 166,7 - porto/lisboa","2,089 €",2026-05-15_dgeg_postos_raw.csv,a3c02111019b2cb8
2026-05-15,2026-05-15 14:31:32,2026-05-15 04:40:00,e95f718eea86f49b,e95f718eea86f49b_gasoline_98,Galp A.S. Pombal (N/S),GALP,gasoline_98,Gasolina especial 98,Auto-estrada,2.299,Pombal,Leiria,"A1 - Km 166,7 - Porto/Lisboa",Redinha,3100-000,40.01513,-8.59995,galp a.s. pombal (n/s),galp,"a1 - km 166,7 - porto/lisboa","2,299 €",2026-05-15_dgeg_postos_raw.csv,8eabb374fb023782
2026-05-15,2026-05-15 14:31:32,2026-05-15 04:40:00,4adc2b580f74226d,4adc2b580f74226d_diesel_regular,GALP A.S. A7 Ceide (Famalicão/Guimarães),GALP,diesel_regular,Gasóleo simples,Auto-estrada,2.055,Vila Nova de Famalicão,Braga,"A 7 - Km 23,5 - Famalicão/Guimarães",Lagoa,4770-281,41.389107,-8.480149,galp a.s. a7 ceide (famalicão/guimarães),galp,"a 7 - km 23,5 - famalicão/guimarães","2,055 €",2026-05-15_dgeg_postos_raw.csv,18f92a9945d751ef
2026-05-15,2026-05-15 14:31:32,2026-05-15 04:40:00,4adc2b580f74226d,4adc2b580f74226d_diesel_premium,GALP A.S. A7 Ceide (Famalicão/Guimarães),GALP,diesel_premium,Gasóleo especial,Auto-estrada,2.115,Vila Nova de Famalicão,Braga,"A 7 - Km 23,5 - Famalicão/Guimarães",Lagoa,4770-281,41.389107,-8.480149,galp a.s. a7 ceide (famalicão/guimarães),galp,"a 7 - km 23,5 - famalicão/guimarães","2,115 €",2026-05-15_dgeg_postos_raw.csv,5d338bf8273c8941
2026-05-15,2026-05-15 14:31:32,2026-05-15 04:40:00,4adc2b580f74226d,4adc2b580f74226d_gasoline_95,GALP A.S. A7 Ceide (Famalicão/Guimarães),GALP,gasoline_95,Gasolina simples 95,Auto-estrada,2.051,Vila Nova de Famalicão,Braga,"A 7 - Km 23,5 - Famalicão/Guimarães",Lagoa,4770-281,41.389107,-8.480149,galp a.s. a7 ceide (famalicão/guimarães),galp,"a 7 - km 23,5 - famalicão/guimarães","2,051 €",2026-05-15_dgeg_postos_raw.csv,70048e318c3f3024
2026-05-15,2026-05-15 14:31:32,2026-05-15 04:40:00,4adc2b580f74226d,4adc2b580f74226d_gasoline_98,GALP A.S. A7 Ceide (Famalicão/Guimarães),GALP,gasoline_98,Gasolina especial 98,Auto-estrada,2.261,Vila Nova de Famalicão,Braga,"A 7 - Km 23,5 - Famalicão/Guimarães",Lagoa,4770-281,41.389107,-8.480149,galp a.s. a7 ceide (famalicão/guimarães),galp,"a 7 - km 23,5 - famalicão/guimarães","2,261 €",2026-05-15_dgeg_postos_raw.csv,f8a39ad46cc23925
2026-05-15,2026-05-15 14:31:32,2026-05-15 04:40:00,9170726f1080fff8,9170726f1080fff8_diesel_regular,GALP A.S. A7 Ceide (Guimarães/Famalicão),GALP,diesel_regular,Gasóleo simples,Auto-estrada,2.055,Vila Nova de Famalicão,Braga,"A 7 - Km 23,5 - Guimarães/Famalicão",Lagoa,4770-281,41.390728,-8.480057,galp a.s. a7 ceide (guimarães/famalicão),galp,"a 7 - km 23,5 - guimarães/famalicão","2,055 €",2026-05-15_dgeg_postos_raw.csv,6fb32ed95cd535ee
2026-05-15,2026-05-15 14:31:32,2026-05-15 04:40:00,9170726f1080fff8,9170726f1080fff8_diesel_premium,GALP A.S. A7 Ceide (Guimarães/Famalicão),GALP,diesel_premium,Gasóleo especial,Auto-estrada,2.115,Vila Nova de Famalicão,Braga,"A 7 - Km 23,5 - Guimarães/Famalicão",Lagoa,4770-281,41.390728,-8.480057,galp a.s. a7 ceide (guimarães/famalicão),galp,"a 7 - km 23,5 - guimarães/famalicão","2,115 €",2026-05-15_dgeg_postos_raw.csv,2441f4efee0a50e0
2026-05-15,2026-05-15 14:31:32,2026-05-15 04:40:00,72535fb5e760f25c,72535fb5e760f25c_diesel_premium,P02 - PRIO Azurém,PRIO,diesel_premium,Gasóleo especial,Outro,1.919,Guimarães,Braga,Rua Moura Machado,Guimarães,4800-056,41.45848,-8.29483,p02 - prio azurém,prio,rua moura machado,"1,919 €",2026-05-15_dgeg_postos_raw.csv,d037771d9b21fe84
2026-05-15,2026-05-15 14:31:32,2026-05-15 04:40:00,72535fb5e760f25c,72535fb5e760f25c_gasoline_95,P02 - PRIO Azurém,PRIO,gasoline_95,Gasolina simples 95,Outro,2.014,Guimarães,Braga,Rua Moura Machado,Guimarães,4800-056,41.45848,-8.29483,p02 - prio azurém,prio,rua moura machado,"2,014 €",2026-05-15_dgeg_postos_raw.csv,a38e74320ce2788c
2026-05-15,2026-05-15 14:31:32,2026-05-15 04:40:00,01e82d0560ef0e36,01e82d0560ef0e36_diesel_premium,P05 - PRIO Donim,PRIO,diesel_premium,Gasóleo especial,Outro,1.929,Guimarães,Braga,"EN 310, Km 7.500 D (Rua de Vessadas) - Rua D. Afonso Henriques",Donim,4805-178,41.524834,-8.300799,p05 - prio donim,prio,"en 310, km 7.500 d (rua de vessadas) - rua d. afonso henriques","1,929 €",2026-05-15_dgeg_postos_raw.csv,80aff33a916ba42c
2026-05-15,2026-05-15 14:31:32,2026-05-15 04:40:00,01e82d0560ef0e36,01e82d0560ef0e36_gasoline_95,P05 - PRIO Donim,PRIO,gasoline_95,Gasolina simples 95,Outro,2.014,Guimarães,Braga,"EN 310, Km 7.500 D (Rua de Vessadas) - Rua D. Afonso Henriques",Donim,4805-178,41.524834,-8.300799,p05 - prio donim,prio,"en 310, km 7.500 d (rua de vessadas) - rua d. afonso henriques","2,014 €",2026-05-15_dgeg_postos_raw.csv,d695ae0bb36a72ad
2026-05-15,2026-05-15 14:31:32,2026-05-15 04:40:00,0b482c662fe0699d,0b482c662fe0699d_diesel_premium,P07 - PRIO Roriz,PRIO,diesel_premium,Gasóleo especial,Outro,1.959,Barcelos,Braga,Lugar de Pateirão,Roriz,4750-658,41.590607,-8.585564,p07 - prio roriz,prio,lugar de pateirão,"1,959 €",2026-05-15_dgeg_postos_raw.csv,8fb6bf8f7ac64252
2026-05-15,2026-05-15 14:31:32,2026-05-15 04:40:00,0b482c662fe0699d,0b482c662fe0699d_gasoline_95,P07 - PRIO Roriz,PRIO,gasoline_95,Gasolina simples 95,Outro,1.959,Barcelos,Braga,Lugar de Pateirão,Roriz,4750-658,41.590607,-8.585564,p07 - prio roriz,prio,lugar de pateirão,"1,959 €",2026-05-15_dgeg_postos_raw.csv,38f3785d152ec2d9
2026-05-15,2026-05-15 14:31:32,2026-05-15 04:40:00,f3b75f5974fdefc8,f3b75f5974fdefc8_diesel_premium,P06 - PRIO Pevidém,PRIO,diesel_premium,Gasóleo especial,Outro,1.919,Guimarães,Braga,"Rua da Circunvalação, 2431",Guimarães,4835-315,41.43292,-8.345817,p06 - prio pevidém,prio,"rua da circunvalação, 2431","1,919 €",2026-05-15_dgeg_postos_raw.csv,06360c6a51020b1e
2026-05-15,2026-05-15 14:31:32,2026-05-15 04:40:00,f3b75f5974fdefc8,f3b75f5974fdefc8_gasoline_95,P06 - PRIO Pevidém,PRIO,gasoline_95,Gasolina simples 95,Outro,1.919,Guimarães,Braga,"Rua da Circunvalação, 2431",Guimarães,4835-315,41.43292,-8.345817,p06 - prio pevidém,prio,"rua da circunvalação, 2431","1,919 €",2026-05-15_dgeg_postos_raw.csv,1d47831101cb403e
2026-05-15,2026-05-15 14:31:32,2026-05-15 04:40:00,ede8dfdd0ae501d2,ede8dfdd0ae501d2_diesel_premium,P03 - PRIO Chaves I,PRIO,diesel_premium,Gasóleo especial,Outro,1.964,Chaves,Vila Real,Av. da Cocanha,Outeiro Seco,5400-672,41.767975,-7.467495,p03 - prio chaves i,prio,av. da cocanha,"1,964 €",2026-05-15_dgeg_postos_raw.csv,5163b21751680095
2026-05-15,2026-05-15 14:31:32,2026-05-15 04:40:00,ede8dfdd0ae501d2,ede8dfdd0ae501d2_gasoline_95,P03 - PRIO Chaves I,PRIO,gasoline_95,Gasolina simples 95,Outro,2.014,Chaves,Vila Real,Av. da Cocanha,Outeiro Seco,5400-672,41.767975,-7.467495,p03 - prio chaves i,prio,av. da cocanha,"2,014 €",2026-05-15_dgeg_postos_raw.csv,257a2284fc30463a
2026-05-15,2026-05-15 14:31:32,2026-05-15 04:40:00,8a30b8f7613a0c26,8a30b8f7613a0c26_diesel_premium,P10 - PRIO Rio de Moinhos,PRIO,diesel_premium,Gasóleo especial,Outro,1.934,Penafiel,Porto,Rua Penedo da Pena nº 94,Rio de Moinhos,4575-499,41.116383,-8.268588,p10 - prio rio de moinhos,prio,rua penedo da pena nº 94,"1,934 €",2026-05-15_dgeg_postos_raw.csv,cd0bfecb7018cb7f
2026-05-15,2026-05-15 14:31:32,2026-05-15 04:40:00,8a30b8f7613a0c26,8a30b8f7613a0c26_gasoline_95,P10 - PRIO Rio de Moinhos,PRIO,gasoline_95,Gasolina simples 95,Outro,2.014,Penafiel,Porto,Rua Penedo da Pena nº 94,Rio de Moinhos,4575-499,41.116383,-8.268588,p10 - prio rio de moinhos,prio,rua penedo da pena nº 94,"2,014 €",2026-05-15_dgeg_postos_raw.csv,d4cb99a9d058602a
2026-05-15,2026-05-15 14:31:32,2026-05-15 04:40:00,94217b41a87fa672,94217b41a87fa672_diesel_premium,P09 – PRIO Bustelo - Oliveira Azeméis,PRIO,diesel_premium,Gasóleo especial,Outro,1.944,Oliveira de Azeméis,Aveiro,"Rua do Centro Vidreiro, 1285",Bustelo,3720-626,40.86472,-8.460683,p09 – prio bustelo - oliveira azeméis,prio,"rua do centro vidreiro, 1285","1,944 €",2026-05-15_dgeg_postos_raw.csv,d55bf444d02a0e42
2026-05-15,2026-05-15 14:31:32,2026-05-15 04:40:00,94217b41a87fa672,94217b41a87fa672_gasoline_95,P09 – PRIO Bustelo - Oliveira Azeméis,PRIO,gasoline_95,Gasolina simples 95,Outro,2.014,Oliveira de Azeméis,Aveiro,"Rua do Centro Vidreiro, 1285",Bustelo,3720-626,40.86472,-8.460683,p09 – prio bustelo - oliveira azeméis,prio,"rua do centro vidreiro, 1285","2,014 €",2026-05-15_dgeg_postos_raw.csv,1b07059c273c0d8e
2026-05-15,2026-05-15 14:31:32,2026-05-15 04:45:00,7be09e179bc11465,7be09e179bc11465_diesel_premium,P11 - PRIO Canidelo,PRIO,diesel_premium,Gasóleo especial,Outro,1.979,Vila do Conde,Porto,"RUA SANTA EUFÉMIA, Nº174",Canidelo,4485-060,41.312733,-8.634278,p11 - prio canidelo,prio,"rua santa eufémia, nº174","1,979 €",2026-05-15_dgeg_postos_raw.csv,46f236f0369f438d
2026-05-15,2026-05-15 14:31:32,2026-05-15 04:45:00,7be09e179bc11465,7be09e179bc11465_gasoline_95,P11 - PRIO Canidelo,PRIO,gasoline_95,Gasolina simples 95,Outro,2.014,Vila do Conde,Porto,"RUA SANTA EUFÉMIA, Nº174",Canidelo,4485-060,41.312733,-8.634278,p11 - prio canidelo,prio,"rua santa eufémia, nº174","2,014 €",2026-05-15_dgeg_postos_raw.csv,78ac59760bd0d455
2026-05-15,2026-05-15 14:31:32,2026-05-15 04:45:00,2fcf975ab061cc3c,2fcf975ab061cc3c_diesel_premium,P19 - PRIO Rossas- Ermal,PRIO,diesel_premium,Gasóleo especial,Outro,1.954,Vieira do Minho,Braga,Lugar da Trasleira,Trasleira,4850-312,41.5706,-8.110082,p19 - prio rossas- ermal,prio,lugar da trasleira,"1,954 €",2026-05-15_dgeg_postos_raw.csv,b822bcd6c88293ef
2026-05-15,2026-05-15 14:31:32,2026-05-15 04:45:00,82d92151604b30dd,82d92151604b30dd_diesel_regular,GALP AS Alcácer - Olival Queimado,GALP,diesel_regular,Gasóleo simples,Outro,2.055,Alcácer do Sal,Setúbal,Avenida José Saramago - Quinta do Olival Queimado,Alcácer do Sal,7580-206,38.39214,-8.513861,galp as alcácer - olival queimado,galp,avenida josé saramago - quinta do olival queimado,"2,055 €",2026-05-15_dgeg_postos_raw.csv,1c14eb13240a5aba
2026-05-15,2026-05-15 14:31:32,2026-05-15 04:45:00,82d92151604b30dd,82d92151604b30dd_diesel_premium,GALP AS Alcácer - Olival Queimado,GALP,diesel_premium,Gasóleo especial,Outro,2.105,Alcácer do Sal,Setúbal,Avenida José Saramago - Quinta do Olival Queimado,Alcácer do Sal,7580-206,38.39214,-8.513861,galp as alcácer - olival queimado,galp,avenida josé saramago - quinta do olival queimado,"2,105 €",2026-05-15_dgeg_postos_raw.csv,3147143be801cb15
2026-05-15,2026-05-15 14:31:32,2026-05-15 04:45:00,82d92151604b30dd,82d92151604b30dd_gasoline_95,GALP AS Alcácer - Olival Queimado,GALP,gasoline_95,Gasolina simples 95,Outro,2.051,Alcácer do Sal,Setúbal,Avenida José Saramago - Quinta do Olival Queimado,Alcácer do Sal,7580-206,38.39214,-8.513861,galp as alcácer - olival queimado,galp,avenida josé saramago - quinta do olival queimado,"2,051 €",2026-05-15_dgeg_postos_raw.csv,82e86f717cfbf6a7
2026-05-15,2026-05-15 14:31:32,2026-05-15 04:45:00,505e22ba8c85e3a4,505e22ba8c85e3a4_diesel_premium,P12 - PRIO Porto - Estrada Circunvalação,PRIO,diesel_premium,Gasóleo especial,Outro,1.954,Porto,Porto,Estrada Interior da Circunvalação n.º 10783 e 10853,Porto,4250-252,41.180435,-8.635366,p12 - prio porto - estrada circunvalação,prio,estrada interior da circunvalação n.º 10783 e 10853,"1,954 €",2026-05-15_dgeg_postos_raw.csv,9790615c1da12923
2026-05-15,2026-05-15 14:31:32,2026-05-15 04:45:00,505e22ba8c85e3a4,505e22ba8c85e3a4_gasoline_95,P12 - PRIO Porto - Estrada Circunvalação,PRIO,gasoline_95,Gasolina simples 95,Outro,2.014,Porto,Porto,Estrada Interior da Circunvalação n.º 10783 e 10853,Porto,4250-252,41.180435,-8.635366,p12 - prio porto - estrada circunvalação,prio,estrada interior da circunvalação n.º 10783 e 10853,"2,014 €",2026-05-15_dgeg_postos_raw.csv,43116f16bd8a20f4
2026-05-15,2026-05-15 14:31:32,2026-05-15 04:45:00,2fcf975ab061cc3c,2fcf975ab061cc3c_gasoline_95,P19 - PRIO Rossas- Ermal,PRIO,gasoline_95,Gasolina simples 95,Outro,1.944,Vieira do Minho,Braga,Lugar da Trasleira,Trasleira,4850-312,41.5706,-8.110082,p19 - prio rossas- ermal,prio,lugar da trasleira,"1,944 €",2026-05-15_dgeg_postos_raw.csv,dc0fd91dea5e1411
2026-05-15,2026-05-15 14:31:32,2026-05-15 04:45:00,e67a1c0b16dba9ad,e67a1c0b16dba9ad_diesel_premium,P18 - PRIO Refoios do Lima,PRIO,diesel_premium,Gasóleo especial,Outro,1.979,Ponte de Lima,Viana do Castelo,"Lugar de Bairro, N202 - Refoios do Lima",Ponte de Lima,4990-036,41.793465,-8.534441,p18 - prio refoios do lima,prio,"lugar de bairro, n202 - refoios do lima","1,979 €",2026-05-15_dgeg_postos_raw.csv,e3c2f2bda2187365
2026-05-15,2026-05-15 14:31:32,2026-05-15 04:45:00,e67a1c0b16dba9ad,e67a1c0b16dba9ad_gasoline_95,P18 - PRIO Refoios do Lima,PRIO,gasoline_95,Gasolina simples 95,Outro,2.014,Ponte de Lima,Viana do Castelo,"Lugar de Bairro, N202 - Refoios do Lima",Ponte de Lima,4990-036,41.793465,-8.534441,p18 - prio refoios do lima,prio,"lugar de bairro, n202 - refoios do lima","2,014 €",2026-05-15_dgeg_postos_raw.csv,56555641645cb7b5
2026-05-15,2026-05-15 14:31:32,2026-05-15 04:45:00,fcfb331e024055a3,fcfb331e024055a3_diesel_premium,P16 - PRIO Correlhã,PRIO,diesel_premium,Gasóleo especial,Outro,1.949,Ponte de Lima,Viana do Castelo,Rua Vila Corneliana,Ponte de Lima,4990-107,41.744167,-8.609926,p16 - prio correlhã,prio,rua vila corneliana,"1,949 €",2026-05-15_dgeg_postos_raw.csv,6ad49b36fd81bebb
2026-05-15,2026-05-15 14:31:32,2026-05-15 04:45:00,fcfb331e024055a3,fcfb331e024055a3_gasoline_95,P16 - PRIO Correlhã,PRIO,gasoline_95,Gasolina simples 95,Outro,2.014,Ponte de Lima,Viana do Castelo,Rua Vila Corneliana,Ponte de Lima,4990-107,41.744167,-8.609926,p16 - prio correlhã,prio,rua vila corneliana,"2,014 €",2026-05-15_dgeg_postos_raw.csv,e0b8d7aa559c477b
2026-05-15,2026-05-15 14:31:32,2026-05-15 04:45:00,b10d21601843a397,b10d21601843a397_diesel_premium,P15 - PRIO Vila Verde,PRIO,diesel_premium,Gasóleo especial,Outro,1.944,Vila Verde,Braga,Largo do Bom Retiro,Vila Verde,4730-729,41.65563,-8.431852,p15 - prio vila verde,prio,largo do bom retiro,"1,944 €",2026-05-15_dgeg_postos_raw.csv,dcc6928ea95521ae
2026-05-15,2026-05-15 14:31:32,2026-05-15 04:45:00,b10d21601843a397,b10d21601843a397_gasoline_95,P15 - PRIO Vila Verde,PRIO,gasoline_95,Gasolina simples 95,Outro,2.014,Vila Verde,Braga,Largo do Bom Retiro,Vila Verde,4730-729,41.65563,-8.431852,p15 - prio vila verde,prio,largo do bom retiro,"2,014 €",2026-05-15_dgeg_postos_raw.csv,f6c8328af86efa61
2026-05-15,2026-05-15 14:31:32,2026-05-15 04:45:00,925201431a938762,925201431a938762_diesel_premium,P17 - PRIO Portela Vade,PRIO,diesel_premium,Gasóleo especial,Outro,1.944,Vila Verde,Braga,EM 537 - Lugar da Portela do Vade,Atães,4730-031,41.72379,-8.414753,p17 - prio portela vade,prio,em 537 - lugar da portela do vade,"1,944 €",2026-05-15_dgeg_postos_raw.csv,40911cecf9cd41f1
2026-05-15,2026-05-15 14:31:32,2026-05-15 04:45:00,925201431a938762,925201431a938762_gasoline_95,P17 - PRIO Portela Vade,PRIO,gasoline_95,Gasolina simples 95,Outro,2.014,Vila Verde,Braga,EM 537 - Lugar da Portela do Vade,Atães,4730-031,41.72379,-8.414753,p17 - prio portela vade,prio,em 537 - lugar da portela do vade,"2,014 €",2026-05-15_dgeg_postos_raw.csv,150b3f74a899771b
2026-05-15,2026-05-15 14:31:32,2026-05-15 04:45:00,19ee1c9780a6261d,19ee1c9780a6261d_diesel_premium,P14 - PRIO  Fuselha - Prado,PRIO,diesel_premium,Gasóleo especial,Outro,1.939,Vila Verde,Braga,EN 201 - Lugar da Fuzelha,Fuselha,4730-461,41.612976,-8.472045,p14 - prio fuselha - prado,prio,en 201 - lugar da fuzelha,"1,939 €",2026-05-15_dgeg_postos_raw.csv,00d792ac47a0381a
2026-05-15,2026-05-15 14:31:32,2026-05-15 04:45:00,19ee1c9780a6261d,19ee1c9780a6261d_gasoline_95,P14 - PRIO  Fuselha - Prado,PRIO,gasoline_95,Gasolina simples 95,Outro,2.014,Vila Verde,Braga,EN 201 - Lugar da Fuzelha,Fuselha,4730-461,41.612976,-8.472045,p14 - prio fuselha - prado,prio,en 201 - lugar da fuzelha,"2,014 €",2026-05-15_dgeg_postos_raw.csv,f1561cb37d3e1aaf
2026-05-15,2026-05-15 14:31:32,2026-05-15 04:45:00,9170726f1080fff8,9170726f1080fff8_gasoline_95,GALP A.S. A7 Ceide (Guimarães/Famalicão),GALP,gasoline_95,Gasolina simples 95,Auto-estrada,2.051,Vila Nova de Famalicão,Braga,"A 7 - Km 23,5 - Guimarães/Famalicão",Lagoa,4770-281,41.390728,-8.480057,galp a.s. a7 ceide (guimarães/famalicão),galp,"a 7 - km 23,5 - guimarães/famalicão","2,051 €",2026-05-15_dgeg_postos_raw.csv,d5b0f845751d95fc
2026-05-15,2026-05-15 14:31:32,2026-05-15 04:45:00,9170726f1080fff8,9170726f1080fff8_gasoline_98,GALP A.S. A7 Ceide (Guimarães/Famalicão),GALP,gasoline_98,Gasolina especial 98,Auto-estrada,2.261,Vila Nova de Famalicão,Braga,"A 7 - Km 23,5 - Guimarães/Famalicão",Lagoa,4770-281,41.390728,-8.480057,galp a.s. a7 ceide (guimarães/famalicão),galp,"a 7 - km 23,5 - guimarães/famalicão","2,261 €",2026-05-15_dgeg_postos_raw.csv,60ce0f847d042cf6
2026-05-15,2026-05-15 14:31:32,2026-05-15 04:45:00,928e6761792e114a,928e6761792e114a_diesel_regular,GALP Sines,GALP,diesel_regular,Gasóleo simples,Outro,2.079,Sines,Setúbal,AV.GENERAL HUMBERTO DELGADO,Sines,7520-106,37.95935,-8.859145,galp sines,galp,av.general humberto delgado,"2,079 €",2026-05-15_dgeg_postos_raw.csv,17fb7180a21944f2
2026-05-15,2026-05-15 14:31:32,2026-05-15 04:45:00,928e6761792e114a,928e6761792e114a_diesel_premium,GALP Sines,GALP,diesel_premium,Gasóleo especial,Outro,2.129,Sines,Setúbal,AV.GENERAL HUMBERTO DELGADO,Sines,7520-106,37.95935,-8.859145,galp sines,galp,av.general humberto delgado,"2,129 €",2026-05-15_dgeg_postos_raw.csv,d1ca5a93e0160f56
2026-05-15,2026-05-15 14:31:32,2026-05-15 04:45:00,928e6761792e114a,928e6761792e114a_gasoline_95,GALP Sines,GALP,gasoline_95,Gasolina simples 95,Outro,2.067,Sines,Setúbal,AV.GENERAL HUMBERTO DELGADO,Sines,7520-106,37.95935,-8.859145,galp sines,galp,av.general humberto delgado,"2,067 €",2026-05-15_dgeg_postos_raw.csv,fcbaaa3bd4c9fd03
2026-05-15,2026-05-15 14:31:32,2026-05-15 04:45:00,b6a9ceea79dabfe6,b6a9ceea79dabfe6_diesel_regular,GALP A.S. Vilamoura - (Albufeira/Vilamoura),GALP,diesel_regular,Gasóleo simples,Outro,2.075,Loulé,Faro,Av. João Pires Meireles,Quarteira,8125-000,37.08225,-8.117939,galp a.s. vilamoura - (albufeira/vilamoura),galp,av. joão pires meireles,"2,075 €",2026-05-15_dgeg_postos_raw.csv,76afa2fb04edf210
2026-05-15,2026-05-15 14:31:32,2026-05-15 04:45:00,b6a9ceea79dabfe6,b6a9ceea79dabfe6_diesel_premium,GALP A.S. Vilamoura - (Albufeira/Vilamoura),GALP,diesel_premium,Gasóleo especial,Outro,2.135,Loulé,Faro,Av. João Pires Meireles,Quarteira,8125-000,37.08225,-8.117939,galp a.s. vilamoura - (albufeira/vilamoura),galp,av. joão pires meireles,"2,135 €",2026-05-15_dgeg_postos_raw.csv,d7e373c11e44129a
2026-05-15,2026-05-15 14:31:32,2026-05-15 04:45:00,b6a9ceea79dabfe6,b6a9ceea79dabfe6_gasoline_95,GALP A.S. Vilamoura - (Albufeira/Vilamoura),GALP,gasoline_95,Gasolina simples 95,Outro,2.071,Loulé,Faro,Av. João Pires Meireles,Quarteira,8125-000,37.08225,-8.117939,galp a.s. vilamoura - (albufeira/vilamoura),galp,av. joão pires meireles,"2,071 €",2026-05-15_dgeg_postos_raw.csv,e5dcb10ed04dfccd
2026-05-15,2026-05-15 14:31:32,2026-05-15 04:45:00,96f680a515229291,96f680a515229291_diesel_regular,GALP Duarte Pacheco (LIS/CAS),GALP,diesel_regular,Gasóleo simples,Outro,2.085,Lisboa,Lisboa,Av Eng. Duarte Pacheco,Lisboa,1070-113,38.72313,-9.167859,galp duarte pacheco (lis/cas),galp,av eng. duarte pacheco,"2,085 €",2026-05-15_dgeg_postos_raw.csv,bbe38020a2a635cb
2026-05-15,2026-05-15 14:31:32,2026-05-15 04:45:00,96f680a515229291,96f680a515229291_diesel_premium,GALP Duarte Pacheco (LIS/CAS),GALP,diesel_premium,Gasóleo especial,Outro,2.145,Lisboa,Lisboa,Av Eng. Duarte Pacheco,Lisboa,1070-113,38.72313,-9.167859,galp duarte pacheco (lis/cas),galp,av eng. duarte pacheco,"2,145 €",2026-05-15_dgeg_postos_raw.csv,e9d94cd7b3b3b12c
2026-05-15,2026-05-15 14:31:32,2026-05-15 04:45:00,96f680a515229291,96f680a515229291_gasoline_95,GALP Duarte Pacheco (LIS/CAS),GALP,gasoline_95,Gasolina simples 95,Outro,2.076,Lisboa,Lisboa,Av Eng. Duarte Pacheco,Lisboa,1070-113,38.72313,-9.167859,galp duarte pacheco (lis/cas),galp,av eng. duarte pacheco,"2,076 €",2026-05-15_dgeg_postos_raw.csv,23ed78a099f4546b
2026-05-15,2026-05-15 14:31:32,2026-05-15 04:45:00,96f680a515229291,96f680a515229291_gasoline_98,GALP Duarte Pacheco (LIS/CAS),GALP,gasoline_98,Gasolina especial 98,Outro,2.286,Lisboa,Lisboa,Av Eng. Duarte Pacheco,Lisboa,1070-113,38.72313,-9.167859,galp duarte pacheco (lis/cas),galp,av eng. duarte pacheco,"2,286 €",2026-05-15_dgeg_postos_raw.csv,bdae708c80579184
2026-05-15,2026-05-15 14:31:32,2026-05-15 04:45:00,d7e2aabf06a1dc17,d7e2aabf06a1dc17_diesel_regular,GALP A.S. Lisboa - Av. Padre Cruz,GALP,diesel_regular,Gasóleo simples,Outro,2.079,Lisboa,Lisboa,Av. Padre Cruz (Odiv/Lisboa),Lumiar,1600-552,38.765548,-9.165655,galp a.s. lisboa - av. padre cruz,galp,av. padre cruz (odiv/lisboa),"2,079 €",2026-05-15_dgeg_postos_raw.csv,d09c8aeed4bd038c
2026-05-15,2026-05-15 14:31:32,2026-05-15 04:45:00,d7e2aabf06a1dc17,d7e2aabf06a1dc17_diesel_premium,GALP A.S. Lisboa - Av. Padre Cruz,GALP,diesel_premium,Gasóleo especial,Outro,2.129,Lisboa,Lisboa,Av. Padre Cruz (Odiv/Lisboa),Lumiar,1600-552,38.765548,-9.165655,galp a.s. lisboa - av. padre cruz,galp,av. padre cruz (odiv/lisboa),"2,129 €",2026-05-15_dgeg_postos_raw.csv,220c38d8d6f00c87
2026-05-15,2026-05-15 14:31:32,2026-05-15 04:45:00,d7e2aabf06a1dc17,d7e2aabf06a1dc17_gasoline_95,GALP A.S. Lisboa - Av. Padre Cruz,GALP,gasoline_95,Gasolina simples 95,Outro,2.076,Lisboa,Lisboa,Av. Padre Cruz (Odiv/Lisboa),Lumiar,1600-552,38.765548,-9.165655,galp a.s. lisboa - av. padre cruz,galp,av. padre cruz (odiv/lisboa),"2,076 €",2026-05-15_dgeg_postos_raw.csv,adf738d540ec7097
2026-05-15,2026-05-15 14:31:32,2026-05-15 04:45:00,d7e2aabf06a1dc17,d7e2aabf06a1dc17_gasoline_98,GALP A.S. Lisboa - Av. Padre Cruz,GALP,gasoline_98,Gasolina especial 98,Outro,2.286,Lisboa,Lisboa,Av. Padre Cruz (Odiv/Lisboa),Lumiar,1600-552,38.765548,-9.165655,galp a.s. lisboa - av. padre cruz,galp,av. padre cruz (odiv/lisboa),"2,286 €",2026-05-15_dgeg_postos_raw.csv,3f7defc9e7c7ae20
2026-05-15,2026-05-15 14:31:32,2026-05-15 04:45:00,09194b776691bd23,09194b776691bd23_diesel_regular,GALP A.S. Olivais,GALP,diesel_regular,Gasóleo simples,Outro,2.079,Lisboa,Lisboa,Avª de Pádua - Santa Maria dos Olivais,Lisboa,1800-000,38.763157,-9.108631,galp a.s. olivais,galp,avª de pádua - santa maria dos olivais,"2,079 €",2026-05-15_dgeg_postos_raw.csv,c4447479821bb6dd
2026-05-15,2026-05-15 14:31:32,2026-05-15 04:45:00,09194b776691bd23,09194b776691bd23_diesel_premium,GALP A.S. Olivais,GALP,diesel_premium,Gasóleo especial,Outro,2.129,Lisboa,Lisboa,Avª de Pádua - Santa Maria dos Olivais,Lisboa,1800-000,38.763157,-9.108631,galp a.s. olivais,galp,avª de pádua - santa maria dos olivais,"2,129 €",2026-05-15_dgeg_postos_raw.csv,96b370f6f32a001f
2026-05-15,2026-05-15 14:31:32,2026-05-15 04:45:00,09194b776691bd23,09194b776691bd23_gasoline_95,GALP A.S. Olivais,GALP,gasoline_95,Gasolina simples 95,Outro,2.076,Lisboa,Lisboa,Avª de Pádua - Santa Maria dos Olivais,Lisboa,1800-000,38.763157,-9.108631,galp a.s. olivais,galp,avª de pádua - santa maria dos olivais,"2,076 €",2026-05-15_dgeg_postos_raw.csv,4d23046f938be68a
2026-05-15,2026-05-15 14:31:32,2026-05-15 04:50:00,6553a930794b1d6a,6553a930794b1d6a_diesel_regular,GALP A.S. Portas do Raimundo (Évora),GALP,diesel_regular,Gasóleo simples,Outro,2.055,Évora,Évora,"Avenida Tulio Espanca, Portas do Raimundo",Évora,7005-840,38.567623,-7.915297,galp a.s. portas do raimundo (évora),galp,"avenida tulio espanca, portas do raimundo","2,055 €",2026-05-15_dgeg_postos_raw.csv,600ce6d02538a452
2026-05-15,2026-05-15 14:31:32,2026-05-15 04:50:00,6553a930794b1d6a,6553a930794b1d6a_diesel_premium,GALP A.S. Portas do Raimundo (Évora),GALP,diesel_premium,Gasóleo especial,Outro,2.105,Évora,Évora,"Avenida Tulio Espanca, Portas do Raimundo",Évora,7005-840,38.567623,-7.915297,galp a.s. portas do raimundo (évora),galp,"avenida tulio espanca, portas do raimundo","2,105 €",2026-05-15_dgeg_postos_raw.csv,0a0d8779066e8d76
2026-05-15,2026-05-15 14:31:32,2026-05-15 04:50:00,6553a930794b1d6a,6553a930794b1d6a_gasoline_95,GALP A.S. Portas do Raimundo (Évora),GALP,gasoline_95,Gasolina simples 95,Outro,2.051,Évora,Évora,"Avenida Tulio Espanca, Portas do Raimundo",Évora,7005-840,38.567623,-7.915297,galp a.s. portas do raimundo (évora),galp,"avenida tulio espanca, portas do raimundo","2,051 €",2026-05-15_dgeg_postos_raw.csv,096d874f378a5307
2026-05-15,2026-05-15 14:31:32,2026-05-15 04:50:00,97f953744a3ed3da,97f953744a3ed3da_diesel_regular,GALP Mindelo,GALP,diesel_regular,Gasóleo simples,Outro,2.015,Vila do Conde,Porto,"Av.ª 1.º de Maio, 131",Mindelo,4485-629,41.32013,-8.712868,galp mindelo,galp,"av.ª 1.º de maio, 131","2,015 €",2026-05-15_dgeg_postos_raw.csv,19b576e86431e716
2026-05-15,2026-05-15 14:31:32,2026-05-15 04:50:00,97f953744a3ed3da,97f953744a3ed3da_diesel_premium,GALP Mindelo,GALP,diesel_premium,Gasóleo especial,Outro,2.065,Vila do Conde,Porto,"Av.ª 1.º de Maio, 131",Mindelo,4485-629,41.32013,-8.712868,galp mindelo,galp,"av.ª 1.º de maio, 131","2,065 €",2026-05-15_dgeg_postos_raw.csv,951d101f8130af86
2026-05-15,2026-05-15 14:31:32,2026-05-15 04:50:00,97f953744a3ed3da,97f953744a3ed3da_gasoline_95,GALP Mindelo,GALP,gasoline_95,Gasolina simples 95,Outro,2.011,Vila do Conde,Porto,"Av.ª 1.º de Maio, 131",Mindelo,4485-629,41.32013,-8.712868,galp mindelo,galp,"av.ª 1.º de maio, 131","2,011 €",2026-05-15_dgeg_postos_raw.csv,0571ae76f24aa751
2026-05-15,2026-05-15 14:31:32,2026-05-15 04:50:00,97f953744a3ed3da,97f953744a3ed3da_gasoline_98,GALP Mindelo,GALP,gasoline_98,Gasolina especial 98,Outro,2.221,Vila do Conde,Porto,"Av.ª 1.º de Maio, 131",Mindelo,4485-629,41.32013,-8.712868,galp mindelo,galp,"av.ª 1.º de maio, 131","2,221 €",2026-05-15_dgeg_postos_raw.csv,9b60812d76a0ac49
2026-05-15,2026-05-15 14:31:32,2026-05-15 04:50:00,abda9c5bee3a27d3,abda9c5bee3a27d3_diesel_regular,GALP Rechousa,GALP,diesel_regular,Gasóleo simples,Outro,2.055,Vila Nova de Gaia,Porto,"E.N. 1, Km 299 - RECHOUSA, CANELAS",Arcozelo,4410-322,41.09484,-8.598807,galp rechousa,galp,"e.n. 1, km 299 - rechousa, canelas","2,055 €",2026-05-15_dgeg_postos_raw.csv,31ed0a1fb97f3f0f
2026-05-15,2026-05-15 14:31:32,2026-05-15 04:50:00,abda9c5bee3a27d3,abda9c5bee3a27d3_diesel_premium,GALP Rechousa,GALP,diesel_premium,Gasóleo especial,Outro,2.105,Vila Nova de Gaia,Porto,"E.N. 1, Km 299 - RECHOUSA, CANELAS",Arcozelo,4410-322,41.09484,-8.598807,galp rechousa,galp,"e.n. 1, km 299 - rechousa, canelas","2,105 €",2026-05-15_dgeg_postos_raw.csv,e358698dd578a43a
2026-05-15,2026-05-15 14:31:32,2026-05-15 04:50:00,abda9c5bee3a27d3,abda9c5bee3a27d3_gasoline_95,GALP Rechousa,GALP,gasoline_95,Gasolina simples 95,Outro,2.051,Vila Nova de Gaia,Porto,"E.N. 1, Km 299 - RECHOUSA, CANELAS",Arcozelo,4410-322,41.09484,-8.598807,galp rechousa,galp,"e.n. 1, km 299 - rechousa, canelas","2,051 €",2026-05-15_dgeg_postos_raw.csv,3df458b9f24ad944
2026-05-15,2026-05-15 14:31:32,2026-05-15 04:50:00,6fdde21ba1c4df5e,6fdde21ba1c4df5e_diesel_premium,P31 - PRIO Queirã,PRIO,diesel_premium,Gasóleo especial,Outro,1.944,Vouzela,Viseu,EN 337,Queirã,3670-174,40.689682,-8.056518,p31 - prio queirã,prio,en 337,"1,944 €",2026-05-15_dgeg_postos_raw.csv,59171c0aacf73315
2026-05-15,2026-05-15 14:31:32,2026-05-15 04:50:00,6fdde21ba1c4df5e,6fdde21ba1c4df5e_gasoline_95,P31 - PRIO Queirã,PRIO,gasoline_95,Gasolina simples 95,Outro,2.014,Vouzela,Viseu,EN 337,Queirã,3670-174,40.689682,-8.056518,p31 - prio queirã,prio,en 337,"2,014 €",2026-05-15_dgeg_postos_raw.csv,206feeba39997359
2026-05-15,2026-05-15 14:31:32,2026-05-15 04:50:00,a8ccac3d9c6948d1,a8ccac3d9c6948d1_diesel_premium,P28 - PRIO Olival,PRIO,diesel_premium,Gasóleo especial,Outro,1.939,Vila Nova de Gaia,Porto,"Rua das Gândaras, n.º 21 - Lugar do Amial",Olival,4415-725,41.038975,-8.545102,p28 - prio olival,prio,"rua das gândaras, n.º 21 - lugar do amial","1,939 €",2026-05-15_dgeg_postos_raw.csv,9fedc6c9a5bb24a9
2026-05-15,2026-05-15 14:31:32,2026-05-15 04:50:00,a8ccac3d9c6948d1,a8ccac3d9c6948d1_gasoline_95,P28 - PRIO Olival,PRIO,gasoline_95,Gasolina simples 95,Outro,2.014,Vila Nova de Gaia,Porto,"Rua das Gândaras, n.º 21 - Lugar do Amial",Olival,4415-725,41.038975,-8.545102,p28 - prio olival,prio,"rua das gândaras, n.º 21 - lugar do amial","2,014 €",2026-05-15_dgeg_postos_raw.csv,75a2a0b470b61335
2026-05-15,2026-05-15 14:31:32,2026-05-15 04:50:00,b479c93a5d8a61d6,b479c93a5d8a61d6_diesel_premium,P24 - PRIO Arrifana,PRIO,diesel_premium,Gasóleo especial,Outro,1.924,Santa Maria da Feira,Aveiro,"Rua Afonso Lopes Vieira Arrifana,",Arrifana,3700-411,40.915386,-8.495992,p24 - prio arrifana,prio,"rua afonso lopes vieira arrifana,","1,924 €",2026-05-15_dgeg_postos_raw.csv,32d8fd638088d578
2026-05-15,2026-05-15 14:31:32,2026-05-15 04:50:00,b479c93a5d8a61d6,b479c93a5d8a61d6_gasoline_95,P24 - PRIO Arrifana,PRIO,gasoline_95,Gasolina simples 95,Outro,2.014,Santa Maria da Feira,Aveiro,"Rua Afonso Lopes Vieira Arrifana,",Arrifana,3700-411,40.915386,-8.495992,p24 - prio arrifana,prio,"rua afonso lopes vieira arrifana,","2,014 €",2026-05-15_dgeg_postos_raw.csv,8489a0fd31bea4c9
2026-05-15,2026-05-15 14:31:32,2026-05-15 04:50:00,8005409c7d45f366,8005409c7d45f366_gasoline_95,P27 - PRIO Coimbrões,PRIO,gasoline_95,Gasolina simples 95,Outro,2.014,Vila Nova de Gaia,Porto,Avenida Ludgero Marques,Vila Nova de Gaia,4400-057,41.12705,-8.628985,p27 - prio coimbrões,prio,avenida ludgero marques,"2,014 €",2026-05-15_dgeg_postos_raw.csv,9330d5d5d6324654
2026-05-15,2026-05-15 14:31:32,2026-05-15 04:50:00,8005409c7d45f366,8005409c7d45f366_diesel_premium,P27 - PRIO Coimbrões,PRIO,diesel_premium,Gasóleo especial,Outro,1.929,Vila Nova de Gaia,Porto,Avenida Ludgero Marques,Vila Nova de Gaia,4400-057,41.12705,-8.628985,p27 - prio coimbrões,prio,avenida ludgero marques,"1,929 €",2026-05-15_dgeg_postos_raw.csv,e429a304324b51e4
2026-05-15,2026-05-15 14:31:32,2026-05-15 04:50:00,a61ed201066fc2ab,a61ed201066fc2ab_diesel_premium,P22 - PRIO Tabuaço,PRIO,diesel_premium,Gasóleo especial,Outro,1.924,Tabuaço,Viseu,Estrada Nacional 226-2 Km 44.1 - Lugar da Sertã,Sertã,5120-373,41.115917,-7.575432,p22 - prio tabuaço,prio,estrada nacional 226-2 km 44.1 - lugar da sertã,"1,924 €",2026-05-15_dgeg_postos_raw.csv,070d95a6ecdb89ba
2026-05-15,2026-05-15 14:31:32,2026-05-15 04:50:00,a61ed201066fc2ab,a61ed201066fc2ab_gasoline_95,P22 - PRIO Tabuaço,PRIO,gasoline_95,Gasolina simples 95,Outro,2.014,Tabuaço,Viseu,Estrada Nacional 226-2 Km 44.1 - Lugar da Sertã,Sertã,5120-373,41.115917,-7.575432,p22 - prio tabuaço,prio,estrada nacional 226-2 km 44.1 - lugar da sertã,"2,014 €",2026-05-15_dgeg_postos_raw.csv,3a8ab7fec56514a8
2026-05-15,2026-05-15 14:31:32,2026-05-15 04:50:00,077be799226c8849,077be799226c8849_diesel_premium,P29 - PRIO Macedo de Cavaleiros,PRIO,diesel_premium,Gasóleo especial,Outro,1.954,Macedo de Cavaleiros,Bragança,Rua Damião de Gois,Macedo de Cavaleiros,5340-244,41.540478,-6.966334,p29 - prio macedo de cavaleiros,prio,rua damião de gois,"1,954 €",2026-05-15_dgeg_postos_raw.csv,acc24e547d7faeea
2026-05-15,2026-05-15 14:31:32,2026-05-15 04:50:00,077be799226c8849,077be799226c8849_gasoline_95,P29 - PRIO Macedo de Cavaleiros,PRIO,gasoline_95,Gasolina simples 95,Outro,2.014,Macedo de Cavaleiros,Bragança,Rua Damião de Gois,Macedo de Cavaleiros,5340-244,41.540478,-6.966334,p29 - prio macedo de cavaleiros,prio,rua damião de gois,"2,014 €",2026-05-15_dgeg_postos_raw.csv,ab973fc316bfc6c1
2026-05-15,2026-05-15 14:31:32,2026-05-15 04:50:00,a5e36d4338323771,a5e36d4338323771_diesel_premium,P23 - PRIO Samaiões,PRIO,diesel_premium,Gasóleo especial,Outro,1.964,Chaves,Vila Real,"Rua Dom Gualdim Pais, Lugar do Campo da Roda",Lugar do Barroco,5400-574,41.724545,-7.466804,p23 - prio samaiões,prio,"rua dom gualdim pais, lugar do campo da roda","1,964 €",2026-05-15_dgeg_postos_raw.csv,0ff99a5b15a21d85
2026-05-15,2026-05-15 14:31:32,2026-05-15 04:50:00,a5e36d4338323771,a5e36d4338323771_gasoline_95,P23 - PRIO Samaiões,PRIO,gasoline_95,Gasolina simples 95,Outro,2.014,Chaves,Vila Real,"Rua Dom Gualdim Pais, Lugar do Campo da Roda",Lugar do Barroco,5400-574,41.724545,-7.466804,p23 - prio samaiões,prio,"rua dom gualdim pais, lugar do campo da roda","2,014 €",2026-05-15_dgeg_postos_raw.csv,cfcc38dc5c599d3c
2026-05-15,2026-05-15 14:31:32,2026-05-15 04:50:00,8d7bff0b55a6771f,8d7bff0b55a6771f_diesel_premium,P25 - PRIO Celorico,PRIO,diesel_premium,Gasóleo especial,Outro,1.964,Celorico de Basto,Braga,Crespos- Britelo,Celorico de Basto,4890-264,41.39718,-7.992959,p25 - prio celorico,prio,crespos- britelo,"1,964 €",2026-05-15_dgeg_postos_raw.csv,f5cc04e4cb72830d
2026-05-15,2026-05-15 14:31:32,2026-05-15 04:50:00,8d7bff0b55a6771f,8d7bff0b55a6771f_gasoline_95,P25 - PRIO Celorico,PRIO,gasoline_95,Gasolina simples 95,Outro,2.014,Celorico de Basto,Braga,Crespos- Britelo,Celorico de Basto,4890-264,41.39718,-7.992959,p25 - prio celorico,prio,crespos- britelo,"2,014 €",2026-05-15_dgeg_postos_raw.csv,d95af87505ecc799
2026-05-15,2026-05-15 14:31:32,2026-05-15 04:50:00,fe9452059b85c69b,fe9452059b85c69b_diesel_premium,P26 - PRIO Vieira do Minho,PRIO,diesel_premium,Gasóleo especial,Outro,1.954,Vieira do Minho,Braga,"RUA DA LAMEIRA, Nº 123",Eira Vedra,4850-158,41.63525,-8.14958,p26 - prio vieira do minho,prio,"rua da lameira, nº 123","1,954 €",2026-05-15_dgeg_postos_raw.csv,4b063ac77e76635e
2026-05-15,2026-05-15 14:31:32,2026-05-15 04:50:00,fe9452059b85c69b,fe9452059b85c69b_gasoline_95,P26 - PRIO Vieira do Minho,PRIO,gasoline_95,Gasolina simples 95,Outro,2.014,Vieira do Minho,Braga,"RUA DA LAMEIRA, Nº 123",Eira Vedra,4850-158,41.63525,-8.14958,p26 - prio vieira do minho,prio,"rua da lameira, nº 123","2,014 €",2026-05-15_dgeg_postos_raw.csv,25d6a37bcb3f4c0f
2026-05-15,2026-05-15 14:31:32,2026-05-15 04:55:00,6bdd5bcbce140921,6bdd5bcbce140921_diesel_premium,P44 - PRIO Ovar (Sul),PRIO,diesel_premium,Gasóleo especial,Outro,1.959,Ovar,Aveiro,"Av. Dona Maria, 172",Válega,3880-647,40.848694,-8.598876,p44 - prio ovar (sul),prio,"av. dona maria, 172","1,959 €",2026-05-15_dgeg_postos_raw.csv,f8e345efa5d9f905
2026-05-15,2026-05-15 14:31:32,2026-05-15 04:55:00,6a9585fadad09727,6a9585fadad09727_diesel_premium,P50 - PRIO Marinhais,PRIO,diesel_premium,Gasóleo especial,Outro,1.964,Salvaterra de Magos,Santarém,"Estrada Nacional 367, n.º 438",Marinhais,2125-121,39.049244,-8.708553,p50 - prio marinhais,prio,"estrada nacional 367, n.º 438","1,964 €",2026-05-15_dgeg_postos_raw.csv,dd139820e36cb325
2026-05-15,2026-05-15 14:31:32,2026-05-15 04:55:00,6a9585fadad09727,6a9585fadad09727_gasoline_95,P50 - PRIO Marinhais,PRIO,gasoline_95,Gasolina simples 95,Outro,2.014,Salvaterra de Magos,Santarém,"Estrada Nacional 367, n.º 438",Marinhais,2125-121,39.049244,-8.708553,p50 - prio marinhais,prio,"estrada nacional 367, n.º 438","2,014 €",2026-05-15_dgeg_postos_raw.csv,6a59cced4aa3b559
2026-05-15,2026-05-15 14:31:32,2026-05-15 04:55:00,6bdd5bcbce140921,6bdd5bcbce140921_gasoline_95,P44 - PRIO Ovar (Sul),PRIO,gasoline_95,Gasolina simples 95,Outro,2.014,Ovar,Aveiro,"Av. Dona Maria, 172",Válega,3880-647,40.848694,-8.598876,p44 - prio ovar (sul),prio,"av. dona maria, 172","2,014 €",2026-05-15_dgeg_postos_raw.csv,05a059fdc33cf3c4
2026-05-15,2026-05-15 14:31:32,2026-05-15 04:55:00,1f80ba4df1128b01,1f80ba4df1128b01_diesel_premium,P43 - PRIO Ovar (Norte),PRIO,diesel_premium,Gasóleo especial,Outro,1.959,Ovar,Aveiro,"Av. Dona Maria II, 171",Válega,3880-647,40.84895,-8.599071,p43 - prio ovar (norte),prio,"av. dona maria ii, 171","1,959 €",2026-05-15_dgeg_postos_raw.csv,d22ba7bcb09fd971
2026-05-15,2026-05-15 14:31:32,2026-05-15 04:55:00,1f80ba4df1128b01,1f80ba4df1128b01_gasoline_95,P43 - PRIO Ovar (Norte),PRIO,gasoline_95,Gasolina simples 95,Outro,2.014,Ovar,Aveiro,"Av. Dona Maria II, 171",Válega,3880-647,40.84895,-8.599071,p43 - prio ovar (norte),prio,"av. dona maria ii, 171","2,014 €",2026-05-15_dgeg_postos_raw.csv,83d7f65565ed13f4
2026-05-15,2026-05-15 14:31:32,2026-05-15 04:55:00,7c60d82fe98e2447,7c60d82fe98e2447_diesel_premium,P33 - PRIO Baguim do Monte,PRIO,diesel_premium,Gasóleo especial,Outro,1.954,Gondomar,Porto,"Rua da Nossa Senhora do Amparo 1053, Baguim do Monte",Baguim do Monte,4435-748,41.181282,-8.535296,p33 - prio baguim do monte,prio,"rua da nossa senhora do amparo 1053, baguim do monte","1,954 €",2026-05-15_dgeg_postos_raw.csv,3947167782534d26
2026-05-15,2026-05-15 14:31:32,2026-05-15 04:55:00,7c60d82fe98e2447,7c60d82fe98e2447_gasoline_95,P33 - PRIO Baguim do Monte,PRIO,gasoline_95,Gasolina simples 95,Outro,2.014,Gondomar,Porto,"Rua da Nossa Senhora do Amparo 1053, Baguim do Monte",Baguim do Monte,4435-748,41.181282,-8.535296,p33 - prio baguim do monte,prio,"rua da nossa senhora do amparo 1053, baguim do monte","2,014 €",2026-05-15_dgeg_postos_raw.csv,122a0e8e2cecbaba
2026-05-15,2026-05-15 14:31:32,2026-05-15 04:55:00,cb54348a901c6152,cb54348a901c6152_diesel_premium,P41 - PRIO Cantanhede - Campanas,PRIO,diesel_premium,Gasóleo especial,Outro,1.989,Cantanhede,Coimbra,"EN 335, km 225, 115 Campanas",Campanas,3060-302,40.421738,-8.586275,p41 - prio cantanhede - campanas,prio,"en 335, km 225, 115 campanas","1,989 €",2026-05-15_dgeg_postos_raw.csv,1ba84423888cc2df
2026-05-15,2026-05-15 14:31:32,2026-05-15 04:55:00,cb54348a901c6152,cb54348a901c6152_gasoline_95,P41 - PRIO Cantanhede - Campanas,PRIO,gasoline_95,Gasolina simples 95,Outro,2.014,Cantanhede,Coimbra,"EN 335, km 225, 115 Campanas",Campanas,3060-302,40.421738,-8.586275,p41 - prio cantanhede - campanas,prio,"en 335, km 225, 115 campanas","2,014 €",2026-05-15_dgeg_postos_raw.csv,fa44f69e0a8019ab
2026-05-15,2026-05-15 14:31:32,2026-05-15 04:55:00,ed32e1cc80b9aee2,ed32e1cc80b9aee2_diesel_premium,P45 - PRIO Monção,PRIO,diesel_premium,Gasóleo especial,Outro,1.919,Monção,Viana do Castelo,Tornada - União de Freguesias de Troporiz e Lapela,Lapela,4950-142,42.056812,-8.530998,p45 - prio monção,prio,tornada - união de freguesias de troporiz e lapela,"1,919 €",2026-05-15_dgeg_postos_raw.csv,5d068b50a8885d13
2026-05-15,2026-05-15 14:31:32,2026-05-15 04:55:00,ed32e1cc80b9aee2,ed32e1cc80b9aee2_gasoline_95,P45 - PRIO Monção,PRIO,gasoline_95,Gasolina simples 95,Outro,2.014,Monção,Viana do Castelo,Tornada - União de Freguesias de Troporiz e Lapela,Lapela,4950-142,42.056812,-8.530998,p45 - prio monção,prio,tornada - união de freguesias de troporiz e lapela,"2,014 €",2026-05-15_dgeg_postos_raw.csv,9b8491abb1a563e8
2026-05-15,2026-05-15 14:31:32,2026-05-15 04:55:00,7162d1cc4910f2b3,7162d1cc4910f2b3_diesel_premium,P52 - PRIO Cristelo,PRIO,diesel_premium,Gasóleo especial,Outro,1.939,Paredes,Porto,"Lugar de Gajão, Rotunda da Cadeira, Cristelo",Cristelo,4580-352,41.22057,-8.364,p52 - prio cristelo,prio,"lugar de gajão, rotunda da cadeira, cristelo","1,939 €",2026-05-15_dgeg_postos_raw.csv,c2021f55484b4996
2026-05-15,2026-05-15 14:31:32,2026-05-15 04:55:00,7162d1cc4910f2b3,7162d1cc4910f2b3_gasoline_95,P52 - PRIO Cristelo,PRIO,gasoline_95,Gasolina simples 95,Outro,2.014,Paredes,Porto,"Lugar de Gajão, Rotunda da Cadeira, Cristelo",Cristelo,4580-352,41.22057,-8.364,p52 - prio cristelo,prio,"lugar de gajão, rotunda da cadeira, cristelo","2,014 €",2026-05-15_dgeg_postos_raw.csv,8a309fecf45fbbd0
2026-05-15,2026-05-15 14:31:32,2026-05-15 04:55:00,73d8accca2177361,73d8accca2177361_diesel_premium,P32 - PRIO Ribeirão,PRIO,diesel_premium,Gasóleo especial,Outro,1.954,Vila Nova de Famalicão,Braga,"Lugar da Corga, Ribeirão, Vila Nova de Famalicão",Ribeirão,4760-706,41.35363,-8.55367,p32 - prio ribeirão,prio,"lugar da corga, ribeirão, vila nova de famalicão","1,954 €",2026-05-15_dgeg_postos_raw.csv,660b4a292424f3d1
2026-05-15,2026-05-15 14:31:32,2026-05-15 04:55:00,73d8accca2177361,73d8accca2177361_gasoline_95,P32 - PRIO Ribeirão,PRIO,gasoline_95,Gasolina simples 95,Outro,2.014,Vila Nova de Famalicão,Braga,"Lugar da Corga, Ribeirão, Vila Nova de Famalicão",Ribeirão,4760-706,41.35363,-8.55367,p32 - prio ribeirão,prio,"lugar da corga, ribeirão, vila nova de famalicão","2,014 €",2026-05-15_dgeg_postos_raw.csv,d014b5a60f2976b6
2026-05-15,2026-05-15 14:31:32,2026-05-15 04:55:00,c7344d456217060c,c7344d456217060c_diesel_premium,P46 - PRIO Carregal do Sal - Oliveirinha,PRIO,diesel_premium,Gasóleo especial,Outro,1.929,Carregal do Sal,Viseu,"ESTRADA NACIONAL 234, KM 77,900, OLIVEIRINHA",Oliveira do Conde,3430-341,40.44715,-7.968369,p46 - prio carregal do sal - oliveirinha,prio,"estrada nacional 234, km 77,900, oliveirinha","1,929 €",2026-05-15_dgeg_postos_raw.csv,7a0e4d832efd4283
2026-05-15,2026-05-15 14:31:32,2026-05-15 04:55:00,c7344d456217060c,c7344d456217060c_gasoline_95,P46 - PRIO Carregal do Sal - Oliveirinha,PRIO,gasoline_95,Gasolina simples 95,Outro,2.014,Carregal do Sal,Viseu,"ESTRADA NACIONAL 234, KM 77,900, OLIVEIRINHA",Oliveira do Conde,3430-341,40.44715,-7.968369,p46 - prio carregal do sal - oliveirinha,prio,"estrada nacional 234, km 77,900, oliveirinha","2,014 €",2026-05-15_dgeg_postos_raw.csv,e889a39d6fdec8c7
2026-05-15,2026-05-15 14:31:32,2026-05-15 05:00:00,1a95a6292359c438,1a95a6292359c438_diesel_premium,P57 - PRIO Santa Eulália,PRIO,diesel_premium,Gasóleo especial,Outro,1.989,Elvas,Portalegre,"Lugar das Terras da Aldeia, EN 246 Santa Eulália",Santa Eulália,7350-451,39.012794,-7.254711,p57 - prio santa eulália,prio,"lugar das terras da aldeia, en 246 santa eulália","1,989 €",2026-05-15_dgeg_postos_raw.csv,68d97aa99e39d6d0
2026-05-15,2026-05-15 14:31:32,2026-05-15 05:00:00,1a95a6292359c438,1a95a6292359c438_gasoline_95,P57 - PRIO Santa Eulália,PRIO,gasoline_95,Gasolina simples 95,Outro,1.984,Elvas,Portalegre,"Lugar das Terras da Aldeia, EN 246 Santa Eulália",Santa Eulália,7350-451,39.012794,-7.254711,p57 - prio santa eulália,prio,"lugar das terras da aldeia, en 246 santa eulália","1,984 €",2026-05-15_dgeg_postos_raw.csv,c47f3cb039a8907b
2026-05-15,2026-05-15 14:31:32,2026-05-15 05:00:00,76e864f920c7ecfa,76e864f920c7ecfa_diesel_premium,P63 - PRIO Rio Mau,PRIO,diesel_premium,Gasóleo especial,Outro,1.954,Penafiel,Porto,"Avenida Marginal, n.º 1227, Rés-de-Chão Direito, Lugar da Godinha",Rio Mau,4575-627,41.0518,-8.367169,p63 - prio rio mau,prio,"avenida marginal, n.º 1227, rés-de-chão direito, lugar da godinha","1,954 €",2026-05-15_dgeg_postos_raw.csv,708f69f7de8a6403
2026-05-15,2026-05-15 14:31:32,2026-05-15 05:00:00,76e864f920c7ecfa,76e864f920c7ecfa_gasoline_95,P63 - PRIO Rio Mau,PRIO,gasoline_95,Gasolina simples 95,Outro,2.014,Penafiel,Porto,"Avenida Marginal, n.º 1227, Rés-de-Chão Direito, Lugar da Godinha",Rio Mau,4575-627,41.0518,-8.367169,p63 - prio rio mau,prio,"avenida marginal, n.º 1227, rés-de-chão direito, lugar da godinha","2,014 €",2026-05-15_dgeg_postos_raw.csv,e702337873eaa6fb
2026-05-15,2026-05-15 14:31:32,2026-05-15 05:00:00,aadd3d32543e9276,aadd3d32543e9276_diesel_premium,P58 - PRIO Galegos,PRIO,diesel_premium,Gasóleo especial,Outro,1.934,Penafiel,Porto,"Av. Egas Moniz, 255",Galegos,4560-125,41.167534,-8.309058,p58 - prio galegos,prio,"av. egas moniz, 255","1,934 €",2026-05-15_dgeg_postos_raw.csv,620d51ee6f118f81
2026-05-15,2026-05-15 14:31:32,2026-05-15 05:00:00,aadd3d32543e9276,aadd3d32543e9276_gasoline_95,P58 - PRIO Galegos,PRIO,gasoline_95,Gasolina simples 95,Outro,1.954,Penafiel,Porto,"Av. Egas Moniz, 255",Galegos,4560-125,41.167534,-8.309058,p58 - prio galegos,prio,"av. egas moniz, 255","1,954 €",2026-05-15_dgeg_postos_raw.csv,bcb5ece27dbdd259
2026-05-15,2026-05-15 14:31:32,2026-05-15 05:00:00,d6b633e83a0db004,d6b633e83a0db004_gasoline_95,P54 - PRIO Atães,PRIO,gasoline_95,Gasolina simples 95,Outro,2.014,Gondomar,Porto,"Avenida Clube de Caçadores, 5875 - Lugar de Atães - Jovim",Gondomar,4420-088,41.108105,-8.532739,p54 - prio atães,prio,"avenida clube de caçadores, 5875 - lugar de atães - jovim","2,014 €",2026-05-15_dgeg_postos_raw.csv,ea5e20d423641360
2026-05-15,2026-05-15 14:31:32,2026-05-15 05:00:00,d6b633e83a0db004,d6b633e83a0db004_diesel_premium,P54 - PRIO Atães,PRIO,diesel_premium,Gasóleo especial,Outro,1.979,Gondomar,Porto,"Avenida Clube de Caçadores, 5875 - Lugar de Atães - Jovim",Gondomar,4420-088,41.108105,-8.532739,p54 - prio atães,prio,"avenida clube de caçadores, 5875 - lugar de atães - jovim","1,979 €",2026-05-15_dgeg_postos_raw.csv,2ee8d43c238f9ae8
2026-05-15,2026-05-15 14:31:32,2026-05-15 05:00:00,6ff8af147e259240,6ff8af147e259240_diesel_premium,P60 - PRIO Feiteira S,PRIO,diesel_premium,Gasóleo especial,Outro,1.944,Vila Nova de Gaia,Porto,"EN 1 - KM292,4",Pedroso,4415-386,41.04329,-8.563188,p60 - prio feiteira s,prio,"en 1 - km292,4","1,944 €",2026-05-15_dgeg_postos_raw.csv,e136d3e2e2d9dddf
2026-05-15,2026-05-15 14:31:32,2026-05-15 05:00:00,6ff8af147e259240,6ff8af147e259240_gasoline_95,P60 - PRIO Feiteira S,PRIO,gasoline_95,Gasolina simples 95,Outro,2.014,Vila Nova de Gaia,Porto,"EN 1 - KM292,4",Pedroso,4415-386,41.04329,-8.563188,p60 - prio feiteira s,prio,"en 1 - km292,4","2,014 €",2026-05-15_dgeg_postos_raw.csv,17fc6968b674287b
2026-05-15,2026-05-15 14:31:32,2026-05-15 05:00:00,a40a47a1e2c0d8ef,a40a47a1e2c0d8ef_diesel_premium,P59 - PRIO Feiteira P,PRIO,diesel_premium,Gasóleo especial,Outro,1.944,Vila Nova de Gaia,Porto,"EN 1, Km 292,400",Pedroso,4415-386,41.043392,-8.563601,p59 - prio feiteira p,prio,"en 1, km 292,400","1,944 €",2026-05-15_dgeg_postos_raw.csv,68ffcc8914282c91
2026-05-15,2026-05-15 14:31:32,2026-05-15 05:00:00,a40a47a1e2c0d8ef,a40a47a1e2c0d8ef_gasoline_95,P59 - PRIO Feiteira P,PRIO,gasoline_95,Gasolina simples 95,Outro,2.014,Vila Nova de Gaia,Porto,"EN 1, Km 292,400",Pedroso,4415-386,41.043392,-8.563601,p59 - prio feiteira p,prio,"en 1, km 292,400","2,014 €",2026-05-15_dgeg_postos_raw.csv,aa6ccc035dc4ff63
2026-05-15,2026-05-15 14:31:32,2026-05-15 05:00:00,941f690b9807e51b,941f690b9807e51b_diesel_premium,P56 - PRIO Monforte,PRIO,diesel_premium,Gasóleo especial,Outro,1.989,Monforte,Portalegre,"Largo da Cruz da Guarda, nº 2",Alfomarinho,7450-100,39.05073,-7.439688,p56 - prio monforte,prio,"largo da cruz da guarda, nº 2","1,989 €",2026-05-15_dgeg_postos_raw.csv,0e717747142203bc
2026-05-15,2026-05-15 14:31:32,2026-05-15 05:00:00,941f690b9807e51b,941f690b9807e51b_gasoline_95,P56 - PRIO Monforte,PRIO,gasoline_95,Gasolina simples 95,Outro,2.014,Monforte,Portalegre,"Largo da Cruz da Guarda, nº 2",Alfomarinho,7450-100,39.05073,-7.439688,p56 - prio monforte,prio,"largo da cruz da guarda, nº 2","2,014 €",2026-05-15_dgeg_postos_raw.csv,4d8fb12aafce2a22
2026-05-15,2026-05-15 14:31:32,2026-05-15 05:00:00,776ef815ebdb8eff,776ef815ebdb8eff_diesel_premium,P55 - PRIO Elvas,PRIO,diesel_premium,Gasóleo especial,Outro,1.944,Elvas,Portalegre,"E.N. 4, KM 180,7 - PEDRAS NEGRAS",Elvas,7350-123,38.870926,-7.197505,p55 - prio elvas,prio,"e.n. 4, km 180,7 - pedras negras","1,944 €",2026-05-15_dgeg_postos_raw.csv,e6b580776521c986
2026-05-15,2026-05-15 14:31:32,2026-05-15 05:00:00,776ef815ebdb8eff,776ef815ebdb8eff_gasoline_95,P55 - PRIO Elvas,PRIO,gasoline_95,Gasolina simples 95,Outro,2.014,Elvas,Portalegre,"E.N. 4, KM 180,7 - PEDRAS NEGRAS",Elvas,7350-123,38.870926,-7.197505,p55 - prio elvas,prio,"e.n. 4, km 180,7 - pedras negras","2,014 €",2026-05-15_dgeg_postos_raw.csv,9878268db17b9f64
2026-05-15,2026-05-15 14:31:32,2026-05-15 05:05:00,6b894abdfd1fbb0f,6b894abdfd1fbb0f_diesel_regular,P30 - SHELL Moure - Vila Verde,SHELL,diesel_regular,Gasóleo simples,Outro,2.029,Vila Verde,Braga,"EN 201, Km54,34, lugar de Aguela",Moure,4730-300,41.63654,-8.478652,p30 - shell moure - vila verde,shell,"en 201, km54,34, lugar de aguela","2,029 €",2026-05-15_dgeg_postos_raw.csv,57df405c9c394efd
2026-05-15,2026-05-15 14:31:32,2026-05-15 05:05:00,6b894abdfd1fbb0f,6b894abdfd1fbb0f_diesel_premium,P30 - SHELL Moure - Vila Verde,SHELL,diesel_premium,Gasóleo especial,Outro,2.109,Vila Verde,Braga,"EN 201, Km54,34, lugar de Aguela",Moure,4730-300,41.63654,-8.478652,p30 - shell moure - vila verde,shell,"en 201, km54,34, lugar de aguela","2,109 €",2026-05-15_dgeg_postos_raw.csv,2596c500274937b9
2026-05-15,2026-05-15 14:31:32,2026-05-15 05:05:00,6b894abdfd1fbb0f,6b894abdfd1fbb0f_gasoline_95,P30 - SHELL Moure - Vila Verde,SHELL,gasoline_95,Gasolina simples 95,Outro,2.019,Vila Verde,Braga,"EN 201, Km54,34, lugar de Aguela",Moure,4730-300,41.63654,-8.478652,p30 - shell moure - vila verde,shell,"en 201, km54,34, lugar de aguela","2,019 €",2026-05-15_dgeg_postos_raw.csv,eb4dbc7c5c5bd2c7
2026-05-15,2026-05-15 14:31:32,2026-05-15 05:05:00,6b894abdfd1fbb0f,6b894abdfd1fbb0f_gasoline_98,P30 - SHELL Moure - Vila Verde,SHELL,gasoline_98,Gasolina especial 98,Outro,2.169,Vila Verde,Braga,"EN 201, Km54,34, lugar de Aguela",Moure,4730-300,41.63654,-8.478652,p30 - shell moure - vila verde,shell,"en 201, km54,34, lugar de aguela","2,169 €",2026-05-15_dgeg_postos_raw.csv,230b1328f2030a2b
2026-05-15,2026-05-15 14:31:32,2026-05-15 05:05:00,0188cc2283f076e7,0188cc2283f076e7_diesel_regular,P04 - SHELL Chaves II - Seara,SHELL,diesel_regular,Gasóleo simples,Outro,2.019,Chaves,Vila Real,"Recta da Seara, Sanjurge",Lugar do Extremo,5400-577,41.769276,-7.485171,p04 - shell chaves ii - seara,shell,"recta da seara, sanjurge","2,019 €",2026-05-15_dgeg_postos_raw.csv,945312d9687794ef
2026-05-15,2026-05-15 14:31:32,2026-05-15 05:05:00,0188cc2283f076e7,0188cc2283f076e7_diesel_premium,P04 - SHELL Chaves II - Seara,SHELL,diesel_premium,Gasóleo especial,Outro,2.099,Chaves,Vila Real,"Recta da Seara, Sanjurge",Lugar do Extremo,5400-577,41.769276,-7.485171,p04 - shell chaves ii - seara,shell,"recta da seara, sanjurge","2,099 €",2026-05-15_dgeg_postos_raw.csv,ce7b15dde4fd06fc
2026-05-15,2026-05-15 14:31:32,2026-05-15 05:05:00,0188cc2283f076e7,0188cc2283f076e7_gasoline_95,P04 - SHELL Chaves II - Seara,SHELL,gasoline_95,Gasolina simples 95,Outro,2.019,Chaves,Vila Real,"Recta da Seara, Sanjurge",Lugar do Extremo,5400-577,41.769276,-7.485171,p04 - shell chaves ii - seara,shell,"recta da seara, sanjurge","2,019 €",2026-05-15_dgeg_postos_raw.csv,3a243c2919fad339
2026-05-15,2026-05-15 14:31:32,2026-05-15 05:05:00,0188cc2283f076e7,0188cc2283f076e7_gasoline_98,P04 - SHELL Chaves II - Seara,SHELL,gasoline_98,Gasolina especial 98,Outro,2.169,Chaves,Vila Real,"Recta da Seara, Sanjurge",Lugar do Extremo,5400-577,41.769276,-7.485171,p04 - shell chaves ii - seara,shell,"recta da seara, sanjurge","2,169 €",2026-05-15_dgeg_postos_raw.csv,3e53811aa1a85869
2026-05-15,2026-05-15 14:31:32,2026-05-15 05:05:00,a51f3c9dd8afe264,a51f3c9dd8afe264_diesel_regular,P49 - SHELL Bouro St.ª Maria,SHELL,diesel_regular,Gasóleo simples,Outro,2.029,Amares,Braga,"Rua Santa Maria, 130",Bouro de Santa Maria,4720-633,41.65997,-8.274253,p49 - shell bouro st.ª maria,shell,"rua santa maria, 130","2,029 €",2026-05-15_dgeg_postos_raw.csv,ef6a54bf1d15534b
2026-05-15,2026-05-15 14:31:32,2026-05-15 05:05:00,a51f3c9dd8afe264,a51f3c9dd8afe264_diesel_premium,P49 - SHELL Bouro St.ª Maria,SHELL,diesel_premium,Gasóleo especial,Outro,2.109,Amares,Braga,"Rua Santa Maria, 130",Bouro de Santa Maria,4720-633,41.65997,-8.274253,p49 - shell bouro st.ª maria,shell,"rua santa maria, 130","2,109 €",2026-05-15_dgeg_postos_raw.csv,824ab7b0a0dbfa8d
2026-05-15,2026-05-15 14:31:32,2026-05-15 05:05:00,a51f3c9dd8afe264,a51f3c9dd8afe264_gasoline_95,P49 - SHELL Bouro St.ª Maria,SHELL,gasoline_95,Gasolina simples 95,Outro,2.029,Amares,Braga,"Rua Santa Maria, 130",Bouro de Santa Maria,4720-633,41.65997,-8.274253,p49 - shell bouro st.ª maria,shell,"rua santa maria, 130","2,029 €",2026-05-15_dgeg_postos_raw.csv,9f9971f468cef619
2026-05-15,2026-05-15 14:31:32,2026-05-15 05:05:00,a51f3c9dd8afe264,a51f3c9dd8afe264_gasoline_98,P49 - SHELL Bouro St.ª Maria,SHELL,gasoline_98,Gasolina especial 98,Outro,2.179,Amares,Braga,"Rua Santa Maria, 130",Bouro de Santa Maria,4720-633,41.65997,-8.274253,p49 - shell bouro st.ª maria,shell,"rua santa maria, 130","2,179 €",2026-05-15_dgeg_postos_raw.csv,a903ba6134e6ae60
2026-05-15,2026-05-15 14:31:32,2026-05-15 05:05:00,a2e949a3d20e2528,a2e949a3d20e2528_diesel_regular,P48 - SHELL Frades,SHELL,diesel_regular,Gasóleo simples,Outro,2.029,Póvoa de Lanhoso,Braga,"Avenida das Cruzes, n.º 1535 (EN 103 Km 61.500) - União das Freguesias de Frades e Calvos",Frades,4830-213,41.61155,-8.246686,p48 - shell frades,shell,"avenida das cruzes, n.º 1535 (en 103 km 61.500) - união das freguesias de frades e calvos","2,029 €",2026-05-15_dgeg_postos_raw.csv,9837f739c63976c3
2026-05-15,2026-05-15 14:31:32,2026-05-15 05:05:00,a2e949a3d20e2528,a2e949a3d20e2528_diesel_premium,P48 - SHELL Frades,SHELL,diesel_premium,Gasóleo especial,Outro,2.109,Póvoa de Lanhoso,Braga,"Avenida das Cruzes, n.º 1535 (EN 103 Km 61.500) - União das Freguesias de Frades e Calvos",Frades,4830-213,41.61155,-8.246686,p48 - shell frades,shell,"avenida das cruzes, n.º 1535 (en 103 km 61.500) - união das freguesias de frades e calvos","2,109 €",2026-05-15_dgeg_postos_raw.csv,b4bced07de64a253
2026-05-15,2026-05-15 14:31:32,2026-05-15 05:05:00,a2e949a3d20e2528,a2e949a3d20e2528_gasoline_95,P48 - SHELL Frades,SHELL,gasoline_95,Gasolina simples 95,Outro,2.029,Póvoa de Lanhoso,Braga,"Avenida das Cruzes, n.º 1535 (EN 103 Km 61.500) - União das Freguesias de Frades e Calvos",Frades,4830-213,41.61155,-8.246686,p48 - shell frades,shell,"avenida das cruzes, n.º 1535 (en 103 km 61.500) - união das freguesias de frades e calvos","2,029 €",2026-05-15_dgeg_postos_raw.csv,cb1613bf97022d07
2026-05-15,2026-05-15 14:31:32,2026-05-15 05:05:00,e825e77747648dec,e825e77747648dec_diesel_regular,P08 - SHELL Amarante,SHELL,diesel_regular,Gasóleo simples,Outro,2.054,Amarante,Porto,"Lugar do Ferro, nº 593",Lufrei,4600-681,41.262432,-8.062497,p08 - shell amarante,shell,"lugar do ferro, nº 593","2,054 €",2026-05-15_dgeg_postos_raw.csv,e063d817486623b9
2026-05-15,2026-05-15 14:31:32,2026-05-15 05:05:00,e825e77747648dec,e825e77747648dec_diesel_premium,P08 - SHELL Amarante,SHELL,diesel_premium,Gasóleo especial,Outro,2.134,Amarante,Porto,"Lugar do Ferro, nº 593",Lufrei,4600-681,41.262432,-8.062497,p08 - shell amarante,shell,"lugar do ferro, nº 593","2,134 €",2026-05-15_dgeg_postos_raw.csv,e6f6c159838de0a9
2026-05-15,2026-05-15 14:31:32,2026-05-15 05:05:00,e825e77747648dec,e825e77747648dec_gasoline_95,P08 - SHELL Amarante,SHELL,gasoline_95,Gasolina simples 95,Outro,2.044,Amarante,Porto,"Lugar do Ferro, nº 593",Lufrei,4600-681,41.262432,-8.062497,p08 - shell amarante,shell,"lugar do ferro, nº 593","2,044 €",2026-05-15_dgeg_postos_raw.csv,2a89f32a029fb8fe
2026-05-15,2026-05-15 14:31:32,2026-05-15 05:05:00,e825e77747648dec,e825e77747648dec_gasoline_98,P08 - SHELL Amarante,SHELL,gasoline_98,Gasolina especial 98,Outro,2.194,Amarante,Porto,"Lugar do Ferro, nº 593",Lufrei,4600-681,41.262432,-8.062497,p08 - shell amarante,shell,"lugar do ferro, nº 593","2,194 €",2026-05-15_dgeg_postos_raw.csv,3d6c686db572cafe
2026-05-15,2026-05-15 14:31:32,2026-05-15 05:05:00,e81a6eb66a258461,e81a6eb66a258461_diesel_regular,P34 - SHELL Cartaxo,SHELL,diesel_regular,Gasóleo simples,Outro,2.029,Cartaxo,Santarém,"Estrada Nacional 3, km 25,6",Vila Chã de Ourique,2070-621,39.169857,-8.777114,p34 - shell cartaxo,shell,"estrada nacional 3, km 25,6","2,029 €",2026-05-15_dgeg_postos_raw.csv,cecaa69f0fe9f8d6
2026-05-15,2026-05-15 14:31:32,2026-05-15 05:05:00,e81a6eb66a258461,e81a6eb66a258461_diesel_premium,P34 - SHELL Cartaxo,SHELL,diesel_premium,Gasóleo especial,Outro,2.109,Cartaxo,Santarém,"Estrada Nacional 3, km 25,6",Vila Chã de Ourique,2070-621,39.169857,-8.777114,p34 - shell cartaxo,shell,"estrada nacional 3, km 25,6","2,109 €",2026-05-15_dgeg_postos_raw.csv,8c9592d6997dfeb5
2026-05-15,2026-05-15 14:31:32,2026-05-15 05:05:00,e81a6eb66a258461,e81a6eb66a258461_gasoline_95,P34 - SHELL Cartaxo,SHELL,gasoline_95,Gasolina simples 95,Outro,2.019,Cartaxo,Santarém,"Estrada Nacional 3, km 25,6",Vila Chã de Ourique,2070-621,39.169857,-8.777114,p34 - shell cartaxo,shell,"estrada nacional 3, km 25,6","2,019 €",2026-05-15_dgeg_postos_raw.csv,657bd4a05853b488
2026-05-15,2026-05-15 14:31:32,2026-05-15 05:05:00,e81a6eb66a258461,e81a6eb66a258461_gasoline_98,P34 - SHELL Cartaxo,SHELL,gasoline_98,Gasolina especial 98,Outro,2.169,Cartaxo,Santarém,"Estrada Nacional 3, km 25,6",Vila Chã de Ourique,2070-621,39.169857,-8.777114,p34 - shell cartaxo,shell,"estrada nacional 3, km 25,6","2,169 €",2026-05-15_dgeg_postos_raw.csv,9d4b63a5d9511523
2026-05-15,2026-05-15 14:31:32,2026-05-15 05:05:00,409fb6146afe211d,409fb6146afe211d_gasoline_95,P35 - SHELL Terrugem,SHELL,gasoline_95,Gasolina simples 95,Outro,2.019,Sintra,Lisboa,"EN 247 ao km 66,38 - Godigana",Terrugem,2705-869,38.858,-9.379323,p35 - shell terrugem,shell,"en 247 ao km 66,38 - godigana","2,019 €",2026-05-15_dgeg_postos_raw.csv,d493de612ba9ce71
2026-05-15,2026-05-15 14:31:32,2026-05-15 05:05:00,409fb6146afe211d,409fb6146afe211d_diesel_regular,P35 - SHELL Terrugem,SHELL,diesel_regular,Gasóleo simples,Outro,2.019,Sintra,Lisboa,"EN 247 ao km 66,38 - Godigana",Terrugem,2705-869,38.858,-9.379323,p35 - shell terrugem,shell,"en 247 ao km 66,38 - godigana","2,019 €",2026-05-15_dgeg_postos_raw.csv,9fbc7c816491a074
2026-05-15,2026-05-15 14:31:32,2026-05-15 05:05:00,409fb6146afe211d,409fb6146afe211d_diesel_premium,P35 - SHELL Terrugem,SHELL,diesel_premium,Gasóleo especial,Outro,2.099,Sintra,Lisboa,"EN 247 ao km 66,38 - Godigana",Terrugem,2705-869,38.858,-9.379323,p35 - shell terrugem,shell,"en 247 ao km 66,38 - godigana","2,099 €",2026-05-15_dgeg_postos_raw.csv,1ef9a9af84e254e1
2026-05-15,2026-05-15 14:31:32,2026-05-15 05:05:00,409fb6146afe211d,409fb6146afe211d_gasoline_98,P35 - SHELL Terrugem,SHELL,gasoline_98,Gasolina especial 98,Outro,2.169,Sintra,Lisboa,"EN 247 ao km 66,38 - Godigana",Terrugem,2705-869,38.858,-9.379323,p35 - shell terrugem,shell,"en 247 ao km 66,38 - godigana","2,169 €",2026-05-15_dgeg_postos_raw.csv,bbe64982c86c41cb
2026-05-15,2026-05-15 14:31:32,2026-05-15 05:05:00,7ceb4677b22e7f3e,7ceb4677b22e7f3e_diesel_regular,P21 -SHELL Porto - Constituição,SHELL,diesel_regular,Gasóleo simples,Outro,2.069,Porto,Porto,Rua da Constituição n.º 2314,Porto,4250-168,41.164627,-8.625592,p21 -shell porto - constituição,shell,rua da constituição n.º 2314,"2,069 €",2026-05-15_dgeg_postos_raw.csv,5f2803687b5ad65a
2026-05-15,2026-05-15 14:31:32,2026-05-15 05:05:00,7ceb4677b22e7f3e,7ceb4677b22e7f3e_diesel_premium,P21 -SHELL Porto - Constituição,SHELL,diesel_premium,Gasóleo especial,Outro,2.149,Porto,Porto,Rua da Constituição n.º 2314,Porto,4250-168,41.164627,-8.625592,p21 -shell porto - constituição,shell,rua da constituição n.º 2314,"2,149 €",2026-05-15_dgeg_postos_raw.csv,7969b59eac64a0e1
2026-05-15,2026-05-15 14:31:32,2026-05-15 05:05:00,7ceb4677b22e7f3e,7ceb4677b22e7f3e_gasoline_95,P21 -SHELL Porto - Constituição,SHELL,gasoline_95,Gasolina simples 95,Outro,2.059,Porto,Porto,Rua da Constituição n.º 2314,Porto,4250-168,41.164627,-8.625592,p21 -shell porto - constituição,shell,rua da constituição n.º 2314,"2,059 €",2026-05-15_dgeg_postos_raw.csv,6658b6cbaf03208a
2026-05-15,2026-05-15 14:31:32,2026-05-15 05:05:00,8124db09da53002a,8124db09da53002a_diesel_regular,P13 - SHELL Gualtar,SHELL,diesel_regular,Gasóleo simples,Outro,2.029,Braga,Braga,Lugar da Recta - Gualtar,Braga,4710-083,41.56801,-8.381619,p13 - shell gualtar,shell,lugar da recta - gualtar,"2,029 €",2026-05-15_dgeg_postos_raw.csv,5665f4c29cf40903
2026-05-15,2026-05-15 14:31:32,2026-05-15 05:05:00,8124db09da53002a,8124db09da53002a_diesel_premium,P13 - SHELL Gualtar,SHELL,diesel_premium,Gasóleo especial,Outro,2.109,Braga,Braga,Lugar da Recta - Gualtar,Braga,4710-083,41.56801,-8.381619,p13 - shell gualtar,shell,lugar da recta - gualtar,"2,109 €",2026-05-15_dgeg_postos_raw.csv,bb442e176ca10108
2026-05-15,2026-05-15 14:31:32,2026-05-15 05:05:00,8124db09da53002a,8124db09da53002a_gasoline_95,P13 - SHELL Gualtar,SHELL,gasoline_95,Gasolina simples 95,Outro,2.029,Braga,Braga,Lugar da Recta - Gualtar,Braga,4710-083,41.56801,-8.381619,p13 - shell gualtar,shell,lugar da recta - gualtar,"2,029 €",2026-05-15_dgeg_postos_raw.csv,a5a375abeb26d48b
2026-05-15,2026-05-15 14:31:32,2026-05-15 05:05:00,8124db09da53002a,8124db09da53002a_gasoline_98,P13 - SHELL Gualtar,SHELL,gasoline_98,Gasolina especial 98,Outro,2.179,Braga,Braga,Lugar da Recta - Gualtar,Braga,4710-083,41.56801,-8.381619,p13 - shell gualtar,shell,lugar da recta - gualtar,"2,179 €",2026-05-15_dgeg_postos_raw.csv,1f09d6b71d2a49a6
2026-05-15,2026-05-15 14:31:32,2026-05-15 05:10:00,1cd5c5f0e8c25c3b,1cd5c5f0e8c25c3b_diesel_premium,P61 - SHELL Vilar de Andorinho (P),SHELL,diesel_premium,Gasóleo especial,Outro,2.134,Vila Nova de Gaia,Porto,"Avenida Vasco da Gama, Lugar de Baísa, Estrada Nacional n.º 222, Km 2,700",Vila Nova de Gaia,4430-335,41.11101,-8.578181,p61 - shell vilar de andorinho (p),shell,"avenida vasco da gama, lugar de baísa, estrada nacional n.º 222, km 2,700","2,134 €",2026-05-15_dgeg_postos_raw.csv,9241117a962b5427
2026-05-15,2026-05-15 14:31:32,2026-05-15 05:10:00,1cd5c5f0e8c25c3b,1cd5c5f0e8c25c3b_diesel_regular,P61 - SHELL Vilar de Andorinho (P),SHELL,diesel_regular,Gasóleo simples,Outro,2.054,Vila Nova de Gaia,Porto,"Avenida Vasco da Gama, Lugar de Baísa, Estrada Nacional n.º 222, Km 2,700",Vila Nova de Gaia,4430-335,41.11101,-8.578181,p61 - shell vilar de andorinho (p),shell,"avenida vasco da gama, lugar de baísa, estrada nacional n.º 222, km 2,700","2,054 €",2026-05-15_dgeg_postos_raw.csv,c20278f220114cdb
2026-05-15,2026-05-15 14:31:32,2026-05-15 05:10:00,1cd5c5f0e8c25c3b,1cd5c5f0e8c25c3b_gasoline_95,P61 - SHELL Vilar de Andorinho (P),SHELL,gasoline_95,Gasolina simples 95,Outro,2.044,Vila Nova de Gaia,Porto,"Avenida Vasco da Gama, Lugar de Baísa, Estrada Nacional n.º 222, Km 2,700",Vila Nova de Gaia,4430-335,41.11101,-8.578181,p61 - shell vilar de andorinho (p),shell,"avenida vasco da gama, lugar de baísa, estrada nacional n.º 222, km 2,700","2,044 €",2026-05-15_dgeg_postos_raw.csv,f808298e959151b8
2026-05-15,2026-05-15 14:31:32,2026-05-15 05:10:00,4652ba1d72b56e5d,4652ba1d72b56e5d_diesel_premium,P62 - SHELL Vilar de Andorinho (S),SHELL,diesel_premium,Gasóleo especial,Outro,2.134,Vila Nova de Gaia,Porto,"Avenida Vasco da Gama, Lugar de Baísa, Estrada Nacional n.º 222, Km 2,700",Vila Nova de Gaia,4430-335,41.11101,-8.577561,p62 - shell vilar de andorinho (s),shell,"avenida vasco da gama, lugar de baísa, estrada nacional n.º 222, km 2,700","2,134 €",2026-05-15_dgeg_postos_raw.csv,2a72f85aadc4ab42
2026-05-15,2026-05-15 14:31:32,2026-05-15 05:10:00,4652ba1d72b56e5d,4652ba1d72b56e5d_diesel_regular,P62 - SHELL Vilar de Andorinho (S),SHELL,diesel_regular,Gasóleo simples,Outro,2.054,Vila Nova de Gaia,Porto,"Avenida Vasco da Gama, Lugar de Baísa, Estrada Nacional n.º 222, Km 2,700",Vila Nova de Gaia,4430-335,41.11101,-8.577561,p62 - shell vilar de andorinho (s),shell,"avenida vasco da gama, lugar de baísa, estrada nacional n.º 222, km 2,700","2,054 €",2026-05-15_dgeg_postos_raw.csv,f2e1dd76a00036a5
2026-05-15,2026-05-15 14:31:32,2026-05-15 05:10:00,4652ba1d72b56e5d,4652ba1d72b56e5d_gasoline_95,P62 - SHELL Vilar de Andorinho (S),SHELL,gasoline_95,Gasolina simples 95,Outro,2.044,Vila Nova de Gaia,Porto,"Avenida Vasco da Gama, Lugar de Baísa, Estrada Nacional n.º 222, Km 2,700",Vila Nova de Gaia,4430-335,41.11101,-8.577561,p62 - shell vilar de andorinho (s),shell,"avenida vasco da gama, lugar de baísa, estrada nacional n.º 222, km 2,700","2,044 €",2026-05-15_dgeg_postos_raw.csv,d51e76df548041d1
2026-05-15,2026-05-15 14:31:32,2026-05-15 05:10:00,aa9231cb4df0b3ec,aa9231cb4df0b3ec_diesel_premium,P51 - SHELL Pombal,SHELL,diesel_premium,Gasóleo especial,Outro,2.159,Pombal,Leiria,"Rua Principal, nº43 (EN 237-1) - (Foitos - Pombal)",Pinheirinho,3100-356,40.009995,-8.763917,p51 - shell pombal,shell,"rua principal, nº43 (en 237-1) - (foitos - pombal)","2,159 €",2026-05-15_dgeg_postos_raw.csv,cfb11f989f8aabf1
2026-05-15,2026-05-15 14:31:32,2026-05-15 05:10:00,aa9231cb4df0b3ec,aa9231cb4df0b3ec_gasoline_98,P51 - SHELL Pombal,SHELL,gasoline_98,Gasolina especial 98,Outro,2.229,Pombal,Leiria,"Rua Principal, nº43 (EN 237-1) - (Foitos - Pombal)",Pinheirinho,3100-356,40.009995,-8.763917,p51 - shell pombal,shell,"rua principal, nº43 (en 237-1) - (foitos - pombal)","2,229 €",2026-05-15_dgeg_postos_raw.csv,6a51c22a3d5ae9b3
2026-05-15,2026-05-15 14:31:32,2026-05-15 05:10:00,317f44f2d315442d,317f44f2d315442d_diesel_premium,P53 - SHELL Carreira,SHELL,diesel_premium,Gasóleo especial,Outro,2.134,Vila Nova de Famalicão,Braga,"Avenida Vila Nunes, n.º 1 - Lugar Monte de Fojo",Carreira,4765-072,41.365585,-8.443049,p53 - shell carreira,shell,"avenida vila nunes, n.º 1 - lugar monte de fojo","2,134 €",2026-05-15_dgeg_postos_raw.csv,448bb02c8f1ee2d9
2026-05-15,2026-05-15 14:31:32,2026-05-15 05:10:00,317f44f2d315442d,317f44f2d315442d_gasoline_98,P53 - SHELL Carreira,SHELL,gasoline_98,Gasolina especial 98,Outro,2.194,Vila Nova de Famalicão,Braga,"Avenida Vila Nunes, n.º 1 - Lugar Monte de Fojo",Carreira,4765-072,41.365585,-8.443049,p53 - shell carreira,shell,"avenida vila nunes, n.º 1 - lugar monte de fojo","2,194 €",2026-05-15_dgeg_postos_raw.csv,0c703ba4cbd39763
2026-05-15,2026-05-15 14:31:32,2026-05-15 05:10:00,aa9231cb4df0b3ec,aa9231cb4df0b3ec_diesel_regular,P51 - SHELL Pombal,SHELL,diesel_regular,Gasóleo simples,Outro,2.079,Pombal,Leiria,"Rua Principal, nº43 (EN 237-1) - (Foitos - Pombal)",Pinheirinho,3100-356,40.009995,-8.763917,p51 - shell pombal,shell,"rua principal, nº43 (en 237-1) - (foitos - pombal)","2,079 €",2026-05-15_dgeg_postos_raw.csv,70eaf929c524a696
2026-05-15,2026-05-15 14:31:32,2026-05-15 05:10:00,aa9231cb4df0b3ec,aa9231cb4df0b3ec_gasoline_95,P51 - SHELL Pombal,SHELL,gasoline_95,Gasolina simples 95,Outro,2.079,Pombal,Leiria,"Rua Principal, nº43 (EN 237-1) - (Foitos - Pombal)",Pinheirinho,3100-356,40.009995,-8.763917,p51 - shell pombal,shell,"rua principal, nº43 (en 237-1) - (foitos - pombal)","2,079 €",2026-05-15_dgeg_postos_raw.csv,2d00b8e607bf2af2
2026-05-15,2026-05-15 14:31:32,2026-05-15 05:10:00,317f44f2d315442d,317f44f2d315442d_diesel_regular,P53 - SHELL Carreira,SHELL,diesel_regular,Gasóleo simples,Outro,2.054,Vila Nova de Famalicão,Braga,"Avenida Vila Nunes, n.º 1 - Lugar Monte de Fojo",Carreira,4765-072,41.365585,-8.443049,p53 - shell carreira,shell,"avenida vila nunes, n.º 1 - lugar monte de fojo","2,054 €",2026-05-15_dgeg_postos_raw.csv,4645f50a81c1168c
2026-05-15,2026-05-15 14:31:32,2026-05-15 05:10:00,317f44f2d315442d,317f44f2d315442d_gasoline_95,P53 - SHELL Carreira,SHELL,gasoline_95,Gasolina simples 95,Outro,2.044,Vila Nova de Famalicão,Braga,"Avenida Vila Nunes, n.º 1 - Lugar Monte de Fojo",Carreira,4765-072,41.365585,-8.443049,p53 - shell carreira,shell,"avenida vila nunes, n.º 1 - lugar monte de fojo","2,044 €",2026-05-15_dgeg_postos_raw.csv,b35ca7a1cdc238b8
2026-05-15,2026-05-15 14:31:32,2026-05-15 06:00:00,0f5c5c8883b70b42,0f5c5c8883b70b42_diesel_regular,"Auto-Lá, Lda",PETRIN,diesel_regular,Gasóleo simples,Outro,2.029,Celorico de Basto,Braga,Mondrões,Borba da Montanha,4890-108,41.37316,-8.08961,"auto-lá, lda",petrin,mondrões,"2,029 €",2026-05-15_dgeg_postos_raw.csv,912187d15b2ccebe
2026-05-15,2026-05-15 14:31:32,2026-05-15 06:00:00,0f5c5c8883b70b42,0f5c5c8883b70b42_diesel_premium,"Auto-Lá, Lda",PETRIN,diesel_premium,Gasóleo especial,Outro,2.119,Celorico de Basto,Braga,Mondrões,Borba da Montanha,4890-108,41.37316,-8.08961,"auto-lá, lda",petrin,mondrões,"2,119 €",2026-05-15_dgeg_postos_raw.csv,0864021e2fd0d6f7
2026-05-15,2026-05-15 14:31:32,2026-05-15 06:00:00,0f5c5c8883b70b42,0f5c5c8883b70b42_gasoline_95,"Auto-Lá, Lda",PETRIN,gasoline_95,Gasolina simples 95,Outro,2.024,Celorico de Basto,Braga,Mondrões,Borba da Montanha,4890-108,41.37316,-8.08961,"auto-lá, lda",petrin,mondrões,"2,024 €",2026-05-15_dgeg_postos_raw.csv,3f7f7a234874c576
2026-05-15,2026-05-15 14:31:32,2026-05-15 06:00:00,0f5c5c8883b70b42,0f5c5c8883b70b42_gasoline_98,"Auto-Lá, Lda",PETRIN,gasoline_98,Gasolina especial 98,Outro,2.124,Celorico de Basto,Braga,Mondrões,Borba da Montanha,4890-108,41.37316,-8.08961,"auto-lá, lda",petrin,mondrões,"2,124 €",2026-05-15_dgeg_postos_raw.csv,74640062520fec53
2026-05-15,2026-05-15 14:31:32,2026-05-15 06:00:00,6d23092b3440c489,6d23092b3440c489_diesel_regular,TF GEST - VILA COVA (Barcelos-Esposende),FREITAS,diesel_regular,Gasóleo simples,Outro,1.979,Barcelos,Braga,"Av. do Banho (EN 103-1  km 9,175",Vila Cova,4750-792,41.534122,-8.721993,tf gest - vila cova (barcelos-esposende),freitas,"av. do banho (en 103-1 km 9,175","1,979 €",2026-05-15_dgeg_postos_raw.csv,1851eeca754cd496
2026-05-15,2026-05-15 14:31:32,2026-05-15 06:00:00,6d23092b3440c489,6d23092b3440c489_diesel_premium,TF GEST - VILA COVA (Barcelos-Esposende),FREITAS,diesel_premium,Gasóleo especial,Outro,1.999,Barcelos,Braga,"Av. do Banho (EN 103-1  km 9,175",Vila Cova,4750-792,41.534122,-8.721993,tf gest - vila cova (barcelos-esposende),freitas,"av. do banho (en 103-1 km 9,175","1,999 €",2026-05-15_dgeg_postos_raw.csv,9e1b899aa6046987
2026-05-15,2026-05-15 14:31:32,2026-05-15 06:00:00,6d23092b3440c489,6d23092b3440c489_gasoline_95,TF GEST - VILA COVA (Barcelos-Esposende),FREITAS,gasoline_95,Gasolina simples 95,Outro,1.989,Barcelos,Braga,"Av. do Banho (EN 103-1  km 9,175",Vila Cova,4750-792,41.534122,-8.721993,tf gest - vila cova (barcelos-esposende),freitas,"av. do banho (en 103-1 km 9,175","1,989 €",2026-05-15_dgeg_postos_raw.csv,aa61ddd70222c978
2026-05-15,2026-05-15 14:31:32,2026-05-15 06:00:00,2d85ad5fd60937e6,2d85ad5fd60937e6_diesel_regular,TF GEST - VILA COVA  (Esposende- Barcelos),FREITAS,diesel_regular,Gasóleo simples,Outro,1.979,Barcelos,Braga,Av. do Banho- EN 103-1 Km 9.175,Vila Cova,4750-792,41.533787,-8.722155,tf gest - vila cova (esposende- barcelos),freitas,av. do banho- en 103-1 km 9.175,"1,979 €",2026-05-15_dgeg_postos_raw.csv,c17d1ba85da35a3d
2026-05-15,2026-05-15 14:31:32,2026-05-15 06:00:00,2d85ad5fd60937e6,2d85ad5fd60937e6_diesel_premium,TF GEST - VILA COVA  (Esposende- Barcelos),FREITAS,diesel_premium,Gasóleo especial,Outro,1.999,Barcelos,Braga,Av. do Banho- EN 103-1 Km 9.175,Vila Cova,4750-792,41.533787,-8.722155,tf gest - vila cova (esposende- barcelos),freitas,av. do banho- en 103-1 km 9.175,"1,999 €",2026-05-15_dgeg_postos_raw.csv,0ff1772f1fa3ca45
2026-05-15,2026-05-15 14:31:32,2026-05-15 06:00:00,2d85ad5fd60937e6,2d85ad5fd60937e6_gasoline_95,TF GEST - VILA COVA  (Esposende- Barcelos),FREITAS,gasoline_95,Gasolina simples 95,Outro,1.989,Barcelos,Braga,Av. do Banho- EN 103-1 Km 9.175,Vila Cova,4750-792,41.533787,-8.722155,tf gest - vila cova (esposende- barcelos),freitas,av. do banho- en 103-1 km 9.175,"1,989 €",2026-05-15_dgeg_postos_raw.csv,e244346f49a7f2e9
2026-05-15,2026-05-15 14:31:32,2026-05-15 06:00:00,2d85ad5fd60937e6,2d85ad5fd60937e6_gasoline_98,TF GEST - VILA COVA  (Esposende- Barcelos),FREITAS,gasoline_98,Gasolina especial 98,Outro,2.249,Barcelos,Braga,Av. do Banho- EN 103-1 Km 9.175,Vila Cova,4750-792,41.533787,-8.722155,tf gest - vila cova (esposende- barcelos),freitas,av. do banho- en 103-1 km 9.175,"2,249 €",2026-05-15_dgeg_postos_raw.csv,7e54f2f4cdd1aa5f
2026-05-15,2026-05-15 14:31:32,2026-05-15 06:05:00,db87112e04642914,db87112e04642914_diesel_regular,JOSE FREITAS LDA,GALP,diesel_regular,Gasóleo simples,Outro,2.055,Amarante,Porto,"EN 15 Km 57,3",Pinheiro Manso,4600-612,41.29159,-8.10262,jose freitas lda,galp,"en 15 km 57,3","2,055 €",2026-05-15_dgeg_postos_raw.csv,d940bd61ae782122
2026-05-15,2026-05-15 14:31:32,2026-05-15 06:05:00,db87112e04642914,db87112e04642914_diesel_premium,JOSE FREITAS LDA,GALP,diesel_premium,Gasóleo especial,Outro,2.105,Amarante,Porto,"EN 15 Km 57,3",Pinheiro Manso,4600-612,41.29159,-8.10262,jose freitas lda,galp,"en 15 km 57,3","2,105 €",2026-05-15_dgeg_postos_raw.csv,30896cd951b07713
2026-05-15,2026-05-15 14:31:32,2026-05-15 06:05:00,db87112e04642914,db87112e04642914_gasoline_95,JOSE FREITAS LDA,GALP,gasoline_95,Gasolina simples 95,Outro,2.051,Amarante,Porto,"EN 15 Km 57,3",Pinheiro Manso,4600-612,41.29159,-8.10262,jose freitas lda,galp,"en 15 km 57,3","2,051 €",2026-05-15_dgeg_postos_raw.csv,8c49bfa7c7d58366
2026-05-15,2026-05-15 14:31:32,2026-05-15 06:45:00,1cd5aabe3281c7ec,1cd5aabe3281c7ec_gasoline_95,USSEIRA,AUTO JULIO,gasoline_95,Gasolina simples 95,Outro,2.062,Óbidos,Leiria,Rua Manuel Teotónio nº 85,Usseira,2510-772,39.32309,-9.15756,usseira,auto julio,rua manuel teotónio nº 85,"2,062 €",2026-05-15_dgeg_postos_raw.csv,f2a1565fb43d18d1
2026-05-15,2026-05-15 14:31:32,2026-05-15 06:45:00,1cd5aabe3281c7ec,1cd5aabe3281c7ec_diesel_regular,USSEIRA,AUTO JULIO,diesel_regular,Gasóleo simples,Outro,2.019,Óbidos,Leiria,Rua Manuel Teotónio nº 85,Usseira,2510-772,39.32309,-9.15756,usseira,auto julio,rua manuel teotónio nº 85,"2,019 €",2026-05-15_dgeg_postos_raw.csv,857e5d4d59531f8d
2026-05-15,2026-05-15 14:31:32,2026-05-15 06:45:00,1cd5aabe3281c7ec,1cd5aabe3281c7ec_diesel_premium,USSEIRA,AUTO JULIO,diesel_premium,Gasóleo especial,Outro,2.039,Óbidos,Leiria,Rua Manuel Teotónio nº 85,Usseira,2510-772,39.32309,-9.15756,usseira,auto julio,rua manuel teotónio nº 85,"2,039 €",2026-05-15_dgeg_postos_raw.csv,ad5fefcef888c171
2026-05-15,2026-05-15 14:31:32,2026-05-15 07:00:00,018cb68110e34fdd,018cb68110e34fdd_diesel_regular,BP - S. Bartolomeu de Messines (Sentido Norte/Sul) 1090,BP,diesel_regular,Gasóleo simples,Outro,2.049,Silves,Faro,IC1 I.P.1c Lanço Guia-Messines,São Bartolomeu de Messines,8375-140,37.22903,-8.264661,bp - s. bartolomeu de messines (sentido norte/sul) 1090,bp,ic1 i.p.1c lanço guia-messines,"2,049 €",2026-05-15_dgeg_postos_raw.csv,d124a04d164305e2
2026-05-15,2026-05-15 14:31:32,2026-05-15 07:00:00,018cb68110e34fdd,018cb68110e34fdd_diesel_premium,BP - S. Bartolomeu de Messines (Sentido Norte/Sul) 1090,BP,diesel_premium,Gasóleo especial,Outro,2.169,Silves,Faro,IC1 I.P.1c Lanço Guia-Messines,São Bartolomeu de Messines,8375-140,37.22903,-8.264661,bp - s. bartolomeu de messines (sentido norte/sul) 1090,bp,ic1 i.p.1c lanço guia-messines,"2,169 €",2026-05-15_dgeg_postos_raw.csv,372ef33525189504
2026-05-15,2026-05-15 14:31:32,2026-05-15 07:00:00,018cb68110e34fdd,018cb68110e34fdd_gasoline_95,BP - S. Bartolomeu de Messines (Sentido Norte/Sul) 1090,BP,gasoline_95,Gasolina simples 95,Outro,2.039,Silves,Faro,IC1 I.P.1c Lanço Guia-Messines,São Bartolomeu de Messines,8375-140,37.22903,-8.264661,bp - s. bartolomeu de messines (sentido norte/sul) 1090,bp,ic1 i.p.1c lanço guia-messines,"2,039 €",2026-05-15_dgeg_postos_raw.csv,f07230adb776da03
2026-05-15,2026-05-15 14:31:32,2026-05-15 07:00:00,018cb68110e34fdd,018cb68110e34fdd_gasoline_98,BP - S. Bartolomeu de Messines (Sentido Norte/Sul) 1090,BP,gasoline_98,Gasolina especial 98,Outro,2.239,Silves,Faro,IC1 I.P.1c Lanço Guia-Messines,São Bartolomeu de Messines,8375-140,37.22903,-8.264661,bp - s. bartolomeu de messines (sentido norte/sul) 1090,bp,ic1 i.p.1c lanço guia-messines,"2,239 €",2026-05-15_dgeg_postos_raw.csv,eedfd7777bb50199
2026-05-15,2026-05-15 14:31:32,2026-05-15 07:00:00,a4a8c7c40ea6d96b,a4a8c7c40ea6d96b_diesel_premium,Galp- Rua da Base Aérea n.º 365 (Monte Real) GUI Monte Real,GALP,diesel_premium,Gasóleo especial,Outro,2.069,Leiria,Leiria,Rua da Base Aérea nº 365,Monte Real,2425-022,39.847942,-8.871957,galp- rua da base aérea n.º 365 (monte real) gui monte real,galp,rua da base aérea nº 365,"2,069 €",2026-05-15_dgeg_postos_raw.csv,9d94c423015d0827
2026-05-15,2026-05-15 14:31:32,2026-05-15 07:00:00,a4a8c7c40ea6d96b,a4a8c7c40ea6d96b_gasoline_98,Galp- Rua da Base Aérea n.º 365 (Monte Real) GUI Monte Real,GALP,gasoline_98,Gasolina especial 98,Outro,2.242,Leiria,Leiria,Rua da Base Aérea nº 365,Monte Real,2425-022,39.847942,-8.871957,galp- rua da base aérea n.º 365 (monte real) gui monte real,galp,rua da base aérea nº 365,"2,242 €",2026-05-15_dgeg_postos_raw.csv,e907f0bf61914399
2026-05-15,2026-05-15 14:31:32,2026-05-15 07:00:00,993e2cc732d88dd1,993e2cc732d88dd1_diesel_regular,PA INTERMARCHE ODEMIRA,INTERMARCHÉ,diesel_regular,Gasóleo simples,Outro,1.935,Odemira,Beja,"Horta dos Reis, Vale Passos",Vales,7630-244,37.599804,-8.631363,pa intermarche odemira,intermarché,"horta dos reis, vale passos","1,935 €",2026-05-15_dgeg_postos_raw.csv,644fb8bc614f025e
2026-05-15,2026-05-15 14:31:32,2026-05-15 07:00:00,993e2cc732d88dd1,993e2cc732d88dd1_diesel_premium,PA INTERMARCHE ODEMIRA,INTERMARCHÉ,diesel_premium,Gasóleo especial,Outro,1.935,Odemira,Beja,"Horta dos Reis, Vale Passos",Vales,7630-244,37.599804,-8.631363,pa intermarche odemira,intermarché,"horta dos reis, vale passos","1,935 €",2026-05-15_dgeg_postos_raw.csv,0fa90f8802064d6a
2026-05-15,2026-05-15 14:31:32,2026-05-15 07:00:00,993e2cc732d88dd1,993e2cc732d88dd1_gasoline_95,PA INTERMARCHE ODEMIRA,INTERMARCHÉ,gasoline_95,Gasolina simples 95,Outro,1.931,Odemira,Beja,"Horta dos Reis, Vale Passos",Vales,7630-244,37.599804,-8.631363,pa intermarche odemira,intermarché,"horta dos reis, vale passos","1,931 €",2026-05-15_dgeg_postos_raw.csv,24b9ef9e9339da66
2026-05-15,2026-05-15 14:31:32,2026-05-15 07:00:00,10afee41d226903f,10afee41d226903f_diesel_regular,PETROCARREIRA,Genérico,diesel_regular,Gasóleo simples,Outro,2.026,Barcelos,Braga,EN 204 (Rua de Pigeiros n.º 660),Carreira,4775-064,41.48656,-8.5663,petrocarreira,genérico,en 204 (rua de pigeiros n.º 660),"2,026 €",2026-05-15_dgeg_postos_raw.csv,a90c3a2b1a90b8db
2026-05-15,2026-05-15 14:31:32,2026-05-15 07:00:00,10afee41d226903f,10afee41d226903f_diesel_premium,PETROCARREIRA,Genérico,diesel_premium,Gasóleo especial,Outro,2.073,Barcelos,Braga,EN 204 (Rua de Pigeiros n.º 660),Carreira,4775-064,41.48656,-8.5663,petrocarreira,genérico,en 204 (rua de pigeiros n.º 660),"2,073 €",2026-05-15_dgeg_postos_raw.csv,7e7fec1fa4636e01
2026-05-15,2026-05-15 14:31:32,2026-05-15 07:00:00,10afee41d226903f,10afee41d226903f_gasoline_95,PETROCARREIRA,Genérico,gasoline_95,Gasolina simples 95,Outro,2.024,Barcelos,Braga,EN 204 (Rua de Pigeiros n.º 660),Carreira,4775-064,41.48656,-8.5663,petrocarreira,genérico,en 204 (rua de pigeiros n.º 660),"2,024 €",2026-05-15_dgeg_postos_raw.csv,8c4cdb4459a22db9
2026-05-15,2026-05-15 14:31:32,2026-05-15 07:00:00,a4a8c7c40ea6d96b,a4a8c7c40ea6d96b_diesel_regular,Galp- Rua da Base Aérea n.º 365 (Monte Real) GUI Monte Real,GALP,diesel_regular,Gasóleo simples,Outro,2.049,Leiria,Leiria,Rua da Base Aérea nº 365,Monte Real,2425-022,39.847942,-8.871957,galp- rua da base aérea n.º 365 (monte real) gui monte real,galp,rua da base aérea nº 365,"2,049 €",2026-05-15_dgeg_postos_raw.csv,c8a4187676370b81
2026-05-15,2026-05-15 14:31:32,2026-05-15 07:00:00,a4a8c7c40ea6d96b,a4a8c7c40ea6d96b_gasoline_95,Galp- Rua da Base Aérea n.º 365 (Monte Real) GUI Monte Real,GALP,gasoline_95,Gasolina simples 95,Outro,2.052,Leiria,Leiria,Rua da Base Aérea nº 365,Monte Real,2425-022,39.847942,-8.871957,galp- rua da base aérea n.º 365 (monte real) gui monte real,galp,rua da base aérea nº 365,"2,052 €",2026-05-15_dgeg_postos_raw.csv,0a3db62ba3981320
2026-05-15,2026-05-15 14:31:32,2026-05-15 07:00:00,db7ac6cda7b4aa6a,db7ac6cda7b4aa6a_diesel_regular,"António R. O. Amaral & Fº, Ldº",GALP,diesel_regular,Gasóleo simples,Outro,2.015,Viana do Castelo,Viana do Castelo,"EN 306, Km 32,700",Neves,4905-515,41.65249,-8.71766,"antónio r. o. amaral & fº, ldº",galp,"en 306, km 32,700","2,015 €",2026-05-15_dgeg_postos_raw.csv,9eee48cb769e7d32
2026-05-15,2026-05-15 14:31:32,2026-05-15 07:00:00,db7ac6cda7b4aa6a,db7ac6cda7b4aa6a_diesel_premium,"António R. O. Amaral & Fº, Ldº",GALP,diesel_premium,Gasóleo especial,Outro,2.065,Viana do Castelo,Viana do Castelo,"EN 306, Km 32,700",Neves,4905-515,41.65249,-8.71766,"antónio r. o. amaral & fº, ldº",galp,"en 306, km 32,700","2,065 €",2026-05-15_dgeg_postos_raw.csv,0a770407190b8eb7
2026-05-15,2026-05-15 14:31:32,2026-05-15 07:00:00,db7ac6cda7b4aa6a,db7ac6cda7b4aa6a_gasoline_95,"António R. O. Amaral & Fº, Ldº",GALP,gasoline_95,Gasolina simples 95,Outro,2.011,Viana do Castelo,Viana do Castelo,"EN 306, Km 32,700",Neves,4905-515,41.65249,-8.71766,"antónio r. o. amaral & fº, ldº",galp,"en 306, km 32,700","2,011 €",2026-05-15_dgeg_postos_raw.csv,8eb2b31e31f49896
2026-05-15,2026-05-15 14:31:32,2026-05-15 07:00:00,7540fa8c92751e4d,7540fa8c92751e4d_diesel_regular,"SANDRINA & MÁRIO, LDA / GASPE Sendim",GASPE,diesel_regular,Gasóleo simples,Outro,1.999,Miranda do Douro,Bragança,ESTRADA NACIONAL 221,Sendim,5225-103,41.392876,-6.424159,"sandrina & mário, lda / gaspe sendim",gaspe,estrada nacional 221,"1,999 €",2026-05-15_dgeg_postos_raw.csv,82c0a30266d941a0
2026-05-15,2026-05-15 14:31:32,2026-05-15 07:00:00,7540fa8c92751e4d,7540fa8c92751e4d_diesel_premium,"SANDRINA & MÁRIO, LDA / GASPE Sendim",GASPE,diesel_premium,Gasóleo especial,Outro,2.019,Miranda do Douro,Bragança,ESTRADA NACIONAL 221,Sendim,5225-103,41.392876,-6.424159,"sandrina & mário, lda / gaspe sendim",gaspe,estrada nacional 221,"2,019 €",2026-05-15_dgeg_postos_raw.csv,96d821ee9e33b4a7
2026-05-15,2026-05-15 14:31:32,2026-05-15 07:00:00,7540fa8c92751e4d,7540fa8c92751e4d_gasoline_95,"SANDRINA & MÁRIO, LDA / GASPE Sendim",GASPE,gasoline_95,Gasolina simples 95,Outro,2.002,Miranda do Douro,Bragança,ESTRADA NACIONAL 221,Sendim,5225-103,41.392876,-6.424159,"sandrina & mário, lda / gaspe sendim",gaspe,estrada nacional 221,"2,002 €",2026-05-15_dgeg_postos_raw.csv,3ee31eefa7750b8e
2026-05-15,2026-05-15 14:31:32,2026-05-15 07:00:00,2c6624a71336c380,2c6624a71336c380_diesel_regular,BP Montijo,BP,diesel_regular,Gasóleo simples,Outro,2.069,Montijo,Setúbal,Rua Corregedor Rodrigues Dias,Montijo,2870-000,38.70337,-8.96462,bp montijo,bp,rua corregedor rodrigues dias,"2,069 €",2026-05-15_dgeg_postos_raw.csv,1ebe06ba74712ed1
2026-05-15,2026-05-15 14:31:32,2026-05-15 07:00:00,2c6624a71336c380,2c6624a71336c380_diesel_premium,BP Montijo,BP,diesel_premium,Gasóleo especial,Outro,2.229,Montijo,Setúbal,Rua Corregedor Rodrigues Dias,Montijo,2870-000,38.70337,-8.96462,bp montijo,bp,rua corregedor rodrigues dias,"2,229 €",2026-05-15_dgeg_postos_raw.csv,2d71048eb0f059a8
2026-05-15,2026-05-15 14:31:32,2026-05-15 07:00:00,2c6624a71336c380,2c6624a71336c380_gasoline_95,BP Montijo,BP,gasoline_95,Gasolina simples 95,Outro,2.059,Montijo,Setúbal,Rua Corregedor Rodrigues Dias,Montijo,2870-000,38.70337,-8.96462,bp montijo,bp,rua corregedor rodrigues dias,"2,059 €",2026-05-15_dgeg_postos_raw.csv,1c40a28ec23f2000
2026-05-15,2026-05-15 14:31:32,2026-05-15 07:00:00,5771886a5792176d,5771886a5792176d_diesel_regular,BP- S. Bartolomeu de Messines Área Sul/Norte 1100,BP,diesel_regular,Gasóleo simples,Outro,2.049,Silves,Faro,IC1 I.P.1c Lanço Messines-Guia Km4,Barrocal,8375-014,37.2299,-8.264495,bp- s. bartolomeu de messines área sul/norte 1100,bp,ic1 i.p.1c lanço messines-guia km4,"2,049 €",2026-05-15_dgeg_postos_raw.csv,e7ac565c4821b5bb
2026-05-15,2026-05-15 14:31:32,2026-05-15 07:00:00,5771886a5792176d,5771886a5792176d_diesel_premium,BP- S. Bartolomeu de Messines Área Sul/Norte 1100,BP,diesel_premium,Gasóleo especial,Outro,2.169,Silves,Faro,IC1 I.P.1c Lanço Messines-Guia Km4,Barrocal,8375-014,37.2299,-8.264495,bp- s. bartolomeu de messines área sul/norte 1100,bp,ic1 i.p.1c lanço messines-guia km4,"2,169 €",2026-05-15_dgeg_postos_raw.csv,1722bfd3fec43509
2026-05-15,2026-05-15 14:31:32,2026-05-15 07:00:00,5771886a5792176d,5771886a5792176d_gasoline_95,BP- S. Bartolomeu de Messines Área Sul/Norte 1100,BP,gasoline_95,Gasolina simples 95,Outro,2.039,Silves,Faro,IC1 I.P.1c Lanço Messines-Guia Km4,Barrocal,8375-014,37.2299,-8.264495,bp- s. bartolomeu de messines área sul/norte 1100,bp,ic1 i.p.1c lanço messines-guia km4,"2,039 €",2026-05-15_dgeg_postos_raw.csv,9afab297ede7f785
2026-05-15,2026-05-15 14:31:32,2026-05-15 07:05:00,251fb4c97c7f9a3a,251fb4c97c7f9a3a_diesel_regular,BP CASALINHOS,BP,diesel_regular,Gasóleo simples,Outro,2.079,Torres Vedras,Lisboa,"EN 9 KM 59,3",Casalinhos de Alfaiata,2560-393,39.09182,-9.33941,bp casalinhos,bp,"en 9 km 59,3","2,079 €",2026-05-15_dgeg_postos_raw.csv,a750f113b0c10d52
2026-05-15,2026-05-15 14:31:32,2026-05-15 07:05:00,251fb4c97c7f9a3a,251fb4c97c7f9a3a_diesel_premium,BP CASALINHOS,BP,diesel_premium,Gasóleo especial,Outro,2.229,Torres Vedras,Lisboa,"EN 9 KM 59,3",Casalinhos de Alfaiata,2560-393,39.09182,-9.33941,bp casalinhos,bp,"en 9 km 59,3","2,229 €",2026-05-15_dgeg_postos_raw.csv,afbd3258c7406d7e
2026-05-15,2026-05-15 14:31:32,2026-05-15 07:05:00,251fb4c97c7f9a3a,251fb4c97c7f9a3a_gasoline_95,BP CASALINHOS,BP,gasoline_95,Gasolina simples 95,Outro,2.069,Torres Vedras,Lisboa,"EN 9 KM 59,3",Casalinhos de Alfaiata,2560-393,39.09182,-9.33941,bp casalinhos,bp,"en 9 km 59,3","2,069 €",2026-05-15_dgeg_postos_raw.csv,da94201eb61ac433
2026-05-15,2026-05-15 14:31:32,2026-05-15 07:05:00,251fb4c97c7f9a3a,251fb4c97c7f9a3a_gasoline_98,BP CASALINHOS,BP,gasoline_98,Gasolina especial 98,Outro,2.299,Torres Vedras,Lisboa,"EN 9 KM 59,3",Casalinhos de Alfaiata,2560-393,39.09182,-9.33941,bp casalinhos,bp,"en 9 km 59,3","2,299 €",2026-05-15_dgeg_postos_raw.csv,d670ddfc04602a0a
2026-05-15,2026-05-15 14:31:32,2026-05-15 07:05:00,f84f5a21d2da0479,f84f5a21d2da0479_diesel_regular,Comb. Foz Côa - Posto Abast. Lda.,GALP,diesel_regular,Gasóleo simples,Outro,2.015,Vila Nova de Foz Côa,Guarda,"EN 102 Km 77,134",Vila Nova de Foz Côa,5150-000,41.08073,-7.14399,comb. foz côa - posto abast. lda.,galp,"en 102 km 77,134","2,015 €",2026-05-15_dgeg_postos_raw.csv,39eb1ccfa391218e
2026-05-15,2026-05-15 14:31:32,2026-05-15 07:05:00,f84f5a21d2da0479,f84f5a21d2da0479_diesel_premium,Comb. Foz Côa - Posto Abast. Lda.,GALP,diesel_premium,Gasóleo especial,Outro,2.065,Vila Nova de Foz Côa,Guarda,"EN 102 Km 77,134",Vila Nova de Foz Côa,5150-000,41.08073,-7.14399,comb. foz côa - posto abast. lda.,galp,"en 102 km 77,134","2,065 €",2026-05-15_dgeg_postos_raw.csv,c0423fccdbd618ad
2026-05-15,2026-05-15 14:31:32,2026-05-15 07:05:00,f84f5a21d2da0479,f84f5a21d2da0479_gasoline_95,Comb. Foz Côa - Posto Abast. Lda.,GALP,gasoline_95,Gasolina simples 95,Outro,2.011,Vila Nova de Foz Côa,Guarda,"EN 102 Km 77,134",Vila Nova de Foz Côa,5150-000,41.08073,-7.14399,comb. foz côa - posto abast. lda.,galp,"en 102 km 77,134","2,011 €",2026-05-15_dgeg_postos_raw.csv,2f35255e7f0eafda
2026-05-15,2026-05-15 14:31:32,2026-05-15 07:05:00,f84f5a21d2da0479,f84f5a21d2da0479_gasoline_98,Comb. Foz Côa - Posto Abast. Lda.,GALP,gasoline_98,Gasolina especial 98,Outro,2.221,Vila Nova de Foz Côa,Guarda,"EN 102 Km 77,134",Vila Nova de Foz Côa,5150-000,41.08073,-7.14399,comb. foz côa - posto abast. lda.,galp,"en 102 km 77,134","2,221 €",2026-05-15_dgeg_postos_raw.csv,f15768bdf3eb546a
2026-05-15,2026-05-15 14:31:32,2026-05-15 07:10:00,b6d4271661ba630a,b6d4271661ba630a_diesel_premium,PACATOS REGUILAS MANUTENÇAO AUTOMOVEL UNIPESSOAL LDA.,MOEVE,diesel_premium,Gasóleo especial,Outro,2.131,Lagoa,Faro,"ESTRADA NACIONAL 124-1 KM 10,7",Carvoeiro,8400-524,37.10568,-8.462996,pacatos reguilas manutençao automovel unipessoal lda.,moeve,"estrada nacional 124-1 km 10,7","2,131 €",2026-05-15_dgeg_postos_raw.csv,8f490daeb2e8a009
2026-05-15,2026-05-15 14:31:32,2026-05-15 07:10:00,b6d4271661ba630a,b6d4271661ba630a_gasoline_95,PACATOS REGUILAS MANUTENÇAO AUTOMOVEL UNIPESSOAL LDA.,MOEVE,gasoline_95,Gasolina simples 95,Outro,2.003,Lagoa,Faro,"ESTRADA NACIONAL 124-1 KM 10,7",Carvoeiro,8400-524,37.10568,-8.462996,pacatos reguilas manutençao automovel unipessoal lda.,moeve,"estrada nacional 124-1 km 10,7","2,003 €",2026-05-15_dgeg_postos_raw.csv,d406c7f224db0620
2026-05-15,2026-05-15 14:31:32,2026-05-15 07:10:00,b6d4271661ba630a,b6d4271661ba630a_gasoline_98,PACATOS REGUILAS MANUTENÇAO AUTOMOVEL UNIPESSOAL LDA.,MOEVE,gasoline_98,Gasolina especial 98,Outro,2.215,Lagoa,Faro,"ESTRADA NACIONAL 124-1 KM 10,7",Carvoeiro,8400-524,37.10568,-8.462996,pacatos reguilas manutençao automovel unipessoal lda.,moeve,"estrada nacional 124-1 km 10,7","2,215 €",2026-05-15_dgeg_postos_raw.csv,32e3a61de420af35
2026-05-15,2026-05-15 14:31:32,2026-05-15 07:10:00,b6d4271661ba630a,b6d4271661ba630a_diesel_regular,PACATOS REGUILAS MANUTENÇAO AUTOMOVEL UNIPESSOAL LDA.,MOEVE,diesel_regular,Gasóleo simples,Outro,2.081,Lagoa,Faro,"ESTRADA NACIONAL 124-1 KM 10,7",Carvoeiro,8400-524,37.10568,-8.462996,pacatos reguilas manutençao automovel unipessoal lda.,moeve,"estrada nacional 124-1 km 10,7","2,081 €",2026-05-15_dgeg_postos_raw.csv,74489c8eefa52b4f
2026-05-15,2026-05-15 14:31:32,2026-05-15 07:15:00,b96c59f3cfdf3b8d,b96c59f3cfdf3b8d_diesel_regular,P. Comb.- Venda da Gaita,GALP,diesel_regular,Gasóleo simples,Outro,2.015,Tomar,Santarém,"EN 113, Coca da Sobreira, Venda da Gaita",TOMAR,2300-620,39.61444,-8.43088,p. comb.- venda da gaita,galp,"en 113, coca da sobreira, venda da gaita","2,015 €",2026-05-15_dgeg_postos_raw.csv,17f8345854637d21
2026-05-15,2026-05-15 14:31:32,2026-05-15 07:15:00,b96c59f3cfdf3b8d,b96c59f3cfdf3b8d_diesel_premium,P. Comb.- Venda da Gaita,GALP,diesel_premium,Gasóleo especial,Outro,2.065,Tomar,Santarém,"EN 113, Coca da Sobreira, Venda da Gaita",TOMAR,2300-620,39.61444,-8.43088,p. comb.- venda da gaita,galp,"en 113, coca da sobreira, venda da gaita","2,065 €",2026-05-15_dgeg_postos_raw.csv,53d4b4f2f62313f3
2026-05-15,2026-05-15 14:31:32,2026-05-15 07:15:00,b96c59f3cfdf3b8d,b96c59f3cfdf3b8d_gasoline_95,P. Comb.- Venda da Gaita,GALP,gasoline_95,Gasolina simples 95,Outro,2.021,Tomar,Santarém,"EN 113, Coca da Sobreira, Venda da Gaita",TOMAR,2300-620,39.61444,-8.43088,p. comb.- venda da gaita,galp,"en 113, coca da sobreira, venda da gaita","2,021 €",2026-05-15_dgeg_postos_raw.csv,49f6cdbe326bc4b9
2026-05-15,2026-05-15 14:31:32,2026-05-15 07:15:00,8ca3cd746befc899,8ca3cd746befc899_diesel_regular,E.S. ALFANDANGA,REPSOL,diesel_regular,Gasóleo simples,Outro,2.029,Olhão,Faro,EN 125,Alfandanga,8700-000,37.063474,-7.759924,e.s. alfandanga,repsol,en 125,"2,029 €",2026-05-15_dgeg_postos_raw.csv,a263a50ee55f79e8
2026-05-15,2026-05-15 14:31:32,2026-05-15 07:15:00,8ca3cd746befc899,8ca3cd746befc899_diesel_premium,E.S. ALFANDANGA,REPSOL,diesel_premium,Gasóleo especial,Outro,2.099,Olhão,Faro,EN 125,Alfandanga,8700-000,37.063474,-7.759924,e.s. alfandanga,repsol,en 125,"2,099 €",2026-05-15_dgeg_postos_raw.csv,7c0949a886673e33
2026-05-15,2026-05-15 14:31:32,2026-05-15 07:15:00,8ca3cd746befc899,8ca3cd746befc899_gasoline_95,E.S. ALFANDANGA,REPSOL,gasoline_95,Gasolina simples 95,Outro,2.054,Olhão,Faro,EN 125,Alfandanga,8700-000,37.063474,-7.759924,e.s. alfandanga,repsol,en 125,"2,054 €",2026-05-15_dgeg_postos_raw.csv,a1aa711222d4cc12
2026-05-15,2026-05-15 14:31:32,2026-05-15 07:15:00,8ca3cd746befc899,8ca3cd746befc899_gasoline_98,E.S. ALFANDANGA,REPSOL,gasoline_98,Gasolina especial 98,Outro,2.244,Olhão,Faro,EN 125,Alfandanga,8700-000,37.063474,-7.759924,e.s. alfandanga,repsol,en 125,"2,244 €",2026-05-15_dgeg_postos_raw.csv,a2023260826be499
2026-05-15,2026-05-15 14:31:32,2026-05-15 07:30:00,0a837b0ef8d77c46,0a837b0ef8d77c46_diesel_regular,POSTO DOMINGUES E DOMINGOS,Genérico,diesel_regular,Gasóleo simples,Outro,1.994,Ansião,Leiria,Rua Principal,Poço dos Cães,3240-689,39.95273,-8.52822,posto domingues e domingos,genérico,rua principal,"1,994 €",2026-05-15_dgeg_postos_raw.csv,5e8144e5750e3410
2026-05-15,2026-05-15 14:31:32,2026-05-15 07:30:00,0a837b0ef8d77c46,0a837b0ef8d77c46_gasoline_95,POSTO DOMINGUES E DOMINGOS,Genérico,gasoline_95,Gasolina simples 95,Outro,2.034,Ansião,Leiria,Rua Principal,Poço dos Cães,3240-689,39.95273,-8.52822,posto domingues e domingos,genérico,rua principal,"2,034 €",2026-05-15_dgeg_postos_raw.csv,c82b1bc5898bdf8c
2026-05-15,2026-05-15 14:31:32,2026-05-15 07:30:00,f66ac294291f51fb,f66ac294291f51fb_diesel_regular,"J. CASTANHEIRA, LDA",REPSOL,diesel_regular,Gasóleo simples,Outro,2.04,Covilhã,Castelo Branco,EN 230 - Av. Viriato nº42,Tortozendo,6200-725,40.23535,-7.52772,"j. castanheira, lda",repsol,en 230 - av. viriato nº42,"2,040 €",2026-05-15_dgeg_postos_raw.csv,4c470fee20e5c292
2026-05-15,2026-05-15 14:31:32,2026-05-15 07:30:00,f66ac294291f51fb,f66ac294291f51fb_diesel_premium,"J. CASTANHEIRA, LDA",REPSOL,diesel_premium,Gasóleo especial,Outro,2.08,Covilhã,Castelo Branco,EN 230 - Av. Viriato nº42,Tortozendo,6200-725,40.23535,-7.52772,"j. castanheira, lda",repsol,en 230 - av. viriato nº42,"2,080 €",2026-05-15_dgeg_postos_raw.csv,30151ce2c96dfb56
2026-05-15,2026-05-15 14:31:32,2026-05-15 07:30:00,f66ac294291f51fb,f66ac294291f51fb_gasoline_95,"J. CASTANHEIRA, LDA",REPSOL,gasoline_95,Gasolina simples 95,Outro,2.12,Covilhã,Castelo Branco,EN 230 - Av. Viriato nº42,Tortozendo,6200-725,40.23535,-7.52772,"j. castanheira, lda",repsol,en 230 - av. viriato nº42,"2,120 €",2026-05-15_dgeg_postos_raw.csv,488fed86be29d796
2026-05-15,2026-05-15 14:31:32,2026-05-15 07:35:00,5a55d15c8c70eb58,5a55d15c8c70eb58_diesel_regular,Fresco & Gomes Lda.,GALP,diesel_regular,Gasóleo simples,Outro,2.019,Mira,Coimbra,"EN 109 Km 86,74",Carromeu,3070-000,40.406527,-8.73477,fresco & gomes lda.,galp,"en 109 km 86,74","2,019 €",2026-05-15_dgeg_postos_raw.csv,a25b31e65dac80d1
2026-05-15,2026-05-15 14:31:32,2026-05-15 07:35:00,5a55d15c8c70eb58,5a55d15c8c70eb58_diesel_premium,Fresco & Gomes Lda.,GALP,diesel_premium,Gasóleo especial,Outro,2.069,Mira,Coimbra,"EN 109 Km 86,74",Carromeu,3070-000,40.406527,-8.73477,fresco & gomes lda.,galp,"en 109 km 86,74","2,069 €",2026-05-15_dgeg_postos_raw.csv,90ec7767fbdbe281
2026-05-15,2026-05-15 14:31:32,2026-05-15 07:35:00,5a55d15c8c70eb58,5a55d15c8c70eb58_gasoline_95,Fresco & Gomes Lda.,GALP,gasoline_95,Gasolina simples 95,Outro,2.017,Mira,Coimbra,"EN 109 Km 86,74",Carromeu,3070-000,40.406527,-8.73477,fresco & gomes lda.,galp,"en 109 km 86,74","2,017 €",2026-05-15_dgeg_postos_raw.csv,0df64466deb5a89a
2026-05-15,2026-05-15 14:31:32,2026-05-15 07:35:00,3b74231c7ad9d6ee,3b74231c7ad9d6ee_diesel_regular,FRESCO & GOMES LDA,GALP,diesel_regular,Gasóleo simples,Outro,2.019,Mira,Coimbra,"EN 109 Km 86,74",Carromeu,3070-000,40.40658,-8.73517,fresco & gomes lda,galp,"en 109 km 86,74","2,019 €",2026-05-15_dgeg_postos_raw.csv,3daf40922d5cf6ba
2026-05-15,2026-05-15 14:31:32,2026-05-15 07:35:00,3b74231c7ad9d6ee,3b74231c7ad9d6ee_diesel_premium,FRESCO & GOMES LDA,GALP,diesel_premium,Gasóleo especial,Outro,2.069,Mira,Coimbra,"EN 109 Km 86,74",Carromeu,3070-000,40.40658,-8.73517,fresco & gomes lda,galp,"en 109 km 86,74","2,069 €",2026-05-15_dgeg_postos_raw.csv,63e5572460fcca7b
2026-05-15,2026-05-15 14:31:32,2026-05-15 07:35:00,3b74231c7ad9d6ee,3b74231c7ad9d6ee_gasoline_95,FRESCO & GOMES LDA,GALP,gasoline_95,Gasolina simples 95,Outro,2.017,Mira,Coimbra,"EN 109 Km 86,74",Carromeu,3070-000,40.40658,-8.73517,fresco & gomes lda,galp,"en 109 km 86,74","2,017 €",2026-05-15_dgeg_postos_raw.csv,7e278436aa569446
2026-05-15,2026-05-15 14:31:32,2026-05-15 07:35:00,5eb6b8121ba90fa7,5eb6b8121ba90fa7_diesel_regular,PA Linhaceira - ZMT Combustiveis Unipessoal Lda,CEPSA,diesel_regular,Gasóleo simples,Outro,2.146,Tomar,Santarém,Rua Conde Nova Gôa Nº12,Linhaceira,2305-114,39.51941,-8.382065,pa linhaceira - zmt combustiveis unipessoal lda,cepsa,rua conde nova gôa nº12,"2,146 €",2026-05-15_dgeg_postos_raw.csv,9149ede7375ee2cf
2026-05-15,2026-05-15 14:31:32,2026-05-15 07:35:00,5eb6b8121ba90fa7,5eb6b8121ba90fa7_gasoline_95,PA Linhaceira - ZMT Combustiveis Unipessoal Lda,CEPSA,gasoline_95,Gasolina simples 95,Outro,2.146,Tomar,Santarém,Rua Conde Nova Gôa Nº12,Linhaceira,2305-114,39.51941,-8.382065,pa linhaceira - zmt combustiveis unipessoal lda,cepsa,rua conde nova gôa nº12,"2,146 €",2026-05-15_dgeg_postos_raw.csv,ebb6675f12bcf907
2026-05-15,2026-05-15 14:31:32,2026-05-15 07:35:00,bd6f18adb8e7238b,bd6f18adb8e7238b_diesel_regular,PETROPRIX Paços de Ferreira 1,PETROPRIX,diesel_regular,Gasóleo simples,Outro,1.878,Paços de Ferreira,Porto,"Travessa de São Domingos, nº 15",Paços de Ferreira,4590-930,41.275917,-8.359528,petroprix paços de ferreira 1,petroprix,"travessa de são domingos, nº 15","1,878 €",2026-05-15_dgeg_postos_raw.csv,5861403c51634e13
2026-05-15,2026-05-15 14:31:32,2026-05-15 07:35:00,bd6f18adb8e7238b,bd6f18adb8e7238b_gasoline_95,PETROPRIX Paços de Ferreira 1,PETROPRIX,gasoline_95,Gasolina simples 95,Outro,1.879,Paços de Ferreira,Porto,"Travessa de São Domingos, nº 15",Paços de Ferreira,4590-930,41.275917,-8.359528,petroprix paços de ferreira 1,petroprix,"travessa de são domingos, nº 15","1,879 €",2026-05-15_dgeg_postos_raw.csv,14fc8d21e4533554
2026-05-15,2026-05-15 14:31:32,2026-05-15 08:00:00,44a7ee1582508bed,44a7ee1582508bed_diesel_regular,INTERMARCHÉ VALONGO,INTERMARCHÉ,diesel_regular,Gasóleo simples,Outro,1.885,Valongo,Porto,"Trav. António Augusto Castro Paupério, lote 36",Valongo,4440-007,41.18385,-8.4808,intermarché valongo,intermarché,"trav. antónio augusto castro paupério, lote 36","1,885 €",2026-05-15_dgeg_postos_raw.csv,f70a2756bb4952d7
2026-05-15,2026-05-15 14:31:32,2026-05-15 08:00:00,44a7ee1582508bed,44a7ee1582508bed_diesel_premium,INTERMARCHÉ VALONGO,INTERMARCHÉ,diesel_premium,Gasóleo especial,Outro,1.885,Valongo,Porto,"Trav. António Augusto Castro Paupério, lote 36",Valongo,4440-007,41.18385,-8.4808,intermarché valongo,intermarché,"trav. antónio augusto castro paupério, lote 36","1,885 €",2026-05-15_dgeg_postos_raw.csv,ba5245cec905f360
2026-05-15,2026-05-15 14:31:32,2026-05-15 08:00:00,44a7ee1582508bed,44a7ee1582508bed_gasoline_95,INTERMARCHÉ VALONGO,INTERMARCHÉ,gasoline_95,Gasolina simples 95,Outro,1.885,Valongo,Porto,"Trav. António Augusto Castro Paupério, lote 36",Valongo,4440-007,41.18385,-8.4808,intermarché valongo,intermarché,"trav. antónio augusto castro paupério, lote 36","1,885 €",2026-05-15_dgeg_postos_raw.csv,fc9d8819009e46b1
2026-05-15,2026-05-15 14:31:32,2026-05-15 08:00:00,da65002a9c5db286,da65002a9c5db286_diesel_regular,"Interestarreja Supermercados, Lda",INTERMARCHÉ,diesel_regular,Gasóleo simples,Outro,1.898,Estarreja,Aveiro,"Estrada Nacional, 109",Beduido,3860-363,40.759869,-8.571486,"interestarreja supermercados, lda",intermarché,"estrada nacional, 109","1,898 €",2026-05-15_dgeg_postos_raw.csv,c100c0684eeb1b63
2026-05-15,2026-05-15 14:31:32,2026-05-15 08:00:00,da65002a9c5db286,da65002a9c5db286_diesel_premium,"Interestarreja Supermercados, Lda",INTERMARCHÉ,diesel_premium,Gasóleo especial,Outro,1.938,Estarreja,Aveiro,"Estrada Nacional, 109",Beduido,3860-363,40.759869,-8.571486,"interestarreja supermercados, lda",intermarché,"estrada nacional, 109","1,938 €",2026-05-15_dgeg_postos_raw.csv,cb0cf77d3813495a
2026-05-15,2026-05-15 14:31:32,2026-05-15 08:00:00,da65002a9c5db286,da65002a9c5db286_gasoline_95,"Interestarreja Supermercados, Lda",INTERMARCHÉ,gasoline_95,Gasolina simples 95,Outro,1.868,Estarreja,Aveiro,"Estrada Nacional, 109",Beduido,3860-363,40.759869,-8.571486,"interestarreja supermercados, lda",intermarché,"estrada nacional, 109","1,868 €",2026-05-15_dgeg_postos_raw.csv,e7999798573f0bcb
2026-05-15,2026-05-15 14:31:32,2026-05-15 08:05:00,6566f7d4bc9a0a87,6566f7d4bc9a0a87_diesel_regular,A.S. VAGOS B,REPSOL,diesel_regular,Gasóleo simples,Auto-estrada,2.104,Vagos,Aveiro,A 17 Nó de Ponte de Vagos - Nascente,Vagos,3840-553,40.507212,-8.667495,a.s. vagos b,repsol,a 17 nó de ponte de vagos - nascente,"2,104 €",2026-05-15_dgeg_postos_raw.csv,2a7c0f6a58c7792e
2026-05-15,2026-05-15 14:31:32,2026-05-15 08:05:00,6566f7d4bc9a0a87,6566f7d4bc9a0a87_diesel_premium,A.S. VAGOS B,REPSOL,diesel_premium,Gasóleo especial,Auto-estrada,2.189,Vagos,Aveiro,A 17 Nó de Ponte de Vagos - Nascente,Vagos,3840-553,40.507212,-8.667495,a.s. vagos b,repsol,a 17 nó de ponte de vagos - nascente,"2,189 €",2026-05-15_dgeg_postos_raw.csv,0445af9437551be0
2026-05-15,2026-05-15 14:31:32,2026-05-15 08:05:00,6566f7d4bc9a0a87,6566f7d4bc9a0a87_gasoline_95,A.S. VAGOS B,REPSOL,gasoline_95,Gasolina simples 95,Auto-estrada,2.097,Vagos,Aveiro,A 17 Nó de Ponte de Vagos - Nascente,Vagos,3840-553,40.507212,-8.667495,a.s. vagos b,repsol,a 17 nó de ponte de vagos - nascente,"2,097 €",2026-05-15_dgeg_postos_raw.csv,bba31de3b7fc5b50
2026-05-15,2026-05-15 14:31:32,2026-05-15 08:05:00,6566f7d4bc9a0a87,6566f7d4bc9a0a87_gasoline_98,A.S. VAGOS B,REPSOL,gasoline_98,Gasolina especial 98,Auto-estrada,2.297,Vagos,Aveiro,A 17 Nó de Ponte de Vagos - Nascente,Vagos,3840-553,40.507212,-8.667495,a.s. vagos b,repsol,a 17 nó de ponte de vagos - nascente,"2,297 €",2026-05-15_dgeg_postos_raw.csv,1f22e797c142ef47
2026-05-15,2026-05-15 14:31:32,2026-05-15 08:05:00,41e853c098c54167,41e853c098c54167_diesel_regular,ES SETUBAL-FERRY - Gespost - Gestão e Administração de Postos de Abastecimento Unipessoal LDA,REPSOL,diesel_regular,Gasóleo simples,Outro,2.019,Setúbal,Setúbal,Av. Luisa Todi - Junto Ao Ferry,Setúbal,2900-459,38.522488,-8.886183,es setubal-ferry - gespost - gestão e administração de postos de abastecimento unipessoal lda,repsol,av. luisa todi - junto ao ferry,"2,019 €",2026-05-15_dgeg_postos_raw.csv,235e5f313eef35d6
2026-05-15,2026-05-15 14:31:32,2026-05-15 08:05:00,41e853c098c54167,41e853c098c54167_diesel_premium,ES SETUBAL-FERRY - Gespost - Gestão e Administração de Postos de Abastecimento Unipessoal LDA,REPSOL,diesel_premium,Gasóleo especial,Outro,2.069,Setúbal,Setúbal,Av. Luisa Todi - Junto Ao Ferry,Setúbal,2900-459,38.522488,-8.886183,es setubal-ferry - gespost - gestão e administração de postos de abastecimento unipessoal lda,repsol,av. luisa todi - junto ao ferry,"2,069 €",2026-05-15_dgeg_postos_raw.csv,a1d05b9f64140515
2026-05-15,2026-05-15 14:31:32,2026-05-15 08:05:00,41e853c098c54167,41e853c098c54167_gasoline_95,ES SETUBAL-FERRY - Gespost - Gestão e Administração de Postos de Abastecimento Unipessoal LDA,REPSOL,gasoline_95,Gasolina simples 95,Outro,2.017,Setúbal,Setúbal,Av. Luisa Todi - Junto Ao Ferry,Setúbal,2900-459,38.522488,-8.886183,es setubal-ferry - gespost - gestão e administração de postos de abastecimento unipessoal lda,repsol,av. luisa todi - junto ao ferry,"2,017 €",2026-05-15_dgeg_postos_raw.csv,884668a7be6b1224
2026-05-15,2026-05-15 14:31:32,2026-05-15 08:05:00,41e853c098c54167,41e853c098c54167_gasoline_98,ES SETUBAL-FERRY - Gespost - Gestão e Administração de Postos de Abastecimento Unipessoal LDA,REPSOL,gasoline_98,Gasolina especial 98,Outro,2.197,Setúbal,Setúbal,Av. Luisa Todi - Junto Ao Ferry,Setúbal,2900-459,38.522488,-8.886183,es setubal-ferry - gespost - gestão e administração de postos de abastecimento unipessoal lda,repsol,av. luisa todi - junto ao ferry,"2,197 €",2026-05-15_dgeg_postos_raw.csv,fe267eec7f620757
2026-05-15,2026-05-15 14:31:32,2026-05-15 08:05:00,99ffb42df5f94d74,99ffb42df5f94d74_diesel_regular,REPSOL Montechoro (Albufeira I),REPSOL,diesel_regular,Gasóleo simples,Outro,2.079,Albufeira,Faro,Estrada Brejos,Brejos-Montechoro,8200-317,37.10601,-8.230361,repsol montechoro (albufeira i),repsol,estrada brejos,"2,079 €",2026-05-15_dgeg_postos_raw.csv,99e7312fc33c3afd
2026-05-15,2026-05-15 14:31:32,2026-05-15 08:05:00,99ffb42df5f94d74,99ffb42df5f94d74_diesel_premium,REPSOL Montechoro (Albufeira I),REPSOL,diesel_premium,Gasóleo especial,Outro,2.149,Albufeira,Faro,Estrada Brejos,Brejos-Montechoro,8200-317,37.10601,-8.230361,repsol montechoro (albufeira i),repsol,estrada brejos,"2,149 €",2026-05-15_dgeg_postos_raw.csv,e389d6a0fbf1e9c4
2026-05-15,2026-05-15 14:31:32,2026-05-15 08:05:00,99ffb42df5f94d74,99ffb42df5f94d74_gasoline_95,REPSOL Montechoro (Albufeira I),REPSOL,gasoline_95,Gasolina simples 95,Outro,2.067,Albufeira,Faro,Estrada Brejos,Brejos-Montechoro,8200-317,37.10601,-8.230361,repsol montechoro (albufeira i),repsol,estrada brejos,"2,067 €",2026-05-15_dgeg_postos_raw.csv,133512294c2f92d2
2026-05-15,2026-05-15 14:31:32,2026-05-15 08:05:00,99ffb42df5f94d74,99ffb42df5f94d74_gasoline_98,REPSOL Montechoro (Albufeira I),REPSOL,gasoline_98,Gasolina especial 98,Outro,2.267,Albufeira,Faro,Estrada Brejos,Brejos-Montechoro,8200-317,37.10601,-8.230361,repsol montechoro (albufeira i),repsol,estrada brejos,"2,267 €",2026-05-15_dgeg_postos_raw.csv,04d2e369f427852e
2026-05-15,2026-05-15 14:31:32,2026-05-15 08:05:00,b70a55a858a0922c,b70a55a858a0922c_diesel_regular,ES EXPO - Gespost - Gestão e Administração de Postos de Abastecimento Unipessoal LDA,REPSOL,diesel_regular,Gasóleo simples,Outro,2.079,Lisboa,Lisboa,Rua dos Argonautas nº 1,,1990-215,38.75544,-9.096331,es expo - gespost - gestão e administração de postos de abastecimento unipessoal lda,repsol,rua dos argonautas nº 1,"2,079 €",2026-05-15_dgeg_postos_raw.csv,41e63eefe2cf47d3
2026-05-15,2026-05-15 14:31:32,2026-05-15 08:05:00,b70a55a858a0922c,b70a55a858a0922c_diesel_premium,ES EXPO - Gespost - Gestão e Administração de Postos de Abastecimento Unipessoal LDA,REPSOL,diesel_premium,Gasóleo especial,Outro,2.149,Lisboa,Lisboa,Rua dos Argonautas nº 1,,1990-215,38.75544,-9.096331,es expo - gespost - gestão e administração de postos de abastecimento unipessoal lda,repsol,rua dos argonautas nº 1,"2,149 €",2026-05-15_dgeg_postos_raw.csv,d2c4d0acf17517fd
2026-05-15,2026-05-15 14:31:32,2026-05-15 08:05:00,b70a55a858a0922c,b70a55a858a0922c_gasoline_95,ES EXPO - Gespost - Gestão e Administração de Postos de Abastecimento Unipessoal LDA,REPSOL,gasoline_95,Gasolina simples 95,Outro,2.067,Lisboa,Lisboa,Rua dos Argonautas nº 1,,1990-215,38.75544,-9.096331,es expo - gespost - gestão e administração de postos de abastecimento unipessoal lda,repsol,rua dos argonautas nº 1,"2,067 €",2026-05-15_dgeg_postos_raw.csv,7b978a3c96ec740f
2026-05-15,2026-05-15 14:31:32,2026-05-15 08:05:00,b70a55a858a0922c,b70a55a858a0922c_gasoline_98,ES EXPO - Gespost - Gestão e Administração de Postos de Abastecimento Unipessoal LDA,REPSOL,gasoline_98,Gasolina especial 98,Outro,2.267,Lisboa,Lisboa,Rua dos Argonautas nº 1,,1990-215,38.75544,-9.096331,es expo - gespost - gestão e administração de postos de abastecimento unipessoal lda,repsol,rua dos argonautas nº 1,"2,267 €",2026-05-15_dgeg_postos_raw.csv,4f31b86cc79c3fad
2026-05-15,2026-05-15 14:31:32,2026-05-15 08:05:00,da1b136ccb5396b7,da1b136ccb5396b7_diesel_regular,E.S. JULIO DINIS,REPSOL,diesel_regular,Gasóleo simples,Outro,2.079,Porto,Porto,Rua Júlio Dinis nº 320-348,Porto,4050-318,41.151825,-8.625536,e.s. julio dinis,repsol,rua júlio dinis nº 320-348,"2,079 €",2026-05-15_dgeg_postos_raw.csv,571c2dc269261392
2026-05-15,2026-05-15 14:31:32,2026-05-15 08:05:00,da1b136ccb5396b7,da1b136ccb5396b7_diesel_premium,E.S. JULIO DINIS,REPSOL,diesel_premium,Gasóleo especial,Outro,2.149,Porto,Porto,Rua Júlio Dinis nº 320-348,Porto,4050-318,41.151825,-8.625536,e.s. julio dinis,repsol,rua júlio dinis nº 320-348,"2,149 €",2026-05-15_dgeg_postos_raw.csv,e200ceaea8c34b62
2026-05-15,2026-05-15 14:31:32,2026-05-15 08:05:00,da1b136ccb5396b7,da1b136ccb5396b7_gasoline_95,E.S. JULIO DINIS,REPSOL,gasoline_95,Gasolina simples 95,Outro,2.077,Porto,Porto,Rua Júlio Dinis nº 320-348,Porto,4050-318,41.151825,-8.625536,e.s. julio dinis,repsol,rua júlio dinis nº 320-348,"2,077 €",2026-05-15_dgeg_postos_raw.csv,7584e193a2984a15
2026-05-15,2026-05-15 14:31:32,2026-05-15 08:05:00,c6a7cc9c0903f781,c6a7cc9c0903f781_diesel_regular,E.S. AMADORA-BOREL,REPSOL,diesel_regular,Gasóleo simples,Outro,2.079,Amadora,Lisboa,Av. Conde Castro Guimarães - Borel,Amadora,2720-113,38.74983,-9.23465,e.s. amadora-borel,repsol,av. conde castro guimarães - borel,"2,079 €",2026-05-15_dgeg_postos_raw.csv,f2bf5f7f167637fe
2026-05-15,2026-05-15 14:31:32,2026-05-15 08:05:00,c6a7cc9c0903f781,c6a7cc9c0903f781_diesel_premium,E.S. AMADORA-BOREL,REPSOL,diesel_premium,Gasóleo especial,Outro,2.149,Amadora,Lisboa,Av. Conde Castro Guimarães - Borel,Amadora,2720-113,38.74983,-9.23465,e.s. amadora-borel,repsol,av. conde castro guimarães - borel,"2,149 €",2026-05-15_dgeg_postos_raw.csv,be530742785fc400
2026-05-15,2026-05-15 14:31:32,2026-05-15 08:05:00,c6a7cc9c0903f781,c6a7cc9c0903f781_gasoline_95,E.S. AMADORA-BOREL,REPSOL,gasoline_95,Gasolina simples 95,Outro,2.067,Amadora,Lisboa,Av. Conde Castro Guimarães - Borel,Amadora,2720-113,38.74983,-9.23465,e.s. amadora-borel,repsol,av. conde castro guimarães - borel,"2,067 €",2026-05-15_dgeg_postos_raw.csv,e278e7743bdb370b
2026-05-15,2026-05-15 14:31:32,2026-05-15 08:05:00,c6a7cc9c0903f781,c6a7cc9c0903f781_gasoline_98,E.S. AMADORA-BOREL,REPSOL,gasoline_98,Gasolina especial 98,Outro,2.267,Amadora,Lisboa,Av. Conde Castro Guimarães - Borel,Amadora,2720-113,38.74983,-9.23465,e.s. amadora-borel,repsol,av. conde castro guimarães - borel,"2,267 €",2026-05-15_dgeg_postos_raw.csv,94ec216def514734
2026-05-15,2026-05-15 14:31:32,2026-05-15 08:05:00,2578f7bd890a018d,2578f7bd890a018d_diesel_regular,AS PENAFIEL B - Gespost - Gestão e Administração de Postos de Abastecimento Unipessoal LDA,REPSOL,diesel_regular,Gasóleo simples,Auto-estrada,2.095,Penafiel,Porto,A4 Sub Lanço Penafiel-Amarante Km 47.5  Castelões,Castelões,4560-055,41.23311,-8.17954,as penafiel b - gespost - gestão e administração de postos de abastecimento unipessoal lda,repsol,a4 sub lanço penafiel-amarante km 47.5 castelões,"2,095 €",2026-05-15_dgeg_postos_raw.csv,0f29838a61f7c260
2026-05-15,2026-05-15 14:31:32,2026-05-15 08:05:00,2578f7bd890a018d,2578f7bd890a018d_diesel_premium,AS PENAFIEL B - Gespost - Gestão e Administração de Postos de Abastecimento Unipessoal LDA,REPSOL,diesel_premium,Gasóleo especial,Auto-estrada,2.18,Penafiel,Porto,A4 Sub Lanço Penafiel-Amarante Km 47.5  Castelões,Castelões,4560-055,41.23311,-8.17954,as penafiel b - gespost - gestão e administração de postos de abastecimento unipessoal lda,repsol,a4 sub lanço penafiel-amarante km 47.5 castelões,"2,180 €",2026-05-15_dgeg_postos_raw.csv,a0b69407ff2bd812
2026-05-15,2026-05-15 14:31:32,2026-05-15 08:05:00,2578f7bd890a018d,2578f7bd890a018d_gasoline_95,AS PENAFIEL B - Gespost - Gestão e Administração de Postos de Abastecimento Unipessoal LDA,REPSOL,gasoline_95,Gasolina simples 95,Auto-estrada,2.096,Penafiel,Porto,A4 Sub Lanço Penafiel-Amarante Km 47.5  Castelões,Castelões,4560-055,41.23311,-8.17954,as penafiel b - gespost - gestão e administração de postos de abastecimento unipessoal lda,repsol,a4 sub lanço penafiel-amarante km 47.5 castelões,"2,096 €",2026-05-15_dgeg_postos_raw.csv,38faf913845fd8e3
2026-05-15,2026-05-15 14:31:32,2026-05-15 08:05:00,2578f7bd890a018d,2578f7bd890a018d_gasoline_98,AS PENAFIEL B - Gespost - Gestão e Administração de Postos de Abastecimento Unipessoal LDA,REPSOL,gasoline_98,Gasolina especial 98,Auto-estrada,2.296,Penafiel,Porto,A4 Sub Lanço Penafiel-Amarante Km 47.5  Castelões,Castelões,4560-055,41.23311,-8.17954,as penafiel b - gespost - gestão e administração de postos de abastecimento unipessoal lda,repsol,a4 sub lanço penafiel-amarante km 47.5 castelões,"2,296 €",2026-05-15_dgeg_postos_raw.csv,5494f11a1970952b
2026-05-15,2026-05-15 14:31:32,2026-05-15 08:05:00,8bc0bf65de745795,8bc0bf65de745795_diesel_regular,AS PENAFIEL A - Gespost - Gestão e Administração de Postos de Abastecimento Unipessoal LDA,REPSOL,diesel_regular,Gasóleo simples,Auto-estrada,2.095,Penafiel,Porto,A4 Sub Lanço Penafiel-Amarante Km 47.5  Castelões,Castelões,4560-055,41.23329,-8.17894,as penafiel a - gespost - gestão e administração de postos de abastecimento unipessoal lda,repsol,a4 sub lanço penafiel-amarante km 47.5 castelões,"2,095 €",2026-05-15_dgeg_postos_raw.csv,045c61adef5d0386
2026-05-15,2026-05-15 14:31:32,2026-05-15 08:05:00,8bc0bf65de745795,8bc0bf65de745795_diesel_premium,AS PENAFIEL A - Gespost - Gestão e Administração de Postos de Abastecimento Unipessoal LDA,REPSOL,diesel_premium,Gasóleo especial,Auto-estrada,2.18,Penafiel,Porto,A4 Sub Lanço Penafiel-Amarante Km 47.5  Castelões,Castelões,4560-055,41.23329,-8.17894,as penafiel a - gespost - gestão e administração de postos de abastecimento unipessoal lda,repsol,a4 sub lanço penafiel-amarante km 47.5 castelões,"2,180 €",2026-05-15_dgeg_postos_raw.csv,df3e074a23c3de02
2026-05-15,2026-05-15 14:31:32,2026-05-15 08:05:00,8bc0bf65de745795,8bc0bf65de745795_gasoline_95,AS PENAFIEL A - Gespost - Gestão e Administração de Postos de Abastecimento Unipessoal LDA,REPSOL,gasoline_95,Gasolina simples 95,Auto-estrada,2.096,Penafiel,Porto,A4 Sub Lanço Penafiel-Amarante Km 47.5  Castelões,Castelões,4560-055,41.23329,-8.17894,as penafiel a - gespost - gestão e administração de postos de abastecimento unipessoal lda,repsol,a4 sub lanço penafiel-amarante km 47.5 castelões,"2,096 €",2026-05-15_dgeg_postos_raw.csv,855e211fab117ef8
2026-05-15,2026-05-15 14:31:32,2026-05-15 08:05:00,8bc0bf65de745795,8bc0bf65de745795_gasoline_98,AS PENAFIEL A - Gespost - Gestão e Administração de Postos de Abastecimento Unipessoal LDA,REPSOL,gasoline_98,Gasolina especial 98,Auto-estrada,2.296,Penafiel,Porto,A4 Sub Lanço Penafiel-Amarante Km 47.5  Castelões,Castelões,4560-055,41.23329,-8.17894,as penafiel a - gespost - gestão e administração de postos de abastecimento unipessoal lda,repsol,a4 sub lanço penafiel-amarante km 47.5 castelões,"2,296 €",2026-05-15_dgeg_postos_raw.csv,8c18bfad0eaa7191
2026-05-15,2026-05-15 14:31:32,2026-05-15 08:05:00,459484794f9f76db,459484794f9f76db_diesel_regular,ES 1169 - 2A CIRCULAR (SUL/NORTE) - Gespost - Gestão e Administração de Postos de Abastecimento Unipessoal LDA,REPSOL,diesel_regular,Gasóleo simples,Outro,2.079,Lisboa,Lisboa,2ª Circular sentido Sul/Norte Avenida Marechal Craveiro Lopes,Lisboa,1700-284,38.76278,-9.1412,es 1169 - 2a circular (sul/norte) - gespost - gestão e administração de postos de abastecimento unipessoal lda,repsol,2ª circular sentido sul/norte avenida marechal craveiro lopes,"2,079 €",2026-05-15_dgeg_postos_raw.csv,371b2012412bacbf
2026-05-15,2026-05-15 14:31:32,2026-05-15 08:05:00,459484794f9f76db,459484794f9f76db_diesel_premium,ES 1169 - 2A CIRCULAR (SUL/NORTE) - Gespost - Gestão e Administração de Postos de Abastecimento Unipessoal LDA,REPSOL,diesel_premium,Gasóleo especial,Outro,2.149,Lisboa,Lisboa,2ª Circular sentido Sul/Norte Avenida Marechal Craveiro Lopes,Lisboa,1700-284,38.76278,-9.1412,es 1169 - 2a circular (sul/norte) - gespost - gestão e administração de postos de abastecimento unipessoal lda,repsol,2ª circular sentido sul/norte avenida marechal craveiro lopes,"2,149 €",2026-05-15_dgeg_postos_raw.csv,1d49ee8462af28ae
2026-05-15,2026-05-15 14:31:32,2026-05-15 08:05:00,459484794f9f76db,459484794f9f76db_gasoline_95,ES 1169 - 2A CIRCULAR (SUL/NORTE) - Gespost - Gestão e Administração de Postos de Abastecimento Unipessoal LDA,REPSOL,gasoline_95,Gasolina simples 95,Outro,2.067,Lisboa,Lisboa,2ª Circular sentido Sul/Norte Avenida Marechal Craveiro Lopes,Lisboa,1700-284,38.76278,-9.1412,es 1169 - 2a circular (sul/norte) - gespost - gestão e administração de postos de abastecimento unipessoal lda,repsol,2ª circular sentido sul/norte avenida marechal craveiro lopes,"2,067 €",2026-05-15_dgeg_postos_raw.csv,4c1eb3f5016c0d71
2026-05-15,2026-05-15 14:31:32,2026-05-15 08:05:00,459484794f9f76db,459484794f9f76db_gasoline_98,ES 1169 - 2A CIRCULAR (SUL/NORTE) - Gespost - Gestão e Administração de Postos de Abastecimento Unipessoal LDA,REPSOL,gasoline_98,Gasolina especial 98,Outro,2.267,Lisboa,Lisboa,2ª Circular sentido Sul/Norte Avenida Marechal Craveiro Lopes,Lisboa,1700-284,38.76278,-9.1412,es 1169 - 2a circular (sul/norte) - gespost - gestão e administração de postos de abastecimento unipessoal lda,repsol,2ª circular sentido sul/norte avenida marechal craveiro lopes,"2,267 €",2026-05-15_dgeg_postos_raw.csv,75dedddaf3a649d9
2026-05-15,2026-05-15 14:31:32,2026-05-15 08:05:00,487d7fbec6bd967a,487d7fbec6bd967a_diesel_regular,ES CAMPO GRANDE - Gespost - Gestão e Administração de Postos de Abastecimento Unipessoal LDA,REPSOL,diesel_regular,Gasóleo simples,Outro,2.039,Lisboa,Lisboa,Av. General Norton de Matos ao Campo Grande,Lisboa,1600-104,38.758,-9.159264,es campo grande - gespost - gestão e administração de postos de abastecimento unipessoal lda,repsol,av. general norton de matos ao campo grande,"2,039 €",2026-05-15_dgeg_postos_raw.csv,42908760dae4f0c9
2026-05-15,2026-05-15 14:31:32,2026-05-15 08:05:00,487d7fbec6bd967a,487d7fbec6bd967a_diesel_premium,ES CAMPO GRANDE - Gespost - Gestão e Administração de Postos de Abastecimento Unipessoal LDA,REPSOL,diesel_premium,Gasóleo especial,Outro,2.109,Lisboa,Lisboa,Av. General Norton de Matos ao Campo Grande,Lisboa,1600-104,38.758,-9.159264,es campo grande - gespost - gestão e administração de postos de abastecimento unipessoal lda,repsol,av. general norton de matos ao campo grande,"2,109 €",2026-05-15_dgeg_postos_raw.csv,5faeaff765118915
2026-05-15,2026-05-15 14:31:32,2026-05-15 08:05:00,487d7fbec6bd967a,487d7fbec6bd967a_gasoline_95,ES CAMPO GRANDE - Gespost - Gestão e Administração de Postos de Abastecimento Unipessoal LDA,REPSOL,gasoline_95,Gasolina simples 95,Outro,2.037,Lisboa,Lisboa,Av. General Norton de Matos ao Campo Grande,Lisboa,1600-104,38.758,-9.159264,es campo grande - gespost - gestão e administração de postos de abastecimento unipessoal lda,repsol,av. general norton de matos ao campo grande,"2,037 €",2026-05-15_dgeg_postos_raw.csv,092491b69bf7d834
2026-05-15,2026-05-15 14:31:32,2026-05-15 08:05:00,487d7fbec6bd967a,487d7fbec6bd967a_gasoline_98,ES CAMPO GRANDE - Gespost - Gestão e Administração de Postos de Abastecimento Unipessoal LDA,REPSOL,gasoline_98,Gasolina especial 98,Outro,2.237,Lisboa,Lisboa,Av. General Norton de Matos ao Campo Grande,Lisboa,1600-104,38.758,-9.159264,es campo grande - gespost - gestão e administração de postos de abastecimento unipessoal lda,repsol,av. general norton de matos ao campo grande,"2,237 €",2026-05-15_dgeg_postos_raw.csv,c5ef32118fbcdcf8
2026-05-15,2026-05-15 14:31:32,2026-05-15 08:05:00,d751e03dca49435c,d751e03dca49435c_diesel_regular,ES ROT. DA CAVALEIRA - Gespost - Gestão e Administração de Postos de Abastecimento Unipessoal LDA,REPSOL,diesel_regular,Gasóleo simples,Outro,2.079,Sintra,Lisboa,Rotunda da Cavaleira  Algueirão,Sintra,2710-418,38.80345,-9.356381,es rot. da cavaleira - gespost - gestão e administração de postos de abastecimento unipessoal lda,repsol,rotunda da cavaleira algueirão,"2,079 €",2026-05-15_dgeg_postos_raw.csv,5900c08a4d05d02d
2026-05-15,2026-05-15 14:31:32,2026-05-15 08:05:00,d751e03dca49435c,d751e03dca49435c_diesel_premium,ES ROT. DA CAVALEIRA - Gespost - Gestão e Administração de Postos de Abastecimento Unipessoal LDA,REPSOL,diesel_premium,Gasóleo especial,Outro,2.149,Sintra,Lisboa,Rotunda da Cavaleira  Algueirão,Sintra,2710-418,38.80345,-9.356381,es rot. da cavaleira - gespost - gestão e administração de postos de abastecimento unipessoal lda,repsol,rotunda da cavaleira algueirão,"2,149 €",2026-05-15_dgeg_postos_raw.csv,3e851e329c2d6f4f
2026-05-15,2026-05-15 14:31:32,2026-05-15 08:05:00,d751e03dca49435c,d751e03dca49435c_gasoline_95,ES ROT. DA CAVALEIRA - Gespost - Gestão e Administração de Postos de Abastecimento Unipessoal LDA,REPSOL,gasoline_95,Gasolina simples 95,Outro,2.067,Sintra,Lisboa,Rotunda da Cavaleira  Algueirão,Sintra,2710-418,38.80345,-9.356381,es rot. da cavaleira - gespost - gestão e administração de postos de abastecimento unipessoal lda,repsol,rotunda da cavaleira algueirão,"2,067 €",2026-05-15_dgeg_postos_raw.csv,ce5a09053430ad23
2026-05-15,2026-05-15 14:31:32,2026-05-15 08:05:00,d751e03dca49435c,d751e03dca49435c_gasoline_98,ES ROT. DA CAVALEIRA - Gespost - Gestão e Administração de Postos de Abastecimento Unipessoal LDA,REPSOL,gasoline_98,Gasolina especial 98,Outro,2.267,Sintra,Lisboa,Rotunda da Cavaleira  Algueirão,Sintra,2710-418,38.80345,-9.356381,es rot. da cavaleira - gespost - gestão e administração de postos de abastecimento unipessoal lda,repsol,rotunda da cavaleira algueirão,"2,267 €",2026-05-15_dgeg_postos_raw.csv,a915049d15ee2788
2026-05-15,2026-05-15 14:31:32,2026-05-15 08:05:00,6cb8329c337d196e,6cb8329c337d196e_diesel_regular,REPSOL MEM MARTINS A,REPSOL,diesel_regular,Gasóleo simples,Outro,2.079,Sintra,Lisboa,Alto do Forte Rua das Vagens - Mem Martins,Mem Martins,2725-260,38.78318,-9.337719,repsol mem martins a,repsol,alto do forte rua das vagens - mem martins,"2,079 €",2026-05-15_dgeg_postos_raw.csv,9ae862673d6d4117
2026-05-15,2026-05-15 14:31:32,2026-05-15 08:05:00,6cb8329c337d196e,6cb8329c337d196e_diesel_premium,REPSOL MEM MARTINS A,REPSOL,diesel_premium,Gasóleo especial,Outro,2.149,Sintra,Lisboa,Alto do Forte Rua das Vagens - Mem Martins,Mem Martins,2725-260,38.78318,-9.337719,repsol mem martins a,repsol,alto do forte rua das vagens - mem martins,"2,149 €",2026-05-15_dgeg_postos_raw.csv,2b3e0bcc049cd845
2026-05-15,2026-05-15 14:31:32,2026-05-15 08:05:00,6cb8329c337d196e,6cb8329c337d196e_gasoline_95,REPSOL MEM MARTINS A,REPSOL,gasoline_95,Gasolina simples 95,Outro,2.067,Sintra,Lisboa,Alto do Forte Rua das Vagens - Mem Martins,Mem Martins,2725-260,38.78318,-9.337719,repsol mem martins a,repsol,alto do forte rua das vagens - mem martins,"2,067 €",2026-05-15_dgeg_postos_raw.csv,16461197748b1dcb
2026-05-15,2026-05-15 14:31:32,2026-05-15 08:05:00,6cb8329c337d196e,6cb8329c337d196e_gasoline_98,REPSOL MEM MARTINS A,REPSOL,gasoline_98,Gasolina especial 98,Outro,2.267,Sintra,Lisboa,Alto do Forte Rua das Vagens - Mem Martins,Mem Martins,2725-260,38.78318,-9.337719,repsol mem martins a,repsol,alto do forte rua das vagens - mem martins,"2,267 €",2026-05-15_dgeg_postos_raw.csv,22115c513d08f5b7
2026-05-15,2026-05-15 14:31:32,2026-05-15 08:05:00,bac5988de5647e61,bac5988de5647e61_diesel_regular,E.S. CREL NORTE B    A.S.,REPSOL,diesel_regular,Gasóleo simples,Auto-estrada,2.104,Loures,Lisboa,A 9 km21 Sub Lanco Bucelas/Loures,,2670-901,38.858597,-9.161338,e.s. crel norte b a.s.,repsol,a 9 km21 sub lanco bucelas/loures,"2,104 €",2026-05-15_dgeg_postos_raw.csv,cdb2f4232dae972b
2026-05-15,2026-05-15 14:31:32,2026-05-15 08:05:00,bac5988de5647e61,bac5988de5647e61_diesel_premium,E.S. CREL NORTE B    A.S.,REPSOL,diesel_premium,Gasóleo especial,Auto-estrada,2.189,Loures,Lisboa,A 9 km21 Sub Lanco Bucelas/Loures,,2670-901,38.858597,-9.161338,e.s. crel norte b a.s.,repsol,a 9 km21 sub lanco bucelas/loures,"2,189 €",2026-05-15_dgeg_postos_raw.csv,6c844cbd457a2070
2026-05-15,2026-05-15 14:31:32,2026-05-15 08:05:00,bac5988de5647e61,bac5988de5647e61_gasoline_95,E.S. CREL NORTE B    A.S.,REPSOL,gasoline_95,Gasolina simples 95,Auto-estrada,2.097,Loures,Lisboa,A 9 km21 Sub Lanco Bucelas/Loures,,2670-901,38.858597,-9.161338,e.s. crel norte b a.s.,repsol,a 9 km21 sub lanco bucelas/loures,"2,097 €",2026-05-15_dgeg_postos_raw.csv,d2a49db79b99d1b9
2026-05-15,2026-05-15 14:31:32,2026-05-15 08:05:00,45df81132a8571e1,45df81132a8571e1_diesel_regular,REPSOL - Rinchoa,REPSOL,diesel_regular,Gasóleo simples,Outro,2.079,Sintra,Lisboa,Gaveto da Av Gil Eanes e Av das Descobertas - Rinchoa,Rio de Mouro,2635-388,38.78218,-9.320017,repsol - rinchoa,repsol,gaveto da av gil eanes e av das descobertas - rinchoa,"2,079 €",2026-05-15_dgeg_postos_raw.csv,ed37da7e9bd1a3d8
2026-05-15,2026-05-15 14:31:32,2026-05-15 08:05:00,45df81132a8571e1,45df81132a8571e1_diesel_premium,REPSOL - Rinchoa,REPSOL,diesel_premium,Gasóleo especial,Outro,2.149,Sintra,Lisboa,Gaveto da Av Gil Eanes e Av das Descobertas - Rinchoa,Rio de Mouro,2635-388,38.78218,-9.320017,repsol - rinchoa,repsol,gaveto da av gil eanes e av das descobertas - rinchoa,"2,149 €",2026-05-15_dgeg_postos_raw.csv,c6fab47207bbbab4
2026-05-15,2026-05-15 14:31:32,2026-05-15 08:05:00,45df81132a8571e1,45df81132a8571e1_gasoline_95,REPSOL - Rinchoa,REPSOL,gasoline_95,Gasolina simples 95,Outro,2.067,Sintra,Lisboa,Gaveto da Av Gil Eanes e Av das Descobertas - Rinchoa,Rio de Mouro,2635-388,38.78218,-9.320017,repsol - rinchoa,repsol,gaveto da av gil eanes e av das descobertas - rinchoa,"2,067 €",2026-05-15_dgeg_postos_raw.csv,ebbd461609a1179a
2026-05-15,2026-05-15 14:31:32,2026-05-15 08:05:00,45df81132a8571e1,45df81132a8571e1_gasoline_98,REPSOL - Rinchoa,REPSOL,gasoline_98,Gasolina especial 98,Outro,2.267,Sintra,Lisboa,Gaveto da Av Gil Eanes e Av das Descobertas - Rinchoa,Rio de Mouro,2635-388,38.78218,-9.320017,repsol - rinchoa,repsol,gaveto da av gil eanes e av das descobertas - rinchoa,"2,267 €",2026-05-15_dgeg_postos_raw.csv,cdcedaf446e62936
2026-05-15,2026-05-15 14:31:32,2026-05-15 08:05:00,40490dbbde82800e,40490dbbde82800e_diesel_regular,AS FIGUEIRA DA FOZ B - Gespost - Gestão e Administração de Postos de Abastecimento Unipessoal LDA,REPSOL,diesel_regular,Gasóleo simples,Auto-estrada,2.104,Figueira da Foz,Coimbra,"A 17,  Sublanço Quiaios / A 14, Km 62",Ervedal,3080-513,40.211784,-8.810508,as figueira da foz b - gespost - gestão e administração de postos de abastecimento unipessoal lda,repsol,"a 17, sublanço quiaios / a 14, km 62","2,104 €",2026-05-15_dgeg_postos_raw.csv,bfb307e8d67c4311
2026-05-15,2026-05-15 14:31:32,2026-05-15 08:05:00,40490dbbde82800e,40490dbbde82800e_diesel_premium,AS FIGUEIRA DA FOZ B - Gespost - Gestão e Administração de Postos de Abastecimento Unipessoal LDA,REPSOL,diesel_premium,Gasóleo especial,Auto-estrada,2.189,Figueira da Foz,Coimbra,"A 17,  Sublanço Quiaios / A 14, Km 62",Ervedal,3080-513,40.211784,-8.810508,as figueira da foz b - gespost - gestão e administração de postos de abastecimento unipessoal lda,repsol,"a 17, sublanço quiaios / a 14, km 62","2,189 €",2026-05-15_dgeg_postos_raw.csv,6540d2ff350de4d6
2026-05-15,2026-05-15 14:31:32,2026-05-15 08:05:00,40490dbbde82800e,40490dbbde82800e_gasoline_95,AS FIGUEIRA DA FOZ B - Gespost - Gestão e Administração de Postos de Abastecimento Unipessoal LDA,REPSOL,gasoline_95,Gasolina simples 95,Auto-estrada,2.097,Figueira da Foz,Coimbra,"A 17,  Sublanço Quiaios / A 14, Km 62",Ervedal,3080-513,40.211784,-8.810508,as figueira da foz b - gespost - gestão e administração de postos de abastecimento unipessoal lda,repsol,"a 17, sublanço quiaios / a 14, km 62","2,097 €",2026-05-15_dgeg_postos_raw.csv,550e9f9cbc0080c9
2026-05-15,2026-05-15 14:31:32,2026-05-15 08:05:00,e5ea46506c689042,e5ea46506c689042_diesel_premium,MIRANDA DO DOURO,BP,diesel_premium,Gasóleo especial,Outro,2.229,Miranda do Douro,Bragança,Zona Industrial (EN 218),Miranda do Douro,5210-175,41.506668,-6.28645,miranda do douro,bp,zona industrial (en 218),"2,229 €",2026-05-15_dgeg_postos_raw.csv,d5a28ed7f3543aad
2026-05-15,2026-05-15 14:31:32,2026-05-15 08:05:00,e5ea46506c689042,e5ea46506c689042_diesel_regular,MIRANDA DO DOURO,BP,diesel_regular,Gasóleo simples,Outro,2.109,Miranda do Douro,Bragança,Zona Industrial (EN 218),Miranda do Douro,5210-175,41.506668,-6.28645,miranda do douro,bp,zona industrial (en 218),"2,109 €",2026-05-15_dgeg_postos_raw.csv,2cec65ea39707756
2026-05-15,2026-05-15 14:31:32,2026-05-15 08:05:00,e5ea46506c689042,e5ea46506c689042_gasoline_95,MIRANDA DO DOURO,BP,gasoline_95,Gasolina simples 95,Outro,2.099,Miranda do Douro,Bragança,Zona Industrial (EN 218),Miranda do Douro,5210-175,41.506668,-6.28645,miranda do douro,bp,zona industrial (en 218),"2,099 €",2026-05-15_dgeg_postos_raw.csv,5116ba6feb28dea3
2026-05-15,2026-05-15 14:31:32,2026-05-15 08:05:00,3884b73ce802af3e,3884b73ce802af3e_diesel_regular,REPSOL Belenenses,REPSOL,diesel_regular,Gasóleo simples,Outro,2.079,Lisboa,Lisboa,Av Ilha da Madeira,Lisboa,1400-203,38.7011,-9.20655,repsol belenenses,repsol,av ilha da madeira,"2,079 €",2026-05-15_dgeg_postos_raw.csv,7442a8f288caada1
2026-05-15,2026-05-15 14:31:32,2026-05-15 08:05:00,3884b73ce802af3e,3884b73ce802af3e_gasoline_95,REPSOL Belenenses,REPSOL,gasoline_95,Gasolina simples 95,Outro,2.067,Lisboa,Lisboa,Av Ilha da Madeira,Lisboa,1400-203,38.7011,-9.20655,repsol belenenses,repsol,av ilha da madeira,"2,067 €",2026-05-15_dgeg_postos_raw.csv,f2398988f5a2f08c
2026-05-15,2026-05-15 14:31:32,2026-05-15 08:05:00,3884b73ce802af3e,3884b73ce802af3e_diesel_premium,REPSOL Belenenses,REPSOL,diesel_premium,Gasóleo especial,Outro,2.149,Lisboa,Lisboa,Av Ilha da Madeira,Lisboa,1400-203,38.7011,-9.20655,repsol belenenses,repsol,av ilha da madeira,"2,149 €",2026-05-15_dgeg_postos_raw.csv,764c1599b08c6a47
2026-05-15,2026-05-15 14:31:32,2026-05-15 08:05:00,3884b73ce802af3e,3884b73ce802af3e_gasoline_98,REPSOL Belenenses,REPSOL,gasoline_98,Gasolina especial 98,Outro,2.267,Lisboa,Lisboa,Av Ilha da Madeira,Lisboa,1400-203,38.7011,-9.20655,repsol belenenses,repsol,av ilha da madeira,"2,267 €",2026-05-15_dgeg_postos_raw.csv,85d303aaaf151606
2026-05-15,2026-05-15 14:31:32,2026-05-15 08:10:00,5ce738013fa0db7a,5ce738013fa0db7a_diesel_premium,Cooperativa Agricola de Ervedal e Figueira e Barros CRL,REPSOL,diesel_premium,Gasóleo especial,Outro,2.114,Avis,Portalegre,Ferragial dos Enxertos,Ervedal,7480-284,39.042233,-7.811782,cooperativa agricola de ervedal e figueira e barros crl,repsol,ferragial dos enxertos,"2,114 €",2026-05-15_dgeg_postos_raw.csv,bd445efb7f115bb8
2026-05-15,2026-05-15 14:31:32,2026-05-15 08:10:00,a4722ed7cd0cd5d8,a4722ed7cd0cd5d8_diesel_regular,AS FIGUEIRA DA FOZ A - Gespost - Gestão e Administração de Postos de Abastecimento Unipessoal LDA,REPSOL,diesel_regular,Gasóleo simples,Auto-estrada,2.104,Figueira da Foz,Coimbra,"A 17,  Sublanço Quiaios / A 14, Km 62",Ervedal,3080-513,40.213478,-8.811096,as figueira da foz a - gespost - gestão e administração de postos de abastecimento unipessoal lda,repsol,"a 17, sublanço quiaios / a 14, km 62","2,104 €",2026-05-15_dgeg_postos_raw.csv,d5ed85a30946acf4
2026-05-15,2026-05-15 14:31:32,2026-05-15 08:10:00,a4722ed7cd0cd5d8,a4722ed7cd0cd5d8_diesel_premium,AS FIGUEIRA DA FOZ A - Gespost - Gestão e Administração de Postos de Abastecimento Unipessoal LDA,REPSOL,diesel_premium,Gasóleo especial,Auto-estrada,2.189,Figueira da Foz,Coimbra,"A 17,  Sublanço Quiaios / A 14, Km 62",Ervedal,3080-513,40.213478,-8.811096,as figueira da foz a - gespost - gestão e administração de postos de abastecimento unipessoal lda,repsol,"a 17, sublanço quiaios / a 14, km 62","2,189 €",2026-05-15_dgeg_postos_raw.csv,9e71ddde4b28f8e6
2026-05-15,2026-05-15 14:31:32,2026-05-15 08:10:00,a4722ed7cd0cd5d8,a4722ed7cd0cd5d8_gasoline_95,AS FIGUEIRA DA FOZ A - Gespost - Gestão e Administração de Postos de Abastecimento Unipessoal LDA,REPSOL,gasoline_95,Gasolina simples 95,Auto-estrada,2.097,Figueira da Foz,Coimbra,"A 17,  Sublanço Quiaios / A 14, Km 62",Ervedal,3080-513,40.213478,-8.811096,as figueira da foz a - gespost - gestão e administração de postos de abastecimento unipessoal lda,repsol,"a 17, sublanço quiaios / a 14, km 62","2,097 €",2026-05-15_dgeg_postos_raw.csv,dcae086841e581fb
2026-05-15,2026-05-15 14:31:32,2026-05-15 08:10:00,b833cd64665fdd9c,b833cd64665fdd9c_diesel_regular,REPSOL Torres Novas NÓ A1/A23,REPSOL,diesel_regular,Gasóleo simples,Outro,2.029,Torres Novas,Santarém,"Lugar da Lameira Grande, Videla - Fig da Zibreira - Z.I da Zibreira",Zibreira,2350-838,39.477825,-8.623297,repsol torres novas nó a1/a23,repsol,"lugar da lameira grande, videla - fig da zibreira - z.i da zibreira","2,029 €",2026-05-15_dgeg_postos_raw.csv,84a38738e5ea944e
2026-05-15,2026-05-15 14:31:32,2026-05-15 08:10:00,b833cd64665fdd9c,b833cd64665fdd9c_diesel_premium,REPSOL Torres Novas NÓ A1/A23,REPSOL,diesel_premium,Gasóleo especial,Outro,2.089,Torres Novas,Santarém,"Lugar da Lameira Grande, Videla - Fig da Zibreira - Z.I da Zibreira",Zibreira,2350-838,39.477825,-8.623297,repsol torres novas nó a1/a23,repsol,"lugar da lameira grande, videla - fig da zibreira - z.i da zibreira","2,089 €",2026-05-15_dgeg_postos_raw.csv,ae7fcc3f2ba615c7
2026-05-15,2026-05-15 14:31:32,2026-05-15 08:10:00,b833cd64665fdd9c,b833cd64665fdd9c_gasoline_95,REPSOL Torres Novas NÓ A1/A23,REPSOL,gasoline_95,Gasolina simples 95,Outro,2.027,Torres Novas,Santarém,"Lugar da Lameira Grande, Videla - Fig da Zibreira - Z.I da Zibreira",Zibreira,2350-838,39.477825,-8.623297,repsol torres novas nó a1/a23,repsol,"lugar da lameira grande, videla - fig da zibreira - z.i da zibreira","2,027 €",2026-05-15_dgeg_postos_raw.csv,4abd9c6cc3a07711
2026-05-15,2026-05-15 14:31:32,2026-05-15 08:10:00,b833cd64665fdd9c,b833cd64665fdd9c_gasoline_98,REPSOL Torres Novas NÓ A1/A23,REPSOL,gasoline_98,Gasolina especial 98,Outro,2.217,Torres Novas,Santarém,"Lugar da Lameira Grande, Videla - Fig da Zibreira - Z.I da Zibreira",Zibreira,2350-838,39.477825,-8.623297,repsol torres novas nó a1/a23,repsol,"lugar da lameira grande, videla - fig da zibreira - z.i da zibreira","2,217 €",2026-05-15_dgeg_postos_raw.csv,254193b1be91723d
2026-05-15,2026-05-15 14:31:32,2026-05-15 08:10:00,8a951894d7d2d90d,8a951894d7d2d90d_diesel_regular,INTERMARCHÉ VILA NOVA DA TELHA,INTERMARCHÉ,diesel_regular,Gasóleo simples,Outro,1.899,Maia,Porto,"RUA DA FÁBRICA, 274",VILA NOVA DA TELHA,4470-768,41.25007,-8.66575,intermarché vila nova da telha,intermarché,"rua da fábrica, 274","1,899 €",2026-05-15_dgeg_postos_raw.csv,52c88d51f25c1047
2026-05-15,2026-05-15 14:31:32,2026-05-15 08:10:00,8a951894d7d2d90d,8a951894d7d2d90d_diesel_premium,INTERMARCHÉ VILA NOVA DA TELHA,INTERMARCHÉ,diesel_premium,Gasóleo especial,Outro,1.899,Maia,Porto,"RUA DA FÁBRICA, 274",VILA NOVA DA TELHA,4470-768,41.25007,-8.66575,intermarché vila nova da telha,intermarché,"rua da fábrica, 274","1,899 €",2026-05-15_dgeg_postos_raw.csv,7feceb95c3fa6fc3
2026-05-15,2026-05-15 14:31:32,2026-05-15 08:10:00,8a951894d7d2d90d,8a951894d7d2d90d_gasoline_95,INTERMARCHÉ VILA NOVA DA TELHA,INTERMARCHÉ,gasoline_95,Gasolina simples 95,Outro,1.929,Maia,Porto,"RUA DA FÁBRICA, 274",VILA NOVA DA TELHA,4470-768,41.25007,-8.66575,intermarché vila nova da telha,intermarché,"rua da fábrica, 274","1,929 €",2026-05-15_dgeg_postos_raw.csv,ff7fe21b69c946ec
2026-05-15,2026-05-15 14:31:32,2026-05-15 08:10:00,1a1979c988918f03,1a1979c988918f03_diesel_regular,Área de Serviço Repsol Almada A33,REPSOL,diesel_regular,Gasóleo simples,Auto-estrada,2.059,Almada,Setúbal,"A 33 Km 2,5",Costa de Caparica,2825-279,38.637806,-9.198797,área de serviço repsol almada a33,repsol,"a 33 km 2,5","2,059 €",2026-05-15_dgeg_postos_raw.csv,0a893f1470efe70e
2026-05-15,2026-05-15 14:31:32,2026-05-15 08:10:00,1a1979c988918f03,1a1979c988918f03_diesel_premium,Área de Serviço Repsol Almada A33,REPSOL,diesel_premium,Gasóleo especial,Auto-estrada,2.129,Almada,Setúbal,"A 33 Km 2,5",Costa de Caparica,2825-279,38.637806,-9.198797,área de serviço repsol almada a33,repsol,"a 33 km 2,5","2,129 €",2026-05-15_dgeg_postos_raw.csv,e1627b1d5b45635a
2026-05-15,2026-05-15 14:31:32,2026-05-15 08:10:00,1a1979c988918f03,1a1979c988918f03_gasoline_95,Área de Serviço Repsol Almada A33,REPSOL,gasoline_95,Gasolina simples 95,Auto-estrada,2.057,Almada,Setúbal,"A 33 Km 2,5",Costa de Caparica,2825-279,38.637806,-9.198797,área de serviço repsol almada a33,repsol,"a 33 km 2,5","2,057 €",2026-05-15_dgeg_postos_raw.csv,85e95f089ec55322
2026-05-15,2026-05-15 14:31:32,2026-05-15 08:10:00,1a1979c988918f03,1a1979c988918f03_gasoline_98,Área de Serviço Repsol Almada A33,REPSOL,gasoline_98,Gasolina especial 98,Auto-estrada,2.257,Almada,Setúbal,"A 33 Km 2,5",Costa de Caparica,2825-279,38.637806,-9.198797,área de serviço repsol almada a33,repsol,"a 33 km 2,5","2,257 €",2026-05-15_dgeg_postos_raw.csv,582fcd6b8da0e583
2026-05-15,2026-05-15 14:31:32,2026-05-15 08:10:00,9f0c5261a92565ff,9f0c5261a92565ff_diesel_regular,REPSOL - A8 - Loures A,REPSOL,diesel_regular,Gasóleo simples,Auto-estrada,2.105,Loures,Lisboa,"AE 8 Sub Lanco Loures/Malveira Km 13,95",,2670-901,38.884464,-9.195666,repsol - a8 - loures a,repsol,"ae 8 sub lanco loures/malveira km 13,95","2,105 €",2026-05-15_dgeg_postos_raw.csv,1e5cc41ffbdac48a
2026-05-15,2026-05-15 14:31:32,2026-05-15 08:10:00,9f0c5261a92565ff,9f0c5261a92565ff_diesel_premium,REPSOL - A8 - Loures A,REPSOL,diesel_premium,Gasóleo especial,Auto-estrada,2.19,Loures,Lisboa,"AE 8 Sub Lanco Loures/Malveira Km 13,95",,2670-901,38.884464,-9.195666,repsol - a8 - loures a,repsol,"ae 8 sub lanco loures/malveira km 13,95","2,190 €",2026-05-15_dgeg_postos_raw.csv,5e21be7732239b2d
2026-05-15,2026-05-15 14:31:32,2026-05-15 08:10:00,9f0c5261a92565ff,9f0c5261a92565ff_gasoline_95,REPSOL - A8 - Loures A,REPSOL,gasoline_95,Gasolina simples 95,Auto-estrada,2.091,Loures,Lisboa,"AE 8 Sub Lanco Loures/Malveira Km 13,95",,2670-901,38.884464,-9.195666,repsol - a8 - loures a,repsol,"ae 8 sub lanco loures/malveira km 13,95","2,091 €",2026-05-15_dgeg_postos_raw.csv,108d550f1d665be3
2026-05-15,2026-05-15 14:31:32,2026-05-15 08:10:00,9f0c5261a92565ff,9f0c5261a92565ff_gasoline_98,REPSOL - A8 - Loures A,REPSOL,gasoline_98,Gasolina especial 98,Auto-estrada,2.291,Loures,Lisboa,"AE 8 Sub Lanco Loures/Malveira Km 13,95",,2670-901,38.884464,-9.195666,repsol - a8 - loures a,repsol,"ae 8 sub lanco loures/malveira km 13,95","2,291 €",2026-05-15_dgeg_postos_raw.csv,c73c130e558913ac
2026-05-15,2026-05-15 14:31:32,2026-05-15 08:10:00,b4be17638f0ed44e,b4be17638f0ed44e_diesel_regular,REPSOL CREL Norte A,REPSOL,diesel_regular,Gasóleo simples,Auto-estrada,2.104,Loures,Lisboa,"A 9 km 21, Sub Lanco Loures/Bucelas",,2670-901,38.859745,-9.1608,repsol crel norte a,repsol,"a 9 km 21, sub lanco loures/bucelas","2,104 €",2026-05-15_dgeg_postos_raw.csv,125af3da99d2a8c2
2026-05-15,2026-05-15 14:31:32,2026-05-15 08:10:00,b4be17638f0ed44e,b4be17638f0ed44e_diesel_premium,REPSOL CREL Norte A,REPSOL,diesel_premium,Gasóleo especial,Auto-estrada,2.189,Loures,Lisboa,"A 9 km 21, Sub Lanco Loures/Bucelas",,2670-901,38.859745,-9.1608,repsol crel norte a,repsol,"a 9 km 21, sub lanco loures/bucelas","2,189 €",2026-05-15_dgeg_postos_raw.csv,ff64660ad50a57f8
2026-05-15,2026-05-15 14:31:32,2026-05-15 08:10:00,b4be17638f0ed44e,b4be17638f0ed44e_gasoline_95,REPSOL CREL Norte A,REPSOL,gasoline_95,Gasolina simples 95,Auto-estrada,2.097,Loures,Lisboa,"A 9 km 21, Sub Lanco Loures/Bucelas",,2670-901,38.859745,-9.1608,repsol crel norte a,repsol,"a 9 km 21, sub lanco loures/bucelas","2,097 €",2026-05-15_dgeg_postos_raw.csv,d16f69ddc6d0fb0c
2026-05-15,2026-05-15 14:31:32,2026-05-15 08:10:00,1cf03de374fd356d,1cf03de374fd356d_diesel_regular,REPSOL Mem Martins B,REPSOL,diesel_regular,Gasóleo simples,Outro,2.079,Sintra,Lisboa,Alto do Forte Rua das Vagens - Mem Martins,Mem Martins,2725-260,38.78333,-9.338441,repsol mem martins b,repsol,alto do forte rua das vagens - mem martins,"2,079 €",2026-05-15_dgeg_postos_raw.csv,c804daaf7939ad37
2026-05-15,2026-05-15 14:31:32,2026-05-15 08:10:00,1cf03de374fd356d,1cf03de374fd356d_diesel_premium,REPSOL Mem Martins B,REPSOL,diesel_premium,Gasóleo especial,Outro,2.149,Sintra,Lisboa,Alto do Forte Rua das Vagens - Mem Martins,Mem Martins,2725-260,38.78333,-9.338441,repsol mem martins b,repsol,alto do forte rua das vagens - mem martins,"2,149 €",2026-05-15_dgeg_postos_raw.csv,c9063fdb70afba14
2026-05-15,2026-05-15 14:31:32,2026-05-15 08:10:00,1cf03de374fd356d,1cf03de374fd356d_gasoline_95,REPSOL Mem Martins B,REPSOL,gasoline_95,Gasolina simples 95,Outro,2.067,Sintra,Lisboa,Alto do Forte Rua das Vagens - Mem Martins,Mem Martins,2725-260,38.78333,-9.338441,repsol mem martins b,repsol,alto do forte rua das vagens - mem martins,"2,067 €",2026-05-15_dgeg_postos_raw.csv,82cff0ffae33dcdb
2026-05-15,2026-05-15 14:31:32,2026-05-15 08:10:00,1cf03de374fd356d,1cf03de374fd356d_gasoline_98,REPSOL Mem Martins B,REPSOL,gasoline_98,Gasolina especial 98,Outro,2.267,Sintra,Lisboa,Alto do Forte Rua das Vagens - Mem Martins,Mem Martins,2725-260,38.78333,-9.338441,repsol mem martins b,repsol,alto do forte rua das vagens - mem martins,"2,267 €",2026-05-15_dgeg_postos_raw.csv,9af49ef4dca67f21
2026-05-15,2026-05-15 14:31:32,2026-05-15 08:10:00,c15160081591e098,c15160081591e098_diesel_regular,ES STO ANTONIO DE CAVALEIROS - Gespost - Gestão e Administração de Postos de Abastecimento Unipessoal LDA,REPSOL,diesel_regular,Gasóleo simples,Outro,2.019,Odivelas,Lisboa,Estrada Nacional 8 km 13,Póvoa de Santo Adrião,2620-540,38.80508,-9.157865,es sto antonio de cavaleiros - gespost - gestão e administração de postos de abastecimento unipessoal lda,repsol,estrada nacional 8 km 13,"2,019 €",2026-05-15_dgeg_postos_raw.csv,eb9ed87ed0119b91
2026-05-15,2026-05-15 14:31:32,2026-05-15 08:10:00,c15160081591e098,c15160081591e098_diesel_premium,ES STO ANTONIO DE CAVALEIROS - Gespost - Gestão e Administração de Postos de Abastecimento Unipessoal LDA,REPSOL,diesel_premium,Gasóleo especial,Outro,2.089,Odivelas,Lisboa,Estrada Nacional 8 km 13,Póvoa de Santo Adrião,2620-540,38.80508,-9.157865,es sto antonio de cavaleiros - gespost - gestão e administração de postos de abastecimento unipessoal lda,repsol,estrada nacional 8 km 13,"2,089 €",2026-05-15_dgeg_postos_raw.csv,9ef5e1925703365f
2026-05-15,2026-05-15 14:31:32,2026-05-15 08:10:00,c15160081591e098,c15160081591e098_gasoline_95,ES STO ANTONIO DE CAVALEIROS - Gespost - Gestão e Administração de Postos de Abastecimento Unipessoal LDA,REPSOL,gasoline_95,Gasolina simples 95,Outro,2.017,Odivelas,Lisboa,Estrada Nacional 8 km 13,Póvoa de Santo Adrião,2620-540,38.80508,-9.157865,es sto antonio de cavaleiros - gespost - gestão e administração de postos de abastecimento unipessoal lda,repsol,estrada nacional 8 km 13,"2,017 €",2026-05-15_dgeg_postos_raw.csv,1306d7fb365c15e2
2026-05-15,2026-05-15 14:31:32,2026-05-15 08:10:00,c15160081591e098,c15160081591e098_gasoline_98,ES STO ANTONIO DE CAVALEIROS - Gespost - Gestão e Administração de Postos de Abastecimento Unipessoal LDA,REPSOL,gasoline_98,Gasolina especial 98,Outro,2.217,Odivelas,Lisboa,Estrada Nacional 8 km 13,Póvoa de Santo Adrião,2620-540,38.80508,-9.157865,es sto antonio de cavaleiros - gespost - gestão e administração de postos de abastecimento unipessoal lda,repsol,estrada nacional 8 km 13,"2,217 €",2026-05-15_dgeg_postos_raw.csv,ed8baf8139339d9d
2026-05-15,2026-05-15 14:31:32,2026-05-15 08:10:00,e38af49ec9893052,e38af49ec9893052_diesel_regular,ES AV. CEUTA - Gespost - Gestão e Administração de Postos de Abastecimento Unipessoal LDA,REPSOL,diesel_regular,Gasóleo simples,Outro,2.079,Lisboa,Lisboa,"Av.Ceuta,nº 61",Lisboa,1300-125,38.7133,-9.176011,es av. ceuta - gespost - gestão e administração de postos de abastecimento unipessoal lda,repsol,"av.ceuta,nº 61","2,079 €",2026-05-15_dgeg_postos_raw.csv,ceb1e0faabd72559
2026-05-15,2026-05-15 14:31:32,2026-05-15 08:10:00,e38af49ec9893052,e38af49ec9893052_diesel_premium,ES AV. CEUTA - Gespost - Gestão e Administração de Postos de Abastecimento Unipessoal LDA,REPSOL,diesel_premium,Gasóleo especial,Outro,2.149,Lisboa,Lisboa,"Av.Ceuta,nº 61",Lisboa,1300-125,38.7133,-9.176011,es av. ceuta - gespost - gestão e administração de postos de abastecimento unipessoal lda,repsol,"av.ceuta,nº 61","2,149 €",2026-05-15_dgeg_postos_raw.csv,46707a0f93d41002
2026-05-15,2026-05-15 14:31:32,2026-05-15 08:10:00,e38af49ec9893052,e38af49ec9893052_gasoline_95,ES AV. CEUTA - Gespost - Gestão e Administração de Postos de Abastecimento Unipessoal LDA,REPSOL,gasoline_95,Gasolina simples 95,Outro,2.067,Lisboa,Lisboa,"Av.Ceuta,nº 61",Lisboa,1300-125,38.7133,-9.176011,es av. ceuta - gespost - gestão e administração de postos de abastecimento unipessoal lda,repsol,"av.ceuta,nº 61","2,067 €",2026-05-15_dgeg_postos_raw.csv,12a27386b3d07f99
2026-05-15,2026-05-15 14:31:32,2026-05-15 08:10:00,e700efe0d7635057,e700efe0d7635057_diesel_regular,A S GAIA B - Gespost - Gestão e Administração de Postos de Abastecimento Unipessoal LDA,REPSOL,diesel_regular,Gasóleo simples,Auto-estrada,2.098,Vila Nova de Gaia,Porto,A1 ao Km 295 Sul/Norte,Vila Nova de Gaia,4430-129,41.101135,-8.597706,a s gaia b - gespost - gestão e administração de postos de abastecimento unipessoal lda,repsol,a1 ao km 295 sul/norte,"2,098 €",2026-05-15_dgeg_postos_raw.csv,b414d265d20a140f
2026-05-15,2026-05-15 14:31:32,2026-05-15 08:10:00,e700efe0d7635057,e700efe0d7635057_diesel_premium,A S GAIA B - Gespost - Gestão e Administração de Postos de Abastecimento Unipessoal LDA,REPSOL,diesel_premium,Gasóleo especial,Auto-estrada,2.183,Vila Nova de Gaia,Porto,A1 ao Km 295 Sul/Norte,Vila Nova de Gaia,4430-129,41.101135,-8.597706,a s gaia b - gespost - gestão e administração de postos de abastecimento unipessoal lda,repsol,a1 ao km 295 sul/norte,"2,183 €",2026-05-15_dgeg_postos_raw.csv,ca211894ec5044ef
2026-05-15,2026-05-15 14:31:32,2026-05-15 08:10:00,e700efe0d7635057,e700efe0d7635057_gasoline_95,A S GAIA B - Gespost - Gestão e Administração de Postos de Abastecimento Unipessoal LDA,REPSOL,gasoline_95,Gasolina simples 95,Auto-estrada,2.089,Vila Nova de Gaia,Porto,A1 ao Km 295 Sul/Norte,Vila Nova de Gaia,4430-129,41.101135,-8.597706,a s gaia b - gespost - gestão e administração de postos de abastecimento unipessoal lda,repsol,a1 ao km 295 sul/norte,"2,089 €",2026-05-15_dgeg_postos_raw.csv,c433d9f305f97f30
2026-05-15,2026-05-15 14:31:32,2026-05-15 08:10:00,e700efe0d7635057,e700efe0d7635057_gasoline_98,A S GAIA B - Gespost - Gestão e Administração de Postos de Abastecimento Unipessoal LDA,REPSOL,gasoline_98,Gasolina especial 98,Auto-estrada,2.289,Vila Nova de Gaia,Porto,A1 ao Km 295 Sul/Norte,Vila Nova de Gaia,4430-129,41.101135,-8.597706,a s gaia b - gespost - gestão e administração de postos de abastecimento unipessoal lda,repsol,a1 ao km 295 sul/norte,"2,289 €",2026-05-15_dgeg_postos_raw.csv,149214cd101d6488
2026-05-15,2026-05-15 14:31:32,2026-05-15 08:10:00,e9239e1b95c8bbb9,e9239e1b95c8bbb9_diesel_regular,ES  CONSTITUICAO - Gespost - Gestão e Administração de Postos de Abastecimento Unipessoal LDA,REPSOL,diesel_regular,Gasóleo simples,Outro,2.079,Porto,Porto,Rua da Constituição nº 2570,Porto,4000-000,41.165108,-8.628078,es constituicao - gespost - gestão e administração de postos de abastecimento unipessoal lda,repsol,rua da constituição nº 2570,"2,079 €",2026-05-15_dgeg_postos_raw.csv,71f0840a53eedeb6
2026-05-15,2026-05-15 14:31:32,2026-05-15 08:10:00,e9239e1b95c8bbb9,e9239e1b95c8bbb9_diesel_premium,ES  CONSTITUICAO - Gespost - Gestão e Administração de Postos de Abastecimento Unipessoal LDA,REPSOL,diesel_premium,Gasóleo especial,Outro,2.149,Porto,Porto,Rua da Constituição nº 2570,Porto,4000-000,41.165108,-8.628078,es constituicao - gespost - gestão e administração de postos de abastecimento unipessoal lda,repsol,rua da constituição nº 2570,"2,149 €",2026-05-15_dgeg_postos_raw.csv,fa9392adf4753689
2026-05-15,2026-05-15 14:31:32,2026-05-15 08:10:00,e9239e1b95c8bbb9,e9239e1b95c8bbb9_gasoline_95,ES  CONSTITUICAO - Gespost - Gestão e Administração de Postos de Abastecimento Unipessoal LDA,REPSOL,gasoline_95,Gasolina simples 95,Outro,2.067,Porto,Porto,Rua da Constituição nº 2570,Porto,4000-000,41.165108,-8.628078,es constituicao - gespost - gestão e administração de postos de abastecimento unipessoal lda,repsol,rua da constituição nº 2570,"2,067 €",2026-05-15_dgeg_postos_raw.csv,a712568f718e2711
2026-05-15,2026-05-15 14:31:32,2026-05-15 08:10:00,e9239e1b95c8bbb9,e9239e1b95c8bbb9_gasoline_98,ES  CONSTITUICAO - Gespost - Gestão e Administração de Postos de Abastecimento Unipessoal LDA,REPSOL,gasoline_98,Gasolina especial 98,Outro,2.267,Porto,Porto,Rua da Constituição nº 2570,Porto,4000-000,41.165108,-8.628078,es constituicao - gespost - gestão e administração de postos de abastecimento unipessoal lda,repsol,rua da constituição nº 2570,"2,267 €",2026-05-15_dgeg_postos_raw.csv,154ceca473d6703b
2026-05-15,2026-05-15 14:31:32,2026-05-15 08:10:00,7273703d317cdfb4,7273703d317cdfb4_diesel_regular,ES ARCOZELO,REPSOL,diesel_regular,Gasóleo simples,Outro,2.029,Vila Nova de Gaia,Porto,Rua do Corvo - 719,Arcozelo,4410-439,41.047962,-8.62815,es arcozelo,repsol,rua do corvo - 719,"2,029 €",2026-05-15_dgeg_postos_raw.csv,c1d756894409a980
2026-05-15,2026-05-15 14:31:32,2026-05-15 08:10:00,7273703d317cdfb4,7273703d317cdfb4_diesel_premium,ES ARCOZELO,REPSOL,diesel_premium,Gasóleo especial,Outro,2.089,Vila Nova de Gaia,Porto,Rua do Corvo - 719,Arcozelo,4410-439,41.047962,-8.62815,es arcozelo,repsol,rua do corvo - 719,"2,089 €",2026-05-15_dgeg_postos_raw.csv,076fa458c34f0ba7
2026-05-15,2026-05-15 14:31:32,2026-05-15 08:10:00,7273703d317cdfb4,7273703d317cdfb4_gasoline_95,ES ARCOZELO,REPSOL,gasoline_95,Gasolina simples 95,Outro,2.027,Vila Nova de Gaia,Porto,Rua do Corvo - 719,Arcozelo,4410-439,41.047962,-8.62815,es arcozelo,repsol,rua do corvo - 719,"2,027 €",2026-05-15_dgeg_postos_raw.csv,3fc1f3a9010fa48e
2026-05-15,2026-05-15 14:31:32,2026-05-15 08:10:00,d2619c9ddb7f5505,d2619c9ddb7f5505_diesel_regular,Gespost - Gestão e Administração de Postos de Abastecimento Unipessoal LDA - ES Vilar do Paraíso B  S/N - A.S.,REPSOL,diesel_regular,Gasóleo simples,Auto-estrada,2.099,Vila Nova de Gaia,Porto,"A 29 Sublanço IC1/IP1 km 0,6",Vila Nova de Gaia,4405-906,41.084213,-8.618611,gespost - gestão e administração de postos de abastecimento unipessoal lda - es vilar do paraíso b s/n - a.s.,repsol,"a 29 sublanço ic1/ip1 km 0,6","2,099 €",2026-05-15_dgeg_postos_raw.csv,0d77a647438ed101
2026-05-15,2026-05-15 14:31:32,2026-05-15 08:10:00,d2619c9ddb7f5505,d2619c9ddb7f5505_diesel_premium,Gespost - Gestão e Administração de Postos de Abastecimento Unipessoal LDA - ES Vilar do Paraíso B  S/N - A.S.,REPSOL,diesel_premium,Gasóleo especial,Auto-estrada,2.184,Vila Nova de Gaia,Porto,"A 29 Sublanço IC1/IP1 km 0,6",Vila Nova de Gaia,4405-906,41.084213,-8.618611,gespost - gestão e administração de postos de abastecimento unipessoal lda - es vilar do paraíso b s/n - a.s.,repsol,"a 29 sublanço ic1/ip1 km 0,6","2,184 €",2026-05-15_dgeg_postos_raw.csv,5d618ad83d00e87d
2026-05-15,2026-05-15 14:31:32,2026-05-15 08:10:00,d2619c9ddb7f5505,d2619c9ddb7f5505_gasoline_95,Gespost - Gestão e Administração de Postos de Abastecimento Unipessoal LDA - ES Vilar do Paraíso B  S/N - A.S.,REPSOL,gasoline_95,Gasolina simples 95,Auto-estrada,2.087,Vila Nova de Gaia,Porto,"A 29 Sublanço IC1/IP1 km 0,6",Vila Nova de Gaia,4405-906,41.084213,-8.618611,gespost - gestão e administração de postos de abastecimento unipessoal lda - es vilar do paraíso b s/n - a.s.,repsol,"a 29 sublanço ic1/ip1 km 0,6","2,087 €",2026-05-15_dgeg_postos_raw.csv,112ba51e19c95a7c
2026-05-15,2026-05-15 14:31:32,2026-05-15 08:10:00,16a8bbc68dc858ea,16a8bbc68dc858ea_diesel_regular,AS A 25 VISEU NORTE - Gespost - Gestão e Administração de Postos de Abastecimento Unipessoal LDA,REPSOL,diesel_regular,Gasóleo simples,Auto-estrada,2.055,Viseu,Viseu,"A 25 Sub lanço Nó de Fail/Nelas, entre KM 2,300 e  o Km 2,700",Vil de Soito,3510-899,40.62436,-7.931222,as a 25 viseu norte - gespost - gestão e administração de postos de abastecimento unipessoal lda,repsol,"a 25 sub lanço nó de fail/nelas, entre km 2,300 e o km 2,700","2,055 €",2026-05-15_dgeg_postos_raw.csv,eac070f71a73e43b
2026-05-15,2026-05-15 14:31:32,2026-05-15 08:10:00,16a8bbc68dc858ea,16a8bbc68dc858ea_diesel_premium,AS A 25 VISEU NORTE - Gespost - Gestão e Administração de Postos de Abastecimento Unipessoal LDA,REPSOL,diesel_premium,Gasóleo especial,Auto-estrada,2.14,Viseu,Viseu,"A 25 Sub lanço Nó de Fail/Nelas, entre KM 2,300 e  o Km 2,700",Vil de Soito,3510-899,40.62436,-7.931222,as a 25 viseu norte - gespost - gestão e administração de postos de abastecimento unipessoal lda,repsol,"a 25 sub lanço nó de fail/nelas, entre km 2,300 e o km 2,700","2,140 €",2026-05-15_dgeg_postos_raw.csv,59e0fbf174c1e8dd
2026-05-15,2026-05-15 14:31:32,2026-05-15 08:10:00,16a8bbc68dc858ea,16a8bbc68dc858ea_gasoline_95,AS A 25 VISEU NORTE - Gespost - Gestão e Administração de Postos de Abastecimento Unipessoal LDA,REPSOL,gasoline_95,Gasolina simples 95,Auto-estrada,2.051,Viseu,Viseu,"A 25 Sub lanço Nó de Fail/Nelas, entre KM 2,300 e  o Km 2,700",Vil de Soito,3510-899,40.62436,-7.931222,as a 25 viseu norte - gespost - gestão e administração de postos de abastecimento unipessoal lda,repsol,"a 25 sub lanço nó de fail/nelas, entre km 2,300 e o km 2,700","2,051 €",2026-05-15_dgeg_postos_raw.csv,c8bdc9ad92160b5d
2026-05-15,2026-05-15 14:31:32,2026-05-15 08:10:00,16a8bbc68dc858ea,16a8bbc68dc858ea_gasoline_98,AS A 25 VISEU NORTE - Gespost - Gestão e Administração de Postos de Abastecimento Unipessoal LDA,REPSOL,gasoline_98,Gasolina especial 98,Auto-estrada,2.251,Viseu,Viseu,"A 25 Sub lanço Nó de Fail/Nelas, entre KM 2,300 e  o Km 2,700",Vil de Soito,3510-899,40.62436,-7.931222,as a 25 viseu norte - gespost - gestão e administração de postos de abastecimento unipessoal lda,repsol,"a 25 sub lanço nó de fail/nelas, entre km 2,300 e o km 2,700","2,251 €",2026-05-15_dgeg_postos_raw.csv,72e776a849bbb693
2026-05-15,2026-05-15 14:31:32,2026-05-15 08:10:00,258460b879b28214,258460b879b28214_diesel_regular,AS A 25 VISEU SUL - Gespost - Gestão e Administração de Postos de Abastecimento Unipessoal LDA,REPSOL,diesel_regular,Gasóleo simples,Auto-estrada,2.055,Viseu,Viseu,"A 25 Sub lanço Nó de Fail/Nelas, entre KM 2,300 e  o Km 2,700",Vil de Soito,3510-899,40.623898,-7.933134,as a 25 viseu sul - gespost - gestão e administração de postos de abastecimento unipessoal lda,repsol,"a 25 sub lanço nó de fail/nelas, entre km 2,300 e o km 2,700","2,055 €",2026-05-15_dgeg_postos_raw.csv,760680377e8fdad6
2026-05-15,2026-05-15 14:31:32,2026-05-15 08:10:00,258460b879b28214,258460b879b28214_diesel_premium,AS A 25 VISEU SUL - Gespost - Gestão e Administração de Postos de Abastecimento Unipessoal LDA,REPSOL,diesel_premium,Gasóleo especial,Auto-estrada,2.14,Viseu,Viseu,"A 25 Sub lanço Nó de Fail/Nelas, entre KM 2,300 e  o Km 2,700",Vil de Soito,3510-899,40.623898,-7.933134,as a 25 viseu sul - gespost - gestão e administração de postos de abastecimento unipessoal lda,repsol,"a 25 sub lanço nó de fail/nelas, entre km 2,300 e o km 2,700","2,140 €",2026-05-15_dgeg_postos_raw.csv,fd410f467e036475
2026-05-15,2026-05-15 14:31:32,2026-05-15 08:10:00,258460b879b28214,258460b879b28214_gasoline_95,AS A 25 VISEU SUL - Gespost - Gestão e Administração de Postos de Abastecimento Unipessoal LDA,REPSOL,gasoline_95,Gasolina simples 95,Auto-estrada,2.051,Viseu,Viseu,"A 25 Sub lanço Nó de Fail/Nelas, entre KM 2,300 e  o Km 2,700",Vil de Soito,3510-899,40.623898,-7.933134,as a 25 viseu sul - gespost - gestão e administração de postos de abastecimento unipessoal lda,repsol,"a 25 sub lanço nó de fail/nelas, entre km 2,300 e o km 2,700","2,051 €",2026-05-15_dgeg_postos_raw.csv,0c2f96dac4e8b3cf
2026-05-15,2026-05-15 14:31:32,2026-05-15 08:10:00,258460b879b28214,258460b879b28214_gasoline_98,AS A 25 VISEU SUL - Gespost - Gestão e Administração de Postos de Abastecimento Unipessoal LDA,REPSOL,gasoline_98,Gasolina especial 98,Auto-estrada,2.251,Viseu,Viseu,"A 25 Sub lanço Nó de Fail/Nelas, entre KM 2,300 e  o Km 2,700",Vil de Soito,3510-899,40.623898,-7.933134,as a 25 viseu sul - gespost - gestão e administração de postos de abastecimento unipessoal lda,repsol,"a 25 sub lanço nó de fail/nelas, entre km 2,300 e o km 2,700","2,251 €",2026-05-15_dgeg_postos_raw.csv,f6198540b6a53e13
2026-05-15,2026-05-15 14:31:32,2026-05-15 08:10:00,a6ba76eed637b5fe,a6ba76eed637b5fe_diesel_regular,ES  ALMADA (LADO B) - Gespost - Gestão e Administração de Postos de Abastecimento Unipessoal LDA,REPSOL,diesel_regular,Gasóleo simples,Outro,2.079,Almada,Setúbal,Av. Bento Goncalves,,2800-352,38.67505,-9.166028,es almada (lado b) - gespost - gestão e administração de postos de abastecimento unipessoal lda,repsol,av. bento goncalves,"2,079 €",2026-05-15_dgeg_postos_raw.csv,4b17baeeb327c8de
2026-05-15,2026-05-15 14:31:32,2026-05-15 08:10:00,a6ba76eed637b5fe,a6ba76eed637b5fe_diesel_premium,ES  ALMADA (LADO B) - Gespost - Gestão e Administração de Postos de Abastecimento Unipessoal LDA,REPSOL,diesel_premium,Gasóleo especial,Outro,2.149,Almada,Setúbal,Av. Bento Goncalves,,2800-352,38.67505,-9.166028,es almada (lado b) - gespost - gestão e administração de postos de abastecimento unipessoal lda,repsol,av. bento goncalves,"2,149 €",2026-05-15_dgeg_postos_raw.csv,fe37b5fb10b8a7dd
2026-05-15,2026-05-15 14:31:32,2026-05-15 08:10:00,a6ba76eed637b5fe,a6ba76eed637b5fe_gasoline_95,ES  ALMADA (LADO B) - Gespost - Gestão e Administração de Postos de Abastecimento Unipessoal LDA,REPSOL,gasoline_95,Gasolina simples 95,Outro,2.067,Almada,Setúbal,Av. Bento Goncalves,,2800-352,38.67505,-9.166028,es almada (lado b) - gespost - gestão e administração de postos de abastecimento unipessoal lda,repsol,av. bento goncalves,"2,067 €",2026-05-15_dgeg_postos_raw.csv,f45841da67063ad0
2026-05-15,2026-05-15 14:31:32,2026-05-15 08:10:00,a6ba76eed637b5fe,a6ba76eed637b5fe_gasoline_98,ES  ALMADA (LADO B) - Gespost - Gestão e Administração de Postos de Abastecimento Unipessoal LDA,REPSOL,gasoline_98,Gasolina especial 98,Outro,2.267,Almada,Setúbal,Av. Bento Goncalves,,2800-352,38.67505,-9.166028,es almada (lado b) - gespost - gestão e administração de postos de abastecimento unipessoal lda,repsol,av. bento goncalves,"2,267 €",2026-05-15_dgeg_postos_raw.csv,57708a8130f0cd83
2026-05-15,2026-05-15 14:31:32,2026-05-15 08:10:00,88af50df8dd6ae87,88af50df8dd6ae87_diesel_regular,AS ANTUÃ A - Gespost - Gestão e Administração de Postos de Abastecimento Unipessoal LDA,REPSOL,diesel_regular,Gasóleo simples,Auto-estrada,2.098,Estarreja,Aveiro,A1.  Ao Km. 254 - Antua,,3850-909,40.754807,-8.534985,as antuã a - gespost - gestão e administração de postos de abastecimento unipessoal lda,repsol,a1. ao km. 254 - antua,"2,098 €",2026-05-15_dgeg_postos_raw.csv,789c2099e9d09b26
2026-05-15,2026-05-15 14:31:32,2026-05-15 08:10:00,88af50df8dd6ae87,88af50df8dd6ae87_diesel_premium,AS ANTUÃ A - Gespost - Gestão e Administração de Postos de Abastecimento Unipessoal LDA,REPSOL,diesel_premium,Gasóleo especial,Auto-estrada,2.183,Estarreja,Aveiro,A1.  Ao Km. 254 - Antua,,3850-909,40.754807,-8.534985,as antuã a - gespost - gestão e administração de postos de abastecimento unipessoal lda,repsol,a1. ao km. 254 - antua,"2,183 €",2026-05-15_dgeg_postos_raw.csv,211368cb8238317e
2026-05-15,2026-05-15 14:31:32,2026-05-15 08:10:00,88af50df8dd6ae87,88af50df8dd6ae87_gasoline_95,AS ANTUÃ A - Gespost - Gestão e Administração de Postos de Abastecimento Unipessoal LDA,REPSOL,gasoline_95,Gasolina simples 95,Auto-estrada,2.089,Estarreja,Aveiro,A1.  Ao Km. 254 - Antua,,3850-909,40.754807,-8.534985,as antuã a - gespost - gestão e administração de postos de abastecimento unipessoal lda,repsol,a1. ao km. 254 - antua,"2,089 €",2026-05-15_dgeg_postos_raw.csv,9a5e60b147b31196
2026-05-15,2026-05-15 14:31:32,2026-05-15 08:10:00,88af50df8dd6ae87,88af50df8dd6ae87_gasoline_98,AS ANTUÃ A - Gespost - Gestão e Administração de Postos de Abastecimento Unipessoal LDA,REPSOL,gasoline_98,Gasolina especial 98,Auto-estrada,2.289,Estarreja,Aveiro,A1.  Ao Km. 254 - Antua,,3850-909,40.754807,-8.534985,as antuã a - gespost - gestão e administração de postos de abastecimento unipessoal lda,repsol,a1. ao km. 254 - antua,"2,289 €",2026-05-15_dgeg_postos_raw.csv,9fed1cc41389a7c7
2026-05-15,2026-05-15 14:31:32,2026-05-15 08:10:00,5626c76dc9242a94,5626c76dc9242a94_diesel_regular,Estação de Serviço de Aveiro Rotunda,REPSOL,diesel_regular,Gasóleo simples,Outro,2.029,Aveiro,Aveiro,Zona Industrial da Taboeira Qta Simão Sul  Sector II,Aveiro,3800-055,40.6516,-8.60898,estação de serviço de aveiro rotunda,repsol,zona industrial da taboeira qta simão sul sector ii,"2,029 €",2026-05-15_dgeg_postos_raw.csv,f8459014e1a32cfb
2026-05-15,2026-05-15 14:31:32,2026-05-15 08:10:00,5626c76dc9242a94,5626c76dc9242a94_diesel_premium,Estação de Serviço de Aveiro Rotunda,REPSOL,diesel_premium,Gasóleo especial,Outro,2.089,Aveiro,Aveiro,Zona Industrial da Taboeira Qta Simão Sul  Sector II,Aveiro,3800-055,40.6516,-8.60898,estação de serviço de aveiro rotunda,repsol,zona industrial da taboeira qta simão sul sector ii,"2,089 €",2026-05-15_dgeg_postos_raw.csv,156dac975dcd92f8
2026-05-15,2026-05-15 14:31:32,2026-05-15 08:10:00,5626c76dc9242a94,5626c76dc9242a94_gasoline_95,Estação de Serviço de Aveiro Rotunda,REPSOL,gasoline_95,Gasolina simples 95,Outro,2.027,Aveiro,Aveiro,Zona Industrial da Taboeira Qta Simão Sul  Sector II,Aveiro,3800-055,40.6516,-8.60898,estação de serviço de aveiro rotunda,repsol,zona industrial da taboeira qta simão sul sector ii,"2,027 €",2026-05-15_dgeg_postos_raw.csv,ff992befac5b3bc4
2026-05-15,2026-05-15 14:31:32,2026-05-15 08:10:00,5626c76dc9242a94,5626c76dc9242a94_gasoline_98,Estação de Serviço de Aveiro Rotunda,REPSOL,gasoline_98,Gasolina especial 98,Outro,2.217,Aveiro,Aveiro,Zona Industrial da Taboeira Qta Simão Sul  Sector II,Aveiro,3800-055,40.6516,-8.60898,estação de serviço de aveiro rotunda,repsol,zona industrial da taboeira qta simão sul sector ii,"2,217 €",2026-05-15_dgeg_postos_raw.csv,37b4150d0faac5dc
2026-05-15,2026-05-15 14:31:32,2026-05-15 08:15:00,30753204f94a4a25,30753204f94a4a25_diesel_regular,AS ANTUÃ B - Gespost - Gestão e Administração de Postos de Abastecimento Unipessoal LDA,REPSOL,diesel_regular,Gasóleo simples,Auto-estrada,2.098,Estarreja,Aveiro,A1.  Ao Km. 255 - Antua,,3850-909,40.75632,-8.537286,as antuã b - gespost - gestão e administração de postos de abastecimento unipessoal lda,repsol,a1. ao km. 255 - antua,"2,098 €",2026-05-15_dgeg_postos_raw.csv,1d3fbea4c3824d75
2026-05-15,2026-05-15 14:31:32,2026-05-15 08:15:00,30753204f94a4a25,30753204f94a4a25_diesel_premium,AS ANTUÃ B - Gespost - Gestão e Administração de Postos de Abastecimento Unipessoal LDA,REPSOL,diesel_premium,Gasóleo especial,Auto-estrada,2.183,Estarreja,Aveiro,A1.  Ao Km. 255 - Antua,,3850-909,40.75632,-8.537286,as antuã b - gespost - gestão e administração de postos de abastecimento unipessoal lda,repsol,a1. ao km. 255 - antua,"2,183 €",2026-05-15_dgeg_postos_raw.csv,4ff17b3a431472da
2026-05-15,2026-05-15 14:31:32,2026-05-15 08:15:00,30753204f94a4a25,30753204f94a4a25_gasoline_95,AS ANTUÃ B - Gespost - Gestão e Administração de Postos de Abastecimento Unipessoal LDA,REPSOL,gasoline_95,Gasolina simples 95,Auto-estrada,2.089,Estarreja,Aveiro,A1.  Ao Km. 255 - Antua,,3850-909,40.75632,-8.537286,as antuã b - gespost - gestão e administração de postos de abastecimento unipessoal lda,repsol,a1. ao km. 255 - antua,"2,089 €",2026-05-15_dgeg_postos_raw.csv,a3717baa93f8dbf0
2026-05-15,2026-05-15 14:31:32,2026-05-15 08:15:00,30753204f94a4a25,30753204f94a4a25_gasoline_98,AS ANTUÃ B - Gespost - Gestão e Administração de Postos de Abastecimento Unipessoal LDA,REPSOL,gasoline_98,Gasolina especial 98,Auto-estrada,2.289,Estarreja,Aveiro,A1.  Ao Km. 255 - Antua,,3850-909,40.75632,-8.537286,as antuã b - gespost - gestão e administração de postos de abastecimento unipessoal lda,repsol,a1. ao km. 255 - antua,"2,289 €",2026-05-15_dgeg_postos_raw.csv,809b9f73488f7d38
2026-05-15,2026-05-15 14:31:32,2026-05-15 08:15:00,12bcc3c79d2802f8,12bcc3c79d2802f8_diesel_regular,ES ALCOCHETE - Gespost - Gestão e Administração de Postos de Abastecimento Unipessoal LDA,REPSOL,diesel_regular,Gasóleo simples,Outro,2.079,Alcochete,Setúbal,Lugar do Entroncamento,Alcochete,2890-009,38.745583,-8.930714,es alcochete - gespost - gestão e administração de postos de abastecimento unipessoal lda,repsol,lugar do entroncamento,"2,079 €",2026-05-15_dgeg_postos_raw.csv,4c7230809f2c7d34
2026-05-15,2026-05-15 14:31:32,2026-05-15 08:15:00,12bcc3c79d2802f8,12bcc3c79d2802f8_diesel_premium,ES ALCOCHETE - Gespost - Gestão e Administração de Postos de Abastecimento Unipessoal LDA,REPSOL,diesel_premium,Gasóleo especial,Outro,2.149,Alcochete,Setúbal,Lugar do Entroncamento,Alcochete,2890-009,38.745583,-8.930714,es alcochete - gespost - gestão e administração de postos de abastecimento unipessoal lda,repsol,lugar do entroncamento,"2,149 €",2026-05-15_dgeg_postos_raw.csv,052fd5770679e072
2026-05-15,2026-05-15 14:31:32,2026-05-15 08:15:00,12bcc3c79d2802f8,12bcc3c79d2802f8_gasoline_95,ES ALCOCHETE - Gespost - Gestão e Administração de Postos de Abastecimento Unipessoal LDA,REPSOL,gasoline_95,Gasolina simples 95,Outro,2.067,Alcochete,Setúbal,Lugar do Entroncamento,Alcochete,2890-009,38.745583,-8.930714,es alcochete - gespost - gestão e administração de postos de abastecimento unipessoal lda,repsol,lugar do entroncamento,"2,067 €",2026-05-15_dgeg_postos_raw.csv,690fbfe52c081445
2026-05-15,2026-05-15 14:31:32,2026-05-15 08:15:00,12bcc3c79d2802f8,12bcc3c79d2802f8_gasoline_98,ES ALCOCHETE - Gespost - Gestão e Administração de Postos de Abastecimento Unipessoal LDA,REPSOL,gasoline_98,Gasolina especial 98,Outro,2.267,Alcochete,Setúbal,Lugar do Entroncamento,Alcochete,2890-009,38.745583,-8.930714,es alcochete - gespost - gestão e administração de postos de abastecimento unipessoal lda,repsol,lugar do entroncamento,"2,267 €",2026-05-15_dgeg_postos_raw.csv,249ba141dc11057c
2026-05-15,2026-05-15 14:31:32,2026-05-15 08:15:00,eddc3a66be1d829a,eddc3a66be1d829a_diesel_regular,ES ALMADA PARQUE - Gespost - Gestão e Administração de Postos de Abastecimento Unipessoal LDA,REPSOL,diesel_regular,Gasóleo simples,Outro,2.079,Almada,Setúbal,Av.Henrique  Barbeitos,Almada,2810-911,38.66445,-9.162219,es almada parque - gespost - gestão e administração de postos de abastecimento unipessoal lda,repsol,av.henrique barbeitos,"2,079 €",2026-05-15_dgeg_postos_raw.csv,75eca15d0dca05b2
2026-05-15,2026-05-15 14:31:32,2026-05-15 08:15:00,eddc3a66be1d829a,eddc3a66be1d829a_diesel_premium,ES ALMADA PARQUE - Gespost - Gestão e Administração de Postos de Abastecimento Unipessoal LDA,REPSOL,diesel_premium,Gasóleo especial,Outro,2.149,Almada,Setúbal,Av.Henrique  Barbeitos,Almada,2810-911,38.66445,-9.162219,es almada parque - gespost - gestão e administração de postos de abastecimento unipessoal lda,repsol,av.henrique barbeitos,"2,149 €",2026-05-15_dgeg_postos_raw.csv,f685f8cbe34735f6
2026-05-15,2026-05-15 14:31:32,2026-05-15 08:15:00,eddc3a66be1d829a,eddc3a66be1d829a_gasoline_95,ES ALMADA PARQUE - Gespost - Gestão e Administração de Postos de Abastecimento Unipessoal LDA,REPSOL,gasoline_95,Gasolina simples 95,Outro,2.067,Almada,Setúbal,Av.Henrique  Barbeitos,Almada,2810-911,38.66445,-9.162219,es almada parque - gespost - gestão e administração de postos de abastecimento unipessoal lda,repsol,av.henrique barbeitos,"2,067 €",2026-05-15_dgeg_postos_raw.csv,46ef8121c3c18b63
2026-05-15,2026-05-15 14:31:32,2026-05-15 08:15:00,eddc3a66be1d829a,eddc3a66be1d829a_gasoline_98,ES ALMADA PARQUE - Gespost - Gestão e Administração de Postos de Abastecimento Unipessoal LDA,REPSOL,gasoline_98,Gasolina especial 98,Outro,2.267,Almada,Setúbal,Av.Henrique  Barbeitos,Almada,2810-911,38.66445,-9.162219,es almada parque - gespost - gestão e administração de postos de abastecimento unipessoal lda,repsol,av.henrique barbeitos,"2,267 €",2026-05-15_dgeg_postos_raw.csv,30147d428ff7145f
2026-05-15,2026-05-15 14:31:32,2026-05-15 08:15:00,e6a16ec642a089a7,e6a16ec642a089a7_diesel_regular,Gespost - Gestão e Administração de Postos de Abastecimento Unipessoal LDA AS VILAR PARAISO A N/S,REPSOL,diesel_regular,Gasóleo simples,Auto-estrada,2.099,Vila Nova de Gaia,Porto,"A 29 Sublanço IC 1/IP 1 km 0,6",Vila Nova de Gaia,4405-906,41.085587,-8.619036,gespost - gestão e administração de postos de abastecimento unipessoal lda as vilar paraiso a n/s,repsol,"a 29 sublanço ic 1/ip 1 km 0,6","2,099 €",2026-05-15_dgeg_postos_raw.csv,7ad0feb1b2a92ea9
2026-05-15,2026-05-15 14:31:32,2026-05-15 08:15:00,e6a16ec642a089a7,e6a16ec642a089a7_diesel_premium,Gespost - Gestão e Administração de Postos de Abastecimento Unipessoal LDA AS VILAR PARAISO A N/S,REPSOL,diesel_premium,Gasóleo especial,Auto-estrada,2.184,Vila Nova de Gaia,Porto,"A 29 Sublanço IC 1/IP 1 km 0,6",Vila Nova de Gaia,4405-906,41.085587,-8.619036,gespost - gestão e administração de postos de abastecimento unipessoal lda as vilar paraiso a n/s,repsol,"a 29 sublanço ic 1/ip 1 km 0,6","2,184 €",2026-05-15_dgeg_postos_raw.csv,457cff80c732165e
2026-05-15,2026-05-15 14:31:32,2026-05-15 08:15:00,e6a16ec642a089a7,e6a16ec642a089a7_gasoline_95,Gespost - Gestão e Administração de Postos de Abastecimento Unipessoal LDA AS VILAR PARAISO A N/S,REPSOL,gasoline_95,Gasolina simples 95,Auto-estrada,2.087,Vila Nova de Gaia,Porto,"A 29 Sublanço IC 1/IP 1 km 0,6",Vila Nova de Gaia,4405-906,41.085587,-8.619036,gespost - gestão e administração de postos de abastecimento unipessoal lda as vilar paraiso a n/s,repsol,"a 29 sublanço ic 1/ip 1 km 0,6","2,087 €",2026-05-15_dgeg_postos_raw.csv,8affb01d14421e1c
2026-05-15,2026-05-15 14:31:32,2026-05-15 08:15:00,93fe43c5e3e5416f,93fe43c5e3e5416f_diesel_regular,REPSOL Rio Tinto II,REPSOL,diesel_regular,Gasóleo simples,Outro,2.029,Gondomar,Porto,Rua de Rebordões n.º 297,Rio Tinto,4435-416,41.18037,-8.568678,repsol rio tinto ii,repsol,rua de rebordões n.º 297,"2,029 €",2026-05-15_dgeg_postos_raw.csv,bd1342d8a3c6cef8
2026-05-15,2026-05-15 14:31:32,2026-05-15 08:15:00,93fe43c5e3e5416f,93fe43c5e3e5416f_diesel_premium,REPSOL Rio Tinto II,REPSOL,diesel_premium,Gasóleo especial,Outro,2.089,Gondomar,Porto,Rua de Rebordões n.º 297,Rio Tinto,4435-416,41.18037,-8.568678,repsol rio tinto ii,repsol,rua de rebordões n.º 297,"2,089 €",2026-05-15_dgeg_postos_raw.csv,48e28512c97ceb9c
2026-05-15,2026-05-15 14:31:32,2026-05-15 08:15:00,93fe43c5e3e5416f,93fe43c5e3e5416f_gasoline_95,REPSOL Rio Tinto II,REPSOL,gasoline_95,Gasolina simples 95,Outro,2.027,Gondomar,Porto,Rua de Rebordões n.º 297,Rio Tinto,4435-416,41.18037,-8.568678,repsol rio tinto ii,repsol,rua de rebordões n.º 297,"2,027 €",2026-05-15_dgeg_postos_raw.csv,e486f040c3b2c2cc
2026-05-15,2026-05-15 14:31:32,2026-05-15 08:15:00,93fe43c5e3e5416f,93fe43c5e3e5416f_gasoline_98,REPSOL Rio Tinto II,REPSOL,gasoline_98,Gasolina especial 98,Outro,2.217,Gondomar,Porto,Rua de Rebordões n.º 297,Rio Tinto,4435-416,41.18037,-8.568678,repsol rio tinto ii,repsol,rua de rebordões n.º 297,"2,217 €",2026-05-15_dgeg_postos_raw.csv,ed70b690d6995c6c
2026-05-15,2026-05-15 14:31:32,2026-05-15 08:15:00,eef2a5a8773e66a3,eef2a5a8773e66a3_diesel_regular,E.S. GAIA A - A.S.,REPSOL,diesel_regular,Gasóleo simples,Auto-estrada,2.098,Vila Nova de Gaia,Porto,A 1 Km 295,Vila Nova de Gaia,4400-000,41.101417,-8.599467,e.s. gaia a - a.s.,repsol,a 1 km 295,"2,098 €",2026-05-15_dgeg_postos_raw.csv,eca0a50b6d7ca345
2026-05-15,2026-05-15 14:31:32,2026-05-15 08:15:00,eef2a5a8773e66a3,eef2a5a8773e66a3_diesel_premium,E.S. GAIA A - A.S.,REPSOL,diesel_premium,Gasóleo especial,Auto-estrada,2.183,Vila Nova de Gaia,Porto,A 1 Km 295,Vila Nova de Gaia,4400-000,41.101417,-8.599467,e.s. gaia a - a.s.,repsol,a 1 km 295,"2,183 €",2026-05-15_dgeg_postos_raw.csv,a0306a559d4e649a
2026-05-15,2026-05-15 14:31:32,2026-05-15 08:15:00,eef2a5a8773e66a3,eef2a5a8773e66a3_gasoline_95,E.S. GAIA A - A.S.,REPSOL,gasoline_95,Gasolina simples 95,Auto-estrada,2.089,Vila Nova de Gaia,Porto,A 1 Km 295,Vila Nova de Gaia,4400-000,41.101417,-8.599467,e.s. gaia a - a.s.,repsol,a 1 km 295,"2,089 €",2026-05-15_dgeg_postos_raw.csv,ab695b8dee6ea658
2026-05-15,2026-05-15 14:31:32,2026-05-15 08:15:00,eef2a5a8773e66a3,eef2a5a8773e66a3_gasoline_98,E.S. GAIA A - A.S.,REPSOL,gasoline_98,Gasolina especial 98,Auto-estrada,2.289,Vila Nova de Gaia,Porto,A 1 Km 295,Vila Nova de Gaia,4400-000,41.101417,-8.599467,e.s. gaia a - a.s.,repsol,a 1 km 295,"2,289 €",2026-05-15_dgeg_postos_raw.csv,b97e264164bea0c4
2026-05-15,2026-05-15 14:31:32,2026-05-15 08:15:00,b4254e3c922218b5,b4254e3c922218b5_diesel_regular,ES ODIVELAS - Gespost - Gestão e Administração de Postos de Abastecimento Unipessoal LDA,REPSOL,diesel_regular,Gasóleo simples,Outro,2.029,Odivelas,Lisboa,Vale de Forno Rua Aires Ornelas,Odivelas,2675-272,38.785313,-9.179472,es odivelas - gespost - gestão e administração de postos de abastecimento unipessoal lda,repsol,vale de forno rua aires ornelas,"2,029 €",2026-05-15_dgeg_postos_raw.csv,96e8280189f597d9
2026-05-15,2026-05-15 14:31:32,2026-05-15 08:15:00,b4254e3c922218b5,b4254e3c922218b5_diesel_premium,ES ODIVELAS - Gespost - Gestão e Administração de Postos de Abastecimento Unipessoal LDA,REPSOL,diesel_premium,Gasóleo especial,Outro,2.099,Odivelas,Lisboa,Vale de Forno Rua Aires Ornelas,Odivelas,2675-272,38.785313,-9.179472,es odivelas - gespost - gestão e administração de postos de abastecimento unipessoal lda,repsol,vale de forno rua aires ornelas,"2,099 €",2026-05-15_dgeg_postos_raw.csv,f16acdb40bbcfa57
2026-05-15,2026-05-15 14:31:32,2026-05-15 08:15:00,b4254e3c922218b5,b4254e3c922218b5_gasoline_95,ES ODIVELAS - Gespost - Gestão e Administração de Postos de Abastecimento Unipessoal LDA,REPSOL,gasoline_95,Gasolina simples 95,Outro,2.027,Odivelas,Lisboa,Vale de Forno Rua Aires Ornelas,Odivelas,2675-272,38.785313,-9.179472,es odivelas - gespost - gestão e administração de postos de abastecimento unipessoal lda,repsol,vale de forno rua aires ornelas,"2,027 €",2026-05-15_dgeg_postos_raw.csv,db83d65f75acc707
2026-05-15,2026-05-15 14:31:32,2026-05-15 08:15:00,80954147b171099c,80954147b171099c_diesel_regular,ES BENFICA A (FONTE NOVA) - Gespost - Gestão e Administração de Postos de Abastecimento Unipessoal LDA,REPSOL,diesel_regular,Gasóleo simples,Outro,2.079,Lisboa,Lisboa,Av. Eusébio da Silva Ferreira ( Fonte Nova),Lisboa,1500-313,38.750336,-9.189067,es benfica a (fonte nova) - gespost - gestão e administração de postos de abastecimento unipessoal lda,repsol,av. eusébio da silva ferreira ( fonte nova),"2,079 €",2026-05-15_dgeg_postos_raw.csv,577499ef8a9aeadc
2026-05-15,2026-05-15 14:31:32,2026-05-15 08:15:00,80954147b171099c,80954147b171099c_diesel_premium,ES BENFICA A (FONTE NOVA) - Gespost - Gestão e Administração de Postos de Abastecimento Unipessoal LDA,REPSOL,diesel_premium,Gasóleo especial,Outro,2.149,Lisboa,Lisboa,Av. Eusébio da Silva Ferreira ( Fonte Nova),Lisboa,1500-313,38.750336,-9.189067,es benfica a (fonte nova) - gespost - gestão e administração de postos de abastecimento unipessoal lda,repsol,av. eusébio da silva ferreira ( fonte nova),"2,149 €",2026-05-15_dgeg_postos_raw.csv,99ed3034293d571c
2026-05-15,2026-05-15 14:31:32,2026-05-15 08:15:00,80954147b171099c,80954147b171099c_gasoline_95,ES BENFICA A (FONTE NOVA) - Gespost - Gestão e Administração de Postos de Abastecimento Unipessoal LDA,REPSOL,gasoline_95,Gasolina simples 95,Outro,2.067,Lisboa,Lisboa,Av. Eusébio da Silva Ferreira ( Fonte Nova),Lisboa,1500-313,38.750336,-9.189067,es benfica a (fonte nova) - gespost - gestão e administração de postos de abastecimento unipessoal lda,repsol,av. eusébio da silva ferreira ( fonte nova),"2,067 €",2026-05-15_dgeg_postos_raw.csv,f4581af10bafda56
2026-05-15,2026-05-15 14:31:32,2026-05-15 08:15:00,80954147b171099c,80954147b171099c_gasoline_98,ES BENFICA A (FONTE NOVA) - Gespost - Gestão e Administração de Postos de Abastecimento Unipessoal LDA,REPSOL,gasoline_98,Gasolina especial 98,Outro,2.267,Lisboa,Lisboa,Av. Eusébio da Silva Ferreira ( Fonte Nova),Lisboa,1500-313,38.750336,-9.189067,es benfica a (fonte nova) - gespost - gestão e administração de postos de abastecimento unipessoal lda,repsol,av. eusébio da silva ferreira ( fonte nova),"2,267 €",2026-05-15_dgeg_postos_raw.csv,2bfd1444fbb167ef
2026-05-15,2026-05-15 14:31:32,2026-05-15 08:15:00,317cbc273cb60fde,317cbc273cb60fde_diesel_regular,ES 1138 - 2A CIRCULAR (NORTE/SUL) - Gespost - Gestão e Administração de Postos de Abastecimento Unipessoal LDA,REPSOL,diesel_regular,Gasóleo simples,Outro,2.079,Lisboa,Lisboa,2ª Circular sentido Norte/Sul Avenida Marechal Craveiro Lopes,Lisboa,1700-284,38.763382,-9.140311,es 1138 - 2a circular (norte/sul) - gespost - gestão e administração de postos de abastecimento unipessoal lda,repsol,2ª circular sentido norte/sul avenida marechal craveiro lopes,"2,079 €",2026-05-15_dgeg_postos_raw.csv,d07b0e692535a229
2026-05-15,2026-05-15 14:31:32,2026-05-15 08:15:00,317cbc273cb60fde,317cbc273cb60fde_diesel_premium,ES 1138 - 2A CIRCULAR (NORTE/SUL) - Gespost - Gestão e Administração de Postos de Abastecimento Unipessoal LDA,REPSOL,diesel_premium,Gasóleo especial,Outro,2.149,Lisboa,Lisboa,2ª Circular sentido Norte/Sul Avenida Marechal Craveiro Lopes,Lisboa,1700-284,38.763382,-9.140311,es 1138 - 2a circular (norte/sul) - gespost - gestão e administração de postos de abastecimento unipessoal lda,repsol,2ª circular sentido norte/sul avenida marechal craveiro lopes,"2,149 €",2026-05-15_dgeg_postos_raw.csv,aae92b270f20448c
2026-05-15,2026-05-15 14:31:32,2026-05-15 08:15:00,317cbc273cb60fde,317cbc273cb60fde_gasoline_95,ES 1138 - 2A CIRCULAR (NORTE/SUL) - Gespost - Gestão e Administração de Postos de Abastecimento Unipessoal LDA,REPSOL,gasoline_95,Gasolina simples 95,Outro,2.067,Lisboa,Lisboa,2ª Circular sentido Norte/Sul Avenida Marechal Craveiro Lopes,Lisboa,1700-284,38.763382,-9.140311,es 1138 - 2a circular (norte/sul) - gespost - gestão e administração de postos de abastecimento unipessoal lda,repsol,2ª circular sentido norte/sul avenida marechal craveiro lopes,"2,067 €",2026-05-15_dgeg_postos_raw.csv,671b6febb09837fa
2026-05-15,2026-05-15 14:31:32,2026-05-15 08:15:00,317cbc273cb60fde,317cbc273cb60fde_gasoline_98,ES 1138 - 2A CIRCULAR (NORTE/SUL) - Gespost - Gestão e Administração de Postos de Abastecimento Unipessoal LDA,REPSOL,gasoline_98,Gasolina especial 98,Outro,2.267,Lisboa,Lisboa,2ª Circular sentido Norte/Sul Avenida Marechal Craveiro Lopes,Lisboa,1700-284,38.763382,-9.140311,es 1138 - 2a circular (norte/sul) - gespost - gestão e administração de postos de abastecimento unipessoal lda,repsol,2ª circular sentido norte/sul avenida marechal craveiro lopes,"2,267 €",2026-05-15_dgeg_postos_raw.csv,286bec816499046e
2026-05-15,2026-05-15 14:31:32,2026-05-15 08:15:00,75536b29d51d8aca,75536b29d51d8aca_diesel_regular,E.S. QUINTA DA PIEDADE,REPSOL,diesel_regular,Gasóleo simples,Outro,2.079,Vila Franca de Xira,Lisboa,"AV D VICENTE AFONSO VALENTE,Nº20",Qta da Piedade - Povoa Sta Iria,2625-207,38.864014,-9.072481,e.s. quinta da piedade,repsol,"av d vicente afonso valente,nº20","2,079 €",2026-05-15_dgeg_postos_raw.csv,6b576a887556f742
2026-05-15,2026-05-15 14:31:32,2026-05-15 08:15:00,75536b29d51d8aca,75536b29d51d8aca_diesel_premium,E.S. QUINTA DA PIEDADE,REPSOL,diesel_premium,Gasóleo especial,Outro,2.149,Vila Franca de Xira,Lisboa,"AV D VICENTE AFONSO VALENTE,Nº20",Qta da Piedade - Povoa Sta Iria,2625-207,38.864014,-9.072481,e.s. quinta da piedade,repsol,"av d vicente afonso valente,nº20","2,149 €",2026-05-15_dgeg_postos_raw.csv,987e2c86c48070cf
2026-05-15,2026-05-15 14:31:32,2026-05-15 08:15:00,75536b29d51d8aca,75536b29d51d8aca_gasoline_95,E.S. QUINTA DA PIEDADE,REPSOL,gasoline_95,Gasolina simples 95,Outro,2.067,Vila Franca de Xira,Lisboa,"AV D VICENTE AFONSO VALENTE,Nº20",Qta da Piedade - Povoa Sta Iria,2625-207,38.864014,-9.072481,e.s. quinta da piedade,repsol,"av d vicente afonso valente,nº20","2,067 €",2026-05-15_dgeg_postos_raw.csv,7e33ef4e9341e304
2026-05-15,2026-05-15 14:31:32,2026-05-15 08:15:00,e85a116f16d0bf79,e85a116f16d0bf79_diesel_regular,ES CASA PIA - Gespost - Gestão e Administração de Postos de Abastecimento Unipessoal LDA,REPSOL,diesel_regular,Gasóleo simples,Outro,2.079,Lisboa,Lisboa,Rotunda Pina Manique,Lisboa,1500-462,38.739,-9.202767,es casa pia - gespost - gestão e administração de postos de abastecimento unipessoal lda,repsol,rotunda pina manique,"2,079 €",2026-05-15_dgeg_postos_raw.csv,5d6a7a69bedbc333
2026-05-15,2026-05-15 14:31:32,2026-05-15 08:15:00,e85a116f16d0bf79,e85a116f16d0bf79_diesel_premium,ES CASA PIA - Gespost - Gestão e Administração de Postos de Abastecimento Unipessoal LDA,REPSOL,diesel_premium,Gasóleo especial,Outro,2.149,Lisboa,Lisboa,Rotunda Pina Manique,Lisboa,1500-462,38.739,-9.202767,es casa pia - gespost - gestão e administração de postos de abastecimento unipessoal lda,repsol,rotunda pina manique,"2,149 €",2026-05-15_dgeg_postos_raw.csv,b12b3bee309dad06
2026-05-15,2026-05-15 14:31:32,2026-05-15 08:15:00,e85a116f16d0bf79,e85a116f16d0bf79_gasoline_95,ES CASA PIA - Gespost - Gestão e Administração de Postos de Abastecimento Unipessoal LDA,REPSOL,gasoline_95,Gasolina simples 95,Outro,2.067,Lisboa,Lisboa,Rotunda Pina Manique,Lisboa,1500-462,38.739,-9.202767,es casa pia - gespost - gestão e administração de postos de abastecimento unipessoal lda,repsol,rotunda pina manique,"2,067 €",2026-05-15_dgeg_postos_raw.csv,b92124830bc3de61
2026-05-15,2026-05-15 14:31:32,2026-05-15 08:15:00,e85a116f16d0bf79,e85a116f16d0bf79_gasoline_98,ES CASA PIA - Gespost - Gestão e Administração de Postos de Abastecimento Unipessoal LDA,REPSOL,gasoline_98,Gasolina especial 98,Outro,2.267,Lisboa,Lisboa,Rotunda Pina Manique,Lisboa,1500-462,38.739,-9.202767,es casa pia - gespost - gestão e administração de postos de abastecimento unipessoal lda,repsol,rotunda pina manique,"2,267 €",2026-05-15_dgeg_postos_raw.csv,adb3d899f2a53c50
2026-05-15,2026-05-15 14:31:32,2026-05-15 08:15:00,cefee3a96bf475a2,cefee3a96bf475a2_diesel_regular,ES ALMOINHA - Gespost - Gestão e Administração de Postos de Abastecimento Unipessoal LDA,REPSOL,diesel_regular,Gasóleo simples,Outro,2.079,Leiria,Leiria,Av.Urbanização da Almoinha Grande,Leiria,2415-318,39.752968,-8.813231,es almoinha - gespost - gestão e administração de postos de abastecimento unipessoal lda,repsol,av.urbanização da almoinha grande,"2,079 €",2026-05-15_dgeg_postos_raw.csv,d4370cc456a89dcd
2026-05-15,2026-05-15 14:31:32,2026-05-15 08:15:00,cefee3a96bf475a2,cefee3a96bf475a2_diesel_premium,ES ALMOINHA - Gespost - Gestão e Administração de Postos de Abastecimento Unipessoal LDA,REPSOL,diesel_premium,Gasóleo especial,Outro,2.149,Leiria,Leiria,Av.Urbanização da Almoinha Grande,Leiria,2415-318,39.752968,-8.813231,es almoinha - gespost - gestão e administração de postos de abastecimento unipessoal lda,repsol,av.urbanização da almoinha grande,"2,149 €",2026-05-15_dgeg_postos_raw.csv,d53028e6618ecefd
2026-05-15,2026-05-15 14:31:32,2026-05-15 08:15:00,cefee3a96bf475a2,cefee3a96bf475a2_gasoline_95,ES ALMOINHA - Gespost - Gestão e Administração de Postos de Abastecimento Unipessoal LDA,REPSOL,gasoline_95,Gasolina simples 95,Outro,2.067,Leiria,Leiria,Av.Urbanização da Almoinha Grande,Leiria,2415-318,39.752968,-8.813231,es almoinha - gespost - gestão e administração de postos de abastecimento unipessoal lda,repsol,av.urbanização da almoinha grande,"2,067 €",2026-05-15_dgeg_postos_raw.csv,885bac69fd7f6873
2026-05-15,2026-05-15 14:31:32,2026-05-15 08:15:00,cefee3a96bf475a2,cefee3a96bf475a2_gasoline_98,ES ALMOINHA - Gespost - Gestão e Administração de Postos de Abastecimento Unipessoal LDA,REPSOL,gasoline_98,Gasolina especial 98,Outro,2.267,Leiria,Leiria,Av.Urbanização da Almoinha Grande,Leiria,2415-318,39.752968,-8.813231,es almoinha - gespost - gestão e administração de postos de abastecimento unipessoal lda,repsol,av.urbanização da almoinha grande,"2,267 €",2026-05-15_dgeg_postos_raw.csv,b4ec61f936e566df
2026-05-15,2026-05-15 14:31:32,2026-05-15 08:15:00,7ce99cfdee21c044,7ce99cfdee21c044_diesel_premium,ES  REPSOL Évora - Chafariz D'El Rei,REPSOL,diesel_premium,Gasóleo especial,Outro,2.099,Évora,Évora,"E.N. 18, Largo Chaf.D`El Rei",,7000-002,38.566532,-7.902219,es repsol évora - chafariz d'el rei,repsol,"e.n. 18, largo chaf.d`el rei","2,099 €",2026-05-15_dgeg_postos_raw.csv,18a753365442f4c1
2026-05-15,2026-05-15 14:31:32,2026-05-15 08:15:00,9950369b9e8dd4ba,9950369b9e8dd4ba_diesel_regular,REPSOL Albufeira II,REPSOL,diesel_regular,Gasóleo simples,Outro,2.079,Albufeira,Faro,Sítio Bolota,Albufeira,8200-319,37.09599,-8.255089,repsol albufeira ii,repsol,sítio bolota,"2,079 €",2026-05-15_dgeg_postos_raw.csv,a40a088d0902c8c6
2026-05-15,2026-05-15 14:31:32,2026-05-15 08:15:00,9950369b9e8dd4ba,9950369b9e8dd4ba_diesel_premium,REPSOL Albufeira II,REPSOL,diesel_premium,Gasóleo especial,Outro,2.149,Albufeira,Faro,Sítio Bolota,Albufeira,8200-319,37.09599,-8.255089,repsol albufeira ii,repsol,sítio bolota,"2,149 €",2026-05-15_dgeg_postos_raw.csv,41a24afbe26a9832
2026-05-15,2026-05-15 14:31:32,2026-05-15 08:15:00,9950369b9e8dd4ba,9950369b9e8dd4ba_gasoline_95,REPSOL Albufeira II,REPSOL,gasoline_95,Gasolina simples 95,Outro,2.067,Albufeira,Faro,Sítio Bolota,Albufeira,8200-319,37.09599,-8.255089,repsol albufeira ii,repsol,sítio bolota,"2,067 €",2026-05-15_dgeg_postos_raw.csv,1ea948921dbae26f
2026-05-15,2026-05-15 14:31:32,2026-05-15 08:15:00,9950369b9e8dd4ba,9950369b9e8dd4ba_gasoline_98,REPSOL Albufeira II,REPSOL,gasoline_98,Gasolina especial 98,Outro,2.267,Albufeira,Faro,Sítio Bolota,Albufeira,8200-319,37.09599,-8.255089,repsol albufeira ii,repsol,sítio bolota,"2,267 €",2026-05-15_dgeg_postos_raw.csv,3ab39cc8eae48c0c
2026-05-15,2026-05-15 14:31:32,2026-05-15 08:15:00,d3489ee7c6f77145,d3489ee7c6f77145_diesel_regular,E.S. VENDAS NOVAS SUL,REPSOL,diesel_regular,Gasóleo simples,Auto-estrada,2.088,Vendas Novas,Évora,"A 6 Km 5,5",Vale da Torre,2965-909,38.620322,-8.580919,e.s. vendas novas sul,repsol,"a 6 km 5,5","2,088 €",2026-05-15_dgeg_postos_raw.csv,f421a7c7482f8599
2026-05-15,2026-05-15 14:31:32,2026-05-15 08:15:00,d3489ee7c6f77145,d3489ee7c6f77145_diesel_premium,E.S. VENDAS NOVAS SUL,REPSOL,diesel_premium,Gasóleo especial,Auto-estrada,2.173,Vendas Novas,Évora,"A 6 Km 5,5",Vale da Torre,2965-909,38.620322,-8.580919,e.s. vendas novas sul,repsol,"a 6 km 5,5","2,173 €",2026-05-15_dgeg_postos_raw.csv,caa3b97fcf883a60
2026-05-15,2026-05-15 14:31:32,2026-05-15 08:15:00,d3489ee7c6f77145,d3489ee7c6f77145_gasoline_95,E.S. VENDAS NOVAS SUL,REPSOL,gasoline_95,Gasolina simples 95,Auto-estrada,2.074,Vendas Novas,Évora,"A 6 Km 5,5",Vale da Torre,2965-909,38.620322,-8.580919,e.s. vendas novas sul,repsol,"a 6 km 5,5","2,074 €",2026-05-15_dgeg_postos_raw.csv,b62d10f66223f862
2026-05-15,2026-05-15 14:31:32,2026-05-15 08:15:00,d3489ee7c6f77145,d3489ee7c6f77145_gasoline_98,E.S. VENDAS NOVAS SUL,REPSOL,gasoline_98,Gasolina especial 98,Auto-estrada,2.274,Vendas Novas,Évora,"A 6 Km 5,5",Vale da Torre,2965-909,38.620322,-8.580919,e.s. vendas novas sul,repsol,"a 6 km 5,5","2,274 €",2026-05-15_dgeg_postos_raw.csv,e4f2fab57d388aa7
2026-05-15,2026-05-15 14:31:32,2026-05-15 08:15:00,0077b616643c9129,0077b616643c9129_diesel_regular,ES  COIMBRA - Gespost - Gestão e Administração de Postos de Abastecimento Unipessoal LDA,REPSOL,diesel_regular,Gasóleo simples,Outro,2.049,Coimbra,Coimbra,"E N 111,1 - Stª Cruz (Junto à Academia do Choupal)",Coimbra,3000-477,40.227688,-8.446369,es coimbra - gespost - gestão e administração de postos de abastecimento unipessoal lda,repsol,"e n 111,1 - stª cruz (junto à academia do choupal)","2,049 €",2026-05-15_dgeg_postos_raw.csv,f46f3fc3d798a9d7
2026-05-15,2026-05-15 14:31:32,2026-05-15 08:15:00,0077b616643c9129,0077b616643c9129_diesel_premium,ES  COIMBRA - Gespost - Gestão e Administração de Postos de Abastecimento Unipessoal LDA,REPSOL,diesel_premium,Gasóleo especial,Outro,2.109,Coimbra,Coimbra,"E N 111,1 - Stª Cruz (Junto à Academia do Choupal)",Coimbra,3000-477,40.227688,-8.446369,es coimbra - gespost - gestão e administração de postos de abastecimento unipessoal lda,repsol,"e n 111,1 - stª cruz (junto à academia do choupal)","2,109 €",2026-05-15_dgeg_postos_raw.csv,8aabbc6f4ad8ddc0
2026-05-15,2026-05-15 14:31:32,2026-05-15 08:15:00,0077b616643c9129,0077b616643c9129_gasoline_95,ES  COIMBRA - Gespost - Gestão e Administração de Postos de Abastecimento Unipessoal LDA,REPSOL,gasoline_95,Gasolina simples 95,Outro,2.047,Coimbra,Coimbra,"E N 111,1 - Stª Cruz (Junto à Academia do Choupal)",Coimbra,3000-477,40.227688,-8.446369,es coimbra - gespost - gestão e administração de postos de abastecimento unipessoal lda,repsol,"e n 111,1 - stª cruz (junto à academia do choupal)","2,047 €",2026-05-15_dgeg_postos_raw.csv,07c4c928dcf012be
2026-05-15,2026-05-15 14:31:32,2026-05-15 08:15:00,0077b616643c9129,0077b616643c9129_gasoline_98,ES  COIMBRA - Gespost - Gestão e Administração de Postos de Abastecimento Unipessoal LDA,REPSOL,gasoline_98,Gasolina especial 98,Outro,2.217,Coimbra,Coimbra,"E N 111,1 - Stª Cruz (Junto à Academia do Choupal)",Coimbra,3000-477,40.227688,-8.446369,es coimbra - gespost - gestão e administração de postos de abastecimento unipessoal lda,repsol,"e n 111,1 - stª cruz (junto à academia do choupal)","2,217 €",2026-05-15_dgeg_postos_raw.csv,0c90437d5f3251b7
2026-05-15,2026-05-15 14:31:32,2026-05-15 08:15:00,c46ea11fcbecdde9,c46ea11fcbecdde9_diesel_regular,AS MONTE REDONDO B - Gespost - Gestão e Administração de Postos de Abastecimento Unipessoal LDA,REPSOL,diesel_regular,Gasóleo simples,Auto-estrada,2.104,Leiria,Leiria,"A 17  KM21,5 _Ribeira da Bajouca",Ribeira da Bajouca,2425-623,39.90781,-8.801473,as monte redondo b - gespost - gestão e administração de postos de abastecimento unipessoal lda,repsol,"a 17 km21,5 _ribeira da bajouca","2,104 €",2026-05-15_dgeg_postos_raw.csv,983fd18bbeaec7e8
2026-05-15,2026-05-15 14:31:32,2026-05-15 08:15:00,c46ea11fcbecdde9,c46ea11fcbecdde9_diesel_premium,AS MONTE REDONDO B - Gespost - Gestão e Administração de Postos de Abastecimento Unipessoal LDA,REPSOL,diesel_premium,Gasóleo especial,Auto-estrada,2.189,Leiria,Leiria,"A 17  KM21,5 _Ribeira da Bajouca",Ribeira da Bajouca,2425-623,39.90781,-8.801473,as monte redondo b - gespost - gestão e administração de postos de abastecimento unipessoal lda,repsol,"a 17 km21,5 _ribeira da bajouca","2,189 €",2026-05-15_dgeg_postos_raw.csv,1cb92d25de5b5338
2026-05-15,2026-05-15 14:31:32,2026-05-15 08:15:00,c46ea11fcbecdde9,c46ea11fcbecdde9_gasoline_95,AS MONTE REDONDO B - Gespost - Gestão e Administração de Postos de Abastecimento Unipessoal LDA,REPSOL,gasoline_95,Gasolina simples 95,Auto-estrada,2.097,Leiria,Leiria,"A 17  KM21,5 _Ribeira da Bajouca",Ribeira da Bajouca,2425-623,39.90781,-8.801473,as monte redondo b - gespost - gestão e administração de postos de abastecimento unipessoal lda,repsol,"a 17 km21,5 _ribeira da bajouca","2,097 €",2026-05-15_dgeg_postos_raw.csv,5caa2ac9110aa3ff
2026-05-15,2026-05-15 14:31:32,2026-05-15 08:15:00,9fc7b11c719a9385,9fc7b11c719a9385_diesel_regular,AS MONTE REDONDO A - Gespost - Gestão e Administração de Postos de Abastecimento Unipessoal LDA,REPSOL,diesel_regular,Gasóleo simples,Auto-estrada,2.104,Leiria,Leiria,"A 17  KM21,5 _Ribeira da Bajouca",Ribeira da Bajouca,2425-623,39.908794,-8.80011,as monte redondo a - gespost - gestão e administração de postos de abastecimento unipessoal lda,repsol,"a 17 km21,5 _ribeira da bajouca","2,104 €",2026-05-15_dgeg_postos_raw.csv,c95d089729fb6d37
2026-05-15,2026-05-15 14:31:32,2026-05-15 08:15:00,9fc7b11c719a9385,9fc7b11c719a9385_diesel_premium,AS MONTE REDONDO A - Gespost - Gestão e Administração de Postos de Abastecimento Unipessoal LDA,REPSOL,diesel_premium,Gasóleo especial,Auto-estrada,2.189,Leiria,Leiria,"A 17  KM21,5 _Ribeira da Bajouca",Ribeira da Bajouca,2425-623,39.908794,-8.80011,as monte redondo a - gespost - gestão e administração de postos de abastecimento unipessoal lda,repsol,"a 17 km21,5 _ribeira da bajouca","2,189 €",2026-05-15_dgeg_postos_raw.csv,4bc180ce6c3abf09
2026-05-15,2026-05-15 14:31:32,2026-05-15 08:15:00,9fc7b11c719a9385,9fc7b11c719a9385_gasoline_95,AS MONTE REDONDO A - Gespost - Gestão e Administração de Postos de Abastecimento Unipessoal LDA,REPSOL,gasoline_95,Gasolina simples 95,Auto-estrada,2.097,Leiria,Leiria,"A 17  KM21,5 _Ribeira da Bajouca",Ribeira da Bajouca,2425-623,39.908794,-8.80011,as monte redondo a - gespost - gestão e administração de postos de abastecimento unipessoal lda,repsol,"a 17 km21,5 _ribeira da bajouca","2,097 €",2026-05-15_dgeg_postos_raw.csv,54642ffe2a45d3cd
2026-05-15,2026-05-15 14:31:32,2026-05-15 08:15:00,95ba20a8596f7294,95ba20a8596f7294_diesel_regular,REPSOL Algés,REPSOL,diesel_regular,Gasóleo simples,Outro,2.079,Oeiras,Lisboa,Av Bombeiros Voluntários - Quartel Novo,Miraflores,1495-023,38.708874,-9.224667,repsol algés,repsol,av bombeiros voluntários - quartel novo,"2,079 €",2026-05-15_dgeg_postos_raw.csv,c3ce2a72166d264e
2026-05-15,2026-05-15 14:31:32,2026-05-15 08:15:00,95ba20a8596f7294,95ba20a8596f7294_diesel_premium,REPSOL Algés,REPSOL,diesel_premium,Gasóleo especial,Outro,2.149,Oeiras,Lisboa,Av Bombeiros Voluntários - Quartel Novo,Miraflores,1495-023,38.708874,-9.224667,repsol algés,repsol,av bombeiros voluntários - quartel novo,"2,149 €",2026-05-15_dgeg_postos_raw.csv,bf34a2755ddd2f84
2026-05-15,2026-05-15 14:31:32,2026-05-15 08:15:00,95ba20a8596f7294,95ba20a8596f7294_gasoline_95,REPSOL Algés,REPSOL,gasoline_95,Gasolina simples 95,Outro,2.067,Oeiras,Lisboa,Av Bombeiros Voluntários - Quartel Novo,Miraflores,1495-023,38.708874,-9.224667,repsol algés,repsol,av bombeiros voluntários - quartel novo,"2,067 €",2026-05-15_dgeg_postos_raw.csv,62e8175be03043fc
2026-05-15,2026-05-15 14:31:32,2026-05-15 08:20:00,8f8c0b4fadbcde79,8f8c0b4fadbcde79_diesel_regular,"Lubriagro, Lda.",AUTO JULIO,diesel_regular,Gasóleo simples,Outro,2.029,Caldas da Rainha,Leiria,Rua da Escola nº 16,Casal do Bicho - Santa Catarina,2500-795,39.4627,-9.025885,"lubriagro, lda.",auto julio,rua da escola nº 16,"2,029 €",2026-05-15_dgeg_postos_raw.csv,5916e3d0cce581df
2026-05-15,2026-05-15 14:31:32,2026-05-15 08:20:00,8f8c0b4fadbcde79,8f8c0b4fadbcde79_gasoline_95,"Lubriagro, Lda.",AUTO JULIO,gasoline_95,Gasolina simples 95,Outro,2.014,Caldas da Rainha,Leiria,Rua da Escola nº 16,Casal do Bicho - Santa Catarina,2500-795,39.4627,-9.025885,"lubriagro, lda.",auto julio,rua da escola nº 16,"2,014 €",2026-05-15_dgeg_postos_raw.csv,6ac27932e39d1ece
2026-05-15,2026-05-15 14:31:32,2026-05-15 08:20:00,9e1c78c74eacfa78,9e1c78c74eacfa78_diesel_regular,ES Monte Belo,REPSOL,diesel_regular,Gasóleo simples,Outro,2.019,Setúbal,Setúbal,Praça da Independência,,2900-716,38.534157,-8.86789,es monte belo,repsol,praça da independência,"2,019 €",2026-05-15_dgeg_postos_raw.csv,a3aedb6615528fe7
2026-05-15,2026-05-15 14:31:32,2026-05-15 08:20:00,9e1c78c74eacfa78,9e1c78c74eacfa78_diesel_premium,ES Monte Belo,REPSOL,diesel_premium,Gasóleo especial,Outro,2.069,Setúbal,Setúbal,Praça da Independência,,2900-716,38.534157,-8.86789,es monte belo,repsol,praça da independência,"2,069 €",2026-05-15_dgeg_postos_raw.csv,d15a0e9cf8334e9e
2026-05-15,2026-05-15 14:31:32,2026-05-15 08:20:00,9e1c78c74eacfa78,9e1c78c74eacfa78_gasoline_95,ES Monte Belo,REPSOL,gasoline_95,Gasolina simples 95,Outro,2.017,Setúbal,Setúbal,Praça da Independência,,2900-716,38.534157,-8.86789,es monte belo,repsol,praça da independência,"2,017 €",2026-05-15_dgeg_postos_raw.csv,8a6b5cc8e8d04fb3
2026-05-15,2026-05-15 14:31:32,2026-05-15 08:20:00,9e1c78c74eacfa78,9e1c78c74eacfa78_gasoline_98,ES Monte Belo,REPSOL,gasoline_98,Gasolina especial 98,Outro,2.197,Setúbal,Setúbal,Praça da Independência,,2900-716,38.534157,-8.86789,es monte belo,repsol,praça da independência,"2,197 €",2026-05-15_dgeg_postos_raw.csv,32553ffd6390f976
2026-05-15,2026-05-15 14:31:32,2026-05-15 08:20:00,8f8c0b4fadbcde79,8f8c0b4fadbcde79_diesel_premium,"Lubriagro, Lda.",AUTO JULIO,diesel_premium,Gasóleo especial,Outro,2.049,Caldas da Rainha,Leiria,Rua da Escola nº 16,Casal do Bicho - Santa Catarina,2500-795,39.4627,-9.025885,"lubriagro, lda.",auto julio,rua da escola nº 16,"2,049 €",2026-05-15_dgeg_postos_raw.csv,7f205c882b860b6f
2026-05-15,2026-05-15 14:31:32,2026-05-15 08:20:00,55133b0edf9a21c9,55133b0edf9a21c9_gasoline_98,ES PORTIMÃO CARDOSAS - Gespost - Gestão e Administração de Postos de Abastecimento Unipessoal LDA,REPSOL,gasoline_98,Gasolina especial 98,Outro,2.232,Portimão,Faro,Poço Seco - Cardosas,,8500-315,37.150074,-8.539489,es portimão cardosas - gespost - gestão e administração de postos de abastecimento unipessoal lda,repsol,poço seco - cardosas,"2,232 €",2026-05-15_dgeg_postos_raw.csv,d40dfc230cd198ec
2026-05-15,2026-05-15 14:31:32,2026-05-15 08:20:00,7ce99cfdee21c044,7ce99cfdee21c044_diesel_regular,ES  REPSOL Évora - Chafariz D'El Rei,REPSOL,diesel_regular,Gasóleo simples,Outro,2.039,Évora,Évora,"E.N. 18, Largo Chaf.D`El Rei",,7000-002,38.566532,-7.902219,es repsol évora - chafariz d'el rei,repsol,"e.n. 18, largo chaf.d`el rei","2,039 €",2026-05-15_dgeg_postos_raw.csv,4d508986aa7da38e
2026-05-15,2026-05-15 14:31:32,2026-05-15 08:20:00,93c6c632de82ab7a,93c6c632de82ab7a_diesel_regular,AS V. NOVAS NORTE (A) - Gespost - Gestão e Administração de Postos de Abastecimento Unipessoal LDA,REPSOL,diesel_regular,Gasóleo simples,Auto-estrada,2.088,Vendas Novas,Évora,"A6 Km 5,5 Vendas Novas",Vendas Novas,7080-011,38.62257,-8.57766,as v. novas norte (a) - gespost - gestão e administração de postos de abastecimento unipessoal lda,repsol,"a6 km 5,5 vendas novas","2,088 €",2026-05-15_dgeg_postos_raw.csv,09745f29405b9a90
2026-05-15,2026-05-15 14:31:32,2026-05-15 08:20:00,93c6c632de82ab7a,93c6c632de82ab7a_diesel_premium,AS V. NOVAS NORTE (A) - Gespost - Gestão e Administração de Postos de Abastecimento Unipessoal LDA,REPSOL,diesel_premium,Gasóleo especial,Auto-estrada,2.173,Vendas Novas,Évora,"A6 Km 5,5 Vendas Novas",Vendas Novas,7080-011,38.62257,-8.57766,as v. novas norte (a) - gespost - gestão e administração de postos de abastecimento unipessoal lda,repsol,"a6 km 5,5 vendas novas","2,173 €",2026-05-15_dgeg_postos_raw.csv,28facb7021bd69a4
2026-05-15,2026-05-15 14:31:32,2026-05-15 08:20:00,93c6c632de82ab7a,93c6c632de82ab7a_gasoline_95,AS V. NOVAS NORTE (A) - Gespost - Gestão e Administração de Postos de Abastecimento Unipessoal LDA,REPSOL,gasoline_95,Gasolina simples 95,Auto-estrada,2.074,Vendas Novas,Évora,"A6 Km 5,5 Vendas Novas",Vendas Novas,7080-011,38.62257,-8.57766,as v. novas norte (a) - gespost - gestão e administração de postos de abastecimento unipessoal lda,repsol,"a6 km 5,5 vendas novas","2,074 €",2026-05-15_dgeg_postos_raw.csv,5689235db94eed4a
2026-05-15,2026-05-15 14:31:32,2026-05-15 08:20:00,93c6c632de82ab7a,93c6c632de82ab7a_gasoline_98,AS V. NOVAS NORTE (A) - Gespost - Gestão e Administração de Postos de Abastecimento Unipessoal LDA,REPSOL,gasoline_98,Gasolina especial 98,Auto-estrada,2.274,Vendas Novas,Évora,"A6 Km 5,5 Vendas Novas",Vendas Novas,7080-011,38.62257,-8.57766,as v. novas norte (a) - gespost - gestão e administração de postos de abastecimento unipessoal lda,repsol,"a6 km 5,5 vendas novas","2,274 €",2026-05-15_dgeg_postos_raw.csv,1a121a71a140b027
2026-05-15,2026-05-15 14:31:32,2026-05-15 08:20:00,7ce99cfdee21c044,7ce99cfdee21c044_gasoline_95,ES  REPSOL Évora - Chafariz D'El Rei,REPSOL,gasoline_95,Gasolina simples 95,Outro,2.037,Évora,Évora,"E.N. 18, Largo Chaf.D`El Rei",,7000-002,38.566532,-7.902219,es repsol évora - chafariz d'el rei,repsol,"e.n. 18, largo chaf.d`el rei","2,037 €",2026-05-15_dgeg_postos_raw.csv,832c6d4bf5718f53
2026-05-15,2026-05-15 14:31:32,2026-05-15 08:20:00,7ce99cfdee21c044,7ce99cfdee21c044_gasoline_98,ES  REPSOL Évora - Chafariz D'El Rei,REPSOL,gasoline_98,Gasolina especial 98,Outro,2.247,Évora,Évora,"E.N. 18, Largo Chaf.D`El Rei",,7000-002,38.566532,-7.902219,es repsol évora - chafariz d'el rei,repsol,"e.n. 18, largo chaf.d`el rei","2,247 €",2026-05-15_dgeg_postos_raw.csv,0c09060b09e6e011
2026-05-15,2026-05-15 14:31:32,2026-05-15 08:20:00,55133b0edf9a21c9,55133b0edf9a21c9_diesel_regular,ES PORTIMÃO CARDOSAS - Gespost - Gestão e Administração de Postos de Abastecimento Unipessoal LDA,REPSOL,diesel_regular,Gasóleo simples,Outro,2.034,Portimão,Faro,Poço Seco - Cardosas,,8500-315,37.150074,-8.539489,es portimão cardosas - gespost - gestão e administração de postos de abastecimento unipessoal lda,repsol,poço seco - cardosas,"2,034 €",2026-05-15_dgeg_postos_raw.csv,9f87d61e61a4e752
2026-05-15,2026-05-15 14:31:32,2026-05-15 08:20:00,55133b0edf9a21c9,55133b0edf9a21c9_diesel_premium,ES PORTIMÃO CARDOSAS - Gespost - Gestão e Administração de Postos de Abastecimento Unipessoal LDA,REPSOL,diesel_premium,Gasóleo especial,Outro,2.104,Portimão,Faro,Poço Seco - Cardosas,,8500-315,37.150074,-8.539489,es portimão cardosas - gespost - gestão e administração de postos de abastecimento unipessoal lda,repsol,poço seco - cardosas,"2,104 €",2026-05-15_dgeg_postos_raw.csv,9c9e0e61f82bb4f1
2026-05-15,2026-05-15 14:31:32,2026-05-15 08:20:00,55133b0edf9a21c9,55133b0edf9a21c9_gasoline_95,ES PORTIMÃO CARDOSAS - Gespost - Gestão e Administração de Postos de Abastecimento Unipessoal LDA,REPSOL,gasoline_95,Gasolina simples 95,Outro,2.032,Portimão,Faro,Poço Seco - Cardosas,,8500-315,37.150074,-8.539489,es portimão cardosas - gespost - gestão e administração de postos de abastecimento unipessoal lda,repsol,poço seco - cardosas,"2,032 €",2026-05-15_dgeg_postos_raw.csv,7aab1dc1765bf20b
2026-05-15,2026-05-15 14:31:32,2026-05-15 08:20:00,43bc44a5ab77bf1e,43bc44a5ab77bf1e_diesel_regular,REPSOL LISBOA ROTUNDA,REPSOL,diesel_regular,Gasóleo simples,Outro,2.079,Lisboa,Lisboa,Rotunda do Aeroporto,Lisboa,1700-007,38.76257,-9.12895,repsol lisboa rotunda,repsol,rotunda do aeroporto,"2,079 €",2026-05-15_dgeg_postos_raw.csv,9cbcf9a37ec1edfd
2026-05-15,2026-05-15 14:31:32,2026-05-15 08:20:00,43bc44a5ab77bf1e,43bc44a5ab77bf1e_diesel_premium,REPSOL LISBOA ROTUNDA,REPSOL,diesel_premium,Gasóleo especial,Outro,2.149,Lisboa,Lisboa,Rotunda do Aeroporto,Lisboa,1700-007,38.76257,-9.12895,repsol lisboa rotunda,repsol,rotunda do aeroporto,"2,149 €",2026-05-15_dgeg_postos_raw.csv,0df6a43a8fe0b75e
2026-05-15,2026-05-15 14:31:32,2026-05-15 08:20:00,43bc44a5ab77bf1e,43bc44a5ab77bf1e_gasoline_95,REPSOL LISBOA ROTUNDA,REPSOL,gasoline_95,Gasolina simples 95,Outro,2.067,Lisboa,Lisboa,Rotunda do Aeroporto,Lisboa,1700-007,38.76257,-9.12895,repsol lisboa rotunda,repsol,rotunda do aeroporto,"2,067 €",2026-05-15_dgeg_postos_raw.csv,dcdcc427d90f384e
2026-05-15,2026-05-15 14:31:32,2026-05-15 08:20:00,43bc44a5ab77bf1e,43bc44a5ab77bf1e_gasoline_98,REPSOL LISBOA ROTUNDA,REPSOL,gasoline_98,Gasolina especial 98,Outro,2.267,Lisboa,Lisboa,Rotunda do Aeroporto,Lisboa,1700-007,38.76257,-9.12895,repsol lisboa rotunda,repsol,rotunda do aeroporto,"2,267 €",2026-05-15_dgeg_postos_raw.csv,0062b989425733cd
2026-05-15,2026-05-15 14:31:32,2026-05-15 08:20:00,8e43cbedb1e2ffeb,8e43cbedb1e2ffeb_diesel_regular,ES MARL - Gespost - Gestão e Administração de Postos de Abastecimento Unipessoal LDA,REPSOL,diesel_regular,Gasóleo simples,Outro,2.019,Loures,Lisboa,Lugar Quintanilho - MARL,São Julião do Tojal,2660-421,38.865852,-9.111011,es marl - gespost - gestão e administração de postos de abastecimento unipessoal lda,repsol,lugar quintanilho - marl,"2,019 €",2026-05-15_dgeg_postos_raw.csv,4e669917844afe8d
2026-05-15,2026-05-15 14:31:32,2026-05-15 08:20:00,8e43cbedb1e2ffeb,8e43cbedb1e2ffeb_diesel_premium,ES MARL - Gespost - Gestão e Administração de Postos de Abastecimento Unipessoal LDA,REPSOL,diesel_premium,Gasóleo especial,Outro,2.069,Loures,Lisboa,Lugar Quintanilho - MARL,São Julião do Tojal,2660-421,38.865852,-9.111011,es marl - gespost - gestão e administração de postos de abastecimento unipessoal lda,repsol,lugar quintanilho - marl,"2,069 €",2026-05-15_dgeg_postos_raw.csv,9c63e95569ef7195
2026-05-15,2026-05-15 14:31:32,2026-05-15 08:20:00,8e43cbedb1e2ffeb,8e43cbedb1e2ffeb_gasoline_95,ES MARL - Gespost - Gestão e Administração de Postos de Abastecimento Unipessoal LDA,REPSOL,gasoline_95,Gasolina simples 95,Outro,2.017,Loures,Lisboa,Lugar Quintanilho - MARL,São Julião do Tojal,2660-421,38.865852,-9.111011,es marl - gespost - gestão e administração de postos de abastecimento unipessoal lda,repsol,lugar quintanilho - marl,"2,017 €",2026-05-15_dgeg_postos_raw.csv,5869b30f5b48396f
2026-05-15,2026-05-15 14:31:32,2026-05-15 08:20:00,80a63000a05d7445,80a63000a05d7445_diesel_regular,Repsol - A8 - Loures B,REPSOL,diesel_regular,Gasóleo simples,Auto-estrada,2.105,Loures,Lisboa,"AE 8 Sub Lanco Loures/Malveira Km 13,95",,2670-901,38.884056,-9.196856,repsol - a8 - loures b,repsol,"ae 8 sub lanco loures/malveira km 13,95","2,105 €",2026-05-15_dgeg_postos_raw.csv,52d8da6375a1b66a
2026-05-15,2026-05-15 14:31:32,2026-05-15 08:20:00,80a63000a05d7445,80a63000a05d7445_diesel_premium,Repsol - A8 - Loures B,REPSOL,diesel_premium,Gasóleo especial,Auto-estrada,2.19,Loures,Lisboa,"AE 8 Sub Lanco Loures/Malveira Km 13,95",,2670-901,38.884056,-9.196856,repsol - a8 - loures b,repsol,"ae 8 sub lanco loures/malveira km 13,95","2,190 €",2026-05-15_dgeg_postos_raw.csv,319e32fbe3950bf7
2026-05-15,2026-05-15 14:31:32,2026-05-15 08:20:00,80a63000a05d7445,80a63000a05d7445_gasoline_95,Repsol - A8 - Loures B,REPSOL,gasoline_95,Gasolina simples 95,Auto-estrada,2.091,Loures,Lisboa,"AE 8 Sub Lanco Loures/Malveira Km 13,95",,2670-901,38.884056,-9.196856,repsol - a8 - loures b,repsol,"ae 8 sub lanco loures/malveira km 13,95","2,091 €",2026-05-15_dgeg_postos_raw.csv,7e7ae3cc3026e78a
2026-05-15,2026-05-15 14:31:32,2026-05-15 08:20:00,80a63000a05d7445,80a63000a05d7445_gasoline_98,Repsol - A8 - Loures B,REPSOL,gasoline_98,Gasolina especial 98,Auto-estrada,2.291,Loures,Lisboa,"AE 8 Sub Lanco Loures/Malveira Km 13,95",,2670-901,38.884056,-9.196856,repsol - a8 - loures b,repsol,"ae 8 sub lanco loures/malveira km 13,95","2,291 €",2026-05-15_dgeg_postos_raw.csv,eaedaa1c47de6338
2026-05-15,2026-05-15 14:31:32,2026-05-15 08:20:00,269a58809bb1528e,269a58809bb1528e_diesel_regular,ES REPSOL Benfica B - Estádio da Luz,REPSOL,diesel_regular,Gasóleo simples,Outro,2.079,Lisboa,Lisboa,Av. Eusébio da Silva Ferreira (Estádio da Luz),Lisboa,1500-313,38.755417,-9.183167,es repsol benfica b - estádio da luz,repsol,av. eusébio da silva ferreira (estádio da luz),"2,079 €",2026-05-15_dgeg_postos_raw.csv,f8fdcbce5adc38ad
2026-05-15,2026-05-15 14:31:32,2026-05-15 08:20:00,269a58809bb1528e,269a58809bb1528e_diesel_premium,ES REPSOL Benfica B - Estádio da Luz,REPSOL,diesel_premium,Gasóleo especial,Outro,2.149,Lisboa,Lisboa,Av. Eusébio da Silva Ferreira (Estádio da Luz),Lisboa,1500-313,38.755417,-9.183167,es repsol benfica b - estádio da luz,repsol,av. eusébio da silva ferreira (estádio da luz),"2,149 €",2026-05-15_dgeg_postos_raw.csv,8fa19e0fb58514bd
2026-05-15,2026-05-15 14:31:32,2026-05-15 08:20:00,269a58809bb1528e,269a58809bb1528e_gasoline_95,ES REPSOL Benfica B - Estádio da Luz,REPSOL,gasoline_95,Gasolina simples 95,Outro,2.067,Lisboa,Lisboa,Av. Eusébio da Silva Ferreira (Estádio da Luz),Lisboa,1500-313,38.755417,-9.183167,es repsol benfica b - estádio da luz,repsol,av. eusébio da silva ferreira (estádio da luz),"2,067 €",2026-05-15_dgeg_postos_raw.csv,56a4b4f51b8d9358
2026-05-15,2026-05-15 14:31:32,2026-05-15 08:20:00,269a58809bb1528e,269a58809bb1528e_gasoline_98,ES REPSOL Benfica B - Estádio da Luz,REPSOL,gasoline_98,Gasolina especial 98,Outro,2.267,Lisboa,Lisboa,Av. Eusébio da Silva Ferreira (Estádio da Luz),Lisboa,1500-313,38.755417,-9.183167,es repsol benfica b - estádio da luz,repsol,av. eusébio da silva ferreira (estádio da luz),"2,267 €",2026-05-15_dgeg_postos_raw.csv,460d0177085a8adf
2026-05-15,2026-05-15 14:31:32,2026-05-15 08:20:00,184cdb1e73822927,184cdb1e73822927_diesel_regular,ES OLAIAS - Gespost - Gestão e Administração de Postos de Abastecimento Unipessoal LDA,REPSOL,diesel_regular,Gasóleo simples,Outro,2.039,Lisboa,Lisboa,Av.Dr.Carlos Pinhao,Lisboa,1900-128,38.74164,-9.118286,es olaias - gespost - gestão e administração de postos de abastecimento unipessoal lda,repsol,av.dr.carlos pinhao,"2,039 €",2026-05-15_dgeg_postos_raw.csv,03a5c8077946ce6c
2026-05-15,2026-05-15 14:31:32,2026-05-15 08:20:00,184cdb1e73822927,184cdb1e73822927_diesel_premium,ES OLAIAS - Gespost - Gestão e Administração de Postos de Abastecimento Unipessoal LDA,REPSOL,diesel_premium,Gasóleo especial,Outro,2.109,Lisboa,Lisboa,Av.Dr.Carlos Pinhao,Lisboa,1900-128,38.74164,-9.118286,es olaias - gespost - gestão e administração de postos de abastecimento unipessoal lda,repsol,av.dr.carlos pinhao,"2,109 €",2026-05-15_dgeg_postos_raw.csv,b8aabd27e1b391ed
2026-05-15,2026-05-15 14:31:32,2026-05-15 08:20:00,184cdb1e73822927,184cdb1e73822927_gasoline_95,ES OLAIAS - Gespost - Gestão e Administração de Postos de Abastecimento Unipessoal LDA,REPSOL,gasoline_95,Gasolina simples 95,Outro,2.037,Lisboa,Lisboa,Av.Dr.Carlos Pinhao,Lisboa,1900-128,38.74164,-9.118286,es olaias - gespost - gestão e administração de postos de abastecimento unipessoal lda,repsol,av.dr.carlos pinhao,"2,037 €",2026-05-15_dgeg_postos_raw.csv,1718c254377a12bc
2026-05-15,2026-05-15 14:31:32,2026-05-15 08:20:00,184cdb1e73822927,184cdb1e73822927_gasoline_98,ES OLAIAS - Gespost - Gestão e Administração de Postos de Abastecimento Unipessoal LDA,REPSOL,gasoline_98,Gasolina especial 98,Outro,2.237,Lisboa,Lisboa,Av.Dr.Carlos Pinhao,Lisboa,1900-128,38.74164,-9.118286,es olaias - gespost - gestão e administração de postos de abastecimento unipessoal lda,repsol,av.dr.carlos pinhao,"2,237 €",2026-05-15_dgeg_postos_raw.csv,978293cc28566e5f
2026-05-15,2026-05-15 14:31:32,2026-05-15 08:20:00,8294b4ebba1ecdf5,8294b4ebba1ecdf5_diesel_regular,E.S. ERMESINDE A4,REPSOL,diesel_regular,Gasóleo simples,Outro,2.029,Valongo,Porto,Av. Engº Duarte Pacheco nº 731,Ermesinde,4445-416,41.205322,-8.548553,e.s. ermesinde a4,repsol,av. engº duarte pacheco nº 731,"2,029 €",2026-05-15_dgeg_postos_raw.csv,0258b5807af558c3
2026-05-15,2026-05-15 14:31:32,2026-05-15 08:20:00,8294b4ebba1ecdf5,8294b4ebba1ecdf5_diesel_premium,E.S. ERMESINDE A4,REPSOL,diesel_premium,Gasóleo especial,Outro,2.089,Valongo,Porto,Av. Engº Duarte Pacheco nº 731,Ermesinde,4445-416,41.205322,-8.548553,e.s. ermesinde a4,repsol,av. engº duarte pacheco nº 731,"2,089 €",2026-05-15_dgeg_postos_raw.csv,313981b95bd4912f
2026-05-15,2026-05-15 14:31:32,2026-05-15 08:20:00,8294b4ebba1ecdf5,8294b4ebba1ecdf5_gasoline_95,E.S. ERMESINDE A4,REPSOL,gasoline_95,Gasolina simples 95,Outro,2.027,Valongo,Porto,Av. Engº Duarte Pacheco nº 731,Ermesinde,4445-416,41.205322,-8.548553,e.s. ermesinde a4,repsol,av. engº duarte pacheco nº 731,"2,027 €",2026-05-15_dgeg_postos_raw.csv,dd4fd37c7744f4a9
2026-05-15,2026-05-15 14:31:32,2026-05-15 08:20:00,9db8d434ab1d3ffa,9db8d434ab1d3ffa_diesel_regular,ES MAKRO GAIA - Gespost - Gestão e Administração de Postos de Abastecimento Unipessoal LDA,REPSOL,diesel_regular,Gasóleo simples,Outro,2.079,Porto,Porto,R Senhor de Matosinhos Nº  809,Vila Nova de Gaia,4400-303,41.12016,-8.627181,es makro gaia - gespost - gestão e administração de postos de abastecimento unipessoal lda,repsol,r senhor de matosinhos nº 809,"2,079 €",2026-05-15_dgeg_postos_raw.csv,fdb0f7fc5fe5b163
2026-05-15,2026-05-15 14:31:32,2026-05-15 08:20:00,9db8d434ab1d3ffa,9db8d434ab1d3ffa_diesel_premium,ES MAKRO GAIA - Gespost - Gestão e Administração de Postos de Abastecimento Unipessoal LDA,REPSOL,diesel_premium,Gasóleo especial,Outro,2.149,Porto,Porto,R Senhor de Matosinhos Nº  809,Vila Nova de Gaia,4400-303,41.12016,-8.627181,es makro gaia - gespost - gestão e administração de postos de abastecimento unipessoal lda,repsol,r senhor de matosinhos nº 809,"2,149 €",2026-05-15_dgeg_postos_raw.csv,5f81550171b66feb
2026-05-15,2026-05-15 14:31:32,2026-05-15 08:20:00,9db8d434ab1d3ffa,9db8d434ab1d3ffa_gasoline_95,ES MAKRO GAIA - Gespost - Gestão e Administração de Postos de Abastecimento Unipessoal LDA,REPSOL,gasoline_95,Gasolina simples 95,Outro,2.067,Porto,Porto,R Senhor de Matosinhos Nº  809,Vila Nova de Gaia,4400-303,41.12016,-8.627181,es makro gaia - gespost - gestão e administração de postos de abastecimento unipessoal lda,repsol,r senhor de matosinhos nº 809,"2,067 €",2026-05-15_dgeg_postos_raw.csv,b823e937972f9922
2026-05-15,2026-05-15 14:31:32,2026-05-15 08:20:00,9db8d434ab1d3ffa,9db8d434ab1d3ffa_gasoline_98,ES MAKRO GAIA - Gespost - Gestão e Administração de Postos de Abastecimento Unipessoal LDA,REPSOL,gasoline_98,Gasolina especial 98,Outro,2.267,Porto,Porto,R Senhor de Matosinhos Nº  809,Vila Nova de Gaia,4400-303,41.12016,-8.627181,es makro gaia - gespost - gestão e administração de postos de abastecimento unipessoal lda,repsol,r senhor de matosinhos nº 809,"2,267 €",2026-05-15_dgeg_postos_raw.csv,4fa749887d320471
2026-05-15,2026-05-15 14:31:32,2026-05-15 08:20:00,88930dac6c21d19f,88930dac6c21d19f_diesel_regular,ES  ALMADA (LADO A) - Gespost - Gestão e Administração de Postos de Abastecimento Unipessoal LDA,REPSOL,diesel_regular,Gasóleo simples,Outro,2.079,Almada,Setúbal,Av. Bento Goncalves,,2800-354,38.67474,-9.165806,es almada (lado a) - gespost - gestão e administração de postos de abastecimento unipessoal lda,repsol,av. bento goncalves,"2,079 €",2026-05-15_dgeg_postos_raw.csv,78b472c12b798b72
2026-05-15,2026-05-15 14:31:32,2026-05-15 08:20:00,88930dac6c21d19f,88930dac6c21d19f_diesel_premium,ES  ALMADA (LADO A) - Gespost - Gestão e Administração de Postos de Abastecimento Unipessoal LDA,REPSOL,diesel_premium,Gasóleo especial,Outro,2.149,Almada,Setúbal,Av. Bento Goncalves,,2800-354,38.67474,-9.165806,es almada (lado a) - gespost - gestão e administração de postos de abastecimento unipessoal lda,repsol,av. bento goncalves,"2,149 €",2026-05-15_dgeg_postos_raw.csv,7acd59e1131b5436
2026-05-15,2026-05-15 14:31:32,2026-05-15 08:20:00,88930dac6c21d19f,88930dac6c21d19f_gasoline_95,ES  ALMADA (LADO A) - Gespost - Gestão e Administração de Postos de Abastecimento Unipessoal LDA,REPSOL,gasoline_95,Gasolina simples 95,Outro,2.067,Almada,Setúbal,Av. Bento Goncalves,,2800-354,38.67474,-9.165806,es almada (lado a) - gespost - gestão e administração de postos de abastecimento unipessoal lda,repsol,av. bento goncalves,"2,067 €",2026-05-15_dgeg_postos_raw.csv,a0f5a50436f6503e
2026-05-15,2026-05-15 14:31:32,2026-05-15 08:20:00,051194feff5d39c7,051194feff5d39c7_diesel_regular,E.S. SETUBAL PISCINAS,REPSOL,diesel_regular,Gasóleo simples,Outro,2.019,Setúbal,Setúbal,Variante à Estrada dos Ciprestes Lt. 12,Sta. Maria da Graça,2900-504,38.532736,-8.886986,e.s. setubal piscinas,repsol,variante à estrada dos ciprestes lt. 12,"2,019 €",2026-05-15_dgeg_postos_raw.csv,707a6ef3fa504841
2026-05-15,2026-05-15 14:31:32,2026-05-15 08:20:00,051194feff5d39c7,051194feff5d39c7_diesel_premium,E.S. SETUBAL PISCINAS,REPSOL,diesel_premium,Gasóleo especial,Outro,2.069,Setúbal,Setúbal,Variante à Estrada dos Ciprestes Lt. 12,Sta. Maria da Graça,2900-504,38.532736,-8.886986,e.s. setubal piscinas,repsol,variante à estrada dos ciprestes lt. 12,"2,069 €",2026-05-15_dgeg_postos_raw.csv,d0745d7255c12fcc
2026-05-15,2026-05-15 14:31:32,2026-05-15 08:20:00,051194feff5d39c7,051194feff5d39c7_gasoline_95,E.S. SETUBAL PISCINAS,REPSOL,gasoline_95,Gasolina simples 95,Outro,2.017,Setúbal,Setúbal,Variante à Estrada dos Ciprestes Lt. 12,Sta. Maria da Graça,2900-504,38.532736,-8.886986,e.s. setubal piscinas,repsol,variante à estrada dos ciprestes lt. 12,"2,017 €",2026-05-15_dgeg_postos_raw.csv,8bb217e39a2d7643
2026-05-15,2026-05-15 14:31:32,2026-05-15 08:20:00,8ac789fab37c1bf4,8ac789fab37c1bf4_diesel_regular,E.S. STA. MARTA CORROIOS,REPSOL,diesel_regular,Gasóleo simples,Outro,2.079,Seixal,Setúbal,Av. Rui Gracio,Stª Marta do Pinhal,2855-577,38.633119,-9.149581,e.s. sta. marta corroios,repsol,av. rui gracio,"2,079 €",2026-05-15_dgeg_postos_raw.csv,9593925936b705a6
2026-05-15,2026-05-15 14:31:32,2026-05-15 08:20:00,8ac789fab37c1bf4,8ac789fab37c1bf4_diesel_premium,E.S. STA. MARTA CORROIOS,REPSOL,diesel_premium,Gasóleo especial,Outro,2.149,Seixal,Setúbal,Av. Rui Gracio,Stª Marta do Pinhal,2855-577,38.633119,-9.149581,e.s. sta. marta corroios,repsol,av. rui gracio,"2,149 €",2026-05-15_dgeg_postos_raw.csv,0fe3f776f8668cb1
2026-05-15,2026-05-15 14:31:32,2026-05-15 08:20:00,8ac789fab37c1bf4,8ac789fab37c1bf4_gasoline_95,E.S. STA. MARTA CORROIOS,REPSOL,gasoline_95,Gasolina simples 95,Outro,2.067,Seixal,Setúbal,Av. Rui Gracio,Stª Marta do Pinhal,2855-577,38.633119,-9.149581,e.s. sta. marta corroios,repsol,av. rui gracio,"2,067 €",2026-05-15_dgeg_postos_raw.csv,bcfbb0913cb5f0cc
2026-05-15,2026-05-15 14:31:32,2026-05-15 08:20:00,5426d713eb437bda,5426d713eb437bda_diesel_regular,AS A17 VAGOS A - Gespost - Gestão e Administração de Postos de Abastecimento Unipessoal LDA,REPSOL,diesel_regular,Gasóleo simples,Auto-estrada,2.104,Vagos,Aveiro,A 17 Nó de Ponte de Vagos - Poente,Santo André,3840-553,40.508488,-8.668739,as a17 vagos a - gespost - gestão e administração de postos de abastecimento unipessoal lda,repsol,a 17 nó de ponte de vagos - poente,"2,104 €",2026-05-15_dgeg_postos_raw.csv,3887a0b3d8d92e30
2026-05-15,2026-05-15 14:31:32,2026-05-15 08:20:00,5426d713eb437bda,5426d713eb437bda_diesel_premium,AS A17 VAGOS A - Gespost - Gestão e Administração de Postos de Abastecimento Unipessoal LDA,REPSOL,diesel_premium,Gasóleo especial,Auto-estrada,2.189,Vagos,Aveiro,A 17 Nó de Ponte de Vagos - Poente,Santo André,3840-553,40.508488,-8.668739,as a17 vagos a - gespost - gestão e administração de postos de abastecimento unipessoal lda,repsol,a 17 nó de ponte de vagos - poente,"2,189 €",2026-05-15_dgeg_postos_raw.csv,c0d748c14f589062
2026-05-15,2026-05-15 14:31:32,2026-05-15 08:20:00,5426d713eb437bda,5426d713eb437bda_gasoline_95,AS A17 VAGOS A - Gespost - Gestão e Administração de Postos de Abastecimento Unipessoal LDA,REPSOL,gasoline_95,Gasolina simples 95,Auto-estrada,2.097,Vagos,Aveiro,A 17 Nó de Ponte de Vagos - Poente,Santo André,3840-553,40.508488,-8.668739,as a17 vagos a - gespost - gestão e administração de postos de abastecimento unipessoal lda,repsol,a 17 nó de ponte de vagos - poente,"2,097 €",2026-05-15_dgeg_postos_raw.csv,6ade3c83eab93e0b
2026-05-15,2026-05-15 14:31:32,2026-05-15 08:20:00,5426d713eb437bda,5426d713eb437bda_gasoline_98,AS A17 VAGOS A - Gespost - Gestão e Administração de Postos de Abastecimento Unipessoal LDA,REPSOL,gasoline_98,Gasolina especial 98,Auto-estrada,2.297,Vagos,Aveiro,A 17 Nó de Ponte de Vagos - Poente,Santo André,3840-553,40.508488,-8.668739,as a17 vagos a - gespost - gestão e administração de postos de abastecimento unipessoal lda,repsol,a 17 nó de ponte de vagos - poente,"2,297 €",2026-05-15_dgeg_postos_raw.csv,2def0d066291d8a0
2026-05-15,2026-05-15 14:31:32,2026-05-15 08:20:00,ba07f07dfe8ef823,ba07f07dfe8ef823_diesel_regular,Área de Serviço de Grandola A Norte - Sul,REPSOL,diesel_regular,Gasóleo simples,Auto-estrada,2.078,Grândola,Setúbal,"A2 Km 111,0 Sublanço Grândola Norte / Grândola Sul",Grândola,7570-512,38.16753,-8.492921,área de serviço de grandola a norte - sul,repsol,"a2 km 111,0 sublanço grândola norte / grândola sul","2,078 €",2026-05-15_dgeg_postos_raw.csv,a187c9b01b6ef6e0
2026-05-15,2026-05-15 14:31:32,2026-05-15 08:20:00,ba07f07dfe8ef823,ba07f07dfe8ef823_diesel_premium,Área de Serviço de Grandola A Norte - Sul,REPSOL,diesel_premium,Gasóleo especial,Auto-estrada,2.163,Grândola,Setúbal,"A2 Km 111,0 Sublanço Grândola Norte / Grândola Sul",Grândola,7570-512,38.16753,-8.492921,área de serviço de grandola a norte - sul,repsol,"a2 km 111,0 sublanço grândola norte / grândola sul","2,163 €",2026-05-15_dgeg_postos_raw.csv,2c6149747e2aed3f
2026-05-15,2026-05-15 14:31:32,2026-05-15 08:20:00,ba07f07dfe8ef823,ba07f07dfe8ef823_gasoline_95,Área de Serviço de Grandola A Norte - Sul,REPSOL,gasoline_95,Gasolina simples 95,Auto-estrada,2.069,Grândola,Setúbal,"A2 Km 111,0 Sublanço Grândola Norte / Grândola Sul",Grândola,7570-512,38.16753,-8.492921,área de serviço de grandola a norte - sul,repsol,"a2 km 111,0 sublanço grândola norte / grândola sul","2,069 €",2026-05-15_dgeg_postos_raw.csv,354f4a7c5da39856
2026-05-15,2026-05-15 14:31:32,2026-05-15 08:20:00,ba07f07dfe8ef823,ba07f07dfe8ef823_gasoline_98,Área de Serviço de Grandola A Norte - Sul,REPSOL,gasoline_98,Gasolina especial 98,Auto-estrada,2.269,Grândola,Setúbal,"A2 Km 111,0 Sublanço Grândola Norte / Grândola Sul",Grândola,7570-512,38.16753,-8.492921,área de serviço de grandola a norte - sul,repsol,"a2 km 111,0 sublanço grândola norte / grândola sul","2,269 €",2026-05-15_dgeg_postos_raw.csv,92b40fc2ef6d0ac3
2026-05-15,2026-05-15 14:31:32,2026-05-15 08:20:00,72810033be147a30,72810033be147a30_diesel_regular,REPSOL A2 Grândola (ALG/LIS),REPSOL,diesel_regular,Gasóleo simples,Auto-estrada,2.078,Grândola,Setúbal,A2 Km 111 Sublanço Grandola Sul - Grandola,Grândola,7570-512,38.167145,-8.490486,repsol a2 grândola (alg/lis),repsol,a2 km 111 sublanço grandola sul - grandola,"2,078 €",2026-05-15_dgeg_postos_raw.csv,e2e8b48b9fb1cd57
2026-05-15,2026-05-15 14:31:32,2026-05-15 08:20:00,72810033be147a30,72810033be147a30_diesel_premium,REPSOL A2 Grândola (ALG/LIS),REPSOL,diesel_premium,Gasóleo especial,Auto-estrada,2.163,Grândola,Setúbal,A2 Km 111 Sublanço Grandola Sul - Grandola,Grândola,7570-512,38.167145,-8.490486,repsol a2 grândola (alg/lis),repsol,a2 km 111 sublanço grandola sul - grandola,"2,163 €",2026-05-15_dgeg_postos_raw.csv,2be25c556725f3ab
2026-05-15,2026-05-15 14:31:32,2026-05-15 08:20:00,72810033be147a30,72810033be147a30_gasoline_95,REPSOL A2 Grândola (ALG/LIS),REPSOL,gasoline_95,Gasolina simples 95,Auto-estrada,2.069,Grândola,Setúbal,A2 Km 111 Sublanço Grandola Sul - Grandola,Grândola,7570-512,38.167145,-8.490486,repsol a2 grândola (alg/lis),repsol,a2 km 111 sublanço grandola sul - grandola,"2,069 €",2026-05-15_dgeg_postos_raw.csv,a834e976d4fa58e3
2026-05-15,2026-05-15 14:31:32,2026-05-15 08:20:00,72810033be147a30,72810033be147a30_gasoline_98,REPSOL A2 Grândola (ALG/LIS),REPSOL,gasoline_98,Gasolina especial 98,Auto-estrada,2.269,Grândola,Setúbal,A2 Km 111 Sublanço Grandola Sul - Grandola,Grândola,7570-512,38.167145,-8.490486,repsol a2 grândola (alg/lis),repsol,a2 km 111 sublanço grandola sul - grandola,"2,269 €",2026-05-15_dgeg_postos_raw.csv,bdf4252eee0b3800
2026-05-15,2026-05-15 14:31:32,2026-05-15 08:30:00,fc44323ca1d2dfd6,fc44323ca1d2dfd6_diesel_regular,"Lotiarm - Comércio de Veículos, S.A.",GALP,diesel_regular,Gasóleo simples,Outro,2.055,Sever do Vouga,Aveiro,"EN 328 Km 18,85",Sever do Vouga,3740-000,40.73135,-8.36717,"lotiarm - comércio de veículos, s.a.",galp,"en 328 km 18,85","2,055 €",2026-05-15_dgeg_postos_raw.csv,f618cdb6ed493775
2026-05-15,2026-05-15 14:31:32,2026-05-15 08:30:00,fc44323ca1d2dfd6,fc44323ca1d2dfd6_diesel_premium,"Lotiarm - Comércio de Veículos, S.A.",GALP,diesel_premium,Gasóleo especial,Outro,2.115,Sever do Vouga,Aveiro,"EN 328 Km 18,85",Sever do Vouga,3740-000,40.73135,-8.36717,"lotiarm - comércio de veículos, s.a.",galp,"en 328 km 18,85","2,115 €",2026-05-15_dgeg_postos_raw.csv,de7cddf2bf2b6e32
2026-05-15,2026-05-15 14:31:32,2026-05-15 08:30:00,fc44323ca1d2dfd6,fc44323ca1d2dfd6_gasoline_95,"Lotiarm - Comércio de Veículos, S.A.",GALP,gasoline_95,Gasolina simples 95,Outro,2.051,Sever do Vouga,Aveiro,"EN 328 Km 18,85",Sever do Vouga,3740-000,40.73135,-8.36717,"lotiarm - comércio de veículos, s.a.",galp,"en 328 km 18,85","2,051 €",2026-05-15_dgeg_postos_raw.csv,af50bcfafa92d8b3
2026-05-15,2026-05-15 14:31:32,2026-05-15 08:30:00,fc44323ca1d2dfd6,fc44323ca1d2dfd6_gasoline_98,"Lotiarm - Comércio de Veículos, S.A.",GALP,gasoline_98,Gasolina especial 98,Outro,2.261,Sever do Vouga,Aveiro,"EN 328 Km 18,85",Sever do Vouga,3740-000,40.73135,-8.36717,"lotiarm - comércio de veículos, s.a.",galp,"en 328 km 18,85","2,261 €",2026-05-15_dgeg_postos_raw.csv,6d7c92f97e35079d
2026-05-15,2026-05-15 14:31:32,2026-05-15 08:30:00,97243e9a9586254c,97243e9a9586254c_diesel_regular,Intermarché de Felgueiras,INTERMARCHÉ,diesel_regular,Gasóleo simples,Outro,1.889,Felgueiras,Porto,Lugar da Rabela,Varzea,4610-821,41.356644,-8.19017,intermarché de felgueiras,intermarché,lugar da rabela,"1,889 €",2026-05-15_dgeg_postos_raw.csv,7be7ba082322b808
2026-05-15,2026-05-15 14:31:32,2026-05-15 08:30:00,97243e9a9586254c,97243e9a9586254c_diesel_premium,Intermarché de Felgueiras,INTERMARCHÉ,diesel_premium,Gasóleo especial,Outro,1.909,Felgueiras,Porto,Lugar da Rabela,Varzea,4610-821,41.356644,-8.19017,intermarché de felgueiras,intermarché,lugar da rabela,"1,909 €",2026-05-15_dgeg_postos_raw.csv,a47482aa754fea86
2026-05-15,2026-05-15 14:31:32,2026-05-15 08:30:00,97243e9a9586254c,97243e9a9586254c_gasoline_95,Intermarché de Felgueiras,INTERMARCHÉ,gasoline_95,Gasolina simples 95,Outro,1.929,Felgueiras,Porto,Lugar da Rabela,Varzea,4610-821,41.356644,-8.19017,intermarché de felgueiras,intermarché,lugar da rabela,"1,929 €",2026-05-15_dgeg_postos_raw.csv,bcbc36b911863342
2026-05-15,2026-05-15 14:31:32,2026-05-15 08:40:00,9a1875fb041d51b1,9a1875fb041d51b1_diesel_regular,E.S. CHAVES II,REPSOL,diesel_regular,Gasóleo simples,Outro,2.019,Chaves,Vila Real,"Av. Santo Amaro, S/N",Chaves,5400-000,41.7395,-7.4761,e.s. chaves ii,repsol,"av. santo amaro, s/n","2,019 €",2026-05-15_dgeg_postos_raw.csv,54fc1f55e21cadea
2026-05-15,2026-05-15 14:31:32,2026-05-15 08:40:00,9a1875fb041d51b1,9a1875fb041d51b1_diesel_premium,E.S. CHAVES II,REPSOL,diesel_premium,Gasóleo especial,Outro,2.079,Chaves,Vila Real,"Av. Santo Amaro, S/N",Chaves,5400-000,41.7395,-7.4761,e.s. chaves ii,repsol,"av. santo amaro, s/n","2,079 €",2026-05-15_dgeg_postos_raw.csv,0e3fce3c06914adb
2026-05-15,2026-05-15 14:31:32,2026-05-15 08:40:00,9a1875fb041d51b1,9a1875fb041d51b1_gasoline_95,E.S. CHAVES II,REPSOL,gasoline_95,Gasolina simples 95,Outro,2.017,Chaves,Vila Real,"Av. Santo Amaro, S/N",Chaves,5400-000,41.7395,-7.4761,e.s. chaves ii,repsol,"av. santo amaro, s/n","2,017 €",2026-05-15_dgeg_postos_raw.csv,0a33237a2d82b208
2026-05-15,2026-05-15 14:31:32,2026-05-15 08:40:00,9a1875fb041d51b1,9a1875fb041d51b1_gasoline_98,E.S. CHAVES II,REPSOL,gasoline_98,Gasolina especial 98,Outro,2.197,Chaves,Vila Real,"Av. Santo Amaro, S/N",Chaves,5400-000,41.7395,-7.4761,e.s. chaves ii,repsol,"av. santo amaro, s/n","2,197 €",2026-05-15_dgeg_postos_raw.csv,5e513b699107149c
2026-05-15,2026-05-15 14:31:32,2026-05-15 08:40:00,de66537678d837f3,de66537678d837f3_diesel_regular,E.S. CHAVES,REPSOL,diesel_regular,Gasóleo simples,Outro,2.079,Chaves,Vila Real,Av. 5 de Outubro nº 16,Chaves,5400-000,41.74178,-7.46683,e.s. chaves,repsol,av. 5 de outubro nº 16,"2,079 €",2026-05-15_dgeg_postos_raw.csv,0cd3e5f42b9bd893
2026-05-15,2026-05-15 14:31:32,2026-05-15 08:40:00,de66537678d837f3,de66537678d837f3_diesel_premium,E.S. CHAVES,REPSOL,diesel_premium,Gasóleo especial,Outro,2.149,Chaves,Vila Real,Av. 5 de Outubro nº 16,Chaves,5400-000,41.74178,-7.46683,e.s. chaves,repsol,av. 5 de outubro nº 16,"2,149 €",2026-05-15_dgeg_postos_raw.csv,94d183c23fc23a6c
2026-05-15,2026-05-15 14:31:32,2026-05-15 08:40:00,de66537678d837f3,de66537678d837f3_gasoline_95,E.S. CHAVES,REPSOL,gasoline_95,Gasolina simples 95,Outro,2.077,Chaves,Vila Real,Av. 5 de Outubro nº 16,Chaves,5400-000,41.74178,-7.46683,e.s. chaves,repsol,av. 5 de outubro nº 16,"2,077 €",2026-05-15_dgeg_postos_raw.csv,288eaf70e1e419f3
2026-05-15,2026-05-15 14:31:32,2026-05-15 08:40:00,b9b2ee0e7dac554f,b9b2ee0e7dac554f_diesel_regular,F. Oliveira Martins,GALP,diesel_regular,Gasóleo simples,Outro,2.079,Porto,Porto,R. Gólgota nº 390 e 428,Porto,4150-000,41.151433,-8.634284,f. oliveira martins,galp,r. gólgota nº 390 e 428,"2,079 €",2026-05-15_dgeg_postos_raw.csv,08cbf3377c5366b6
2026-05-15,2026-05-15 14:31:32,2026-05-15 08:40:00,b9b2ee0e7dac554f,b9b2ee0e7dac554f_diesel_premium,F. Oliveira Martins,GALP,diesel_premium,Gasóleo especial,Outro,2.139,Porto,Porto,R. Gólgota nº 390 e 428,Porto,4150-000,41.151433,-8.634284,f. oliveira martins,galp,r. gólgota nº 390 e 428,"2,139 €",2026-05-15_dgeg_postos_raw.csv,84ccb26d12011643
2026-05-15,2026-05-15 14:31:32,2026-05-15 08:40:00,b9b2ee0e7dac554f,b9b2ee0e7dac554f_gasoline_95,F. Oliveira Martins,GALP,gasoline_95,Gasolina simples 95,Outro,2.076,Porto,Porto,R. Gólgota nº 390 e 428,Porto,4150-000,41.151433,-8.634284,f. oliveira martins,galp,r. gólgota nº 390 e 428,"2,076 €",2026-05-15_dgeg_postos_raw.csv,e68bb30ee1e20288
2026-05-15,2026-05-15 14:31:32,2026-05-15 08:50:00,0e10d4a0b994ce85,0e10d4a0b994ce85_diesel_regular,BP - Évora M.A.R.É,BP,diesel_regular,Gasóleo simples,Outro,2.109,Évora,Évora,Mercado Abastecedor Região de Évora,Évora,7000-797,38.55743,-7.89164,bp - évora m.a.r.é,bp,mercado abastecedor região de évora,"2,109 €",2026-05-15_dgeg_postos_raw.csv,00bee978e9fea20e
2026-05-15,2026-05-15 14:31:32,2026-05-15 08:50:00,0e10d4a0b994ce85,0e10d4a0b994ce85_diesel_premium,BP - Évora M.A.R.É,BP,diesel_premium,Gasóleo especial,Outro,2.229,Évora,Évora,Mercado Abastecedor Região de Évora,Évora,7000-797,38.55743,-7.89164,bp - évora m.a.r.é,bp,mercado abastecedor região de évora,"2,229 €",2026-05-15_dgeg_postos_raw.csv,9ada586c6d18ba24
2026-05-15,2026-05-15 14:31:32,2026-05-15 08:50:00,0e10d4a0b994ce85,0e10d4a0b994ce85_gasoline_95,BP - Évora M.A.R.É,BP,gasoline_95,Gasolina simples 95,Outro,2.099,Évora,Évora,Mercado Abastecedor Região de Évora,Évora,7000-797,38.55743,-7.89164,bp - évora m.a.r.é,bp,mercado abastecedor região de évora,"2,099 €",2026-05-15_dgeg_postos_raw.csv,8cffd8b80078e859
2026-05-15,2026-05-15 14:31:32,2026-05-15 08:50:00,0e10d4a0b994ce85,0e10d4a0b994ce85_gasoline_98,BP - Évora M.A.R.É,BP,gasoline_98,Gasolina especial 98,Outro,2.299,Évora,Évora,Mercado Abastecedor Região de Évora,Évora,7000-797,38.55743,-7.89164,bp - évora m.a.r.é,bp,mercado abastecedor região de évora,"2,299 €",2026-05-15_dgeg_postos_raw.csv,12efa06ad239a03e
2026-05-15,2026-05-15 14:31:32,2026-05-15 08:55:00,1cb0566f20fc124b,1cb0566f20fc124b_diesel_regular,Repsol - BURGOJANOTA (São  Cristóvão),REPSOL,diesel_regular,Gasóleo simples,Outro,2.079,Montemor-o-Novo,Évora,"EN 253 Km 50,500",São Cristovão,7050-600,38.497955,-8.313759,repsol - burgojanota (são cristóvão),repsol,"en 253 km 50,500","2,079 €",2026-05-15_dgeg_postos_raw.csv,22605fa96977ab8b
2026-05-15,2026-05-15 14:31:32,2026-05-15 08:55:00,1cb0566f20fc124b,1cb0566f20fc124b_gasoline_95,Repsol - BURGOJANOTA (São  Cristóvão),REPSOL,gasoline_95,Gasolina simples 95,Outro,2.067,Montemor-o-Novo,Évora,"EN 253 Km 50,500",São Cristovão,7050-600,38.497955,-8.313759,repsol - burgojanota (são cristóvão),repsol,"en 253 km 50,500","2,067 €",2026-05-15_dgeg_postos_raw.csv,78a088fb9be64b66
2026-05-15,2026-05-15 14:31:32,2026-05-15 09:00:00,d38f23d02c213295,d38f23d02c213295_diesel_regular,GALP GAIA,GALP,diesel_regular,Gasóleo simples,Outro,2.055,Vila Nova de Gaia,Porto,Av. Vasco da Gama nº 1538,Oliveira do Douro,4430-247,41.11363,-8.59042,galp gaia,galp,av. vasco da gama nº 1538,"2,055 €",2026-05-15_dgeg_postos_raw.csv,dce36d37bf677d60
2026-05-15,2026-05-15 14:31:32,2026-05-15 09:00:00,d38f23d02c213295,d38f23d02c213295_diesel_premium,GALP GAIA,GALP,diesel_premium,Gasóleo especial,Outro,2.105,Vila Nova de Gaia,Porto,Av. Vasco da Gama nº 1538,Oliveira do Douro,4430-247,41.11363,-8.59042,galp gaia,galp,av. vasco da gama nº 1538,"2,105 €",2026-05-15_dgeg_postos_raw.csv,1350d4cf54ff5473
2026-05-15,2026-05-15 14:31:32,2026-05-15 09:00:00,d38f23d02c213295,d38f23d02c213295_gasoline_95,GALP GAIA,GALP,gasoline_95,Gasolina simples 95,Outro,2.051,Vila Nova de Gaia,Porto,Av. Vasco da Gama nº 1538,Oliveira do Douro,4430-247,41.11363,-8.59042,galp gaia,galp,av. vasco da gama nº 1538,"2,051 €",2026-05-15_dgeg_postos_raw.csv,bc360e92daf463de
2026-05-15,2026-05-15 14:31:32,2026-05-15 09:05:00,3463ac868e80571a,3463ac868e80571a_diesel_regular,NADP Bajouca,AUTO JULIO,diesel_regular,Gasóleo simples,Outro,2.069,Leiria,Leiria,Rua do Vale,Bajouca,2425-208,39.89291,-8.77613,nadp bajouca,auto julio,rua do vale,"2,069 €",2026-05-15_dgeg_postos_raw.csv,3cd1e862caa8e5c0
2026-05-15,2026-05-15 14:31:32,2026-05-15 09:05:00,3463ac868e80571a,3463ac868e80571a_diesel_premium,NADP Bajouca,AUTO JULIO,diesel_premium,Gasóleo especial,Outro,2.089,Leiria,Leiria,Rua do Vale,Bajouca,2425-208,39.89291,-8.77613,nadp bajouca,auto julio,rua do vale,"2,089 €",2026-05-15_dgeg_postos_raw.csv,4dd443ef761a37a7
2026-05-15,2026-05-15 14:31:32,2026-05-15 09:05:00,3463ac868e80571a,3463ac868e80571a_gasoline_95,NADP Bajouca,AUTO JULIO,gasoline_95,Gasolina simples 95,Outro,2.061,Leiria,Leiria,Rua do Vale,Bajouca,2425-208,39.89291,-8.77613,nadp bajouca,auto julio,rua do vale,"2,061 €",2026-05-15_dgeg_postos_raw.csv,23d553719c6112e3
2026-05-15,2026-05-15 14:31:32,2026-05-15 09:05:00,1ec13acc7fd95a8d,1ec13acc7fd95a8d_diesel_regular,INTERMARCHÉ ALPIARÇA,INTERMARCHÉ,diesel_regular,Gasóleo simples,Outro,1.915,Alpiarça,Santarém,HORTA DA TORRETERRA DA EIRA,ALPIARÇA,2090-022,39.2683,-8.57491,intermarché alpiarça,intermarché,horta da torreterra da eira,"1,915 €",2026-05-15_dgeg_postos_raw.csv,d4ede8c49e727758
2026-05-15,2026-05-15 14:31:32,2026-05-15 09:05:00,1ec13acc7fd95a8d,1ec13acc7fd95a8d_diesel_premium,INTERMARCHÉ ALPIARÇA,INTERMARCHÉ,diesel_premium,Gasóleo especial,Outro,1.985,Alpiarça,Santarém,HORTA DA TORRETERRA DA EIRA,ALPIARÇA,2090-022,39.2683,-8.57491,intermarché alpiarça,intermarché,horta da torreterra da eira,"1,985 €",2026-05-15_dgeg_postos_raw.csv,5ea4778c67aa0142
2026-05-15,2026-05-15 14:31:32,2026-05-15 09:05:00,1ec13acc7fd95a8d,1ec13acc7fd95a8d_gasoline_95,INTERMARCHÉ ALPIARÇA,INTERMARCHÉ,gasoline_95,Gasolina simples 95,Outro,1.925,Alpiarça,Santarém,HORTA DA TORRETERRA DA EIRA,ALPIARÇA,2090-022,39.2683,-8.57491,intermarché alpiarça,intermarché,horta da torreterra da eira,"1,925 €",2026-05-15_dgeg_postos_raw.csv,5604edc877f6bc94
2026-05-15,2026-05-15 14:31:32,2026-05-15 09:10:00,47062552038d64d6,47062552038d64d6_diesel_regular,"FUEL2TEMP,LDA",CEPSA,diesel_regular,Gasóleo simples,Outro,2.046,Cinfães,Viseu,EN 222,Lugar de Quintela,4690-058,41.079297,-8.102443,"fuel2temp,lda",cepsa,en 222,"2,046 €",2026-05-15_dgeg_postos_raw.csv,f7c28272bb69254d
2026-05-15,2026-05-15 14:31:32,2026-05-15 09:10:00,47062552038d64d6,47062552038d64d6_diesel_premium,"FUEL2TEMP,LDA",CEPSA,diesel_premium,Gasóleo especial,Outro,2.096,Cinfães,Viseu,EN 222,Lugar de Quintela,4690-058,41.079297,-8.102443,"fuel2temp,lda",cepsa,en 222,"2,096 €",2026-05-15_dgeg_postos_raw.csv,d11cbaa133ac581d
2026-05-15,2026-05-15 14:31:32,2026-05-15 09:10:00,47062552038d64d6,47062552038d64d6_gasoline_95,"FUEL2TEMP,LDA",CEPSA,gasoline_95,Gasolina simples 95,Outro,2.038,Cinfães,Viseu,EN 222,Lugar de Quintela,4690-058,41.079297,-8.102443,"fuel2temp,lda",cepsa,en 222,"2,038 €",2026-05-15_dgeg_postos_raw.csv,7dab7b96d17a45bb
2026-05-15,2026-05-15 14:31:32,2026-05-15 09:10:00,47062552038d64d6,47062552038d64d6_gasoline_98,"FUEL2TEMP,LDA",CEPSA,gasoline_98,Gasolina especial 98,Outro,2.25,Cinfães,Viseu,EN 222,Lugar de Quintela,4690-058,41.079297,-8.102443,"fuel2temp,lda",cepsa,en 222,"2,250 €",2026-05-15_dgeg_postos_raw.csv,818b42654e3aa09f
2026-05-15,2026-05-15 14:31:32,2026-05-15 09:10:00,bddc3098738c747f,bddc3098738c747f_diesel_regular,F OLIVEIRA MARTINS E COMPANHIA LDA,GALP,diesel_regular,Gasóleo simples,Outro,2.055,Porto,Porto,"Av. Fernão de Magalhães, 390",Bonfim,4300-189,41.15333,-8.59621,f oliveira martins e companhia lda,galp,"av. fernão de magalhães, 390","2,055 €",2026-05-15_dgeg_postos_raw.csv,a69478b349f69c6f
2026-05-15,2026-05-15 14:31:32,2026-05-15 09:10:00,bddc3098738c747f,bddc3098738c747f_gasoline_95,F OLIVEIRA MARTINS E COMPANHIA LDA,GALP,gasoline_95,Gasolina simples 95,Outro,2.051,Porto,Porto,"Av. Fernão de Magalhães, 390",Bonfim,4300-189,41.15333,-8.59621,f oliveira martins e companhia lda,galp,"av. fernão de magalhães, 390","2,051 €",2026-05-15_dgeg_postos_raw.csv,4dcc7f5c58bc2de6
2026-05-15,2026-05-15 14:31:32,2026-05-15 09:15:00,79920722586aaf1a,79920722586aaf1a_diesel_regular,GALP Viana do Alentejo,GALP,diesel_regular,Gasóleo simples,Outro,2.079,Viana do Alentejo,Évora,Zona Industrial,Viana do Alentejo,7090-297,38.3317,-7.99525,galp viana do alentejo,galp,zona industrial,"2,079 €",2026-05-15_dgeg_postos_raw.csv,ecd8f9f8789c7334
2026-05-15,2026-05-15 14:31:32,2026-05-15 09:15:00,79920722586aaf1a,79920722586aaf1a_diesel_premium,GALP Viana do Alentejo,GALP,diesel_premium,Gasóleo especial,Outro,2.129,Viana do Alentejo,Évora,Zona Industrial,Viana do Alentejo,7090-297,38.3317,-7.99525,galp viana do alentejo,galp,zona industrial,"2,129 €",2026-05-15_dgeg_postos_raw.csv,12ac7a4bcafbda8f
2026-05-15,2026-05-15 14:31:32,2026-05-15 09:15:00,79920722586aaf1a,79920722586aaf1a_gasoline_95,GALP Viana do Alentejo,GALP,gasoline_95,Gasolina simples 95,Outro,2.072,Viana do Alentejo,Évora,Zona Industrial,Viana do Alentejo,7090-297,38.3317,-7.99525,galp viana do alentejo,galp,zona industrial,"2,072 €",2026-05-15_dgeg_postos_raw.csv,7eee72bf25fdaeaf
2026-05-15,2026-05-15 14:31:32,2026-05-15 09:15:00,6de1f0e2cc159689,6de1f0e2cc159689_diesel_regular,LEONTINA ALVES RAMOS (1),GALP,diesel_regular,Gasóleo simples,Outro,2.015,Maia,Porto,EN 105 - Rua de Monforte,Travagem,4445-617,41.233068,-8.547891,leontina alves ramos (1),galp,en 105 - rua de monforte,"2,015 €",2026-05-15_dgeg_postos_raw.csv,11598734d00e84c2
2026-05-15,2026-05-15 14:31:32,2026-05-15 09:15:00,6de1f0e2cc159689,6de1f0e2cc159689_diesel_premium,LEONTINA ALVES RAMOS (1),GALP,diesel_premium,Gasóleo especial,Outro,2.065,Maia,Porto,EN 105 - Rua de Monforte,Travagem,4445-617,41.233068,-8.547891,leontina alves ramos (1),galp,en 105 - rua de monforte,"2,065 €",2026-05-15_dgeg_postos_raw.csv,a9a1c64c43c8642f
2026-05-15,2026-05-15 14:31:32,2026-05-15 09:15:00,6de1f0e2cc159689,6de1f0e2cc159689_gasoline_95,LEONTINA ALVES RAMOS (1),GALP,gasoline_95,Gasolina simples 95,Outro,2.011,Maia,Porto,EN 105 - Rua de Monforte,Travagem,4445-617,41.233068,-8.547891,leontina alves ramos (1),galp,en 105 - rua de monforte,"2,011 €",2026-05-15_dgeg_postos_raw.csv,403560dffbc1d949
2026-05-15,2026-05-15 14:31:32,2026-05-15 09:15:00,d2bf3a2daea9faea,d2bf3a2daea9faea_diesel_regular,Galp Vialonga,GALP,diesel_regular,Gasóleo simples,Outro,2.015,Vila Franca de Xira,Lisboa,Variante EM 501,Vialonga - Quinta de Troia,2600-000,38.87462,-9.07248,galp vialonga,galp,variante em 501,"2,015 €",2026-05-15_dgeg_postos_raw.csv,2eefe3705db8e354
2026-05-15,2026-05-15 14:31:32,2026-05-15 09:15:00,d2bf3a2daea9faea,d2bf3a2daea9faea_diesel_premium,Galp Vialonga,GALP,diesel_premium,Gasóleo especial,Outro,2.065,Vila Franca de Xira,Lisboa,Variante EM 501,Vialonga - Quinta de Troia,2600-000,38.87462,-9.07248,galp vialonga,galp,variante em 501,"2,065 €",2026-05-15_dgeg_postos_raw.csv,f7b04d6a89bff0ce
2026-05-15,2026-05-15 14:31:32,2026-05-15 09:15:00,d2bf3a2daea9faea,d2bf3a2daea9faea_gasoline_95,Galp Vialonga,GALP,gasoline_95,Gasolina simples 95,Outro,2.011,Vila Franca de Xira,Lisboa,Variante EM 501,Vialonga - Quinta de Troia,2600-000,38.87462,-9.07248,galp vialonga,galp,variante em 501,"2,011 €",2026-05-15_dgeg_postos_raw.csv,beb29aedc1acc15c
2026-05-15,2026-05-15 14:31:32,2026-05-15 09:15:00,5852205b6da2084f,5852205b6da2084f_diesel_regular,Cooperativa Agrícola de Montemor-o-Velho CRL,GALP,diesel_regular,Gasóleo simples,Outro,1.895,Montemor-o-Velho,Coimbra,"R. São Sebastião, 63",Montemor-o-Velho,3140-217,40.17213,-8.67857,cooperativa agrícola de montemor-o-velho crl,galp,"r. são sebastião, 63","1,895 €",2026-05-15_dgeg_postos_raw.csv,1bcbb416fcdfa100
2026-05-15,2026-05-15 14:31:32,2026-05-15 09:15:00,5852205b6da2084f,5852205b6da2084f_gasoline_95,Cooperativa Agrícola de Montemor-o-Velho CRL,GALP,gasoline_95,Gasolina simples 95,Outro,1.885,Montemor-o-Velho,Coimbra,"R. São Sebastião, 63",Montemor-o-Velho,3140-217,40.17213,-8.67857,cooperativa agrícola de montemor-o-velho crl,galp,"r. são sebastião, 63","1,885 €",2026-05-15_dgeg_postos_raw.csv,964458c816443773
2026-05-15,2026-05-15 14:31:32,2026-05-15 09:15:00,89a0dce6799bb7c4,89a0dce6799bb7c4_diesel_regular,Posto de Combustíveis Fortis,GALP,diesel_regular,Gasóleo simples,Outro,2.109,Vila Nova de Gaia,Porto,Lg António Pereira Tamanco nº 140,Valadares,4405-536,41.0951,-8.63682,posto de combustíveis fortis,galp,lg antónio pereira tamanco nº 140,"2,109 €",2026-05-15_dgeg_postos_raw.csv,321cd1ffcce53db5
2026-05-15,2026-05-15 14:31:32,2026-05-15 09:15:00,89a0dce6799bb7c4,89a0dce6799bb7c4_diesel_premium,Posto de Combustíveis Fortis,GALP,diesel_premium,Gasóleo especial,Outro,2.059,Vila Nova de Gaia,Porto,Lg António Pereira Tamanco nº 140,Valadares,4405-536,41.0951,-8.63682,posto de combustíveis fortis,galp,lg antónio pereira tamanco nº 140,"2,059 €",2026-05-15_dgeg_postos_raw.csv,6861b65d13bdf601
2026-05-15,2026-05-15 14:31:32,2026-05-15 09:15:00,89a0dce6799bb7c4,89a0dce6799bb7c4_gasoline_95,Posto de Combustíveis Fortis,GALP,gasoline_95,Gasolina simples 95,Outro,2.056,Vila Nova de Gaia,Porto,Lg António Pereira Tamanco nº 140,Valadares,4405-536,41.0951,-8.63682,posto de combustíveis fortis,galp,lg antónio pereira tamanco nº 140,"2,056 €",2026-05-15_dgeg_postos_raw.csv,3a63daf57a331e3c
2026-05-15,2026-05-15 14:31:32,2026-05-15 09:15:00,4e1d84df59993be2,4e1d84df59993be2_diesel_premium,PA OZ Alcáçovas,OZ Energia,diesel_premium,Gasóleo especial,Outro,2.089,Viana do Alentejo,Évora,"Rua da Esperança, junto ao Jardim publico",Alcáçovas,7090-014,38.39222,-8.15629,pa oz alcáçovas,oz energia,"rua da esperança, junto ao jardim publico","2,089 €",2026-05-15_dgeg_postos_raw.csv,b13024f2fc982c4e
2026-05-15,2026-05-15 14:31:32,2026-05-15 09:15:00,4e1d84df59993be2,4e1d84df59993be2_diesel_regular,PA OZ Alcáçovas,OZ Energia,diesel_regular,Gasóleo simples,Outro,2.084,Viana do Alentejo,Évora,"Rua da Esperança, junto ao Jardim publico",Alcáçovas,7090-014,38.39222,-8.15629,pa oz alcáçovas,oz energia,"rua da esperança, junto ao jardim publico","2,084 €",2026-05-15_dgeg_postos_raw.csv,ea766a5eda6b4480
2026-05-15,2026-05-15 14:31:32,2026-05-15 09:15:00,4e1d84df59993be2,4e1d84df59993be2_gasoline_95,PA OZ Alcáçovas,OZ Energia,gasoline_95,Gasolina simples 95,Outro,2.078,Viana do Alentejo,Évora,"Rua da Esperança, junto ao Jardim publico",Alcáçovas,7090-014,38.39222,-8.15629,pa oz alcáçovas,oz energia,"rua da esperança, junto ao jardim publico","2,078 €",2026-05-15_dgeg_postos_raw.csv,c9c291da06c0794d
2026-05-15,2026-05-15 14:31:32,2026-05-15 09:15:00,47e842f83faedade,47e842f83faedade_diesel_regular,Intermarché da Trofa,INTERMARCHÉ,diesel_regular,Gasóleo simples,Outro,1.869,Trofa,Porto,Travessa das industrias,Trofa,4785-344,41.329826,-8.563532,intermarché da trofa,intermarché,travessa das industrias,"1,869 €",2026-05-15_dgeg_postos_raw.csv,d6e644575c50375d
2026-05-15,2026-05-15 14:31:32,2026-05-15 09:15:00,47e842f83faedade,47e842f83faedade_diesel_premium,Intermarché da Trofa,INTERMARCHÉ,diesel_premium,Gasóleo especial,Outro,1.919,Trofa,Porto,Travessa das industrias,Trofa,4785-344,41.329826,-8.563532,intermarché da trofa,intermarché,travessa das industrias,"1,919 €",2026-05-15_dgeg_postos_raw.csv,75abf4ec3e4df3a4
2026-05-15,2026-05-15 14:31:32,2026-05-15 09:15:00,47e842f83faedade,47e842f83faedade_gasoline_95,Intermarché da Trofa,INTERMARCHÉ,gasoline_95,Gasolina simples 95,Outro,1.869,Trofa,Porto,Travessa das industrias,Trofa,4785-344,41.329826,-8.563532,intermarché da trofa,intermarché,travessa das industrias,"1,869 €",2026-05-15_dgeg_postos_raw.csv,d1bcf4126163ed01
2026-05-15,2026-05-15 14:31:32,2026-05-15 09:20:00,fb9ed92752696f23,fb9ed92752696f23_diesel_regular,"OLIVEIRA & VIEIRA, LDA.",GALP,diesel_regular,Gasóleo simples,Outro,2.035,Salvaterra de Magos,Santarém,EN 118 nº4,Muge,2125-317,39.10362,-8.7117,"oliveira & vieira, lda.",galp,en 118 nº4,"2,035 €",2026-05-15_dgeg_postos_raw.csv,fde4ae8d5bbc1341
2026-05-15,2026-05-15 14:31:32,2026-05-15 09:20:00,fb9ed92752696f23,fb9ed92752696f23_diesel_premium,"OLIVEIRA & VIEIRA, LDA.",GALP,diesel_premium,Gasóleo especial,Outro,2.085,Salvaterra de Magos,Santarém,EN 118 nº4,Muge,2125-317,39.10362,-8.7117,"oliveira & vieira, lda.",galp,en 118 nº4,"2,085 €",2026-05-15_dgeg_postos_raw.csv,fbde9682d2ce90a8
2026-05-15,2026-05-15 14:31:32,2026-05-15 09:20:00,fb9ed92752696f23,fb9ed92752696f23_gasoline_95,"OLIVEIRA & VIEIRA, LDA.",GALP,gasoline_95,Gasolina simples 95,Outro,2.031,Salvaterra de Magos,Santarém,EN 118 nº4,Muge,2125-317,39.10362,-8.7117,"oliveira & vieira, lda.",galp,en 118 nº4,"2,031 €",2026-05-15_dgeg_postos_raw.csv,c3a881044152d660
2026-05-15,2026-05-15 14:31:32,2026-05-15 09:20:00,8fd9beb1f0141366,8fd9beb1f0141366_diesel_regular,REPSOL Armamar,REPSOL,diesel_regular,Gasóleo simples,Outro,2.029,Armamar,Viseu,LUGAR BICA DO HOSPITAL,Armamar,5110-152,41.097977,-7.685744,repsol armamar,repsol,lugar bica do hospital,"2,029 €",2026-05-15_dgeg_postos_raw.csv,f063710efc0a54ab
2026-05-15,2026-05-15 14:31:32,2026-05-15 09:20:00,8fd9beb1f0141366,8fd9beb1f0141366_diesel_premium,REPSOL Armamar,REPSOL,diesel_premium,Gasóleo especial,Outro,2.089,Armamar,Viseu,LUGAR BICA DO HOSPITAL,Armamar,5110-152,41.097977,-7.685744,repsol armamar,repsol,lugar bica do hospital,"2,089 €",2026-05-15_dgeg_postos_raw.csv,d5e148710f029e8b
2026-05-15,2026-05-15 14:31:32,2026-05-15 09:20:00,8fd9beb1f0141366,8fd9beb1f0141366_gasoline_95,REPSOL Armamar,REPSOL,gasoline_95,Gasolina simples 95,Outro,2.027,Armamar,Viseu,LUGAR BICA DO HOSPITAL,Armamar,5110-152,41.097977,-7.685744,repsol armamar,repsol,lugar bica do hospital,"2,027 €",2026-05-15_dgeg_postos_raw.csv,dab30b74ea39a4fb
2026-05-15,2026-05-15 14:31:32,2026-05-15 09:20:00,8fd9beb1f0141366,8fd9beb1f0141366_gasoline_98,REPSOL Armamar,REPSOL,gasoline_98,Gasolina especial 98,Outro,2.217,Armamar,Viseu,LUGAR BICA DO HOSPITAL,Armamar,5110-152,41.097977,-7.685744,repsol armamar,repsol,lugar bica do hospital,"2,217 €",2026-05-15_dgeg_postos_raw.csv,95dd44cb46131074
2026-05-15,2026-05-15 14:31:32,2026-05-15 09:20:00,3574989012c8873c,3574989012c8873c_diesel_regular,E.S. PORTIMAO-DIQUE,REPSOL,diesel_regular,Gasóleo simples,Outro,2.034,Portimão,Faro,Av. Um e Dois da Zona do Dique,Portimão,8500-000,37.13555,-8.53549,e.s. portimao-dique,repsol,av. um e dois da zona do dique,"2,034 €",2026-05-15_dgeg_postos_raw.csv,654288a5c53189ad
2026-05-15,2026-05-15 14:31:32,2026-05-15 09:20:00,3574989012c8873c,3574989012c8873c_diesel_premium,E.S. PORTIMAO-DIQUE,REPSOL,diesel_premium,Gasóleo especial,Outro,2.104,Portimão,Faro,Av. Um e Dois da Zona do Dique,Portimão,8500-000,37.13555,-8.53549,e.s. portimao-dique,repsol,av. um e dois da zona do dique,"2,104 €",2026-05-15_dgeg_postos_raw.csv,3a898c73f2a73947
2026-05-15,2026-05-15 14:31:32,2026-05-15 09:20:00,3574989012c8873c,3574989012c8873c_gasoline_95,E.S. PORTIMAO-DIQUE,REPSOL,gasoline_95,Gasolina simples 95,Outro,2.032,Portimão,Faro,Av. Um e Dois da Zona do Dique,Portimão,8500-000,37.13555,-8.53549,e.s. portimao-dique,repsol,av. um e dois da zona do dique,"2,032 €",2026-05-15_dgeg_postos_raw.csv,73820e05cc20b764
2026-05-15,2026-05-15 14:31:32,2026-05-15 09:20:00,f98dd89e953de30f,f98dd89e953de30f_diesel_regular,E.S. LAGOS II,REPSOL,diesel_regular,Gasóleo simples,Outro,2.039,Lagos,Faro,Av. dos Descobrimentos,Lagos,8600-000,37.105,-8.67349,e.s. lagos ii,repsol,av. dos descobrimentos,"2,039 €",2026-05-15_dgeg_postos_raw.csv,88fb107c668f0954
2026-05-15,2026-05-15 14:31:32,2026-05-15 09:20:00,f98dd89e953de30f,f98dd89e953de30f_diesel_premium,E.S. LAGOS II,REPSOL,diesel_premium,Gasóleo especial,Outro,2.089,Lagos,Faro,Av. dos Descobrimentos,Lagos,8600-000,37.105,-8.67349,e.s. lagos ii,repsol,av. dos descobrimentos,"2,089 €",2026-05-15_dgeg_postos_raw.csv,31447070873857e7
2026-05-15,2026-05-15 14:31:32,2026-05-15 09:20:00,f98dd89e953de30f,f98dd89e953de30f_gasoline_95,E.S. LAGOS II,REPSOL,gasoline_95,Gasolina simples 95,Outro,2.044,Lagos,Faro,Av. dos Descobrimentos,Lagos,8600-000,37.105,-8.67349,e.s. lagos ii,repsol,av. dos descobrimentos,"2,044 €",2026-05-15_dgeg_postos_raw.csv,d2723f4dfc2f64fb
2026-05-15,2026-05-15 14:31:32,2026-05-15 09:20:00,cfe934bcb573c103,cfe934bcb573c103_diesel_regular,PB GALP VALE GRACIOSO,GALP,diesel_regular,Gasóleo simples,Outro,2.079,Leiria,Leiria,"EN 1 Km 117,1",Azóia,2400-827,39.699924,-8.828961,pb galp vale gracioso,galp,"en 1 km 117,1","2,079 €",2026-05-15_dgeg_postos_raw.csv,2dfb532db108a2e6
2026-05-15,2026-05-15 14:31:32,2026-05-15 09:20:00,cfe934bcb573c103,cfe934bcb573c103_diesel_premium,PB GALP VALE GRACIOSO,GALP,diesel_premium,Gasóleo especial,Outro,2.139,Leiria,Leiria,"EN 1 Km 117,1",Azóia,2400-827,39.699924,-8.828961,pb galp vale gracioso,galp,"en 1 km 117,1","2,139 €",2026-05-15_dgeg_postos_raw.csv,565a6c71a006f2b8
2026-05-15,2026-05-15 14:31:32,2026-05-15 09:20:00,cfe934bcb573c103,cfe934bcb573c103_gasoline_95,PB GALP VALE GRACIOSO,GALP,gasoline_95,Gasolina simples 95,Outro,2.072,Leiria,Leiria,"EN 1 Km 117,1",Azóia,2400-827,39.699924,-8.828961,pb galp vale gracioso,galp,"en 1 km 117,1","2,072 €",2026-05-15_dgeg_postos_raw.csv,73617af63de77d6f
2026-05-15,2026-05-15 14:31:32,2026-05-15 09:25:00,fbf486825022958c,fbf486825022958c_diesel_regular,"JOSÉ MONTEIRO DE SOUSA, LDA. (2)",GALP,diesel_regular,Gasóleo simples,Outro,2.079,Leiria,Leiria,"EN 1 Km 117,1",Azóia,2400-827,39.6999,-8.82857,"josé monteiro de sousa, lda. (2)",galp,"en 1 km 117,1","2,079 €",2026-05-15_dgeg_postos_raw.csv,e61f08c74455916d
2026-05-15,2026-05-15 14:31:32,2026-05-15 09:25:00,fbf486825022958c,fbf486825022958c_diesel_premium,"JOSÉ MONTEIRO DE SOUSA, LDA. (2)",GALP,diesel_premium,Gasóleo especial,Outro,2.139,Leiria,Leiria,"EN 1 Km 117,1",Azóia,2400-827,39.6999,-8.82857,"josé monteiro de sousa, lda. (2)",galp,"en 1 km 117,1","2,139 €",2026-05-15_dgeg_postos_raw.csv,30f9ff8e431403f8
2026-05-15,2026-05-15 14:31:32,2026-05-15 09:25:00,fbf486825022958c,fbf486825022958c_gasoline_95,"JOSÉ MONTEIRO DE SOUSA, LDA. (2)",GALP,gasoline_95,Gasolina simples 95,Outro,2.072,Leiria,Leiria,"EN 1 Km 117,1",Azóia,2400-827,39.6999,-8.82857,"josé monteiro de sousa, lda. (2)",galp,"en 1 km 117,1","2,072 €",2026-05-15_dgeg_postos_raw.csv,d1a45cfda50f1179
2026-05-15,2026-05-15 14:31:32,2026-05-15 09:25:00,d9af0687fcacce17,d9af0687fcacce17_diesel_regular,"Bombas Light, Comércio de Combustíveis, lda",GALP,diesel_regular,Gasóleo simples,Outro,2.019,Castanheira de Pêra,Leiria,Praça Visconde,Castanheira de Pêra,3280-017,40.00612,-8.21153,"bombas light, comércio de combustíveis, lda",galp,praça visconde,"2,019 €",2026-05-15_dgeg_postos_raw.csv,dc9e95c8402a2078
2026-05-15,2026-05-15 14:31:32,2026-05-15 09:25:00,d9af0687fcacce17,d9af0687fcacce17_diesel_premium,"Bombas Light, Comércio de Combustíveis, lda",GALP,diesel_premium,Gasóleo especial,Outro,2.069,Castanheira de Pêra,Leiria,Praça Visconde,Castanheira de Pêra,3280-017,40.00612,-8.21153,"bombas light, comércio de combustíveis, lda",galp,praça visconde,"2,069 €",2026-05-15_dgeg_postos_raw.csv,1b3242eba9ddacd1
2026-05-15,2026-05-15 14:31:32,2026-05-15 09:25:00,d9af0687fcacce17,d9af0687fcacce17_gasoline_95,"Bombas Light, Comércio de Combustíveis, lda",GALP,gasoline_95,Gasolina simples 95,Outro,2.015,Castanheira de Pêra,Leiria,Praça Visconde,Castanheira de Pêra,3280-017,40.00612,-8.21153,"bombas light, comércio de combustíveis, lda",galp,praça visconde,"2,015 €",2026-05-15_dgeg_postos_raw.csv,43aa25f42b45338d
2026-05-15,2026-05-15 14:31:32,2026-05-15 09:25:00,2ac3d32f1cc92e25,2ac3d32f1cc92e25_diesel_regular,E.S. SAGRES,REPSOL,diesel_regular,Gasóleo simples,Outro,2.059,Vila do Bispo,Faro,"EN 268 Km 36,65Sítio do Tonel",Sagres,8650-355,37.00872,-8.94419,e.s. sagres,repsol,"en 268 km 36,65sítio do tonel","2,059 €",2026-05-15_dgeg_postos_raw.csv,bf376ab7f4d5b101
2026-05-15,2026-05-15 14:31:32,2026-05-15 09:25:00,2ac3d32f1cc92e25,2ac3d32f1cc92e25_diesel_premium,E.S. SAGRES,REPSOL,diesel_premium,Gasóleo especial,Outro,2.119,Vila do Bispo,Faro,"EN 268 Km 36,65Sítio do Tonel",Sagres,8650-355,37.00872,-8.94419,e.s. sagres,repsol,"en 268 km 36,65sítio do tonel","2,119 €",2026-05-15_dgeg_postos_raw.csv,65ed06dcd12d7a1d
2026-05-15,2026-05-15 14:31:32,2026-05-15 09:25:00,2ac3d32f1cc92e25,2ac3d32f1cc92e25_gasoline_95,E.S. SAGRES,REPSOL,gasoline_95,Gasolina simples 95,Outro,2.009,Vila do Bispo,Faro,"EN 268 Km 36,65Sítio do Tonel",Sagres,8650-355,37.00872,-8.94419,e.s. sagres,repsol,"en 268 km 36,65sítio do tonel","2,009 €",2026-05-15_dgeg_postos_raw.csv,19dd18c9e07f9fce
2026-05-15,2026-05-15 14:31:32,2026-05-15 09:25:00,ece960f11934383c,ece960f11934383c_diesel_regular,ES-PAÇOS DE FERREIRA CENTRO,REPSOL,diesel_regular,Gasóleo simples,Outro,2.029,Paços de Ferreira,Porto,Av. Dr. Nicolau Carneiro nº 125-Paços de Ferreira,Paços de Ferreira,4590-513,41.2788,-8.37931,es-paços de ferreira centro,repsol,av. dr. nicolau carneiro nº 125-paços de ferreira,"2,029 €",2026-05-15_dgeg_postos_raw.csv,0a89b09e71bef6c5
2026-05-15,2026-05-15 14:31:32,2026-05-15 09:25:00,ece960f11934383c,ece960f11934383c_diesel_premium,ES-PAÇOS DE FERREIRA CENTRO,REPSOL,diesel_premium,Gasóleo especial,Outro,2.089,Paços de Ferreira,Porto,Av. Dr. Nicolau Carneiro nº 125-Paços de Ferreira,Paços de Ferreira,4590-513,41.2788,-8.37931,es-paços de ferreira centro,repsol,av. dr. nicolau carneiro nº 125-paços de ferreira,"2,089 €",2026-05-15_dgeg_postos_raw.csv,87179176bc23f160
2026-05-15,2026-05-15 14:31:32,2026-05-15 09:25:00,ece960f11934383c,ece960f11934383c_gasoline_95,ES-PAÇOS DE FERREIRA CENTRO,REPSOL,gasoline_95,Gasolina simples 95,Outro,2.027,Paços de Ferreira,Porto,Av. Dr. Nicolau Carneiro nº 125-Paços de Ferreira,Paços de Ferreira,4590-513,41.2788,-8.37931,es-paços de ferreira centro,repsol,av. dr. nicolau carneiro nº 125-paços de ferreira,"2,027 €",2026-05-15_dgeg_postos_raw.csv,b1fce6e211127864
2026-05-15,2026-05-15 14:31:32,2026-05-15 09:25:00,ece960f11934383c,ece960f11934383c_gasoline_98,ES-PAÇOS DE FERREIRA CENTRO,REPSOL,gasoline_98,Gasolina especial 98,Outro,2.217,Paços de Ferreira,Porto,Av. Dr. Nicolau Carneiro nº 125-Paços de Ferreira,Paços de Ferreira,4590-513,41.2788,-8.37931,es-paços de ferreira centro,repsol,av. dr. nicolau carneiro nº 125-paços de ferreira,"2,217 €",2026-05-15_dgeg_postos_raw.csv,a1464352ea4e8d17
2026-05-15,2026-05-15 14:31:32,2026-05-15 09:25:00,6c34515a4f32fab8,6c34515a4f32fab8_diesel_regular,E.S. PORTIMAO-VIA V6,REPSOL,diesel_regular,Gasóleo simples,Outro,2.034,Portimão,Faro,V6,S. Sebastiao,8500-000,37.13755,-8.54631,e.s. portimao-via v6,repsol,v6,"2,034 €",2026-05-15_dgeg_postos_raw.csv,a5ea8b0a5f956c92
2026-05-15,2026-05-15 14:31:32,2026-05-15 09:25:00,6c34515a4f32fab8,6c34515a4f32fab8_diesel_premium,E.S. PORTIMAO-VIA V6,REPSOL,diesel_premium,Gasóleo especial,Outro,2.104,Portimão,Faro,V6,S. Sebastiao,8500-000,37.13755,-8.54631,e.s. portimao-via v6,repsol,v6,"2,104 €",2026-05-15_dgeg_postos_raw.csv,70b6ce0ba52f2d2e
2026-05-15,2026-05-15 14:31:32,2026-05-15 09:25:00,6c34515a4f32fab8,6c34515a4f32fab8_gasoline_95,E.S. PORTIMAO-VIA V6,REPSOL,gasoline_95,Gasolina simples 95,Outro,2.032,Portimão,Faro,V6,S. Sebastiao,8500-000,37.13755,-8.54631,e.s. portimao-via v6,repsol,v6,"2,032 €",2026-05-15_dgeg_postos_raw.csv,7dfd5e1b2d8df17b
2026-05-15,2026-05-15 14:31:32,2026-05-15 09:25:00,43310a062570c214,43310a062570c214_diesel_regular,E.S. VALONGO,REPSOL,diesel_regular,Gasóleo simples,Outro,2.019,Valongo,Porto,Rua Fonsecas Dias nº 291,Valongo,4440-000,41.1857638888889,-8.48685555555556,e.s. valongo,repsol,rua fonsecas dias nº 291,"2,019 €",2026-05-15_dgeg_postos_raw.csv,6f39282d093af397
2026-05-15,2026-05-15 14:31:32,2026-05-15 09:25:00,43310a062570c214,43310a062570c214_diesel_premium,E.S. VALONGO,REPSOL,diesel_premium,Gasóleo especial,Outro,2.079,Valongo,Porto,Rua Fonsecas Dias nº 291,Valongo,4440-000,41.1857638888889,-8.48685555555556,e.s. valongo,repsol,rua fonsecas dias nº 291,"2,079 €",2026-05-15_dgeg_postos_raw.csv,edd5245e71ec92d0
2026-05-15,2026-05-15 14:31:32,2026-05-15 09:25:00,43310a062570c214,43310a062570c214_gasoline_95,E.S. VALONGO,REPSOL,gasoline_95,Gasolina simples 95,Outro,2.017,Valongo,Porto,Rua Fonsecas Dias nº 291,Valongo,4440-000,41.1857638888889,-8.48685555555556,e.s. valongo,repsol,rua fonsecas dias nº 291,"2,017 €",2026-05-15_dgeg_postos_raw.csv,83fc7ad70b9810e2
2026-05-15,2026-05-15 14:31:32,2026-05-15 09:25:00,43310a062570c214,43310a062570c214_gasoline_98,E.S. VALONGO,REPSOL,gasoline_98,Gasolina especial 98,Outro,2.197,Valongo,Porto,Rua Fonsecas Dias nº 291,Valongo,4440-000,41.1857638888889,-8.48685555555556,e.s. valongo,repsol,rua fonsecas dias nº 291,"2,197 €",2026-05-15_dgeg_postos_raw.csv,f94e6adde4b33b5e
2026-05-15,2026-05-15 14:31:32,2026-05-15 09:25:00,3d5a505473fdb5fc,3d5a505473fdb5fc_diesel_regular,E.S. SAGRES II,REPSOL,diesel_regular,Gasóleo simples,Outro,2.059,Vila do Bispo,Faro,"EN 268 Km 36,100",Sagres,8650-355,37.01334,-8.94237,e.s. sagres ii,repsol,"en 268 km 36,100","2,059 €",2026-05-15_dgeg_postos_raw.csv,7063a30efd824f01
2026-05-15,2026-05-15 14:31:32,2026-05-15 09:25:00,3d5a505473fdb5fc,3d5a505473fdb5fc_diesel_premium,E.S. SAGRES II,REPSOL,diesel_premium,Gasóleo especial,Outro,2.119,Vila do Bispo,Faro,"EN 268 Km 36,100",Sagres,8650-355,37.01334,-8.94237,e.s. sagres ii,repsol,"en 268 km 36,100","2,119 €",2026-05-15_dgeg_postos_raw.csv,6aaecb9392ad7000
2026-05-15,2026-05-15 14:31:32,2026-05-15 09:25:00,3d5a505473fdb5fc,3d5a505473fdb5fc_gasoline_95,E.S. SAGRES II,REPSOL,gasoline_95,Gasolina simples 95,Outro,2.009,Vila do Bispo,Faro,"EN 268 Km 36,100",Sagres,8650-355,37.01334,-8.94237,e.s. sagres ii,repsol,"en 268 km 36,100","2,009 €",2026-05-15_dgeg_postos_raw.csv,7342654ba52784f9
2026-05-15,2026-05-15 14:31:32,2026-05-15 09:25:00,30f8770eb4b2fece,30f8770eb4b2fece_diesel_regular,E.S. VILA NOVA DE CACELA,REPSOL,diesel_regular,Gasóleo simples,Outro,2.039,Vila Real de Santo António,Faro,Rua José Colaço Fernandes,Vila Nova de Cacela-Coutada,8900-054,37.17642,-7.53419,e.s. vila nova de cacela,repsol,rua josé colaço fernandes,"2,039 €",2026-05-15_dgeg_postos_raw.csv,2d385914718d95ce
2026-05-15,2026-05-15 14:31:32,2026-05-15 09:25:00,30f8770eb4b2fece,30f8770eb4b2fece_diesel_premium,E.S. VILA NOVA DE CACELA,REPSOL,diesel_premium,Gasóleo especial,Outro,2.099,Vila Real de Santo António,Faro,Rua José Colaço Fernandes,Vila Nova de Cacela-Coutada,8900-054,37.17642,-7.53419,e.s. vila nova de cacela,repsol,rua josé colaço fernandes,"2,099 €",2026-05-15_dgeg_postos_raw.csv,4bf2fb997c6832b9
2026-05-15,2026-05-15 14:31:32,2026-05-15 09:25:00,30f8770eb4b2fece,30f8770eb4b2fece_gasoline_95,E.S. VILA NOVA DE CACELA,REPSOL,gasoline_95,Gasolina simples 95,Outro,2.054,Vila Real de Santo António,Faro,Rua José Colaço Fernandes,Vila Nova de Cacela-Coutada,8900-054,37.17642,-7.53419,e.s. vila nova de cacela,repsol,rua josé colaço fernandes,"2,054 €",2026-05-15_dgeg_postos_raw.csv,9c249446f48a2b73
2026-05-15,2026-05-15 14:31:32,2026-05-15 09:30:00,57722b4d1819cd87,57722b4d1819cd87_diesel_regular,E.S. MARCO DE CANAVEZES,REPSOL,diesel_regular,Gasóleo simples,Outro,2.049,Marco de Canaveses,Porto,"Av. Bombeiros Voluntários do Marco de Canavezes, 1002",Marco de Canavezes,4630-070,41.186696,-8.155601,e.s. marco de canavezes,repsol,"av. bombeiros voluntários do marco de canavezes, 1002","2,049 €",2026-05-15_dgeg_postos_raw.csv,4c18a383b7cb69a6
2026-05-15,2026-05-15 14:31:32,2026-05-15 09:30:00,57722b4d1819cd87,57722b4d1819cd87_diesel_premium,E.S. MARCO DE CANAVEZES,REPSOL,diesel_premium,Gasóleo especial,Outro,2.119,Marco de Canaveses,Porto,"Av. Bombeiros Voluntários do Marco de Canavezes, 1002",Marco de Canavezes,4630-070,41.186696,-8.155601,e.s. marco de canavezes,repsol,"av. bombeiros voluntários do marco de canavezes, 1002","2,119 €",2026-05-15_dgeg_postos_raw.csv,f9778b7f222243ae
2026-05-15,2026-05-15 14:31:32,2026-05-15 09:30:00,57722b4d1819cd87,57722b4d1819cd87_gasoline_95,E.S. MARCO DE CANAVEZES,REPSOL,gasoline_95,Gasolina simples 95,Outro,2.047,Marco de Canaveses,Porto,"Av. Bombeiros Voluntários do Marco de Canavezes, 1002",Marco de Canavezes,4630-070,41.186696,-8.155601,e.s. marco de canavezes,repsol,"av. bombeiros voluntários do marco de canavezes, 1002","2,047 €",2026-05-15_dgeg_postos_raw.csv,6834c96b143d685d
2026-05-15,2026-05-15 14:31:32,2026-05-15 09:30:00,b128ca4c802f0187,b128ca4c802f0187_diesel_regular,E.S. PAÇOS DE FERREIRA II,REPSOL,diesel_regular,Gasóleo simples,Outro,2.029,Paços de Ferreira,Porto,"Rua Recta de Gomil, 152",Frazão,4595-144,41.2611,-8.39889,e.s. paços de ferreira ii,repsol,"rua recta de gomil, 152","2,029 €",2026-05-15_dgeg_postos_raw.csv,c108dee11301bfb3
2026-05-15,2026-05-15 14:31:32,2026-05-15 09:30:00,b128ca4c802f0187,b128ca4c802f0187_diesel_premium,E.S. PAÇOS DE FERREIRA II,REPSOL,diesel_premium,Gasóleo especial,Outro,2.089,Paços de Ferreira,Porto,"Rua Recta de Gomil, 152",Frazão,4595-144,41.2611,-8.39889,e.s. paços de ferreira ii,repsol,"rua recta de gomil, 152","2,089 €",2026-05-15_dgeg_postos_raw.csv,a14bba0bc931ea6d
2026-05-15,2026-05-15 14:31:32,2026-05-15 09:30:00,b128ca4c802f0187,b128ca4c802f0187_gasoline_95,E.S. PAÇOS DE FERREIRA II,REPSOL,gasoline_95,Gasolina simples 95,Outro,2.027,Paços de Ferreira,Porto,"Rua Recta de Gomil, 152",Frazão,4595-144,41.2611,-8.39889,e.s. paços de ferreira ii,repsol,"rua recta de gomil, 152","2,027 €",2026-05-15_dgeg_postos_raw.csv,fdd084f142c7f4f2
2026-05-15,2026-05-15 14:31:32,2026-05-15 09:30:00,13b01b956eca41b1,13b01b956eca41b1_diesel_regular,E.S. CASTELO DE PAIVA,REPSOL,diesel_regular,Gasóleo simples,Outro,2.029,Cinfães,Viseu,Santa Eulália - Souselo,Cinfães,4690-666,41.0696,-8.232653,e.s. castelo de paiva,repsol,santa eulália - souselo,"2,029 €",2026-05-15_dgeg_postos_raw.csv,d57d490651367016
2026-05-15,2026-05-15 14:31:32,2026-05-15 09:30:00,13b01b956eca41b1,13b01b956eca41b1_diesel_premium,E.S. CASTELO DE PAIVA,REPSOL,diesel_premium,Gasóleo especial,Outro,2.089,Cinfães,Viseu,Santa Eulália - Souselo,Cinfães,4690-666,41.0696,-8.232653,e.s. castelo de paiva,repsol,santa eulália - souselo,"2,089 €",2026-05-15_dgeg_postos_raw.csv,0e003073c42eb5d0
2026-05-15,2026-05-15 14:31:32,2026-05-15 09:30:00,13b01b956eca41b1,13b01b956eca41b1_gasoline_95,E.S. CASTELO DE PAIVA,REPSOL,gasoline_95,Gasolina simples 95,Outro,2.027,Cinfães,Viseu,Santa Eulália - Souselo,Cinfães,4690-666,41.0696,-8.232653,e.s. castelo de paiva,repsol,santa eulália - souselo,"2,027 €",2026-05-15_dgeg_postos_raw.csv,7a8dedaafc74e35c
2026-05-15,2026-05-15 14:31:32,2026-05-15 09:30:00,13b01b956eca41b1,13b01b956eca41b1_gasoline_98,E.S. CASTELO DE PAIVA,REPSOL,gasoline_98,Gasolina especial 98,Outro,2.217,Cinfães,Viseu,Santa Eulália - Souselo,Cinfães,4690-666,41.0696,-8.232653,e.s. castelo de paiva,repsol,santa eulália - souselo,"2,217 €",2026-05-15_dgeg_postos_raw.csv,7001c1d67719f7ee
2026-05-15,2026-05-15 14:31:32,2026-05-15 09:35:00,bd3eba4c9f673a3d,bd3eba4c9f673a3d_diesel_regular,"ANTONIO SOUSA MARQUES, LDA.",GALP,diesel_regular,Gasóleo simples,Outro,2.015,Vila Nova de Famalicão,Braga,"Av. da Portela , 29",Delães,4765-650,41.38311,-8.41266,"antonio sousa marques, lda.",galp,"av. da portela , 29","2,015 €",2026-05-15_dgeg_postos_raw.csv,dc3870d074bd856f
2026-05-15,2026-05-15 14:31:32,2026-05-15 09:35:00,bd3eba4c9f673a3d,bd3eba4c9f673a3d_diesel_premium,"ANTONIO SOUSA MARQUES, LDA.",GALP,diesel_premium,Gasóleo especial,Outro,2.065,Vila Nova de Famalicão,Braga,"Av. da Portela , 29",Delães,4765-650,41.38311,-8.41266,"antonio sousa marques, lda.",galp,"av. da portela , 29","2,065 €",2026-05-15_dgeg_postos_raw.csv,0e80eebef184de92
2026-05-15,2026-05-15 14:31:32,2026-05-15 09:35:00,bd3eba4c9f673a3d,bd3eba4c9f673a3d_gasoline_95,"ANTONIO SOUSA MARQUES, LDA.",GALP,gasoline_95,Gasolina simples 95,Outro,2.011,Vila Nova de Famalicão,Braga,"Av. da Portela , 29",Delães,4765-650,41.38311,-8.41266,"antonio sousa marques, lda.",galp,"av. da portela , 29","2,011 €",2026-05-15_dgeg_postos_raw.csv,fb87272e4693add5
2026-05-15,2026-05-15 14:31:32,2026-05-15 09:35:00,f48e8d6fc4ba44e2,f48e8d6fc4ba44e2_diesel_regular,"CALIPOENERGY, Lda.",GALP,diesel_regular,Gasóleo simples,Outro,2.055,Vila Viçosa,Évora,"EN 254 (Campo da Restauração) Km 0,65",Vila Viçosa,7160-212,38.776559,-7.422684,"calipoenergy, lda.",galp,"en 254 (campo da restauração) km 0,65","2,055 €",2026-05-15_dgeg_postos_raw.csv,d82055dcae119e06
2026-05-15,2026-05-15 14:31:32,2026-05-15 09:35:00,f48e8d6fc4ba44e2,f48e8d6fc4ba44e2_diesel_premium,"CALIPOENERGY, Lda.",GALP,diesel_premium,Gasóleo especial,Outro,2.105,Vila Viçosa,Évora,"EN 254 (Campo da Restauração) Km 0,65",Vila Viçosa,7160-212,38.776559,-7.422684,"calipoenergy, lda.",galp,"en 254 (campo da restauração) km 0,65","2,105 €",2026-05-15_dgeg_postos_raw.csv,ef7a3d52b9cf7065
2026-05-15,2026-05-15 14:31:32,2026-05-15 09:35:00,f48e8d6fc4ba44e2,f48e8d6fc4ba44e2_gasoline_95,"CALIPOENERGY, Lda.",GALP,gasoline_95,Gasolina simples 95,Outro,2.051,Vila Viçosa,Évora,"EN 254 (Campo da Restauração) Km 0,65",Vila Viçosa,7160-212,38.776559,-7.422684,"calipoenergy, lda.",galp,"en 254 (campo da restauração) km 0,65","2,051 €",2026-05-15_dgeg_postos_raw.csv,ea426068bc905a14
2026-05-15,2026-05-15 14:31:32,2026-05-15 09:35:00,f48e8d6fc4ba44e2,f48e8d6fc4ba44e2_gasoline_98,"CALIPOENERGY, Lda.",GALP,gasoline_98,Gasolina especial 98,Outro,2.261,Vila Viçosa,Évora,"EN 254 (Campo da Restauração) Km 0,65",Vila Viçosa,7160-212,38.776559,-7.422684,"calipoenergy, lda.",galp,"en 254 (campo da restauração) km 0,65","2,261 €",2026-05-15_dgeg_postos_raw.csv,60f9aef30ab1c880
2026-05-15,2026-05-15 14:31:32,2026-05-15 09:35:00,9a870cc1fb0baf33,9a870cc1fb0baf33_diesel_premium,BP Fernão Ferro Este,BP,diesel_premium,Gasóleo especial,Outro,2.229,Seixal,Setúbal,Estrada Nacional 378,Fernão Ferro,2840-263,38.59693,-9.105719,bp fernão ferro este,bp,estrada nacional 378,"2,229 €",2026-05-15_dgeg_postos_raw.csv,9fa85cd6a9a5314b
2026-05-15,2026-05-15 14:31:32,2026-05-15 09:35:00,9a870cc1fb0baf33,9a870cc1fb0baf33_diesel_regular,BP Fernão Ferro Este,BP,diesel_regular,Gasóleo simples,Outro,2.059,Seixal,Setúbal,Estrada Nacional 378,Fernão Ferro,2840-263,38.59693,-9.105719,bp fernão ferro este,bp,estrada nacional 378,"2,059 €",2026-05-15_dgeg_postos_raw.csv,0dbcc66afc37c9d0
2026-05-15,2026-05-15 14:31:32,2026-05-15 09:35:00,9a870cc1fb0baf33,9a870cc1fb0baf33_gasoline_98,BP Fernão Ferro Este,BP,gasoline_98,Gasolina especial 98,Outro,2.299,Seixal,Setúbal,Estrada Nacional 378,Fernão Ferro,2840-263,38.59693,-9.105719,bp fernão ferro este,bp,estrada nacional 378,"2,299 €",2026-05-15_dgeg_postos_raw.csv,7236b0896468b46f
2026-05-15,2026-05-15 14:31:32,2026-05-15 09:35:00,9a870cc1fb0baf33,9a870cc1fb0baf33_gasoline_95,BP Fernão Ferro Este,BP,gasoline_95,Gasolina simples 95,Outro,2.059,Seixal,Setúbal,Estrada Nacional 378,Fernão Ferro,2840-263,38.59693,-9.105719,bp fernão ferro este,bp,estrada nacional 378,"2,059 €",2026-05-15_dgeg_postos_raw.csv,15dfad85eeb95d46
2026-05-15,2026-05-15 14:31:32,2026-05-15 09:40:00,b88cd118bac8ef10,b88cd118bac8ef10_gasoline_95,Fernão Ferro Oeste,BP,gasoline_95,Gasolina simples 95,Outro,2.059,Seixal,Setúbal,"Estrada Nacional, 378 -  Arrentela",Fernão Ferro,2840-263,38.597262,-9.106058,fernão ferro oeste,bp,"estrada nacional, 378 - arrentela","2,059 €",2026-05-15_dgeg_postos_raw.csv,02bf0c828b6e768f
2026-05-15,2026-05-15 14:31:32,2026-05-15 09:40:00,b88cd118bac8ef10,b88cd118bac8ef10_diesel_regular,Fernão Ferro Oeste,BP,diesel_regular,Gasóleo simples,Outro,2.059,Seixal,Setúbal,"Estrada Nacional, 378 -  Arrentela",Fernão Ferro,2840-263,38.597262,-9.106058,fernão ferro oeste,bp,"estrada nacional, 378 - arrentela","2,059 €",2026-05-15_dgeg_postos_raw.csv,b7f515849f0a5e56
2026-05-15,2026-05-15 14:31:32,2026-05-15 09:40:00,b88cd118bac8ef10,b88cd118bac8ef10_diesel_premium,Fernão Ferro Oeste,BP,diesel_premium,Gasóleo especial,Outro,2.229,Seixal,Setúbal,"Estrada Nacional, 378 -  Arrentela",Fernão Ferro,2840-263,38.597262,-9.106058,fernão ferro oeste,bp,"estrada nacional, 378 - arrentela","2,229 €",2026-05-15_dgeg_postos_raw.csv,fdafb26b2781d43d
2026-05-15,2026-05-15 14:31:32,2026-05-15 09:40:00,b88cd118bac8ef10,b88cd118bac8ef10_gasoline_98,Fernão Ferro Oeste,BP,gasoline_98,Gasolina especial 98,Outro,2.299,Seixal,Setúbal,"Estrada Nacional, 378 -  Arrentela",Fernão Ferro,2840-263,38.597262,-9.106058,fernão ferro oeste,bp,"estrada nacional, 378 - arrentela","2,299 €",2026-05-15_dgeg_postos_raw.csv,ce307a5504eea741
2026-05-15,2026-05-15 14:31:32,2026-05-15 09:40:00,9e12d960ace170e8,9e12d960ace170e8_diesel_regular,GALP - Parada de Ester (CONVITE POSITIVO),GALP,diesel_regular,Gasóleo simples,Outro,2.059,Castro Daire,Viseu,Portas de Montemuro - Parada de Ester - Castro Daire,Parada de Ester,3600-508,40.96613,-8.007909,galp - parada de ester (convite positivo),galp,portas de montemuro - parada de ester - castro daire,"2,059 €",2026-05-15_dgeg_postos_raw.csv,87d20820feed5371
2026-05-15,2026-05-15 14:31:32,2026-05-15 09:40:00,9e12d960ace170e8,9e12d960ace170e8_diesel_premium,GALP - Parada de Ester (CONVITE POSITIVO),GALP,diesel_premium,Gasóleo especial,Outro,2.109,Castro Daire,Viseu,Portas de Montemuro - Parada de Ester - Castro Daire,Parada de Ester,3600-508,40.96613,-8.007909,galp - parada de ester (convite positivo),galp,portas de montemuro - parada de ester - castro daire,"2,109 €",2026-05-15_dgeg_postos_raw.csv,42108670345e6d99
2026-05-15,2026-05-15 14:31:32,2026-05-15 09:40:00,9e12d960ace170e8,9e12d960ace170e8_gasoline_95,GALP - Parada de Ester (CONVITE POSITIVO),GALP,gasoline_95,Gasolina simples 95,Outro,2.062,Castro Daire,Viseu,Portas de Montemuro - Parada de Ester - Castro Daire,Parada de Ester,3600-508,40.96613,-8.007909,galp - parada de ester (convite positivo),galp,portas de montemuro - parada de ester - castro daire,"2,062 €",2026-05-15_dgeg_postos_raw.csv,bc6c00dd28051130
2026-05-15,2026-05-15 14:31:32,2026-05-15 09:45:00,c46a1699ffe7ffb1,c46a1699ffe7ffb1_diesel_regular,Intermarché de Lagos,INTERMARCHÉ,diesel_regular,Gasóleo simples,Outro,1.828,Lagos,Faro,AMEIJEIRA VERDE- PEDRA ALÇADA,Lagos,8600-546,37.099957,-8.682131,intermarché de lagos,intermarché,ameijeira verde- pedra alçada,"1,828 €",2026-05-15_dgeg_postos_raw.csv,41a5ede23c7f95cd
2026-05-15,2026-05-15 14:31:32,2026-05-15 09:45:00,c46a1699ffe7ffb1,c46a1699ffe7ffb1_diesel_premium,Intermarché de Lagos,INTERMARCHÉ,diesel_premium,Gasóleo especial,Outro,1.858,Lagos,Faro,AMEIJEIRA VERDE- PEDRA ALÇADA,Lagos,8600-546,37.099957,-8.682131,intermarché de lagos,intermarché,ameijeira verde- pedra alçada,"1,858 €",2026-05-15_dgeg_postos_raw.csv,3304c8a1e1c591b4
2026-05-15,2026-05-15 14:31:32,2026-05-15 09:45:00,c46a1699ffe7ffb1,c46a1699ffe7ffb1_gasoline_95,Intermarché de Lagos,INTERMARCHÉ,gasoline_95,Gasolina simples 95,Outro,1.888,Lagos,Faro,AMEIJEIRA VERDE- PEDRA ALÇADA,Lagos,8600-546,37.099957,-8.682131,intermarché de lagos,intermarché,ameijeira verde- pedra alçada,"1,888 €",2026-05-15_dgeg_postos_raw.csv,0e7c122103208ae9
2026-05-15,2026-05-15 14:31:32,2026-05-15 09:45:00,d02e8f31d0e9b06d,d02e8f31d0e9b06d_diesel_regular,RIO ALTO EMPRESAS TURISTICOS LDA(1),GALP,diesel_regular,Gasóleo simples,Outro,2.039,Póvoa de Varzim,Porto,"EN 13 Km 33,8",Estela,4570-209,41.446028,-8.753913,rio alto empresas turisticos lda(1),galp,"en 13 km 33,8","2,039 €",2026-05-15_dgeg_postos_raw.csv,fefd00860888b5d1
2026-05-15,2026-05-15 14:31:32,2026-05-15 09:45:00,d02e8f31d0e9b06d,d02e8f31d0e9b06d_diesel_premium,RIO ALTO EMPRESAS TURISTICOS LDA(1),GALP,diesel_premium,Gasóleo especial,Outro,2.089,Póvoa de Varzim,Porto,"EN 13 Km 33,8",Estela,4570-209,41.446028,-8.753913,rio alto empresas turisticos lda(1),galp,"en 13 km 33,8","2,089 €",2026-05-15_dgeg_postos_raw.csv,bb498ba81bf177cd
2026-05-15,2026-05-15 14:31:32,2026-05-15 09:45:00,d02e8f31d0e9b06d,d02e8f31d0e9b06d_gasoline_95,RIO ALTO EMPRESAS TURISTICOS LDA(1),GALP,gasoline_95,Gasolina simples 95,Outro,2.037,Póvoa de Varzim,Porto,"EN 13 Km 33,8",Estela,4570-209,41.446028,-8.753913,rio alto empresas turisticos lda(1),galp,"en 13 km 33,8","2,037 €",2026-05-15_dgeg_postos_raw.csv,c407d5272cb0d33a
2026-05-15,2026-05-15 14:31:32,2026-05-15 09:55:00,b30a8121ce9de80a,b30a8121ce9de80a_diesel_regular,"Auto Bemguiados - Com. e Serviços Automóvel, Lda",GALP,diesel_regular,Gasóleo simples,Outro,2.015,Vila do Conde,Porto,Rua Alto da Pêga,Vila do Conde,4480-911,41.36322,-8.7468,"auto bemguiados - com. e serviços automóvel, lda",galp,rua alto da pêga,"2,015 €",2026-05-15_dgeg_postos_raw.csv,6da006ccf4690b2e
2026-05-15,2026-05-15 14:31:32,2026-05-15 09:55:00,b30a8121ce9de80a,b30a8121ce9de80a_diesel_premium,"Auto Bemguiados - Com. e Serviços Automóvel, Lda",GALP,diesel_premium,Gasóleo especial,Outro,2.065,Vila do Conde,Porto,Rua Alto da Pêga,Vila do Conde,4480-911,41.36322,-8.7468,"auto bemguiados - com. e serviços automóvel, lda",galp,rua alto da pêga,"2,065 €",2026-05-15_dgeg_postos_raw.csv,ab4eb2bf006a9365
2026-05-15,2026-05-15 14:31:32,2026-05-15 09:55:00,b30a8121ce9de80a,b30a8121ce9de80a_gasoline_95,"Auto Bemguiados - Com. e Serviços Automóvel, Lda",GALP,gasoline_95,Gasolina simples 95,Outro,2.011,Vila do Conde,Porto,Rua Alto da Pêga,Vila do Conde,4480-911,41.36322,-8.7468,"auto bemguiados - com. e serviços automóvel, lda",galp,rua alto da pêga,"2,011 €",2026-05-15_dgeg_postos_raw.csv,89bf16820e1f8d14
2026-05-15,2026-05-15 14:31:32,2026-05-15 09:55:00,b9d9ffc0ac31b269,b9d9ffc0ac31b269_diesel_regular,PA Parceiros de Igreja - TNV,Genérico,diesel_regular,Gasóleo simples,Outro,2.1,Torres Novas,Santarém,"Rua Nossa Senhora das Neves, S/N",Parceiros de Igreja,2350-213,39.45873,-8.609443,pa parceiros de igreja - tnv,genérico,"rua nossa senhora das neves, s/n","2,100 €",2026-05-15_dgeg_postos_raw.csv,ed1e2d988d4a7ca2
2026-05-15,2026-05-15 14:31:32,2026-05-15 09:55:00,b9d9ffc0ac31b269,b9d9ffc0ac31b269_gasoline_95,PA Parceiros de Igreja - TNV,Genérico,gasoline_95,Gasolina simples 95,Outro,2.062,Torres Novas,Santarém,"Rua Nossa Senhora das Neves, S/N",Parceiros de Igreja,2350-213,39.45873,-8.609443,pa parceiros de igreja - tnv,genérico,"rua nossa senhora das neves, s/n","2,062 €",2026-05-15_dgeg_postos_raw.csv,263fc676f8ba6bdc
2026-05-15,2026-05-15 14:31:32,2026-05-15 10:00:00,132dfc34106e9885,132dfc34106e9885_diesel_premium,"Freitas- A. Esteves, Lda_Tarouquela (Cinfães)",FREITAS,diesel_premium,Gasóleo especial,Outro,2.109,Cinfães,Viseu,Lugar do Negrão- Pinheiro Tarouquela,Pinheiro,4690-722,41.07877,-8.197262,"freitas- a. esteves, lda_tarouquela (cinfães)",freitas,lugar do negrão- pinheiro tarouquela,"2,109 €",2026-05-15_dgeg_postos_raw.csv,14cb7d5aee6b8932
2026-05-15,2026-05-15 14:31:32,2026-05-15 10:00:00,132dfc34106e9885,132dfc34106e9885_diesel_regular,"Freitas- A. Esteves, Lda_Tarouquela (Cinfães)",FREITAS,diesel_regular,Gasóleo simples,Outro,2.059,Cinfães,Viseu,Lugar do Negrão- Pinheiro Tarouquela,Pinheiro,4690-722,41.07877,-8.197262,"freitas- a. esteves, lda_tarouquela (cinfães)",freitas,lugar do negrão- pinheiro tarouquela,"2,059 €",2026-05-15_dgeg_postos_raw.csv,dd555635794fd102
2026-05-15,2026-05-15 14:31:32,2026-05-15 10:00:00,132dfc34106e9885,132dfc34106e9885_gasoline_95,"Freitas- A. Esteves, Lda_Tarouquela (Cinfães)",FREITAS,gasoline_95,Gasolina simples 95,Outro,2.059,Cinfães,Viseu,Lugar do Negrão- Pinheiro Tarouquela,Pinheiro,4690-722,41.07877,-8.197262,"freitas- a. esteves, lda_tarouquela (cinfães)",freitas,lugar do negrão- pinheiro tarouquela,"2,059 €",2026-05-15_dgeg_postos_raw.csv,0f22ebbbb9473ed9
2026-05-15,2026-05-15 14:31:32,2026-05-15 10:00:00,88d47b10d5347504,88d47b10d5347504_diesel_regular,SETE CASAS,BP,diesel_regular,Gasóleo simples,Outro,2.129,Loures,Lisboa,EN 374,Loures - Sete Casas,2670-000,38.848736,-9.180973,sete casas,bp,en 374,"2,129 €",2026-05-15_dgeg_postos_raw.csv,2cfbe9344b168008
2026-05-15,2026-05-15 14:31:32,2026-05-15 10:00:00,88d47b10d5347504,88d47b10d5347504_diesel_premium,SETE CASAS,BP,diesel_premium,Gasóleo especial,Outro,2.249,Loures,Lisboa,EN 374,Loures - Sete Casas,2670-000,38.848736,-9.180973,sete casas,bp,en 374,"2,249 €",2026-05-15_dgeg_postos_raw.csv,4f861aeedbde676d
2026-05-15,2026-05-15 14:31:32,2026-05-15 10:00:00,88d47b10d5347504,88d47b10d5347504_gasoline_95,SETE CASAS,BP,gasoline_95,Gasolina simples 95,Outro,2.119,Loures,Lisboa,EN 374,Loures - Sete Casas,2670-000,38.848736,-9.180973,sete casas,bp,en 374,"2,119 €",2026-05-15_dgeg_postos_raw.csv,e2888d0046a21c05
2026-05-15,2026-05-15 14:31:32,2026-05-15 10:00:00,88d47b10d5347504,88d47b10d5347504_gasoline_98,SETE CASAS,BP,gasoline_98,Gasolina especial 98,Outro,2.319,Loures,Lisboa,EN 374,Loures - Sete Casas,2670-000,38.848736,-9.180973,sete casas,bp,en 374,"2,319 €",2026-05-15_dgeg_postos_raw.csv,68a2da02c0564fc1
2026-05-15,2026-05-15 14:31:32,2026-05-15 10:00:00,b85d1b15f7bd601c,b85d1b15f7bd601c_diesel_regular,RIO ALTO EMPRESAS TURISTICOS LDA(2),GALP,diesel_regular,Gasóleo simples,Outro,2.039,Póvoa de Varzim,Porto,Rua da Estela nº 1022,Estela,4570-209,41.44602,-8.7536,rio alto empresas turisticos lda(2),galp,rua da estela nº 1022,"2,039 €",2026-05-15_dgeg_postos_raw.csv,73ffaf979f733d71
2026-05-15,2026-05-15 14:31:32,2026-05-15 10:00:00,b85d1b15f7bd601c,b85d1b15f7bd601c_diesel_premium,RIO ALTO EMPRESAS TURISTICOS LDA(2),GALP,diesel_premium,Gasóleo especial,Outro,2.089,Póvoa de Varzim,Porto,Rua da Estela nº 1022,Estela,4570-209,41.44602,-8.7536,rio alto empresas turisticos lda(2),galp,rua da estela nº 1022,"2,089 €",2026-05-15_dgeg_postos_raw.csv,80d66d810ba73c13
2026-05-15,2026-05-15 14:31:32,2026-05-15 10:00:00,b85d1b15f7bd601c,b85d1b15f7bd601c_gasoline_95,RIO ALTO EMPRESAS TURISTICOS LDA(2),GALP,gasoline_95,Gasolina simples 95,Outro,2.037,Póvoa de Varzim,Porto,Rua da Estela nº 1022,Estela,4570-209,41.44602,-8.7536,rio alto empresas turisticos lda(2),galp,rua da estela nº 1022,"2,037 €",2026-05-15_dgeg_postos_raw.csv,fc064fff872fa878
2026-05-15,2026-05-15 14:31:32,2026-05-15 10:00:00,26a901816af22941,26a901816af22941_diesel_regular,"Juststrong, Lda",GALP,diesel_regular,Gasóleo simples,Outro,2.055,Oliveira de Azeméis,Aveiro,Largo da Gandara,César,3720-000,40.911719,-8.43183,"juststrong, lda",galp,largo da gandara,"2,055 €",2026-05-15_dgeg_postos_raw.csv,2457f877bd36b802
2026-05-15,2026-05-15 14:31:32,2026-05-15 10:00:00,26a901816af22941,26a901816af22941_diesel_premium,"Juststrong, Lda",GALP,diesel_premium,Gasóleo especial,Outro,2.105,Oliveira de Azeméis,Aveiro,Largo da Gandara,César,3720-000,40.911719,-8.43183,"juststrong, lda",galp,largo da gandara,"2,105 €",2026-05-15_dgeg_postos_raw.csv,ea9e149a59ebf897
2026-05-15,2026-05-15 14:31:32,2026-05-15 10:00:00,26a901816af22941,26a901816af22941_gasoline_95,"Juststrong, Lda",GALP,gasoline_95,Gasolina simples 95,Outro,2.051,Oliveira de Azeméis,Aveiro,Largo da Gandara,César,3720-000,40.911719,-8.43183,"juststrong, lda",galp,largo da gandara,"2,051 €",2026-05-15_dgeg_postos_raw.csv,8580f517a7c913c8
2026-05-15,2026-05-15 14:31:32,2026-05-15 10:00:00,26a901816af22941,26a901816af22941_gasoline_98,"Juststrong, Lda",GALP,gasoline_98,Gasolina especial 98,Outro,2.261,Oliveira de Azeméis,Aveiro,Largo da Gandara,César,3720-000,40.911719,-8.43183,"juststrong, lda",galp,largo da gandara,"2,261 €",2026-05-15_dgeg_postos_raw.csv,925914bb6c048a15
2026-05-15,2026-05-15 14:31:32,2026-05-15 10:00:00,cd449db42276666f,cd449db42276666f_diesel_regular,"A. Esteves, Lda.",GALP,diesel_regular,Gasóleo simples,Outro,2.055,Cinfães,Viseu,"EN 321- Km 24,792",Lugar dos Outeirinhos,4690-000,41.07314,-8.09386,"a. esteves, lda.",galp,"en 321- km 24,792","2,055 €",2026-05-15_dgeg_postos_raw.csv,3506ad61baa76cac
2026-05-15,2026-05-15 14:31:32,2026-05-15 10:00:00,cd449db42276666f,cd449db42276666f_diesel_premium,"A. Esteves, Lda.",GALP,diesel_premium,Gasóleo especial,Outro,2.105,Cinfães,Viseu,"EN 321- Km 24,792",Lugar dos Outeirinhos,4690-000,41.07314,-8.09386,"a. esteves, lda.",galp,"en 321- km 24,792","2,105 €",2026-05-15_dgeg_postos_raw.csv,d8671ddfafebaec9
2026-05-15,2026-05-15 14:31:32,2026-05-15 10:00:00,cd449db42276666f,cd449db42276666f_gasoline_95,"A. Esteves, Lda.",GALP,gasoline_95,Gasolina simples 95,Outro,2.051,Cinfães,Viseu,"EN 321- Km 24,792",Lugar dos Outeirinhos,4690-000,41.07314,-8.09386,"a. esteves, lda.",galp,"en 321- km 24,792","2,051 €",2026-05-15_dgeg_postos_raw.csv,9e07bb5ba626b56f
2026-05-15,2026-05-15 14:31:32,2026-05-15 10:05:00,059deafb414e3397,059deafb414e3397_diesel_regular,QUARTEIRA,CEPSA,diesel_regular,Gasóleo simples,Outro,1.986,Loulé,Faro,Várzea Almargem,Quarteira,8125-000,37.07307,-8.0722,quarteira,cepsa,várzea almargem,"1,986 €",2026-05-15_dgeg_postos_raw.csv,e3fe2eb1007984f4
2026-05-15,2026-05-15 14:31:32,2026-05-15 10:05:00,059deafb414e3397,059deafb414e3397_diesel_premium,QUARTEIRA,CEPSA,diesel_premium,Gasóleo especial,Outro,2.036,Loulé,Faro,Várzea Almargem,Quarteira,8125-000,37.07307,-8.0722,quarteira,cepsa,várzea almargem,"2,036 €",2026-05-15_dgeg_postos_raw.csv,837f86d08e6e607b
2026-05-15,2026-05-15 14:31:32,2026-05-15 10:05:00,059deafb414e3397,059deafb414e3397_gasoline_95,QUARTEIRA,CEPSA,gasoline_95,Gasolina simples 95,Outro,1.978,Loulé,Faro,Várzea Almargem,Quarteira,8125-000,37.07307,-8.0722,quarteira,cepsa,várzea almargem,"1,978 €",2026-05-15_dgeg_postos_raw.csv,1c721aa619c2b1cd
2026-05-15,2026-05-15 14:31:32,2026-05-15 10:05:00,059deafb414e3397,059deafb414e3397_gasoline_98,QUARTEIRA,CEPSA,gasoline_98,Gasolina especial 98,Outro,2.19,Loulé,Faro,Várzea Almargem,Quarteira,8125-000,37.07307,-8.0722,quarteira,cepsa,várzea almargem,"2,190 €",2026-05-15_dgeg_postos_raw.csv,5b53de0a5907bb0c
2026-05-15,2026-05-15 14:31:32,2026-05-15 10:05:00,ee651bc643dd63f6,ee651bc643dd63f6_diesel_regular,"Batista & Sobreira, lda",Genérico,diesel_regular,Gasóleo simples,Outro,2.079,Valpaços,Vila Real,EN 213 Km13,Alto do Barracão,5430-000,41.694223,-7.398284,"batista & sobreira, lda",genérico,en 213 km13,"2,079 €",2026-05-15_dgeg_postos_raw.csv,8027c885912d3932
2026-05-15,2026-05-15 14:31:32,2026-05-15 10:05:00,ee651bc643dd63f6,ee651bc643dd63f6_gasoline_95,"Batista & Sobreira, lda",Genérico,gasoline_95,Gasolina simples 95,Outro,2.082,Valpaços,Vila Real,EN 213 Km13,Alto do Barracão,5430-000,41.694223,-7.398284,"batista & sobreira, lda",genérico,en 213 km13,"2,082 €",2026-05-15_dgeg_postos_raw.csv,f2bc4d24f5a23d03
2026-05-15,2026-05-15 14:31:32,2026-05-15 10:10:00,0f4deef797aaa464,0f4deef797aaa464_diesel_regular,PA Chã - Alijó,Genérico,diesel_regular,Gasóleo simples,Outro,2.059,Alijó,Vila Real,"EN 212 Km 36,900 - Vila Chã",Chã,5070-533,41.320072,-7.461865,pa chã - alijó,genérico,"en 212 km 36,900 - vila chã","2,059 €",2026-05-15_dgeg_postos_raw.csv,dd5f31b3473fbef3
2026-05-15,2026-05-15 14:31:32,2026-05-15 10:10:00,0f4deef797aaa464,0f4deef797aaa464_gasoline_95,PA Chã - Alijó,Genérico,gasoline_95,Gasolina simples 95,Outro,2.062,Alijó,Vila Real,"EN 212 Km 36,900 - Vila Chã",Chã,5070-533,41.320072,-7.461865,pa chã - alijó,genérico,"en 212 km 36,900 - vila chã","2,062 €",2026-05-15_dgeg_postos_raw.csv,2b5baa559a0a6fa6
2026-05-15,2026-05-15 14:31:32,2026-05-15 10:10:00,777f1312fd62e77d,777f1312fd62e77d_gasoline_95,POSTO COOPERATIVA - VENCEREI,REPSOL,gasoline_95,Gasolina simples 95,Outro,2.072,Sousel,Portalegre,ZONA INDUSTRIAL DE SOUSEL - LUGAR DO VENCEREI,SOUSEL,7470-200,38.95403,-7.68148,posto cooperativa - vencerei,repsol,zona industrial de sousel - lugar do vencerei,"2,072 €",2026-05-15_dgeg_postos_raw.csv,9e307a679f71a168
2026-05-15,2026-05-15 14:31:32,2026-05-15 10:10:00,777f1312fd62e77d,777f1312fd62e77d_diesel_regular,POSTO COOPERATIVA - VENCEREI,REPSOL,diesel_regular,Gasóleo simples,Outro,2.069,Sousel,Portalegre,ZONA INDUSTRIAL DE SOUSEL - LUGAR DO VENCEREI,SOUSEL,7470-200,38.95403,-7.68148,posto cooperativa - vencerei,repsol,zona industrial de sousel - lugar do vencerei,"2,069 €",2026-05-15_dgeg_postos_raw.csv,9e32f2ecdcd293e5
2026-05-15,2026-05-15 14:31:32,2026-05-15 10:10:00,777f1312fd62e77d,777f1312fd62e77d_diesel_premium,POSTO COOPERATIVA - VENCEREI,REPSOL,diesel_premium,Gasóleo especial,Outro,2.089,Sousel,Portalegre,ZONA INDUSTRIAL DE SOUSEL - LUGAR DO VENCEREI,SOUSEL,7470-200,38.95403,-7.68148,posto cooperativa - vencerei,repsol,zona industrial de sousel - lugar do vencerei,"2,089 €",2026-05-15_dgeg_postos_raw.csv,674692d137a4bc0c
2026-05-15,2026-05-15 14:31:32,2026-05-15 10:20:00,986c890b4679c0b1,986c890b4679c0b1_diesel_regular,"Auto Benguiados - Com. e Serviços Automóvel, Lda",GALP,diesel_regular,Gasóleo simples,Outro,2.015,Vila do Conde,Porto,Gaveto Rua 5 Out. c/Av.Saúl Dias,Vila do Conde,4480-911,41.360074,-8.744723,"auto benguiados - com. e serviços automóvel, lda",galp,gaveto rua 5 out. c/av.saúl dias,"2,015 €",2026-05-15_dgeg_postos_raw.csv,8abbc54dff9c2d46
2026-05-15,2026-05-15 14:31:32,2026-05-15 10:20:00,986c890b4679c0b1,986c890b4679c0b1_diesel_premium,"Auto Benguiados - Com. e Serviços Automóvel, Lda",GALP,diesel_premium,Gasóleo especial,Outro,2.065,Vila do Conde,Porto,Gaveto Rua 5 Out. c/Av.Saúl Dias,Vila do Conde,4480-911,41.360074,-8.744723,"auto benguiados - com. e serviços automóvel, lda",galp,gaveto rua 5 out. c/av.saúl dias,"2,065 €",2026-05-15_dgeg_postos_raw.csv,9bf1490a3ad280ed
2026-05-15,2026-05-15 14:31:32,2026-05-15 10:20:00,986c890b4679c0b1,986c890b4679c0b1_gasoline_95,"Auto Benguiados - Com. e Serviços Automóvel, Lda",GALP,gasoline_95,Gasolina simples 95,Outro,2.011,Vila do Conde,Porto,Gaveto Rua 5 Out. c/Av.Saúl Dias,Vila do Conde,4480-911,41.360074,-8.744723,"auto benguiados - com. e serviços automóvel, lda",galp,gaveto rua 5 out. c/av.saúl dias,"2,011 €",2026-05-15_dgeg_postos_raw.csv,c3a4c339f0837370
2026-05-15,2026-05-15 14:31:32,2026-05-15 10:20:00,986c890b4679c0b1,986c890b4679c0b1_gasoline_98,"Auto Benguiados - Com. e Serviços Automóvel, Lda",GALP,gasoline_98,Gasolina especial 98,Outro,2.221,Vila do Conde,Porto,Gaveto Rua 5 Out. c/Av.Saúl Dias,Vila do Conde,4480-911,41.360074,-8.744723,"auto benguiados - com. e serviços automóvel, lda",galp,gaveto rua 5 out. c/av.saúl dias,"2,221 €",2026-05-15_dgeg_postos_raw.csv,23a6cadf92dca344
2026-05-15,2026-05-15 14:31:32,2026-05-15 10:25:00,fc5d2d015add2b86,fc5d2d015add2b86_diesel_premium,Intermarché Avintes,INTERMARCHÉ,diesel_premium,Gasóleo especial,Área comercial (Hipermercados),1.947,Vila Nova de Gaia,Porto,"R. Escola Central, 910",Avintes,4430-822,41.109991,-8.552013,intermarché avintes,intermarché,"r. escola central, 910","1,947 €",2026-05-15_dgeg_postos_raw.csv,af1c6b062288fafb
2026-05-15,2026-05-15 14:31:32,2026-05-15 10:25:00,fc5d2d015add2b86,fc5d2d015add2b86_diesel_regular,Intermarché Avintes,INTERMARCHÉ,diesel_regular,Gasóleo simples,Área comercial (Hipermercados),1.918,Vila Nova de Gaia,Porto,"R. Escola Central, 910",Avintes,4430-822,41.109991,-8.552013,intermarché avintes,intermarché,"r. escola central, 910","1,918 €",2026-05-15_dgeg_postos_raw.csv,812dee236eaecd8d
2026-05-15,2026-05-15 14:31:32,2026-05-15 10:25:00,fc5d2d015add2b86,fc5d2d015add2b86_gasoline_95,Intermarché Avintes,INTERMARCHÉ,gasoline_95,Gasolina simples 95,Área comercial (Hipermercados),1.887,Vila Nova de Gaia,Porto,"R. Escola Central, 910",Avintes,4430-822,41.109991,-8.552013,intermarché avintes,intermarché,"r. escola central, 910","1,887 €",2026-05-15_dgeg_postos_raw.csv,190f2ba8bc426e8d
2026-05-15,2026-05-15 14:31:32,2026-05-15 10:25:00,47d31628ce798a4c,47d31628ce798a4c_diesel_premium,OZ ENERGIA Reguengo Pequeno,OZ Energia,diesel_premium,Gasóleo especial,Outro,2.129,Lourinhã,Lisboa,"E.N. 247, Nº1",Reguengo Pequeno,2530-694,39.2799,-9.240119,oz energia reguengo pequeno,oz energia,"e.n. 247, nº1","2,129 €",2026-05-15_dgeg_postos_raw.csv,7d7a4951872277f5
2026-05-15,2026-05-15 14:31:32,2026-05-15 10:25:00,47d31628ce798a4c,47d31628ce798a4c_diesel_regular,OZ ENERGIA Reguengo Pequeno,OZ Energia,diesel_regular,Gasóleo simples,Outro,2.079,Lourinhã,Lisboa,"E.N. 247, Nº1",Reguengo Pequeno,2530-694,39.2799,-9.240119,oz energia reguengo pequeno,oz energia,"e.n. 247, nº1","2,079 €",2026-05-15_dgeg_postos_raw.csv,a0b16f5782a425a9
2026-05-15,2026-05-15 14:31:32,2026-05-15 10:25:00,47d31628ce798a4c,47d31628ce798a4c_gasoline_95,OZ ENERGIA Reguengo Pequeno,OZ Energia,gasoline_95,Gasolina simples 95,Outro,2.029,Lourinhã,Lisboa,"E.N. 247, Nº1",Reguengo Pequeno,2530-694,39.2799,-9.240119,oz energia reguengo pequeno,oz energia,"e.n. 247, nº1","2,029 €",2026-05-15_dgeg_postos_raw.csv,776d7591495e68f7
2026-05-15,2026-05-15 14:31:32,2026-05-15 10:30:00,8689e3184ccc5af1,8689e3184ccc5af1_diesel_regular,"Petrogir - Combustiveis e Lubrificantes, Lda.",GALP,diesel_regular,Gasóleo simples,Outro,2.015,Coimbra,Coimbra,Rua da Bayer,S Martinho do Bispo,3045-016,40.19881,-8.46112,"petrogir - combustiveis e lubrificantes, lda.",galp,rua da bayer,"2,015 €",2026-05-15_dgeg_postos_raw.csv,16aa7d471c467da0
2026-05-15,2026-05-15 14:31:32,2026-05-15 10:30:00,8689e3184ccc5af1,8689e3184ccc5af1_diesel_premium,"Petrogir - Combustiveis e Lubrificantes, Lda.",GALP,diesel_premium,Gasóleo especial,Outro,2.065,Coimbra,Coimbra,Rua da Bayer,S Martinho do Bispo,3045-016,40.19881,-8.46112,"petrogir - combustiveis e lubrificantes, lda.",galp,rua da bayer,"2,065 €",2026-05-15_dgeg_postos_raw.csv,cfcc3a735faaa4ec
2026-05-15,2026-05-15 14:31:32,2026-05-15 10:30:00,8689e3184ccc5af1,8689e3184ccc5af1_gasoline_95,"Petrogir - Combustiveis e Lubrificantes, Lda.",GALP,gasoline_95,Gasolina simples 95,Outro,2.021,Coimbra,Coimbra,Rua da Bayer,S Martinho do Bispo,3045-016,40.19881,-8.46112,"petrogir - combustiveis e lubrificantes, lda.",galp,rua da bayer,"2,021 €",2026-05-15_dgeg_postos_raw.csv,21dfffff95717efa
2026-05-15,2026-05-15 14:31:32,2026-05-15 10:30:00,8689e3184ccc5af1,8689e3184ccc5af1_gasoline_98,"Petrogir - Combustiveis e Lubrificantes, Lda.",GALP,gasoline_98,Gasolina especial 98,Outro,2.231,Coimbra,Coimbra,Rua da Bayer,S Martinho do Bispo,3045-016,40.19881,-8.46112,"petrogir - combustiveis e lubrificantes, lda.",galp,rua da bayer,"2,231 €",2026-05-15_dgeg_postos_raw.csv,cb1927493e30213f
2026-05-15,2026-05-15 14:31:32,2026-05-15 10:30:00,9934428c6edb47e5,9934428c6edb47e5_diesel_regular,Almada - Variante,BP,diesel_regular,Gasóleo simples,Outro,2.109,Almada,Setúbal,Qtª da  Alembrança Varante E.N 10,Almada,2810-027,38.64863,-9.163176,almada - variante,bp,qtª da alembrança varante e.n 10,"2,109 €",2026-05-15_dgeg_postos_raw.csv,408239a557fea5f4
2026-05-15,2026-05-15 14:31:32,2026-05-15 10:30:00,9934428c6edb47e5,9934428c6edb47e5_diesel_premium,Almada - Variante,BP,diesel_premium,Gasóleo especial,Outro,2.229,Almada,Setúbal,Qtª da  Alembrança Varante E.N 10,Almada,2810-027,38.64863,-9.163176,almada - variante,bp,qtª da alembrança varante e.n 10,"2,229 €",2026-05-15_dgeg_postos_raw.csv,96f9a01a9db938b4
2026-05-15,2026-05-15 14:31:32,2026-05-15 10:30:00,9934428c6edb47e5,9934428c6edb47e5_gasoline_95,Almada - Variante,BP,gasoline_95,Gasolina simples 95,Outro,2.099,Almada,Setúbal,Qtª da  Alembrança Varante E.N 10,Almada,2810-027,38.64863,-9.163176,almada - variante,bp,qtª da alembrança varante e.n 10,"2,099 €",2026-05-15_dgeg_postos_raw.csv,e31e01ec826ebd5b
2026-05-15,2026-05-15 14:31:32,2026-05-15 10:30:00,9934428c6edb47e5,9934428c6edb47e5_gasoline_98,Almada - Variante,BP,gasoline_98,Gasolina especial 98,Outro,2.299,Almada,Setúbal,Qtª da  Alembrança Varante E.N 10,Almada,2810-027,38.64863,-9.163176,almada - variante,bp,qtª da alembrança varante e.n 10,"2,299 €",2026-05-15_dgeg_postos_raw.csv,96f610718acbd60e
2026-05-15,2026-05-15 14:31:32,2026-05-15 10:30:00,98e61f1e8bfd2a59,98e61f1e8bfd2a59_diesel_regular,E.S. MAIA A,REPSOL,diesel_regular,Gasóleo simples,Outro,2.039,Maia,Porto,EN 14 Km 7,Maia,4470-273,41.23925,-8.625030556,e.s. maia a,repsol,en 14 km 7,"2,039 €",2026-05-15_dgeg_postos_raw.csv,04d0d8bc544d6069
2026-05-15,2026-05-15 14:31:32,2026-05-15 10:30:00,98e61f1e8bfd2a59,98e61f1e8bfd2a59_diesel_premium,E.S. MAIA A,REPSOL,diesel_premium,Gasóleo especial,Outro,2.099,Maia,Porto,EN 14 Km 7,Maia,4470-273,41.23925,-8.625030556,e.s. maia a,repsol,en 14 km 7,"2,099 €",2026-05-15_dgeg_postos_raw.csv,f7d5b59fed0b2602
2026-05-15,2026-05-15 14:31:32,2026-05-15 10:30:00,98e61f1e8bfd2a59,98e61f1e8bfd2a59_gasoline_95,E.S. MAIA A,REPSOL,gasoline_95,Gasolina simples 95,Outro,2.037,Maia,Porto,EN 14 Km 7,Maia,4470-273,41.23925,-8.625030556,e.s. maia a,repsol,en 14 km 7,"2,037 €",2026-05-15_dgeg_postos_raw.csv,dfd3bc0e34a6af10
2026-05-15,2026-05-15 14:31:32,2026-05-15 10:30:00,98e61f1e8bfd2a59,98e61f1e8bfd2a59_gasoline_98,E.S. MAIA A,REPSOL,gasoline_98,Gasolina especial 98,Outro,2.227,Maia,Porto,EN 14 Km 7,Maia,4470-273,41.23925,-8.625030556,e.s. maia a,repsol,en 14 km 7,"2,227 €",2026-05-15_dgeg_postos_raw.csv,7b6557c2011bcc7d
2026-05-15,2026-05-15 14:31:32,2026-05-15 10:30:00,a41d5af9863c5ee3,a41d5af9863c5ee3_diesel_regular,E.S. MAIA B,REPSOL,diesel_regular,Gasóleo simples,Outro,2.039,Maia,Porto,EN 14 Km 7,Maia,4470-273,41.239261111,-8.624630556,e.s. maia b,repsol,en 14 km 7,"2,039 €",2026-05-15_dgeg_postos_raw.csv,86cce353a658bb38
2026-05-15,2026-05-15 14:31:32,2026-05-15 10:30:00,a41d5af9863c5ee3,a41d5af9863c5ee3_diesel_premium,E.S. MAIA B,REPSOL,diesel_premium,Gasóleo especial,Outro,2.099,Maia,Porto,EN 14 Km 7,Maia,4470-273,41.239261111,-8.624630556,e.s. maia b,repsol,en 14 km 7,"2,099 €",2026-05-15_dgeg_postos_raw.csv,d9c48222b77c2c17
2026-05-15,2026-05-15 14:31:32,2026-05-15 10:30:00,a41d5af9863c5ee3,a41d5af9863c5ee3_gasoline_95,E.S. MAIA B,REPSOL,gasoline_95,Gasolina simples 95,Outro,2.037,Maia,Porto,EN 14 Km 7,Maia,4470-273,41.239261111,-8.624630556,e.s. maia b,repsol,en 14 km 7,"2,037 €",2026-05-15_dgeg_postos_raw.csv,a6642bf712e9acd1
2026-05-15,2026-05-15 14:31:32,2026-05-15 10:35:00,b0f5f9f512c1d561,b0f5f9f512c1d561_diesel_regular,ARM – Soc.Algarvia de Comb.lda,GALP,diesel_regular,Gasóleo simples,Outro,2.024,Portimão,Faro,EN 124-1 (V6),Alto do Quintão,8500-000,37.130362,-8.54542,arm – soc.algarvia de comb.lda,galp,en 124-1 (v6),"2,024 €",2026-05-15_dgeg_postos_raw.csv,1b28c9002d4a079a
2026-05-15,2026-05-15 14:31:32,2026-05-15 10:35:00,b0f5f9f512c1d561,b0f5f9f512c1d561_diesel_premium,ARM – Soc.Algarvia de Comb.lda,GALP,diesel_premium,Gasóleo especial,Outro,2.074,Portimão,Faro,EN 124-1 (V6),Alto do Quintão,8500-000,37.130362,-8.54542,arm – soc.algarvia de comb.lda,galp,en 124-1 (v6),"2,074 €",2026-05-15_dgeg_postos_raw.csv,c2ad6d26b1327454
2026-05-15,2026-05-15 14:31:32,2026-05-15 10:35:00,b0f5f9f512c1d561,b0f5f9f512c1d561_gasoline_95,ARM – Soc.Algarvia de Comb.lda,GALP,gasoline_95,Gasolina simples 95,Outro,2.022,Portimão,Faro,EN 124-1 (V6),Alto do Quintão,8500-000,37.130362,-8.54542,arm – soc.algarvia de comb.lda,galp,en 124-1 (v6),"2,022 €",2026-05-15_dgeg_postos_raw.csv,c3343c81b09581f5
2026-05-15,2026-05-15 14:31:32,2026-05-15 10:35:00,cddd9368489ea014,cddd9368489ea014_diesel_premium,"TFGest Gestão e Comercio de Produtos Petrolíferos, Lda",GALP,diesel_premium,Gasóleo especial,Outro,2.065,Vila Nova de Famalicão,Braga,Rua Ruivães,Ruivães,4760-000,41.397,-8.44522,"tfgest gestão e comercio de produtos petrolíferos, lda",galp,rua ruivães,"2,065 €",2026-05-15_dgeg_postos_raw.csv,17df2f7291b92486
2026-05-15,2026-05-15 14:31:32,2026-05-15 10:35:00,cddd9368489ea014,cddd9368489ea014_diesel_regular,"TFGest Gestão e Comercio de Produtos Petrolíferos, Lda",GALP,diesel_regular,Gasóleo simples,Outro,2.015,Vila Nova de Famalicão,Braga,Rua Ruivães,Ruivães,4760-000,41.397,-8.44522,"tfgest gestão e comercio de produtos petrolíferos, lda",galp,rua ruivães,"2,015 €",2026-05-15_dgeg_postos_raw.csv,dcdc0459ed6fad45
2026-05-15,2026-05-15 14:31:32,2026-05-15 10:35:00,cddd9368489ea014,cddd9368489ea014_gasoline_95,"TFGest Gestão e Comercio de Produtos Petrolíferos, Lda",GALP,gasoline_95,Gasolina simples 95,Outro,2.011,Vila Nova de Famalicão,Braga,Rua Ruivães,Ruivães,4760-000,41.397,-8.44522,"tfgest gestão e comercio de produtos petrolíferos, lda",galp,rua ruivães,"2,011 €",2026-05-15_dgeg_postos_raw.csv,66a300f461cfe4c5
2026-05-15,2026-05-15 14:31:32,2026-05-15 10:40:00,da5a278b17b9292e,da5a278b17b9292e_diesel_regular,PETROMENINOS LDA,GALP,diesel_regular,Gasóleo simples,Outro,2.015,Mafra,Lisboa,"EN 8 Km 20,36",Venda do Pinheiro,2665-522,38.927774,-9.236528,petromeninos lda,galp,"en 8 km 20,36","2,015 €",2026-05-15_dgeg_postos_raw.csv,8fdf467cf6745fca
2026-05-15,2026-05-15 14:31:32,2026-05-15 10:40:00,da5a278b17b9292e,da5a278b17b9292e_diesel_premium,PETROMENINOS LDA,GALP,diesel_premium,Gasóleo especial,Outro,2.065,Mafra,Lisboa,"EN 8 Km 20,36",Venda do Pinheiro,2665-522,38.927774,-9.236528,petromeninos lda,galp,"en 8 km 20,36","2,065 €",2026-05-15_dgeg_postos_raw.csv,e6891abb9b6dccc7
2026-05-15,2026-05-15 14:31:32,2026-05-15 10:40:00,da5a278b17b9292e,da5a278b17b9292e_gasoline_95,PETROMENINOS LDA,GALP,gasoline_95,Gasolina simples 95,Outro,2.011,Mafra,Lisboa,"EN 8 Km 20,36",Venda do Pinheiro,2665-522,38.927774,-9.236528,petromeninos lda,galp,"en 8 km 20,36","2,011 €",2026-05-15_dgeg_postos_raw.csv,26870f5b10589349
2026-05-15,2026-05-15 14:31:32,2026-05-15 10:40:00,ed6f340a14e0395a,ed6f340a14e0395a_diesel_regular,E.S. V. N. RAINHA A,REPSOL,diesel_regular,Gasóleo simples,Outro,2.079,Azambuja,Lisboa,EN nº3 Km 6720,Azambuja,2050-000,39.0494444444444,-8.91299444444445,e.s. v. n. rainha a,repsol,en nº3 km 6720,"2,079 €",2026-05-15_dgeg_postos_raw.csv,28900e62fd837d76
2026-05-15,2026-05-15 14:31:32,2026-05-15 10:40:00,ed6f340a14e0395a,ed6f340a14e0395a_diesel_premium,E.S. V. N. RAINHA A,REPSOL,diesel_premium,Gasóleo especial,Outro,2.149,Azambuja,Lisboa,EN nº3 Km 6720,Azambuja,2050-000,39.0494444444444,-8.91299444444445,e.s. v. n. rainha a,repsol,en nº3 km 6720,"2,149 €",2026-05-15_dgeg_postos_raw.csv,7b975402c8e9b20b
2026-05-15,2026-05-15 14:31:32,2026-05-15 10:40:00,ed6f340a14e0395a,ed6f340a14e0395a_gasoline_95,E.S. V. N. RAINHA A,REPSOL,gasoline_95,Gasolina simples 95,Outro,2.067,Azambuja,Lisboa,EN nº3 Km 6720,Azambuja,2050-000,39.0494444444444,-8.91299444444445,e.s. v. n. rainha a,repsol,en nº3 km 6720,"2,067 €",2026-05-15_dgeg_postos_raw.csv,c59ecdb0cd7a343c
2026-05-15,2026-05-15 14:31:32,2026-05-15 10:40:00,9fe7eb28652fd0ce,9fe7eb28652fd0ce_diesel_regular,E.S. V. N. RAINHA B,REPSOL,diesel_regular,Gasóleo simples,Outro,2.079,Azambuja,Lisboa,EN nº3 Km 6720,Azambuja,2050-000,39.05004,-8.91237,e.s. v. n. rainha b,repsol,en nº3 km 6720,"2,079 €",2026-05-15_dgeg_postos_raw.csv,07a0139f1b7e1ec9
2026-05-15,2026-05-15 14:31:32,2026-05-15 10:40:00,9fe7eb28652fd0ce,9fe7eb28652fd0ce_diesel_premium,E.S. V. N. RAINHA B,REPSOL,diesel_premium,Gasóleo especial,Outro,2.149,Azambuja,Lisboa,EN nº3 Km 6720,Azambuja,2050-000,39.05004,-8.91237,e.s. v. n. rainha b,repsol,en nº3 km 6720,"2,149 €",2026-05-15_dgeg_postos_raw.csv,8fddd27f6adcdc00
2026-05-15,2026-05-15 14:31:32,2026-05-15 10:40:00,9fe7eb28652fd0ce,9fe7eb28652fd0ce_gasoline_95,E.S. V. N. RAINHA B,REPSOL,gasoline_95,Gasolina simples 95,Outro,2.067,Azambuja,Lisboa,EN nº3 Km 6720,Azambuja,2050-000,39.05004,-8.91237,e.s. v. n. rainha b,repsol,en nº3 km 6720,"2,067 €",2026-05-15_dgeg_postos_raw.csv,d3726c947579fb74
2026-05-15,2026-05-15 14:31:32,2026-05-15 10:40:00,9fe7eb28652fd0ce,9fe7eb28652fd0ce_gasoline_98,E.S. V. N. RAINHA B,REPSOL,gasoline_98,Gasolina especial 98,Outro,2.267,Azambuja,Lisboa,EN nº3 Km 6720,Azambuja,2050-000,39.05004,-8.91237,e.s. v. n. rainha b,repsol,en nº3 km 6720,"2,267 €",2026-05-15_dgeg_postos_raw.csv,8796b24327898fb1
2026-05-15,2026-05-15 14:31:32,2026-05-15 10:40:00,440b13fcb773cced,440b13fcb773cced_diesel_regular,E.S. C. ALMOSTER I,REPSOL,diesel_regular,Gasóleo simples,Outro,2.079,Lisboa,Lisboa,Rua Francisco Gentil Martins,S. Domingos Benfica,1500-281,38.740514,-9.175231,e.s. c. almoster i,repsol,rua francisco gentil martins,"2,079 €",2026-05-15_dgeg_postos_raw.csv,9feeffe628509f35
2026-05-15,2026-05-15 14:31:32,2026-05-15 10:40:00,440b13fcb773cced,440b13fcb773cced_diesel_premium,E.S. C. ALMOSTER I,REPSOL,diesel_premium,Gasóleo especial,Outro,2.149,Lisboa,Lisboa,Rua Francisco Gentil Martins,S. Domingos Benfica,1500-281,38.740514,-9.175231,e.s. c. almoster i,repsol,rua francisco gentil martins,"2,149 €",2026-05-15_dgeg_postos_raw.csv,45349930c0e3b805
2026-05-15,2026-05-15 14:31:32,2026-05-15 10:40:00,440b13fcb773cced,440b13fcb773cced_gasoline_95,E.S. C. ALMOSTER I,REPSOL,gasoline_95,Gasolina simples 95,Outro,2.067,Lisboa,Lisboa,Rua Francisco Gentil Martins,S. Domingos Benfica,1500-281,38.740514,-9.175231,e.s. c. almoster i,repsol,rua francisco gentil martins,"2,067 €",2026-05-15_dgeg_postos_raw.csv,41251c9018c69db9
2026-05-15,2026-05-15 14:31:32,2026-05-15 10:40:00,440b13fcb773cced,440b13fcb773cced_gasoline_98,E.S. C. ALMOSTER I,REPSOL,gasoline_98,Gasolina especial 98,Outro,2.267,Lisboa,Lisboa,Rua Francisco Gentil Martins,S. Domingos Benfica,1500-281,38.740514,-9.175231,e.s. c. almoster i,repsol,rua francisco gentil martins,"2,267 €",2026-05-15_dgeg_postos_raw.csv,2d4f381034bb2621
2026-05-15,2026-05-15 14:31:32,2026-05-15 10:40:00,af3333cf1aceb61c,af3333cf1aceb61c_diesel_regular,E.S. C. ALMOSTER II,REPSOL,diesel_regular,Gasóleo simples,Outro,2.079,Lisboa,Lisboa,Rua Conde Almoster 114,S. Domingos Benfica,1500-198,38.745081,-9.185189,e.s. c. almoster ii,repsol,rua conde almoster 114,"2,079 €",2026-05-15_dgeg_postos_raw.csv,ec9319f9bf12bb21
2026-05-15,2026-05-15 14:31:32,2026-05-15 10:40:00,af3333cf1aceb61c,af3333cf1aceb61c_diesel_premium,E.S. C. ALMOSTER II,REPSOL,diesel_premium,Gasóleo especial,Outro,2.149,Lisboa,Lisboa,Rua Conde Almoster 114,S. Domingos Benfica,1500-198,38.745081,-9.185189,e.s. c. almoster ii,repsol,rua conde almoster 114,"2,149 €",2026-05-15_dgeg_postos_raw.csv,4d42b539bf4ebfe8
2026-05-15,2026-05-15 14:31:32,2026-05-15 10:40:00,af3333cf1aceb61c,af3333cf1aceb61c_gasoline_95,E.S. C. ALMOSTER II,REPSOL,gasoline_95,Gasolina simples 95,Outro,2.067,Lisboa,Lisboa,Rua Conde Almoster 114,S. Domingos Benfica,1500-198,38.745081,-9.185189,e.s. c. almoster ii,repsol,rua conde almoster 114,"2,067 €",2026-05-15_dgeg_postos_raw.csv,f9d351e9dae3c5f2
2026-05-15,2026-05-15 14:31:32,2026-05-15 10:40:00,af3333cf1aceb61c,af3333cf1aceb61c_gasoline_98,E.S. C. ALMOSTER II,REPSOL,gasoline_98,Gasolina especial 98,Outro,2.267,Lisboa,Lisboa,Rua Conde Almoster 114,S. Domingos Benfica,1500-198,38.745081,-9.185189,e.s. c. almoster ii,repsol,rua conde almoster 114,"2,267 €",2026-05-15_dgeg_postos_raw.csv,bd09d8fb55a4be3e
2026-05-15,2026-05-15 14:31:32,2026-05-15 10:45:00,e55aa650b0e92590,e55aa650b0e92590_diesel_regular,E.S. V. FRANCA XIRA,REPSOL,diesel_regular,Gasóleo simples,Outro,2.079,Vila Franca de Xira,Lisboa,Rua Fernando Palha 20,Povos - Qtª Do Cabo,2600-000,38.97319,-8.98142,e.s. v. franca xira,repsol,rua fernando palha 20,"2,079 €",2026-05-15_dgeg_postos_raw.csv,a59c945a97f87a3d
2026-05-15,2026-05-15 14:31:32,2026-05-15 10:45:00,e55aa650b0e92590,e55aa650b0e92590_diesel_premium,E.S. V. FRANCA XIRA,REPSOL,diesel_premium,Gasóleo especial,Outro,2.149,Vila Franca de Xira,Lisboa,Rua Fernando Palha 20,Povos - Qtª Do Cabo,2600-000,38.97319,-8.98142,e.s. v. franca xira,repsol,rua fernando palha 20,"2,149 €",2026-05-15_dgeg_postos_raw.csv,0a643db37e8f1ba0
2026-05-15,2026-05-15 14:31:32,2026-05-15 10:45:00,e55aa650b0e92590,e55aa650b0e92590_gasoline_95,E.S. V. FRANCA XIRA,REPSOL,gasoline_95,Gasolina simples 95,Outro,2.067,Vila Franca de Xira,Lisboa,Rua Fernando Palha 20,Povos - Qtª Do Cabo,2600-000,38.97319,-8.98142,e.s. v. franca xira,repsol,rua fernando palha 20,"2,067 €",2026-05-15_dgeg_postos_raw.csv,3033156e3be4d627
2026-05-15,2026-05-15 14:31:32,2026-05-15 10:45:00,2b839fc81b74d097,2b839fc81b74d097_diesel_regular,E.S. VILA REAL,REPSOL,diesel_regular,Gasóleo simples,Outro,2.019,Vila Real,Vila Real,Av. Aureliano Barrigas,Vila Real,5000-000,41.30255,-7.74116,e.s. vila real,repsol,av. aureliano barrigas,"2,019 €",2026-05-15_dgeg_postos_raw.csv,c2b89b6e3df9b2f1
2026-05-15,2026-05-15 14:31:32,2026-05-15 10:45:00,2b839fc81b74d097,2b839fc81b74d097_diesel_premium,E.S. VILA REAL,REPSOL,diesel_premium,Gasóleo especial,Outro,2.079,Vila Real,Vila Real,Av. Aureliano Barrigas,Vila Real,5000-000,41.30255,-7.74116,e.s. vila real,repsol,av. aureliano barrigas,"2,079 €",2026-05-15_dgeg_postos_raw.csv,a103fa7fa1f26d9a
2026-05-15,2026-05-15 14:31:32,2026-05-15 10:45:00,2b839fc81b74d097,2b839fc81b74d097_gasoline_95,E.S. VILA REAL,REPSOL,gasoline_95,Gasolina simples 95,Outro,2.017,Vila Real,Vila Real,Av. Aureliano Barrigas,Vila Real,5000-000,41.30255,-7.74116,e.s. vila real,repsol,av. aureliano barrigas,"2,017 €",2026-05-15_dgeg_postos_raw.csv,43e2a79efa6253ad
2026-05-15,2026-05-15 14:31:32,2026-05-15 10:45:00,2b839fc81b74d097,2b839fc81b74d097_gasoline_98,E.S. VILA REAL,REPSOL,gasoline_98,Gasolina especial 98,Outro,2.197,Vila Real,Vila Real,Av. Aureliano Barrigas,Vila Real,5000-000,41.30255,-7.74116,e.s. vila real,repsol,av. aureliano barrigas,"2,197 €",2026-05-15_dgeg_postos_raw.csv,58873d928bfbd9d7
2026-05-15,2026-05-15 14:31:32,2026-05-15 10:45:00,4cd0e76d1dd2e90a,4cd0e76d1dd2e90a_diesel_regular,JBR Vila Nova Cerveira  (Centro) - Pronto,Genérico,diesel_regular,Gasóleo simples,Outro,2.028,Vila Nova de Cerveira,Viana do Castelo,Av. das Comunidades Portuguesas,Lovelhe,4920-075,41.94719,-8.742193,jbr vila nova cerveira (centro) - pronto,genérico,av. das comunidades portuguesas,"2,028 €",2026-05-15_dgeg_postos_raw.csv,118d9429354bdb54
2026-05-15,2026-05-15 14:31:32,2026-05-15 10:45:00,4cd0e76d1dd2e90a,4cd0e76d1dd2e90a_diesel_premium,JBR Vila Nova Cerveira  (Centro) - Pronto,Genérico,diesel_premium,Gasóleo especial,Outro,2.128,Vila Nova de Cerveira,Viana do Castelo,Av. das Comunidades Portuguesas,Lovelhe,4920-075,41.94719,-8.742193,jbr vila nova cerveira (centro) - pronto,genérico,av. das comunidades portuguesas,"2,128 €",2026-05-15_dgeg_postos_raw.csv,96d24d781497ae08
2026-05-15,2026-05-15 14:31:32,2026-05-15 10:45:00,4cd0e76d1dd2e90a,4cd0e76d1dd2e90a_gasoline_95,JBR Vila Nova Cerveira  (Centro) - Pronto,Genérico,gasoline_95,Gasolina simples 95,Outro,2.044,Vila Nova de Cerveira,Viana do Castelo,Av. das Comunidades Portuguesas,Lovelhe,4920-075,41.94719,-8.742193,jbr vila nova cerveira (centro) - pronto,genérico,av. das comunidades portuguesas,"2,044 €",2026-05-15_dgeg_postos_raw.csv,ae7f1bd2beebb913
2026-05-15,2026-05-15 14:31:32,2026-05-15 10:45:00,4cd0e76d1dd2e90a,4cd0e76d1dd2e90a_gasoline_98,JBR Vila Nova Cerveira  (Centro) - Pronto,Genérico,gasoline_98,Gasolina especial 98,Outro,2.224,Vila Nova de Cerveira,Viana do Castelo,Av. das Comunidades Portuguesas,Lovelhe,4920-075,41.94719,-8.742193,jbr vila nova cerveira (centro) - pronto,genérico,av. das comunidades portuguesas,"2,224 €",2026-05-15_dgeg_postos_raw.csv,7ce365a13b042247
2026-05-15,2026-05-15 14:31:32,2026-05-15 10:45:00,a0d732778ad64443,a0d732778ad64443_diesel_regular,"JBR V. N. Cerveira ( E. N. 13 Km 103, Oeste) - Pronto",Genérico,diesel_regular,Gasóleo simples,Outro,2.028,Vila Nova de Cerveira,Viana do Castelo,"E.N. 13 Km 103,20",Vila Nova de Cerveira,4920-222,41.937122,-8.746082,"jbr v. n. cerveira ( e. n. 13 km 103, oeste) - pronto",genérico,"e.n. 13 km 103,20","2,028 €",2026-05-15_dgeg_postos_raw.csv,33c5f9c9af6a3029
2026-05-15,2026-05-15 14:31:32,2026-05-15 10:45:00,a0d732778ad64443,a0d732778ad64443_diesel_premium,"JBR V. N. Cerveira ( E. N. 13 Km 103, Oeste) - Pronto",Genérico,diesel_premium,Gasóleo especial,Outro,2.128,Vila Nova de Cerveira,Viana do Castelo,"E.N. 13 Km 103,20",Vila Nova de Cerveira,4920-222,41.937122,-8.746082,"jbr v. n. cerveira ( e. n. 13 km 103, oeste) - pronto",genérico,"e.n. 13 km 103,20","2,128 €",2026-05-15_dgeg_postos_raw.csv,1339e146983785a2
2026-05-15,2026-05-15 14:31:32,2026-05-15 10:45:00,a0d732778ad64443,a0d732778ad64443_gasoline_95,"JBR V. N. Cerveira ( E. N. 13 Km 103, Oeste) - Pronto",Genérico,gasoline_95,Gasolina simples 95,Outro,2.044,Vila Nova de Cerveira,Viana do Castelo,"E.N. 13 Km 103,20",Vila Nova de Cerveira,4920-222,41.937122,-8.746082,"jbr v. n. cerveira ( e. n. 13 km 103, oeste) - pronto",genérico,"e.n. 13 km 103,20","2,044 €",2026-05-15_dgeg_postos_raw.csv,b29e269ac67152a3
2026-05-15,2026-05-15 14:31:32,2026-05-15 10:45:00,a0d732778ad64443,a0d732778ad64443_gasoline_98,"JBR V. N. Cerveira ( E. N. 13 Km 103, Oeste) - Pronto",Genérico,gasoline_98,Gasolina especial 98,Outro,2.224,Vila Nova de Cerveira,Viana do Castelo,"E.N. 13 Km 103,20",Vila Nova de Cerveira,4920-222,41.937122,-8.746082,"jbr v. n. cerveira ( e. n. 13 km 103, oeste) - pronto",genérico,"e.n. 13 km 103,20","2,224 €",2026-05-15_dgeg_postos_raw.csv,4fc0fa684aed52da
2026-05-15,2026-05-15 14:31:32,2026-05-15 10:45:00,db9f853457847098,db9f853457847098_diesel_regular,JBR Vila Nova Cerveira II - Pronto,PRONTO,diesel_regular,Gasóleo simples,Outro,2.028,Vila Nova de Cerveira,Viana do Castelo,"EN 13 Km 102,88",Alto das Veigas,4920-222,41.93599,-8.74687,jbr vila nova cerveira ii - pronto,pronto,"en 13 km 102,88","2,028 €",2026-05-15_dgeg_postos_raw.csv,979f095e6d764538
2026-05-15,2026-05-15 14:31:32,2026-05-15 10:45:00,db9f853457847098,db9f853457847098_diesel_premium,JBR Vila Nova Cerveira II - Pronto,PRONTO,diesel_premium,Gasóleo especial,Outro,2.128,Vila Nova de Cerveira,Viana do Castelo,"EN 13 Km 102,88",Alto das Veigas,4920-222,41.93599,-8.74687,jbr vila nova cerveira ii - pronto,pronto,"en 13 km 102,88","2,128 €",2026-05-15_dgeg_postos_raw.csv,b53e8e9a64800183
2026-05-15,2026-05-15 14:31:32,2026-05-15 10:45:00,db9f853457847098,db9f853457847098_gasoline_95,JBR Vila Nova Cerveira II - Pronto,PRONTO,gasoline_95,Gasolina simples 95,Outro,2.044,Vila Nova de Cerveira,Viana do Castelo,"EN 13 Km 102,88",Alto das Veigas,4920-222,41.93599,-8.74687,jbr vila nova cerveira ii - pronto,pronto,"en 13 km 102,88","2,044 €",2026-05-15_dgeg_postos_raw.csv,f798a76cfe1fc7be
2026-05-15,2026-05-15 14:31:32,2026-05-15 10:45:00,db9f853457847098,db9f853457847098_gasoline_98,JBR Vila Nova Cerveira II - Pronto,PRONTO,gasoline_98,Gasolina especial 98,Outro,2.224,Vila Nova de Cerveira,Viana do Castelo,"EN 13 Km 102,88",Alto das Veigas,4920-222,41.93599,-8.74687,jbr vila nova cerveira ii - pronto,pronto,"en 13 km 102,88","2,224 €",2026-05-15_dgeg_postos_raw.csv,98a6653467c38798
2026-05-15,2026-05-15 14:31:32,2026-05-15 10:45:00,bb349ed92054d2f7,bb349ed92054d2f7_diesel_regular,Repsol - MIGUEL BOMBARDA,REPSOL,diesel_regular,Gasóleo simples,Outro,2.079,Lisboa,Lisboa,Av. Miguel Bombarda nº 29-A,Lisboa,1050-161,38.73704,-9.146702,repsol - miguel bombarda,repsol,av. miguel bombarda nº 29-a,"2,079 €",2026-05-15_dgeg_postos_raw.csv,37963719022fea26
2026-05-15,2026-05-15 14:31:32,2026-05-15 10:45:00,bb349ed92054d2f7,bb349ed92054d2f7_diesel_premium,Repsol - MIGUEL BOMBARDA,REPSOL,diesel_premium,Gasóleo especial,Outro,2.149,Lisboa,Lisboa,Av. Miguel Bombarda nº 29-A,Lisboa,1050-161,38.73704,-9.146702,repsol - miguel bombarda,repsol,av. miguel bombarda nº 29-a,"2,149 €",2026-05-15_dgeg_postos_raw.csv,c8d2a331176822e6
2026-05-15,2026-05-15 14:31:32,2026-05-15 10:45:00,bb349ed92054d2f7,bb349ed92054d2f7_gasoline_95,Repsol - MIGUEL BOMBARDA,REPSOL,gasoline_95,Gasolina simples 95,Outro,2.067,Lisboa,Lisboa,Av. Miguel Bombarda nº 29-A,Lisboa,1050-161,38.73704,-9.146702,repsol - miguel bombarda,repsol,av. miguel bombarda nº 29-a,"2,067 €",2026-05-15_dgeg_postos_raw.csv,8036af79f0457a65
2026-05-15,2026-05-15 14:31:32,2026-05-15 10:45:00,84ec45b3982ade14,84ec45b3982ade14_gasoline_98,JBR Av. Fragata Braga - Pronto,Genérico,gasoline_98,Gasolina especial 98,Outro,2.208,Braga,Braga,"Av. Padre Júlio Fragata, 113",Braga,4710-001,41.555714,-8.407441,jbr av. fragata braga - pronto,genérico,"av. padre júlio fragata, 113","2,208 €",2026-05-15_dgeg_postos_raw.csv,a6f5f1c4c0d1737c
2026-05-15,2026-05-15 14:31:32,2026-05-15 10:45:00,84ec45b3982ade14,84ec45b3982ade14_diesel_regular,JBR Av. Fragata Braga - Pronto,Genérico,diesel_regular,Gasóleo simples,Outro,2.029,Braga,Braga,"Av. Padre Júlio Fragata, 113",Braga,4710-001,41.555714,-8.407441,jbr av. fragata braga - pronto,genérico,"av. padre júlio fragata, 113","2,029 €",2026-05-15_dgeg_postos_raw.csv,666f32cf4c936d86
2026-05-15,2026-05-15 14:31:32,2026-05-15 10:45:00,84ec45b3982ade14,84ec45b3982ade14_diesel_premium,JBR Av. Fragata Braga - Pronto,Genérico,diesel_premium,Gasóleo especial,Outro,1.969,Braga,Braga,"Av. Padre Júlio Fragata, 113",Braga,4710-001,41.555714,-8.407441,jbr av. fragata braga - pronto,genérico,"av. padre júlio fragata, 113","1,969 €",2026-05-15_dgeg_postos_raw.csv,8c7f0e45cceaea8e
2026-05-15,2026-05-15 14:31:32,2026-05-15 10:45:00,84ec45b3982ade14,84ec45b3982ade14_gasoline_95,JBR Av. Fragata Braga - Pronto,Genérico,gasoline_95,Gasolina simples 95,Outro,2.012,Braga,Braga,"Av. Padre Júlio Fragata, 113",Braga,4710-001,41.555714,-8.407441,jbr av. fragata braga - pronto,genérico,"av. padre júlio fragata, 113","2,012 €",2026-05-15_dgeg_postos_raw.csv,c025059a4abc3435
2026-05-15,2026-05-15 14:31:32,2026-05-15 10:45:00,1bd25fb8c37290ef,1bd25fb8c37290ef_diesel_regular,E.S. VILARINHO DE SAMARDÃ,REPSOL,diesel_regular,Gasóleo simples,Outro,2.019,Vila Real,Vila Real,"EN 2, Vilarinho da Samardã",Vilarinho da Samardã,5000-781,41.389,-7.70284,e.s. vilarinho de samardã,repsol,"en 2, vilarinho da samardã","2,019 €",2026-05-15_dgeg_postos_raw.csv,f8179fe5388bb009
2026-05-15,2026-05-15 14:31:32,2026-05-15 10:45:00,1bd25fb8c37290ef,1bd25fb8c37290ef_diesel_premium,E.S. VILARINHO DE SAMARDÃ,REPSOL,diesel_premium,Gasóleo especial,Outro,2.079,Vila Real,Vila Real,"EN 2, Vilarinho da Samardã",Vilarinho da Samardã,5000-781,41.389,-7.70284,e.s. vilarinho de samardã,repsol,"en 2, vilarinho da samardã","2,079 €",2026-05-15_dgeg_postos_raw.csv,c3c0a869df978191
2026-05-15,2026-05-15 14:31:32,2026-05-15 10:45:00,1bd25fb8c37290ef,1bd25fb8c37290ef_gasoline_95,E.S. VILARINHO DE SAMARDÃ,REPSOL,gasoline_95,Gasolina simples 95,Outro,2.017,Vila Real,Vila Real,"EN 2, Vilarinho da Samardã",Vilarinho da Samardã,5000-781,41.389,-7.70284,e.s. vilarinho de samardã,repsol,"en 2, vilarinho da samardã","2,017 €",2026-05-15_dgeg_postos_raw.csv,bac6f15cd8599d1d
2026-05-15,2026-05-15 14:31:32,2026-05-15 10:45:00,1bd25fb8c37290ef,1bd25fb8c37290ef_gasoline_98,E.S. VILARINHO DE SAMARDÃ,REPSOL,gasoline_98,Gasolina especial 98,Outro,2.197,Vila Real,Vila Real,"EN 2, Vilarinho da Samardã",Vilarinho da Samardã,5000-781,41.389,-7.70284,e.s. vilarinho de samardã,repsol,"en 2, vilarinho da samardã","2,197 €",2026-05-15_dgeg_postos_raw.csv,69b55ffb40c68370
2026-05-15,2026-05-15 14:31:32,2026-05-15 10:45:00,09eb29dfdb9e4556,09eb29dfdb9e4556_diesel_regular,JBR Viana do Castelo ( Av. Camões) - Pronto,Genérico,diesel_regular,Gasóleo simples,Outro,2.028,Viana do Castelo,Viana do Castelo,Praça Galiza,Viana do Castelo,4900-000,41.695625,-8.821651,jbr viana do castelo ( av. camões) - pronto,genérico,praça galiza,"2,028 €",2026-05-15_dgeg_postos_raw.csv,0b161db748523398
2026-05-15,2026-05-15 14:31:32,2026-05-15 10:45:00,09eb29dfdb9e4556,09eb29dfdb9e4556_diesel_premium,JBR Viana do Castelo ( Av. Camões) - Pronto,Genérico,diesel_premium,Gasóleo especial,Outro,1.897,Viana do Castelo,Viana do Castelo,Praça Galiza,Viana do Castelo,4900-000,41.695625,-8.821651,jbr viana do castelo ( av. camões) - pronto,genérico,praça galiza,"1,897 €",2026-05-15_dgeg_postos_raw.csv,fa7288e5ae6fe458
2026-05-15,2026-05-15 14:31:32,2026-05-15 10:45:00,09eb29dfdb9e4556,09eb29dfdb9e4556_gasoline_95,JBR Viana do Castelo ( Av. Camões) - Pronto,Genérico,gasoline_95,Gasolina simples 95,Outro,1.962,Viana do Castelo,Viana do Castelo,Praça Galiza,Viana do Castelo,4900-000,41.695625,-8.821651,jbr viana do castelo ( av. camões) - pronto,genérico,praça galiza,"1,962 €",2026-05-15_dgeg_postos_raw.csv,3a2f9a61df17ca04
2026-05-15,2026-05-15 14:31:32,2026-05-15 11:00:00,b9108497b2e4db0e,b9108497b2e4db0e_diesel_regular,GALP São Romao Coronado - 15055,GALP,diesel_regular,Gasóleo simples,Outro,2.015,Trofa,Porto,Rua horizonte 1671,São Romão do Coronado,4745-524,41.28079,-8.55965,galp são romao coronado - 15055,galp,rua horizonte 1671,"2,015 €",2026-05-15_dgeg_postos_raw.csv,e7bf59b33f2b89b0
2026-05-15,2026-05-15 14:31:32,2026-05-15 11:00:00,b9108497b2e4db0e,b9108497b2e4db0e_diesel_premium,GALP São Romao Coronado - 15055,GALP,diesel_premium,Gasóleo especial,Outro,2.075,Trofa,Porto,Rua horizonte 1671,São Romão do Coronado,4745-524,41.28079,-8.55965,galp são romao coronado - 15055,galp,rua horizonte 1671,"2,075 €",2026-05-15_dgeg_postos_raw.csv,bc56d72fed2dcbab
2026-05-15,2026-05-15 14:31:32,2026-05-15 11:00:00,b9108497b2e4db0e,b9108497b2e4db0e_gasoline_95,GALP São Romao Coronado - 15055,GALP,gasoline_95,Gasolina simples 95,Outro,2.011,Trofa,Porto,Rua horizonte 1671,São Romão do Coronado,4745-524,41.28079,-8.55965,galp são romao coronado - 15055,galp,rua horizonte 1671,"2,011 €",2026-05-15_dgeg_postos_raw.csv,6d59f0f85359f884
2026-05-15,2026-05-15 14:31:32,2026-05-15 11:00:00,99522f266b9c5f8f,99522f266b9c5f8f_diesel_regular,GALP Agrela - Sto Tirso - 15188,GALP,diesel_regular,Gasóleo simples,Outro,2.015,Santo Tirso,Porto,"EN 105 - Km 13,000-E - Rua 25 Abril, 1460 -  Aldeia Nova",Agrela,4825-010,41.259403,-8.485271,galp agrela - sto tirso - 15188,galp,"en 105 - km 13,000-e - rua 25 abril, 1460 - aldeia nova","2,015 €",2026-05-15_dgeg_postos_raw.csv,b93d91cb3175cdb0
2026-05-15,2026-05-15 14:31:32,2026-05-15 11:00:00,99522f266b9c5f8f,99522f266b9c5f8f_diesel_premium,GALP Agrela - Sto Tirso - 15188,GALP,diesel_premium,Gasóleo especial,Outro,2.065,Santo Tirso,Porto,"EN 105 - Km 13,000-E - Rua 25 Abril, 1460 -  Aldeia Nova",Agrela,4825-010,41.259403,-8.485271,galp agrela - sto tirso - 15188,galp,"en 105 - km 13,000-e - rua 25 abril, 1460 - aldeia nova","2,065 €",2026-05-15_dgeg_postos_raw.csv,c4e2f4b784066274
2026-05-15,2026-05-15 14:31:32,2026-05-15 11:00:00,99522f266b9c5f8f,99522f266b9c5f8f_gasoline_95,GALP Agrela - Sto Tirso - 15188,GALP,gasoline_95,Gasolina simples 95,Outro,2.011,Santo Tirso,Porto,"EN 105 - Km 13,000-E - Rua 25 Abril, 1460 -  Aldeia Nova",Agrela,4825-010,41.259403,-8.485271,galp agrela - sto tirso - 15188,galp,"en 105 - km 13,000-e - rua 25 abril, 1460 - aldeia nova","2,011 €",2026-05-15_dgeg_postos_raw.csv,83021461a3ca4f40
2026-05-15,2026-05-15 14:31:32,2026-05-15 11:00:00,3986340d140d8274,3986340d140d8274_diesel_regular,GALP Lama - Stº Tirso - 15187,GALP,diesel_regular,Gasóleo simples,Outro,2.015,Santo Tirso,Porto,Rua Padre José Maria Alves,Areias,4780-050,41.36759,-8.482592,galp lama - stº tirso - 15187,galp,rua padre josé maria alves,"2,015 €",2026-05-15_dgeg_postos_raw.csv,027b9b5fdcf8a29d
2026-05-15,2026-05-15 14:31:32,2026-05-15 11:00:00,3986340d140d8274,3986340d140d8274_diesel_premium,GALP Lama - Stº Tirso - 15187,GALP,diesel_premium,Gasóleo especial,Outro,2.065,Santo Tirso,Porto,Rua Padre José Maria Alves,Areias,4780-050,41.36759,-8.482592,galp lama - stº tirso - 15187,galp,rua padre josé maria alves,"2,065 €",2026-05-15_dgeg_postos_raw.csv,ecbd453f3b6cf7d2
2026-05-15,2026-05-15 14:31:32,2026-05-15 11:00:00,3986340d140d8274,3986340d140d8274_gasoline_95,GALP Lama - Stº Tirso - 15187,GALP,gasoline_95,Gasolina simples 95,Outro,2.011,Santo Tirso,Porto,Rua Padre José Maria Alves,Areias,4780-050,41.36759,-8.482592,galp lama - stº tirso - 15187,galp,rua padre josé maria alves,"2,011 €",2026-05-15_dgeg_postos_raw.csv,192d526842213fbf
2026-05-15,2026-05-15 14:31:32,2026-05-15 11:05:00,5fc924cc16808cc4,5fc924cc16808cc4_diesel_regular,ERNESTO F COELHO SUCESSORES LDA,GALP,diesel_regular,Gasóleo simples,Outro,2.015,Santa Maria da Feira,Aveiro,Largo Ernesto Francisco Coelho,Fiães,4535-000,40.98788,-8.52227,ernesto f coelho sucessores lda,galp,largo ernesto francisco coelho,"2,015 €",2026-05-15_dgeg_postos_raw.csv,f4a6c6e80e7de6c0
2026-05-15,2026-05-15 14:31:32,2026-05-15 11:05:00,5fc924cc16808cc4,5fc924cc16808cc4_diesel_premium,ERNESTO F COELHO SUCESSORES LDA,GALP,diesel_premium,Gasóleo especial,Outro,2.065,Santa Maria da Feira,Aveiro,Largo Ernesto Francisco Coelho,Fiães,4535-000,40.98788,-8.52227,ernesto f coelho sucessores lda,galp,largo ernesto francisco coelho,"2,065 €",2026-05-15_dgeg_postos_raw.csv,4cd0fb939d6783cb
2026-05-15,2026-05-15 14:31:32,2026-05-15 11:05:00,5fc924cc16808cc4,5fc924cc16808cc4_gasoline_95,ERNESTO F COELHO SUCESSORES LDA,GALP,gasoline_95,Gasolina simples 95,Outro,2.011,Santa Maria da Feira,Aveiro,Largo Ernesto Francisco Coelho,Fiães,4535-000,40.98788,-8.52227,ernesto f coelho sucessores lda,galp,largo ernesto francisco coelho,"2,011 €",2026-05-15_dgeg_postos_raw.csv,becd5fd2d600de9e
2026-05-15,2026-05-15 14:31:32,2026-05-15 11:05:00,5fc924cc16808cc4,5fc924cc16808cc4_gasoline_98,ERNESTO F COELHO SUCESSORES LDA,GALP,gasoline_98,Gasolina especial 98,Outro,2.221,Santa Maria da Feira,Aveiro,Largo Ernesto Francisco Coelho,Fiães,4535-000,40.98788,-8.52227,ernesto f coelho sucessores lda,galp,largo ernesto francisco coelho,"2,221 €",2026-05-15_dgeg_postos_raw.csv,1faa95cfd9b69461
2026-05-15,2026-05-15 14:31:32,2026-05-15 11:15:00,d2405403de2b4159,d2405403de2b4159_diesel_regular,"MARVIMAR, LDA. (1)",GALP,diesel_regular,Gasóleo simples,Outro,2.015,Loures,Lisboa,Av. Dom Afonso Henriques,São João da Talha,2695-691,38.821947,-9.097843,"marvimar, lda. (1)",galp,av. dom afonso henriques,"2,015 €",2026-05-15_dgeg_postos_raw.csv,dc09c4e66070ab64
2026-05-15,2026-05-15 14:31:32,2026-05-15 11:15:00,d2405403de2b4159,d2405403de2b4159_diesel_premium,"MARVIMAR, LDA. (1)",GALP,diesel_premium,Gasóleo especial,Outro,2.065,Loures,Lisboa,Av. Dom Afonso Henriques,São João da Talha,2695-691,38.821947,-9.097843,"marvimar, lda. (1)",galp,av. dom afonso henriques,"2,065 €",2026-05-15_dgeg_postos_raw.csv,89790898e591784f
2026-05-15,2026-05-15 14:31:32,2026-05-15 11:15:00,d2405403de2b4159,d2405403de2b4159_gasoline_95,"MARVIMAR, LDA. (1)",GALP,gasoline_95,Gasolina simples 95,Outro,2.011,Loures,Lisboa,Av. Dom Afonso Henriques,São João da Talha,2695-691,38.821947,-9.097843,"marvimar, lda. (1)",galp,av. dom afonso henriques,"2,011 €",2026-05-15_dgeg_postos_raw.csv,315cff7b006ab668
2026-05-15,2026-05-15 14:31:32,2026-05-15 11:15:00,438d7d8348fecc12,438d7d8348fecc12_diesel_premium,JBR Covas - Pronto,PRONTO,diesel_premium,Gasóleo especial,Outro,2.123,Vila Nova de Cerveira,Viana do Castelo,Ponte Nova,Covas,4920-042,41.88033,-8.68424,jbr covas - pronto,pronto,ponte nova,"2,123 €",2026-05-15_dgeg_postos_raw.csv,96deeef76763c61c
2026-05-15,2026-05-15 14:31:32,2026-05-15 11:15:00,438d7d8348fecc12,438d7d8348fecc12_gasoline_95,JBR Covas - Pronto,PRONTO,gasoline_95,Gasolina simples 95,Outro,2.036,Vila Nova de Cerveira,Viana do Castelo,Ponte Nova,Covas,4920-042,41.88033,-8.68424,jbr covas - pronto,pronto,ponte nova,"2,036 €",2026-05-15_dgeg_postos_raw.csv,422ee3f0ee708e76
2026-05-15,2026-05-15 14:31:32,2026-05-15 11:15:00,438d7d8348fecc12,438d7d8348fecc12_diesel_regular,JBR Covas - Pronto,PRONTO,diesel_regular,Gasóleo simples,Outro,2.091,Vila Nova de Cerveira,Viana do Castelo,Ponte Nova,Covas,4920-042,41.88033,-8.68424,jbr covas - pronto,pronto,ponte nova,"2,091 €",2026-05-15_dgeg_postos_raw.csv,490f6e842eabacb6
2026-05-15,2026-05-15 14:31:32,2026-05-15 11:20:00,2c2f4b32e214147e,2c2f4b32e214147e_diesel_regular,E.S. S. BRAS DE ALPORTEL,REPSOL,diesel_regular,Gasóleo simples,Outro,2.044,São Brás de Alportel,Faro,EN 2 Km 722.9,Hortas e Moinhos,8150-021,37.14604,-7.8929,e.s. s. bras de alportel,repsol,en 2 km 722.9,"2,044 €",2026-05-15_dgeg_postos_raw.csv,a238408d622e78ff
2026-05-15,2026-05-15 14:31:32,2026-05-15 11:20:00,2c2f4b32e214147e,2c2f4b32e214147e_diesel_premium,E.S. S. BRAS DE ALPORTEL,REPSOL,diesel_premium,Gasóleo especial,Outro,2.104,São Brás de Alportel,Faro,EN 2 Km 722.9,Hortas e Moinhos,8150-021,37.14604,-7.8929,e.s. s. bras de alportel,repsol,en 2 km 722.9,"2,104 €",2026-05-15_dgeg_postos_raw.csv,868f64460bb1f38a
2026-05-15,2026-05-15 14:31:32,2026-05-15 11:20:00,2c2f4b32e214147e,2c2f4b32e214147e_gasoline_95,E.S. S. BRAS DE ALPORTEL,REPSOL,gasoline_95,Gasolina simples 95,Outro,2.054,São Brás de Alportel,Faro,EN 2 Km 722.9,Hortas e Moinhos,8150-021,37.14604,-7.8929,e.s. s. bras de alportel,repsol,en 2 km 722.9,"2,054 €",2026-05-15_dgeg_postos_raw.csv,471778a990fd30c1
2026-05-15,2026-05-15 14:31:32,2026-05-15 11:20:00,9b0862d115132410,9b0862d115132410_diesel_regular,BP - Vila Real - Hospital,BP,diesel_regular,Gasóleo simples,Outro,2.069,Vila Real,Vila Real,Rua dos Lagoeiros Lt. 10,Lordelo,5000-185,41.307814,-7.756435,bp - vila real - hospital,bp,rua dos lagoeiros lt. 10,"2,069 €",2026-05-15_dgeg_postos_raw.csv,c52258d4f79e94d6
2026-05-15,2026-05-15 14:31:32,2026-05-15 11:20:00,9b0862d115132410,9b0862d115132410_diesel_premium,BP - Vila Real - Hospital,BP,diesel_premium,Gasóleo especial,Outro,1.634,Vila Real,Vila Real,Rua dos Lagoeiros Lt. 10,Lordelo,5000-185,41.307814,-7.756435,bp - vila real - hospital,bp,rua dos lagoeiros lt. 10,"1,634 €",2026-05-15_dgeg_postos_raw.csv,f09e95c2f5defcdd
2026-05-15,2026-05-15 14:31:32,2026-05-15 11:20:00,9b0862d115132410,9b0862d115132410_gasoline_95,BP - Vila Real - Hospital,BP,gasoline_95,Gasolina simples 95,Outro,2.069,Vila Real,Vila Real,Rua dos Lagoeiros Lt. 10,Lordelo,5000-185,41.307814,-7.756435,bp - vila real - hospital,bp,rua dos lagoeiros lt. 10,"2,069 €",2026-05-15_dgeg_postos_raw.csv,6323662003879b48
2026-05-15,2026-05-15 14:31:32,2026-05-15 11:20:00,9b0862d115132410,9b0862d115132410_gasoline_98,BP - Vila Real - Hospital,BP,gasoline_98,Gasolina especial 98,Outro,2.299,Vila Real,Vila Real,Rua dos Lagoeiros Lt. 10,Lordelo,5000-185,41.307814,-7.756435,bp - vila real - hospital,bp,rua dos lagoeiros lt. 10,"2,299 €",2026-05-15_dgeg_postos_raw.csv,1b0cbe87333db261
2026-05-15,2026-05-15 14:31:32,2026-05-15 11:20:00,8b674f9ac36dea9b,8b674f9ac36dea9b_diesel_regular,BP VILA REAL - TIMPEIRA,BP,diesel_regular,Gasóleo simples,Outro,2.069,Vila Real,Vila Real,Av. 25 de Abril,Vila Real - Timpeira,5000-424,41.308872,-7.734071,bp vila real - timpeira,bp,av. 25 de abril,"2,069 €",2026-05-15_dgeg_postos_raw.csv,b0b774b7fd824e9a
2026-05-15,2026-05-15 14:31:32,2026-05-15 11:20:00,8b674f9ac36dea9b,8b674f9ac36dea9b_diesel_premium,BP VILA REAL - TIMPEIRA,BP,diesel_premium,Gasóleo especial,Outro,2.229,Vila Real,Vila Real,Av. 25 de Abril,Vila Real - Timpeira,5000-424,41.308872,-7.734071,bp vila real - timpeira,bp,av. 25 de abril,"2,229 €",2026-05-15_dgeg_postos_raw.csv,899bebee5e854068
2026-05-15,2026-05-15 14:31:32,2026-05-15 11:20:00,8b674f9ac36dea9b,8b674f9ac36dea9b_gasoline_95,BP VILA REAL - TIMPEIRA,BP,gasoline_95,Gasolina simples 95,Outro,2.069,Vila Real,Vila Real,Av. 25 de Abril,Vila Real - Timpeira,5000-424,41.308872,-7.734071,bp vila real - timpeira,bp,av. 25 de abril,"2,069 €",2026-05-15_dgeg_postos_raw.csv,9f1a23da3652d2d6
2026-05-15,2026-05-15 14:31:32,2026-05-15 11:20:00,8b674f9ac36dea9b,8b674f9ac36dea9b_gasoline_98,BP VILA REAL - TIMPEIRA,BP,gasoline_98,Gasolina especial 98,Outro,2.299,Vila Real,Vila Real,Av. 25 de Abril,Vila Real - Timpeira,5000-424,41.308872,-7.734071,bp vila real - timpeira,bp,av. 25 de abril,"2,299 €",2026-05-15_dgeg_postos_raw.csv,b202be1f01088131
2026-05-15,2026-05-15 14:31:32,2026-05-15 11:25:00,1b1502f310130fa6,1b1502f310130fa6_diesel_regular,E.S. PENALVA CASTELO,REPSOL,diesel_regular,Gasóleo simples,Outro,2.079,Penalva do Castelo,Viseu,Penalva do Castelo,Penalva do Castelo,3550-000,40.67025,-7.707789,e.s. penalva castelo,repsol,penalva do castelo,"2,079 €",2026-05-15_dgeg_postos_raw.csv,fa2b24c4a18d1c2c
2026-05-15,2026-05-15 14:31:32,2026-05-15 11:25:00,1b1502f310130fa6,1b1502f310130fa6_diesel_premium,E.S. PENALVA CASTELO,REPSOL,diesel_premium,Gasóleo especial,Outro,2.149,Penalva do Castelo,Viseu,Penalva do Castelo,Penalva do Castelo,3550-000,40.67025,-7.707789,e.s. penalva castelo,repsol,penalva do castelo,"2,149 €",2026-05-15_dgeg_postos_raw.csv,34cb421ce1de64cc
2026-05-15,2026-05-15 14:31:32,2026-05-15 11:25:00,1b1502f310130fa6,1b1502f310130fa6_gasoline_95,E.S. PENALVA CASTELO,REPSOL,gasoline_95,Gasolina simples 95,Outro,2.077,Penalva do Castelo,Viseu,Penalva do Castelo,Penalva do Castelo,3550-000,40.67025,-7.707789,e.s. penalva castelo,repsol,penalva do castelo,"2,077 €",2026-05-15_dgeg_postos_raw.csv,5e5d2ed76e64333a
2026-05-15,2026-05-15 14:31:32,2026-05-15 11:35:00,7b6a69c08c2e862c,7b6a69c08c2e862c_diesel_regular,E.S. ESTORIL,REPSOL,diesel_regular,Gasóleo simples,Outro,2.079,Cascais,Lisboa,Av. Conde de Barcelona,Estoril,2775-000,38.7142,-9.38999,e.s. estoril,repsol,av. conde de barcelona,"2,079 €",2026-05-15_dgeg_postos_raw.csv,09b2c73ee593002d
2026-05-15,2026-05-15 14:31:32,2026-05-15 11:35:00,7b6a69c08c2e862c,7b6a69c08c2e862c_diesel_premium,E.S. ESTORIL,REPSOL,diesel_premium,Gasóleo especial,Outro,2.149,Cascais,Lisboa,Av. Conde de Barcelona,Estoril,2775-000,38.7142,-9.38999,e.s. estoril,repsol,av. conde de barcelona,"2,149 €",2026-05-15_dgeg_postos_raw.csv,6d5845238bf4c0ff
2026-05-15,2026-05-15 14:31:32,2026-05-15 11:35:00,7b6a69c08c2e862c,7b6a69c08c2e862c_gasoline_95,E.S. ESTORIL,REPSOL,gasoline_95,Gasolina simples 95,Outro,2.067,Cascais,Lisboa,Av. Conde de Barcelona,Estoril,2775-000,38.7142,-9.38999,e.s. estoril,repsol,av. conde de barcelona,"2,067 €",2026-05-15_dgeg_postos_raw.csv,aa89bdef48e91f53
2026-05-15,2026-05-15 14:31:32,2026-05-15 11:35:00,7b6a69c08c2e862c,7b6a69c08c2e862c_gasoline_98,E.S. ESTORIL,REPSOL,gasoline_98,Gasolina especial 98,Outro,2.267,Cascais,Lisboa,Av. Conde de Barcelona,Estoril,2775-000,38.7142,-9.38999,e.s. estoril,repsol,av. conde de barcelona,"2,267 €",2026-05-15_dgeg_postos_raw.csv,84ebcaeca0ddbe32
2026-05-15,2026-05-15 14:31:32,2026-05-15 11:40:00,6199e99af8c52f53,6199e99af8c52f53_diesel_regular,"Gouveia Auto, Lda.",GALP,diesel_regular,Gasóleo simples,Outro,2.055,Gouveia,Guarda,"EN 232 - Km 23,500",Lugar de Barreiros,6290-000,40.497442,-7.602992,"gouveia auto, lda.",galp,"en 232 - km 23,500","2,055 €",2026-05-15_dgeg_postos_raw.csv,bca62227bbb74b5d
2026-05-15,2026-05-15 14:31:32,2026-05-15 11:40:00,6199e99af8c52f53,6199e99af8c52f53_diesel_premium,"Gouveia Auto, Lda.",GALP,diesel_premium,Gasóleo especial,Outro,2.105,Gouveia,Guarda,"EN 232 - Km 23,500",Lugar de Barreiros,6290-000,40.497442,-7.602992,"gouveia auto, lda.",galp,"en 232 - km 23,500","2,105 €",2026-05-15_dgeg_postos_raw.csv,375c63261a3e604e
2026-05-15,2026-05-15 14:31:32,2026-05-15 11:40:00,6199e99af8c52f53,6199e99af8c52f53_gasoline_95,"Gouveia Auto, Lda.",GALP,gasoline_95,Gasolina simples 95,Outro,2.051,Gouveia,Guarda,"EN 232 - Km 23,500",Lugar de Barreiros,6290-000,40.497442,-7.602992,"gouveia auto, lda.",galp,"en 232 - km 23,500","2,051 €",2026-05-15_dgeg_postos_raw.csv,dbfd86d7b0b979ec
2026-05-15,2026-05-15 14:31:32,2026-05-15 11:40:00,3d5e41d234289221,3d5e41d234289221_diesel_premium,E.LECLERC FAFE,LECLERC,diesel_premium,Gasóleo especial,Área comercial (Hipermercados),1.939,Fafe,Braga,Rua Cidade de Guimarães,Campo do Lameiro – Santo Ovídeo,4820-178,41.453073,-8.189715,e.leclerc fafe,leclerc,rua cidade de guimarães,"1,939 €",2026-05-15_dgeg_postos_raw.csv,3be35d19670a2757
2026-05-15,2026-05-15 14:31:32,2026-05-15 11:40:00,3d5e41d234289221,3d5e41d234289221_diesel_regular,E.LECLERC FAFE,LECLERC,diesel_regular,Gasóleo simples,Área comercial (Hipermercados),1.919,Fafe,Braga,Rua Cidade de Guimarães,Campo do Lameiro – Santo Ovídeo,4820-178,41.453073,-8.189715,e.leclerc fafe,leclerc,rua cidade de guimarães,"1,919 €",2026-05-15_dgeg_postos_raw.csv,c62a2b7de1e3e4f2
2026-05-15,2026-05-15 14:31:32,2026-05-15 11:40:00,3d5e41d234289221,3d5e41d234289221_gasoline_95,E.LECLERC FAFE,LECLERC,gasoline_95,Gasolina simples 95,Área comercial (Hipermercados),1.919,Fafe,Braga,Rua Cidade de Guimarães,Campo do Lameiro – Santo Ovídeo,4820-178,41.453073,-8.189715,e.leclerc fafe,leclerc,rua cidade de guimarães,"1,919 €",2026-05-15_dgeg_postos_raw.csv,027c4450a86125ac
2026-05-15,2026-05-15 14:31:32,2026-05-15 11:45:00,a10a575c17e3968b,a10a575c17e3968b_diesel_regular,PORTO ALTO - CRUZAMENTO,BP,diesel_regular,Gasóleo simples,Outro,2.055,Benavente,Santarém,EN 10,Porto Alto,2135-000,38.92396,-8.888269,porto alto - cruzamento,bp,en 10,"2,055 €",2026-05-15_dgeg_postos_raw.csv,12d8dea1bae27bfd
2026-05-15,2026-05-15 14:31:32,2026-05-15 11:45:00,a10a575c17e3968b,a10a575c17e3968b_diesel_premium,PORTO ALTO - CRUZAMENTO,BP,diesel_premium,Gasóleo especial,Outro,2.229,Benavente,Santarém,EN 10,Porto Alto,2135-000,38.92396,-8.888269,porto alto - cruzamento,bp,en 10,"2,229 €",2026-05-15_dgeg_postos_raw.csv,1875924ccac2cb19
2026-05-15,2026-05-15 14:31:32,2026-05-15 11:45:00,a10a575c17e3968b,a10a575c17e3968b_gasoline_95,PORTO ALTO - CRUZAMENTO,BP,gasoline_95,Gasolina simples 95,Outro,2.051,Benavente,Santarém,EN 10,Porto Alto,2135-000,38.92396,-8.888269,porto alto - cruzamento,bp,en 10,"2,051 €",2026-05-15_dgeg_postos_raw.csv,a694a23746b2377a
2026-05-15,2026-05-15 14:31:32,2026-05-15 11:45:00,a10a575c17e3968b,a10a575c17e3968b_gasoline_98,PORTO ALTO - CRUZAMENTO,BP,gasoline_98,Gasolina especial 98,Outro,2.299,Benavente,Santarém,EN 10,Porto Alto,2135-000,38.92396,-8.888269,porto alto - cruzamento,bp,en 10,"2,299 €",2026-05-15_dgeg_postos_raw.csv,c458b92e92e980bd
2026-05-15,2026-05-15 14:31:32,2026-05-15 11:50:00,64fd8456fd17c67e,64fd8456fd17c67e_diesel_regular,VENDAS NOVAS - LOUROSA,CEPSA,diesel_regular,Gasóleo simples,Outro,1.976,Santa Maria da Feira,Aveiro,"EN 1 Km 285,550",Lourosa,4535-013,40.988883,-8.537931,vendas novas - lourosa,cepsa,"en 1 km 285,550","1,976 €",2026-05-15_dgeg_postos_raw.csv,c4ce0eef5b6c6f41
2026-05-15,2026-05-15 14:31:32,2026-05-15 11:50:00,64fd8456fd17c67e,64fd8456fd17c67e_diesel_premium,VENDAS NOVAS - LOUROSA,CEPSA,diesel_premium,Gasóleo especial,Outro,2.026,Santa Maria da Feira,Aveiro,"EN 1 Km 285,550",Lourosa,4535-013,40.988883,-8.537931,vendas novas - lourosa,cepsa,"en 1 km 285,550","2,026 €",2026-05-15_dgeg_postos_raw.csv,2d77611dae0e3e74
2026-05-15,2026-05-15 14:31:32,2026-05-15 11:50:00,64fd8456fd17c67e,64fd8456fd17c67e_gasoline_95,VENDAS NOVAS - LOUROSA,CEPSA,gasoline_95,Gasolina simples 95,Outro,2.018,Santa Maria da Feira,Aveiro,"EN 1 Km 285,550",Lourosa,4535-013,40.988883,-8.537931,vendas novas - lourosa,cepsa,"en 1 km 285,550","2,018 €",2026-05-15_dgeg_postos_raw.csv,2cd984c1a8c0eca1
2026-05-15,2026-05-15 14:31:32,2026-05-15 11:50:00,64fd8456fd17c67e,64fd8456fd17c67e_gasoline_98,VENDAS NOVAS - LOUROSA,CEPSA,gasoline_98,Gasolina especial 98,Outro,2.23,Santa Maria da Feira,Aveiro,"EN 1 Km 285,550",Lourosa,4535-013,40.988883,-8.537931,vendas novas - lourosa,cepsa,"en 1 km 285,550","2,230 €",2026-05-15_dgeg_postos_raw.csv,37e127a187d18396
2026-05-15,2026-05-15 14:31:32,2026-05-15 12:00:00,f91e382dafdb347b,f91e382dafdb347b_diesel_regular,Carcouto Combustiveis Lda / FREITAS Oliveira do Douro - Cinfães,FREITAS,diesel_regular,Gasóleo simples,Outro,2.055,Cinfães,Viseu,"Rua de Oliveira do Douro, nº 2003",Oliveira do Douro,4690-420,41.08588,-8.042415,carcouto combustiveis lda / freitas oliveira do douro - cinfães,freitas,"rua de oliveira do douro, nº 2003","2,055 €",2026-05-15_dgeg_postos_raw.csv,6eedb4f038f8d6b4
2026-05-15,2026-05-15 14:31:32,2026-05-15 12:00:00,f91e382dafdb347b,f91e382dafdb347b_diesel_premium,Carcouto Combustiveis Lda / FREITAS Oliveira do Douro - Cinfães,FREITAS,diesel_premium,Gasóleo especial,Outro,2.105,Cinfães,Viseu,"Rua de Oliveira do Douro, nº 2003",Oliveira do Douro,4690-420,41.08588,-8.042415,carcouto combustiveis lda / freitas oliveira do douro - cinfães,freitas,"rua de oliveira do douro, nº 2003","2,105 €",2026-05-15_dgeg_postos_raw.csv,5c3feda1bc730e80
2026-05-15,2026-05-15 14:31:32,2026-05-15 12:00:00,f91e382dafdb347b,f91e382dafdb347b_gasoline_95,Carcouto Combustiveis Lda / FREITAS Oliveira do Douro - Cinfães,FREITAS,gasoline_95,Gasolina simples 95,Outro,2.051,Cinfães,Viseu,"Rua de Oliveira do Douro, nº 2003",Oliveira do Douro,4690-420,41.08588,-8.042415,carcouto combustiveis lda / freitas oliveira do douro - cinfães,freitas,"rua de oliveira do douro, nº 2003","2,051 €",2026-05-15_dgeg_postos_raw.csv,ba848d87e47c9c90
2026-05-15,2026-05-15 14:31:32,2026-05-15 12:00:00,ec08df42177c1dc0,ec08df42177c1dc0_diesel_regular,E.S. MONTALVO,REPSOL,diesel_regular,Gasóleo simples,Outro,2.029,Constância,Santarém,EN 3  Km 102,Montalvo,2250-224,39.48196,-8.28837,e.s. montalvo,repsol,en 3 km 102,"2,029 €",2026-05-15_dgeg_postos_raw.csv,2ef56d8d4cef4b82
2026-05-15,2026-05-15 14:31:32,2026-05-15 12:00:00,ec08df42177c1dc0,ec08df42177c1dc0_diesel_premium,E.S. MONTALVO,REPSOL,diesel_premium,Gasóleo especial,Outro,2.089,Constância,Santarém,EN 3  Km 102,Montalvo,2250-224,39.48196,-8.28837,e.s. montalvo,repsol,en 3 km 102,"2,089 €",2026-05-15_dgeg_postos_raw.csv,4ddc4e5adf93a0f6
2026-05-15,2026-05-15 14:31:32,2026-05-15 12:00:00,ec08df42177c1dc0,ec08df42177c1dc0_gasoline_95,E.S. MONTALVO,REPSOL,gasoline_95,Gasolina simples 95,Outro,2.027,Constância,Santarém,EN 3  Km 102,Montalvo,2250-224,39.48196,-8.28837,e.s. montalvo,repsol,en 3 km 102,"2,027 €",2026-05-15_dgeg_postos_raw.csv,8163243a23263c61
2026-05-15,2026-05-15 14:31:32,2026-05-15 12:05:00,a9636fb60bc11d9f,a9636fb60bc11d9f_diesel_premium,Carcouto Combustiveis Lda / FREITAS Paços de Gaiolo,FREITAS,diesel_premium,Gasóleo especial,Outro,2.105,Marco de Canaveses,Porto,Rua do Barreiro nº36,Paços de Gaiolo,4625-199,41.09714,-8.12181,carcouto combustiveis lda / freitas paços de gaiolo,freitas,rua do barreiro nº36,"2,105 €",2026-05-15_dgeg_postos_raw.csv,a00144c774fa75a5
2026-05-15,2026-05-15 14:31:32,2026-05-15 12:05:00,9f2b3a0717a530bf,9f2b3a0717a530bf_diesel_regular,PETROMIRA Odemira,Genérico,diesel_regular,Gasóleo simples,Outro,2.094,Odemira,Beja,Vale de Gomes,Longueira,7630-084,37.618515,-8.728522,petromira odemira,genérico,vale de gomes,"2,094 €",2026-05-15_dgeg_postos_raw.csv,abbf441c37e7453d
2026-05-15,2026-05-15 14:31:32,2026-05-15 12:05:00,9f2b3a0717a530bf,9f2b3a0717a530bf_gasoline_95,PETROMIRA Odemira,Genérico,gasoline_95,Gasolina simples 95,Outro,2.084,Odemira,Beja,Vale de Gomes,Longueira,7630-084,37.618515,-8.728522,petromira odemira,genérico,vale de gomes,"2,084 €",2026-05-15_dgeg_postos_raw.csv,1fe5f9be842fcb50
2026-05-15,2026-05-15 14:31:32,2026-05-15 12:05:00,a9636fb60bc11d9f,a9636fb60bc11d9f_diesel_regular,Carcouto Combustiveis Lda / FREITAS Paços de Gaiolo,FREITAS,diesel_regular,Gasóleo simples,Outro,2.055,Marco de Canaveses,Porto,Rua do Barreiro nº36,Paços de Gaiolo,4625-199,41.09714,-8.12181,carcouto combustiveis lda / freitas paços de gaiolo,freitas,rua do barreiro nº36,"2,055 €",2026-05-15_dgeg_postos_raw.csv,731590cece84b9e7
2026-05-15,2026-05-15 14:31:32,2026-05-15 12:05:00,a9636fb60bc11d9f,a9636fb60bc11d9f_gasoline_95,Carcouto Combustiveis Lda / FREITAS Paços de Gaiolo,FREITAS,gasoline_95,Gasolina simples 95,Outro,2.051,Marco de Canaveses,Porto,Rua do Barreiro nº36,Paços de Gaiolo,4625-199,41.09714,-8.12181,carcouto combustiveis lda / freitas paços de gaiolo,freitas,rua do barreiro nº36,"2,051 €",2026-05-15_dgeg_postos_raw.csv,62e1eaec7f796105
2026-05-15,2026-05-15 14:31:32,2026-05-15 12:10:00,2e0bc13b2a5ed94a,2e0bc13b2a5ed94a_diesel_regular,REPSOL Oliveira do Bairro,REPSOL,diesel_regular,Gasóleo simples,Outro,2.029,Oliveira do Bairro,Aveiro,"Rua Principal da Murta, 128",Oliveira do Bairro,3770-215,40.512783,-8.484799,repsol oliveira do bairro,repsol,"rua principal da murta, 128","2,029 €",2026-05-15_dgeg_postos_raw.csv,b187b258e4f118f4
2026-05-15,2026-05-15 14:31:32,2026-05-15 12:10:00,2e0bc13b2a5ed94a,2e0bc13b2a5ed94a_diesel_premium,REPSOL Oliveira do Bairro,REPSOL,diesel_premium,Gasóleo especial,Outro,2.089,Oliveira do Bairro,Aveiro,"Rua Principal da Murta, 128",Oliveira do Bairro,3770-215,40.512783,-8.484799,repsol oliveira do bairro,repsol,"rua principal da murta, 128","2,089 €",2026-05-15_dgeg_postos_raw.csv,ac2376abf862bc2b
2026-05-15,2026-05-15 14:31:32,2026-05-15 12:10:00,2e0bc13b2a5ed94a,2e0bc13b2a5ed94a_gasoline_95,REPSOL Oliveira do Bairro,REPSOL,gasoline_95,Gasolina simples 95,Outro,2.027,Oliveira do Bairro,Aveiro,"Rua Principal da Murta, 128",Oliveira do Bairro,3770-215,40.512783,-8.484799,repsol oliveira do bairro,repsol,"rua principal da murta, 128","2,027 €",2026-05-15_dgeg_postos_raw.csv,236cd0d561c629af
2026-05-15,2026-05-15 14:31:32,2026-05-15 12:10:00,2e0bc13b2a5ed94a,2e0bc13b2a5ed94a_gasoline_98,REPSOL Oliveira do Bairro,REPSOL,gasoline_98,Gasolina especial 98,Outro,2.217,Oliveira do Bairro,Aveiro,"Rua Principal da Murta, 128",Oliveira do Bairro,3770-215,40.512783,-8.484799,repsol oliveira do bairro,repsol,"rua principal da murta, 128","2,217 €",2026-05-15_dgeg_postos_raw.csv,809c10a77f3e3f08
2026-05-15,2026-05-15 14:31:32,2026-05-15 12:15:00,7ee9eda864af0163,7ee9eda864af0163_diesel_regular,"BARM, Comercio e Combustiveis, Lda",GALP,diesel_regular,Gasóleo simples,Outro,2.039,Trancoso,Guarda,Largo da Feira,Trancoso,6420-000,40.775922,-7.351524,"barm, comercio e combustiveis, lda",galp,largo da feira,"2,039 €",2026-05-15_dgeg_postos_raw.csv,2c3c1213a19a13fb
2026-05-15,2026-05-15 14:31:32,2026-05-15 12:15:00,7ee9eda864af0163,7ee9eda864af0163_diesel_premium,"BARM, Comercio e Combustiveis, Lda",GALP,diesel_premium,Gasóleo especial,Outro,2.089,Trancoso,Guarda,Largo da Feira,Trancoso,6420-000,40.775922,-7.351524,"barm, comercio e combustiveis, lda",galp,largo da feira,"2,089 €",2026-05-15_dgeg_postos_raw.csv,790c423bc2592628
2026-05-15,2026-05-15 14:31:32,2026-05-15 12:15:00,7ee9eda864af0163,7ee9eda864af0163_gasoline_95,"BARM, Comercio e Combustiveis, Lda",GALP,gasoline_95,Gasolina simples 95,Outro,2.032,Trancoso,Guarda,Largo da Feira,Trancoso,6420-000,40.775922,-7.351524,"barm, comercio e combustiveis, lda",galp,largo da feira,"2,032 €",2026-05-15_dgeg_postos_raw.csv,dd580ec4777328cb
2026-05-15,2026-05-15 14:31:32,2026-05-15 12:15:00,7ee9eda864af0163,7ee9eda864af0163_gasoline_98,"BARM, Comercio e Combustiveis, Lda",GALP,gasoline_98,Gasolina especial 98,Outro,2.242,Trancoso,Guarda,Largo da Feira,Trancoso,6420-000,40.775922,-7.351524,"barm, comercio e combustiveis, lda",galp,largo da feira,"2,242 €",2026-05-15_dgeg_postos_raw.csv,81a41feca1ed4fa7
2026-05-15,2026-05-15 14:31:32,2026-05-15 12:20:00,ac5168a3a97b8d60,ac5168a3a97b8d60_diesel_regular,E.S. S. JOAO MADEIRA II,REPSOL,diesel_regular,Gasóleo simples,Outro,2.029,São João da Madeira,Aveiro,Av. Dr. Renato Araújo,São João da Madeira,3700-000,40.89171,-8.49362,e.s. s. joao madeira ii,repsol,av. dr. renato araújo,"2,029 €",2026-05-15_dgeg_postos_raw.csv,c626098d13afea4d
2026-05-15,2026-05-15 14:31:32,2026-05-15 12:20:00,ac5168a3a97b8d60,ac5168a3a97b8d60_diesel_premium,E.S. S. JOAO MADEIRA II,REPSOL,diesel_premium,Gasóleo especial,Outro,2.089,São João da Madeira,Aveiro,Av. Dr. Renato Araújo,São João da Madeira,3700-000,40.89171,-8.49362,e.s. s. joao madeira ii,repsol,av. dr. renato araújo,"2,089 €",2026-05-15_dgeg_postos_raw.csv,ca2aa4b809d91faf
2026-05-15,2026-05-15 14:31:32,2026-05-15 12:20:00,ac5168a3a97b8d60,ac5168a3a97b8d60_gasoline_95,E.S. S. JOAO MADEIRA II,REPSOL,gasoline_95,Gasolina simples 95,Outro,2.027,São João da Madeira,Aveiro,Av. Dr. Renato Araújo,São João da Madeira,3700-000,40.89171,-8.49362,e.s. s. joao madeira ii,repsol,av. dr. renato araújo,"2,027 €",2026-05-15_dgeg_postos_raw.csv,a87d40b9d8e100b3
2026-05-15,2026-05-15 14:31:32,2026-05-15 12:20:00,ac5168a3a97b8d60,ac5168a3a97b8d60_gasoline_98,E.S. S. JOAO MADEIRA II,REPSOL,gasoline_98,Gasolina especial 98,Outro,2.217,São João da Madeira,Aveiro,Av. Dr. Renato Araújo,São João da Madeira,3700-000,40.89171,-8.49362,e.s. s. joao madeira ii,repsol,av. dr. renato araújo,"2,217 €",2026-05-15_dgeg_postos_raw.csv,85b3598850470cf3
2026-05-15,2026-05-15 14:31:32,2026-05-15 12:45:00,2db1a82f54f889c5,2db1a82f54f889c5_diesel_regular,E.S. COVILHA,REPSOL,diesel_regular,Gasóleo simples,Outro,2.029,Covilhã,Castelo Branco,"Quinta da Olivosa, Acesso à Variante",Covilhã,6200-000,40.26687,-7.49996,e.s. covilha,repsol,"quinta da olivosa, acesso à variante","2,029 €",2026-05-15_dgeg_postos_raw.csv,e79b876cc8728449
2026-05-15,2026-05-15 14:31:32,2026-05-15 12:45:00,2db1a82f54f889c5,2db1a82f54f889c5_diesel_premium,E.S. COVILHA,REPSOL,diesel_premium,Gasóleo especial,Outro,2.089,Covilhã,Castelo Branco,"Quinta da Olivosa, Acesso à Variante",Covilhã,6200-000,40.26687,-7.49996,e.s. covilha,repsol,"quinta da olivosa, acesso à variante","2,089 €",2026-05-15_dgeg_postos_raw.csv,e54696a1849c81dc
2026-05-15,2026-05-15 14:31:32,2026-05-15 12:45:00,2db1a82f54f889c5,2db1a82f54f889c5_gasoline_95,E.S. COVILHA,REPSOL,gasoline_95,Gasolina simples 95,Outro,2.027,Covilhã,Castelo Branco,"Quinta da Olivosa, Acesso à Variante",Covilhã,6200-000,40.26687,-7.49996,e.s. covilha,repsol,"quinta da olivosa, acesso à variante","2,027 €",2026-05-15_dgeg_postos_raw.csv,c87d1f05fe194af3
2026-05-15,2026-05-15 14:31:32,2026-05-15 12:45:00,2db1a82f54f889c5,2db1a82f54f889c5_gasoline_98,E.S. COVILHA,REPSOL,gasoline_98,Gasolina especial 98,Outro,2.217,Covilhã,Castelo Branco,"Quinta da Olivosa, Acesso à Variante",Covilhã,6200-000,40.26687,-7.49996,e.s. covilha,repsol,"quinta da olivosa, acesso à variante","2,217 €",2026-05-15_dgeg_postos_raw.csv,f2d82e0c6521cec3
2026-05-15,2026-05-15 14:31:32,2026-05-15 12:45:00,cb0f46d8ea249c06,cb0f46d8ea249c06_diesel_regular,E.S. GUARDA - MILEU,REPSOL,diesel_regular,Gasóleo simples,Outro,2.029,Guarda,Guarda,Av. Cidade de Bejar,Castelos Velhos,6300-373,40.54162,-7.2607,e.s. guarda - mileu,repsol,av. cidade de bejar,"2,029 €",2026-05-15_dgeg_postos_raw.csv,0e02c8db979e69fd
2026-05-15,2026-05-15 14:31:32,2026-05-15 12:45:00,cb0f46d8ea249c06,cb0f46d8ea249c06_diesel_premium,E.S. GUARDA - MILEU,REPSOL,diesel_premium,Gasóleo especial,Outro,2.089,Guarda,Guarda,Av. Cidade de Bejar,Castelos Velhos,6300-373,40.54162,-7.2607,e.s. guarda - mileu,repsol,av. cidade de bejar,"2,089 €",2026-05-15_dgeg_postos_raw.csv,bebf5bae606c77ba
2026-05-15,2026-05-15 14:31:32,2026-05-15 12:45:00,cb0f46d8ea249c06,cb0f46d8ea249c06_gasoline_95,E.S. GUARDA - MILEU,REPSOL,gasoline_95,Gasolina simples 95,Outro,2.027,Guarda,Guarda,Av. Cidade de Bejar,Castelos Velhos,6300-373,40.54162,-7.2607,e.s. guarda - mileu,repsol,av. cidade de bejar,"2,027 €",2026-05-15_dgeg_postos_raw.csv,31253327c54a894c
2026-05-15,2026-05-15 14:31:32,2026-05-15 12:45:00,cb0f46d8ea249c06,cb0f46d8ea249c06_gasoline_98,E.S. GUARDA - MILEU,REPSOL,gasoline_98,Gasolina especial 98,Outro,2.217,Guarda,Guarda,Av. Cidade de Bejar,Castelos Velhos,6300-373,40.54162,-7.2607,e.s. guarda - mileu,repsol,av. cidade de bejar,"2,217 €",2026-05-15_dgeg_postos_raw.csv,e951837f211f0f2a
2026-05-15,2026-05-15 14:31:32,2026-05-15 12:45:00,3666b57c650d0267,3666b57c650d0267_diesel_regular,E.S. GUARDA-DORNA,REPSOL,diesel_regular,Gasóleo simples,Outro,2.029,Guarda,Guarda,Av. Sá Carneiro,Rasa (Dorna),6301-000,40.53936,-7.27605,e.s. guarda-dorna,repsol,av. sá carneiro,"2,029 €",2026-05-15_dgeg_postos_raw.csv,73a3a9b2aeb1c46c
2026-05-15,2026-05-15 14:31:32,2026-05-15 12:45:00,3666b57c650d0267,3666b57c650d0267_diesel_premium,E.S. GUARDA-DORNA,REPSOL,diesel_premium,Gasóleo especial,Outro,2.089,Guarda,Guarda,Av. Sá Carneiro,Rasa (Dorna),6301-000,40.53936,-7.27605,e.s. guarda-dorna,repsol,av. sá carneiro,"2,089 €",2026-05-15_dgeg_postos_raw.csv,40c25b23d2719540
2026-05-15,2026-05-15 14:31:32,2026-05-15 12:45:00,3666b57c650d0267,3666b57c650d0267_gasoline_95,E.S. GUARDA-DORNA,REPSOL,gasoline_95,Gasolina simples 95,Outro,2.027,Guarda,Guarda,Av. Sá Carneiro,Rasa (Dorna),6301-000,40.53936,-7.27605,e.s. guarda-dorna,repsol,av. sá carneiro,"2,027 €",2026-05-15_dgeg_postos_raw.csv,66647971aaabc6bd
2026-05-15,2026-05-15 14:31:32,2026-05-15 12:45:00,3666b57c650d0267,3666b57c650d0267_gasoline_98,E.S. GUARDA-DORNA,REPSOL,gasoline_98,Gasolina especial 98,Outro,2.217,Guarda,Guarda,Av. Sá Carneiro,Rasa (Dorna),6301-000,40.53936,-7.27605,e.s. guarda-dorna,repsol,av. sá carneiro,"2,217 €",2026-05-15_dgeg_postos_raw.csv,ad2e13bc25353cd6
2026-05-15,2026-05-15 14:31:32,2026-05-15 12:50:00,373ab8ae0707db5f,373ab8ae0707db5f_diesel_regular,GASNUNOS LDA,GALP,diesel_regular,Gasóleo simples,Outro,2.039,Azambuja,Lisboa,"EN 3 Km 8,9",Azambuja,2050-000,39.0591,-8.8905,gasnunos lda,galp,"en 3 km 8,9","2,039 €",2026-05-15_dgeg_postos_raw.csv,523bcb4c3e606649
2026-05-15,2026-05-15 14:31:32,2026-05-15 12:50:00,373ab8ae0707db5f,373ab8ae0707db5f_diesel_premium,GASNUNOS LDA,GALP,diesel_premium,Gasóleo especial,Outro,2.089,Azambuja,Lisboa,"EN 3 Km 8,9",Azambuja,2050-000,39.0591,-8.8905,gasnunos lda,galp,"en 3 km 8,9","2,089 €",2026-05-15_dgeg_postos_raw.csv,472a44c1aeb55eb2
2026-05-15,2026-05-15 14:31:32,2026-05-15 12:50:00,373ab8ae0707db5f,373ab8ae0707db5f_gasoline_95,GASNUNOS LDA,GALP,gasoline_95,Gasolina simples 95,Outro,2.037,Azambuja,Lisboa,"EN 3 Km 8,9",Azambuja,2050-000,39.0591,-8.8905,gasnunos lda,galp,"en 3 km 8,9","2,037 €",2026-05-15_dgeg_postos_raw.csv,a52cfef56bafd0fc
2026-05-15,2026-05-15 14:31:32,2026-05-15 12:50:00,4aa634c7e3721737,4aa634c7e3721737_diesel_regular,"GÁSNUNOS, LDA. (2)",GALP,diesel_regular,Gasóleo simples,Outro,2.039,Azambuja,Lisboa,"EN 3 Km 8,9",Azambuja,2050-000,39.05875,-8.89039,"gásnunos, lda. (2)",galp,"en 3 km 8,9","2,039 €",2026-05-15_dgeg_postos_raw.csv,0dfad0c291e09b62
2026-05-15,2026-05-15 14:31:32,2026-05-15 12:50:00,4aa634c7e3721737,4aa634c7e3721737_diesel_premium,"GÁSNUNOS, LDA. (2)",GALP,diesel_premium,Gasóleo especial,Outro,2.128,Azambuja,Lisboa,"EN 3 Km 8,9",Azambuja,2050-000,39.05875,-8.89039,"gásnunos, lda. (2)",galp,"en 3 km 8,9","2,128 €",2026-05-15_dgeg_postos_raw.csv,33409aa49da71e33
2026-05-15,2026-05-15 14:31:32,2026-05-15 12:50:00,4aa634c7e3721737,4aa634c7e3721737_gasoline_95,"GÁSNUNOS, LDA. (2)",GALP,gasoline_95,Gasolina simples 95,Outro,2.037,Azambuja,Lisboa,"EN 3 Km 8,9",Azambuja,2050-000,39.05875,-8.89039,"gásnunos, lda. (2)",galp,"en 3 km 8,9","2,037 €",2026-05-15_dgeg_postos_raw.csv,b5c369b373e4b47e
2026-05-15,2026-05-15 14:31:32,2026-05-15 12:50:00,0923a819e60ff1ed,0923a819e60ff1ed_diesel_regular,"GASNUNOS, LDA",GALP,diesel_regular,Gasóleo simples,Outro,2.039,Alenquer,Lisboa,"EN 1 (Rua Vaz Monteiro) Km 31,3",Carregado,2580-491,39.02286,-8.97779,"gasnunos, lda",galp,"en 1 (rua vaz monteiro) km 31,3","2,039 €",2026-05-15_dgeg_postos_raw.csv,d8ee561c14fdd822
2026-05-15,2026-05-15 14:31:32,2026-05-15 12:50:00,0923a819e60ff1ed,0923a819e60ff1ed_gasoline_95,"GASNUNOS, LDA",GALP,gasoline_95,Gasolina simples 95,Outro,2.027,Alenquer,Lisboa,"EN 1 (Rua Vaz Monteiro) Km 31,3",Carregado,2580-491,39.02286,-8.97779,"gasnunos, lda",galp,"en 1 (rua vaz monteiro) km 31,3","2,027 €",2026-05-15_dgeg_postos_raw.csv,48522b13a3fa3b28
2026-05-15,2026-05-15 14:31:32,2026-05-15 12:50:00,ba03e541f3783ce0,ba03e541f3783ce0_diesel_regular,"GASNUNOS,LDA",GALP,diesel_regular,Gasóleo simples,Outro,2.079,Lisboa,Lisboa,Estrada da Luz,Lisboa,1600-000,38.753811,-9.174685,"gasnunos,lda",galp,estrada da luz,"2,079 €",2026-05-15_dgeg_postos_raw.csv,96b87c8ba009abff
2026-05-15,2026-05-15 14:31:32,2026-05-15 12:50:00,ba03e541f3783ce0,ba03e541f3783ce0_diesel_premium,"GASNUNOS,LDA",GALP,diesel_premium,Gasóleo especial,Outro,2.134,Lisboa,Lisboa,Estrada da Luz,Lisboa,1600-000,38.753811,-9.174685,"gasnunos,lda",galp,estrada da luz,"2,134 €",2026-05-15_dgeg_postos_raw.csv,4e48cad751a5ee41
2026-05-15,2026-05-15 14:31:32,2026-05-15 12:50:00,ba03e541f3783ce0,ba03e541f3783ce0_gasoline_95,"GASNUNOS,LDA",GALP,gasoline_95,Gasolina simples 95,Outro,2.071,Lisboa,Lisboa,Estrada da Luz,Lisboa,1600-000,38.753811,-9.174685,"gasnunos,lda",galp,estrada da luz,"2,071 €",2026-05-15_dgeg_postos_raw.csv,05dfab55cc55f4fb
2026-05-15,2026-05-15 14:31:32,2026-05-15 12:55:00,d1cd1c6004c3f68b,d1cd1c6004c3f68b_diesel_premium,INTERMARCHÉ St. António dos Cavaleiros,INTERMARCHÉ,diesel_premium,Gasóleo especial,Outro,1.909,Loures,Lisboa,Avenida Prof. Dr. Armando dos Santos Ferreira,Loures,2670-339,38.82079,-9.173125,intermarché st. antónio dos cavaleiros,intermarché,avenida prof. dr. armando dos santos ferreira,"1,909 €",2026-05-15_dgeg_postos_raw.csv,9c8c6ab4bf09b016
2026-05-15,2026-05-15 14:31:32,2026-05-15 12:55:00,d1cd1c6004c3f68b,d1cd1c6004c3f68b_diesel_regular,INTERMARCHÉ St. António dos Cavaleiros,INTERMARCHÉ,diesel_regular,Gasóleo simples,Outro,1.889,Loures,Lisboa,Avenida Prof. Dr. Armando dos Santos Ferreira,Loures,2670-339,38.82079,-9.173125,intermarché st. antónio dos cavaleiros,intermarché,avenida prof. dr. armando dos santos ferreira,"1,889 €",2026-05-15_dgeg_postos_raw.csv,0f08ace9a4bd453f
2026-05-15,2026-05-15 14:31:32,2026-05-15 12:55:00,d1cd1c6004c3f68b,d1cd1c6004c3f68b_gasoline_95,INTERMARCHÉ St. António dos Cavaleiros,INTERMARCHÉ,gasoline_95,Gasolina simples 95,Outro,1.879,Loures,Lisboa,Avenida Prof. Dr. Armando dos Santos Ferreira,Loures,2670-339,38.82079,-9.173125,intermarché st. antónio dos cavaleiros,intermarché,avenida prof. dr. armando dos santos ferreira,"1,879 €",2026-05-15_dgeg_postos_raw.csv,838c5a69ce5e85f8
2026-05-15,2026-05-15 14:31:32,2026-05-15 13:00:00,1c6e6ebbf8ff949f,1c6e6ebbf8ff949f_diesel_regular,"Petro Estrada Real, Lda",Genérico,diesel_regular,Gasóleo simples,Outro,1.994,Lousada,Porto,"AVENIDA ESTRADA REAL, 458",Torno,4620-755,41.289143,-8.196886,"petro estrada real, lda",genérico,"avenida estrada real, 458","1,994 €",2026-05-15_dgeg_postos_raw.csv,b353a636a56af1a6
2026-05-15,2026-05-15 14:31:32,2026-05-15 13:00:00,1c6e6ebbf8ff949f,1c6e6ebbf8ff949f_diesel_premium,"Petro Estrada Real, Lda",Genérico,diesel_premium,Gasóleo especial,Outro,2.029,Lousada,Porto,"AVENIDA ESTRADA REAL, 458",Torno,4620-755,41.289143,-8.196886,"petro estrada real, lda",genérico,"avenida estrada real, 458","2,029 €",2026-05-15_dgeg_postos_raw.csv,93d862e8cf9e0fd1
2026-05-15,2026-05-15 14:31:32,2026-05-15 13:00:00,1c6e6ebbf8ff949f,1c6e6ebbf8ff949f_gasoline_95,"Petro Estrada Real, Lda",Genérico,gasoline_95,Gasolina simples 95,Outro,1.987,Lousada,Porto,"AVENIDA ESTRADA REAL, 458",Torno,4620-755,41.289143,-8.196886,"petro estrada real, lda",genérico,"avenida estrada real, 458","1,987 €",2026-05-15_dgeg_postos_raw.csv,b9134ab8f2e9a5f4
2026-05-15,2026-05-15 14:31:32,2026-05-15 13:15:00,57c89e4b08ecff08,57c89e4b08ecff08_diesel_regular,MECAN AGRICOLA LDA.,GALP,diesel_regular,Gasóleo simples,Outro,2.039,Benavente,Santarém,"P.Galp - E.N.118 ao Km.40,680 - Rua Luís de Camões - Largo de St. Andr",Benavente,2130-000,38.979973,-8.810267,mecan agricola lda.,galp,"p.galp - e.n.118 ao km.40,680 - rua luís de camões - largo de st. andr","2,039 €",2026-05-15_dgeg_postos_raw.csv,855ca67ecd094b58
2026-05-15,2026-05-15 14:31:32,2026-05-15 13:15:00,57c89e4b08ecff08,57c89e4b08ecff08_diesel_premium,MECAN AGRICOLA LDA.,GALP,diesel_premium,Gasóleo especial,Outro,2.089,Benavente,Santarém,"P.Galp - E.N.118 ao Km.40,680 - Rua Luís de Camões - Largo de St. Andr",Benavente,2130-000,38.979973,-8.810267,mecan agricola lda.,galp,"p.galp - e.n.118 ao km.40,680 - rua luís de camões - largo de st. andr","2,089 €",2026-05-15_dgeg_postos_raw.csv,e85a3d23ba2af7d0
2026-05-15,2026-05-15 14:31:32,2026-05-15 13:15:00,57c89e4b08ecff08,57c89e4b08ecff08_gasoline_95,MECAN AGRICOLA LDA.,GALP,gasoline_95,Gasolina simples 95,Outro,2.027,Benavente,Santarém,"P.Galp - E.N.118 ao Km.40,680 - Rua Luís de Camões - Largo de St. Andr",Benavente,2130-000,38.979973,-8.810267,mecan agricola lda.,galp,"p.galp - e.n.118 ao km.40,680 - rua luís de camões - largo de st. andr","2,027 €",2026-05-15_dgeg_postos_raw.csv,fe2226068756a662
2026-05-15,2026-05-15 14:31:32,2026-05-15 13:15:00,efa25b16435b3f72,efa25b16435b3f72_diesel_regular,A2 ALMODÔVAR (LIS/ALG),MOEVE,diesel_regular,Gasóleo simples,Auto-estrada,2.088,Almodôvar,Beja,"A2, KM 193, SUB-LANÇO CASTRO VERDE/ALMODÔVAR",Almodôvar,7700-000,37.536385,-8.184828,a2 almodôvar (lis/alg),moeve,"a2, km 193, sub-lanço castro verde/almodôvar","2,088 €",2026-05-15_dgeg_postos_raw.csv,c1f6d99479a630dc
2026-05-15,2026-05-15 14:31:32,2026-05-15 13:15:00,efa25b16435b3f72,efa25b16435b3f72_diesel_premium,A2 ALMODÔVAR (LIS/ALG),MOEVE,diesel_premium,Gasóleo especial,Auto-estrada,2.138,Almodôvar,Beja,"A2, KM 193, SUB-LANÇO CASTRO VERDE/ALMODÔVAR",Almodôvar,7700-000,37.536385,-8.184828,a2 almodôvar (lis/alg),moeve,"a2, km 193, sub-lanço castro verde/almodôvar","2,138 €",2026-05-15_dgeg_postos_raw.csv,f63e9b627a89d504
2026-05-15,2026-05-15 14:31:32,2026-05-15 13:15:00,efa25b16435b3f72,efa25b16435b3f72_gasoline_95,A2 ALMODÔVAR (LIS/ALG),MOEVE,gasoline_95,Gasolina simples 95,Auto-estrada,2.129,Almodôvar,Beja,"A2, KM 193, SUB-LANÇO CASTRO VERDE/ALMODÔVAR",Almodôvar,7700-000,37.536385,-8.184828,a2 almodôvar (lis/alg),moeve,"a2, km 193, sub-lanço castro verde/almodôvar","2,129 €",2026-05-15_dgeg_postos_raw.csv,a254ad37d1edc23a
2026-05-15,2026-05-15 14:31:32,2026-05-15 13:15:00,efa25b16435b3f72,efa25b16435b3f72_gasoline_98,A2 ALMODÔVAR (LIS/ALG),MOEVE,gasoline_98,Gasolina especial 98,Auto-estrada,2.341,Almodôvar,Beja,"A2, KM 193, SUB-LANÇO CASTRO VERDE/ALMODÔVAR",Almodôvar,7700-000,37.536385,-8.184828,a2 almodôvar (lis/alg),moeve,"a2, km 193, sub-lanço castro verde/almodôvar","2,341 €",2026-05-15_dgeg_postos_raw.csv,d95aa254aa4c6041
2026-05-15,2026-05-15 14:31:32,2026-05-15 13:30:00,6ca9dd97561cfc63,6ca9dd97561cfc63_diesel_regular,INTERMARCHÉ DE MERCEANA,INTERMARCHÉ,diesel_regular,Gasóleo simples,Outro,1.927,Alenquer,Lisboa,E.N. 9 - Sitio do Moinho da Cruz,Merceana,2580-087,39.09751,-9.11914,intermarché de merceana,intermarché,e.n. 9 - sitio do moinho da cruz,"1,927 €",2026-05-15_dgeg_postos_raw.csv,ae13867297da0797
2026-05-15,2026-05-15 14:31:32,2026-05-15 13:30:00,6ca9dd97561cfc63,6ca9dd97561cfc63_diesel_premium,INTERMARCHÉ DE MERCEANA,INTERMARCHÉ,diesel_premium,Gasóleo especial,Outro,1.957,Alenquer,Lisboa,E.N. 9 - Sitio do Moinho da Cruz,Merceana,2580-087,39.09751,-9.11914,intermarché de merceana,intermarché,e.n. 9 - sitio do moinho da cruz,"1,957 €",2026-05-15_dgeg_postos_raw.csv,23902bbb0107bff3
2026-05-15,2026-05-15 14:31:32,2026-05-15 13:30:00,6ca9dd97561cfc63,6ca9dd97561cfc63_gasoline_95,INTERMARCHÉ DE MERCEANA,INTERMARCHÉ,gasoline_95,Gasolina simples 95,Outro,1.937,Alenquer,Lisboa,E.N. 9 - Sitio do Moinho da Cruz,Merceana,2580-087,39.09751,-9.11914,intermarché de merceana,intermarché,e.n. 9 - sitio do moinho da cruz,"1,937 €",2026-05-15_dgeg_postos_raw.csv,d2f879822d8a948b
2026-05-15,2026-05-15 14:31:32,2026-05-15 13:30:00,56440b8f357ccd95,56440b8f357ccd95_diesel_regular,"VIRLIS - COM. AUTOMOVEIS, LDA",GALP,diesel_regular,Gasóleo simples,Outro,2.049,Mogadouro,Bragança,Largo do Santo Cristo,Mogadouro,5200-000,41.34261,-6.71051,"virlis - com. automoveis, lda",galp,largo do santo cristo,"2,049 €",2026-05-15_dgeg_postos_raw.csv,7bc0ef2c7ceb6594
2026-05-15,2026-05-15 14:31:32,2026-05-15 13:30:00,56440b8f357ccd95,56440b8f357ccd95_diesel_premium,"VIRLIS - COM. AUTOMOVEIS, LDA",GALP,diesel_premium,Gasóleo especial,Outro,2.109,Mogadouro,Bragança,Largo do Santo Cristo,Mogadouro,5200-000,41.34261,-6.71051,"virlis - com. automoveis, lda",galp,largo do santo cristo,"2,109 €",2026-05-15_dgeg_postos_raw.csv,fd364e6d66138579
2026-05-15,2026-05-15 14:31:32,2026-05-15 13:30:00,56440b8f357ccd95,56440b8f357ccd95_gasoline_95,"VIRLIS - COM. AUTOMOVEIS, LDA",GALP,gasoline_95,Gasolina simples 95,Outro,2.046,Mogadouro,Bragança,Largo do Santo Cristo,Mogadouro,5200-000,41.34261,-6.71051,"virlis - com. automoveis, lda",galp,largo do santo cristo,"2,046 €",2026-05-15_dgeg_postos_raw.csv,08330d4aa5344bf2
2026-05-15,2026-05-15 14:31:32,2026-05-15 13:30:00,56440b8f357ccd95,56440b8f357ccd95_gasoline_98,"VIRLIS - COM. AUTOMOVEIS, LDA",GALP,gasoline_98,Gasolina especial 98,Outro,2.256,Mogadouro,Bragança,Largo do Santo Cristo,Mogadouro,5200-000,41.34261,-6.71051,"virlis - com. automoveis, lda",galp,largo do santo cristo,"2,256 €",2026-05-15_dgeg_postos_raw.csv,8dbe8ab0efae3225
2026-05-15,2026-05-15 14:31:32,2026-05-15 13:30:00,556802838e4e1f33,556802838e4e1f33_diesel_regular,BP MARINHAIS,BP,diesel_regular,Gasóleo simples,Outro,2.039,Salvaterra de Magos,Santarém,EN 118 nº 158 Km 54.770Lado esquerdo,Marinhais,2125-115,39.04932,-8.73223,bp marinhais,bp,en 118 nº 158 km 54.770lado esquerdo,"2,039 €",2026-05-15_dgeg_postos_raw.csv,35e0dfa92596c1b0
2026-05-15,2026-05-15 14:31:32,2026-05-15 13:30:00,556802838e4e1f33,556802838e4e1f33_diesel_premium,BP MARINHAIS,BP,diesel_premium,Gasóleo especial,Outro,2.229,Salvaterra de Magos,Santarém,EN 118 nº 158 Km 54.770Lado esquerdo,Marinhais,2125-115,39.04932,-8.73223,bp marinhais,bp,en 118 nº 158 km 54.770lado esquerdo,"2,229 €",2026-05-15_dgeg_postos_raw.csv,9b5730ba447470b0
2026-05-15,2026-05-15 14:31:32,2026-05-15 13:30:00,556802838e4e1f33,556802838e4e1f33_gasoline_95,BP MARINHAIS,BP,gasoline_95,Gasolina simples 95,Outro,2.037,Salvaterra de Magos,Santarém,EN 118 nº 158 Km 54.770Lado esquerdo,Marinhais,2125-115,39.04932,-8.73223,bp marinhais,bp,en 118 nº 158 km 54.770lado esquerdo,"2,037 €",2026-05-15_dgeg_postos_raw.csv,662eded3c7d69ffe
2026-05-15,2026-05-15 14:31:32,2026-05-15 13:30:00,556802838e4e1f33,556802838e4e1f33_gasoline_98,BP MARINHAIS,BP,gasoline_98,Gasolina especial 98,Outro,2.299,Salvaterra de Magos,Santarém,EN 118 nº 158 Km 54.770Lado esquerdo,Marinhais,2125-115,39.04932,-8.73223,bp marinhais,bp,en 118 nº 158 km 54.770lado esquerdo,"2,299 €",2026-05-15_dgeg_postos_raw.csv,a97217ff6e77980b
2026-05-15,2026-05-15 14:31:32,2026-05-15 13:55:00,6dbae7367429ba63,6dbae7367429ba63_diesel_regular,"GPAB II - Posto de Abastecimento, Unipessoal Lda",GALP,diesel_regular,Gasóleo simples,Outro,2.055,Almada,Setúbal,"EN 377 (Av. Elias Garcia) Km 9,4",Palhais,2820-222,38.62935,-9.19848,"gpab ii - posto de abastecimento, unipessoal lda",galp,"en 377 (av. elias garcia) km 9,4","2,055 €",2026-05-15_dgeg_postos_raw.csv,79377c00acf18e02
2026-05-15,2026-05-15 14:31:32,2026-05-15 13:55:00,6dbae7367429ba63,6dbae7367429ba63_diesel_premium,"GPAB II - Posto de Abastecimento, Unipessoal Lda",GALP,diesel_premium,Gasóleo especial,Outro,2.105,Almada,Setúbal,"EN 377 (Av. Elias Garcia) Km 9,4",Palhais,2820-222,38.62935,-9.19848,"gpab ii - posto de abastecimento, unipessoal lda",galp,"en 377 (av. elias garcia) km 9,4","2,105 €",2026-05-15_dgeg_postos_raw.csv,53509fc83f854198
2026-05-15,2026-05-15 14:31:32,2026-05-15 13:55:00,6dbae7367429ba63,6dbae7367429ba63_gasoline_95,"GPAB II - Posto de Abastecimento, Unipessoal Lda",GALP,gasoline_95,Gasolina simples 95,Outro,2.051,Almada,Setúbal,"EN 377 (Av. Elias Garcia) Km 9,4",Palhais,2820-222,38.62935,-9.19848,"gpab ii - posto de abastecimento, unipessoal lda",galp,"en 377 (av. elias garcia) km 9,4","2,051 €",2026-05-15_dgeg_postos_raw.csv,261b54cb0282c9ed
2026-05-15,2026-05-15 14:31:32,2026-05-15 13:55:00,6dbae7367429ba63,6dbae7367429ba63_gasoline_98,"GPAB II - Posto de Abastecimento, Unipessoal Lda",GALP,gasoline_98,Gasolina especial 98,Outro,2.261,Almada,Setúbal,"EN 377 (Av. Elias Garcia) Km 9,4",Palhais,2820-222,38.62935,-9.19848,"gpab ii - posto de abastecimento, unipessoal lda",galp,"en 377 (av. elias garcia) km 9,4","2,261 €",2026-05-15_dgeg_postos_raw.csv,3cc363c27791ce1c
2026-05-15,2026-05-15 14:31:32,2026-05-15 14:35:00,13e7298cd9d600c5,13e7298cd9d600c5_diesel_regular,E.S. TRANCOSO,REPSOL,diesel_regular,Gasóleo simples,Outro,2.039,Trancoso,Guarda,"Rua Dr. Castro Lopes, nº 1",Trancoso,6420-039,40.7766,-7.352,e.s. trancoso,repsol,"rua dr. castro lopes, nº 1","2,039 €",2026-05-15_dgeg_postos_raw.csv,303ccc493617c939
2026-05-15,2026-05-15 14:31:32,2026-05-15 14:35:00,13e7298cd9d600c5,13e7298cd9d600c5_diesel_premium,E.S. TRANCOSO,REPSOL,diesel_premium,Gasóleo especial,Outro,2.109,Trancoso,Guarda,"Rua Dr. Castro Lopes, nº 1",Trancoso,6420-039,40.7766,-7.352,e.s. trancoso,repsol,"rua dr. castro lopes, nº 1","2,109 €",2026-05-15_dgeg_postos_raw.csv,6c661ca61b8c50a8
2026-05-15,2026-05-15 14:31:32,2026-05-15 14:35:00,13e7298cd9d600c5,13e7298cd9d600c5_gasoline_95,E.S. TRANCOSO,REPSOL,gasoline_95,Gasolina simples 95,Outro,2.037,Trancoso,Guarda,"Rua Dr. Castro Lopes, nº 1",Trancoso,6420-039,40.7766,-7.352,e.s. trancoso,repsol,"rua dr. castro lopes, nº 1","2,037 €",2026-05-15_dgeg_postos_raw.csv,e0dfc3dc1746df9d
2026-05-15,2026-05-15 14:31:32,2026-05-15 14:35:00,13e7298cd9d600c5,13e7298cd9d600c5_gasoline_98,E.S. TRANCOSO,REPSOL,gasoline_98,Gasolina especial 98,Outro,2.237,Trancoso,Guarda,"Rua Dr. Castro Lopes, nº 1",Trancoso,6420-039,40.7766,-7.352,e.s. trancoso,repsol,"rua dr. castro lopes, nº 1","2,237 €",2026-05-15_dgeg_postos_raw.csv,34ee8ca94c66083c
2026-05-15,2026-05-15 14:31:32,2026-05-15 14:40:00,b90517173b0af3bd,b90517173b0af3bd_diesel_regular,"MARIA ESPERANÇA C. JACOB, HERD",GALP,diesel_regular,Gasóleo simples,Outro,2.015,Odemira,Beja,"EN 120 (Av. Poole da Costa) Km 102,845",Odemira,7630-122,37.5982,-8.64541,"maria esperança c. jacob, herd",galp,"en 120 (av. poole da costa) km 102,845","2,015 €",2026-05-15_dgeg_postos_raw.csv,ec2ae5e31c201af4
2026-05-15,2026-05-15 14:31:32,2026-05-15 14:40:00,b90517173b0af3bd,b90517173b0af3bd_diesel_premium,"MARIA ESPERANÇA C. JACOB, HERD",GALP,diesel_premium,Gasóleo especial,Outro,2.065,Odemira,Beja,"EN 120 (Av. Poole da Costa) Km 102,845",Odemira,7630-122,37.5982,-8.64541,"maria esperança c. jacob, herd",galp,"en 120 (av. poole da costa) km 102,845","2,065 €",2026-05-15_dgeg_postos_raw.csv,d3297649b242eaf1
2026-05-15,2026-05-15 14:31:32,2026-05-15 14:40:00,b90517173b0af3bd,b90517173b0af3bd_gasoline_95,"MARIA ESPERANÇA C. JACOB, HERD",GALP,gasoline_95,Gasolina simples 95,Outro,2.011,Odemira,Beja,"EN 120 (Av. Poole da Costa) Km 102,845",Odemira,7630-122,37.5982,-8.64541,"maria esperança c. jacob, herd",galp,"en 120 (av. poole da costa) km 102,845","2,011 €",2026-05-15_dgeg_postos_raw.csv,313c0f7d2787854d
2026-05-15,2026-05-15 14:31:32,2026-05-15 14:55:00,84d6644cbe11c6a9,84d6644cbe11c6a9_diesel_regular,AUTO POSTO 8600 Lda. - A33,GALP,diesel_regular,Gasóleo simples,Auto-estrada,1.999,Almada,Setúbal,Via L-3,Charneca da Caparica-Lugar da Regateira,2820-222,38.63586,-9.19607,auto posto 8600 lda. - a33,galp,via l-3,"1,999 €",2026-05-15_dgeg_postos_raw.csv,606d926b84c63d19
2026-05-15,2026-05-15 14:31:32,2026-05-15 14:55:00,84d6644cbe11c6a9,84d6644cbe11c6a9_diesel_premium,AUTO POSTO 8600 Lda. - A33,GALP,diesel_premium,Gasóleo especial,Auto-estrada,2.059,Almada,Setúbal,Via L-3,Charneca da Caparica-Lugar da Regateira,2820-222,38.63586,-9.19607,auto posto 8600 lda. - a33,galp,via l-3,"2,059 €",2026-05-15_dgeg_postos_raw.csv,db32777cb7e66827
2026-05-15,2026-05-15 14:31:32,2026-05-15 14:55:00,84d6644cbe11c6a9,84d6644cbe11c6a9_gasoline_95,AUTO POSTO 8600 Lda. - A33,GALP,gasoline_95,Gasolina simples 95,Auto-estrada,1.989,Almada,Setúbal,Via L-3,Charneca da Caparica-Lugar da Regateira,2820-222,38.63586,-9.19607,auto posto 8600 lda. - a33,galp,via l-3,"1,989 €",2026-05-15_dgeg_postos_raw.csv,acb529b98cefc9c2
2026-05-15,2026-05-15 14:31:32,2026-05-15 14:55:00,84d6644cbe11c6a9,84d6644cbe11c6a9_gasoline_98,AUTO POSTO 8600 Lda. - A33,GALP,gasoline_98,Gasolina especial 98,Auto-estrada,2.261,Almada,Setúbal,Via L-3,Charneca da Caparica-Lugar da Regateira,2820-222,38.63586,-9.19607,auto posto 8600 lda. - a33,galp,via l-3,"2,261 €",2026-05-15_dgeg_postos_raw.csv,f0ba45666df17eaf
2026-05-15,2026-05-15 14:31:32,2026-05-15 14:55:00,8382442ad0273f0f,8382442ad0273f0f_diesel_regular,Agrizone,Genérico,diesel_regular,Gasóleo simples,Outro,1.915,Alpiarça,Santarém,"Zona Industrial, Lote 104",Alpiarça,2090-242,39.27354,-8.55426,agrizone,genérico,"zona industrial, lote 104","1,915 €",2026-05-15_dgeg_postos_raw.csv,85b72ad674f31288
2026-05-15,2026-05-15 14:31:32,2026-05-15 14:55:00,8382442ad0273f0f,8382442ad0273f0f_diesel_premium,Agrizone,Genérico,diesel_premium,Gasóleo especial,Outro,1.985,Alpiarça,Santarém,"Zona Industrial, Lote 104",Alpiarça,2090-242,39.27354,-8.55426,agrizone,genérico,"zona industrial, lote 104","1,985 €",2026-05-15_dgeg_postos_raw.csv,eab6db89da7c0ad6
2026-05-15,2026-05-15 14:31:32,2026-05-15 14:55:00,8382442ad0273f0f,8382442ad0273f0f_gasoline_95,Agrizone,Genérico,gasoline_95,Gasolina simples 95,Outro,1.925,Alpiarça,Santarém,"Zona Industrial, Lote 104",Alpiarça,2090-242,39.27354,-8.55426,agrizone,genérico,"zona industrial, lote 104","1,925 €",2026-05-15_dgeg_postos_raw.csv,f93dc3d4fc03e178
2026-05-15,2026-05-15 14:31:32,2026-05-15 15:05:00,45b2e213547ad80f,45b2e213547ad80f_diesel_premium,Moeve Matosinhos,MOEVE,diesel_premium,Gasóleo especial,Outro,2.066,Matosinhos,Porto,Rua Alfredo Cunha 546,Matosinhos,4450-022,41.186203,-8.677831,moeve matosinhos,moeve,rua alfredo cunha 546,"2,066 €",2026-05-15_dgeg_postos_raw.csv,c1d064832a3ecbaa
2026-05-15,2026-05-15 14:31:32,2026-05-15 15:05:00,45b2e213547ad80f,45b2e213547ad80f_diesel_regular,Moeve Matosinhos,MOEVE,diesel_regular,Gasóleo simples,Outro,2.016,Matosinhos,Porto,Rua Alfredo Cunha 546,Matosinhos,4450-022,41.186203,-8.677831,moeve matosinhos,moeve,rua alfredo cunha 546,"2,016 €",2026-05-15_dgeg_postos_raw.csv,9491018a45e1e45a
2026-05-15,2026-05-15 14:31:32,2026-05-15 15:05:00,45b2e213547ad80f,45b2e213547ad80f_gasoline_95,Moeve Matosinhos,MOEVE,gasoline_95,Gasolina simples 95,Outro,2.008,Matosinhos,Porto,Rua Alfredo Cunha 546,Matosinhos,4450-022,41.186203,-8.677831,moeve matosinhos,moeve,rua alfredo cunha 546,"2,008 €",2026-05-15_dgeg_postos_raw.csv,e237b6b4afad2f73
2026-05-15,2026-05-15 14:31:32,2026-05-15 15:10:00,6df3570a1bbd67fd,6df3570a1bbd67fd_diesel_regular,E.S. PONTE CHAMUSCA,REPSOL,diesel_regular,Gasóleo simples,Outro,2.029,Chamusca,Santarém,Ponte da Chamusca,Ponte da Chamusca,2140-000,39.37976,-8.45504,e.s. ponte chamusca,repsol,ponte da chamusca,"2,029 €",2026-05-15_dgeg_postos_raw.csv,ebc89803d417963a
2026-05-15,2026-05-15 14:31:32,2026-05-15 15:10:00,6df3570a1bbd67fd,6df3570a1bbd67fd_diesel_premium,E.S. PONTE CHAMUSCA,REPSOL,diesel_premium,Gasóleo especial,Outro,2.089,Chamusca,Santarém,Ponte da Chamusca,Ponte da Chamusca,2140-000,39.37976,-8.45504,e.s. ponte chamusca,repsol,ponte da chamusca,"2,089 €",2026-05-15_dgeg_postos_raw.csv,c4b60f511a9acc89
2026-05-15,2026-05-15 14:31:32,2026-05-15 15:10:00,6df3570a1bbd67fd,6df3570a1bbd67fd_gasoline_95,E.S. PONTE CHAMUSCA,REPSOL,gasoline_95,Gasolina simples 95,Outro,2.027,Chamusca,Santarém,Ponte da Chamusca,Ponte da Chamusca,2140-000,39.37976,-8.45504,e.s. ponte chamusca,repsol,ponte da chamusca,"2,027 €",2026-05-15_dgeg_postos_raw.csv,b5ca643a254990ed
2026-05-15,2026-05-15 14:31:32,2026-05-15 15:15:00,4c738e8b73435608,4c738e8b73435608_diesel_regular,COLARES,BP,diesel_regular,Gasóleo simples,Outro,2.072,Sintra,Lisboa,Av. Bombeiros Voluntários,Várzea de Colares,2705-353,38.803135,-9.449379,colares,bp,av. bombeiros voluntários,"2,072 €",2026-05-15_dgeg_postos_raw.csv,b554f00b66fa9a2a
2026-05-15,2026-05-15 14:31:32,2026-05-15 15:15:00,4c738e8b73435608,4c738e8b73435608_gasoline_95,COLARES,BP,gasoline_95,Gasolina simples 95,Outro,2.071,Sintra,Lisboa,Av. Bombeiros Voluntários,Várzea de Colares,2705-353,38.803135,-9.449379,colares,bp,av. bombeiros voluntários,"2,071 €",2026-05-15_dgeg_postos_raw.csv,b029db7e6d3c3fa5
2026-05-15,2026-05-15 14:31:32,2026-05-15 15:30:00,add7fb1544c1a588,add7fb1544c1a588_diesel_regular,E.S. BRAGANCA 2,REPSOL,diesel_regular,Gasóleo simples,Outro,2.039,Bragança,Bragança,Av. Sá Carneiro,Bragança,5300-000,41.79912,-6.77079,e.s. braganca 2,repsol,av. sá carneiro,"2,039 €",2026-05-15_dgeg_postos_raw.csv,239f7d2a323d35ea
2026-05-15,2026-05-15 14:31:32,2026-05-15 15:30:00,add7fb1544c1a588,add7fb1544c1a588_diesel_premium,E.S. BRAGANCA 2,REPSOL,diesel_premium,Gasóleo especial,Outro,2.109,Bragança,Bragança,Av. Sá Carneiro,Bragança,5300-000,41.79912,-6.77079,e.s. braganca 2,repsol,av. sá carneiro,"2,109 €",2026-05-15_dgeg_postos_raw.csv,baf88a725d5ab0f8
2026-05-15,2026-05-15 14:31:32,2026-05-15 15:30:00,add7fb1544c1a588,add7fb1544c1a588_gasoline_95,E.S. BRAGANCA 2,REPSOL,gasoline_95,Gasolina simples 95,Outro,2.037,Bragança,Bragança,Av. Sá Carneiro,Bragança,5300-000,41.79912,-6.77079,e.s. braganca 2,repsol,av. sá carneiro,"2,037 €",2026-05-15_dgeg_postos_raw.csv,998fb04efbb43358
